-11.089	-54.5	20080105
-12.007	-56.531	20080119
-9.455	-59.225	20080124
0.676	-59.602	20080129
0.683	-59.591	20080129
-12.075	-64.015	20080205
3.848	-59.642	20080214
2.6	-61.311	20080228
2.288	-61.313	20080303
2.733	-60.908	20080319
2.727	-60.932	20080319
2.725	-60.921	20080319
2.723	-60.909	20080319
2.238	-61.154	20080319
2.236	-61.143	20080319
2.053	-60.856	20080319
2.334	-61.097	20080323
4.119	-61.45	20080324
2.288	-60.238	20080328
2.294	-60.244	20080328
2.521	-61.494	20080404
2.51	-61.495	20080404
3.754	-61.027	20080406
3.756	-61.032	20080406
4.256	-60.941	20080409
-13.172	-56.957	20080422
-13.478	-56.87	20080507
-13.48	-56.882	20080508
-13.481	-56.872	20080508
-13.669	-56.243	20080510
-9.925	-59.917	20080515
-10.392	-57.713	20080522
-10.394	-57.701	20080522
-13.28	-55.525	20080526
-13.289	-55.526	20080526
-8.198	-45.858	20080604
-9.944	-54.93	20080604
-8.188	-45.857	20080605
-9.712	-63.324	20080607
-11.129	-46.492	20080608
-11.137	-46.499	20080608
-13.056	-56.979	20080609
-12.035	-56.05	20080611
-12.219	-56.232	20080611
-17.549	-54.856	20080611
-17.558	-54.857	20080611
-11.976	-51.806	20080613
-11.296	-55.795	20080614
-11.298	-55.773	20080614
-11.294	-55.799	20080614
-11.296	-55.778	20080614
-11.309	-55.781	20080614
-11.521	-57.406	20080614
-11.532	-57.407	20080614
-12.119	-57.986	20080614
-12.12	-57.991	20080614
-9.952	-55.878	20080615
-11.218	-54.236	20080615
-11.221	-54.218	20080615
-11.23	-54.238	20080615
-11.233	-54.22	20080615
-12.079	-55.042	20080615
-12.694	-55.129	20080615
-12.657	-55.428	20080615
-12.66	-55.408	20080615
-12.707	-55.131	20080615
-12.695	-55.134	20080615
-12.659	-55.413	20080615
-17.536	-54.829	20080615
-17.547	-54.831	20080615
-17.547	-54.837	20080615
-17.549	-54.822	20080615
-12.846	-56.515	20080616
-14.353	-53.82	20080616
-11.299	-55.792	20080618
-11.308	-55.793	20080618
-12.092	-55.019	20080618
-13.276	-56.556	20080618
-11.96	-52.851	20080619
-11.959	-52.859	20080619
-11.967	-52.82	20080619
-11.92	-51.814	20080620
-11.922	-51.805	20080620
-11.986	-56.032	20080620
-13.463	-53.986	20080620
-12.047	-55.057	20080622
-12.049	-55.042	20080622
-12.058	-55.059	20080622
-12.088	-55.018	20080622
-9.762	-49.486	20080624
-12.903	-57.238	20080625
-15.91	-55.089	20080627
-15.911	-55.079	20080627
-12.764	-55.516	20080628
-4.401	-47.384	20080629
-4.402	-47.373	20080629
-11.558	-50	20080629
-12.097	-55.037	20080629
-12.098	-55.025	20080629
-12.724	-54.893	20080629
-12.734	-54.895	20080629
-12.735	-54.883	20080629
-12.754	-55.022	20080629
-13.313	-53.941	20080629
-13.322	-53.943	20080629
-13.44	-53.968	20080629
-13.445	-53.965	20080629
-14.005	-56.735	20080629
-14.009	-56.727	20080629
-5.13	-46.818	20080701
-12.666	-55.428	20080701
-13.321	-54.51	20080701
-13.065	-53.223	20080702
-11.936	-56.413	20080702
-11.934	-56.419	20080702
-11.969	-52.008	20080702
-11.975	-52.014	20080702
-11.746	-56.682	20080702
-11.748	-56.671	20080702
-11.303	-55.811	20080702
-11.868	-56.215	20080703
-13.907	-54.395	20080704
-12.683	-54.991	20080704
-11.886	-57.116	20080704
-15.144	-56.301	20080704
-14.993	-57.21	20080704
-14.992	-57.22	20080704
-10.516	-58.804	20080706
-10.513	-58.821	20080706
-11.561	-51.992	20080706
-10.513	-58.797	20080706
-10.51	-58.815	20080706
-11.554	-51.972	20080706
-11.553	-51.982	20080706
-10.497	-58.813	20080706
-11.545	-51.971	20080706
-10.999	-55.276	20080706
-10.801	-52.724	20080706
-14.01	-56.727	20080706
-13.625	-57.208	20080706
-13.615	-57.206	20080706
-13.229	-54.904	20080706
-13.228	-54.913	20080706
-13.226	-54.923	20080706
-13.217	-54.921	20080706
-12.857	-55.337	20080706
-12.773	-55.534	20080706
-12.771	-55.545	20080706
-12.658	-55.427	20080706
-12.657	-55.437	20080706
-11.929	-56.407	20080706
-11.927	-56.419	20080706
-11.929	-56.412	20080706
-11.679	-56.442	20080706
-11.662	-56.152	20080706
-11.563	-55.356	20080706
-3.861	-50.434	20080708
-12.188	-54.377	20080708
-12.185	-54.39	20080708
-12.177	-54.375	20080708
-12.175	-54.388	20080708
-12.364	-52.371	20080708
-11.544	-51.948	20080708
-11.536	-51.951	20080708
-10.949	-46.434	20080708
-15.023	-56.217	20080708
-15.012	-56.215	20080708
-12.058	-57.238	20080709
-12.052	-57.243	20080709
-11.704	-55.082	20080709
-14.037	-56.963	20080709
-14.01	-56.718	20080709
-12.686	-55.217	20080710
-12.671	-55.215	20080710
-12.667	-55.24	20080710
-12.671	-55.207	20080710
-12.667	-55.233	20080710
-11.735	-56.65	20080710
-11.743	-56.646	20080710
-10.396	-53.51	20080710
-10.383	-53.508	20080710
-10.384	-53.523	20080710
-10.751	-46.459	20080710
-14.93	-57.088	20080710
-14.924	-57.121	20080710
-14.049	-56.95	20080710
-14.039	-56.943	20080710
-14.033	-56.975	20080710
-14.017	-56.972	20080710
-12.829	-57.164	20080710
-12.938	-57.238	20080711
-12.937	-57.247	20080711
-13.233	-54.923	20080711
-13.17	-55.01	20080711
-13.171	-55.004	20080711
-12.775	-57.096	20080711
-12.774	-57.106	20080711
-12.766	-57.095	20080711
-12.765	-57.104	20080711
-12.763	-57.114	20080711
-12.72	-57.222	20080711
-12.718	-57.231	20080711
-12.707	-55.125	20080711
-11.758	-56.678	20080711
-11.756	-56.688	20080711
-11.75	-56.668	20080711
-11.748	-56.677	20080711
-11.747	-56.687	20080711
-11.984	-54.435	20080711
-11.861	-54.819	20080711
-11.715	-55.078	20080711
-14.026	-56.958	20080711
-14.025	-56.968	20080711
-14.014	-56.722	20080711
-14.013	-56.731	20080711
-14.011	-56.741	20080711
-8.728	-46.907	20080712
-12.641	-52.035	20080712
-12.638	-52.029	20080712
-13.845	-58.413	20080712
-13.862	-58.411	20080712
-3.858	-54.221	20080713
-10.037	-57.157	20080713
-9.784	-49.445	20080713
-13.623	-57.205	20080713
-13.622	-57.215	20080713
-13.422	-56.468	20080713
-13.414	-56.456	20080713
-13.413	-56.466	20080713
-13.441	-53.975	20080713
-13.44	-53.985	20080713
-12.944	-57.231	20080713
-12.943	-57.241	20080713
-13.27	-55.03	20080713
-13.233	-54.906	20080713
-13.232	-54.915	20080713
-13.308	-53.939	20080713
-13.307	-53.949	20080713
-13.299	-53.942	20080713
-12.582	-56.303	20080713
-12.732	-55.118	20080713
-12.73	-55.127	20080713
-12.723	-55.116	20080713
-12.721	-55.125	20080713
-12.714	-55.115	20080713
-12.712	-55.124	20080713
-12.374	-54.675	20080713
-12.373	-54.684	20080713
-12.272	-54.675	20080713
-11.718	-56.637	20080713
-11.894	-55.243	20080713
-11.853	-55.209	20080713
-11.488	-56.522	20080713
-11.692	-54.738	20080713
-11.652	-54.574	20080713
-11.651	-54.583	20080713
-11.65	-54.592	20080713
-11.642	-54.584	20080713
-11.743	-52.472	20080713
-11.742	-52.482	20080713
-11.734	-52.47	20080713
-11.732	-52.481	20080713
-11.731	-52.491	20080713
-17.223	-55.997	20080713
-6.937	-44.588	20080714
-12.193	-56.759	20080714
-1.972	-48.516	20080715
-8.618	-47.2	20080715
-11.653	-50.418	20080715
-14.947	-57.219	20080715
-14.944	-57.234	20080715
-14.945	-57.228	20080715
-13.635	-57.207	20080715
-13.44	-55.757	20080715
-12.95	-56.963	20080715
-12.949	-56.973	20080715
-13.222	-54.952	20080715
-12.52	-56.439	20080715
-12.302	-57.252	20080715
-12.291	-55.458	20080715
-12.289	-55.47	20080715
-12.28	-55.456	20080715
-12.278	-55.469	20080715
-12.284	-55.451	20080715
-12.282	-55.463	20080715
-12.28	-55.476	20080715
-12.368	-52.38	20080715
-12.36	-52.369	20080715
-12.359	-52.378	20080715
-11.65	-54.596	20080715
-2.21	-53.586	20080716
-2.201	-53.58	20080716
-7.378	-56.662	20080716
-7.368	-56.646	20080716
-11.712	-54.741	20080716
-8.739	-64.29	20080716
-8.729	-64.289	20080716
-12.445	-57.154	20080716
-7.612	-47.169	20080717
-14.945	-57.217	20080717
-14.941	-57.242	20080717
-7.372	-56.621	20080718
-7.371	-56.63	20080718
-10.068	-55.429	20080718
-10.062	-55.422	20080718
-10.06	-55.434	20080718
-12.121	-51.512	20080719
-12.12	-51.505	20080719
-12.117	-51.523	20080719
-3.982	-47.682	20080720
-3.975	-47.674	20080720
-4.287	-47.183	20080721
-10.627	-56.257	20080722
-10.608	-56.259	20080722
-6.878	-59.722	20080722
-12.005	-56.087	20080722
-12.003	-56.098	20080722
-11.993	-56.096	20080722
-14.894	-57.299	20080722
-8.037	-61.457	20080723
-8.035	-61.467	20080723
-12.382	-56.07	20080724
-11.995	-56.105	20080724
-15.86	-55.106	20080724
-15.849	-55.104	20080724
-15.165	-57.181	20080724
-15.161	-57.2	20080724
-15.163	-57.193	20080724
-7.3	-59.574	20080725
-7.298	-59.583	20080725
-14.294	-59.23	20080725
-7.412	-54.996	20080727
-7.43	-54.999	20080727
-7.404	-54.985	20080727
-9.734	-57.999	20080727
-12.71	-57.861	20080727
-6.812	-52.412	20080728
-5.986	-52.397	20080729
-10.034	-55.468	20080729
-8.794	-54.96	20080729
-8.793	-54.969	20080729
-8.786	-54.95	20080729
-8.785	-54.959	20080729
-8.784	-54.968	20080729
-7.032	-55.811	20080729
-7.023	-55.81	20080729
-6.539	-55.008	20080729
-10.626	-56.317	20080729
-10.394	-53.532	20080729
-17.575	-54.821	20080729
-17.573	-54.831	20080729
-15.96	-55.127	20080729
-15.958	-55.137	20080729
-14.287	-54.668	20080729
-1.963	-48.504	20080730
-1.978	-48.498	20080730
-9.2	-47.625	20080730
-9.021	-62.076	20080730
-9.02	-62.071	20080730
-6.844	-56.782	20080730
-1.958	-48.511	20080731
-1.967	-48.512	20080731
-2.262	-48.886	20080731
-5.597	-51.99	20080731
-6.262	-52.664	20080731
-6.266	-52.661	20080731
-6.442	-52.437	20080731
-7.972	-48.276	20080731
-7.024	-55.818	20080731
-7.298	-55.171	20080731
-10.388	-53.544	20080731
-10.39	-53.534	20080731
-12.143	-49.77	20080731
-12.068	-51.522	20080731
-12.069	-51.513	20080731
-7.391	-56.743	20080801
-7.033	-55.817	20080801
-7.026	-55.829	20080801
-6.86	-56.696	20080801
-9.185	-62.336	20080801
-9.184	-62.346	20080801
-9.359	-59.138	20080801
-14.917	-57.262	20080801
-4.753	-50.834	20080802
-4.751	-50.846	20080802
-4.757	-50.84	20080802
-4.747	-50.839	20080802
-4.462	-47.809	20080802
-2.59	-48.733	20080802
-2.584	-48.737	20080802
-5.67	-45.92	20080802
-5.661	-45.919	20080802
-14.922	-57.243	20080802
-14.921	-57.235	20080802
-12.016	-56.535	20080802
-12.012	-56.529	20080802
-7.546	-61.497	20080803
-7.536	-61.495	20080803
-6.751	-60.132	20080803
-7.035	-55.83	20080803
-6.636	-55.044	20080803
-6.47	-55.276	20080803
-6.668	-53.803	20080803
-6.667	-53.816	20080803
-9.918	-59.899	20080803
-14.99	-53.544	20080803
-12.709	-57.864	20080803
-12.775	-57.11	20080803
-12.333	-57.347	20080803
-4.742	-47.327	20080804
-3.599	-48.939	20080804
-6.182	-49.895	20080804
-7.512	-55.48	20080805
-7.037	-55.828	20080805
-6.965	-52.406	20080805
-6.573	-54.974	20080805
-6.539	-54.895	20080805
-6.538	-54.904	20080805
-6.536	-54.913	20080805
-6.53	-54.894	20080805
-6.529	-54.903	20080805
-6.528	-54.912	20080805
-6.475	-55.271	20080805
-6.52	-54.904	20080805
-6.518	-54.913	20080805
-6.517	-54.922	20080805
-6.467	-55.263	20080805
-6.395	-55.316	20080805
-6.387	-55.306	20080805
-6.386	-55.315	20080805
-6.515	-53.217	20080805
-11.179	-57.075	20080805
-11.177	-57.084	20080805
-11.492	-54.886	20080805
-7.93	-61.523	20080806
-9.954	-63.266	20080806
-9.958	-63.259	20080806
-5.875	-51.523	20080807
-5.874	-51.532	20080807
-5.866	-51.522	20080807
-5.865	-51.531	20080807
-8.567	-54.891	20080807
-8.826	-47.649	20080807
-7.666	-55.156	20080807
-7.664	-55.167	20080807
-12.382	-57.499	20080807
-11.323	-56.319	20080807
-11.321	-56.331	20080807
-11.313	-56.318	20080807
-11.311	-56.329	20080807
-12.38	-57.497	20080808
-11.315	-56.344	20080808
-11.301	-56.343	20080808
-4.004	-47.925	20080809
-3.731	-49.021	20080809
-1.965	-48.505	20080809
-6.761	-55.107	20080809
-6.758	-55.126	20080809
-6.69	-55.551	20080809
-6.748	-55.105	20080809
-6.745	-55.124	20080809
-6.487	-52.394	20080809
-9.808	-55.137	20080809
-9.813	-55.132	20080809
-8.648	-54.644	20080809
-8.637	-54.642	20080809
-12.705	-57.851	20080809
-12.055	-56.905	20080809
-12.052	-56.925	20080809
-12.042	-56.902	20080809
-12.039	-56.923	20080809
-11.733	-50.522	20080809
-15.89	-55.166	20080809
-15.883	-55.172	20080809
-7.322	-56.192	20080810
-7.313	-56.177	20080810
-7.312	-56.19	20080810
-9.997	-59.959	20080810
-9.995	-59.968	20080810
-9.932	-59.897	20080810
-9.374	-62.586	20080810
-7.311	-59.817	20080810
-7.31	-59.826	20080810
-13.458	-55.773	20080810
-13.452	-55.767	20080810
-12.05	-56.906	20080810
-12.048	-56.919	20080810
-12.046	-56.899	20080810
-12.044	-56.913	20080810
-6.455	-51.914	20080811
-6.14	-47.302	20080811
-6.131	-47.301	20080811
-12.422	-46.486	20080811
-11.97	-46.369	20080811
-11.848	-51.726	20080812
-11.848	-51.719	20080812
-10.554	-55.749	20080812
-7.938	-61.243	20080812
-7.927	-61.242	20080812
-7.891	-61.243	20080812
-8.632	-55.145	20080812
-14.436	-56.41	20080812
-13.531	-57.038	20080812
-12.379	-57.5	20080812
-12.151	-56.917	20080812
-15.743	-58.1	20080812
-15.741	-58.109	20080812
-16.142	-54.478	20080812
-15.875	-55.394	20080812
-8.968	-51.647	20080813
-8.967	-51.642	20080813
-7.139	-47.089	20080813
-7.135	-47.083	20080813
-7.133	-47.096	20080813
-6.793	-44.584	20080813
-11.163	-46.637	20080813
-9.666	-48.65	20080814
-8.701	-55.309	20080814
-8.692	-55.307	20080814
-8.942	-51.688	20080814
-8.303	-55.208	20080814
-9.082	-46.455	20080814
-7.843	-55.502	20080814
-7.837	-55.482	20080814
-7.834	-55.501	20080814
-7.833	-55.51	20080814
-7.826	-55.503	20080814
-7.79	-55.488	20080814
-7.716	-55.065	20080814
-7.651	-55.49	20080814
-7.648	-55.464	20080814
-7.646	-55.474	20080814
-7.637	-55.472	20080814
-7.666	-54.966	20080814
-7.477	-55.251	20080814
-6.795	-55.125	20080814
-7	-52.242	20080814
-6.992	-52.299	20080814
-6.477	-55.583	20080814
-6.764	-52.598	20080814
-6.763	-52.607	20080814
-6.671	-52.224	20080814
-6.609	-52.588	20080814
-6.575	-52.378	20080814
-6.265	-52.3	20080814
-6.215	-52.187	20080814
-6.204	-52.205	20080814
-11.715	-58.821	20080814
-11.713	-58.834	20080814
-11.704	-58.819	20080814
-11.702	-58.832	20080814
-11.693	-58.817	20080814
-10.556	-55.778	20080814
-10.175	-57.879	20080814
-9.224	-61.437	20080814
-9.082	-56.958	20080814
-15.269	-56.231	20080814
-7.902	-61.244	20080815
-7.811	-61.689	20080815
-7.809	-61.7	20080815
-7.802	-61.676	20080815
-7.801	-61.688	20080815
-7.799	-61.699	20080815
-7.792	-61.675	20080815
-7.791	-61.686	20080815
-7.789	-61.697	20080815
-7.787	-61.709	20080815
-7.781	-61.685	20080815
-7.779	-61.696	20080815
-7.777	-61.707	20080815
-10.408	-63.108	20080815
-9.925	-63.616	20080815
-9.527	-62.911	20080815
-9.525	-62.922	20080815
-9.257	-62.211	20080815
-9.231	-61.431	20080815
-9.224	-61.424	20080815
-2.408	-48.154	20080816
-2.326	-48.458	20080816
-6.574	-52.423	20080816
-6.504	-52.397	20080816
-6.502	-52.407	20080816
-6.501	-52.417	20080816
-6.499	-52.427	20080816
-6.492	-52.415	20080816
-6.425	-52.537	20080816
-6.419	-52.042	20080816
-7.155	-45.925	20080816
-6.232	-52.248	20080816
-6.23	-52.257	20080816
-6.204	-52.303	20080816
-5.878	-52.28	20080816
-5.471	-50.058	20080816
-3.874	-48.954	20080816
-8.28	-55.156	20080816
-7.522	-55.227	20080816
-6.724	-55.545	20080816
-6.885	-52.801	20080816
-6.686	-52.347	20080816
-6.677	-52.158	20080816
-12.975	-49.548	20080816
-11.434	-58.963	20080816
-11.443	-58.958	20080816
-10.76	-54.678	20080816
-16.021	-54.899	20080816
-16.011	-54.897	20080816
-15.268	-56.253	20080816
-14.659	-56.235	20080816
-14.648	-56.233	20080816
-6.271	-57.893	20080817
-5.926	-59.947	20080817
-5.918	-59.936	20080817
-5.917	-59.945	20080817
-9.32	-62.411	20080817
-9.318	-62.42	20080817
-9.309	-62.419	20080817
-9.174	-62.091	20080817
-9.043	-61.48	20080817
-9.022	-61.625	20080817
-9.021	-61.634	20080817
-9.036	-61.47	20080817
-9.013	-61.624	20080817
-8.679	-61.393	20080817
-8.677	-61.402	20080817
-8.668	-61.401	20080817
-8.667	-61.41	20080817
-8.659	-61.4	20080817
-8.658	-61.409	20080817
-8.077	-63.64	20080817
-8	-61.436	20080817
-7.993	-61.417	20080817
-7.992	-61.426	20080817
-7.813	-61.7	20080817
-6.772	-55.143	20080817
-6.77	-55.162	20080817
-12.4	-63.976	20080817
-12.399	-63.986	20080817
-12.797	-57.157	20080817
-12.147	-56.854	20080817
-12.143	-56.848	20080817
-12.123	-56.609	20080817
-12.121	-56.627	20080817
-11.027	-62.822	20080817
-9.525	-64.497	20080817
-9.522	-62.909	20080817
-16.018	-55.128	20080817
-16.017	-55.123	20080817
-14.911	-57.127	20080817
-14.908	-57.146	20080817
-3.048	-47.868	20080818
-6.835	-52.173	20080818
-6.824	-52.172	20080818
-6.813	-52.17	20080818
-6.81	-52.185	20080818
-6.812	-52.164	20080818
-6.81	-52.179	20080818
-6.792	-51.79	20080818
-6.982	-49.864	20080818
-6.554	-51.692	20080818
-6.552	-51.706	20080818
-6.543	-51.69	20080818
-6.541	-51.704	20080818
-11.232	-46.785	20080818
-11.231	-46.795	20080818
-8.945	-51.775	20080818
-8.815	-51.639	20080818
-7.368	-55.643	20080818
-12.274	-56.564	20080818
-12.269	-56.59	20080818
-12.07	-51.636	20080818
-11.962	-51.787	20080818
-15.681	-55.384	20080818
-15.677	-55.378	20080818
-15.299	-54.789	20080818
-15.294	-54.781	20080818
-14.442	-58.113	20080818
-14.427	-58.11	20080818
-14.445	-58.109	20080818
-14.43	-58.106	20080818
-8.282	-61.79	20080818
-8.283	-61.786	20080818
-2.605	-51.875	20080819
-2.614	-51.869	20080819
-2.611	-51.886	20080819
-7.05	-56.423	20080819
-7.049	-56.433	20080819
-6.511	-52.44	20080819
-6.509	-52.458	20080819
-5.632	-50.252	20080819
-10.285	-57.658	20080819
-10.284	-57.667	20080819
-9.954	-58.363	20080819
-9.953	-58.372	20080819
-9.224	-61.55	20080819
-9.222	-61.561	20080819
-9.137	-61.177	20080819
-9.135	-61.188	20080819
-9.125	-61.186	20080819
-9.124	-61.197	20080819
-9.121	-61.217	20080819
-7.341	-59.885	20080819
-7.599	-55.493	20080819
-12.502	-60.493	20080819
-11.443	-58.945	20080819
-11.433	-58.947	20080819
-10.489	-63.358	20080819
-10.487	-63.371	20080819
-10.476	-63.369	20080819
-10.486	-63.364	20080819
-11.968	-51.796	20080819
-10.693	-59.471	20080819
-16.015	-55.044	20080819
-4.373	-47.083	20080820
-4.371	-47.095	20080820
-7.802	-49.504	20080820
-7.799	-49.519	20080820
-7.79	-49.502	20080820
-7.902	-47.816	20080820
-7.448	-49.923	20080820
-7.437	-49.922	20080820
-7.07	-52.172	20080820
-6.524	-51.669	20080820
-11.599	-50.287	20080820
-11.597	-50.302	20080820
-11.586	-50.3	20080820
-11.583	-50.315	20080820
-11.45	-50.411	20080820
-11.454	-50.405	20080820
-11.44	-50.418	20080820
-10.805	-50.782	20080820
-8.712	-49.211	20080820
-8.71	-49.225	20080820
-8.709	-49.218	20080820
-8.707	-49.232	20080820
-14.989	-57.226	20080820
-14.981	-57.269	20080820
-14.993	-57.219	20080820
-14.984	-57.262	20080820
-14.966	-57.258	20080820
-9.215	-61.556	20080820
-4.238	-50.981	20080821
-8.282	-55.234	20080821
-8.27	-55.195	20080821
-8.265	-55.167	20080821
-8.261	-55.194	20080821
-8.259	-55.203	20080821
-8.25	-55.202	20080821
-8.227	-55.045	20080821
-8.219	-55.034	20080821
-8.218	-55.043	20080821
-8.216	-55.052	20080821
-8.205	-54.94	20080821
-7.637	-55.801	20080821
-7.671	-55.512	20080821
-7.491	-55.354	20080821
-7.49	-55.363	20080821
-7.254	-56.577	20080821
-7.339	-55.136	20080821
-7.288	-55.239	20080821
-7.272	-55.148	20080821
-7.271	-55.157	20080821
-7.262	-55.156	20080821
-7.261	-55.165	20080821
-7.255	-55.146	20080821
-7.232	-55.234	20080821
-7.225	-55.224	20080821
-7.223	-55.233	20080821
-7.219	-55.26	20080821
-7.217	-55.213	20080821
-7.216	-55.222	20080821
-7.214	-55.231	20080821
-7.204	-55.239	20080821
-7.038	-55.805	20080821
-7.096	-55.29	20080821
-7.007	-55.758	20080821
-6.47	-58.386	20080821
-6.46	-58.385	20080821
-7.104	-52.734	20080821
-6.759	-55.079	20080821
-6.715	-55.305	20080821
-6.698	-55.357	20080821
-6.697	-55.366	20080821
-6.698	-55.293	20080821
-6.646	-55.276	20080821
-6.605	-54.934	20080821
-6.604	-54.943	20080821
-6.602	-54.952	20080821
-7.447	-48.692	20080821
-6.596	-54.933	20080821
-6.595	-54.942	20080821
-6.593	-54.951	20080821
-6.542	-54.919	20080821
-6.541	-54.928	20080821
-6.481	-55.267	20080821
-6.822	-52.848	20080821
-6.337	-55.875	20080821
-6.847	-51.862	20080821
-6.787	-52.299	20080821
-6.785	-52.31	20080821
-6.736	-52.669	20080821
-6.848	-51.868	20080821
-6.785	-52.304	20080821
-6.347	-55.3	20080821
-6.49	-52.452	20080821
-6.488	-52.463	20080821
-6.49	-52.445	20080821
-6.488	-52.456	20080821
-6.486	-52.467	20080821
-6.48	-52.444	20080821
-6.478	-52.455	20080821
-6.477	-52.465	20080821
-6.471	-52.432	20080821
-6.47	-52.442	20080821
-6.468	-52.453	20080821
-6.424	-52.557	20080821
-6.536	-51.684	20080821
-6.414	-52.555	20080821
-6.527	-51.67	20080821
-6.526	-51.683	20080821
-6.447	-51.955	20080821
-6.489	-51.51	20080821
-6.21	-53.341	20080821
-6.22	-53.202	20080821
-6.202	-52.243	20080821
-6.132	-52.237	20080821
-5.774	-53.571	20080821
-11.493	-55.751	20080821
-11.484	-55.749	20080821
-11.469	-55.728	20080821
-11.985	-51.785	20080821
-11.985	-51.779	20080821
-11.983	-51.794	20080821
-10.459	-58.083	20080821
-10.445	-58.112	20080821
-10.435	-58.083	20080821
-10.434	-58.093	20080821
-10.432	-58.103	20080821
-10.431	-58.113	20080821
-10.253	-57.697	20080821
-9.976	-58.354	20080821
-9.971	-58.386	20080821
-9.962	-58.384	20080821
-10.006	-57.873	20080821
-9.904	-58.544	20080821
-9.902	-58.555	20080821
-9.56	-59.108	20080821
-9.625	-57.769	20080821
-9.011	-61.492	20080821
-10.405	-51.975	20080821
-10.404	-51.988	20080821
-10.402	-51.968	20080821
-10.401	-51.981	20080821
-9.559	-55.126	20080821
-9.558	-55.135	20080821
-8.726	-55.284	20080821
-8.698	-55.344	20080821
-8.66	-55.231	20080821
-14.682	-57.22	20080821
-14.681	-57.23	20080821
-14.849	-55.504	20080821
-14.847	-55.513	20080821
-12.498	-60.519	20080821
-12.471	-56.858	20080821
-12.47	-56.867	20080821
-12.469	-56.876	20080821
-12.467	-56.885	20080821
-12.461	-56.866	20080821
-12.46	-56.875	20080821
-12.458	-56.884	20080821
-11.816	-60.519	20080821
-12.483	-55.069	20080821
-12.482	-55.078	20080821
-12.474	-55.067	20080821
-12.472	-55.077	20080821
-12.196	-56.723	20080821
-12.195	-56.732	20080821
-12.013	-55.911	20080821
-12.011	-55.92	20080821
-15.72	-59.283	20080821
-15.33	-59.298	20080821
-15.328	-59.309	20080821
-15.324	-59.303	20080821
-15.322	-59.313	20080821
-15.92	-54.994	20080821
-15.918	-55.005	20080821
-12.139	-51.52	20080822
-6.367	-60.01	20080822
-6.355	-60.009	20080822
-6.366	-60.003	20080822
-6.364	-60.021	20080822
-5.896	-59.934	20080822
-5.893	-59.928	20080822
-11.35	-60.688	20080822
-10.899	-63.638	20080822
-10.897	-63.65	20080822
-10.899	-63.644	20080822
-10.889	-63.643	20080822
-10.357	-64.812	20080822
-10.068	-63.387	20080822
-9.986	-63.309	20080822
-9.954	-63.035	20080822
-9.952	-63.048	20080822
-9.73	-64.142	20080822
-9.726	-64.146	20080822
-9.264	-64.261	20080822
-9.262	-64.271	20080822
-9.261	-64.281	20080822
-9.256	-64.249	20080822
-9.254	-64.259	20080822
-9.253	-64.27	20080822
-9.251	-64.28	20080822
-9.252	-64.252	20080822
-9.251	-64.263	20080822
-9.249	-64.273	20080822
-9.248	-64.284	20080822
-9.368	-62.384	20080822
-9.366	-62.397	20080822
-9.332	-62.649	20080822
-9.301	-62.552	20080822
-9.299	-62.545	20080822
-8.82	-61.423	20080822
-8.821	-61.433	20080822
-8.386	-61.857	20080822
-8.384	-61.866	20080822
-8.062	-61.537	20080822
-8.06	-61.552	20080822
-8.061	-61.547	20080822
-8.05	-61.545	20080822
-8.048	-61.56	20080822
-12.071	-64.007	20080822
-5.971	-51.327	20080823
-8.864	-54.895	20080823
-8.77	-54.916	20080823
-8.768	-54.926	20080823
-8.923	-51.845	20080823
-8.909	-51.815	20080823
-8.899	-51.704	20080823
-8.19	-55.026	20080823
-7.664	-55.514	20080823
-6.78	-55.141	20080823
-6.779	-55.152	20080823
-6.77	-55.14	20080823
-6.767	-55.094	20080823
-6.766	-55.105	20080823
-6.757	-55.092	20080823
-6.756	-55.103	20080823
-6.693	-55.504	20080823
-6.694	-55.307	20080823
-6.613	-54.967	20080823
-6.611	-54.978	20080823
-6.603	-54.966	20080823
-6.601	-54.977	20080823
-6.599	-54.988	20080823
-6.583	-55.031	20080823
-6.207	-55.809	20080823
-6.699	-52.512	20080823
-6.462	-51.811	20080823
-6.46	-51.82	20080823
-6.459	-51.829	20080823
-6.031	-51.728	20080823
-12.013	-55.916	20080823
-12.004	-55.914	20080823
-12.002	-55.925	20080823
-11.478	-55.738	20080823
-11.477	-55.748	20080823
-11.469	-55.736	20080823
-11.467	-55.747	20080823
-11.978	-51.78	20080823
-12.1	-50.388	20080823
-12.09	-50.387	20080823
-11.845	-51.689	20080823
-11.843	-51.699	20080823
-11.767	-51.972	20080823
-11.765	-51.982	20080823
-11.758	-51.971	20080823
-11.756	-51.98	20080823
-11.752	-52.009	20080823
-11.742	-52.017	20080823
-11.735	-51.997	20080823
-11.734	-52.006	20080823
-11.733	-52.016	20080823
-11.731	-52.025	20080823
-11.726	-51.995	20080823
-11.725	-52.005	20080823
-11.714	-52.013	20080823
-11.713	-52.022	20080823
-11.712	-52.032	20080823
-11.71	-52.041	20080823
-11.707	-52.006	20080823
-11.705	-52.016	20080823
-11.704	-52.025	20080823
-11.703	-52.035	20080823
-11.696	-52.014	20080823
-11.695	-52.024	20080823
-11.562	-49.998	20080823
-11.124	-50.592	20080823
-11.128	-50.494	20080823
-11.116	-50.503	20080823
-9.721	-55.058	20080823
-9.569	-55.106	20080823
-9.549	-55.168	20080823
-9.548	-55.178	20080823
-9.546	-55.189	20080823
-9.545	-55.199	20080823
-14.75	-60.175	20080823
-15.234	-56.013	20080823
-14.61	-56.159	20080823
-14.505	-53.827	20080823
-12.939	-57.629	20080823
-17.186	-56.255	20080823
-8.08	-61.567	20080824
-8.079	-61.577	20080824
-8.071	-61.566	20080824
-8.07	-61.576	20080824
-8.068	-61.585	20080824
-8.047	-61.533	20080824
-8.078	-61.112	20080824
-8.077	-61.122	20080824
-8.067	-61.121	20080824
-7.953	-61.414	20080824
-7.951	-61.424	20080824
-7.943	-61.413	20080824
-7.942	-61.422	20080824
-7.794	-61.439	20080824
-7.792	-61.449	20080824
-7.783	-61.448	20080824
-6.958	-59.85	20080824
-6.824	-59.796	20080824
-6.822	-59.807	20080824
-6.519	-60.068	20080824
-6.518	-60.079	20080824
-12.725	-57.112	20080824
-12.718	-57.104	20080824
-12.715	-57.127	20080824
-10.882	-62.421	20080824
-10.575	-63.581	20080824
-9.563	-64.561	20080824
-9.143	-67.108	20080824
-9.131	-67.119	20080824
-10.399	-58.147	20080824
-10.397	-58.164	20080824
-10.387	-58.145	20080824
-10.385	-58.162	20080824
-10.373	-58.161	20080824
-10.393	-58.157	20080824
-10.383	-58.138	20080824
-10.381	-58.155	20080824
-9.545	-64.073	20080824
-10.369	-58.154	20080824
-9.284	-65.492	20080824
-9.406	-64.317	20080824
-9.287	-64.501	20080824
-9.928	-59.904	20080824
-9.48	-62.502	20080824
-10.018	-58.362	20080824
-9.236	-63.796	20080824
-9.228	-63.788	20080824
-9.226	-63.797	20080824
-9.384	-62.406	20080824
-9.231	-62.447	20080824
-9.224	-62.37	20080824
-9.287	-61.487	20080824
-9.543	-59.439	20080824
-9.142	-61.861	20080824
-8.995	-62.04	20080824
-8.986	-62.039	20080824
-8.739	-63.172	20080824
-8.738	-63.181	20080824
-8.73	-63.17	20080824
-8.729	-63.179	20080824
-8.639	-63.096	20080824
-8.631	-63.086	20080824
-8.63	-63.095	20080824
-8.518	-63.422	20080824
-8.517	-63.431	20080824
-8.509	-63.42	20080824
-8.508	-63.429	20080824
-6.467	-49.689	20080825
-4.203	-50.781	20080825
-3.998	-47.762	20080825
-9.061	-51.67	20080825
-8.389	-51.978	20080825
-6.887	-52.566	20080825
-6.787	-52.556	20080825
-6.779	-52.543	20080825
-11.685	-47.726	20080825
-15.941	-53.276	20080825
-15.94	-53.286	20080825
-15.129	-57.201	20080825
-13.689	-58.32	20080825
-13.685	-58.345	20080825
-13.68	-58.339	20080825
-9.138	-67.096	20080825
-9.124	-67.094	20080825
-9.132	-67.088	20080825
-9.129	-67.111	20080825
-9.848	-58.591	20080826
-9.227	-62.368	20080826
-9.044	-61.696	20080826
-9.752	-55.067	20080826
-9.75	-55.084	20080826
-8.077	-61.57	20080826
-7.466	-64.407	20080826
-7.822	-61.435	20080826
-7.814	-61.424	20080826
-7.812	-61.434	20080826
-13.039	-60.196	20080826
-13.385	-56.933	20080826
-11.124	-60.712	20080826
-11.193	-58.823	20080826
-11.136	-59.159	20080826
-10.446	-63.697	20080826
-10.743	-58.83	20080826
-9.609	-66.161	20080826
-9.735	-63.988	20080826
-10.362	-59.235	20080826
-10.092	-59.265	20080826
-10.086	-57.993	20080826
-10.084	-58.004	20080826
-10.072	-57.93	20080826
-16.103	-57.3	20080826
-14.954	-54.062	20080826
-14.949	-54.056	20080826
-6.888	-52.607	20080827
-6.505	-49.711	20080827
-6.503	-49.725	20080827
-6.508	-49.719	20080827
-6.137	-47.334	20080827
-10.92	-51.384	20080827
-10.918	-51.399	20080827
-10.723	-50.545	20080827
-10.712	-50.543	20080827
-9.548	-50.889	20080827
-8.379	-51.929	20080827
-12.63	-48.76	20080827
-12.628	-48.769	20080827
-1.852	-54.517	20080828
-6.903	-52.56	20080828
-6.894	-52.628	20080828
-6.901	-52.554	20080828
-6.891	-52.622	20080828
-6.657	-49.491	20080828
-9.987	-59.853	20080828
-9.985	-59.847	20080828
-9.983	-59.857	20080828
-9.918	-59.9	20080828
-9.916	-59.911	20080828
-10.169	-57.882	20080828
-10.158	-57.955	20080828
-10.153	-57.87	20080828
-10.151	-57.879	20080828
-10.142	-57.878	20080828
-10.141	-57.887	20080828
-10.14	-57.896	20080828
-10.115	-57.939	20080828
-10.113	-57.948	20080828
-10.106	-57.937	20080828
-10.104	-57.946	20080828
-10.001	-58.336	20080828
-9.999	-58.345	20080828
-9.993	-58.325	20080828
-9.992	-58.335	20080828
-9.99	-58.344	20080828
-9.983	-58.333	20080828
-9.957	-58.32	20080828
-9.159	-62.568	20080828
-10.077	-55.423	20080828
-9.597	-57.954	20080828
-9.311	-59.774	20080828
-9.225	-60.327	20080828
-9.224	-60.339	20080828
-9.574	-57.923	20080828
-8.708	-61.414	20080828
-8.698	-61.412	20080828
-9.127	-57.578	20080828
-9.118	-51.699	20080828
-9.115	-51.692	20080828
-9.112	-51.709	20080828
-7.316	-60.241	20080828
-7.106	-59.481	20080828
-14.213	-57.096	20080828
-13.651	-54.948	20080828
-13.649	-54.959	20080828
-12.57	-62.129	20080828
-12.578	-62.123	20080828
-13.083	-54.789	20080828
-12.131	-58.005	20080828
-12.13	-58.014	20080828
-11.133	-60.702	20080828
-11.136	-59.172	20080828
-12.029	-51.755	20080828
-12.029	-51.748	20080828
-16.559	-57.788	20080828
-16.558	-57.797	20080828
-16.553	-57.78	20080828
-16.551	-57.79	20080828
-16.533	-57.519	20080828
-15.759	-59.973	20080828
-15.757	-59.983	20080828
-15.668	-56.889	20080828
-15.658	-56.888	20080828
-14.876	-59.173	20080828
-6.488	-49.684	20080829
-10.902	-51.284	20080829
-10.91	-51.281	20080829
-13.089	-54.758	20080829
-13.081	-54.798	20080829
-13.099	-54.793	20080829
-13.089	-54.75	20080829
-13.082	-54.79	20080829
-9.342	-65.585	20080829
-9.34	-65.596	20080829
-8.996	-66.93	20080829
-8.995	-66.94	20080829
-8.993	-66.949	20080829
-8.987	-66.929	20080829
-8.986	-66.938	20080829
-8.984	-66.948	20080829
-9.038	-61.435	20080829
-9.042	-61.428	20080829
-9.029	-61.427	20080829
-8.418	-61.716	20080829
-8.415	-61.735	20080829
-7.997	-54.763	20080830
-8.372	-51.874	20080830
-7.336	-54.99	20080830
-7.113	-55.557	20080830
-6.881	-52.519	20080830
-6.628	-52.81	20080830
-6.617	-52.175	20080830
-6.515	-52.25	20080830
-6.377	-52.886	20080830
-6.375	-52.895	20080830
-6.368	-52.885	20080830
-6.366	-52.894	20080830
-6.357	-52.892	20080830
-6.431	-51.884	20080830
-6.421	-51.883	20080830
-6.305	-52.047	20080830
-6.145	-52.582	20080830
-6.514	-49.691	20080830
-5.337	-50.742	20080830
-11.746	-55.865	20080830
-11.659	-56.439	20080830
-11.657	-56.448	20080830
-11.737	-55.863	20080830
-11.736	-55.873	20080830
-11.65	-56.437	20080830
-11.648	-56.447	20080830
-11.728	-55.862	20080830
-11.627	-56.464	20080830
-12.134	-52.492	20080830
-11.48	-56.529	20080830
-11.478	-56.539	20080830
-12.067	-51.72	20080830
-12.065	-51.732	20080830
-12.058	-51.707	20080830
-12.057	-51.719	20080830
-12.055	-51.73	20080830
-12.048	-51.706	20080830
-12.047	-51.717	20080830
-11.261	-56.322	20080830
-11.853	-50.502	20080830
-11.852	-50.516	20080830
-11.843	-50.501	20080830
-11.841	-50.515	20080830
-10.172	-57.891	20080830
-10.148	-57.929	20080830
-10.146	-57.941	20080830
-11.044	-50.558	20080830
-11.043	-50.571	20080830
-11.034	-50.556	20080830
-9.049	-61.422	20080830
-8.862	-61.479	20080830
-8.858	-61.503	20080830
-8.872	-61.473	20080830
-8.868	-61.497	20080830
-8.858	-61.471	20080830
-8.854	-61.494	20080830
-9.814	-55.112	20080830
-9.813	-55.121	20080830
-8.779	-55.133	20080830
-9.148	-51.725	20080830
-9.141	-51.703	20080830
-9.14	-51.713	20080830
-9.138	-51.724	20080830
-9.132	-51.701	20080830
-9.13	-51.712	20080830
-14.382	-55.039	20080830
-14.096	-53.302	20080830
-14.094	-53.312	20080830
-14.093	-53.322	20080830
-14.085	-53.311	20080830
-13.095	-54.777	20080830
-12.451	-56.863	20080830
-12.45	-56.873	20080830
-12.337	-57.351	20080830
-12.335	-57.361	20080830
-12.211	-57.444	20080830
-12.209	-57.454	20080830
-12.195	-56.732	20080830
-12.194	-56.742	20080830
-12.185	-56.74	20080830
-4.662	-47.268	20080831
-9.141	-59.038	20080831
-9.405	-58.326	20080831
-8.67	-64.219	20080831
-9.082	-62.496	20080831
-9.139	-62.68	20080831
-9.245	-62.433	20080831
-9.246	-62.422	20080831
-9.254	-62.434	20080831
-9.256	-62.423	20080831
-9.548	-63.687	20080831
-9.549	-63.678	20080831
-9.558	-63.679	20080831
-9.702	-63.828	20080831
-9.704	-63.819	20080831
-9.71	-63.839	20080831
-9.711	-63.83	20080831
-9.713	-63.82	20080831
-9.732	-63.881	20080831
-9.741	-63.882	20080831
-9.856	-63.911	20080831
-9.857	-63.902	20080831
-10.859	-55.936	20080831
-9.807	-68.162	20080831
-10.466	-64.139	20080831
-10.694	-63.649	20080831
-12.374	-61.65	20080831
-12.385	-61.651	20080831
-12.387	-61.638	20080831
-2.314	-47.907	20080901
-3.379	-49.119	20080901
-8.785	-51.979	20080901
-13.375	-50.808	20080901
-12.332	-57.349	20080901
-10.507	-57.977	20080901
-11.726	-50.127	20080901
-11.717	-50.125	20080901
-11.521	-50.787	20080901
-11.512	-50.789	20080901
-11.388	-50.25	20080901
-11.379	-50.249	20080901
-11.176	-51.327	20080901
-11.171	-51.298	20080901
-11.17	-51.307	20080901
-11.167	-51.325	20080901
-11.166	-51.335	20080901
-11.162	-51.291	20080901
-11.161	-51.3	20080901
-11.16	-51.309	20080901
-11.158	-51.318	20080901
-11.157	-51.327	20080901
-11.153	-51.29	20080901
-11.152	-51.299	20080901
-11.149	-51.317	20080901
-11.144	-51.288	20080901
-11.143	-51.297	20080901
-11.14	-51.316	20080901
-11.139	-51.325	20080901
-11.135	-51.287	20080901
-11.134	-51.296	20080901
-11.126	-51.286	20080901
-11.125	-51.295	20080901
-11.117	-51.284	20080901
-11.116	-51.293	20080901
-11.107	-51.292	20080901
-11.038	-51.201	20080901
-11.037	-51.21	20080901
-9.406	-58.332	20080901
-9.401	-58.324	20080901
-9.433	-56.85	20080901
-15.697	-57.46	20080901
-15.037	-55.684	20080901
-7.889	-61.355	20080902
-7.88	-61.354	20080902
-12.375	-61.648	20080902
-10.093	-64.921	20080902
-10.092	-64.932	20080902
-10.082	-64.931	20080902
-9.986	-64.024	20080902
-9.732	-63.875	20080902
-9.73	-63.885	20080902
-9.017	-67.042	20080902
-9.432	-63.546	20080902
-9.359	-62.439	20080902
-9.859	-57.894	20080902
-9.857	-57.907	20080902
-9.039	-62.052	20080902
-8.746	-63.207	20080902
-8.745	-63.216	20080902
-8.739	-63.196	20080902
-8.737	-63.205	20080902
-8.736	-63.215	20080902
-13.093	-60.19	20080902
-6.444	-47.846	20080903
-9.685	-51.535	20080903
-9.683	-51.547	20080903
-9.675	-51.533	20080903
-9.673	-51.545	20080903
-9.664	-51.532	20080903
-9.662	-51.544	20080903
-9.003	-54.93	20080903
-7.825	-55.145	20080903
-6.99	-50.775	20080903
-11.801	-50.021	20080903
-11.365	-50.337	20080903
-11.364	-50.347	20080903
-11.362	-50.357	20080903
-17.039	-54.342	20080903
-16.197	-54.607	20080903
-15.717	-53.828	20080903
-14.976	-57.332	20080903
-14.972	-57.358	20080903
-9.69	-67.12	20080903
-9.686	-67.114	20080903
-9.684	-51.518	20080904
-9.67	-51.516	20080904
-9.68	-51.51	20080904
-12.792	-62.129	20080904
-15.895	-55.523	20080904
-14.811	-56.043	20080904
-14.652	-56.149	20080904
-14.651	-56.162	20080904
-14.656	-56.157	20080904
-13.862	-58.308	20080904
-13.853	-58.307	20080904
-13.843	-58.315	20080904
-3.797	-47.981	20080905
-6.925	-44.619	20080905
-6.924	-44.628	20080905
-6.056	-47.309	20080905
-4.327	-47.908	20080905
-4.325	-47.921	20080905
-10.994	-48.455	20080905
-10.984	-48.454	20080905
-10.938	-48.612	20080905
-11.856	-51.662	20080905
-11.564	-50.568	20080905
-8.832	-66.711	20080905
-3.166	-52.929	20080906
-6.853	-55.159	20080906
-7.42	-50.718	20080906
-6.376	-53.371	20080906
-6.421	-51.898	20080906
-6.411	-51.897	20080906
-4.684	-55.806	20080906
-11.798	-50.198	20080906
-11.795	-50.217	20080906
-10.565	-50.455	20080906
-9.718	-51.772	20080906
-9.504	-51.805	20080906
-9.495	-51.79	20080906
-9.47	-51.813	20080906
-9.468	-51.827	20080906
-9.461	-51.799	20080906
-9.459	-51.812	20080906
-8.77	-54.896	20080906
-7.65	-61.513	20080906
-7.647	-61.532	20080906
-7.637	-61.511	20080906
-8.765	-51.762	20080906
-7.794	-55.211	20080906
-7.785	-55.209	20080906
-15.256	-52.726	20080906
-15.254	-52.74	20080906
-15.247	-52.71	20080906
-15.245	-52.724	20080906
-15.243	-52.738	20080906
-15.253	-52.72	20080906
-15.252	-52.734	20080906
-15.243	-52.718	20080906
-15.241	-52.732	20080906
-13.963	-53.389	20080906
-13.654	-54.958	20080906
-13.867	-53.346	20080906
-13.644	-54.957	20080906
-12.87	-55.36	20080906
-12.077	-56.138	20080906
-11.456	-50.646	20080907
-13.203	-53.676	20080907
-13.194	-53.718	20080907
-13.198	-53.711	20080907
-4.361	-50.822	20080908
-3.89	-51.083	20080908
-3.889	-51.092	20080908
-3.876	-51.117	20080908
-3.875	-51.126	20080908
-4.125	-47.766	20080908
-8.191	-54.891	20080908
-8.642	-51.762	20080908
-8.658	-50.628	20080908
-8.245	-47.746	20080908
-8.243	-47.761	20080908
-7.455	-50.755	20080908
-7.403	-50.718	20080908
-6.538	-50.337	20080908
-6.148	-52.072	20080908
-5.894	-51.544	20080908
-5.893	-51.553	20080908
-12.092	-50.528	20080908
-10.382	-50.582	20080908
-10.101	-51.855	20080908
-10.099	-51.864	20080908
-10.091	-51.854	20080908
-10.09	-51.863	20080908
-10.085	-51.846	20080908
-10.083	-51.856	20080908
-9.248	-56.514	20080908
-9.237	-56.512	20080908
-9.898	-52.115	20080908
-9.896	-52.124	20080908
-9.703	-51.748	20080908
-9.702	-51.757	20080908
-9.567	-51.92	20080908
-14.951	-57.159	20080908
-14.949	-57.171	20080908
-15.115	-53.641	20080908
-15.099	-53.619	20080908
-15.092	-53.609	20080908
-15.09	-53.618	20080908
-15.084	-53.598	20080908
-15.083	-53.607	20080908
-13.716	-56.106	20080908
-13.858	-53.297	20080908
-13.828	-53.306	20080908
-12.128	-56.56	20080908
-12.126	-56.572	20080908
-12.116	-56.57	20080908
-12.104	-56.581	20080908
-11.24	-47.855	20080909
-10.415	-64.345	20080909
-10.414	-64.354	20080909
-10.415	-64.103	20080909
-11.46	-56.061	20080909
-10.575	-62.891	20080909
-11.46	-56.054	20080909
-11.456	-56.08	20080909
-9.953	-64.722	20080909
-10.062	-63.565	20080909
-10.061	-63.574	20080909
-9.834	-63.741	20080909
-9.702	-63.882	20080909
-9.7	-63.891	20080909
-9.71	-63.766	20080909
-9.715	-63.674	20080909
-9.713	-63.683	20080909
-9.649	-64.118	20080909
-9.592	-63.752	20080909
-9.56	-63.904	20080909
-9.559	-63.913	20080909
-9.506	-63.899	20080909
-9.489	-63.831	20080909
-9.541	-63.229	20080909
-9.438	-63.486	20080909
-9.44	-63.347	20080909
-9.136	-61.697	20080909
-8.604	-63.399	20080909
-8.818	-61.415	20080909
-8.083	-63.929	20080909
-7.806	-62.436	20080909
-13.235	-61.875	20080909
-11.606	-62.432	20080909
-11.604	-62.441	20080909
-11.596	-62.43	20080909
-16.157	-59.239	20080909
-6.142	-48.12	20080910
-5.142	-47.35	20080910
-3.668	-50.275	20080910
-9.641	-51.718	20080910
-9.553	-51.787	20080910
-9.549	-51.781	20080910
-9.706	-49.566	20080910
-8.303	-50.93	20080910
-8.614	-47.891	20080910
-8.506	-47.81	20080910
-8.463	-47.857	20080910
-8.454	-47.856	20080910
-8.453	-47.865	20080910
-7.993	-50.732	20080910
-8.262	-47.717	20080910
-8.26	-47.727	20080910
-8.254	-47.706	20080910
-7.971	-49.461	20080910
-7.518	-50.893	20080910
-7.944	-47.82	20080910
-7.494	-50.746	20080910
-7.433	-50.591	20080910
-12.261	-55.257	20080910
-12.073	-51.537	20080910
-12.298	-46.489	20080910
-12.296	-46.502	20080910
-11.485	-51.87	20080910
-9.654	-51.727	20080910
-9.653	-51.737	20080910
-9.649	-51.729	20080910
-15.998	-55.263	20080910
-15.993	-55.257	20080910
-14.406	-53.479	20080910
-13.162	-57.005	20080910
-10.058	-51.869	20080911
-8.482	-55.244	20080911
-8.472	-55.251	20080911
-7.787	-55.226	20080911
-7.776	-55.225	20080911
-10.073	-51.846	20080911
-10.07	-51.876	20080911
-10.054	-51.874	20080911
-16.061	-59.429	20080911
-14.286	-57.371	20080911
-14.276	-57.37	20080911
-14.107	-57.881	20080911
-6.419	-51.859	20080912
-6.407	-51.857	20080912
-6.027	-49.238	20080912
-6.026	-49.25	20080912
-4.688	-48.1	20080912
-3.519	-49.316	20080912
-10.047	-51.91	20080912
-10.035	-51.909	20080912
-9.849	-52.106	20080912
-9.654	-51.771	20080912
-9.645	-51.754	20080912
-9.587	-52.026	20080912
-9.59	-52.038	20080912
-9.581	-52.019	20080912
-9.296	-50.64	20080912
-9.115	-51.402	20080912
-8.7	-52.128	20080912
-8.794	-48.608	20080912
-8.774	-48.615	20080912
-8.266	-50.884	20080912
-8.6	-48.012	20080912
-8.598	-48.021	20080912
-7.555	-50.722	20080912
-7.126	-50.822	20080912
-7.859	-46.002	20080912
-7.858	-46.011	20080912
-7.641	-46.298	20080912
-12.944	-56.847	20080912
-12.935	-56.84	20080912
-12.812	-51.179	20080912
-12.804	-51.165	20080912
-12.802	-51.178	20080912
-12.31	-50.539	20080912
-12.303	-50.531	20080912
-11.293	-56.301	20080912
-14.875	-57.093	20080912
-14.868	-57.125	20080912
-14.883	-57.087	20080912
-14.877	-57.12	20080912
-15.33	-52.745	20080912
-14.798	-52.415	20080912
-14.778	-52.397	20080912
-9.514	-59.365	20080913
-10.09	-54.211	20080913
-10.089	-54.223	20080913
-9.633	-51.713	20080913
-9.629	-51.706	20080913
-9.627	-51.723	20080913
-9.574	-52.025	20080913
-9.323	-50.653	20080913
-9.326	-50.648	20080913
-13.913	-53.985	20080913
-13.911	-53.999	20080913
-13.902	-53.983	20080913
-13.901	-53.998	20080913
-13.91	-53.992	20080913
-13.899	-53.99	20080913
-13.453	-57.09	20080913
-13.452	-57.099	20080913
-13.45	-57.108	20080913
-13.821	-53.254	20080913
-13.823	-53.263	20080913
-13.812	-53.262	20080913
-12.34	-57.348	20080913
-12.338	-57.357	20080913
-12.331	-57.347	20080913
-12.329	-57.356	20080913
-12.216	-57.437	20080913
-12.208	-57.426	20080913
-12.207	-57.435	20080913
-12.199	-56.791	20080913
-12.198	-56.8	20080913
-12.074	-56.309	20080913
-11.13	-60.694	20080913
-10.275	-64.378	20080913
-11.483	-56.521	20080913
-11.466	-56.059	20080913
-11.464	-56.069	20080913
-11.456	-56.058	20080913
-11.455	-56.068	20080913
-11.454	-56.078	20080913
-11.232	-56.736	20080913
-11.23	-56.745	20080913
-11.284	-56.309	20080913
-11.223	-56.735	20080913
-11.221	-56.744	20080913
-10.565	-58.081	20080913
-10.265	-58.111	20080913
-15.883	-54.66	20080913
-15.384	-53.819	20080913
-15.462	-52.571	20080913
-15.294	-52.693	20080913
-15.281	-52.692	20080913
-15.213	-52.604	20080913
-15.203	-52.584	20080913
-15.2	-52.602	20080913
-15.188	-52.601	20080913
-15.186	-52.619	20080913
-15.184	-52.637	20080913
-15.155	-52.67	20080913
-15.153	-52.688	20080913
-15.186	-52.594	20080913
-15.184	-52.612	20080913
-15.182	-52.63	20080913
-15.151	-52.68	20080913
-3.208	-49.003	20080914
-3.211	-48.982	20080914
-4.682	-48.096	20080914
-4.685	-48.103	20080914
-8.692	-45.847	20080914
-8.678	-48.164	20080914
-10.21	-46.875	20080914
-10.212	-46.863	20080914
-9.557	-52.03	20080914
-9.553	-52.036	20080914
-9.558	-52.007	20080914
-11.873	-47.759	20080914
-11.875	-47.746	20080914
-12.146	-47.01	20080914
-13.234	-55.04	20080914
-10.072	-64.972	20080914
-4.686	-48.097	20080915
-4.684	-48.113	20080915
-4.688	-48.109	20080915
-4.128	-50.795	20080915
-4.037	-50.984	20080915
-4.079	-47.801	20080915
-7.55	-50.54	20080915
-7.552	-50.545	20080915
-7.543	-50.532	20080915
-7.542	-50.544	20080915
-7.349	-49.476	20080915
-6.637	-52.855	20080915
-5.549	-47.41	20080915
-5.546	-47.428	20080915
-10.496	-57.083	20080915
-10.486	-57.082	20080915
-9.916	-59.897	20080915
-9.922	-59.893	20080915
-9.919	-59.91	20080915
-11.151	-51.032	20080915
-11.149	-51.044	20080915
-11.146	-51.024	20080915
-11.144	-51.037	20080915
-11.142	-51.049	20080915
-9.794	-56.924	20080915
-9.792	-56.934	20080915
-9.79	-56.945	20080915
-9.782	-56.933	20080915
-9.753	-56.928	20080915
-9.648	-52.048	20080915
-9.647	-52.058	20080915
-9.636	-52.067	20080915
-9.635	-52.077	20080915
-9.632	-52.061	20080915
-9.631	-52.071	20080915
-9.567	-52.041	20080915
-9.565	-52.052	20080915
-9.602	-51.714	20080915
-9.556	-52.05	20080915
-9.343	-50.643	20080915
-9.322	-50.64	20080915
-9.065	-50.882	20080915
-9.009	-50.91	20080915
-8.879	-50.674	20080915
-8.777	-50.751	20080915
-12.796	-57.112	20080915
-12.02	-57.486	20080915
-12.019	-57.497	20080915
-12.017	-57.508	20080915
-12.012	-57.474	20080915
-12.01	-57.484	20080915
-12.009	-57.495	20080915
-12.007	-57.506	20080915
-12.005	-57.517	20080915
-11.999	-57.494	20080915
-11.997	-57.505	20080915
-12.112	-56.706	20080915
-11.989	-57.492	20080915
-17.348	-53.887	20080915
-17.34	-53.875	20080915
-17.339	-53.886	20080915
-17.331	-53.874	20080915
-8.209	-45.623	20080916
-8.206	-45.639	20080916
-7.944	-46.203	20080916
-7.061	-49.457	20080916
-7.057	-49.449	20080916
-11.395	-50.89	20080916
-11.393	-50.882	20080916
-11.872	-47.756	20080916
-11.859	-47.754	20080916
-11.862	-47.749	20080916
-12.095	-50.884	20080916
-12.109	-50.879	20080916
-10.624	-62.928	20080916
-10.623	-62.939	20080916
-9.614	-63.652	20080916
-12.355	-64.102	20080916
-12.158	-63.86	20080916
-12.156	-63.87	20080916
-12.15	-63.849	20080916
-12.147	-63.869	20080916
-12.733	-57.869	20080916
-11.858	-63.305	20080916
-12.134	-56.894	20080916
-12.139	-56.888	20080916
-11.326	-62.42	20080916
-11.326	-62.414	20080916
-11.324	-62.426	20080916
-11.316	-62.413	20080916
-11.314	-62.424	20080916
-16.036	-59.511	20080916
-16.022	-59.51	20080916
-16.009	-59.509	20080916
-16.001	-59.501	20080916
-15.999	-59.522	20080916
-15.328	-58.012	20080916
-15.316	-57.983	20080916
-15.313	-58.011	20080916
-15.328	-58.007	20080916
-15.325	-58.035	20080916
-15.313	-58.006	20080916
-5.458	-48.467	20080917
-2.204	-48.438	20080917
-2.205	-48.429	20080917
-2.442	-48.632	20080917
-4.332	-47.923	20080917
-8.845	-50.107	20080917
-7.913	-49.499	20080917
-7.904	-49.497	20080917
-7.131	-47.92	20080917
-8.062	-47.392	20080917
-7.13	-47.924	20080917
-6.572	-48.704	20080917
-6.309	-49.703	20080917
-5.989	-51.491	20080917
-6.3	-49.702	20080917
-5.65	-50.306	20080917
-5.648	-50.315	20080917
-12.26	-52.426	20080917
-12.251	-52.425	20080917
-12.259	-52.435	20080917
-10.327	-50.363	20080917
-14.227	-59.254	20080917
-14.29	-57.314	20080917
-14.288	-57.329	20080917
-14.279	-57.312	20080917
-14.276	-57.327	20080917
-13.403	-57.111	20080917
-14.061	-53.733	20080917
-13.4	-57.126	20080917
-13.349	-57.159	20080917
-13.337	-57.157	20080917
-13.34	-57.142	20080917
-13.331	-57.125	20080917
-13.329	-57.14	20080917
-13.326	-57.155	20080917
-13.314	-57.154	20080917
-13.317	-57.138	20080917
-13.987	-51.074	20080917
-13.985	-51.083	20080917
-13.976	-51.082	20080917
-13.978	-51.072	20080917
-12.926	-56.864	20080917
-13.28	-53.71	20080917
-13.273	-53.712	20080917
-13.275	-53.703	20080917
-13.264	-53.711	20080917
-16.072	-59.463	20080917
-16.601	-53.64	20080917
-6.106	-44.436	20080918
-8.692	-46.106	20080918
-8.697	-46.102	20080918
-10.566	-58.049	20080918
-9.123	-57.632	20080918
-9.112	-57.631	20080918
-9.11	-57.644	20080918
-16.118	-56.251	20080918
-14.171	-59.255	20080918
-13.775	-59.694	20080918
-13.706	-59.832	20080918
-13.566	-59.889	20080918
-13.564	-59.9	20080918
-13.408	-61.056	20080918
-13.56	-59.853	20080918
-13.552	-59.845	20080918
-13.55	-59.857	20080918
-13.534	-59.901	20080918
-13.475	-59.962	20080918
-13.474	-59.973	20080918
-12.34	-64.077	20080918
-12.384	-61.675	20080918
-12.696	-58.468	20080918
-12.454	-57.133	20080918
-12.442	-57.131	20080918
-12.448	-57.142	20080918
-16.057	-59.533	20080918
-16.055	-59.546	20080918
-6.467	-47.015	20080919
-5.751	-44.583	20080919
-5.742	-44.581	20080919
-4.764	-48.804	20080919
-4.051	-47.784	20080919
-4.04	-47.796	20080919
-4.012	-47.922	20080919
-10.12	-47.976	20080919
-10.119	-47.985	20080919
-9.452	-51.654	20080919
-9.45	-51.666	20080919
-10.011	-46.682	20080919
-9.218	-49.143	20080919
-8.875	-50.77	20080919
-8.874	-50.781	20080919
-9.088	-48.412	20080919
-8.477	-51.481	20080919
-8.706	-46.12	20080919
-8.704	-46.129	20080919
-8.698	-46.109	20080919
-8.696	-46.118	20080919
-7.969	-48.755	20080919
-7.959	-48.754	20080919
-7.958	-48.763	20080919
-7.95	-48.756	20080919
-7.949	-48.765	20080919
-7.739	-45.98	20080919
-7.475	-46.101	20080919
-6.766	-48.046	20080919
-12.219	-49.767	20080919
-12.218	-48.92	20080919
-10.698	-48.67	20080919
-10.652	-48.794	20080919
-12.469	-58.055	20080919
-12.459	-58.048	20080919
-12.443	-58.045	20080919
-12.268	-61.551	20080920
-11.326	-62.328	20080920
-11.324	-62.339	20080920
-11.348	-60.942	20080920
-9.849	-63.997	20080920
-9.772	-64.042	20080920
-9.386	-63.373	20080920
-16.1	-59.522	20080920
-16.099	-59.531	20080920
-15.386	-59.934	20080920
-15.384	-59.886	20080920
-15.364	-59.959	20080920
-15.326	-59.975	20080920
-15.469	-58.588	20080920
-15.46	-58.587	20080920
-15.458	-58.597	20080920
-14.928	-59.861	20080920
-13.295	-61.836	20080920
-13.287	-61.824	20080920
-13.286	-61.835	20080920
-13.284	-61.845	20080920
-13.279	-61.875	20080920
-13.273	-61.853	20080920
-13.271	-61.864	20080920
-13.27	-61.874	20080920
-13.262	-61.862	20080920
-13.26	-61.685	20080920
-13.472	-59.935	20080920
-13.205	-61.701	20080920
-13.197	-61.689	20080920
-13.196	-61.699	20080920
-13.16	-61.745	20080920
-13.158	-61.755	20080920
-13.15	-61.744	20080920
-12.408	-63.984	20080920
-12.406	-63.998	20080920
-12.406	-63.978	20080920
-12.404	-63.992	20080920
-12.373	-63.972	20080920
-12.371	-63.986	20080920
-12.273	-64.094	20080920
-4.494	-47.994	20080921
-3.88	-47.205	20080921
-9.18	-47.612	20080921
-9.172	-47.6	20080921
-9.07	-47.916	20080921
-9.068	-47.927	20080921
-9.059	-47.926	20080921
-8.695	-46.098	20080921
-8.693	-46.108	20080921
-8.685	-46.097	20080921
-7.925	-48.774	20080921
-7.735	-45.983	20080921
-12.355	-48.52	20080921
-12.353	-48.531	20080921
-5.149	-50.032	20080922
-8.234	-48.518	20080922
-8.231	-48.54	20080922
-8.241	-48.511	20080922
-8.238	-48.534	20080922
-8.224	-48.532	20080922
-12.66	-51.874	20080922
-10.363	-58.979	20080922
-7.737	-45.982	20080923
-6.401	-51.361	20080923
-11.39	-48.982	20080923
-11.391	-48.977	20080923
-11.388	-48.998	20080923
-9.742	-47.523	20080923
-12.381	-48.508	20080923
-12.377	-48.503	20080923
-9.125	-61.498	20080923
-9.116	-61.492	20080923
-13.295	-57.318	20080923
-13.291	-57.313	20080923
-7.434	-55.238	20080924
-7.433	-55.249	20080924
-7.234	-49.318	20080924
-7.233	-49.329	20080924
-7.223	-49.328	20080924
-5.842	-48.05	20080924
-5.84	-48.063	20080924
-5.51	-50.006	20080924
-10.598	-57.988	20080924
-10.506	-53.97	20080924
-10.505	-53.979	20080924
-10.502	-53.998	20080924
-10.587	-52.112	20080924
-10.557	-52.127	20080924
-10.906	-48.716	20080924
-10.895	-48.715	20080924
-10.352	-52.079	20080924
-9.256	-57.024	20080924
-10.461	-48.613	20080924
-9.76	-51.974	20080924
-9.756	-51.693	20080924
-9.754	-51.702	20080924
-9.163	-51.656	20080924
-8.523	-50.397	20080924
-8.872	-47.655	20080924
-8.873	-47.663	20080924
-14.983	-53.707	20080924
-14.975	-53.706	20080924
-14.903	-53.689	20080924
-13.528	-57.044	20080924
-13.327	-56.447	20080924
-13.331	-53.236	20080924
-12.531	-57.709	20080924
-12.664	-56.041	20080924
-12.777	-55.134	20080924
-12.776	-55.144	20080924
-12.772	-55.127	20080924
-12.771	-55.137	20080924
-12.77	-55.147	20080924
-12.152	-56.935	20080924
-12.019	-56.813	20080924
-12.008	-56.811	20080924
-11.998	-56.809	20080924
-11.99	-56.795	20080924
-11.988	-56.808	20080924
-11.98	-56.794	20080924
-11.978	-56.806	20080924
-11.959	-56.291	20080924
-11.957	-56.302	20080924
-12.017	-55.405	20080924
-11.743	-56.032	20080924
-12.419	-51.302	20080924
-12.124	-52.49	20080924
-12.115	-52.488	20080924
-12.113	-52.498	20080924
-11.405	-55.774	20080924
-11.391	-55.739	20080924
-11.389	-55.75	20080924
-11.389	-55.743	20080924
-11.387	-55.753	20080924
-9.414	-58.895	20080925
-11.962	-62.951	20080925
-11.963	-62.942	20080925
-11.965	-62.932	20080925
-12.059	-62.923	20080925
-12.823	-57.124	20080925
-12.826	-57.101	20080925
-12.069	-62.915	20080925
-12.08	-62.907	20080925
-12.089	-62.908	20080925
-12.138	-64.02	20080925
-12.147	-64.022	20080925
-12.148	-64.013	20080925
-12.156	-64.023	20080925
-4.721	-48.437	20080926
-4.993	-46.95	20080926
-4.529	-50.541	20080926
-5.132	-49.701	20080926
-5.836	-48.058	20080926
-5.838	-48.049	20080926
-5.844	-48.066	20080926
-5.845	-48.057	20080926
-6.418	-47.535	20080926
-8.757	-51.205	20080926
-11.787	-51.814	20080926
-11.789	-51.804	20080926
-11.79	-51.794	20080926
-11.795	-51.765	20080926
-11.798	-51.805	20080926
-11.948	-54.95	20080926
-11.96	-54.952	20080926
-11.971	-54.954	20080926
-11.969	-54.96	20080926
-11.971	-54.945	20080926
-12.112	-56.814	20080926
-12.111	-56.819	20080926
-12.711	-55.136	20080926
-13.533	-57.112	20080926
-13.568	-57.139	20080926
-13.581	-57.141	20080926
-14.317	-52.744	20080926
-14.326	-52.746	20080926
-15.502	-52.516	20080926
-15.504	-52.506	20080926
-15.779	-53.683	20080926
-15.801	-53.664	20080926
-15.806	-53.698	20080926
-15.808	-53.687	20080926
-15.784	-54.273	20080926
-16.001	-54.898	20080926
-16.003	-54.885	20080926
-16.908	-54.234	20080926
-16.918	-54.236	20080926
-4.631	-48.852	20080927
-4.629	-48.859	20080927
-9.312	-58.286	20080927
-9.322	-58.287	20080927
-10.186	-54.393	20080927
-10.189	-54.373	20080927
-10.19	-54.379	20080927
-9.75	-58.574	20080927
-9.76	-58.575	20080927
-9.899	-60.038	20080927
-10.236	-58.457	20080927
-10.31	-58.649	20080927
-9.819	-62.057	20080927
-9.82	-62.048	20080927
-10.426	-57.887	20080927
-10.601	-58.023	20080927
-10.781	-57.237	20080927
-9.85	-63.918	20080927
-9.846	-63.924	20080927
-9.848	-63.912	20080927
-11.058	-57.824	20080927
-10.567	-61.315	20080927
-11.068	-57.825	20080927
-11.069	-57.814	20080927
-11.707	-54.727	20080927
-11.214	-59.093	20080927
-11.215	-59.083	20080927
-11.915	-54.944	20080927
-11.965	-54.951	20080927
-11.967	-54.957	20080927
-11.969	-54.938	20080927
-11.711	-58.864	20080927
-11.57	-60.764	20080927
-12.263	-56.871	20080927
-12.352	-56.261	20080927
-12.712	-55.138	20080927
-12.432	-57.592	20080927
-12.765	-55.133	20080927
-12.303	-59.774	20080927
-12.003	-62.78	20080927
-12.792	-57.276	20080927
-12.802	-57.277	20080927
-12.946	-56.965	20080927
-13.619	-57.159	20080927
-13.639	-57.176	20080927
-13.641	-57.162	20080927
-13.643	-57.148	20080927
-13.65	-57.177	20080927
-13.652	-57.164	20080927
-13.654	-57.15	20080927
-13.655	-57.136	20080927
-13.706	-59.989	20080927
-14.548	-59.429	20080927
-15.143	-57.136	20080927
-15.081	-59.941	20080927
-15.082	-59.931	20080927
-15.252	-59.439	20080927
-15.461	-59.253	20080927
-2.733	-47.664	20080928
-3.131	-49.437	20080928
-3.76	-45.602	20080928
-3.687	-49.009	20080928
-3.693	-49.016	20080928
-4.053	-50.97	20080928
-4.065	-50.972	20080928
-4.558	-48.844	20080928
-4.705	-48.428	20080928
-4.714	-48.44	20080928
-4.715	-48.429	20080928
-5.836	-46.081	20080928
-5.961	-49.819	20080928
-6.676	-48.513	20080928
-8.994	-46.082	20080928
-10.265	-46.142	20080928
-10.267	-46.132	20080928
-11.125	-52.111	20080928
-11.252	-55.156	20080928
-11.257	-55.129	20080928
-11.255	-55.136	20080928
-11.031	-56.694	20080928
-11.915	-54.944	20080928
-11.919	-54.95	20080928
-12.333	-56.778	20080928
-15.864	-53.786	20080928
-15.75	-57.599	20080928
-15.739	-57.605	20080928
-15.755	-57.609	20080928
-12.065	-64.009	20080928
-9.679	-51.392	20080929
-9.669	-51.395	20080929
-9.681	-51.397	20080929
-9.684	-51.379	20080929
-11.879	-57.001	20080929
-14.852	-57.295	20080929
-15.106	-59.518	20080929
-15.107	-59.508	20080929
-15.109	-59.499	20080929
-15.116	-59.51	20080929
-15.124	-59.521	20080929
-15.125	-59.511	20080929
-15.386	-58.132	20080929
-15.278	-59.413	20080929
-16.262	-58.177	20080929
-6.922	-46.715	20080930
-6.912	-46.714	20080930
-6.916	-46.709	20080930
-6.914	-46.721	20080930
-5.622	-48.246	20080930
-5.62	-48.263	20080930
-5.788	-45.994	20080930
-5.3	-46.998	20080930
-4.418	-50.266	20080930
-9.6	-49.411	20080930
-9.609	-49.406	20080930
-12.445	-51.204	20080930
-12.45	-51.199	20080930
-15.448	-52.414	20080930
-15.445	-52.405	20080930
-15.362	-52.388	20080930
-15.348	-52.385	20080930
-15.356	-52.381	20080930
-9.151	-66.903	20080930
-2.835	-49.206	20081001
-2.82	-52.467	20081001
-2.822	-52.459	20081001
-3.492	-50.726	20081001
-3.496	-50.732	20081001
-3.497	-50.722	20081001
-3.581	-50.34	20081001
-3.591	-50.341	20081001
-9.194	-51.861	20081001
-10.082	-50.182	20081001
-10.089	-50.211	20081001
-10.091	-50.197	20081001
-10.093	-50.184	20081001
-10.084	-50.189	20081001
-10.093	-50.204	20081001
-10.102	-50.219	20081001
-10.104	-50.206	20081001
-9.62	-54.63	20081001
-10.054	-51.86	20081001
-10.055	-51.85	20081001
-9.957	-53.719	20081001
-9.968	-53.7	20081001
-9.201	-61.083	20081001
-10.359	-53.8	20081001
-10.506	-53.993	20081001
-10.507	-53.984	20081001
-10.908	-51.202	20081001
-10.91	-51.19	20081001
-10.758	-56.48	20081001
-11.702	-54.433	20081001
-11.704	-54.424	20081001
-11.813	-55.114	20081001
-11.858	-54.813	20081001
-11.74	-56.028	20081001
-11.742	-56.019	20081001
-11.917	-54.856	20081001
-12.082	-55.229	20081001
-12.084	-55.22	20081001
-12.661	-56.03	20081001
-13.468	-56.663	20081001
-13.567	-56.685	20081001
-13.569	-56.675	20081001
-13.576	-56.673	20081001
-14.06	-59.576	20081001
-15.136	-57.149	20081001
-15.145	-57.151	20081001
-15.983	-56.786	20081001
-15.984	-56.776	20081001
-15.65	-59.142	20081001
-16.318	-56.77	20081001
-16.319	-56.761	20081001
-16.326	-56.768	20081001
-16.327	-56.759	20081001
-16.656	-57.262	20081001
-16.665	-57.264	20081001
-10.526	-46.276	20081002
-10.781	-46.407	20081002
-10.784	-46.39	20081002
-12.69	-46.766	20081002
-12.693	-46.748	20081002
-12.683	-46.77	20081002
-12.695	-46.772	20081002
-12.698	-46.755	20081002
-13.05	-49.333	20081002
-6.745	-60.08	20081002
-8.637	-63.178	20081002
-8.828	-63.198	20081002
-9.004	-62.035	20081002
-9.087	-63.244	20081002
-9.097	-63.245	20081002
-8.598	-66.684	20081002
-8.6	-66.674	20081002
-9.559	-61.857	20081002
-9.267	-64.23	20081002
-9.381	-63.567	20081002
-9.39	-63.568	20081002
-9.563	-62.414	20081002
-9.584	-62.472	20081002
-9.062	-66.169	20081002
-9.064	-66.16	20081002
-9.688	-62.393	20081002
-9.689	-62.459	20081002
-9.379	-64.659	20081002
-9.689	-62.466	20081002
-9.691	-62.455	20081002
-9.84	-62.706	20081002
-9.391	-66.066	20081002
-9.865	-63.726	20081002
-10.268	-63.009	20081002
-10.281	-63.053	20081002
-10.282	-63.043	20081002
-10.186	-64.678	20081002
-10.195	-64.679	20081002
-10.48	-64.115	20081002
-11.73	-62.523	20081002
-12.227	-64.37	20081002
-12.229	-64.36	20081002
-12.238	-64.361	20081002
-14.004	-59.747	20081002
-14.116	-60.093	20081002
-14.106	-60.098	20081002
-14.119	-60.099	20081002
-16.3	-57.133	20081002
-16.57	-56.404	20081002
-16.587	-56.406	20081002
-3.624	-49.128	20081003
-9.148	-66.875	20081003
-9.143	-66.878	20081003
-9.158	-66.88	20081003
-8.606	-63.436	20081004
-9.861	-57.808	20081004
-11.907	-54.912	20081004
-4.292	-47.043	20081005
-5.321	-46.876	20081005
-5.322	-46.867	20081005
-5.419	-49.251	20081005
-7.714	-47.197	20081005
-7.715	-47.188	20081005
-7.723	-47.198	20081005
-7.724	-47.189	20081005
-10.657	-48.653	20081005
-10.666	-48.654	20081005
-10.505	-53.989	20081005
-12.058	-46.987	20081005
-12.06	-46.977	20081005
-12.061	-46.968	20081005
-12.423	-46.484	20081005
-11.676	-51.823	20081005
-11.975	-52.856	20081005
-11.965	-52.861	20081005
-11.64	-56.131	20081005
-11.654	-56.133	20081005
-11.658	-56.109	20081005
-11.668	-56.136	20081005
-11.672	-56.111	20081005
-11.676	-56.088	20081005
-11.934	-54.729	20081005
-11.937	-54.71	20081005
-11.946	-54.731	20081005
-11.949	-54.712	20081005
-11.674	-56.142	20081005
-11.682	-56.094	20081005
-11.939	-54.716	20081005
-11.952	-54.719	20081005
-11.741	-56.007	20081005
-11.941	-55.305	20081005
-12.562	-52.433	20081005
-14.964	-53.736	20081005
-14.967	-53.729	20081005
-9.706	-66.173	20081005
-9.702	-66.18	20081005
-8.142	-54.886	20081006
-2.951	-46.834	20081007
-2.961	-46.836	20081007
-2.963	-46.824	20081007
-3.686	-44.432	20081007
-3.92	-47.336	20081007
-4.492	-47.808	20081007
-4.497	-47.815	20081007
-4.499	-47.802	20081007
-1.202	-53.912	20081008
-1.203	-53.903	20081008
-3.976	-54.394	20081008
-9.618	-62.56	20081008
-9.631	-62.562	20081008
-9.626	-62.569	20081008
-9.63	-62.548	20081008
-10.352	-59.462	20081008
-11.507	-51.486	20081008
-11.509	-51.471	20081008
-11.604	-51.624	20081008
-11.806	-54.477	20081008
-11.807	-54.467	20081008
-11.739	-56.018	20081008
-13.051	-49.349	20081008
-13.06	-49.334	20081008
-11.951	-58.098	20081008
-11.96	-58.1	20081008
-12.577	-54.989	20081008
-12.943	-56.965	20081008
-12.952	-56.967	20081008
-13.793	-52.105	20081008
-13.782	-52.111	20081008
-13.793	-52.112	20081008
-13.795	-52.097	20081008
-16.138	-60.177	20081008
-16.148	-60.178	20081008
-4.554	-48.624	20081009
-4.554	-48.632	20081009
-7.316	-44.886	20081009
-8.244	-46.889	20081009
-8.24	-46.894	20081009
-9.388	-47.401	20081009
-9.603	-49.415	20081009
-13.001	-49.445	20081009
-9.278	-61.075	20081009
-9.243	-61.793	20081009
-9.245	-61.778	20081009
-9.254	-61.795	20081009
-9.256	-61.78	20081009
-9.265	-61.796	20081009
-9.267	-61.781	20081009
-9.253	-61.8	20081009
-9.255	-61.785	20081009
-9.265	-61.802	20081009
-9.266	-61.787	20081009
-9.268	-61.772	20081009
-9.484	-62.467	20081009
-9.502	-62.414	20081009
-9.513	-62.416	20081009
-9.415	-67.227	20081009
-12.118	-58.281	20081009
-11.98	-64.121	20081009
-2.94	-48.832	20081010
-6.933	-51.833	20081010
-6.941	-51.843	20081010
-6.942	-51.834	20081010
-8.288	-50.219	20081010
-8.292	-50.188	20081010
-8.292	-51.03	20081010
-8.779	-47.887	20081010
-9.001	-49.999	20081010
-9.012	-49.99	20081010
-8.889	-51.293	20081010
-9.082	-50.583	20081010
-9.662	-51.23	20081010
-9.664	-51.22	20081010
-10.401	-50.872	20081010
-10.403	-50.862	20081010
-10.673	-53.872	20081010
-11.61	-48.363	20081010
-11.774	-47.814	20081010
-11.779	-47.822	20081010
-11.328	-52.115	20081010
-12.239	-47.452	20081010
-11.6	-52.651	20081010
-10.643	-59.155	20081010
-10.646	-59.137	20081010
-10.655	-59.157	20081010
-10.658	-59.139	20081010
-10.642	-59.162	20081010
-10.645	-59.144	20081010
-10.655	-59.164	20081010
-10.658	-59.146	20081010
-11.407	-54.798	20081010
-11.418	-54.79	20081010
-11.396	-55.74	20081010
-11.405	-55.741	20081010
-11.407	-55.731	20081010
-11.764	-55.802	20081010
-11.774	-55.803	20081010
-12.046	-54.962	20081010
-12.888	-49.267	20081010
-12.044	-55.975	20081010
-13.023	-49.441	20081010
-13.057	-49.35	20081010
-13.059	-49.337	20081010
-13.05	-49.343	20081010
-12.238	-55.853	20081010
-12.511	-56.06	20081010
-12.513	-56.049	20081010
-12.566	-56.109	20081010
-13.045	-53.087	20081010
-13.047	-53.078	20081010
-13.103	-53.633	20081010
-13.112	-53.634	20081010
-13.68	-55.471	20081010
-14.758	-54.082	20081010
-14.76	-54.073	20081010
-14.767	-54.084	20081010
-14.768	-54.074	20081010
-14.954	-53.691	20081010
-14.843	-59.669	20081010
-14.855	-59.672	20081010
-15.053	-59.133	20081010
-15.055	-59.117	20081010
-15.396	-57.053	20081010
-15.404	-57.066	20081010
-15.406	-57.055	20081010
-16.616	-57.305	20081010
-16.626	-57.307	20081010
-16.628	-57.295	20081010
-16.629	-57.284	20081010
-16.636	-57.308	20081010
-16.638	-57.297	20081010
-16.639	-57.285	20081010
-9.415	-67.2	20081010
-9.4	-67.204	20081010
-9.418	-67.206	20081010
-5.562	-44.019	20081011
-5.565	-44.001	20081011
-5.321	-45.653	20081011
-5.565	-44.008	20081011
-5.322	-45.661	20081011
-5.326	-45.636	20081011
-6.231	-44.192	20081011
-9.181	-46.095	20081011
-11.111	-50.123	20081011
-12.351	-48.517	20081011
-12.343	-48.523	20081011
-9.302	-61.073	20081011
-9.304	-61.063	20081011
-9.313	-61.064	20081011
-9.588	-61.917	20081011
-9.564	-62.463	20081011
-12.055	-54.947	20081011
-12.047	-54.953	20081011
-14.763	-60.08	20081011
-16.728	-57.612	20081011
-16.742	-57.613	20081011
-16.745	-57.589	20081011
-16.734	-57.618	20081011
-16.737	-57.594	20081011
-16.748	-57.619	20081011
-16.751	-57.595	20081011
-2.57	-47.326	20081012
-2.806	-49.216	20081012
-2.808	-49.207	20081012
-2.809	-49.198	20081012
-2.817	-49.208	20081012
-2.818	-49.199	20081012
-2.907	-49.162	20081012
-2.902	-49.321	20081012
-2.93	-49.312	20081012
-3.661	-49.052	20081012
-3.786	-49.012	20081012
-3.787	-49.003	20081012
-3.999	-47.759	20081012
-4.915	-46.785	20081012
-4.924	-46.787	20081012
-5.083	-46.761	20081012
-5.193	-47.008	20081012
-4.704	-50.507	20081012
-7.593	-45.476	20081012
-8.361	-46.841	20081012
-8.525	-47.121	20081012
-9.423	-46.893	20081012
-9.3	-48.14	20081012
-9.057	-50.114	20081012
-9.769	-48.072	20081012
-9.677	-51.375	20081012
-10.751	-47.964	20081012
-10.313	-51.065	20081012
-10.322	-51.066	20081012
-10.799	-48.007	20081012
-11.072	-50.124	20081012
-11.073	-50.115	20081012
-11.085	-50.098	20081012
-11.648	-47.478	20081012
-11.649	-47.468	20081012
-11.65	-47.474	20081012
-11.66	-47.476	20081012
-12.722	-48.508	20081012
-13.079	-50.927	20081012
-13.819	-51.696	20081012
-13.329	-57.056	20081012
-16.407	-53.366	20081012
-16.589	-57.24	20081012
-16.665	-57.336	20081012
-16.674	-57.357	20081012
-16.678	-57.338	20081012
-16.687	-57.359	20081012
-16.69	-57.341	20081012
-16.742	-57.632	20081012
-16.755	-57.635	20081012
-16.758	-57.615	20081012
-16.767	-57.637	20081012
-11.128	-52.512	20081013
-12.584	-58.479	20081013
-11.995	-62.817	20081013
-13.185	-54.969	20081013
-13.187	-54.949	20081013
-13.187	-54.956	20081013
-13.199	-54.958	20081013
-16.664	-57.307	20081013
-16.666	-57.292	20081013
-16.705	-57.342	20081013
-16.717	-57.343	20081013
-16.706	-57.334	20081013
-16.716	-57.35	20081013
-16.718	-57.335	20081013
-16.725	-57.366	20081013
-2.629	-47.306	20081014
-3.022	-45.616	20081014
-3.222	-46.061	20081014
-3.224	-46.052	20081014
-3.008	-47.852	20081014
-3.298	-46.302	20081014
-3.521	-47.499	20081014
-3.916	-47.325	20081014
-3.921	-47.356	20081014
-3.923	-47.346	20081014
-3.707	-48.964	20081014
-4.239	-45.98	20081014
-4.002	-47.758	20081014
-4.02	-47.788	20081014
-4.078	-47.597	20081014
-4.137	-47.209	20081014
-4.088	-47.598	20081014
-4.145	-47.22	20081014
-4.515	-46.727	20081014
-4.516	-46.718	20081014
-4.381	-47.817	20081014
-4.457	-47.304	20081014
-4.741	-47.118	20081014
-4.743	-47.108	20081014
-4.977	-46.957	20081014
-5.149	-46.855	20081014
-5.151	-46.846	20081014
-5.289	-47.39	20081014
-5.412	-47.857	20081014
-5.413	-47.847	20081014
-5.562	-47.41	20081014
-5.563	-47.4	20081014
-6.241	-47.25	20081014
-6.857	-45.838	20081014
-7.165	-47.295	20081014
-7.173	-47.306	20081014
-7.174	-47.297	20081014
-9.44	-46.688	20081014
-9.398	-47.576	20081014
-9.407	-47.577	20081014
-9.671	-48.568	20081014
-9.437	-50.284	20081014
-9.445	-50.278	20081014
-10.775	-47.982	20081014
-10.782	-47.993	20081014
-10.866	-47.679	20081014
-10.536	-51.003	20081014
-10.575	-51.038	20081014
-12.214	-50.756	20081014
-12.638	-48.931	20081014
-12.726	-48.479	20081014
-13.044	-49.344	20081014
-13.053	-49.346	20081014
-13.161	-51.13	20081014
-13.163	-51.117	20081014
-16.883	-53.768	20081014
-16.886	-53.751	20081014
-16.879	-53.756	20081014
-16.891	-53.759	20081014
1.102	-51.206	20081015
-4.33	-47.917	20081015
-4.345	-47.918	20081015
-4.344	-47.924	20081015
-10.112	-52.767	20081015
-10.453	-50.899	20081015
-10.518	-52.208	20081015
-10.329	-53.69	20081015
-10.33	-53.678	20081015
-10.337	-53.704	20081015
-10.339	-53.692	20081015
-10.341	-53.679	20081015
-10.334	-53.697	20081015
-10.336	-53.684	20081015
-10.345	-53.698	20081015
-10.346	-53.686	20081015
-9.93	-59.93	20081015
-10.101	-60.736	20081015
-11.326	-52.747	20081015
-11.328	-52.732	20081015
-11.078	-56.58	20081015
-11.079	-56.57	20081015
-11.087	-56.581	20081015
-11.088	-56.572	20081015
-11.545	-55.883	20081015
-11.546	-55.873	20081015
-11.547	-55.863	20081015
-11.805	-55.19	20081015
-11.868	-54.721	20081015
-11.878	-54.722	20081015
-11.803	-55.795	20081015
-11.804	-55.785	20081015
-11.812	-55.796	20081015
-11.814	-55.786	20081015
-11.726	-56.612	20081015
-11.733	-56.622	20081015
-11.735	-56.613	20081015
-11.736	-56.603	20081015
-11.743	-56.624	20081015
-11.744	-56.614	20081015
-11.745	-56.605	20081015
-12.021	-54.951	20081015
-12.022	-54.94	20081015
-12.031	-54.953	20081015
-12.118	-54.38	20081015
-12.057	-54.979	20081015
-12.059	-54.968	20081015
-12.069	-54.97	20081015
-12.07	-54.958	20081015
-12.093	-54.939	20081015
-12.092	-54.945	20081015
-11.964	-56.025	20081015
-11.966	-56.015	20081015
-11.876	-57.038	20081015
-11.877	-57.028	20081015
-11.882	-57.058	20081015
-11.886	-57.03	20081015
-11.892	-57.055	20081015
-12.144	-55.394	20081015
-11.637	-59.332	20081015
-11.638	-59.322	20081015
-11.64	-59.312	20081015
-13.045	-49.325	20081015
-13.042	-49.33	20081015
-12.185	-56.994	20081015
-12.187	-56.985	20081015
-12.495	-56.509	20081015
-12.733	-55.111	20081015
-12.743	-55.113	20081015
-12.744	-55.77	20081015
-12.751	-55.792	20081015
-12.752	-55.782	20081015
-13.1	-53.622	20081015
-13.111	-53.623	20081015
-12.817	-56.893	20081015
-12.975	-56.615	20081015
-12.976	-56.606	20081015
-13.208	-54.903	20081015
-12.984	-56.617	20081015
-12.985	-56.607	20081015
-13.31	-56.846	20081015
-13.311	-56.837	20081015
-13.319	-56.848	20081015
-13.32	-56.838	20081015
-13.449	-56.912	20081015
-13.457	-56.922	20081015
-13.458	-56.913	20081015
-13.673	-55.47	20081015
-13.682	-55.471	20081015
-14.408	-52.588	20081015
-14.411	-52.596	20081015
-14.954	-54.557	20081015
-14.234	-60.419	20081015
-14.238	-60.426	20081015
-14.249	-60.417	20081015
-15.357	-57.063	20081015
-15.381	-57.082	20081015
-15.391	-57.074	20081015
-15.073	-59.861	20081015
-15.082	-59.863	20081015
-15.084	-59.853	20081015
-16.099	-59.907	20081015
-16.547	-57.344	20081015
-16.549	-57.334	20081015
-16.557	-57.346	20081015
-16.558	-57.336	20081015
-16.57	-57.246	20081015
-16.569	-57.327	20081015
-16.57	-57.317	20081015
-16.571	-57.307	20081015
-16.573	-57.298	20081015
-16.579	-57.319	20081015
-16.581	-57.309	20081015
-16.582	-57.299	20081015
-16.583	-57.289	20081015
-16.585	-57.279	20081015
-16.586	-57.269	20081015
-16.593	-57.29	20081015
-2.964	-49.298	20081016
-2.978	-49.3	20081016
-2.968	-49.306	20081016
-2.982	-49.308	20081016
-3.917	-47.365	20081016
-3.92	-47.35	20081016
-4.471	-44.978	20081016
-4.472	-44.968	20081016
-4.521	-48.853	20081016
-5.147	-45.372	20081016
-5.447	-44.259	20081016
-5.787	-44.256	20081016
-5.789	-44.246	20081016
-6.311	-46.184	20081016
-5.837	-49.405	20081016
-7.148	-46.393	20081016
-9.878	-50.515	20081016
-9.948	-51.359	20081016
-10.95	-48.967	20081016
-10.953	-48.951	20081016
-11.369	-52.157	20081016
-11.374	-52.13	20081016
-11.37	-52.161	20081016
-11.829	-51.088	20081016
-13.043	-49.339	20081016
-12.722	-54.911	20081016
-12.73	-54.869	20081016
-12.74	-54.914	20081016
-12.748	-54.873	20081016
-12.724	-54.916	20081016
-12.732	-54.875	20081016
-12.741	-54.919	20081016
-12.749	-54.878	20081016
-12.993	-54.939	20081016
-13.192	-54.949	20081016
-13.19	-54.956	20081016
-12.016	-64.055	20081016
0.366	-50.858	20081017
-1.962	-52.048	20081017
-3.183	-51.073	20081017
-3.833	-47.635	20081017
-3.835	-47.618	20081017
-3.442	-50.622	20081017
-3.443	-50.612	20081017
-3.452	-50.623	20081017
-4.087	-47.732	20081017
-4.082	-47.737	20081017
-3.597	-51.389	20081017
-3.895	-50.101	20081017
-3.897	-50.09	20081017
-4.334	-47.932	20081017
-4.342	-47.924	20081017
-4.039	-50.947	20081017
-3.818	-55.967	20081017
-3.827	-55.968	20081017
-9.772	-48.627	20081017
-10.558	-51.118	20081017
-11.261	-50.347	20081017
-11.457	-51.399	20081017
-11.458	-51.393	20081017
-11.326	-52.438	20081017
-11.333	-52.46	20081017
-11.342	-52.462	20081017
-11.344	-52.451	20081017
-11.353	-52.453	20081017
-11.364	-52.444	20081017
-11.366	-52.433	20081017
-11.372	-52.455	20081017
-11.374	-52.445	20081017
-11.382	-52.457	20081017
-11.383	-52.447	20081017
-11.385	-52.436	20081017
-11.386	-52.426	20081017
-11.433	-52.089	20081017
-11.394	-52.438	20081017
-11.396	-52.427	20081017
-11.443	-52.09	20081017
-10.628	-57.712	20081017
-11.54	-51.832	20081017
-11.564	-51.948	20081017
-11.566	-51.937	20081017
-11.312	-55.821	20081017
-11.313	-55.811	20081017
-11.639	-54.253	20081017
-11.458	-55.839	20081017
-11.459	-55.83	20081017
-11.463	-55.857	20081017
-11.464	-55.847	20081017
-11.466	-55.838	20081017
-11.467	-55.828	20081017
-11.717	-54.402	20081017
-11.695	-55.122	20081017
-11.696	-55.112	20081017
-11.602	-56.522	20081017
-11.611	-56.523	20081017
-12.474	-50.673	20081017
-12.477	-50.679	20081017
-11.766	-55.806	20081017
-11.768	-55.797	20081017
-11.775	-55.808	20081017
-11.777	-55.798	20081017
-12.508	-50.697	20081017
-12.519	-50.698	20081017
-11.881	-55.35	20081017
-12.326	-52.435	20081017
-12.336	-52.436	20081017
-12.089	-54.945	20081017
-12.104	-55.031	20081017
-11.967	-56.004	20081017
-11.975	-56.015	20081017
-11.976	-56.005	20081017
-11.985	-56.12	20081017
-12.149	-55.4	20081017
-12.304	-54.48	20081017
-13.046	-49.345	20081017
-13.048	-49.327	20081017
-12.154	-57.003	20081017
-12.155	-56.993	20081017
-12.241	-56.785	20081017
-12.86	-54.204	20081017
-12.734	-55.124	20081017
-12.753	-55.498	20081017
-12.754	-55.488	20081017
-12.755	-55.479	20081017
-12.763	-55.49	20081017
-12.746	-55.79	20081017
-12.755	-55.791	20081017
-12.983	-54.936	20081017
-12.991	-54.947	20081017
-12.992	-54.938	20081017
-12.705	-57.076	20081017
-12.707	-57.066	20081017
-12.715	-57.077	20081017
-12.716	-57.067	20081017
-12.724	-57.079	20081017
-12.726	-57.069	20081017
-13.105	-54.98	20081017
-13.108	-54.962	20081017
-13.114	-54.981	20081017
-13.115	-54.972	20081017
-13.117	-54.963	20081017
-12.793	-57.287	20081017
-12.795	-57.277	20081017
-12.817	-57.132	20081017
-12.819	-57.121	20081017
-12.802	-57.289	20081017
-12.826	-57.133	20081017
-12.828	-57.123	20081017
-12.973	-56.6	20081017
-13.58	-55.007	20081017
-13.582	-54.998	20081017
-13.591	-55	20081017
-13.516	-57.065	20081017
-14.32	-52.234	20081017
-15.014	-51.544	20081017
-15.019	-51.538	20081017
-14.831	-54.887	20081017
-15.474	-52.429	20081017
-15.484	-52.43	20081017
-15.486	-52.418	20081017
-15.355	-57.039	20081017
-16.704	-53.208	20081017
-16.705	-53.196	20081017
-16.564	-57.217	20081017
-4.323	-45.242	20081018
-5.449	-45.258	20081018
-6.173	-46.146	20081018
-12.335	-57.948	20081019
-13.69	-55.474	20081019
-13.317	-56.384	20081020
-3.038	-47.812	20081021
-2.842	-49.246	20081021
-2.844	-49.235	20081021
-3.069	-47.789	20081021
-3.238	-49.125	20081021
-3.261	-50.06	20081021
-3.774	-47.571	20081021
-3.775	-47.562	20081021
-3.781	-47.582	20081021
-3.386	-50.448	20081021
-3.608	-49.247	20081021
-3.609	-49.237	20081021
-3.429	-50.517	20081021
-3.431	-50.505	20081021
-3.439	-50.519	20081021
-3.441	-50.506	20081021
-3.435	-50.512	20081021
-3.446	-50.514	20081021
-3.863	-49.125	20081021
-4.095	-47.698	20081021
-4.105	-47.7	20081021
-4.543	-46.233	20081021
-4.546	-46.214	20081021
-4.547	-46.205	20081021
-4.444	-47.034	20081021
-4.557	-46.262	20081021
-4.558	-46.253	20081021
-4.561	-46.235	20081021
-4.562	-46.226	20081021
-4.531	-46.754	20081021
-4.896	-48.442	20081021
-4.898	-48.433	20081021
-5.237	-47.332	20081021
-5.238	-47.323	20081021
-5.246	-47.334	20081021
-5.247	-47.325	20081021
-5.913	-46.494	20081021
-5.914	-46.485	20081021
-6.095	-47.073	20081021
-6.097	-47.064	20081021
1.816	-55.906	20081022
1.815	-55.897	20081022
-9.558	-67.252	20081022
-9.573	-67.254	20081022
-9.555	-67.259	20081022
-9.57	-67.261	20081022
-16.25	-60.034	20081022
-16.252	-60.025	20081022
-2.252	-48.131	20081023
-3.536	-50.505	20081023
-3.55	-50.507	20081023
-3.546	-50.512	20081023
-5.293	-45.363	20081023
-5.294	-45.353	20081023
-5.867	-44.473	20081023
-4.258	-47.956	20081024
-4.266	-47.964	20081024
-4.269	-47.943	20081024
-3.798	-53.564	20081024
-12.614	-57.876	20081024
-12.616	-57.867	20081024
-12.623	-57.878	20081024
-12.625	-57.868	20081024
-13.372	-54.656	20081024
-13.382	-54.658	20081024
-13.383	-54.647	20081024
-12.874	-61.647	20081024
-14.304	-57.124	20081024
-15.501	-57.673	20081024
-17.226	-56.64	20081024
-17.228	-56.631	20081024
-2.837	-46.82	20081025
-2.837	-46.826	20081025
-3.318	-47.437	20081025
-5.021	-45.859	20081025
-5.023	-45.844	20081025
-5.033	-45.861	20081025
-4.978	-46.873	20081025
-5.368	-45.329	20081025
-12.594	-47.067	20081025
-12.727	-47.309	20081025
-1.342	-52.604	20081026
-2.597	-47.32	20081026
-2.71	-47.328	20081026
-2.712	-47.315	20081026
-2.72	-47.329	20081026
-2.722	-47.317	20081026
-2.861	-46.836	20081026
-2.893	-46.855	20081026
-2.894	-46.86	20081026
-3.021	-49.398	20081026
-3.322	-47.536	20081026
-3.324	-47.523	20081026
-2.942	-50.57	20081026
-3.261	-49.148	20081026
-3.268	-49.17	20081026
-3.44	-49.186	20081026
-3.21	-50.811	20081026
-3.467	-49.2	20081026
-3.471	-49.206	20081026
-3.525	-49.234	20081026
-3.526	-49.224	20081026
-3.876	-47.207	20081026
-3.798	-47.98	20081026
-3.385	-50.941	20081026
-3.386	-50.932	20081026
-3.387	-50.923	20081026
-3.394	-50.942	20081026
-3.395	-50.933	20081026
-3.396	-50.924	20081026
-3.832	-48.1	20081026
-3.697	-49.88	20081026
-3.602	-50.588	20081026
-3.999	-47.934	20081026
-4.01	-47.935	20081026
-3.836	-49.293	20081026
-4.121	-47.805	20081026
-4.123	-47.793	20081026
-4.131	-47.807	20081026
-4.133	-47.794	20081026
-4.127	-47.8	20081026
-4.138	-47.801	20081026
-3.968	-49.077	20081026
-4.211	-47.812	20081026
-4.213	-47.799	20081026
-4.224	-47.801	20081026
-4.219	-47.806	20081026
-4.25	-47.962	20081026
-4.236	-49.068	20081026
-4.34	-48.905	20081026
-4.404	-48.737	20081026
-4.424	-48.739	20081026
-4.571	-48.784	20081026
-4.877	-48.5	20081026
-4.879	-48.488	20081026
-4.995	-47.964	20081026
-5.097	-47.329	20081026
-5.108	-47.331	20081026
-6.842	-48.118	20081026
-11.08	-54.132	20081026
-11.745	-56.25	20081026
-12.611	-51.406	20081026
-13.035	-49.344	20081026
-13.037	-49.331	20081026
-12.2	-56.996	20081026
-12.3	-56.755	20081026
-13.199	-53.452	20081026
-12.621	-57.877	20081026
-12.623	-57.863	20081026
-17.776	-53.803	20081026
-4.664	-47.171	20081027
-4.68	-47.175	20081027
-4.669	-47.18	20081027
-6.788	-46.828	20081027
-11.754	-56.248	20081027
-11.757	-56.253	20081027
-12.031	-54.954	20081027
-12.027	-54.928	20081027
-12.528	-56.368	20081027
-15.483	-59.454	20081027
-1.324	-49.135	20081028
-1.325	-49.126	20081028
-2.526	-48.168	20081028
-2.887	-47.908	20081028
-3.216	-46.792	20081028
-3.183	-49.087	20081028
-3.222	-49.01	20081028
-3.52	-49.236	20081028
-3.529	-49.302	20081028
-3.53	-49.293	20081028
-3.304	-50.934	20081028
-3.47	-51.259	20081028
-3.469	-51.265	20081028
-3.59	-50.601	20081028
-3.686	-50.518	20081028
-3.81	-50.203	20081028
-3.816	-50.201	20081028
-4.239	-48.177	20081028
-4.24	-48.168	20081028
-4.1	-49.301	20081028
-4.108	-49.312	20081028
-4.109	-49.303	20081028
-4.495	-47.877	20081028
-4.497	-48.671	20081028
-4.498	-48.662	20081028
-4.776	-47.283	20081028
-4.777	-47.273	20081028
-4.651	-50.549	20081028
-8.631	-46.254	20081028
-8.633	-46.243	20081028
-10.531	-46.526	20081028
-10.533	-46.513	20081028
-10.592	-46.533	20081028
-10.594	-46.521	20081028
-10.6	-46.541	20081028
-10.601	-46.529	20081028
-10.436	-48.468	20081028
-11.947	-48.587	20081028
-11.744	-56.271	20081028
-11.747	-56.253	20081028
-12.198	-54.359	20081028
-12.202	-54.353	20081028
-13.044	-49.336	20081028
-13.067	-49.364	20081028
-13.068	-49.355	20081028
-13.076	-49.365	20081028
-11.946	-56.56	20081028
-12.653	-55.316	20081028
-12.664	-55.318	20081028
-12.666	-55.303	20081028
-13.135	-52.958	20081028
-13.376	-54.645	20081028
-13.386	-54.647	20081028
-13.652	-55.479	20081028
-13.654	-55.464	20081028
-13.663	-55.481	20081028
-13.665	-55.466	20081028
-13.66	-55.488	20081028
-13.662	-55.473	20081028
-13.674	-55.475	20081028
1.451	-55.984	20081029
1.441	-55.985	20081029
1.44	-55.975	20081029
-3.567	-54.172	20081029
-9.769	-58.105	20081029
-9.899	-59.499	20081029
-13.325	-55.508	20081029
-13.33	-55.497	20081029
-13.627	-55.475	20081029
-13.631	-55.481	20081029
-13.643	-55.483	20081029
-15.478	-59.904	20081029
-15.479	-59.894	20081029
-2.773	-49.055	20081030
-2.925	-49.264	20081030
-2.936	-49.265	20081030
-3.466	-49.195	20081030
-3.881	-47.204	20081030
-3.882	-47.194	20081030
-3.902	-47.317	20081030
-3.904	-47.308	20081030
-3.905	-47.298	20081030
-3.907	-47.315	20081030
-3.909	-47.305	20081030
-3.874	-47.597	20081030
-3.971	-47.828	20081030
-4.017	-47.52	20081030
-6.165	-48.538	20081030
-12.605	-46.75	20081030
-12.614	-46.751	20081030
-1.337	-53.428	20081031
-3.902	-47.304	20081101
-3.873	-48.088	20081101
-3.468	-51.3	20081101
-3.459	-51.306	20081101
-5.853	-44.497	20081101
-13.644	-55.462	20081101
-13.644	-55.467	20081101
-1.4	-52.528	20081102
-1.402	-52.519	20081102
-2.575	-47.309	20081102
-2.202	-53.584	20081102
-2.675	-54.673	20081102
-3.692	-49.27	20081102
-3.764	-49.026	20081102
-3.566	-50.828	20081102
-4.32	-46.42	20081102
-3.758	-50.574	20081102
-4.27	-47.154	20081102
-4.273	-47.136	20081102
-4.275	-47.142	20081102
-3.453	-53.777	20081102
-3.462	-53.779	20081102
-3.526	-54.225	20081102
-3.708	-46.984	20081103
-3.711	-46.99	20081103
-3.871	-47.209	20081103
-3.875	-47.183	20081103
-3.873	-47.214	20081103
-3.877	-47.188	20081103
-4.188	-47.622	20081103
-4.187	-47.626	20081103
-4.202	-47.629	20081103
-5.061	-46.835	20081103
-5.065	-46.811	20081103
-10.172	-45.711	20081103
-11.253	-55.115	20081103
-3.827	-47.568	20081104
-3.612	-50.499	20081104
-3.999	-47.855	20081104
-3.577	-50.79	20081104
-4.238	-47.808	20081104
-4.24	-47.798	20081104
-4.609	-46.655	20081104
-4.562	-47.064	20081104
-4.564	-47.053	20081104
-4.572	-47.065	20081104
-4.574	-47.054	20081104
-4.456	-48.901	20081104
-11.071	-52.3	20081104
-11.076	-52.329	20081104
-11.077	-52.32	20081104
-11.079	-52.311	20081104
-11.08	-52.302	20081104
-11.085	-52.331	20081104
-11.086	-52.321	20081104
-11.088	-52.312	20081104
-11.089	-52.303	20081104
-11.095	-52.323	20081104
-11.097	-52.314	20081104
-11.098	-52.304	20081104
-11.106	-52.315	20081104
-11.107	-52.306	20081104
-11.118	-52.298	20081104
-11.119	-52.289	20081104
-11.125	-52.308	20081104
-11.127	-52.299	20081104
-11.128	-52.29	20081104
-11.129	-52.281	20081104
-11.134	-52.31	20081104
-11.136	-52.301	20081104
-11.137	-52.291	20081104
-11.726	-55.584	20081104
-12.031	-55.144	20081104
-12.769	-55.073	20081104
-12.849	-54.957	20081104
-12.859	-54.954	20081104
-13.907	-55.948	20081104
-13.928	-55.951	20081104
1.418	-55.907	20081105
-13.412	-53.962	20081105
-4.364	-47.282	20081106
-4.704	-46.729	20081106
-4.705	-46.72	20081106
-5.134	-46.804	20081106
-5.318	-45.87	20081106
-5.196	-47.074	20081106
-5.205	-47.076	20081106
-13.029	-49.333	20081106
1.711	-55.706	20081107
1.59	-55.883	20081107
-15.674	-59.947	20081107
-2.4	-51.921	20081109
-2.736	-51.643	20081109
-2.745	-51.645	20081109
-11.575	-54.285	20081109
-11.576	-54.275	20081109
-11.578	-54.265	20081109
-11.586	-54.276	20081109
-11.948	-54.383	20081109
-11.866	-55.224	20081109
-12.799	-52.232	20081109
-12.28	-57.348	20081109
-12.566	-56.103	20081109
-12.749	-55.152	20081109
-12.751	-55.143	20081109
-12.752	-55.133	20081109
-12.758	-55.153	20081109
-12.76	-55.144	20081109
-12.761	-55.134	20081109
-12.768	-55.155	20081109
-12.769	-55.145	20081109
-13.029	-54.806	20081109
-13.039	-54.807	20081109
-13.04	-54.797	20081109
-13.293	-53.796	20081109
-13.295	-53.785	20081109
-12.839	-57.12	20081109
-12.863	-57.387	20081109
-13.319	-54.703	20081109
-13.359	-54.663	20081109
-13.361	-54.653	20081109
-16.261	-56.884	20081109
-3.18	-51.2	20081111
-9.382	-62.566	20081112
-2.699	-49.24	20081113
-2.731	-49.207	20081113
-3.245	-46.45	20081115
-4.241	-47.557	20081115
-4.447	-47.346	20081115
1.942	-55.882	20081116
1.933	-55.883	20081116
0.672	-50.52	20081116
0.67	-50.505	20081116
1.791	-50.442	20081120
1.203	-50.56	20081120
1.201	-50.551	20081120
1.194	-50.561	20081120
1.192	-50.552	20081120
1.191	-50.542	20081120
0.695	-50.499	20081120
0.683	-50.481	20081120
-2.949	-49.218	20081120
-2.958	-49.22	20081120
-2.968	-51.752	20081120
-4.373	-47.343	20081120
-2.035	-47.791	20081122
-2.452	-46.289	20081122
-2.453	-46.28	20081122
-2.252	-48.007	20081122
-2.579	-46.92	20081122
-2.58	-47.158	20081122
-2.914	-45.838	20081122
-2.787	-46.762	20081122
-3.016	-46.959	20081122
-3.028	-46.943	20081122
-3.029	-46.934	20081122
-2.898	-47.943	20081122
-3.257	-46.451	20081122
-3.295	-46.383	20081122
-3.296	-46.374	20081122
-3.058	-48.103	20081122
-2.943	-49.224	20081122
-2.952	-49.225	20081122
-3.45	-46.201	20081122
-2.326	-53.869	20081122
-2.318	-53.873	20081122
-2.322	-53.85	20081122
-3.412	-46.777	20081122
-3.413	-46.768	20081122
-3.421	-46.778	20081122
-3.351	-47.555	20081122
-3.517	-46.498	20081122
-3.512	-48.335	20081122
-3.513	-48.326	20081122
-3.514	-48.316	20081122
-3.52	-48.333	20081122
-3.521	-48.323	20081122
-4.064	-47.222	20081122
-4.451	-47.348	20081122
-4.586	-46.744	20081122
-4.527	-47.696	20081122
-2.939	-49.231	20081123
-2.783	-52.908	20081123
-2.977	-51.725	20081123
-2.979	-51.733	20081123
-3.213	-54.879	20081123
-16.176	-59.717	20081123
-3.888	-46.931	20081124
-3.888	-46.926	20081124
-4.04	-46.519	20081124
3.378	-51.237	20081125
3.37	-51.249	20081125
3.369	-51.239	20081125
-1.289	-52.252	20081125
-16.267	-59.713	20081125
-3.499	-45.72	20081126
-3.933	-47.023	20081126
-5.23	-44.847	20081126
-5.657	-44.669	20081126
2.645	-50.882	20081127
1.185	-50.537	20081127
0.699	-50.489	20081127
-2.995	-46.945	20081127
3.616	-51.306	20081129
1.197	-50.527	20081129
-1.72	-52.724	20081129
-3.149	-50.872	20081129
-3.15	-50.861	20081129
-3.158	-50.873	20081129
-3.16	-50.862	20081129
-3.377	-50.578	20081129
-3.378	-50.568	20081129
-3.395	-50.717	20081129
-3.397	-50.724	20081129
3.384	-51.147	20081130
1.195	-50.519	20081130
1.338	-50.358	20081130
-2.751	-52.648	20081130
-2.39	-51.864	20081130
-2.384	-51.856	20081130
-1.537	-54.969	20081130
-1.535	-54.982	20081130
1.338	-50.359	20081201
1.334	-50.346	20081201
-2.457	-48.512	20081201
-2.836	-47.611	20081201
-2.839	-47.608	20081201
-2.849	-47.609	20081201
-3.392	-46.22	20081201
-3.931	-46.549	20081201
-3.937	-46.569	20081201
-3.94	-46.551	20081201
-3.981	-46.585	20081201
-3.971	-47.083	20081201
-4.843	-48.429	20081201
-1.663	-52.362	20081202
-3.459	-50.677	20081202
-3.465	-50.683	20081202
-2.208	-53.584	20081204
-17.167	-56.474	20081204
-17.169	-56.464	20081204
-17.176	-56.475	20081204
-17.178	-56.466	20081204
-17.185	-56.473	20081204
-17.194	-56.475	20081204
-17.203	-56.476	20081204
-17.187	-57.891	20081204
-17.364	-56.932	20081204
-17.373	-56.933	20081204
1.325	-50.328	20081206
-1.903	-47.036	20081206
-3.873	-46.467	20081206
-16.023	-59.789	20081206
-17.14	-56.496	20081206
-17.136	-56.502	20081206
-17.389	-56.962	20081206
-17.392	-56.949	20081206
-17.182	-58.387	20081206
-16.178	-59.72	20081207
-17.399	-56.965	20081207
1.336	-50.348	20081208
-2.01	-45.645	20081208
-4.734	-48.58	20081208
-17.22	-57.761	20081209
-17.294	-57.823	20081209
-17.295	-57.812	20081209
-3.832	-46.591	20081210
-3.968	-46.645	20081210
1.33	-50.341	20081211
1.32	-50.343	20081211
-4.106	-47.083	20081212
1.318	-50.348	20081213
1.317	-50.339	20081213
1.202	-50.504	20081213
0.972	-50.313	20081213
1.324	-50.356	20081215
1.325	-50.363	20081215
1.314	-50.353	20081215
1.312	-50.342	20081215
1.202	-50.501	20081215
-2.271	-47.614	20081215
-2.28	-47.616	20081215
1.299	-50.359	20081217
1.295	-50.355	20081218
1.297	-50.362	20081218
1.295	-50.347	20081218
-17.266	-56.554	20081220
