93.7	134	181	274	275	237	193	230	171	214	234	206	194	226	288	299	373	336	349	303	299	294	284	330	342	350	305	304	322	283	297	314	383	355	404	435	427	402	393	418	482	503	496	418	297	300	316	265	192	162	156	140	144	158	184	234	237	229	235	233	261	252	221	188	147	146	143	137	143	147	181	171	189	174	215	285	237	207	199	217	181	136	155	153	126	152	79.3	56	88.3	80.3	91.1	80.3	90.2	53.5	34.3	23.9	28.6	34.5	41.3	57.8	77.5	86.6	110	84.1	99.8	92.3	89.6	89	81.3	84.5	95.5	95.7	97.1	80.2	53.1	61.8	47.6	73.4	81.2	83
135	187	249	255	256	231	271	187	158	203	224	208	222	247	272	253	307	346	328	293	248	245	218	247	371	374	319	310	445	385	346	370	404	358	409	418	400	409	388	439	385	430	484	338	324	293	272	243	180	141	150	143	141	155	149	145	145	155	182	245	275	206	203	166	163	167	156	153	173	173	145	158	184	191	206	205	196	221	209	200	146	128	148	140	138	136	104	99.1	87.9	106	91.4	73.6	50	60.7	34.8	27.3	20.9	17.4	38.7	62.3	77.1	64.8	69.9	52.4	50.6	40.2	54.3	63.3	71.6	71.7	82.6	91.6	95.8	78.6	78.3	66.6	76.5	81.9	71	81.6
166	236	216	208	202	188	227	215	186	203	225	218	235	226	219	250	245	243	292	271	229	236	236	250	342	364	318	354	405	383	341	303	316	288	344	310	280	305	294	311	303	305	338	290	272	228	201	214	139	153	135	150	139	120	126	99.8	133	150	199	227	188	187	168	150	170	188	223	170	199	166	161	168	208	241	242	253	179	209	190	172	147	142	129	132	141	143	113	97.3	96.4	79.3	75.1	75.5	62.2	31.7	17.3	22.4	27	36.5	38	47.9	37.4	39.2	47.4	25.6	24.6	29.4	55.9	63.9	81.3	79.6	73.3	79	92.8	82	85.1	94	79	61	64.1	79.5
206	237	233	242	203	220	238	277	271	254	216	177	199	213	220	206	206	225	220	258	258	193	231	344	356	337	315	281	311	283	269	265	311	262	240	210	195	210	221	309	294	271	269	260	220	183	161	175	170	217	185	150	121	106	111	89.4	135	151	183	253	169	152	160	199	193	208	189	189	212	214	170	190	186	208	196	192	179	224	200	171	156	148	129	164	154	150	142	89	85.8	74.4	70.1	68	48.6	24.1	15	18.3	26.4	34.2	34.1	24.4	25.1	20	27.7	29.8	31.1	25.1	39.4	75.6	83.3	86	82.1	103	91.6	88.9	94.9	107	103	94.2	85.8	89
207	259	228	182	178	229	341	302	276	263	223	184	213	221	203	192	204	219	232	222	257	240	257	420	346	277	264	287	268	271	242	275	266	243	160	111	148	158	180	219	198	157	176	180	183	167	157	131	148	177	184	168	135	102	103	111	134	131	164	191	164	128	159	170	170	219	215	182	173	182	185	165	165	160	151	165	204	234	194	204	169	150	159	220	148	174	160	116	91.4	94.9	61.2	46.6	31.5	9.63	11	15.2	10.8	20.4	14.4	17.2	23.3	27.3	25.7	28.5	28.6	27.3	32.6	59.2	55.9	59.8	65	73.5	71.8	75.4	91.7	103	99.3	81.4	83.1	88.9
198	223	230	193	220	225	282	266	230	218	197	196	237	232	217	193	215	230	234	266	260	246	291	340	247	253	257	206	229	309	327	258	194	193	162	114	107	127	162	184	172	121	116	155	176	151	144	149	135	138	129	134	129	111	106	101	102	88.7	131	153	133	129	148	189	169	207	203	166	133	137	199	157	139	133	126	143	241	228	220	231	208	169	176	181	169	165	183	146	112	77.6	75.4	36	37.6	14.6	11.8	10.9	8.67	8.73	8.73	19.5	17.5	20	17.2	24.1	31.6	34.7	39	64.9	60.9	60.7	58.6	51	50.2	45.8	49.7	102	109	85.9	99.1	131
167	217	234	235	250	240	265	214	229	231	269	260	254	223	210	216	225	245	231	250	300	312	249	238	275	298	298	276	250	283	278	196	170	169	157	104	95.2	118	107	126	133	121	108	150	159	167	139	122	126	125	104	104	122	102	105	89.7	100	102	120	113	149	182	174	152	164	234	168	139	127	150	155	144	160	126	125	107	241	184	183	237	204	176	170	161	174	177	163	129	88.5	74.8	72.7	48.5	23.7	26.3	25.5	21.8	9.18	4.8	17.4	19.7	17.2	21.5	18.1	24.5	23.8	34.4	46.5	71.2	77	62	58.4	55	73.9	83.7	88.7	98.3	89.9	84.2	90.4	114
194	224	258	253	239	247	272	242	257	272	273	277	257	236	209	204	229	246	237	288	264	289	256	258	235	254	256	279	287	356	283	170	139	160	135	102	80.6	92	98.9	99.9	97.2	80.9	82.6	132	148	132	110	131	129	129	116	131	126	133	128	112	120	132	137	146	150	159	218	143	143	168	141	108	119	93.1	112	114	111	103	107	114	149	167	127	154	154	141	160	169	171	143	143	124	92.9	88.8	86.6	57.2	28.4	35.1	21.1	13.3	4.5	7.65	13.3	15	18.6	15.5	15.4	15.2	21	37.2	41.8	66.1	92.2	76.3	67.2	62.1	65	78.3	67.6	105	76.6	67.4	74.6	83.4
185	205	243	264	253	238	230	185	205	228	248	250	244	219	210	217	211	226	222	220	197	217	222	239	246	271	272	271	258	401	258	146	152	176	163	137	98.5	92.8	96.6	91.1	114	119	105	130	136	124	137	150	123	122	119	132	136	168	145	147	144	135	130	154	172	180	227	161	160	152	119	93.2	74.1	77.2	105	96.2	95.3	100	104	118	165	122	97.2	117	126	136	150	179	207	139	120	121	90.9	91.7	71	17.6	16.1	22.8	13.3	1.47	1.68	10.5	11.8	15.6	11.3	14.6	17.3	12.6	15.1	27.6	35	42.8	48.4	58.3	48.9	54.5	53.1	38.9	43.2	54.3	32.2	21.2	20.5	19.7
150	182	212	189	189	156	151	122	132	135	187	216	216	181	208	224	243	239	250	177	172	194	222	187	276	297	271	211	215	229	242	143	112	113	119	159	132	104	66.2	70.4	71.7	99.5	130	166	161	161	195	166	146	134	120	123	122	174	143	139	159	134	126	143	167	188	198	151	145	134	121	124	97.4	79.7	115	93	76.1	100	90.6	111	122	101	79	111	143	112	124	177	208	159	145	108	87	62.2	45.7	46.1	47.4	37	32.2	2.34	1.83	13.1	15.9	12.9	7.8	6.06	7.23	5.52	6.39	18	40.8	21.3	39	52.4	46.6	47.7	44.5	28.7	22.2	21.6	18.3	22.3	9.06	10.3
128	185	231	185	166	134	148	137	146	175	168	171	192	184	185	188	159	135	160	179	158	214	215	162	228	268	266	198	199	189	198	157	159	126	134	174	162	145	63.6	68.3	73.8	103	95.5	154	161	178	177	163	140	137	128	123	130	151	134	130	137	129	136	166	157	196	201	152	159	131	134	148	145	108	111	110	73.2	78.3	84.7	84.7	85.9	97.7	99.6	136	161	128	92.3	145	142	126	110	96.5	76.5	75.5	58	55	44.1	36	34.1	1.89	2.91	10.4	9.09	7.2	4.68	4.8	2.88	12.9	20.4	9.36	19	8.37	9.15	21.2	16.7	10.5	13.3	10.2	15.7	7.14	8.52	15.3	12.8	7.2
156	211	206	175	158	156	161	153	157	171	138	142	146	191	177	151	155	128	145	184	195	236	163	147	173	211	255	231	173	195	167	171	168	146	189	155	131	94.6	72.8	88.7	102	97.3	87.4	122	140	153	139	148	159	167	160	175	166	155	137	106	102	95.1	169	179	177	156	133	124	119	134	104	111	125	89.3	80.1	83.4	62.9	63.2	77	104	109	98.3	91.5	123	132	99.6	91.2	124	152	99.4	88.2	76.1	64.6	89.3	82.3	43.9	33.4	34.1	34	4.68	2.13	0.33	4.11	2.76	6.54	8.31	4.14	11.2	13.5	13.7	13.2	3.81	7.65	14.5	12.7	6.21	3	2.67	4.53	2.16	2.52	4.56	2.73	2.22
160	175	230	188	168	158	186	208	218	171	156	157	157	145	142	151	167	143	172	215	226	237	221	184	166	223	299	266	179	138	163	164	140	123	129	148	142	99.9	73	83.1	102	117	120	148	153	151	165	164	157	165	214	221	202	161	135	129	121	110	128	160	163	131	130	111	121	113	94	114	116	93.9	66	56.3	74.2	76.7	95.2	106	85.8	77.6	88.2	119	98.1	86.7	101	102	137	134	124	118	84.3	135	105	45.3	37.3	40.6	30	9.03	5.13	0.81	2.16	2.19	1.89	2.61	3.03	1.32	3.48	13	15.9	5.28	2.97	7.29	6.93	1.2	0.48	0.03	0	5.97	5.88	6	1.77	1.68
164	198	231	179	176	197	186	256	199	232	200	220	221	201	216	231	221	180	190	203	233	226	197	187	203	247	248	187	148	148	152	136	113	115	145	133	111	87.8	74.5	79.3	87	105	126	243	180	213	188	192	254	186	202	244	196	148	139	115	141	142	136	140	148	156	206	189	140	122	95.6	134	123	72.6	58.9	55.5	65.9	102	117	155	174	80.6	102	96.2	54.8	38.6	46.5	72	96	114	88.8	84	127	127	122	63.1	26.8	32.5	27.8	12.8	12.6	4.06	7.24	3	0.21	0.24	0.33	3.27	1.05	2.58	0.21	0.03	4.38	5.64	5.79	0.15	0	0	0	0	0	0	0	0
176	214	222	167	190	196	192	191	176	174	208	248	229	216	215	232	224	202	212	243	277	262	206	204	248	255	233	192	213	188	189	132	123	129	123	89	80.3	90.3	87.9	72.6	76.5	106	142	203	205	231	177	160	181	186	275	211	182	136	124	106	148	165	146	126	138	123	122	142	113	95.6	94.6	114	70.8	58	40.9	42	55.1	81.5	113	149	119	71.1	114	86.4	57.9	29.7	49.3	65.5	72.6	106	97.1	111	137	130	109	70.7	41.4	29.2	20.6	7.14	8.73	4.05	4.1	2.43	2.7	0.15	0.99	3.21	2.01	0	0	0.15	3.03	5.01	0	2.1	0.69	1.17	0	0	0	0	0	0
192	186	207	179	191	204	223	228	187	179	200	209	194	201	229	212	166	220	222	196	247	267	249	291	270	262	290	224	220	241	188	151	157	130	109	102	108	140	125	104	129	130	177	244	239	240	181	158	177	182	261	269	203	229	139	125	133	152	146	156	158	108	78.1	91.8	84.8	67	74.6	77.6	58.3	48.8	43.6	55.6	61.6	85.8	99.7	82.9	82.6	69	94	97.4	59.5	32	59	101	77	78	81.1	92.5	98.1	117	66.8	41.4	28.6	20.1	19.6	4.4	4.23	4.05	4.05	0.15	0	0.48	0.63	2.01	0.21	0	0	0.39	0	0	0	0.42	0.03	0	0	0.09	0	0	0	0
212	228	193	187	216	225	215	230	193	195	165	198	209	182	176	168	179	206	240	246	327	307	217	239	234	224	272	199	239	197	178	129	123	112	92.7	100	114	111	136	146	145	150	189	294	244	234	278	187	160	179	247	189	196	193	146	169	161	163	135	146	140	111	94.6	101	84.7	75.3	86.4	80.4	38.7	39.1	34	38.8	56.4	78.9	68.5	43.6	53.4	49.9	69.6	92.2	71.1	55.7	72.8	103	103	90.5	68.3	76.6	75.5	85.8	61.4	42.4	29.6	27.8	19.4	5.17	4.05	4.02	4.03	0	0	0	0	0	0	0	0	0	0	0	0	0	0.03	0	0.09	0.33	0.57	0.42	0	0.36
171	216	204	192	234	227	228	218	218	187	162	198	214	175	160	183	256	253	267	240	279	258	183	153	179	200	204	173	169	124	107	93.2	74.9	73	68.6	87.3	74.1	85	108	173	148	154	206	357	246	449	335	201	151	217	168	158	154	156	165	118	105	119	114	112	98.3	86.9	89.7	106	73	78.5	88.7	99.5	22.3	40.5	20.3	36.1	53	60.7	66	70	59.8	58.2	81.9	88.6	69.3	53.7	61	77	101	98.6	71.2	62	56.4	64.2	64.7	59.3	55.7	36.3	19.2	29.3	17.5	17.4	17.4	0	0	0	0	0.18	0.33	0	0	0	0	0	0	0.03	0	0.21	0	0	0	0.18	0	0
157	199	250	241	266	274	232	195	191	158	157	178	167	161	172	209	254	314	257	188	219	245	209	135	232	239	239	238	235	167	112	80.1	64.5	81.1	69.8	73.9	96.2	90.2	85.1	141	165	162	217	247	230	246	227	252	175	142	152	211	173	166	198	103	97.7	76.8	75.5	76.9	67.7	50.1	48.4	60.1	68.5	48.9	49.9	81.5	34.4	43.3	32.4	37.3	28.5	63.8	47.6	35.1	41.7	39.3	67.3	101	83.1	59	88.4	57.2	55.2	81.2	53.7	56.8	47.7	57.5	59.3	47.4	49.9	45.9	34	17.6	17.2	17.2	17.3	0	0.15	0.57	0	0.3	0.09	0.66	0	0	0	0.03	0.03	0	0	0	0	0	0	0.03	0	0.03
216	274	294	230	248	222	208	193	157	136	150	152	128	148	160	192	259	243	249	184	262	262	244	208	314	282	232	238	231	206	141	136	155	116	102	111	101	127	145	121	139	158	207	202	214	228	232	217	157	118	173	166	153	146	128	87.7	79.6	57	68.8	86.4	70.9	50.5	30	37.8	53.8	27.6	47.6	53.4	20.9	9.91	30.5	19.8	37.6	41.9	39.9	39.1	55.9	43.4	85.8	87.3	50.8	79.1	63.1	69.9	59.5	67.9	50.5	52.4	35.9	25.7	30.9	36.5	50.4	81.4	44.6	17.8	30.6	22.2	17.8	0	0	0.03	0	0	0.24	0	0	0	0	0	0	0	0	0	0	0	0	0.18	0.03	0.03
272	300	243	190	203	212	201	161	142	134	125	101	121	106	165	244	230	218	243	221	297	342	279	241	256	241	237	284	234	181	129	146	171	137	102	122	129	136	141	142	126	135	149	167	197	197	186	182	158	124	183	118	197	117	109	69.6	53.1	64.4	56.5	67.7	58.7	42.5	41.5	47.2	39	47.3	52.2	72.8	32.8	7.22	5.41	24.1	33.5	43.1	38.2	37.4	49.8	30.9	46.1	53.1	76.7	82.6	68.6	50.2	58.3	45	34.2	63.5	76	51.9	35.9	36.2	35.2	41.3	31.9	25.9	29.2	31.5	19.5	0	0.42	0.27	0	0	0.9	0	0	0	0	0	0	0.03	0	0	0	0	0	0	0.3	0
324	381	308	215	249	296	314	220	184	190	189	183	243	166	183	231	227	228	217	229	280	352	287	199	249	227	206	222	135	130	150	173	132	124	180	154	126	117	121	128	131	152	146	178	196	201	220	184	182	183	161	148	225	84.5	88.6	64.9	60	34.6	50.4	66.2	48.6	57.5	62.8	58.8	39.9	63.5	57.8	73.1	35.8	20.7	18.7	36.1	53.7	77.4	71	53.3	26.4	30.2	49.6	51.6	75.2	65.4	65.9	40.2	33.1	33.6	34.5	57.9	69.2	48	78.8	68.6	91.4	60	66.6	36.5	42.1	43.3	31.3	29.8	28.6	26.7	22.6	22.6	20.7	17.1	16.6	16.8	16.3	15.7	15.7	0	0	0	0.15	2.22	1.68	0.27	0.33	0
273	309	248	218	262	291	307	204	193	209	227	173	158	143	174	218	204	216	216	267	317	368	313	234	220	205	197	198	147	144	119	139	109	136	189	151	152	145	123	126	132	171	169	220	221	216	332	159	171	143	144	132	110	84.2	73	72.2	55.2	45.9	34.4	38.4	27.4	51.4	29.6	56.1	40.8	46.7	51.2	75.2	54.4	11.1	44.8	28.4	49.3	59.4	58.5	43.3	30	35.8	67.5	72.9	82.3	75.6	52.8	41.9	47.3	36.5	38	34.4	45.8	64.3	56.5	77.3	141	146	130	103	77.7	67.8	45.3	33.6	28.3	30.7	28.2	24.4	19.7	17.4	16.8	16.7	16.1	15.7	15.7	0	0	0.03	0.15	0.21	0.9	0	0.15	0.39
260	307	260	243	249	223	189	155	175	183	189	159	173	200	188	191	186	208	201	265	296	255	260	169	194	186	156	123	128	135	140	159	129	126	150	152	163	168	128	115	112	127	189	241	202	176	392	154	167	130	132	89.5	90.9	145	89.8	53.3	57.4	68	53.8	94.8	47.9	33.3	30.8	65.8	62.3	46.7	40.1	50.2	50.9	62	46.1	34.2	30.6	57.9	62.5	31.8	41.9	74.8	134	70.6	82.8	67.4	58.1	44.4	44.9	72	63.6	46.7	71.8	60.1	76.3	116	147	184	219	181	122	82.4	43.9	56.4	55.7	45.1	43.6	31.6	22.3	19.9	20.6	18.2	19.9	16	15.8	0	0.09	0.15	0	0	0	0	0	0.39
250	285	240	225	215	226	208	180	170	184	234	175	186	186	165	198	192	202	167	209	217	214	193	157	157	167	131	155	112	128	126	125	133	126	147	135	117	149	135	157	117	117	142	150	128	158	225	168	155	163	157	110	126	145	76.8	52.6	44.9	26.9	33.4	94.9	61.5	22.2	44.4	77.9	77.7	54.2	56.4	87.3	97.5	92.3	60.4	43.2	29.2	37.8	36.3	22.9	41.1	72.5	75.3	48.7	50.4	59.1	72.4	52.3	65.5	98.2	90.3	72.2	92.9	93.3	105	189	196	195	164	126	78.9	54.6	57.1	91.2	86.5	64.8	50.6	52.1	42.9	29.2	23.6	20.7	18.3	16.7	29.8	0.0716	0.54	0.3	0	0.15	0	0.12	0.69	0.57
299	336	249	224	246	362	304	177	151	165	184	174	171	190	164	160	180	239	221	160	163	218	208	169	188	160	165	133	115	158	104	128	122	128	123	95.9	79.6	69.3	76.9	95.1	111	97.4	86.4	118	68.8	107	120	135	130	115	85.9	78	94.9	134	66.1	34.2	53.1	44.9	39.6	57.2	46.6	28.3	37.6	43.2	35.4	27.6	25.9	22.3	36.7	47.6	35.8	26.5	28.7	45.3	42.1	71.1	41.3	24.7	18.5	20.9	48.3	64.1	59.5	52.1	53.5	69.8	89.7	86.4	109	123	112	219	242	221	207	128	78.4	74.6	86.1	137	159	159	114	87.4	69.6	56.3	48.2	36.9	31.6	27	16.6	22.7	16.3	16.6	11.6	11.5	10.3	8.87	8.99	0.24
306	309	326	259	239	347	208	159	162	192	223	177	147	156	183	144	137	208	241	158	135	168	211	186	167	157	149	142	135	125	119	102	116	148	135	135	114	69.4	59.8	53.6	72.5	99.5	72.9	94.6	78.2	86.3	108	97.4	87.7	108	101	56.9	45.7	47.8	45	50.3	60.6	52.5	52.1	36.8	53.4	52.4	46	57.3	38.5	19.3	10.6	15.3	21.3	29.2	26.9	34.6	37.9	40.2	46.6	50	21.8	14.1	9.23	10.8	19.9	20.4	20.1	17	21	48.2	48.7	62	70.9	52.8	49.5	161	175	165	137	91.4	91.8	91.2	98.4	120	219	196	125	106	111	93.7	92.3	72.3	55.4	51.2	37.9	27.9	15.6	14.9	13.2	19	11.2	8.65	8.71	0.66
271	264	319	261	279	271	206	222	219	224	214	203	185	176	223	184	177	230	212	141	112	126	172	143	183	177	183	174	165	139	154	109	94.6	124	158	167	164	115	105	90.4	65.9	85.9	97.1	88.8	91.2	86.2	131	104	97	113	103	75	61.1	44.8	55.1	45.9	39.7	39.6	67	33.3	42.5	46.1	39.8	62.2	42.7	40.7	26.1	37.2	17.3	13.6	19.6	43.9	80.7	49.7	36.7	35.5	14.3	10.5	8.7	12.9	15.3	17.9	24.8	33.5	32.4	35.5	39.1	34.5	27.2	48.4	41.6	77.8	111	94.6	91.5	86.7	86.9	118	156	186	245	191	129	106	128	103	107	66.2	76.3	50.4	64.9	47.1	39.6	13.4	14.3	12.4	14.3	7.97	7.53	3.12
286	289	289	264	279	277	202	174	190	204	258	256	240	226	241	166	183	244	183	124	110	118	172	150	160	150	165	183	220	188	138	105	111	153	162	160	172	134	87.7	106	74.3	94.5	79.3	83.5	134	160	139	67.3	64	113	129	77.7	80.6	70.4	74.1	54.3	46.2	44.7	48.4	40.6	39.4	27.2	94.2	94.3	42.2	19.2	27.9	37.2	8.96	0.882	20	42	49.3	40.6	14.3	15.2	21.5	7.91	8.32	9.89	16.3	22.8	25.6	73.6	36.4	21.8	30.5	52.8	42.6	42.2	58.6	73.5	107	104	110	114	148	166	172	195	207	177	138	113	102	118	107	83.1	73.6	40.6	30	20.7	22.8	14.9	20.6	16	8.39	7.47	10.6	8.87
228	216	195	186	187	178	178	148	171	210	235	266	206	217	275	249	212	233	210	156	171	180	200	163	165	168	148	136	143	135	134	117	103	116	123	120	149	106	95.5	124	121	103	93.1	101	145	171	162	105	90.5	94.2	117	93	107	79.8	59.6	53.9	52.3	53.7	56.3	29.7	32.3	40.5	62.1	53.4	22.6	16.1	14.2	8.1	8.07	9.08	13.2	7.85	8.67	8.52	8.44	13.5	13.7	8.32	14.2	10.7	14.2	19.1	21.5	40.7	42.7	23	18.4	35.6	43.7	48.8	55.6	70.9	89	106	164	183	237	278	269	246	197	167	145	102	92.2	71.9	89	112	69.7	56.9	40.7	20	17	16.2	16	11.3	8.46	8.28	6.47	4.25
247	203	187	169	212	176	187	201	251	183	202	205	185	241	270	314	222	262	219	167	168	224	228	185	178	172	178	116	90.9	103	99.2	85.4	109	160	118	110	94.7	101	117	126	140	115	126	111	100	142	131	115	113	95	96.4	147	82.4	86.8	63.3	52	52.4	49.3	45	34.5	29.7	55.7	64.2	41.8	19.2	23.8	11.2	9.98	28.1	16.1	9.06	10.4	8.13	9	10.2	15.7	12.9	10.4	10.2	14.7	17.5	15.5	19	18.3	27.3	29.4	14.7	27.1	27.3	40.7	35.8	61.5	76.8	110	194	175	182	220	263	237	195	146	108	98.7	73.8	66.6	74.7	103	86.4	57.1	45.8	31.4	17	15.5	14.7	8.45	7.97	12.8	13.8	16.3
183	183	203	168	189	192	209	230	228	185	171	249	221	222	191	244	267	200	215	144	122	138	156	151	156	141	136	88.9	90.7	99.2	90.9	94.3	120	111	109	114	107	110	118	139	162	148	109	111	86.9	83.8	84.9	105	129	92.8	68.1	47.6	62	76.6	65.6	52.3	48.4	52.3	47.3	38.1	32.8	52.1	33	40.7	17.5	12.4	12.2	15.8	22.7	15.2	10	15.1	16.4	15.4	11.3	13.5	13.2	14.8	9.87	20.9	10.6	13	16	17.1	26.9	26.8	17.7	12.6	25.8	19.1	21.8	38.8	63.3	109	143	142	128	145	141	168	151	130	153	117	97	95	70	38.3	51	47.1	28.1	30.1	11.4	9.06	8.4	6.98	6.8	19.1	6.22	18.3
197	186	167	156	211	221	208	215	206	217	238	198	174	150	158	196	173	203	179	111	106	137	173	120	123	127	130	108	102	133	110	113	124	119	108	88.4	100	102	119	149	142	141	98.9	129	117	123	111	105	122	83.6	38.2	33.6	32.5	44.1	81.8	58.1	61.5	46.8	42	25.4	20.4	27.5	39.7	48.1	39.8	24.2	32	29.6	36.4	27.3	23.1	12.9	14.6	13	9.1	16.5	20	15.2	19.6	20.4	15.8	12.6	14.1	16.5	18.6	14.8	14.2	12.1	11.3	12.7	14.5	17.7	43.4	46.4	62.2	62	50.4	81.7	65.8	84.4	98.4	135	167	119	91.3	77.1	61.7	39.3	30.3	18.9	18.5	15.2	9.21	16.8	8.75	6.1	20.9	29.3	16.8	11.6
149	193	154	135	166	182	190	204	186	221	247	224	161	169	169	193	176	161	150	104	112	132	142	110	112	125	143	132	105	109	118	121	132	115	92.5	93	92.9	86.6	108	138	136	88.1	81.7	99.2	86.7	114	114	101	83.4	68.8	42.7	33.9	32.4	31.2	43.3	38.7	61	41.7	21.4	25.8	20.3	29.6	32.1	34.8	35.7	45.4	47.9	21.8	21.3	18.6	9.69	15.2	14.1	14.1	11.1	14.5	12.4	11.7	14.4	14.2	14.4	15	13.9	18.6	13.8	8.5	16.1	32.1	23.4	21.6	18.6	15.3	17.4	24.7	20.3	25	19	28.1	21.3	25.7	41.2	54.1	96.2	62.4	35.1	33.7	32.4	28.6	27.9	34.7	13.5	7.39	8.64	24.7	23.4	17.7	12.7	23.4	19	8.84
141	166	142	135	145	152	149	176	192	185	312	227	170	229	236	204	181	165	128	119	124	127	140	131	142	129	136	123	111	108	102	125	121	108	92.2	74.5	84.5	82.4	138	131	79.5	66.9	80	90.6	84.7	83	103	94.7	77.9	62	53.3	40.6	39.9	41.4	45.1	51.3	44.3	38.2	23.4	25.2	24.9	31.4	32.8	32.1	35.9	38.9	24.2	17.7	22.1	21.1	11.7	16.9	19.1	16.8	12.2	13.7	11.9	9.87	10.8	14.8	16.5	17.5	18.7	21.3	13.3	12.4	8.63	17.2	19	27.4	23.8	12.1	22.6	24.7	15.9	18.1	13.6	7.91	11.8	12.8	24.9	23.8	34.9	23	14.2	14	15.9	12.8	22.9	22.5	37.1	7.54	4.89	22.6	28.7	18.3	6.67	4.36	4	3.99
168	155	143	144	153	150	174	207	207	207	263	200	162	260	261	165	148	162	152	165	184	166	156	138	142	119	133	102	97.7	108	106	110	131	101	83.5	81.9	63.7	65	69.7	86.2	67.5	51.9	79.6	102	89	95.2	78.8	50.9	52	51	56.5	56.7	70.7	67.2	56.7	45.6	37.8	41.1	47.9	44.5	29.7	25.4	27.9	21.3	40.4	40.1	34.9	16.7	13	17.8	16.6	23.8	28.1	23.2	16.7	17.4	14.3	10.6	10.5	11.4	16	13.6	16	12.8	9.14	8.85	17	21.3	26.9	43.8	10.2	4.07	5	9.66	10	4.44	4.82	5.55	6.64	9.33	14.6	16.2	17.1	12.8	8.86	4.1	18	30	2.46	11.1	26.3	19.8	8.51	18.3	35.5	25.8	18.5	15	3.39	3.31
193	173	166	140	141	166	192	225	230	269	244	189	188	221	190	146	148	164	209	182	164	162	167	139	181	123	132	108	94.2	125	123	119	109	110	82.2	112	89.6	61	47.9	50.4	45.5	58.6	77.4	85.8	79	60.2	68.4	53.8	53.9	100	123	74.3	64	63.2	57.1	34.1	37.1	56.3	47.3	38.1	20.7	22.8	39.2	47.6	39.1	62.4	78.2	31.7	24	24.5	17.8	25.8	28.2	31.7	31	36.4	22.5	14.4	11.3	11.4	12.4	12.5	11.5	7.15	7.26	7.17	7.88	16	14.9	10.9	10.9	4.77	3.41	3.34	3.58	3.72	3.94	4.46	5.23	7.3	8.18	8.91	14	11.6	11.8	3.17	2.71	2.12	1.65	8.37	12	27.6	11.7	13	24.2	19.3	19.4	13	9.18	8.71
189	156	174	170	139	158	191	281	330	333	318	225	224	219	165	129	136	153	212	168	127	114	141	145	149	139	133	127	96.2	112	150	120	85.1	92.7	78.2	112	106	64.5	54.7	61.8	81.9	69.4	62.8	72.1	74	72	61	57.6	73.5	93.7	145	106	98.9	70	58.2	35.6	37.8	56.2	38.8	26.6	25.1	30.2	29.7	24	26	50.8	34	25.3	27.6	30.9	17.7	21.2	17.9	30.1	22.1	16.9	18.4	10.4	7.05	6.67	6.5	7.74	9.28	9.44	7.36	7.17	6.83	6.49	8.44	6.39	12.1	8.39	6.62	5.03	4.99	4.06	4.13	4.52	5.2	4.35	4.86	5.23	5.46	0.965	1	0.971	0.836	3.67	2.9	6.21	11.5	15	12.4	5.88	14.1	12.3	12.1	2.86	8.39	1.74
182	177	182	168	170	167	188	311	318	396	446	255	210	204	149	130	135	139	183	211	149	117	114	120	153	167	170	143	120	117	135	163	112	94.1	71.3	94.1	86.1	77.1	79.2	92.3	98	68.2	86.3	97.9	87	91.3	76.9	88	84.6	87	96.1	88.1	65.3	68	61.6	32.3	47.5	71.8	52.6	33.6	29.8	29.4	25.4	30.7	39.4	33	31.7	21.6	37.1	39.5	18.7	33.9	31.6	19.9	19.2	14	12.7	7.76	9.17	7.06	8.9	8.2	9.42	11	12	12.2	9.58	11	11.8	15.2	16.4	13.2	10.3	7.02	5.05	3	2.81	2.83	3.04	2.49	2.55	2.67	2.75	0.497	0.512	0.496	0.444	2.02	6.8	1.55	1.43	2.42	2.32	2.08	1.97	10.6	8.81	2.16	1.63	1.05
151	148	157	142	169	164	201	200	277	386	341	223	183	173	144	118	133	152	182	187	143	125	105	84	113	153	165	132	133	123	106	156	108	90.3	73.5	73.1	89.7	99.5	94.7	111	81.1	61.4	64.8	65.6	58.3	76.5	99.6	97.3	76.7	64.1	54.5	76.3	69.8	55.6	51.9	37.5	34.4	65.8	67.4	40.6	32.2	29.4	26.1	33.8	43.1	49.1	38.5	40.5	35	33.6	31.1	48.9	37.6	20.8	13.1	8.94	8.51	8.57	7.9	7.4	7.09	6.95	11.8	14.8	14.3	13.8	9.84	9.24	8.45	7.93	8.5	17.2	17	5.55	5.18	4.14	3.43	11.8	1.71	1.21	1.18	1.16	1.18	3.9	1.36	0.256	0.21	1.07	1.06	1.05	1.04	1.87	1.86	1.81	1.69	2.5	1.87	2.35	1.33	0.814
158	139	139	125	156	147	130	150	205	231	299	269	225	162	153	169	174	180	195	183	155	128	96	73.9	96.9	118	131	99.1	108	111	111	142	104	110	104	74.6	76.4	88.1	77	98.3	81.9	80	61.7	64.8	57.9	65.1	81.8	94.2	64.2	69.7	77.2	53.9	55.8	67.2	87.8	64.1	41.9	42.7	36.3	34	28.7	28.7	25.7	34.5	32.6	28.7	28.9	25.9	32.9	38.1	51.9	38.4	25.3	23.3	25.8	15.4	13.2	10.1	11.5	16.8	11.9	7.16	10.4	18.2	17.2	11.9	7.98	5.84	5.33	5.11	5.54	7.69	13.5	14.2	4.32	2.72	1.87	24.5	1.3	1	3.45	0.87	3.46	7.77	0.165	0.478	0.175	0.947	0.96	3.68	0.991	1.8	1.83	1.79	1.66	1.89	1.99	1.9	1.37	0.795
131	92	94.1	81.5	108	109	117	169	198	182	230	220	192	188	161	218	213	225	171	168	158	125	117	87.6	86.8	84.3	118	105	87.6	134	154	109	89.7	141	120	106	81.2	89.6	80.5	100	92	71.7	74.1	65.4	42.7	53	54.4	52.4	58.2	88.8	126	73.4	63.2	65.1	94.6	65.1	52.9	37.4	20.6	21.3	33.7	23.6	22	62.6	28.8	11	19.8	22.4	17	22.7	33.9	29.7	29.2	23.1	20.6	15.2	13.8	13.6	23.2	29.3	9.28	2.82	3.65	14.3	9.69	4.93	6.9	4.3	4.04	3.93	11.1	19.3	9.44	17.3	5.61	0.733	1.62	10.3	0.486	0.844	0.285	0.283	11.4	10.9	1.68	1.59	0.17	1.22	1.33	1.96	2.06	6.71	4.05	6.09	18.2	5.1	2.08	2.48	7.14	4.87
137	109	70.2	103	112	129	148	211	166	203	193	153	146	188	165	170	195	181	192	184	198	155	131	99.6	110	116	119	88.9	122	148	161	103	89.9	102	102	122	101	127	76.6	85.2	129	127	111	83.7	59.8	79.2	73	64	65.7	67.2	59.1	95.2	60.8	79.7	82.1	62.2	76.2	30.7	26.8	44.2	21.2	21.7	41.1	48.1	53.3	13.2	9.57	22.8	22.9	33.6	36.4	30	15.5	14.9	17	15.5	23.2	12.4	12.7	17.5	8.29	7.45	18	21.8	4.03	7.99	26.1	25.8	9.15	4.97	3.71	11.7	1.47	4.42	1.82	0.484	3.3	0.284	0.258	0.152	0.135	0.135	0.154	0.0982	0.0855	0.102	0.128	1.01	1.18	1.29	6.38	4.01	6.04	6.74	14.1	2.31	2.54	11.1	15	16.8
136	149	120	97.9	133	133	155	177	178	177	168	125	118	147	183	158	152	175	199	191	176	135	115	104	134	112	119	136	155	154	119	95.1	93.9	79.1	103	97.4	91.4	96	84.7	88.9	103	102	123	83.1	51.2	52.3	99.5	71.3	70.7	125	81.5	63.3	106	113	127	101	77.9	66.5	45.4	39.1	42.9	37.1	48.5	42.5	63.8	14.4	14.1	25.3	21	32.1	25.9	26.6	16	14.9	15	14.5	23.3	13.3	12.6	8.62	5.71	37.3	29.5	19	10.3	5.52	7.06	18.9	18.4	13.8	18.7	21.4	12	1.85	0.568	0.316	0.212	0.148	0.125	3.35	0.0516	0.0538	0.0732	0.0419	0.83	0.299	0.0999	0.853	1.04	1.18	1.94	1.96	2.1	2.48	3.81	2.13	2.95	17.7	20.7	28.7
138	159	175	95.5	99	119	146	168	154	162	167	122	118	157	170	131	132	135	152	145	123	108	113	116	120	110	109	160	127	118	105	79.6	67.3	86	99.9	91.5	105	83	90.9	169	149	101	73.7	58.3	44.2	49.9	58.3	67.3	119	93	61	74.9	103	123	133	91.8	84	88	91	43.5	42.6	35.4	25.7	34	39.8	18.1	19	23.2	18.9	21.7	22.4	33.7	19.8	38.4	43.7	45.1	19.3	14.7	18.6	24.8	19.8	19.8	19.6	33.8	42.9	28.4	16.2	13.5	9.15	4.82	5.16	6.22	4.55	4.24	0.424	0.235	0.157	0.11	2.87	0.557	0.0378	0.0404	0.057	1.36	1.22	0.0582	0.0853	0.748	0.939	1.06	1.18	1.83	1.98	1.99	1.81	2.02	1.85	6.99	14.6	17.1
122	111	89.5	85.5	81.8	115	130	127	142	119	124	122	87.8	118	115	95.8	105	106	115	146	127	107	126	165	128	129	100	112	138	139	149	113	84.2	110	96.4	168	116	118	121	264	218	146	76.9	74.4	81.1	69.3	71.6	125	139	122	101	76.6	82.5	94.6	105	90.5	102	91	105	94.8	58.1	46.9	39.5	26.8	47.1	42.8	37.9	60.2	20.2	35.3	14.6	19.4	8.16	8.1	12.2	35.8	24.2	10.9	15.7	62.5	30.8	13.2	11	45.1	61.3	74.5	64.7	33.6	8.66	4.46	5.13	20.3	0.351	5.55	5.46	0.087	14.8	0.428	14.9	4.2	0.0182	0.0205	0.0307	0.0897	0.112	0.17	0.263	0.854	1.06	1.24	1.4	1.27	1.39	1.4	1.28	1.55	1.39	1.18	2.97	1.73
82.5	97	89.7	87.1	91.7	127	118	103	112	86.5	95.8	109	98.3	81.6	80.5	77.4	101	75.3	75.3	101	131	138	129	130	121	158	135	130	112	122	221	148	103	133	115	128	140	177	138	183	197	117	107	81	71.1	85.7	95.3	136	156	171	67.4	59.2	51.4	73.9	173	70.7	79.9	61.7	67.8	64.9	34.6	31.9	30.9	20.1	38.5	43	38.6	76	86.5	34.5	16.7	20.2	2.4	7.21	7.64	47.8	30.2	5.26	11.9	36.6	32.9	32.3	16.7	26.4	53.2	73.8	80.3	79.5	32.7	7.89	7.81	1.95	1.97	13.7	0.0489	0.0398	0.0262	0.175	0.0149	0.0104	0.00784	0.0105	0.0184	0.0577	0.0751	0.126	0.21	0.698	0.893	1.08	1.25	1.17	1.31	1.32	1.21	1.62	1.32	1.12	0.865	0.408
84.7	86.7	104	108	120	124	115	87.2	89.7	82.7	89.7	82.5	74.2	64.9	88.3	79.1	75.5	116	79.4	83.6	112	117	120	122	119	122	153	183	151	190	209	167	120	106	135	137	178	215	166	182	150	147	99.5	87.2	87.2	82.5	67	108	128	141	76.4	44.9	52.9	62.7	165	93	76.1	80.2	61.1	41.5	34.4	35.9	34	22	44.4	75.8	97.5	68	84.2	35.4	33.5	25.6	16.6	13.1	18.2	36.1	31.2	9.47	24.6	39.6	41.5	58.9	154	32.6	21.5	38.8	38.2	26.8	25.6	0.0878	0.0659	0.117	0.0556	0.0224	0.0177	0.0142	0.00907	0.00594	18.6	19.2	0.00235	0.00486	0.0109	0.037	0.0501	0.0934	0.167	0.568	0.738	0.914	1.73	1.04	1.19	1.52	1.98	2.61	2.9	2	0.782	0.62
83.9	89.3	101	117	121	133	150	118	89.3	89.4	76	69.1	86.4	83.7	83.9	86.4	77	108	106	84.6	90.7	99.9	98.9	92.8	110	109	158	128	150	149	163	119	143	115	95.9	122	120	164	154	130	164	132	90.2	94.3	94.4	77.8	69.7	91.8	145	135	97.2	48.8	42.5	63.1	90.7	128	95.1	51.5	63.6	60.1	54.5	62.6	56.7	35.2	44.7	64	32.6	31.9	45.9	31.8	18.7	15.6	26.8	35.5	25.8	31.6	44.7	23.4	35.7	35	18.2	42.2	58.1	27.1	20	22.2	18.9	25.7	11.1	0.0637	17.3	23.3	3.38	0.016	0.0127	0.0101	0.0065	0.00425	1.1	13.2	10.8	0.00354	0.00799	0.0273	0.0369	0.0718	0.132	0.797	3.52	0.748	0.92	0.893	1.05	2.59	4.55	2.81	1.11	2.27	2.45	0.993
81.9	94.1	74.3	77.3	84.2	97.6	134	103	82.7	97.1	97.5	79.8	80.7	79.6	103	99.2	83.8	109	92.5	95.8	113	108	132	138	133	102	82.9	90.7	136	160	134	116	159	124	136	117	105	108	111	130	105	87.9	82.1	65.9	71.4	67.8	78.2	98.8	83	70.1	61.9	39.8	43.2	43.8	55	83.8	101	70.4	60.3	35.9	50.8	57.4	87.3	39.3	33.2	21.6	11.2	12	13.4	20.7	14.7	20.3	15.5	12.8	11.9	16.1	13.8	12.7	16.4	48.9	45.9	34.6	17.6	11.8	23.8	9.15	16.7	12.4	4.48	8.3	17.3	25.4	0	0	0	0	0	0	0	0	5.54	2.06	0	0.00774	0.0105	0.0223	0.0429	1.48	0.25	0.324	0.411	0.214	0.273	0.259	0.237	0.656	0.587	0.493	0.376	0.151
86.9	84.6	89.6	82.8	91.3	84.5	120	83.3	84.3	98.9	97.7	94.1	92.2	88.7	85.2	83.1	77.8	70.2	76.5	89.1	103	107	124	105	104	103	84.5	67.5	86.1	133	130	97.6	107	130	119	114	122	113	114	118	77	76.5	65.4	52.3	55	61.6	77.7	71.6	44.6	43.4	56.9	67.2	58.1	65.2	52.3	59.9	76.2	103	88	65.7	44.1	31.1	60.9	48.8	22.9	13.1	8.92	13	2.73	14.3	2.79	11.9	12.6	5.91	7.1	17.3	4.76	4.81	7.22	16.2	32.5	15.3	1.27	1.55	8.09	11.8	3.13	5.86	5.14	4.69	0.00119	0	0	0	0	0	0	0	0	0	1.17	0	0	0.0161	0.00472	0.0127	0.193	0.125	0.169	0.231	0.312	0.17	0.204	0.213	0.194	0.534	0.475	0.397	0.299	0.117
54	53	74.1	107	82.2	77.5	77.6	72.6	73.7	85.1	88.7	96.9	82.6	81.4	70.9	71.7	85	72.3	78.7	94.5	79.3	97.4	103	74.7	67.3	79.5	81.7	73.5	103	86	116	75.3	109	164	126	97.2	126	117	99.9	98.4	77.1	76.9	74.5	69.9	53.9	47.1	51.5	20	27.3	36.2	22.8	53.4	127	55.8	42.1	128	111	99.6	114	79	33.5	31.2	32.2	35.9	23.6	16.4	12.9	7.4	1.04	0.459	1.26	5.28	6.52	5.15	5.67	8.01	2.54	8.66	19	21.8	14.1	13.5	0.116	5.35	20.3	22.9	18.9	6.15	8.15	3.59	0.998	3.17	0	0	0	0	0	0.00965	0	0	0	0	0	0.00114	0.0016	0.00697	0.0173	0.0934	0.113	0.163	0.233	0.132	0.162	0.169	0.154	0.421	0.373	0.325	0.232	0.0892
57.9	52.6	74.6	92.8	95.6	80.6	69.7	50.9	55.6	84.9	90.2	91.4	86.9	73.8	75.9	69.6	76.7	77.6	69.8	96.3	73.3	92	108	82.8	51.9	82.4	90.7	71.6	92	79.3	78.1	87	86.6	107	110	124	145	155	97.8	91.9	78.9	99.4	151	74.7	80	56.3	43.2	14.5	27.5	31.2	10.7	9.98	21.3	14.2	10.2	47.6	49.9	60.4	81.9	38.5	35.3	39.3	23	12.8	36.1	20.5	19.9	3.98	2.85	2.89	0.611	1.3	2.52	3.24	1.59	0.232	1.35	11.1	10.5	15.4	12.5	7.64	4.27	9.27	21.1	23	26	27.4	14.6	3.5	0.000279	0	0	0	0	0	0	0	0	0	0	0	0	0.000814	0.00114	0.00506	0.0126	0.0597	0.0818	0.121	0.175	0.0999	0.123	0.129	0.117	0.319	0.281	0.234	0.195	0.067
67.7	66.2	65.8	63.7	85.5	86.4	71.3	65.7	70.9	68.7	73.6	100	85.3	65.2	81.6	87.4	75.6	68.3	83.1	107	102	93.3	123	80.1	67.6	83.6	80	66.9	72.2	70.7	77.2	80.9	80.3	103	104	120	107	118	90.7	96.7	73.7	102	71	73.1	69.2	59.1	53.6	38.5	18.4	8.11	8.75	8.27	13.6	15.3	15.3	26	44.4	50.3	60.8	54.2	47.9	53.7	30.8	24.6	28.5	37.9	36.7	17.4	10.6	6.31	4.88	9.93	21.5	4.16	4.67	15.7	6.96	0.114	0.105	0.106	0.0974	0.0869	0.0738	11.9	10.2	3.12	18.1	36	27.5	10.9	0.00236	0	0	0	0	0	0.00761	0	0	0	0.171	0	0	0	0	0	0	0.00979	0.0134	0.0204	0.0306	0.0398	0.0496	0.0519	0.0471	0.0336	0.0294	0.0244	0.0182	0.022
61.4	66.6	57.8	49.3	56.6	66.4	64.1	55.5	66.7	63.4	74.7	84	76.9	71.8	60.5	89.5	69.5	65.7	103	95	83.9	78.1	110	96	72.8	67.9	53.1	58.3	66	58.1	54.5	46.8	53.3	76.4	119	97.5	84.7	75.3	86	85.8	77.1	87.6	66.6	74	73.4	70.6	79.6	70.6	54	22.5	28.9	33.2	17.1	13.2	12.5	38	46.5	74.6	65.6	41.5	62.1	61.7	49.9	18.8	10.9	18.6	41.7	26.4	11.6	4.86	3.7	3.75	3.56	13	16.1	5.75	14	18.1	6.43	31.4	14.7	0.0733	8.81	18.5	16.5	0.764	2.15	16.2	2.79	0.173	0.00291	0	0	0	0.0106	0	0	0	0	0	0	0	0	0	0	0	0.0055	0.00394	0.00543	0.00913	0.0151	0.0205	0.0264	0.0279	0.0249	0.0176	0.0152	0.0124	0.00925	0.0112
53.4	53.2	53.6	48.2	46.8	72	82.7	60	60.1	49.1	53.3	55.7	64.7	60.5	62.8	92.4	59.7	74.2	73.1	93.7	97	96.3	94.3	96.2	86.1	58.9	46.9	43.3	57.8	55.9	39.6	37.4	49.7	77	91.8	97	95	74.5	92.9	123	123	119	127	103	81.8	79.5	89.7	78	35.6	30.9	51.9	86.2	23.1	20.4	5.89	28.2	28.2	91.4	83.5	29.3	25.5	29.8	16.5	7.12	7.84	19.4	32	9.67	4.91	1.85	4.06	4.32	5.68	13	9.04	0.081	2.28	5.42	3.6	0.873	1	0.0663	1.32	4.11	3.1	0.728	0.861	0.0241	0.0121	0.00527	0.00377	0	0	0	0	0	0	0.285	0	0	0	0	0.00944	0	0	0	0	0.000881	0.00123	0.00307	0.00644	0.00957	0.0129	0.0138	0.0122	0.0084	0.0358	0.00568	0.00429	1.7
53	53	59.6	50.8	50.3	68.3	78.4	71.8	60.4	58.8	59.8	60.4	63.7	58.5	69.8	74	79.5	53.9	67.1	78.2	84.1	106	97.1	86.1	74.3	60.5	53.1	37.1	28	31.7	30.2	28.8	75.5	109	94.6	98.2	113	107	124	130	145	127	146	80.2	79.2	76.7	49.9	27.6	14.2	11	35.4	44.8	20.8	11.1	8.61	4.68	9.63	33.6	39.9	29	37.4	16	11.7	4.74	6.26	16	15.4	13.7	9.08	6.85	5.4	7.66	3.97	3.08	4.96	1.89	10.8	1.88	0.0702	0.073	3.58	0.0664	2.17	4.44	7.05	10.2	2.86	0.0269	0.0142	1.58	3.95	0	0	0	0	0	0	0	0.00478	0	0	0	0	0	0	0	0	0.000628	0.000879	0.0022	0.0046	0.00684	0.0092	0.00983	0.00867	0.00599	0.0413	0.00411	0.00325	0.252
53.8	46.7	53	38.3	38.9	45.3	47.9	42.3	58.8	54.3	62	63.2	62.4	71.3	69	69.8	65.4	40.7	55.4	80.6	86.1	94.2	83.7	67.1	59.5	77.5	70.2	54.6	44.3	43.4	41.2	61.3	87.3	75.5	83.7	92.2	111	143	145	139	163	160	154	99.3	86.3	111	77.4	36	40.6	39	32.2	35.6	22.5	16.5	7.45	37.7	26.8	52.6	49	28.1	27.2	15.4	22.3	15.9	12.8	15.2	19.8	23.9	16.9	15.3	7.26	7.26	7.25	6.22	3.41	3.31	3.77	1.33	1.13	1.94	1.93	1.06	0.98	1.1	4.96	3.35	2.38	3.76	6.73	5.26	0.497	0	0	0	1.73	0	0	0	0	0	0	0	0	0	0	0	0	0	0	0	0.149	0	0	0	0	0	0	0.266	0.63	0.607
42.5	41.7	51.4	40.8	40.5	43.3	28.8	45.8	69	59.4	53.9	57.9	61	58.9	66.5	53.1	54.6	40.5	44.5	63.5	86.6	80.2	86.5	83	85.2	60	53.8	52.4	43.8	42.8	42.5	65.5	57.5	72.9	95.9	98.9	122	148	147	168	170	158	136	106	121	119	96.2	72.8	56.6	37.1	32.6	30	23.8	27.3	34.5	86	55.1	34.6	15.9	13.2	19.6	20	18.7	17.5	18.8	17	9.96	7.28	11.9	12	5.53	10.4	8.61	8.56	9.99	4.97	1.94	1.12	1.1	1.12	1.1	1.06	0.996	0.0709	0.308	0.0575	0.0451	2.18	22	19.5	0.117	0	0	0	0	0	0	0	0.218	0.144	0	0	0	0	0	0	0.00654	0	0	0	0	0	0	0.0368	0	0.251	0.616	0.903	1.41	1.02
48	34	33.9	45.7	69	48.1	34.2	46.5	61.9	58.2	50.2	38.4	38.5	52.8	65.5	49.1	59.8	50.9	59.2	77	74.8	78	94	92.6	91.7	65.8	55.9	45.9	41.6	65.9	50.8	52.1	81.3	76.5	101	90.3	94.5	104	137	158	153	142	126	87.8	112	136	101	83.4	61.9	58.2	40.8	31.6	32.1	38.7	40	79.6	43.9	31	17.2	8.31	5.83	9.97	15	26	22.1	13.8	16.2	13.5	11.2	10.2	5.87	3.41	3.76	3.47	4.74	3.3	2.85	9.29	5.01	5.78	1.09	1.05	0.989	0.0708	0.0666	0.0586	0.0459	0.0521	0.388	0.0166	0.0119	0	0	0	0	0	0.0839	0.011	0	0	0	0	0	0	0	0	0	0	0	0	0.0231	0	0	0	0.287	0.631	0.975	1.36	1.86	1.31
38.7	30.9	30.5	27.4	48	47.9	45.9	48.5	55.1	53	35.7	40.4	51	59.8	51.8	38	47.2	63.6	63.7	78.7	67.7	64.8	81.3	94.8	85.4	77.9	78.5	46.7	60.8	87.3	60.5	40.2	46.2	58	77.8	75.1	76.7	110	115	124	132	108	90.3	66	81.8	89.3	82.5	59.3	65.2	46	23.2	15.6	11.5	24.1	35.5	43.6	34.9	18.1	25.1	21.3	2.49	11.4	13.2	18.9	19.9	12.5	23.6	17.3	12.5	10	4.94	2.22	1.78	2.16	1.77	1.11	1.09	1.44	1.29	1.72	1.06	1.02	0.961	0.0688	0.0826	0.0566	0.0444	0.0498	0.104	0.0159	0.025	0	0	0.329	0	0	0.0399	0.0111	0	0	0	0	0	0	0	0	0	0	0	0	0	0	0	0.00104	0.365	0.759	1.13	1.56	2.1	1.48
29	36.1	29.7	34.9	51.1	40.2	41.5	42.3	48.8	41.8	52.5	53.6	72.8	78	60	34.3	36.2	73.3	65.2	60.8	51.4	55.6	66.3	80.8	85.7	81.4	95.5	77.4	64.3	62.7	52.1	41.7	46.5	50.4	52.5	81	97.9	108	108	124	149	154	178	104	130	158	147	78.6	59.7	44.3	36.9	14.8	15.1	17.9	37	45.5	36.9	26.4	20.6	15.2	10.6	14.9	12.4	10.1	12.5	14.9	22.5	23.3	14.9	6.52	5.1	2.75	1.81	1.77	1.74	1.15	1.13	1.11	1.09	1.1	1.08	1.03	0.976	0.0991	0.34	0.0811	0.0633	1.17	0.986	0.0182	0.0131	0	0.285	0	0.355	0	0	0	0	0	0	0	0	0	0.0842	0	0	0	0.015	0	0	0	0	0.000939	0.414	0.59	1.14	1.22	1.64	1.65
26.8	35.1	32	56	31.9	28.2	41.9	51.9	38.7	33.9	44.5	51.8	56.6	34	26.4	33.5	24.5	43	44.5	48.1	51.1	57.8	66.9	77.8	84.3	85.4	78.6	75.5	80.1	59.1	46.2	73.1	44.8	37.5	43.4	78.3	120	90.6	91.7	146	181	205	188	123	134	111	99.4	104	121	113	93.2	41.9	36.3	43.3	44.6	52.1	70.8	65.3	34.5	38.5	21.4	14.1	9.2	8.79	5.44	9.09	7.52	4.8	2.86	3.36	2.81	1.73	1.72	1.72	1.69	1.11	1.1	1.09	1.07	1.07	1.05	1.22	1.84	0.0961	0.105	0.0778	0.213	1.65	0.173	0.0175	0.0125	0.123	0	0	0	0	0	0	0	0	0	0.00397	0	0	0	0	0	0	0	0	0	0	2.76	3.4	0.511	1.78	1.07	1.38	1.84	1.85
33	41.2	36.9	29.5	32.7	33.3	45.6	59	43.3	52.4	48.9	53.2	29.3	27.4	25.9	25.1	23.3	26.1	24.5	38	54.8	60.6	62.1	69.5	73.4	81.7	75.7	64.7	75.5	60.2	47.2	61.6	50.3	44.8	54	70.3	80	63.6	84.5	135	181	131	129	133	124	103	75.3	84.5	100	127	94.5	63.8	51.1	87.7	45.2	49.4	59	48.1	42.3	53.6	35	18.9	17.3	19.5	9.22	7.07	4.3	1.36	1.62	4.25	5.07	1.9	1.59	1.59	1.58	1.06	1.05	1.04	1.01	1.03	0.992	1.38	0.938	0.0879	0.0808	0.0697	0.446	0.804	0.028	0.0151	0.0109	0.762	0	0	0	0	0	0	0	0	0	0	0	0	0	0	0	0	0	0	0	4.35	2.88	0.316	0.615	0.777	1.07	1.51	2.02	2.03
45.3	42	47.3	37.4	50.2	43.1	46.3	51	43.3	41.2	52.4	53.6	45.8	45	26.5	29.4	33.1	23.1	15.4	21.7	40.7	59.8	60.4	63.1	70.2	73.1	80	66.1	77.8	70.7	54.8	65.8	59.6	43.6	48.3	54.8	62	64.2	83.1	150	123	102	91.2	89.5	115	103	88.2	88.1	75.6	64	50	39.9	42.3	62	46	76.5	114	48.1	57.4	41.3	26.9	26.4	26.1	15.7	10.1	5.52	5.51	3.86	2.02	1.95	0.883	1.37	1.4	1.42	1.43	0.975	0.98	0.969	0.94	0.938	0.901	0.893	0.829	0.0753	0.067	0.206	0.271	0.704	0.0214	0.0112	0.00811	0	0	0	0	0	0	0	0	0	0	0	0	0	0	0	0	0	0	0	0	0	1.78	0.561	0.716	0.806	1.15	1.62	2.18	2.21
41.9	59.1	73.9	48.6	38.7	32.5	30.5	30.8	40.9	45	45.6	54.7	54.7	45.3	41.9	34.3	35.4	26.4	23.2	25	26.3	33.9	39.3	56	75	67.5	65.5	63.5	70.7	60.2	55.3	75	47.4	57.1	66.9	68.4	74.2	74.8	123	159	154	121	119	91.9	103	95.1	130	76.8	74.8	57	43.4	33.1	26.2	39.4	30.9	41.3	60.9	48.2	44.7	64.5	42.1	30	27.7	12	8.16	8.61	6.24	3.2	2.87	5.35	2.9	1.05	1.1	1.14	1.17	0.951	0.974	0.966	0.924	0.87	0.827	0.757	0.669	0.059	0.0501	0.0408	0.103	0.628	0.00295	0.00142	0.00105	0.00205	0.000958	0.000367	0.985	0.00731	0	0	0	0	0	0	0	0	0	0	0	0	0	0	0	0	0.0347	0.187	0.397	0.651	0.939	1.33	1.82	2.41
86.1	67.9	74.8	64.4	42.1	35.4	35.3	30.1	43.7	47	25.1	32.7	35.7	41.4	42.1	32.7	32.8	27.1	22.2	23.1	23.8	24.3	29.6	52.6	56.8	48.5	45.7	48.8	59.5	62.7	50	37.8	47	51.2	61.9	86.1	81.9	79.6	60.9	68.7	72.5	94.5	126	97.5	113	117	115	119	82	72.3	49.8	44.1	25.9	16.2	27.2	24.4	29.2	37.6	51.8	63.9	27.7	20.4	21.3	8.76	4.92	1.92	3.05	1.7	1.3	2.68	2.47	1.71	0.924	0.98	1.03	0.86	0.898	0.894	0.847	0.781	0.731	0.654	0.555	0.0464	0.175	2.07	2.53	1.17	0.00166	0.000623	0.000501	0.00113	0.000765	0.000514	2.09	0.288	0	0	0	0	0	0	0	0	0	0	0	0	0	0.14	0	0.42	0.126	0.13	0.321	0.596	0.915	1.36	1.89	2.59
60.1	81.3	70.1	47	34.1	29.5	24.7	32.2	36.4	29.1	29.3	25.1	31	40	32.7	31.1	36.4	39.9	30.4	23.9	24.3	25.2	35.7	44.3	39.8	33.7	33.4	51.9	58.6	65.7	61.3	35.3	29.5	37.4	50.2	72.1	80.1	63.1	65.2	49.5	56.2	83.3	94.9	97.9	122	119	87.8	91.4	78.4	53.3	48.3	68.3	73.4	36.5	30.6	26	35.1	41	42.5	62.3	27.3	29	19.6	14.5	11.3	4.46	0.435	0.419	1.42	1.12	1.98	1.6	0.826	0.891	0.932	0.78	0.817	0.809	0.754	0.683	0.624	0.545	0.467	0.0359	0.0262	0.362	0.151	0.317	0.00122	0.00058	0.0149	0.00168	0.00165	0.00144	0.00104	0	0	0	0	0	0	0	0	0	0.00438	0.0697	0.121	0.724	0	0.168	0.138	0	0.713	0	0.173	0.458	0.8	1.29	1.88	2.64
28	48.5	64.2	51.8	41.3	37	37.9	30.8	21	13.9	23.4	30.2	44.5	42.8	42.4	35.6	43.9	47.4	41.3	30.6	33.6	32.7	37.2	47.6	41.2	36.4	42.1	45.3	58.5	64.4	56.5	42.8	52.8	40.5	43.3	53	59.6	46	59.9	52.4	60.2	68.9	72.2	70	83.7	106	118	114	103	69.2	66	71.9	73.5	43	29.9	35	33.2	33.8	42	57.9	28.4	15.3	5.07	7.73	8.25	3.06	1.67	0.456	0.352	1.09	2.12	0.752	0.808	0.849	0.873	0.715	0.734	0.711	0.649	0.572	0.507	0.432	0.351	0.0277	0.0195	0.0139	0.0114	0.00233	0.00164	0.00127	0.0153	0.00364	0.698	1.97	0.513	0	0.129	0	0	0	0	0	0.152	0	0.0649	0.178	0	0	0	0.091	0	0.295	0.601	0	0.0535	0.357	0.724	1.24	1.89	2.74
11.3	19.1	40.6	24.8	42.3	42.9	44.5	39.4	43.4	47.3	39.3	35.1	47.7	58.5	63.8	59.6	49.3	58.6	61.3	44.6	41.1	51.3	53.2	46.9	38.5	28.3	33.3	46.5	52	42.2	49.9	62.3	54.6	50.5	49.6	55.1	55	59.8	61.5	67.8	68.2	68.3	72.5	68.2	99.8	121	135	120	132	106	78.6	53.5	40.6	34.6	29.4	41.6	41.4	31.9	34.5	30.3	15	9.01	4.52	2.54	6.14	5.63	6.38	0.423	1.03	3.5	5.79	7.33	1.43	0.514	0.516	0.138	0.138	0.13	0.116	0.25	0.21	0.173	0.144	0	0	0	0	0.0497	0.0472	0.562	0.0446	0.0105	1.19	0.00897	0.00652	0.977	0.298	0.000295	0.00776	0	0	0	0	0.535	0.627	0.167	0	0	0	0.298	0.229	0.000444	0.00062	0.00313	0.00795	0.22	0.547	1.04	1.67	2.46
15.8	15.3	21.9	23.5	39.3	33.4	33.1	33.1	54.9	70.9	60.6	46.9	52.1	57.8	51.6	42.4	45.5	68.7	60.6	49.3	54.2	47.6	44.6	39.1	32.7	27.1	36.2	38.9	38.2	46.9	49.3	51.5	54.2	61.4	47.9	46.9	54.1	63.8	65.9	68.9	68.2	66.6	73.3	64.1	83.2	117	127	95	96.7	109	108	79.9	56.7	35.8	39.8	59.8	50.4	27.7	29.3	10.4	8.41	2.64	1.55	3.25	2.65	7.14	5.41	0.455	1.05	2.23	5.28	4.94	0.488	0.817	1.14	1.49	0.12	0.109	0.0927	0.188	0.157	0.109	0.243	0	0	0	0	0.0457	0.354	0.0614	0.0604	0.289	0.0139	0.0121	0.00878	0.0417	0.487	0.651	0.000296	0	0	0	0	0	0.242	0	0.0226	0	0	1.02	0.644	0.000621	0.000868	0.0041	0.0103	0.18	0.539	1.08	1.77	2.63
22.1	20.6	18.2	20.9	25.5	16.4	20.5	19.8	42.5	50.5	42.1	40.2	57.6	64.4	57.3	42.1	51.7	66.6	66.3	70.1	63.2	60.4	52.3	43.2	40.4	36.4	37.7	35.9	35.2	43	52.4	67.5	74.1	65.4	53.1	52.2	48.8	62.6	67.3	66	60.1	63.8	74.7	49.8	64	82.2	109	103	90.3	79.1	104	71.3	55.8	59.3	58.2	53	30.6	21.1	15.7	10.5	7.17	6.26	5.6	4.46	1.46	2.46	2.78	6.16	6.17	5.08	1.04	0.602	0.627	1.79	0.571	0.143	0.133	0.119	0.099	0.197	0.147	0.111	0.0885	0.00647	0	0	0	0.0946	0.301	0.329	0.12	0.0276	0.0264	0.0229	0.0173	0.00951	0.00478	0.00224	0.00189	0	0	0.17	0.00514	0	0	0	0	0	0	0	0.467	0.00148	0.837	2.43	0.0155	0.136	0.523	1.12	1.88	2.82
21	17.6	21.6	24.3	22	18.8	25.5	17.2	23	23.2	45.2	59.6	66.1	75	70.9	57.5	41.5	52.1	58.7	62.1	61.6	59.8	49.4	48.2	46.3	49.5	56.6	51.5	45.8	44.5	56.5	74.2	83.1	69.7	66.5	58.1	59.6	69.2	76.4	71.3	65.3	63.9	66.7	38.6	51.5	59.2	74.3	60.7	64.9	70.7	107	54.7	57.7	91.8	68.7	34.6	20.3	13.3	10.1	7.1	6.62	8.46	9.93	5.43	4.2	1.8	5.9	14.2	8.26	2.58	1.27	1.56	0.896	7.13	4.79	0.909	0.177	0.762	0.134	0.278	0.216	0.181	0.154	0	0.0614	0	0	0.196	0.225	0.234	0.221	0.0504	0.0475	0.0414	0.0318	0.0183	0.0102	0.00579	0.00497	0	0	0.00541	0	0	0	0	0	0	0	0.193	0.322	0.146	1.72	0.161	0.0236	0.128	0.575	1.21	2.03	3.04
11.9	16	28.8	41.5	18.8	34.9	24.9	14.6	13.5	13.2	52.2	76.4	77.5	84.7	73.4	73	76.1	62	57	50.9	55.8	48.5	51.5	47.7	47.6	49.1	50.9	53.3	54.9	66.6	56.1	67.8	83.2	80.5	86.6	86.8	85.2	95.5	88.3	75.7	79.8	90.1	80.8	36	40.8	37.6	52.9	52.7	52.2	61.8	68.5	53.9	66.4	94.3	58.7	42	25	17.5	16.5	5.47	5.35	7.4	4.26	11	10.2	7.5	11.6	6.49	4.55	4.94	6.87	4.06	4.04	6.4	5.77	2.97	1.55	2.28	0.214	0.775	0.621	0.523	1.2	0.871	0.346	0.36	0.422	0.675	0.76	0.902	0.737	0.214	0.161	0.105	0.299	0.135	0.0785	0.0467	0.0404	0.538	0.76	0.0228	0.0193	0.0239	0.0184	0.014	0.0137	0.00322	0.00181	0.3	0.62	0.0155	2.93	1.6	1.5	0.247	0.727	1.57	2.64	3.34
9.71	13.1	15	32.4	43	33.1	7.9	6.41	5.27	14.6	16.4	35.4	60.8	52.5	58.4	74.6	76.4	58.5	66.8	54.7	48.6	48.5	53.7	48.6	50	56	63.7	64.5	59.6	61.2	61	68.1	84.4	87.6	100	100	107	97.9	90.2	86	97.9	108	94.7	51.9	42	55.5	36.9	39.6	53	54.3	97.2	79.4	72.5	77.7	77.7	39.9	28.3	24.5	21.9	14.9	6.54	3.77	2.72	14.7	17.6	7.7	19.1	8.65	5.07	5.03	5.26	12.9	9.53	8.65	9.31	9.81	3.5	1.55	0.724	2.11	2.05	0.662	0.971	2.15	1.32	0.716	0.57	0.9	1	1.03	1.01	0.206	0.156	0.136	0.113	0.178	0.106	0.0645	0.303	1.69	1.95	0.0319	0.24	0.0735	0.0287	0.0255	0.113	0.00451	0.00253	0.00839	0.189	0.0208	1.08	0.0656	0.789	0.276	0.843	1.69	2.79	3.53
12.3	9.63	9.35	6.93	6.23	5.1	7.07	9.98	5.21	11.4	23.2	19	30.6	34.6	47.1	64.1	73	69	71.3	67.9	61.3	52.2	59.8	51.2	49.2	51.3	59.8	67.3	65.8	66.9	69.3	71.1	76.1	73.8	88	91.8	97.6	108	106	96.5	99.9	114	101	70.8	54.9	37.7	39.7	41.2	44.5	56.7	95.6	79.6	92.7	104	81.6	49.2	30.8	25.4	21.6	19.4	13.2	6.12	5.27	12.4	22.4	16.8	16	8.59	6.76	5.58	4.85	14	13.4	8.67	6.59	13.4	7.05	6.68	6.14	3.82	2.06	1.22	1.19	1.04	1.02	1.05	0.815	1.29	1.29	1.34	1.21	0.201	0.184	0.16	0.128	0.224	0.145	0.1	0.576	2.25	1.71	0.378	1.26	0.189	0.0501	0.0384	0.284	0.00888	0.0368	0.0046	0.14	0.0235	0.0302	0.0727	0.151	0.31	0.886	1.8	2.95	3.71
14.4	13.3	10.1	6.86	7.31	10.9	7.13	6.35	5.57	14	41.5	33.9	25.2	28.4	26.6	23.7	41.8	54.3	59.9	61	65.1	62.6	57.2	53.8	57.8	59.3	58.9	63.2	64.7	62.2	64.8	64.4	62.2	81	91.7	95.4	103	119	109	103	101	114	118	102	89.5	70.8	64.3	48	43.8	49.6	62.6	77.7	92.3	96.3	64.3	42.5	30.4	22.2	21.6	29.8	19.9	19.1	14.9	26.6	27.2	23.8	21.5	11.6	9.34	6.09	6.4	19.2	15.2	8.49	5.04	3.27	3.09	3.16	3.46	2.9	1.83	1.31	1.56	1.38	1.41	1.13	1.14	1.64	1.64	1.58	1.5	0.231	0.206	0.177	0.146	0.274	0.197	0.154	0.682	0.48	0.131	0.311	1.54	0.363	0.225	0.0701	0.0539	0.0163	0.00925	0.00674	0.00876	0.0239	0.0284	0.0725	0.156	0.324	0.972	1.93	3.13	3.94
11.5	12.5	9.49	9.04	8.59	9.64	9.32	8.1	7	8.82	12.6	17.3	15.4	13.3	15.8	19.9	19.6	26.5	32.8	46.9	56.5	61.2	53.5	66.5	53.8	55	52	45.9	56	49.6	48.4	53.2	59	69.3	93.2	122	128	117	126	124	109	109	125	136	128	108	89.9	74.8	56.1	52.2	91.2	119	92.2	74.4	66.2	46.2	28.4	33.9	35.5	40.6	27.1	30.8	26.5	37.7	34.3	38.9	35.1	9.76	7	6.34	6.03	15	13	11.1	8.45	6.33	3.9	6.15	7.54	4.35	2.86	2.72	2.75	3.34	3.24	2.83	2.78	2.92	2.86	2.7	2.39	1.03	0.888	0.758	0.856	0.633	0.566	0.439	0.465	0.947	0.297	0.269	0.387	0.581	0.509	0.484	0.473	0.493	0.261	0.021	0.0235	0.0153	0.0167	0.0455	0.102	0.362	1.01	2.03	3.3	4.39
11.2	12.8	11.2	11.5	11.1	9.18	9.03	5.02	6.39	7.26	12.5	14.2	11.6	12.7	12.7	20.5	22.1	23.3	24.7	40.1	33.7	35.8	36	45.5	48.3	46.3	45.6	40.7	46.2	45	48.2	53.6	56.7	76.9	80.2	110	122	132	123	123	117	112	108	125	117	106	107	77	69.8	70.5	81.3	117	73.1	48.1	41.7	45.9	54.8	39.9	40	53.5	66.8	48	33.2	43.4	34.8	35	31.1	11.3	8.5	6.11	6.4	11.2	9.79	9.86	8.99	8.57	8.22	10.2	9.22	5.9	4.26	3.46	3.65	4.05	4.05	3.59	3.52	3.48	3.34	3.09	2.72	1.15	0.972	0.825	0.714	0.654	0.465	0.89	0.387	0.402	0.438	0.35	0.297	0.599	0.334	0.285	0.649	0.342	0.12	0.269	0.339	0.0155	0.0156	0.0453	0.105	0.377	0.957	2.02	3.34	4.53
10.9	11.1	13.1	14.5	13.3	12.1	7.06	5.35	5.13	5.11	7.99	9.48	9.65	9.26	11	16.6	23.4	35.2	43.7	29.6	27.7	30.3	30.5	41.5	48.1	46.4	41	37.6	43.5	46.9	60.8	58.4	63.7	72.2	81.8	95.5	115	117	121	116	109	107	91	109	101	106	123	103	110	83.7	71.6	64.5	60.9	53.2	44.1	46.5	73.4	68.5	51.7	51.9	89.5	53.8	31.1	40.8	36.2	31.1	26.6	13.1	9.75	7.26	6.42	13	13.7	9.76	7.92	7.22	7.94	9.48	7.99	6.36	4.91	4.17	3.68	3.97	3.84	3.74	3.62	3.6	3.41	3.14	2.74	1.14	0.956	0.821	0.73	0.611	0.526	1.11	0.465	1.23	0.945	0.959	0.72	0.791	0.559	0.403	0.759	0.615	0.356	0.0336	0.32	0.0166	0.0149	0.0414	0.0957	0.345	0.754	1.79	3.06	4.25
8.31	9.18	12.1	17.3	13.8	12.5	10.3	5.55	3.32	3.35	6.19	10.5	8.53	7.96	8.54	14	19.8	29.3	39.8	33.8	34.6	43.4	33.5	48	40.2	46.2	42.1	37.2	41.9	54.9	60.5	76.6	68.6	68.5	75.6	98.6	114	125	124	104	98.1	90.2	86.3	93.4	103	111	118	97.1	91.4	77.7	74.2	49.4	50.7	66.4	52.4	48.1	42.8	46.7	43.2	41.7	57.6	42.2	37.5	54.6	47.5	45.5	36.1	14.3	10.3	8.46	7.33	15.7	14.1	10.4	9.34	11.4	9.48	7.6	8.29	5.56	4.69	4	3.81	4.33	4.06	3.45	3.21	3.32	3.19	2.82	2.51	1.17	1.11	0.74	0.694	0.652	0.611	0.545	0.672	1.12	2.02	2.88	3.7	1.99	1.41	1.09	1.43	1.03	0.404	0.369	0.0376	0.944	0.0148	0.0335	0.0744	0.265	0.468	1.42	2.64	3.66
3.89	4.79	8.38	7.72	8.01	7.95	7.29	6.15	3.04	7.01	9.44	12.7	13.7	8.09	9.84	15.9	15.2	29.7	28	24.6	33.7	37.7	39.7	44.5	45.4	47.4	63.3	52.9	47.8	47.2	53.7	60.2	60.8	57.7	60.4	78.9	90.3	91.6	103	85.5	71.9	68	78.2	86.2	99.8	106	141	90.3	83.4	72.2	73	58.8	69.7	64.5	58.1	62.3	64	60.7	72.8	83.8	83	64	57	77.7	57.9	65	47.5	43.3	33.8	23.4	21.2	14.4	11.6	10.2	7.95	9.72	6.31	4.55	6	6.11	5.48	3.99	3.86	3.99	3.23	2.72	2.21	2.34	2.17	1.96	1.67	0.869	0.907	0.632	0.627	1.12	1.36	1.03	0.805	0.897	1.14	1.81	2.63	3.22	2.55	3.11	3.68	2.22	1.1	0.742	0.464	1.3	0.0139	0.0242	0.0502	0.107	0.115	0.876	1.9	2.25
2.09	3.06	2.54	4.51	5.97	4.54	8.34	11.8	6.79	6.61	8.43	10.1	14.8	7.72	9.51	13.4	11.8	18.6	18.8	21.7	24.9	30	35.2	33.8	50.1	49.4	51.7	48	44.3	49.2	65.2	62.1	59.2	55.7	56.8	71	80.8	105	108	88.2	78.9	60.7	69	73.2	75.1	97.2	107	88.5	90.9	87.5	82.7	66.1	67.7	71.3	86.2	74.7	67.3	59.7	78.9	85.4	92.5	82.8	71.9	76.3	63.2	59.2	59.7	52.3	41.8	36.3	30.4	16.5	13.2	7.06	5.45	4.95	5.96	3.23	3.46	4.51	5.17	4.5	4.76	4.26	3.75	2.91	2.71	2.13	1.84	1.67	1.44	0.965	0.785	0.558	0.59	0.819	0.865	1.12	1.42	2.37	1.72	2.19	2.2	1.87	1.84	3.43	3.63	1.96	1.07	0.795	0.76	0.989	0.0137	0.0167	0.03	0.049	0.064	0.625	1.62	1.91
1.59	1.54	1.44	1.98	12.1	2.22	1.89	5.43	3.42	3.67	4.74	5	6.18	7.61	7.96	10.5	13.8	18.4	15.4	17	23.3	23.5	40.6	48.6	41.7	42.5	47.2	42.3	43.8	42.7	75.5	82	79.4	58.3	60.8	77.3	73.5	78.9	81.6	81.3	75	67.5	70.3	63.6	66	75.7	85.1	82.1	85.6	118	78.2	61.8	73.8	78.5	87.6	75.4	71.8	65.3	69.9	95.3	96.4	105	102	85.7	81.5	64.9	59.7	55.2	50.8	46.6	36.6	18.8	12.6	7.04	5.36	4.39	8.14	2.26	2.43	4.16	4.21	4.16	4.66	4.41	4.31	4.12	3.69	2.5	1.81	1.8	1.47	0.899	0.616	0.733	0.661	1.08	1.4	1.95	2.29	4.43	2.66	3.03	3.43	2.69	3.8	4.88	3.05	1.48	0.367	0.193	0.0817	0.0293	0.0229	0.0223	0.0278	0.0377	0.0438	2.32	1.55	1.79
1.72	2.52	1.09	1.06	0.999	1.04	1.2	3.26	3.38	4.02	5.56	4.23	4.11	4.24	4.5	8.72	20	20.9	20.6	17	26.5	27.7	23.6	35.1	47	45.6	40.6	37.9	43.9	45.1	65.3	96.9	87.9	90.2	59.8	61.6	56.2	54.1	57.4	63.1	56.8	65.5	55.9	60.3	68.5	86.8	101	85.5	86.4	91.5	117	85.3	75.5	76.6	71.1	83.4	82.7	80.1	78.3	111	113	108	109	95.6	88.8	71.9	65.3	65.1	67.7	55.3	45.7	23.6	13.2	13.3	7.49	8.39	7.11	3.2	5.18	7.59	6.33	5.33	5.77	5.28	4.85	5.27	4.31	2.55	1.9	1.76	1.77	1.71	1.07	0.718	0.84	1.48	2.55	3.78	2.84	3.02	2.77	4.12	3.81	3.07	2.54	4.26	1.32	0.432	0.159	0.113	0.164	0.0786	0.0411	0.041	0.0436	0.0523	0.0552	2.62	4.9	3.37
0.489	0.882	1.34	1.4	0.295	0.385	0.265	0.466	1.21	1.74	1.42	2.57	3.92	4.52	7.1	9.87	9.26	12.6	22.7	19.6	9.4	24	19.5	15	19.2	24.1	30.7	26.6	37.9	48.2	74	65.7	53	51	59.2	48.4	43.9	40.7	43.1	46.7	43.6	45.3	50.8	68.9	73.1	78.4	78.3	91.8	95.8	93.8	104	88.8	78.9	88.9	88.6	100	98.6	90.3	89.5	81.6	98.8	98.3	88.2	102	97.9	81.1	72.7	75	69.1	56.3	54.6	28.9	13	15.9	10.4	10.3	7	3.04	3.13	11.2	12.6	6.05	5.88	7.6	5.29	6.06	6.53	2.62	1.87	1.79	1.68	1.48	1.28	2.29	2.05	2.88	3.5	3.75	5.45	4.12	3.44	3.83	6.25	5.91	3.19	3.27	2.16	0.288	0.122	0.0911	0.0926	0.161	0.158	0.159	0.158	0.107	0.106	9.86	11.1	1.75
0.429	0.31	0.216	0.625	0.466	1.17	0.368	0.233	0.245	0.457	2.18	2.73	2.99	3.63	10.1	7.77	6.02	5.18	8.27	6.38	7.38	10.3	16.7	28.8	13.5	15.7	15.7	22.6	30.3	35.3	47.6	46.2	49.6	55.1	38.9	35.4	38.7	36.2	34.5	40.4	40.3	39.3	47.9	64.7	73.9	74.7	69.1	72.4	86.2	88.7	103	90.4	83.4	84.2	109	108	102	111	92.7	86	122	109	109	105	103	86.1	79.7	85.6	68.2	70.3	69.2	46.4	26.2	14.4	7.62	8.43	8.02	5.41	5.83	6.26	7.18	5.71	6.06	6.4	6.66	6.72	7.25	2.67	2.22	2.11	1.97	2.73	2.86	2.89	1.74	3.11	4.1	4.7	3.96	4.12	2.79	3.5	5.03	4.64	3.06	3.6	2.42	0.387	0.132	0.103	0.11	0.194	1.44	2.08	2.26	0.13	0.125	0.409	1.24	1.72
0.227	0.196	0.161	0.103	0.157	0.434	0.859	0.853	0.341	0.377	0.974	2.04	8.76	3.34	3.46	3.93	3.86	5.47	6.34	5.04	5.02	6.24	7.92	27.1	15.1	22.4	24.1	13.4	13	21.6	35	58.1	48.3	82.3	49.6	39.5	35	35.8	30.1	31.1	30.7	36.8	44.1	62.4	69.6	70.1	72.6	73.3	81.2	75.9	78.6	75.6	80.5	88	106	109	105	98.4	90.5	82.4	101	87.7	82.2	98.6	98.9	85	74.9	63.6	72	60.9	53.5	45	37.2	22.2	12.9	19.3	18	7.6	5.1	6.34	7.36	6.24	6.85	6.43	6.27	5.99	7.09	3.88	2.53	2.25	2.45	3.58	3.66	2.87	2.42	3.5	4.27	5.5	4.4	2.88	3.59	5.91	4.51	2.2	2.17	2.3	0.806	0.308	0.366	0.248	0.18	1.32	2	2.3	2.44	3.23	2.76	0.424	1.28	1.79
0.29	0.383	0.129	0.0983	0.0802	0.0794	0.307	0.287	0.394	0.282	0.405	1.11	2.05	3.35	3.31	3.27	3.33	3.63	4.85	6.01	6.87	7.03	7.69	12.9	13.6	65.2	24.8	26	45.8	17.4	13.2	30.2	58.4	81.3	85.4	61.4	50.4	42.5	34.7	34.6	28.6	28.6	32.7	47	59	53.9	65.9	72.3	79.6	76.4	76	75	78.5	78.4	90.9	102	96.4	84.4	85.6	68.8	75.1	70.3	84.9	100	88.4	83.9	72.1	53.3	37	35.9	43.2	29	25.5	25	19.7	26.2	30.2	23.8	11.8	7.48	9.21	11.9	8.72	7.5	5.59	5.61	5.96	4.81	4.19	4.22	4.96	5.68	3.73	2.98	3.56	5.14	5.65	5.96	4.78	3.35	4.08	4.18	2.56	1.84	1.56	0.846	0.591	0.337	0.307	0.302	0.414	1.21	1.97	3.05	3.62	2.67	0.556	0.504	1.41	2
0.03	0.93	0.93	0.168	0.143	0.184	0.279	0.486	0.653	0.807	0.978	1.43	2.95	2.49	2.63	2.32	2.27	2.53	2.92	5.8	5.99	6.42	7.35	12.9	13	22.2	10.9	11	19.5	29.2	8.83	4.63	16.2	71.2	80.3	55	49.8	46	34.8	26.1	23.6	22.3	20.9	37	47.5	48.2	50	60.7	56.6	49.1	54.5	57	50.1	57.7	67.7	76.3	66.9	65.6	63.1	65.4	61	55	54.1	59.6	61.1	53.8	52.8	41.2	30.4	29.8	17.2	13.3	12.6	24.8	30	39.1	40.8	48.9	24	14.8	13	20.7	15.6	7.49	10	8.55	7.77	7.74	7.07	9.94	9.2	5.8	5.8	4.2	4.72	4.19	5.08	3.96	4.63	3.8	2.66	2.5	1.41	2.09	0.868	0.663	0.755	0.972	0.798	0.699	0.883	1.29	3.77	5.27	5.68	13.8	0.482	0.632	1.62	2.55
0	0	0.63	0.253	0.143	0.159	0.207	0.538	0.652	0.819	1.34	1.4	1.61	1.75	1.94	2.64	1.96	2.22	3.16	4.7	5.14	5.3	6.25	10.2	11.7	10.3	10.6	7.15	13.8	13.3	7.17	3.6	6.82	10.9	43.8	60.8	44.6	40.5	24.5	20.5	17.2	16.3	24.7	40.5	40.2	40.6	42.2	44.5	41.8	38	40.8	40.9	33.6	37.5	48.4	53	53.2	57.3	55.3	59.8	56.5	49.1	48.3	46.7	41.4	41.4	50.7	48.3	36.7	38.2	31	25.8	18.7	15.6	29.8	34.1	28.8	42.8	48.9	37.6	26.1	22.1	26.5	21	17.4	10.2	8.87	12.3	14.7	10.9	9.94	6.14	4.56	3.78	3.29	3.75	5.13	7.95	9.93	8.55	2.99	2.05	2.07	0.994	0.85	0.728	2.02	0.901	0.885	0.904	0.993	2.21	1.78	0.921	0.871	0.648	0.609	4.34	1.77	2.78
0.03	0	0	0.136	0.173	0.248	0.218	0.602	0.702	0.848	1.15	1.86	1.43	1.5	1.46	2.29	1.86	1.98	2.15	3.36	4.84	6.03	6.81	10.2	10.4	10	12.1	14.7	8.81	5.37	4.23	2.36	8.15	6.46	12.3	29.6	34.7	30.6	33.5	18.5	13.4	13.7	17	29.7	33	32.6	34.9	32.6	32.1	31.1	33.9	28.7	30.2	40.5	41.5	43	51.8	47	52.3	51.4	44.5	40.3	38.9	36.6	36.7	33.7	30.7	33.9	28.4	23	35.7	32.3	24.3	15.1	26	22.2	39.9	51.9	62.9	64.4	42.8	32.3	29.9	30.4	23.6	20.4	19.1	13.3	13.9	11.9	13.1	9.38	6.41	6.06	4.34	5.37	6.54	9.26	11	5.84	2.15	3.16	3.26	3.04	2.33	0.809	0.908	1.14	1.23	1.26	1.37	7.67	13.1	4.18	2.07	5.2	6.38	5.29	1.88	2.94
0.93	1.08	0	0.136	0.135	0.268	0.262	0.545	0.619	0.816	0.923	1.14	1.21	1.32	1.23	0.884	1.14	1.33	2.23	3.77	4.41	5.31	5.95	9.35	10.6	10.3	8.87	8.27	10.1	9.01	7.99	4.63	7.34	6.36	9.6	3.6	5.61	7.54	13.9	14.9	12	11.9	16.2	21	25.1	21.9	23.9	25.4	25.7	27.1	27.7	24.1	25.7	41.3	32.6	30.8	36.7	37	39.9	42.3	48.2	38.7	32.6	36.5	34.3	26.2	25.8	22.3	19.9	31.4	23.2	29.8	21.9	17.4	19.9	23.3	40.5	72.1	74.3	75.9	45.4	31.2	29.7	31.2	30.7	20.7	21.8	19.3	13.7	16.2	16.5	11.9	10	9.49	9.79	7.26	5.58	5.96	4.3	3.04	3.03	2.12	1.92	1.62	2.7	2.97	3.4	3.84	3.74	4.37	4.31	9.89	12	2.33	3.8	14.2	16.2	7.47	1.85	4.39
