167	199	238	301	290	257	254	225	212	237	211	201	221	195	183	210	215	222	229	249	244	243	233	272	288	259	234	203	207	203	160	174	153	106	85.4	98.1	143	145	140	198	183	154	163	221	227	146	132	109	84.5	75	63.3	54.5	66.8	82.5	80.4	87.9	86.4	108	108	107	102	96	109	106	92.3	116	139	154	219	217	243	232	217	227	209	197	213	170	166	163	171	158	161	118	111	111	96.4	17.5	30.2	24.5	31.4	41.7	37.5	27.7	16.6	16.6	13.8	19	25.2	27.3	21.6	16.5	15.6	15.1	13.1	12.7	15.3	7.29	9.96	5.76	3.69	4.14	4.68	2.1	3.69	3.87	9.45	9.72	9.6	8.52
216	268	337	336	313	278	254	227	195	193	237	187	194	162	182	251	225	254	243	237	225	261	229	242	265	290	257	222	200	193	185	202	196	159	113	131	154	188	181	275	265	204	234	287	250	137	130	119	100	78.9	65.6	55.5	64.5	86.5	76.5	44.1	56.4	90.5	93.9	91.8	54	59.8	54.1	53.5	82.6	177	159	205	252	259	229	240	244	247	235	213	216	201	181	184	207	204	198	221	191	183	174	158	150	158	168	64.5	44.4	33.9	28.6	29.8	22.7	32	29.2	24	15.3	16.4	25.6	25.2	16.6	16.9	16.5	13.4	14.2	6.36	6.72	4.92	9.03	8.25	6.72	8.85	9.45	12.9	12.1	16.4
285	326	359	330	341	309	263	233	242	208	220	197	193	172	194	267	254	261	276	260	205	228	212	252	287	262	233	276	258	218	218	191	207	163	138	122	131	155	189	272	178	190	188	203	224	153	137	151	132	79.8	58.8	57.4	76.9	80.4	60.4	39.7	62	94.3	94.7	118	93.1	98.6	75.8	61.8	82.1	152	223	238	256	255	253	238	253	270	260	233	206	207	209	211	215	238	231	238	200	204	199	185	181	179	188	78.4	62	59.4	55.3	46.3	43.3	33.8	33.2	21.8	13.4	20.5	28.2	18.1	27.5	30.6	15.5	15.5	18.2	15.4	14.9	9.78	6.54	6.42	11.7	16.6	9.45	8.07	10.5	15.7
326	356	375	326	346	320	279	237	241	241	209	185	210	205	210	248	280	279	312	255	220	213	200	259	260	233	254	291	312	237	212	204	226	185	156	125	115	141	166	193	134	117	138	115	145	165	142	114	107	91.4	79.7	63.7	80.9	78.7	59.2	57.3	86.9	96.2	98.1	119	155	115	91.4	89.8	111	140	207	232	235	251	254	248	251	276	273	251	209	210	214	217	206	204	220	258	256	221	219	240	209	183	196	88.2	74.8	71	84.4	86.6	48.2	38	28.3	27.8	21.9	28.8	20.4	27.9	43.2	33.4	29.5	28.8	24.8	23.6	21.2	12.6	6.18	15.6	21.1	17.8	11.8	15.2	21.8	25.4
347	362	379	329	326	343	317	269	245	250	249	265	259	261	309	305	279	279	287	266	222	271	216	192	223	223	272	321	283	275	212	227	243	184	147	131	99.5	124	109	139	129	116	116	105	111	154	112	84.4	87.7	93.2	82.7	72.2	62.9	57.7	56.7	57.8	78.9	79.9	106	110	188	129	116	116	165	204	200	195	236	311	346	300	275	296	271	232	264	247	251	229	223	252	275	282	277	264	290	311	296	243	190	94.7	107	77.5	74.9	83.3	67.2	38.7	32.7	39.4	45.8	39.7	31.2	33.5	51.3	36.1	33.9	22.9	28.3	23.7	16.5	14.7	18	22	19.3	18.7	17.6	20.2	26.9	38.5
417	394	388	326	301	295	296	266	266	246	263	312	338	308	318	297	322	336	277	239	209	209	244	214	208	247	271	323	320	321	267	281	260	202	170	146	88.6	63.5	76.8	112	102	127	145	119	108	120	94.8	93.5	92.1	90.7	90.8	76.6	66.1	63.8	65.7	72.6	73.7	76.5	98.5	106	130	107	74.9	80	134	152	167	166	190	278	377	348	321	302	255	248	275	243	207	205	218	229	237	270	281	270	263	344	378	379	279	133	169	89.7	98.1	79.8	71.6	46.6	44.6	51.2	51.3	50.3	46.1	52.3	48.8	41.5	40.4	36.7	40.3	44.5	45.8	62.7	55.5	43.3	38.8	42.4	41.7	35.6	35.4	42.9
386	406	404	333	298	266	280	251	241	275	253	270	299	339	298	322	323	316	283	246	228	255	277	249	213	233	274	332	318	314	252	222	209	209	194	166	86.5	71.1	86.2	148	136	135	169	185	151	119	108	101	88.9	86.8	91	71.6	60.8	60.4	64.8	65.4	77.2	79	82.6	86.8	75.7	96	96.9	125	160	122	125	168	199	304	416	398	356	337	303	286	284	246	215	229	211	203	257	290	296	310	318	340	364	394	447	296	175	133	161	113	86.9	70.1	64.3	69.2	65.4	63.2	68	94	82.7	61.8	38.7	38.2	37.7	55.5	58.4	55.9	68.7	63.4	86.3	101	94.8	70	68	106
360	404	394	291	273	265	263	242	254	284	283	271	273	332	304	376	278	247	268	251	234	241	254	199	171	233	274	315	319	292	267	255	196	144	180	156	110	74.5	68.6	114	111	123	190	220	154	131	120	125	121	107	92	84.1	74.8	71.3	72.8	75.3	120	99.7	101	105	100	108	103	130	164	145	159	244	290	337	363	390	413	341	342	321	286	280	272	251	222	195	260	327	309	328	354	376	407	444	370	266	199	180	200	157	152	102	119	98.6	105	104	86	78.4	82.9	81.1	86.2	67.3	60.9	79.5	63.3	64.8	69.3	79	97.7	100	106	92	84	119
402	412	393	293	269	245	233	206	239	266	288	258	288	373	325	306	249	229	234	258	245	294	270	238	249	227	277	261	245	212	220	273	223	185	176	161	132	95.5	87.7	120	124	125	189	237	185	168	136	132	150	124	98.7	103	87.7	74.5	86.6	93.8	109	99.9	108	150	148	139	134	149	179	199	256	323	326	312	343	322	330	350	323	343	369	285	277	240	204	205	236	291	270	311	336	400	403	448	412	325	325	207	203	170	190	167	182	129	141	126	92.8	91.8	81.6	96.3	122	82.9	107	111	120	115	101	95.1	105	109	121	113	85.6	106
360	390	343	269	263	243	203	136	199	244	312	296	281	351	286	308	217	261	264	267	263	289	252	232	239	213	191	232	220	191	188	257	220	209	195	201	178	138	119	147	161	150	186	244	251	228	225	187	152	143	128	119	114	117	111	99.6	93.5	96.6	123	129	150	165	160	163	207	305	334	321	270	278	321	323	299	312	315	346	403	335	272	245	225	219	197	226	218	230	265	323	383	424	418	361	308	237	204	178	167	169	169	160	183	89.5	82.1	88.4	81.5	99.4	115	109	123	142	153	155	124	106	108	117	96.9	77.8	70.6	79.6
325	384	282	257	292	252	202	228	303	314	336	335	333	291	296	252	197	225	296	273	239	216	214	297	253	223	203	236	255	231	236	261	256	237	214	221	244	191	148	163	169	161	189	270	298	304	292	202	193	172	140	140	125	111	112	119	103	111	143	141	160	174	218	257	386	347	293	299	238	264	356	311	329	355	348	352	435	338	254	227	203	220	196	245	225	203	234	343	401	454	456	331	352	248	211	202	180	176	160	176	157	113	88.2	102	97.4	140	126	141	167	203	175	161	162	132	122	101	101	79.3	57.8	58.2
343	291	233	273	313	280	240	289	321	316	311	303	307	309	281	243	228	280	318	323	251	192	185	261	256	246	234	347	347	333	289	304	262	251	198	225	217	175	150	172	177	158	211	272	272	262	254	200	197	192	154	151	135	124	125	117	119	144	146	154	159	205	306	363	370	346	293	280	257	299	388	305	377	387	378	381	391	325	325	231	190	221	276	309	225	238	274	342	423	460	459	555	420	291	225	273	279	273	231	202	165	167	142	165	183	160	151	157	199	198	188	173	187	166	149	147	127	95.5	82.7	87.8
300	245	250	266	294	260	291	331	289	284	284	254	266	206	282	233	265	297	341	319	297	245	212	254	237	242	228	275	286	284	322	269	260	236	213	209	201	196	184	179	200	218	260	284	253	256	232	201	217	223	181	177	182	156	131	135	160	169	203	214	191	258	301	345	287	297	260	294	324	324	350	304	370	398	344	354	402	301	269	261	210	227	287	274	272	308	294	404	493	528	601	768	703	437	257	305	398	392	380	351	285	243	212	223	247	238	213	236	259	235	221	204	177	177	179	190	143	116	127	127
365	316	444	383	299	300	356	339	360	332	294	234	204	195	188	222	233	277	343	345	300	307	266	279	226	241	262	330	280	290	371	272	252	220	171	197	183	207	180	195	260	210	232	284	246	258	273	206	209	190	170	173	151	147	144	125	134	165	184	229	193	227	279	387	314	297	274	371	369	270	240	261	343	369	322	342	371	266	327	258	247	250	220	270	276	285	276	296	350	450	592	597	526	462	332	358	413	363	387	364	310	312	309	286	298	290	250	267	350	308	274	223	226	221	205	172	156	144	183	136
352	371	372	289	304	262	330	361	313	313	258	220	197	165	198	225	265	243	213	292	329	329	319	299	317	302	266	384	353	331	331	324	326	246	179	171	163	209	281	260	246	217	216	230	238	268	315	257	201	194	170	154	132	146	161	134	107	147	176	187	200	243	348	416	356	315	338	402	460	322	260	282	365	361	304	370	406	386	330	303	267	225	226	276	302	266	266	379	355	377	449	504	403	423	438	396	409	354	369	315	312	342	426	361	414	333	348	323	336	320	304	221	218	225	241	223	217	189	204	174
467	474	384	287	278	290	358	348	303	264	246	288	220	195	203	254	233	180	205	267	308	311	363	385	467	386	308	373	372	356	331	346	326	259	198	211	215	216	227	235	201	220	228	253	282	256	271	251	236	190	169	186	146	154	150	152	145	169	212	275	247	262	373	407	413	391	349	399	397	370	332	338	378	392	403	451	457	417	301	251	230	193	217	272	251	250	238	350	337	310	323	387	381	414	568	456	484	395	371	440	352	315	308	328	334	310	351	347	304	311	286	256	237	203	218	211	218	203	191	188
429	430	365	274	295	315	349	295	264	266	275	276	280	273	285	246	211	179	198	268	325	332	349	472	371	289	278	294	346	302	323	306	266	252	225	244	268	283	236	245	202	244	258	281	276	286	288	304	302	229	177	169	173	196	199	207	200	208	262	397	303	263	317	360	465	404	389	424	344	341	322	352	362	347	347	464	407	401	324	294	270	222	251	222	214	246	246	283	352	342	313	374	468	503	643	480	450	494	513	542	504	465	410	410	433	441	450	406	357	373	342	339	296	256	264	247	262	202	192	212
410	355	298	248	326	345	365	325	296	316	344	279	342	422	379	281	304	312	320	327	351	348	343	429	345	260	253	288	281	256	260	194	206	262	278	308	327	311	277	255	230	250	297	309	279	291	328	324	293	234	187	138	173	174	192	189	179	188	266	264	238	245	244	286	292	265	409	559	529	472	325	296	275	275	392	389	362	397	350	341	318	280	312	202	211	248	290	268	291	305	264	349	417	585	626	550	572	539	524	570	556	497	437	394	465	470	537	425	393	377	425	394	348	292	282	283	291	271	268	298
428	318	297	252	387	362	363	324	334	438	349	323	325	469	413	342	323	299	272	290	288	325	339	274	279	271	326	303	274	272	230	162	206	244	252	297	289	214	213	270	270	284	304	311	297	298	311	275	244	227	177	136	177	181	192	212	187	210	245	266	257	286	320	347	280	290	461	582	579	571	409	358	343	333	421	374	331	291	278	288	295	328	314	228	234	256	245	290	262	253	265	397	418	727	642	746	708	456	529	511	508	473	540	390	336	357	331	319	345	322	341	363	342	315	281	301	315	316	325	283
318	285	316	340	378	370	394	302	332	362	263	308	315	391	381	389	278	287	306	296	297	301	252	252	313	326	267	267	267	280	247	221	266	265	244	265	217	197	208	325	312	304	318	315	295	309	280	250	257	258	194	167	190	200	207	198	206	274	244	221	248	411	327	335	278	381	434	459	394	391	351	287	345	292	296	296	279	262	298	260	279	349	378	315	245	245	245	205	240	219	224	466	493	516	708	610	608	632	429	471	484	429	387	311	366	297	279	274	297	302	337	330	283	260	260	329	312	281	285	264
319	296	321	297	385	399	386	289	294	298	255	274	336	351	358	404	334	369	406	345	325	313	268	320	320	309	281	255	258	240	247	241	270	237	280	291	229	196	233	359	335	353	353	353	310	324	364	303	247	249	228	165	224	214	219	196	197	239	223	219	233	241	293	318	318	325	324	357	329	321	337	297	338	398	365	326	308	264	280	243	278	298	340	284	250	250	274	238	240	220	305	386	335	374	502	521	532	491	473	358	379	322	353	333	319	307	310	303	333	343	324	294	253	243	248	245	251	258	309	313
323	308	332	293	331	312	356	273	264	283	296	365	316	320	340	439	348	385	377	301	336	326	356	402	373	332	253	209	213	226	255	279	280	225	273	379	286	240	249	320	348	335	335	343	354	407	383	294	267	289	303	200	241	251	258	203	222	259	246	203	215	194	250	313	366	352	379	421	433	344	345	319	337	348	382	284	301	321	290	347	313	311	314	287	245	245	285	239	205	205	279	387	319	321	385	518	536	460	423	424	445	376	387	392	382	372	379	367	370	379	360	248	210	218	241	224	230	272	318	325
293	326	371	295	304	321	316	299	271	320	349	413	353	358	403	419	358	382	320	300	281	311	327	353	340	310	244	190	202	239	288	271	249	234	215	301	274	251	202	319	371	357	354	395	380	378	421	315	275	250	272	232	262	307	278	200	253	286	277	192	154	235	295	364	435	409	378	467	445	506	444	318	361	443	289	249	287	359	379	332	308	331	351	340	304	313	265	268	242	198	201	325	341	437	508	459	390	357	372	434	463	361	351	410	396	349	344	309	334	372	400	254	297	340	310	272	247	275	317	330
319	373	401	318	332	334	341	356	310	306	333	346	372	447	464	411	365	364	312	292	315	307	303	299	321	274	235	221	236	226	233	231	278	234	198	231	272	270	243	310	360	323	324	480	432	372	366	309	253	238	238	203	292	320	267	245	247	254	284	219	202	286	296	307	372	369	313	371	412	663	546	458	328	330	296	251	309	326	350	381	323	332	397	312	302	312	338	296	249	259	258	346	386	458	463	432	371	366	370	462	461	412	383	410	436	449	393	393	435	373	308	175	255	281	297	309	292	295	354	369
320	341	324	267	302	328	318	390	346	315	379	371	433	452	438	467	360	362	363	326	310	308	296	267	299	279	238	212	175	184	215	263	362	287	242	254	261	243	283	344	330	293	308	398	427	378	406	304	291	265	246	171	261	332	275	293	316	291	312	302	340	341	314	246	298	361	335	394	454	535	533	425	289	277	285	286	324	364	381	387	377	430	343	307	307	318	356	300	298	322	311	391	435	449	414	405	411	400	413	429	431	431	435	413	450	477	442	427	422	367	356	210	137	266	282	249	239	286	307	296
276	268	269	283	271	344	393	400	436	364	390	451	461	420	403	452	398	329	329	301	307	322	330	282	283	272	256	226	209	249	256	277	288	300	283	267	243	279	316	325	328	297	306	330	306	307	311	346	345	265	263	238	245	315	375	371	507	413	358	409	348	335	402	336	325	349	377	499	534	483	517	398	344	378	365	373	487	462	424	394	401	385	398	322	329	381	393	365	407	388	344	363	470	463	625	484	484	401	327	347	322	398	422	426	439	429	443	398	409	395	385	327	313	303	287	279	276	305	313	281
237	247	329	312	324	372	367	351	361	348	381	418	487	435	418	398	372	350	267	291	276	266	339	289	276	289	306	296	263	308	293	298	317	290	286	280	313	267	259	336	345	426	344	351	330	324	282	294	286	282	307	273	250	370	326	297	348	347	309	449	437	343	305	305	322	349	360	462	516	502	534	421	391	374	332	377	481	532	428	371	404	371	352	295	306	366	367	402	440	465	367	356	400	573	437	505	516	568	423	316	342	381	425	440	443	423	412	405	387	403	469	455	426	340	342	280	273	297	345	347
260	352	356	288	281	294	334	317	280	314	335	333	449	380	317	306	327	329	325	330	260	238	303	289	256	267	318	293	274	287	298	303	329	360	303	304	334	320	305	366	399	466	367	330	350	319	298	257	277	284	328	391	482	347	306	205	241	271	336	383	396	346	290	350	413	406	394	474	510	397	349	369	403	352	322	330	406	427	394	339	391	392	382	313	328	332	328	363	381	422	363	335	470	484	495	494	616	675	580	408	400	383	405	404	390	395	400	354	379	411	435	371	377	371	415	422	358	291	330	366
260	278	281	245	298	375	337	302	291	293	352	322	354	360	305	350	345	353	333	336	268	223	217	223	224	228	258	278	253	231	221	248	232	360	318	305	274	316	300	327	371	386	364	362	327	304	301	342	390	335	410	345	393	377	312	289	329	427	419	393	355	293	285	345	437	441	395	448	402	340	303	374	361	301	289	289	301	292	272	355	429	417	369	297	303	292	355	381	298	340	331	334	326	423	507	546	646	625	677	451	424	402	397	398	404	395	413	393	376	395	371	331	341	362	397	421	346	300	359	462
243	258	280	383	334	360	338	270	268	244	289	275	340	456	370	330	308	373	347	283	247	239	218	219	214	208	214	219	203	234	238	244	253	246	282	272	274	281	297	277	293	320	359	359	360	325	321	376	375	332	430	525	399	396	412	367	361	401	412	410	425	408	375	375	454	513	473	466	496	409	363	384	430	407	364	344	296	262	231	297	360	420	385	368	347	297	364	403	326	300	299	279	313	401	420	508	447	594	510	448	447	414	395	380	413	398	359	331	347	358	330	330	332	376	399	350	316	295	274	292
258	282	319	350	267	265	279	269	278	276	304	335	373	462	422	310	292	388	414	307	254	255	255	251	226	204	197	194	185	204	193	227	234	236	250	262	244	293	328	270	256	279	329	430	405	347	330	343	306	283	368	451	499	403	363	336	333	364	384	386	395	408	429	360	407	447	458	432	468	443	433	379	371	420	334	321	292	324	273	334	384	415	425	420	428	407	396	426	345	347	375	352	375	404	421	489	493	461	459	458	457	404	365	392	404	407	386	377	396	379	382	390	363	360	372	354	384	358	329	331
269	278	311	346	278	227	227	259	264	279	334	358	527	546	419	281	297	416	426	323	284	246	286	248	227	192	166	153	156	171	196	228	251	250	215	265	293	295	294	273	294	303	392	404	346	380	392	303	260	232	221	266	330	380	363	339	329	357	432	414	432	470	460	411	383	408	414	452	498	483	478	420	362	351	326	302	334	356	336	387	413	416	420	374	351	382	444	435	422	385	389	401	413	418	469	502	461	461	459	483	456	417	364	356	369	374	421	425	436	438	441	425	414	408	418	379	375	336	351	392
280	245	261	258	230	193	231	254	277	280	341	444	482	435	312	269	322	357	302	287	300	267	261	278	244	238	238	199	183	209	217	235	277	259	272	297	312	371	334	287	313	323	332	456	394	329	526	363	289	278	264	278	333	384	313	364	362	342	347	366	477	438	509	415	441	403	468	471	453	482	406	399	353	349	317	311	398	386	310	349	343	354	352	395	341	368	408	357	344	353	370	400	465	465	394	440	460	476	482	453	397	379	381	376	379	423	417	394	452	463	459	483	457	434	443	421	396	376	376	373
262	236	203	202	226	243	246	300	276	307	366	404	418	356	280	266	297	268	254	261	277	253	285	315	312	311	312	228	218	225	243	271	277	281	315	348	400	394	358	327	343	316	301	365	363	322	326	325	273	266	261	286	324	285	431	425	448	397	391	440	567	505	444	367	417	455	525	542	507	379	377	338	315	303	300	339	327	299	283	286	284	289	315	393	398	357	328	304	338	379	333	307	351	411	359	397	456	474	402	379	352	308	295	305	368	349	304	289	378	472	486	454	478	450	479	417	376	378	386	362
277	226	200	194	183	221	245	247	298	331	436	436	361	333	261	258	270	260	243	272	306	271	277	305	302	305	298	277	256	225	216	277	270	292	291	311	324	331	309	267	306	299	293	306	330	382	289	276	233	223	214	259	325	338	393	412	389	364	358	416	428	377	402	385	404	425	474	486	457	438	400	363	363	318	294	325	317	271	271	277	304	273	298	334	354	322	312	276	353	309	303	345	405	381	436	471	476	491	449	458	431	401	393	385	366	355	333	290	370	416	458	439	415	415	407	400	411	388	372	387
272	237	232	231	221	233	252	262	325	384	409	389	388	374	292	317	273	290	306	351	327	318	289	311	309	349	375	326	281	233	279	303	304	313	296	289	301	291	271	246	257	282	240	229	262	379	257	222	190	200	212	274	365	305	375	354	333	363	368	379	421	473	511	401	403	426	435	459	423	462	421	330	296	286	272	263	345	312	244	268	281	310	316	308	290	331	359	351	315	292	299	296	415	413	418	440	447	459	460	462	452	458	449	364	362	360	397	333	368	427	427	419	426	398	381	387	377	378	333	342
242	252	262	280	248	272	311	310	335	392	374	348	361	326	314	278	298	333	335	374	365	342	317	342	317	350	383	315	310	276	275	285	265	318	355	329	309	319	357	257	207	210	212	206	223	252	192	212	214	274	259	297	325	289	351	368	359	344	349	424	467	495	449	411	419	370	461	454	454	453	406	304	286	267	277	273	317	279	255	310	299	305	314	327	358	326	367	356	308	325	319	332	405	370	408	374	384	423	466	457	416	413	413	420	360	333	336	310	319	425	453	392	400	417	431	351	348	331	303	319
265	302	306	277	252	275	303	332	358	358	355	333	341	307	272	237	245	342	375	342	301	296	265	289	316	344	300	339	349	331	321	333	277	330	376	331	298	295	278	245	198	190	206	221	196	190	197	232	235	313	282	280	267	293	305	318	376	380	399	454	380	361	394	410	393	363	431	520	467	432	335	265	281	303	245	302	263	235	224	302	241	262	302	345	362	323	373	325	328	331	332	317	311	351	375	345	336	326	438	436	355	357	378	426	360	290	288	263	327	364	409	341	345	406	436	355	327	314	293	250
275	321	281	252	264	304	287	390	315	345	335	317	317	299	284	247	277	306	363	320	303	283	257	261	295	280	300	346	364	397	366	401	350	336	347	309	276	259	243	232	212	191	211	186	182	192	230	294	261	312	321	289	297	294	271	331	343	361	383	385	398	383	456	341	358	343	367	364	383	345	326	273	333	341	258	258	235	220	190	201	204	281	348	318	282	293	333	317	344	316	340	328	311	287	284	295	309	320	358	366	334	392	367	394	339	296	269	247	344	326	335	348	334	344	363	319	322	336	316	242
301	330	313	300	276	291	269	270	288	302	303	326	300	281	315	294	354	339	367	302	267	253	274	279	264	267	313	377	366	393	390	360	329	345	337	319	301	243	238	225	192	222	219	189	203	228	283	299	284	334	356	344	349	299	254	271	320	411	388	440	391	349	388	339	326	300	312	279	313	375	367	281	287	292	259	220	181	169	188	188	193	248	277	328	265	297	318	298	332	320	340	348	327	280	249	288	296	336	339	389	392	392	356	420	384	269	222	233	233	229	259	254	248	246	236	251	282	305	294	290
309	356	347	299	281	273	317	310	298	296	331	322	344	314	304	387	341	335	367	351	295	391	293	354	357	361	328	382	325	398	392	382	336	321	353	325	303	246	222	223	247	266	227	209	219	261	266	263	278	365	351	410	395	318	302	268	314	406	429	416	380	333	325	282	280	284	311	334	335	392	412	276	286	236	230	303	192	201	192	163	191	203	231	301	273	273	304	295	312	301	308	331	336	287	275	262	307	303	338	409	402	384	330	288	346	291	198	203	182	192	188	203	206	189	172	206	249	228	220	231
298	316	279	304	256	327	358	379	334	338	405	368	363	322	323	329	310	341	354	336	364	341	349	405	412	436	372	321	315	364	381	399	324	288	295	251	224	193	183	189	223	204	208	191	223	255	272	294	268	324	335	336	311	277	292	239	266	343	321	264	249	209	213	246	230	219	233	263	382	394	389	409	253	214	197	191	185	237	213	146	149	181	277	278	272	300	303	317	262	240	237	293	298	258	282	272	298	280	290	335	372	324	224	233	256	224	201	152	132	154	150	160	154	145	145	187	232	181	169	161
336	336	329	297	300	344	399	382	315	293	282	308	313	334	330	330	357	371	328	323	335	342	325	384	406	441	368	325	314	322	377	394	325	311	320	278	247	245	239	214	239	254	265	262	276	275	265	255	242	249	278	264	268	302	288	305	302	332	295	202	204	225	188	237	314	283	265	299	454	353	353	282	195	185	215	221	200	232	230	202	137	213	309	306	250	236	277	227	261	209	185	217	198	203	226	291	333	276	245	253	250	273	220	197	200	163	166	139	142	141	135	127	117	118	154	190	199	156	140	145
263	276	288	298	287	305	337	349	294	265	278	305	314	341	402	341	363	379	366	360	340	344	323	323	340	384	328	354	374	363	406	432	351	346	302	298	274	301	280	285	341	274	313	305	266	255	273	241	255	238	275	253	270	284	251	196	258	302	312	222	238	193	173	240	313	306	331	265	410	357	278	233	203	203	220	175	191	199	239	242	218	295	420	410	253	205	220	157	139	151	180	202	206	195	226	233	259	209	195	239	245	257	193	203	197	197	158	158	176	150	138	112	77.6	106	136	170	156	140	137	140
224	264	238	265	294	358	336	335	312	265	277	315	336	357	416	362	373	428	400	376	346	360	326	278	295	315	355	356	377	341	393	372	367	378	300	263	255	272	271	262	275	295	293	299	268	234	239	224	226	302	323	262	275	225	223	204	265	324	280	270	286	179	207	227	283	282	300	273	296	270	227	211	217	228	293	190	185	197	239	316	319	287	332	312	303	259	226	130	149	178	225	202	198	191	187	204	216	234	240	253	264	278	233	176	192	184	143	128	156	135	96.8	92	87.5	90.8	109	123	123	118	134	129
257	259	249	223	268	272	285	281	270	249	272	292	358	390	469	392	435	479	423	407	403	370	293	273	264	286	333	344	298	306	316	325	360	354	275	253	226	263	307	292	279	287	305	306	271	233	212	202	238	260	207	190	234	258	272	240	231	240	192	188	235	167	172	222	282	272	231	226	263	274	285	288	261	251	278	188	158	157	249	317	236	338	509	353	311	322	351	197	172	216	289	251	243	224	220	247	238	277	285	272	334	292	239	171	179	202	170	137	133	118	109	74.5	84	93.2	86.8	105	98.9	99	127	119
258	242	247	225	246	215	264	246	301	273	245	251	287	351	417	435	444	401	424	380	365	367	356	303	297	270	282	298	286	341	333	344	369	334	278	241	255	251	318	321	317	305	316	298	271	211	181	218	236	201	196	213	208	278	313	246	214	230	228	190	180	164	194	289	299	278	262	234	257	303	358	320	276	287	344	289	177	163	236	258	260	314	488	311	281	377	283	247	269	374	261	272	245	222	245	254	232	249	263	292	306	257	226	169	194	229	189	138	106	123	132	123	110	105	97.9	88	80	86.4	92.4	89.3
186	234	256	218	244	229	236	223	271	293	254	244	276	312	357	410	406	351	350	341	328	351	433	365	349	279	306	286	316	398	365	296	263	281	274	262	260	252	259	284	310	321	315	324	271	210	193	204	250	243	276	251	257	307	272	257	212	234	265	209	174	189	200	309	324	284	285	275	271	307	380	350	276	325	454	325	205	161	232	268	235	204	347	282	261	328	252	365	399	387	295	266	223	230	218	220	197	189	193	228	242	205	212	176	160	200	173	128	143	149	126	102	99.3	75.6	93	82.8	83.9	86.4	87.9	85.3
170	237	271	226	235	205	220	241	286	285	265	256	269	330	324	354	329	428	336	293	307	335	351	379	353	277	323	347	429	355	300	255	249	258	259	293	252	278	284	305	286	264	310	274	279	305	274	259	339	313	300	276	295	291	272	265	235	211	193	200	197	206	212	291	286	300	351	303	318	303	286	288	229	283	294	227	174	173	173	192	225	216	330	281	277	270	216	202	269	361	366	293	267	217	218	207	197	174	189	225	243	233	184	144	134	147	182	157	176	174	110	110	108	79	71.2	69.6	66.5	68	68.7	92
194	222	239	229	237	223	244	238	236	267	239	241	281	291	285	305	304	287	310	316	313	320	340	405	404	358	397	417	433	329	258	224	245	244	245	262	253	265	286	294	290	250	249	242	271	305	294	246	357	337	292	250	256	243	254	326	303	241	205	202	208	236	256	316	247	259	235	261	295	234	205	219	209	310	323	259	137	175	168	202	206	155	165	207	237	249	209	240	328	429	409	327	382	343	241	163	151	157	183	194	201	210	166	140	143	146	137	116	130	134	117	91.3	53.8	43.2	62.6	72.4	56.4	45.6	38.6	47.2
189	186	208	239	213	217	224	222	227	261	270	239	245	253	256	294	323	301	338	329	299	299	269	292	302	354	351	369	397	344	259	260	247	253	250	265	274	262	297	319	287	249	253	238	262	254	267	220	239	242	273	240	269	235	209	236	265	209	167	189	246	252	257	298	283	254	214	196	207	198	193	198	254	256	262	232	166	163	158	153	152	151	166	198	232	256	224	239	281	287	418	452	345	271	240	164	145	150	169	166	171	175	157	139	162	190	163	139	118	74	83.1	48.4	62.2	44.5	66.1	77.9	52.5	49.6	40.6	43
175	169	196	224	210	238	204	194	190	204	232	223	216	228	231	276	332	322	325	305	285	263	230	209	205	240	253	240	330	338	249	260	256	253	242	257	267	283	283	283	279	264	247	229	236	242	255	230	239	237	247	254	216	219	227	265	242	217	213	158	184	213	243	278	279	244	175	197	186	193	221	294	235	217	278	176	148	149	140	124	139	150	198	191	250	257	225	297	348	310	657	505	393	289	249	198	191	169	153	131	139	148	146	150	185	172	179	145	99.8	67.8	64.3	37.4	42.3	40.6	34.4	64.7	54.6	48.9	42.4	46.2
158	151	150	175	210	241	217	209	183	179	205	189	184	203	227	283	295	307	282	298	306	266	242	290	284	254	207	199	222	298	277	285	268	241	248	245	262	262	260	245	281	299	268	229	229	250	253	211	202	275	269	223	249	203	233	266	260	211	168	162	184	179	191	238	273	252	179	177	172	180	248	361	292	211	225	190	147	169	175	147	119	113	141	184	243	233	225	288	297	289	359	309	325	292	244	183	157	164	193	181	170	157	148	138	178	168	142	121	85.2	59.5	50.6	37.2	32.4	33	40.2	63.2	60.8	50.2	57.5	64.5
153	153	145	172	222	214	184	180	189	178	168	183	202	200	199	241	294	271	274	365	354	329	325	359	309	229	235	240	281	309	240	245	214	175	189	217	237	248	265	232	251	275	275	243	221	249	233	258	206	210	220	180	179	190	237	303	316	316	316	310	274	242	256	208	251	262	260	208	153	134	195	276	261	182	155	173	142	158	160	194	156	141	146	199	270	222	195	246	279	282	265	242	290	310	299	196	193	211	258	211	170	158	130	102	126	113	123	80.8	61.7	52.6	54.6	48	68.2	46.2	35.3	54.9	52.8	50.8	66.2	65.8
167	155	146	165	185	181	183	154	151	168	173	190	214	195	201	234	232	241	261	291	280	319	317	377	298	239	241	234	304	322	213	210	190	185	193	232	259	259	259	260	266	268	293	277	268	284	282	297	271	181	224	192	174	185	121	201	226	226	258	292	360	389	282	184	198	256	235	184	170	169	173	191	190	178	148	174	146	158	133	138	155	241	147	160	186	190	202	173	211	241	224	268	250	294	295	213	199	186	201	166	190	153	141	90.4	81.9	83.9	74.5	71.2	60.8	51.1	52.7	51.1	65.3	45.8	41.4	55.9	47	40.3	44.8	58
162	160	155	151	163	162	147	123	130	143	154	170	186	194	199	230	237	227	214	235	220	282	308	278	228	212	218	254	278	301	245	217	223	212	220	229	257	251	247	257	266	250	255	236	256	274	286	307	289	179	131	189	106	95.5	89.2	105	120	175	138	164	258	260	303	191	195	201	164	141	136	147	163	138	147	135	141	179	223	141	103	147	141	191	198	226	227	218	213	193	227	213	182	240	266	288	301	239	199	188	204	249	234	154	121	78.7	65.2	74.1	69.9	58.9	54	41.9	45.1	38.1	57.2	56.6	59.9	76.5	46.7	33.8	34.7	57.3
154	143	139	132	151	154	134	115	131	136	163	169	179	187	196	192	225	220	196	217	214	230	260	233	245	235	227	249	288	302	287	230	246	228	222	231	245	235	252	245	237	217	209	201	221	286	234	198	151	133	116	152	100	93.8	94.6	140	89.9	83.2	117	144	241	250	223	160	158	160	157	132	106	123	163	151	143	150	197	238	199	138	107	139	143	147	230	241	221	210	217	210	226	232	223	239	232	230	237	178	169	151	150	163	193	115	83.7	81.2	85.9	79.6	75.9	73.6	66.4	54.7	57.8	61.9	61.5	67.5	72	68.6	46.6	40	46.6	73.3
201	171	149	145	154	162	132	138	127	132	152	148	165	167	166	155	194	191	198	188	172	191	251	232	209	218	210	241	257	244	244	245	245	233	222	213	219	216	230	226	209	184	210	218	183	185	170	121	119	109	109	116	118	102	94.7	99.9	104	71.8	127	228	269	296	255	144	135	141	158	120	107	121	144	148	140	145	135	172	174	127	118	132	161	164	147	186	145	139	124	136	160	186	185	210	168	160	145	170	176	118	122	113	100	78.2	94.3	115	117	107	111	72.6	68.5	71.8	65	46.7	41.8	57.2	58.5	55.7	39.8	38.3	54.9	43.5
212	177	154	153	165	156	154	151	129	111	131	121	133	135	152	134	136	171	163	173	171	180	219	216	194	196	208	219	231	237	265	261	259	220	222	225	215	215	204	194	203	178	204	195	166	153	167	119	109	123	137	157	126	82.2	71.8	96.4	116	125	148	231	325	237	222	153	134	133	162	126	122	124	140	127	127	121	137	142	157	125	122	139	168	164	135	115	127	112	100	100	120	165	138	177	135	113	123	152	147	127	119	122	105	102	108	128	178	137	183	72.2	75.5	125	67.7	41	35.5	53.4	65.9	56	33.2	43.3	54.7	39.8
207	188	176	126	117	148	162	173	181	125	128	112	112	118	123	113	110	134	130	137	140	146	173	195	184	166	168	220	227	263	268	236	217	202	219	245	233	188	196	186	209	185	167	170	143	133	149	109	108	103	136	159	139	94.3	92.3	133	141	168	163	214	276	237	171	147	119	112	151	121	140	117	122	116	137	125	108	111	141	129	113	124	129	141	113	85.6	112	114	109	83.7	97.8	167	152	144	126	117	129	152	187	161	143	127	120	112	137	135	160	127	126	101	90.7	78.9	58.1	44.9	26.8	28.2	22.2	29.8	26.3	26.8	34.7	21.5
218	194	184	144	102	138	130	150	157	137	122	118	129	116	118	105	113	133	124	134	146	139	136	172	184	167	163	256	204	213	226	246	207	186	214	222	230	194	192	178	207	190	169	166	152	147	158	128	131	114	94.9	109	110	66.4	72.6	92.7	108	106	103	181	191	172	157	116	115	106	112	119	122	104	82.1	105	119	121	90.8	100	99.6	105	88.1	137	130	103	117	141	109	79.7	89.7	83.3	103	124	131	121	109	112	110	127	145	129	143	148	150	154	168	159	170	173	188	143	93.7	101	60.6	32.8	31	38.2	32.1	21.6	18.5	21.7	38.4	31.3
205	213	239	208	147	142	135	141	163	133	111	115	98.9	128	112	91.2	97	126	105	114	115	117	120	140	147	161	137	209	147	144	158	172	165	167	179	217	217	209	202	167	181	174	172	159	142	152	186	153	164	142	93.1	75.8	78.1	67.4	88.6	90.7	103	78.7	87.9	150	108	121	119	107	114	106	112	104	90.1	76.1	66.4	81.7	94.6	91	83.2	83.3	103	106	99.7	124	101	104	136	141	114	101	97.3	85.1	93.4	119	125	96.1	101	98.1	69.6	89.9	115	153	200	254	250	252	226	203	257	326	290	229	172	116	64.4	85.5	81.3	57.5	47	43.5	45.3	26.1	45.3	40.4
215	171	281	250	181	148	137	132	119	118	130	123	116	131	125	92.5	107	115	109	101	102	101	102	123	119	126	129	129	128	122	131	149	154	153	164	231	224	201	173	162	161	148	170	134	107	144	176	167	184	128	107	85.2	80.5	97.4	140	150	95.9	99.6	97.8	107	122	127	148	144	133	123	114	114	78.6	62.5	65.3	80.9	87.8	85.8	87.9	104	108	102	93	101	100	133	135	158	176	172	130	102	94.1	85.8	85.2	77	76	83.3	70.8	95.4	137	168	186	178	214	209	152	161	215	319	338	277	202	116	80.6	108	92.3	88.8	62.3	48.1	78.8	72.2	52.3	32.3
169	150	160	175	162	142	135	111	105	95.1	101	111	113	132	147	100	109	105	100	107	119	119	101	107	118	122	114	111	107	108	112	124	130	149	158	192	196	191	161	149	164	153	157	116	136	162	168	155	120	115	94.9	100	102	119	172	190	147	161	109	113	116	117	190	148	146	121	103	102	76.6	92.4	80	94.8	84.9	101	93.4	112	132	114	86.2	98.6	105	92.9	130	167	143	122	137	100	65.7	95.2	90.2	70.2	77.7	109	66.3	97.6	154	195	189	153	165	137	157	198	262	348	367	311	209	110	81.5	75.6	101	118	146	102	80.2	70.3	54.6	55.5
251	200	177	212	199	146	127	135	99.6	109	130	114	110	130	141	123	117	139	128	106	116	111	110	117	123	121	115	107	96.8	96.6	106	107	116	112	132	156	146	150	165	165	137	121	146	129	133	157	142	136	102	102	117	107	117	142	158	162	175	166	118	96.5	90.4	94.7	125	117	101	109	89.1	92.1	81.9	93.7	90.5	105	97.3	98	108	107	115	127	104	113	108	110	102	116	95.4	91.4	114	99.9	90.3	85.6	76.4	52.7	64.9	86.5	65.8	77.7	129	172	176	149	139	140	200	267	369	384	376	369	224	105	98.3	61.9	54.4	37.2	32	45.3	53.8	61.4	49.5	39.3
269	249	231	226	199	132	197	174	136	160	181	117	110	126	130	126	127	125	137	121	114	117	111	111	110	111	106	102	86	80.8	81.6	107	104	107	136	191	150	151	239	230	159	119	150	176	209	176	168	141	132	121	120	106	97	127	151	131	126	125	134	135	99.2	80.4	78.5	71.3	84.1	111	99.4	91.2	83.6	72.6	86.1	90.7	108	96.2	103	125	140	125	103	93.9	117	165	162	114	117	94.8	114	138	104	67.2	66.9	66.7	65.8	42.6	52.1	107	125	133	131	119	120	107	168	217	279	370	318	289	182	104	95.8	79.5	77.1	56.6	45.9	40.8	47.7	58.4	41.7	43
243	262	244	212	200	198	146	147	137	169	167	137	128	142	143	132	132	134	137	131	112	118	114	111	112	106	104	96.5	80.8	75.1	77.9	114	119	95.4	95.6	147	185	163	196	202	148	121	142	155	141	128	158	176	137	114	144	98.4	90.9	105	97.1	105	108	121	113	130	91.8	64.2	81.6	75.7	74.1	103	111	89.9	77	58.8	59.8	69	102	95.9	107	157	189	152	112	109	113	149	164	240	154	138	130	109	108	71.9	84.4	75.7	68.1	46.9	44.7	103	138	152	133	119	127	132	153	215	248	302	292	297	186	107	80.7	82.6	75.1	58.2	49.7	39.7	42.8	45.1	39.8	36
187	211	246	280	336	247	176	159	153	173	189	145	150	151	150	137	139	160	170	146	120	116	126	115	113	99.3	97.5	93.9	83.6	74.4	78.7	97.7	99.9	101	108	105	147	148	155	188	133	131	144	160	168	130	158	147	115	102	120	82.7	84.9	88	92.3	97	91.8	86.8	108	127	136	100	60.3	65	85.3	97.4	80.3	79.9	87.3	68.1	64.1	66.7	90.9	98.4	132	170	168	150	140	170	152	153	141	180	169	121	110	109	89.4	84.2	103	88	66.5	79	94.8	157	182	170	151	117	177	205	226	218	228	250	235	266	190	103	86.6	97	105	57.3	45.6	42.5	38.6	45.3	43.4	33.6
145	194	233	308	300	240	183	176	157	156	164	139	139	151	150	143	147	178	200	158	145	126	126	117	117	107	96.8	100	86.6	80.6	80.8	104	95	86.1	75.6	74.1	95.7	95.4	138	164	155	163	231	166	197	161	125	115	104	100	142	101	84.4	85.7	92.7	96.5	84.6	74.5	88.7	111	120	127	97.5	82.3	111	98.2	96.8	94.3	89.5	93.8	79	71	87	91.2	116	150	141	137	144	171	197	183	161	179	193	175	116	141	113	117	123	51.7	48.8	80.5	130	194	166	162	137	166	169	188	229	211	229	242	226	219	189	146	117	121	126	60.1	53.2	50	49.6	44.6	52.4	34.5
102	143	191	195	151	136	140	182	187	151	151	162	152	159	179	169	179	207	238	190	171	159	141	119	116	101	85.1	93.9	109	82.3	78.4	96.9	104	87.3	79.1	67.9	66.9	108	76.4	89.9	121	135	149	195	325	213	116	95.3	107	125	128	129	90.8	98.6	94.4	118	95.1	107	116	111	180	164	135	120	143	122	123	133	100	96.9	104	87.8	89.1	91	108	126	113	113	96.3	120	116	113	106	123	140	143	109	104	119	75.3	90.1	62.7	84	91.9	107	131	118	123	127	158	148	139	190	208	172	176	179	160	137	120	101	109	81.6	65.5	65.7	64.3	59.3	72	62.6	54.6
94.6	83.3	129	149	130	97.2	100	159	212	199	230	198	183	170	183	175	196	231	243	199	187	164	151	146	125	113	89.5	91.5	87.9	74.7	81.7	92.8	82.1	82.6	72.4	89.3	60.2	105	104	94.5	102	102	115	186	234	200	113	89.9	99.4	131	139	134	100	90.4	102	90.5	102	122	111	113	132	117	136	119	127	139	119	117	126	112	99.2	117	95.7	104	108	107	111	112	87.9	83.8	75.1	74.8	70.1	90	120	126	113	115	148	104	87.5	71.3	100	126	122	94.9	130	120	106	127	125	128	172	199	154	143	150	114	123	135	134	136	92	76.7	81.5	90.6	78.2	67.7	54.7	56.7
70.9	71.2	92	93.7	92.5	76.1	69.9	110	173	270	281	216	214	189	199	188	193	239	242	199	205	184	146	118	118	108	98.7	108	137	86.3	79.2	78.9	69	61.4	78.4	95.5	78.8	89.2	80.7	75.6	88.2	85.1	83.9	133	145	175	129	102	92.3	135	141	123	132	125	115	115	129	117	113	155	135	121	112	119	135	106	112	122	114	104	97.6	116	110	108	101	101	109	88.9	86.7	70.4	57.5	67.4	84	78.1	90.9	103	102	142	124	102	111	81.7	128	139	154	112	152	182	128	105	110	128	144	162	131	111	98.4	108	141	147	138	107	89.6	78.5	88.4	110	99.7	75.5	70	87
64.9	95	89.7	81	71.7	68.2	65.8	93.8	166	301	331	249	271	262	186	171	175	196	195	193	196	169	147	118	97.9	88.8	101	116	114	91.6	82	69.1	67	79.1	81.4	104	74.3	62.2	59.8	71.2	78	83.8	67.9	81.6	89.3	84	91	77.2	88	112	112	107	114	128	130	134	157	132	144	148	134	159	142	131	154	113	111	122	129	117	101	100	91.6	86.4	96.2	110	111	102	73.4	68.1	66.5	58.3	70.5	81.9	79	85.6	76	106	95	97.5	89.9	87.5	88.1	126	124	108	111	149	125	99.8	102	128	148	129	108	100	107	127	181	152	155	122	102	88.4	91.2	81.8	73.1	87.4	82.4	75.3
53	68	76.3	99.1	62.7	53.5	48.2	55.5	123	252	276	330	361	392	300	223	187	172	168	192	210	202	170	151	114	144	140	152	131	122	114	87	98.7	97.2	101	89.4	80.5	72.2	68.3	89.1	90.8	96.7	80.9	81.9	95.3	113	75.5	58.8	82.7	115	131	122	112	140	143	146	161	139	134	210	202	185	174	133	139	138	112	133	145	115	139	152	119	110	108	102	119	102	80.7	56.6	62.9	66.3	52.8	59.1	65.9	82.2	77.1	70.8	72.9	84.2	76.5	62.3	80.9	119	115	92.7	93.6	109	123	97.4	136	144	128	111	101	123	119	118	144	170	162	129	110	101	95.3	75.6	80.2	64.2	58.7	70.3
48.6	48.5	55.3	88.9	87	47.8	44.7	42.1	53	97	175	241	331	306	281	255	209	169	152	155	148	158	140	122	118	136	153	125	97.6	108	106	119	91.3	91.8	90	91.1	79.8	85.8	82.4	107	97.1	117	98.5	86.3	87.2	103	102	66.5	78.9	103	127	130	130	147	164	139	153	152	136	223	174	143	180	127	133	144	119	117	128	121	149	146	135	117	113	92.6	107	109	118	69.3	73.4	62.8	59.4	58.4	55.5	73.6	78.7	97.2	66.1	80.3	89.3	90.6	91.2	85.2	115	101	97.4	95.5	99.8	100	112	123	110	107	111	117	115	114	130	156	136	110	88.1	84.8	76.7	77.4	73.1	47.6	49.7	61
52.1	48.2	45.6	43.5	45.4	45.5	43.4	38.4	36	84.6	107	115	146	186	214	273	213	165	168	157	150	134	116	107	105	123	109	131	168	161	119	116	111	92.9	89.3	81.4	71.1	96.4	83.9	102	113	108	114	157	128	150	133	114	66.2	80.4	114	124	143	150	174	140	133	157	148	236	170	239	176	108	115	128	114	104	115	140	152	144	120	107	89.7	84.9	118	104	98.7	75.6	67.4	64.6	59	66.9	49.2	57.8	71.3	78.2	67.2	69.3	72.4	71.5	98.4	83.6	99.2	97.8	115	96.8	135	78.3	81.8	105	96.6	97.5	108	111	112	117	109	130	124	98.4	81.8	87.5	83.9	79.3	52.3	43	47.6	54.2
45.9	44.2	49.5	42.6	50.6	42.9	46.7	40.7	39.8	61.6	98.8	110	103	152	137	165	172	143	140	144	142	123	103	105	99.4	98.6	96.9	104	139	159	130	112	95.1	92.8	87.5	79.2	78.9	78.5	78.9	99.9	93.7	117	136	206	142	123	131	117	82	139	125	110	131	138	147	128	128	150	154	190	155	183	131	102	105	113	106	94.7	102	146	153	135	114	108	108	125	144	107	78	72	62.3	67.7	78.9	72	56.8	54.6	57.9	74.8	49.4	60.9	60.4	56.7	71.6	81.3	70.6	75.3	104	112	163	101	87.9	89.4	93.8	89.9	99	113	121	122	124	125	118	98.5	80.9	77.9	93.5	89.2	60.2	45.6	38.9	43.7
35.7	39.2	39.8	37.8	40.9	43.5	47.6	48.3	37.6	39.9	58.2	101	87.6	96.5	95.7	99.9	119	119	115	107	98.4	84.1	91.6	103	91.5	94.6	84.7	93.8	114	134	114	101	104	94.8	94.9	98.4	105	90.7	87.3	83.6	91.3	87.8	86.2	102	112	98.3	79.9	65.9	69	71.7	89.6	101	130	160	130	106	115	124	131	119	131	133	86	93.3	106	117	127	117	117	127	130	137	132	123	133	138	133	124	113	81.7	82.9	77.8	86.7	66.4	53.8	52.1	49.5	54.3	46	49.7	57.1	60.2	89.3	84.6	78.8	69.4	83	87.7	103	98.2	61.6	54.2	70.6	107	128	119	118	109	135	149	117	80.2	75.6	81.1	83.1	64.1	50.8	39.9	38.2	40.9
33.1	31.3	32.4	26.4	32.6	32.9	29	29.9	36.7	41.3	45.6	52.3	48.1	45.7	57.6	63.9	59.3	96	114	97	85.1	73.5	92.7	134	127	96.7	88.8	98.8	129	136	107	112	107	101	102	109	110	106	92	80.1	74.4	74.1	78.2	91.5	129	108	84	82.6	68	72.5	92.3	134	107	109	102	86.8	125	110	96.6	93.4	118	116	88.6	93.5	92	105	120	130	130	121	112	149	137	139	146	137	130	123	121	88.2	87.4	78.3	71.7	65.8	72	63.3	51.2	69.3	57.7	58.5	68.1	61.3	71.2	74.1	93.5	98.7	96.8	82.9	93.7	71	67	62.5	61.9	94.2	102	105	100	105	111	115	111	76.6	56	69.8	73.9	80.4	102	48.6	42.8	40.4
29.3	32.4	36.6	29.3	31.2	29.6	29.3	32.6	28.1	27.8	35.1	36.9	37.5	35.2	40.1	53.5	50.7	102	117	89	86.6	75.1	95.6	114	124	97.8	113	120	100	104	109	109	104	101	97	110	111	106	95.3	78.1	72.3	72.4	66.6	72.3	113	118	102	100	103	105	102	123	88.9	87.8	90.3	87.4	95	81.4	64.1	83.6	72.6	65.4	81.6	96.4	103	109	124	136	131	118	127	133	129	126	131	171	136	144	164	88.8	80.9	74.3	82.5	95.7	76.9	62.9	59.3	63.6	71.5	73.4	81.2	67.1	76.3	89.7	120	122	120	84.1	74.5	51.4	57.9	62.5	58.5	92.1	86.9	90.9	92.8	100	104	90	99.5	74.5	57.3	69.9	73.9	56.7	45.1	47.1	45.1	40.1
35	34.1	38.8	32.1	28.4	27.3	26.4	27.9	29.4	23	28.7	23.4	30.9	35.6	33.7	45.8	46.1	59.6	86.1	83.7	92.3	82.4	91.2	110	102	104	97	109	116	108	102	98.9	98.7	98	95.8	115	114	110	93.8	76.7	69.4	68.4	62.1	71.9	92.6	105	106	106	131	123	100	107	97.3	74.9	80	79.4	81.5	74.4	80.1	75.4	62.2	68.8	64.7	90	108	123	127	129	117	118	126	132	136	115	120	164	173	158	132	89.1	84	77.1	81.3	89.8	77.8	70.1	88.5	99.6	76.7	71	75.3	61.8	73.8	97.9	133	139	143	107	95.9	67.5	66.2	58.1	107	106	92.1	78.6	79.5	98.3	104	90.8	79.4	60.4	50.4	47.9	45.1	35.4	24.3	34.8	44.1	54.6
16.7	29.8	33.5	22.1	17.3	19.2	14.3	15.4	19.1	15.6	13	14.2	10.5	21.2	21	24.5	28	31.9	45	46.6	68.1	69.9	65.4	80.6	84	93	134	108	115	111	111	93.9	96.7	92.6	87.4	121	108	103	89.7	90.5	72.6	64.9	60.9	72.7	95.3	100	106	97.3	103	104	100	85.3	89.4	73	82.6	79.7	90.7	82.6	78.5	82.8	81.3	96.2	90.5	86.3	97.9	100	106	133	128	128	135	139	137	137	122	114	138	119	95	91.6	85.9	75.1	79.1	82	88.6	89.8	92.2	107	73.7	83.6	77	76.6	81.1	107	114	130	147	118	111	107	75.6	79.2	101	96.1	85.6	82	80.3	85.9	74.3	64.4	45	35.4	29	29.9	37	23.6	13.3	22.6	38.2	33.3
13.1	21.1	14.8	31.8	43.6	16.3	15.8	15.5	12.1	14.9	13.8	7.41	13.1	11.5	7.4	16.1	14.7	20.6	24.5	26.9	45.6	72.2	66.8	76.8	86	89.5	98	103	112	105	108	120	95.3	92.1	81.3	91.1	99.6	110	106	79.2	67.8	63.9	60.3	68.2	82.3	97.7	97.3	83.4	96.6	107	95.6	98.1	96.5	83.6	73.8	89.8	111	80.6	71	74.1	82.9	103	95.6	86.1	101	102	110	144	146	139	135	138	141	143	132	106	106	115	98.9	93.7	88.3	87.8	102	96.1	120	138	109	104	76	77.1	96.1	85.7	95.8	106	110	121	117	95.4	94.3	97.8	102	96.9	94.4	78.1	77.3	90	91.5	85.2	71.8	50.8	44.3	31.2	24.8	34.8	32.7	14.7	8.27	8.31	13.1	15.9
9.64	9.7	7.29	19.8	80.6	10.7	12.7	37.3	11	9.75	8.83	6.92	13.5	7.25	7.33	21.7	12.1	11.3	14.2	22.1	42.3	54.2	68.1	81.3	85.6	81.6	85.6	90.2	108	103	103	125	103	93.5	90.9	113	104	104	122	90.2	73.7	66	57.6	67.2	80.6	97.5	118	75	86	94.1	101	90.3	91.6	108	75.5	88.9	91.7	79.1	74	80.2	99	102	97.6	90.3	101	95.1	103	130	129	135	138	142	170	140	144	116	133	143	123	102	88.8	95.8	120	123	126	120	91.6	106	87.9	74	75.7	81.5	87.1	87.1	111	122	105	90.1	102	104	116	127	108	88.8	84.2	92.2	101	87.6	78.3	50.3	43.5	31.8	30.1	27	26.2	11.9	7.75	7.18	8.6	8.54
7.48	7.25	5	5.25	6.16	6.65	10.6	29.3	11.2	13	10.5	11.4	6.43	5.28	7.39	9.31	9.45	8.44	9.81	16.5	62.5	51.2	55.7	66.2	70	71.4	74.2	67.4	80.4	90.4	89.8	108	97.6	86.9	96.5	121	127	101	106	90.6	79.7	61.6	57.2	68.9	105	140	141	91.2	84.9	98.4	92.4	77.7	82.4	67.3	64.6	83.6	83.5	72.6	68.7	77.2	77.8	79	88.2	94.7	95.9	91.3	96.3	117	118	121	138	145	160	155	160	146	160	175	191	117	98.6	104	120	122	115	108	96.8	109	103	94.6	99.2	99.8	103	98.5	108	127	124	114	99.2	111	116	134	107	100	90.2	93.3	102	68.9	59.5	46.8	34.7	26.8	32.6	21.9	14.5	12.2	7.78	9.57	10.9	14.4
4.04	8.44	7.16	5.96	2.08	1.91	3.99	2.63	4.26	5.92	4.73	12.2	7.87	8.3	6.78	10.6	12.2	8.09	9.24	10.7	13.2	41.8	33.6	38.2	38.6	39.7	43.3	37	43	57.3	81.9	127	96.6	98.8	104	119	128	116	111	104	107	78.9	69.4	80.6	100	111	123	99.5	97.5	96	92.4	80.9	103	82.3	74.3	76.2	75.8	78.7	78.3	84.3	82.6	82.5	94.6	107	106	88.6	83.2	110	136	129	149	156	192	188	198	163	162	178	181	160	122	109	114	121	120	130	109	111	129	134	135	135	128	143	136	141	154	129	124	122	113	95.3	93.8	87.2	79	69.1	89.3	70.8	59	43.3	39.4	26.9	21.9	17.4	11.1	15.4	12.6	8.1	8.17	10.8
0.608	0.906	1.55	1.54	1.34	1.64	1.31	0.95	1.93	4.52	5.51	9.16	9.38	10.6	6.09	12.2	12.1	8.58	7.75	8.67	12.2	15.8	31.4	36.5	28.8	28.3	29.4	31.6	27	39.5	63.9	102	112	109	110	119	122	140	106	112	104	79.9	80.3	82.6	86	97.6	113	107	90.8	91.7	97.6	80.2	82.8	81.6	86.9	83.4	72.3	71.5	79.9	80.7	86.2	97.9	93.9	100	110	83.2	93	136	135	155	170	160	189	195	309	187	159	136	161	150	133	103	107	114	109	142	112	109	114	126	147	149	139	142	141	146	132	130	125	125	114	109	92.3	73.8	72.6	76.5	66.4	61.9	55.9	50.5	33.2	23.3	19.8	16.4	15	15	20.4	10.7	6.62	12.8
0.26	0.302	0.475	0.732	0.651	0.612	0.638	0.316	0.827	1.48	3.26	16.2	9.47	5.3	7.63	7.49	7.99	7.05	7.15	8.15	12.5	12.9	22.9	49.3	27.6	21.1	22.9	25.3	23	26.8	38.8	96.7	118	119	100	110	99.7	131	140	134	141	105	84.8	71	80.7	88.9	98.3	85.6	88.5	93.7	103	105	91	86.8	87	86.5	77.8	75.5	78.2	70.9	78.9	93.6	98.5	87	94	79	92	126	133	133	182	222	186	142	179	157	129	125	172	146	123	111	115	117	105	101	95.7	113	115	125	135	131	122	127	126	130	135	145	117	104	112	141	107	90.9	74	59	60.6	66.5	54.4	47.5	33.5	21.6	19.7	21.1	18.7	14.3	9.53	6.09	8.21	11.7
0.26	0.198	0.186	0.394	0.932	0.387	1.18	0.309	0.103	0.393	1.56	2.61	6.56	11.2	9.34	6.41	6.81	10.3	9.31	10.9	9.39	13.7	14.2	17.2	22.3	73.7	19.4	18.1	25.4	24.7	24.1	56.2	95.7	143	122	83	102	113	121	135	133	120	108	92	93.6	91.5	91	74.1	82.4	83.5	108	97.1	103	126	104	79	80.3	81.4	90.2	78.4	82.4	80.3	84.1	90.7	93	77.2	86.4	103	117	112	151	128	135	138	136	124	117	117	137	146	135	125	125	144	120	97.2	90.9	107	108	135	135	130	116	109	98.4	104	120	126	118	125	119	117	91.1	88.3	75.3	66.7	61.4	69.2	55	46.7	30.3	24	21.9	25.2	19.8	19.5	15.2	9.23	8.63	12.4
0	0.03	0	0.105	0.086	0.054	0.0506	0.36	0.357	0.56	0.612	0.96	2.96	4.12	5.7	6.43	6.5	6.94	7.5	11	8.46	9.6	10.8	12.7	13.3	32.2	12.9	11.1	12.3	13.9	15.4	22.4	66.4	101	108	85.8	80.5	87.8	83.9	114	112	115	116	99.6	93.3	92.4	85.3	70.1	71.4	77.1	94.5	96.1	123	146	139	112	99.3	91.3	97.5	93.5	94.2	97.2	93.4	84.2	86	84.8	80	97.6	161	118	148	107	95.1	95.2	144	134	128	114	163	179	173	156	150	178	187	175	119	98.2	110	129	140	144	124	103	82.7	107	114	124	109	121	114	89.6	72.5	80.7	92.8	95.9	64.3	70	66	48.1	35.9	26.3	29.5	32.6	25.9	20.6	19.3	18	8.35	11.8
0	0	0	0.091	0.0395	0.0506	0.0288	0.254	0.343	0.934	0.514	0.781	1.09	1.38	3.19	20.7	8.11	6.04	6.24	8.55	7.36	8.08	9.02	6.69	7.31	8.04	8.68	6.44	7.97	8.66	6.57	15.9	32.3	72.2	105	96.1	95.8	92.8	93.7	102	102	96.5	99	95.2	91	88	80.4	74.5	69.4	71	87.4	95.8	103	165	191	136	114	106	101	93.8	92.9	92.8	93.3	84.6	93.8	100	90.2	124	186	187	151	132	89.7	77.3	200	158	123	121	139	181	223	188	169	183	211	183	165	170	139	132	130	131	122	104	97.9	112	115	93.7	99.7	102	105	85.5	71.2	78.2	99.9	94	75.5	61	54.5	45.5	35.5	27.8	27.4	27.8	25.4	17.7	14.1	11.2	10.6	12.7
0.36	0	0	0.00649	0.00649	0.0489	0.204	0.187	0.224	0.318	0.653	0.645	0.814	1.22	1.71	18.5	8.58	5.3	5.63	7.07	10.5	8.05	7.21	5.21	5.15	5.37	5.55	5.46	5.55	3.5	3.84	7.82	20.3	25.8	44	63.7	64.3	81.4	97.5	100	98.4	98.2	89.5	78	85	79.7	80.2	79.8	74.4	70.3	79	82.9	97.1	136	140	121	106	105	106	96.2	102	98.8	128	120	95.5	123	98.8	135	292	171	87	113	109	73.3	133	203	153	119	134	186	164	165	164	167	149	127	121	160	153	155	111	103	105	86.8	83.9	108	113	102	97.1	98.8	79.2	72.5	80.2	66	75.7	83.2	69.2	56.8	46.8	49.9	37.3	35	30.6	29.6	22.8	17.5	19.9	22.2	16.2	15.3
0.84	0.42	0	0.0065	0.00649	0.0889	0.355	0.489	0.198	0.334	0.474	0.581	0.59	1.03	1.44	2.88	8.38	5.82	8.38	6.82	8.75	6.25	7.25	6.7	5.5	5.14	4.91	4.61	7.41	5.88	3.61	12.5	17.9	14.1	29.5	42	37.6	44.8	62.1	75.4	75.7	68.7	77.4	71.7	73.5	68.6	78.6	77.1	78.5	75.7	78.1	87.5	89.1	104	117	123	125	109	112	144	136	99.6	112	103	101	96.8	87.6	142	183	145	117	115	80.4	68.7	71.6	108	123	121	147	186	183	182	180	157	139	142	162	146	174	182	151	119	91.6	84	72.2	99.4	113	110	105	90.6	86.7	95.9	80.6	74	63.1	72.2	64.5	51.1	46.2	50	49.8	39	38.5	31.3	27.7	28	27.3	24.8	19.8	17.4
