103	113	122	122	139	119	130	117	134	123	116	110	128	119	120	119	87.8	118	89	80.9	82.1	77	74.8	73.3	71.2	69.8	79.2	70.4	74.7	78.9	80.9	119	80.8	53.2	54.6	88	125	102	126	176	208	342	341	295	285	284	296	227	206	171	155	161	233	258	298	221	250	311	361	390	388	307	324	323	363	380	324	273	277	207	238	263	328	369	354	375	359	396	391	426	506	524	559	599	633	604	559	294	282	322	331	392	352	274	244	182	175	144	154	172	147	136	174	161	170	149	130	118	126	164	158	137	125	172	177	190	201	204	241	266
121	147	159	152	128	129	128	116	112	104	115	129	111	137	192	168	140	143	120	90	108	129	116	97.4	88.2	91.2	95.4	93.5	91.9	91.1	88.2	91.6	50.3	44.3	65.1	78.6	108	132	152	182	214	289	316	316	380	291	278	250	172	136	122	136	196	252	258	259	222	300	332	383	336	242	322	381	430	401	416	290	275	222	215	354	323	325	301	316	336	362	356	427	495	514	544	576	619	631	596	557	465	493	545	372	334	343	275	200	177	181	180	201	170	188	234	219	209	222	215	170	194	186	157	145	176	170	157	159	186	174	173	181
140	163	174	140	155	138	146	129	139	129	147	141	135	165	167	192	147	114	98.1	113	126	123	115	106	107	118	120	116	113	88.8	104	82.9	61.4	63.8	80.5	94.5	134	126	137	326	295	267	327	302	318	258	305	253	186	148	156	197	193	193	156	167	209	280	298	287	255	291	351	368	386	429	422	310	277	281	254	360	359	391	320	314	325	342	349	372	457	480	535	578	597	620	608	582	589	549	572	357	312	329	261	197	183	200	192	258	253	218	246	263	264	265	218	213	184	179	173	185	189	189	211	247	258	219	221	218
174	183	178	156	166	177	172	168	176	146	165	151	160	182	176	198	153	120	137	139	120	122	105	118	138	142	119	121	110	113	138	134	124	103	98.2	134	138	147	169	265	299	274	338	275	248	207	219	204	198	181	170	190	186	210	143	74.2	125	237	257	330	341	376	416	436	392	448	437	375	296	324	367	363	374	339	405	427	365	336	384	389	382	422	533	565	582	624	635	631	616	521	525	324	303	287	244	229	195	237	253	286	315	299	259	270	293	269	243	253	197	205	203	208	224	239	269	286	312	307	268	278
196	189	184	139	148	168	170	148	152	166	158	149	195	183	238	216	137	139	194	155	125	120	142	122	154	155	143	152	138	129	143	185	149	172	135	165	176	141	197	235	211	246	309	227	235	212	218	211	192	164	162	219	197	173	189	155	150	246	371	431	424	440	460	476	462	465	473	464	429	411	417	379	414	389	387	375	387	372	390	429	428	403	465	543	580	615	667	730	841	619	526	364	383	393	322	286	249	310	283	316	339	323	276	257	279	280	261	253	233	240	236	237	224	256	275	306	315	332	270	280
235	206	195	144	149	155	150	109	124	154	159	154	200	206	204	152	154	180	186	211	186	221	201	186	245	247	245	230	207	223	218	155	119	128	149	173	152	120	127	181	230	222	185	228	213	295	262	233	212	194	191	216	204	202	216	216	202	281	414	495	554	483	635	550	511	504	487	457	430	408	385	347	409	406	339	284	304	351	343	360	408	399	416	495	527	572	623	646	656	654	633	407	469	408	364	406	391	371	339	353	365	375	291	279	256	284	268	281	301	297	304	337	276	276	315	290	261	262	273	241
249	273	236	196	182	184	167	96.5	159	162	160	190	238	200	163	131	147	200	181	182	184	224	256	281	240	275	259	266	248	241	345	204	166	155	178	214	165	126	121	150	205	184	159	193	226	305	211	227	222	221	230	244	236	223	226	239	215	310	400	420	361	476	519	486	555	555	489	455	464	451	410	416	416	364	330	304	309	343	340	333	320	351	394	470	502	531	593	652	668	619	611	523	465	391	385	425	427	465	411	426	358	341	314	263	244	250	238	283	269	257	268	240	247	259	287	259	238	257	236	232
289	296	261	254	207	202	192	143	195	190	173	189	279	265	229	191	184	188	201	217	185	199	227	241	249	255	334	252	310	295	372	274	250	207	166	186	137	104	135	199	246	199	183	204	221	246	226	247	257	253	246	292	290	236	229	253	251	254	274	330	458	468	490	520	581	489	460	463	471	449	418	427	411	411	386	313	321	332	332	329	357	351	370	438	520	546	572	612	693	633	688	605	493	411	371	431	479	519	505	505	398	356	329	364	278	247	226	253	260	244	239	283	247	237	272	284	308	308	310	282
330	311	276	269	257	244	191	158	210	207	162	186	241	247	258	236	197	197	231	250	214	217	219	217	249	329	342	246	252	246	269	265	316	275	202	180	135	112	158	192	213	211	208	217	199	257	277	258	275	278	268	296	289	246	245	303	311	256	269	306	414	455	471	508	499	489	446	457	469	469	447	429	430	405	395	379	330	321	339	387	384	334	354	444	526	533	546	580	661	697	733	594	585	471	454	484	521	510	487	469	391	396	392	372	300	303	284	281	313	260	237	297	276	228	250	271	271	344	367	353
326	346	283	204	228	191	188	176	257	229	249	198	244	240	331	331	230	223	270	266	248	225	251	263	253	252	296	327	287	275	245	287	296	268	226	197	199	152	175	188	200	206	148	198	243	250	308	311	308	311	305	282	289	268	258	273	292	254	278	283	396	320	420	473	463	467	444	396	459	450	414	448	431	425	428	409	343	339	373	408	413	354	329	424	487	472	484	526	554	615	685	675	593	533	559	495	503	552	469	468	395	383	422	364	321	297	286	252	299	284	284	304	289	212	227	252	250	276	326	281
293	315	328	261	282	265	217	184	218	276	290	229	245	259	318	324	286	300	322	306	279	232	267	324	261	252	250	221	202	268	221	168	246	307	184	211	219	196	214	227	220	190	157	220	251	253	280	328	352	324	309	286	289	299	273	262	266	236	257	283	334	385	367	460	480	478	445	475	470	472	436	431	428	425	416	406	390	378	399	428	419	396	380	370	423	432	481	494	548	551	667	730	614	483	553	544	523	570	504	540	477	430	444	374	323	315	365	299	309	381	382	350	319	276	267	247	268	272	284	242
290	298	330	318	303	298	265	269	294	276	297	273	239	250	338	283	300	361	349	285	252	232	225	211	214	253	274	224	208	218	185	197	327	365	221	239	220	203	238	227	201	229	240	249	256	267	279	322	330	315	313	306	310	305	270	258	248	238	280	304	351	498	384	435	491	508	490	448	447	438	462	426	403	424	432	426	410	401	415	429	434	432	440	403	421	444	470	452	516	531	578	656	610	548	508	568	531	582	581	569	553	427	407	364	355	357	391	383	368	366	371	328	299	273	275	271	317	304	351	308
269	295	265	265	282	255	291	318	258	265	350	333	339	409	379	326	270	336	281	273	222	208	233	220	244	284	294	254	215	184	180	232	240	246	220	210	187	211	219	269	249	259	274	277	313	314	320	318	313	335	352	316	300	292	295	310	314	289	335	366	299	473	413	418	491	519	475	478	517	473	460	420	424	408	436	438	436	413	402	421	445	447	438	456	467	491	481	464	486	546	559	583	541	504	427	467	556	577	589	591	538	439	402	441	433	410	345	352	342	361	369	383	373	308	306	315	307	297	321	352
268	283	259	231	298	308	334	298	217	245	285	305	241	265	294	267	277	293	270	245	212	195	237	257	245	273	331	285	235	262	216	201	200	214	154	149	150	183	204	261	250	277	257	323	298	342	333	319	287	308	342	313	271	287	287	310	326	295	341	482	255	279	444	481	480	492	501	572	609	479	477	471	423	432	421	451	486	435	382	453	437	408	432	434	476	478	453	397	438	496	501	503	486	495	422	459	529	577	701	644	658	621	541	519	459	443	391	305	312	370	368	407	432	422	346	313	279	289	303	360
276	310	329	309	295	323	357	259	221	205	278	247	195	248	306	359	351	302	291	250	195	203	212	262	293	312	265	275	282	258	176	196	161	144	137	124	115	182	255	275	264	268	225	266	300	370	348	319	283	251	270	292	275	277	270	283	303	282	294	215	280	357	586	443	469	500	630	667	596	526	492	477	473	453	464	493	460	443	397	374	348	361	394	373	446	483	469	425	431	432	477	506	489	622	599	534	541	649	658	631	687	649	713	624	536	448	456	437	405	414	426	394	433	448	410	321	337	377	372	382
314	330	301	270	289	357	466	284	259	240	285	230	217	225	247	307	324	293	266	230	206	209	235	275	256	213	223	321	285	264	271	239	192	188	168	156	151	209	268	281	259	267	315	305	304	332	345	315	297	263	252	290	312	332	319	344	284	330	317	356	426	567	752	590	505	527	557	657	805	610	579	476	475	474	488	468	508	525	443	347	360	367	375	420	429	460	461	480	457	391	456	503	487	483	592	618	639	677	629	555	583	575	724	740	609	501	523	560	459	434	423	434	404	487	461	375	346	404	434	368
292	290	283	251	270	311	360	290	263	298	346	250	249	230	271	292	294	273	237	222	231	216	231	270	266	230	211	239	267	197	201	208	195	169	180	203	203	192	254	272	263	224	262	318	303	321	342	342	305	294	292	318	400	342	380	374	292	342	323	469	604	629	733	519	491	575	680	579	660	581	519	477	468	471	467	449	487	468	450	375	378	385	385	419	415	438	451	442	444	410	431	466	506	496	662	671	655	694	610	582	517	538	662	597	593	490	515	578	500	408	418	424	392	419	460	457	453	468	441	384
245	273	237	232	227	254	299	299	279	310	369	277	274	254	333	348	311	309	257	247	232	235	231	212	200	202	211	194	237	240	226	229	244	248	289	325	278	257	277	313	310	302	335	345	382	391	404	370	330	322	357	352	423	340	385	377	311	310	314	468	489	484	558	464	402	485	611	524	559	521	511	487	501	467	376	339	479	481	369	376	408	378	336	329	359	358	370	448	500	463	450	462	448	462	652	853	675	653	672	689	566	525	532	520	514	510	490	543	455	409	383	360	370	393	432	448	460	411	443	453
220	228	238	261	274	295	333	294	308	332	355	295	241	257	336	349	319	290	288	248	258	243	229	229	190	171	207	225	247	267	206	192	221	246	259	293	267	287	368	384	321	313	370	325	380	410	387	334	337	349	335	314	338	346	344	393	311	320	302	328	383	542	581	416	425	491	592	549	596	626	552	486	444	436	356	413	412	417	368	371	407	369	336	322	326	342	407	442	450	429	432	453	532	555	650	783	795	552	592	535	484	407	426	497	534	446	390	348	355	353	392	298	324	335	396	402	433	408	382	409
282	283	241	286	313	339	391	329	365	430	357	283	257	282	328	295	250	214	232	255	246	222	213	239	198	204	199	247	243	235	263	218	212	238	243	304	269	280	364	438	374	336	351	381	382	414	425	402	393	389	354	334	345	382	383	376	308	349	375	397	447	679	520	476	484	569	597	558	535	553	558	461	398	425	354	374	389	400	427	354	390	320	383	299	318	394	393	458	394	393	452	448	461	562	691	783	744	641	500	439	398	378	378	403	378	374	400	369	323	335	374	307	329	312	324	332	419	409	365	372
329	323	260	303	324	323	382	340	320	354	343	299	239	256	294	270	259	230	239	287	254	220	248	247	209	204	205	245	249	243	216	224	235	231	300	342	304	277	276	396	391	343	346	428	429	426	425	432	427	410	397	406	424	400	363	392	388	424	420	418	424	488	599	483	483	450	579	588	552	512	482	427	408	359	353	328	331	361	427	329	347	324	344	316	324	347	374	386	426	404	362	421	438	468	512	634	719	620	548	405	386	396	361	389	444	368	342	316	314	310	276	267	309	289	259	305	408	462	377	341
347	368	272	301	289	297	423	363	296	345	300	297	294	299	373	326	349	273	270	281	273	266	256	272	283	297	286	266	262	276	266	248	266	282	321	310	297	306	350	388	377	413	361	332	325	357	379	451	469	457	457	460	447	461	434	416	438	455	479	433	404	433	381	381	360	386	449	446	540	459	392	410	379	396	428	411	371	381	374	363	348	345	370	360	373	383	383	367	357	343	371	341	316	314	459	526	575	587	603	617	606	585	572	549	554	505	488	413	426	361	367	246	243	228	230	284	426	470	400	338
246	293	292	265	224	214	305	301	300	318	302	295	318	263	263	266	284	259	273	298	268	281	226	244	277	262	260	286	282	307	296	259	238	244	251	270	234	246	323	378	421	470	377	340	315	271	322	379	410	446	468	456	434	460	452	432	433	464	477	418	398	442	477	319	334	383	463	458	421	352	367	386	412	440	433	382	365	377	362	329	353	382	369	374	392	384	370	354	299	272	317	321	372	474	486	509	525	562	633	670	676	662	586	601	582	516	498	444	412	367	372	263	223	207	221	317	381	380	312	342
227	232	284	333	268	272	362	273	240	266	272	276	317	283	268	310	307	297	290	308	264	249	246	240	258	233	233	271	287	291	290	245	295	291	257	268	251	278	325	430	436	424	413	407	344	322	358	407	403	425	409	438	455	491	482	459	482	515	585	439	410	449	434	316	335	403	479	476	407	346	342	394	441	506	380	345	321	320	336	342	402	387	369	369	363	331	331	329	293	335	395	382	437	491	505	532	553	539	587	675	742	638	581	609	599	574	552	528	497	476	378	243	219	240	259	328	407	385	362	345
254	279	251	300	322	297	306	237	200	231	199	246	308	309	278	284	251	288	252	286	300	266	289	308	335	261	265	267	228	263	263	269	332	379	380	300	286	239	308	418	448	456	449	431	313	261	303	335	336	402	422	419	447	495	484	462	497	548	543	489	386	441	382	270	364	421	426	402	391	414	393	493	484	413	345	346	389	378	398	399	397	375	372	352	327	323	349	384	343	422	463	500	539	567	550	584	577	554	569	691	734	616	605	645	624	598	553	582	550	479	486	470	286	340	315	326	277	356	410	353
291	270	264	287	270	220	211	206	185	195	230	250	297	269	295	304	286	305	336	365	409	405	387	358	405	384	384	329	274	274	276	264	312	376	435	343	332	257	352	366	369	385	412	323	288	281	290	294	311	340	401	392	383	462	463	442	459	470	398	306	262	296	335	277	296	309	361	362	366	384	390	436	420	434	369	403	411	437	473	450	425	404	431	376	312	307	319	350	376	421	473	473	502	571	614	523	536	545	572	588	569	561	554	585	563	545	516	512	521	544	480	477	465	388	378	376	368	417	433	337
295	222	240	258	199	168	173	195	195	270	279	274	220	248	260	253	268	322	376	357	362	373	341	338	368	351	327	309	307	311	342	323	317	391	440	397	387	318	303	359	379	353	352	315	315	300	247	257	324	323	422	477	463	458	448	359	397	379	423	242	236	303	304	275	271	314	315	347	396	368	345	409	418	414	377	410	404	426	426	403	414	401	413	384	380	337	315	400	465	449	421	437	475	477	524	532	594	649	663	560	527	539	573	571	537	515	520	509	484	490	450	486	473	447	454	434	448	428	447	293
342	218	203	234	199	132	147	186	216	222	309	290	236	233	249	246	279	299	301	314	284	266	268	296	305	339	365	363	336	313	340	361	315	362	401	408	362	369	282	361	385	311	304	338	355	393	350	348	329	338	389	468	474	397	387	456	391	340	287	233	244	275	325	282	256	270	309	333	340	321	324	400	413	418	402	386	397	398	410	426	420	407	427	416	433	369	385	477	519	534	476	438	406	484	504	551	648	679	651	560	534	537	536	561	507	498	495	430	434	474	500	537	489	480	499	550	512	448	418	339
317	260	213	221	193	145	155	187	215	229	260	297	242	256	307	323	307	273	242	316	274	227	245	287	298	320	347	431	347	325	369	360	357	364	383	391	351	339	377	387	389	316	360	335	325	336	357	394	356	365	412	461	451	366	423	398	326	290	328	379	313	264	267	283	252	271	301	320	313	323	381	367	368	392	369	359	437	438	422	410	417	418	447	478	481	410	427	486	492	526	466	471	472	667	767	631	634	650	666	587	540	529	547	542	503	453	443	454	429	471	484	535	501	484	494	562	557	518	531	531
285	341	286	289	206	197	220	256	238	310	402	355	330	325	308	274	356	364	339	301	239	286	277	288	314	335	367	439	367	334	309	332	333	358	349	341	302	290	312	292	299	308	370	312	265	283	285	347	354	370	444	472	429	410	442	406	351	356	355	326	275	293	269	290	291	308	327	348	350	332	363	388	363	415	377	366	403	418	416	394	413	419	465	449	427	392	370	457	507	469	459	438	450	506	605	556	503	542	628	565	517	514	513	503	443	387	404	413	382	388	422	436	418	437	463	516	538	533	533	512
323	363	420	426	277	221	228	251	271	266	309	379	326	289	300	286	331	362	343	327	288	351	352	296	310	297	365	401	345	337	327	320	315	309	355	334	264	277	287	284	279	290	335	264	310	310	334	376	326	346	387	431	455	443	402	414	400	351	338	328	325	311	308	335	327	327	308	340	354	361	372	400	383	396	420	416	387	370	392	397	397	400	449	393	403	374	395	402	402	454	444	437	454	476	563	487	485	494	492	505	502	486	481	430	413	410	372	384	390	367	370	465	442	432	476	521	583	583	534	515
281	274	272	317	356	346	323	306	312	297	341	378	323	305	254	282	325	363	372	346	340	342	299	315	299	284	322	314	272	256	254	276	256	297	378	370	298	284	280	232	257	245	233	209	247	319	344	382	365	349	391	463	526	475	474	472	448	396	377	310	302	328	342	370	379	313	318	370	397	386	414	410	405	397	384	388	352	388	388	406	394	428	446	401	407	383	409	404	406	416	459	442	443	476	501	488	502	476	484	506	465	492	495	460	461	409	353	370	359	394	424	458	461	430	463	510	558	624	602	622
253	276	284	314	385	454	404	395	370	282	363	389	382	306	245	259	301	359	440	459	372	334	299	331	383	348	310	281	232	238	254	271	327	330	396	424	386	291	214	203	218	234	219	183	216	277	338	422	424	391	375	446	539	574	476	460	453	394	338	272	266	293	303	362	319	328	338	411	435	367	382	381	355	346	342	382	428	439	429	391	398	423	450	378	394	424	442	437	445	440	441	426	419	451	465	454	509	491	463	472	464	449	434	415	395	401	334	308	322	383	414	438	421	410	448	498	553	595	590	548
279	284	291	372	372	446	441	372	303	320	356	419	414	374	355	359	364	365	408	375	378	326	293	310	344	329	322	271	231	253	248	292	357	379	406	413	371	334	280	243	265	282	277	266	296	262	303	420	438	435	398	418	461	485	484	462	457	405	346	253	289	313	292	265	269	311	327	344	414	419	403	357	336	347	340	385	434	435	426	390	408	393	440	444	428	386	440	440	440	454	450	445	441	451	456	470	547	545	461	452	398	388	347	253	277	252	251	269	240	350	307	404	372	340	387	456	473	488	482	490
273	297	292	349	356	369	320	319	319	333	373	471	400	361	382	376	365	348	353	339	399	409	354	328	294	293	274	287	298	264	258	323	301	296	332	389	293	320	288	239	263	252	245	252	271	260	318	360	415	421	388	354	412	452	459	448	452	455	412	281	292	297	344	305	283	314	309	331	335	352	327	337	317	332	339	383	379	406	386	388	403	374	380	327	373	381	420	432	431	433	441	442	441	442	457	507	501	463	448	388	417	374	347	251	243	220	211	249	230	272	286	351	326	356	382	436	454	457	455	475
347	309	355	381	393	431	380	323	361	366	401	484	400	364	359	402	382	346	357	307	363	375	388	330	286	309	306	309	334	310	298	295	348	313	316	324	315	263	251	246	232	211	238	281	279	273	280	382	386	377	350	387	408	467	462	452	428	414	401	271	251	234	249	289	290	296	380	407	413	374	351	303	305	327	346	364	332	372	408	404	384	349	364	373	457	432	398	363	428	431	440	439	441	423	433	426	439	442	442	391	439	387	336	261	318	266	221	236	223	251	245	360	339	387	398	396	430	426	437	451
354	392	452	496	497	451	348	410	389	388	433	480	462	387	377	387	412	363	399	310	276	326	360	363	360	307	313	280	278	299	376	359	284	349	348	348	290	272	226	223	239	224	249	291	319	306	282	334	394	405	379	432	416	450	486	458	439	388	426	334	331	296	269	301	278	358	360	410	400	350	324	325	320	299	316	343	318	372	414	401	390	366	362	325	376	387	321	332	423	415	418	438	440	427	377	346	387	436	426	402	398	412	356	300	304	282	240	276	258	275	239	309	379	377	384	409	425	421	422	431
411	369	396	441	435	399	391	411	347	334	393	405	406	388	368	382	403	339	372	283	270	315	305	292	259	256	212	218	261	276	323	349	296	273	272	336	269	238	218	228	242	247	270	305	338	325	308	339	318	324	368	392	421	400	437	425	382	383	384	352	307	289	280	267	282	282	267	302	313	280	287	330	346	305	307	298	321	356	418	415	359	394	416	367	325	338	293	324	354	405	419	419	422	429	383	334	343	405	427	399	404	406	383	320	281	307	325	324	292	307	299	317	354	409	421	408	418	414	411	363
333	365	392	421	433	413	404	397	406	462	435	435	370	383	400	442	413	329	379	338	332	351	320	355	381	314	249	266	337	294	347	341	299	284	265	327	250	275	283	261	301	314	313	321	361	332	299	291	284	289	300	333	351	418	370	389	392	396	406	378	380	352	282	245	257	274	264	283	263	266	349	407	362	301	306	308	317	308	363	327	276	361	331	326	386	329	316	311	313	355	400	396	404	404	390	355	373	372	399	381	394	384	386	310	302	336	345	322	314	309	350	312	393	356	392	404	398	390	398	308
365	354	404	459	462	423	430	426	437	442	475	409	356	336	349	387	365	343	363	334	323	363	360	411	381	344	298	288	496	468	389	346	360	366	306	319	297	380	350	315	320	356	363	350	335	327	331	315	313	283	275	302	337	340	354	352	404	440	434	431	429	417	328	316	307	273	283	296	259	276	333	359	320	267	232	273	294	289	285	240	248	341	295	283	288	288	345	350	318	369	420	391	389	408	427	384	378	387	413	349	355	361	367	296	289	257	244	304	287	307	347	296	310	334	381	378	359	387	357	307
271	324	385	427	376	394	430	467	491	492	502	441	425	387	374	403	374	358	381	352	333	321	325	369	473	413	330	300	419	448	423	391	431	428	344	376	303	346	350	297	348	369	384	338	324	346	367	313	288	269	310	300	279	294	322	329	357	381	402	436	439	424	376	368	344	303	273	295	309	305	295	307	261	216	189	229	256	235	230	228	235	272	252	245	253	322	342	320	315	362	399	331	332	362	364	352	355	338	361	322	299	305	296	232	221	235	250	343	295	299	286	271	254	270	288	316	331	326	332	313
238	273	307	319	315	346	380	423	439	453	411	375	340	352	359	355	378	378	343	365	322	282	259	252	277	292	292	274	332	377	361	370	437	371	365	313	271	348	279	285	395	388	370	342	313	331	345	316	258	216	277	251	256	227	251	268	270	286	288	344	361	408	339	376	328	308	312	307	301	275	280	310	289	234	215	210	214	228	212	284	298	196	197	228	238	231	258	250	253	269	284	297	287	352	408	358	312	353	385	323	337	362	327	222	207	227	280	313	253	256	261	260	245	265	275	271	303	310	289	301
288	249	318	358	337	336	370	436	438	420	405	369	351	354	370	360	370	404	392	392	345	310	287	258	274	302	310	320	391	390	300	279	316	462	444	346	316	323	298	289	330	376	402	388	357	331	338	335	287	258	296	297	251	271	261	247	223	214	227	249	295	310	351	313	269	280	303	293	277	212	242	289	282	291	273	239	229	239	278	256	276	222	280	263	219	223	224	264	284	240	275	264	321	368	353	369	361	371	352	293	309	305	272	230	242	232	230	286	266	226	244	287	257	285	333	339	361	324	281	281
271	285	293	319	320	391	347	362	372	389	415	397	368	345	358	403	378	415	405	390	305	303	330	347	341	296	357	365	375	440	295	224	324	411	474	423	415	421	306	249	265	335	430	414	400	362	287	281	289	261	258	267	244	289	305	249	253	225	249	216	229	223	235	253	196	223	288	314	266	244	291	316	265	270	293	298	223	268	294	288	220	290	274	221	223	305	285	279	247	212	244	283	301	280	305	405	372	359	364	328	303	315	318	237	232	254	220	236	265	201	214	346	389	324	312	333	339	341	318	284
240	282	262	294	315	344	318	338	344	331	355	366	352	315	327	337	366	415	379	377	302	299	326	362	330	357	363	397	423	466	478	243	296	337	394	348	373	365	286	264	250	351	401	383	372	327	282	220	225	279	255	258	243	237	240	226	232	252	235	280	229	193	196	186	192	207	290	338	259	228	263	296	282	253	245	228	261	254	336	279	256	262	284	215	207	247	213	256	287	266	309	346	337	333	348	343	335	364	401	338	371	331	404	401	276	255	202	214	229	227	285	314	252	241	257	266	317	344	324	278
240	254	259	249	267	264	258	281	278	284	291	323	334	339	412	329	362	307	275	265	302	301	316	262	265	340	456	539	476	468	476	362	332	267	270	255	277	255	242	265	267	351	353	356	367	341	285	264	218	239	273	373	238	249	222	169	205	274	320	340	380	302	188	178	188	236	231	250	227	213	238	205	241	246	235	245	254	188	222	217	206	186	241	231	179	183	158	149	192	174	195	337	336	298	277	316	298	324	380	336	357	354	377	337	292	224	226	315	208	214	239	231	213	223	223	297	300	297	312	257
233	243	259	256	272	250	235	280	272	240	251	298	294	310	285	291	303	252	226	239	234	249	284	223	234	328	479	515	481	474	472	370	394	340	341	316	229	233	243	239	279	322	313	289	276	309	344	367	247	254	282	329	298	307	271	293	291	395	410	345	282	275	223	161	167	229	146	195	190	154	196	233	278	286	221	245	311	202	227	208	268	301	229	228	188	243	208	163	217	252	223	280	320	264	263	320	344	389	360	321	365	350	303	244	243	192	221	234	216	184	202	209	193	216	240	267	240	256	255	242
240	217	225	260	252	234	224	237	265	276	304	299	265	308	288	260	207	192	176	204	245	225	212	236	238	305	415	412	419	441	354	325	387	332	288	255	242	265	239	254	309	299	289	273	278	319	332	333	252	205	269	276	318	333	245	250	207	340	341	279	240	218	225	163	170	216	180	208	161	164	165	207	212	262	223	251	181	226	277	209	195	191	169	202	264	225	226	276	320	358	298	288	322	269	255	297	317	314	351	331	369	360	294	225	194	161	179	185	175	168	216	225	203	198	226	243	247	242	224	219
223	225	211	293	247	221	238	251	279	302	294	326	325	335	298	258	208	231	241	253	325	273	252	240	228	300	460	456	347	320	297	318	341	296	245	288	299	283	244	227	278	241	268	262	297	320	307	356	275	207	254	275	254	267	213	284	221	206	233	292	322	231	272	185	122	127	186	202	214	154	108	143	233	258	218	233	152	179	187	147	153	180	203	311	277	236	274	417	328	316	311	284	309	280	303	245	266	277	325	370	395	331	283	259	206	205	182	153	161	168	177	195	175	197	208	225	250	209	172	180
238	233	239	239	235	234	219	244	257	262	221	246	302	280	253	221	195	211	242	250	267	250	269	217	216	280	340	365	282	286	298	271	251	293	288	276	262	239	269	271	245	250	233	252	282	351	351	360	324	237	303	234	268	240	209	237	298	143	204	261	268	275	256	225	141	144	163	169	184	182	136	131	198	125	161	198	130	171	177	147	161	185	204	320	253	246	303	391	260	257	228	270	251	226	245	271	294	319	359	332	359	323	254	194	170	174	162	152	155	174	149	130	152	105	133	166	182	178	145	160
224	241	258	283	257	254	229	248	268	218	209	233	274	232	249	229	191	224	261	218	255	263	272	324	251	271	336	262	309	283	271	263	264	326	326	314	268	267	259	307	281	252	236	293	358	331	297	288	275	288	285	238	319	287	315	204	184	135	237	247	278	263	215	236	204	162	160	210	184	150	163	180	113	97	128	204	207	185	196	130	145	138	131	184	219	238	287	325	242	247	248	215	205	207	235	267	280	352	318	272	272	252	215	187	173	171	191	186	169	174	176	138	123	105	139	164	142	156	136	147
249	265	263	246	259	275	281	237	239	209	189	240	273	264	233	182	189	210	222	285	249	256	232	228	288	319	315	288	280	338	288	301	308	369	361	314	281	277	283	297	321	283	270	332	343	310	271	243	275	240	251	240	230	175	220	235	202	217	316	306	294	281	330	276	238	173	180	214	185	165	144	132	175	151	155	164	202	214	207	155	133	144	135	151	228	295	238	225	218	225	254	246	215	225	232	239	244	277	264	290	263	232	214	175	184	173	175	190	176	160	147	146	128	115	197	176	133	130	123	138
279	322	261	251	268	274	296	259	229	229	231	242	235	225	224	171	180	174	170	216	281	289	285	253	274	379	331	261	223	288	270	263	275	366	392	314	266	247	283	302	291	300	340	386	349	322	282	248	216	188	193	148	274	170	182	197	255	267	343	322	337	270	255	238	228	255	202	226	202	179	125	137	168	133	135	164	185	186	174	182	189	179	133	154	237	290	275	218	239	206	251	309	258	263	269	287	281	286	301	320	299	292	238	168	174	175	170	163	157	154	172	122	114	125	192	169	121	128	128	140
255	275	250	283	296	321	353	311	252	223	199	168	139	182	189	149	128	152	147	178	216	227	271	347	334	379	314	240	187	204	243	225	207	234	260	257	227	244	230	246	243	275	341	405	390	374	259	210	183	228	162	146	163	236	264	254	288	321	326	302	297	209	189	167	170	217	209	188	182	113	120	109	106	102	114	169	239	216	181	226	206	211	168	235	215	252	256	219	222	185	199	315	278	275	275	290	289	280	300	298	293	265	229	193	195	185	166	161	154	144	134	135	122	133	178	138	133	130	153	156
274	272	233	235	302	339	375	305	252	207	182	160	153	273	192	195	186	188	194	198	211	234	222	292	325	315	275	265	221	209	275	222	215	208	234	234	243	225	222	229	230	261	280	398	396	359	276	221	231	214	190	152	151	172	192	269	309	271	288	217	268	205	200	169	187	218	242	206	208	153	161	134	134	131	131	191	238	228	235	302	193	161	204	261	221	310	286	202	177	166	178	264	280	224	258	278	259	261	268	238	237	246	238	199	196	187	184	167	155	148	156	137	122	134	144	136	141	110	120	135
273	264	220	205	225	251	240	250	250	220	182	140	151	165	170	186	182	170	241	191	198	190	176	239	331	309	286	293	291	274	270	269	223	210	192	228	207	209	204	247	237	243	252	338	331	334	337	274	242	225	197	261	179	155	128	194	286	266	226	214	265	259	224	156	167	210	216	207	181	147	138	156	130	141	132	177	134	124	168	269	273	230	221	280	275	276	301	227	244	186	239	272	231	236	277	269	238	248	243	248	225	209	220	210	202	160	177	153	143	137	169	134	131	153	142	150	167	113	114	115
254	247	224	193	207	257	253	238	261	257	249	241	192	199	190	183	176	166	218	208	226	263	185	228	247	304	341	320	270	255	268	255	205	199	237	221	208	213	196	239	212	225	253	301	312	281	286	268	214	213	233	276	282	212	106	146	199	212	213	228	253	269	259	172	153	153	204	200	193	143	150	171	155	160	133	156	89.2	91.2	118	180	204	189	223	362	300	305	272	260	255	197	208	288	287	262	339	274	231	245	220	234	193	200	189	185	193	183	191	154	157	167	142	162	162	142	152	159	126	116	113	130
243	214	212	180	195	257	251	253	265	243	240	172	191	188	165	151	163	166	188	215	211	204	198	226	234	254	256	241	231	224	216	260	158	155	181	175	176	165	172	204	187	188	257	288	307	254	242	217	208	213	196	199	204	150	133	133	163	207	218	198	180	206	241	172	139	132	164	182	142	105	136	143	174	180	159	179	128	125	137	204	235	238	275	291	299	358	308	320	322	314	322	334	371	327	321	273	243	231	228	244	186	177	161	158	184	185	180	167	188	172	143	161	193	156	195	167	136	132	114	137
197	188	212	159	180	186	224	228	208	222	286	177	168	168	152	158	182	179	150	221	213	194	172	187	208	255	302	234	255	234	273	216	166	137	168	190	235	168	168	169	179	197	235	266	262	234	198	221	263	230	229	182	198	189	207	172	160	214	223	223	203	188	198	152	129	118	137	213	171	129	106	122	145	169	141	154	147	112	115	227	253	269	262	282	274	290	338	321	298	339	305	323	345	275	253	254	258	256	217	209	191	179	170	179	183	172	150	166	195	156	142	144	137	150	198	135	121	146	109	123
225	226	220	177	224	233	269	257	174	194	212	152	169	169	143	164	156	163	156	218	208	206	211	185	192	222	262	226	230	195	203	228	224	215	178	195	238	201	182	219	166	165	188	223	228	215	225	201	282	307	282	291	248	224	263	218	221	233	176	246	243	216	211	142	130	121	118	139	123	96.9	78.3	105	129	162	157	258	183	174	182	214	217	252	267	334	276	358	409	419	368	275	288	320	263	276	291	281	259	230	196	187	215	232	229	227	208	183	156	155	192	174	152	138	129	121	118	110	115	111	118	105
195	199	225	226	216	275	221	199	210	175	154	150	139	150	169	163	160	156	167	175	211	235	217	193	203	205	202	190	181	192	191	241	200	187	191	198	246	204	197	205	163	171	175	194	207	207	203	154	267	304	302	340	320	207	261	243	274	216	154	210	213	199	214	139	130	114	146	151	105	96.6	77.8	99.3	129	163	161	258	330	218	193	246	298	246	290	357	306	326	379	406	303	262	316	343	324	340	378	326	263	233	213	220	196	222	228	191	175	178	161	136	149	153	188	142	127	101	113	123	103	88.1	81.9	85
178	198	215	203	157	168	142	129	106	150	197	128	149	133	140	154	162	150	140	172	186	198	193	194	189	188	184	177	194	227	242	224	214	176	166	187	228	240	141	156	167	125	105	168	185	267	170	148	151	242	253	293	299	201	162	194	195	178	163	175	187	172	165	150	127	113	122	187	165	123	76.1	99.1	117	145	226	302	271	216	207	236	215	253	275	324	378	311	241	282	205	309	424	408	429	356	410	285	267	269	285	221	190	196	191	146	152	155	147	179	167	143	140	119	115	92	94.4	114	104	97.2	95.4	92.2
209	225	226	210	132	191	154	93.7	90.4	164	174	147	163	200	177	155	146	147	135	163	166	171	167	201	203	176	164	166	184	219	223	208	184	186	190	230	259	220	125	132	158	135	118	150	147	172	165	174	182	203	180	232	256	185	187	210	213	196	191	173	170	203	198	156	148	111	114	164	182	168	86	97.7	109	144	212	307	290	262	208	234	207	207	207	211	215	172	188	235	202	212	366	349	368	315	327	274	343	244	219	184	186	183	178	187	231	166	161	162	184	179	133	122	125	93.3	83.5	97.2	96.3	92.8	99.8	120
216	183	194	180	194	159	187	113	128	165	176	114	132	173	193	160	130	123	128	164	160	169	162	186	185	188	151	157	180	191	219	179	166	155	283	260	201	232	190	119	118	120	95.3	136	143	184	221	201	191	216	166	196	207	192	271	240	283	272	262	206	199	190	185	156	147	113	112	170	151	155	80.6	108	122	118	139	197	221	205	165	204	202	185	191	223	186	156	136	141	198	272	352	291	258	357	373	293	256	234	237	231	181	164	206	236	291	231	209	190	177	156	129	112	115	82.5	79.7	92.2	89.1	92.7	83.2	114
193	153	203	186	175	157	201	133	138	148	173	105	86	112	144	143	130	123	117	162	162	168	169	181	171	168	173	165	198	163	162	163	165	138	204	202	157	170	145	168	136	120	105	165	170	168	258	267	201	157	159	189	166	213	230	245	254	284	220	182	213	198	211	178	141	118	144	163	149	132	91.6	108	148	169	146	190	168	134	114	142	151	138	176	195	128	114	111	212	246	332	271	210	272	262	354	307	276	213	275	238	177	160	187	213	261	200	227	193	184	147	146	97.2	80.2	76.4	75.5	86	90	76.8	89	91.8
239	235	173	129	101	104	104	82.7	94.5	95.5	128	129	115	120	128	139	149	164	213	169	176	186	174	163	157	157	158	141	172	160	218	176	125	105	132	138	142	135	141	167	144	96.3	90.1	124	145	142	136	232	225	235	289	272	232	223	187	210	219	237	185	148	155	143	166	154	123	120	157	154	200	127	125	141	124	162	204	210	135	106	103	126	117	123	132	160	138	111	102	209	210	203	215	271	314	227	341	261	245	228	223	182	167	170	170	171	180	201	206	218	246	172	133	89.3	81.2	76.2	77.7	84.4	79.8	68.8	75.1	81.8
173	225	209	123	96.6	81.4	88.3	85.4	93.8	88.1	111	123	135	108	103	144	138	139	171	187	176	177	176	163	159	154	139	122	129	156	188	155	177	136	115	125	169	121	172	140	139	130	120	187	149	149	154	206	212	251	315	303	255	214	170	165	188	183	175	115	137	155	163	161	124	116	141	159	227	173	130	162	128	117	131	134	144	107	101	127	144	117	99.7	147	178	184	107	155	185	177	256	324	382	293	296	226	213	260	240	178	167	165	192	197	226	181	181	217	171	137	115	85.5	76.5	70	62.9	74.1	65.9	57.8	53	72.1
159	261	242	160	158	128	82.6	99.2	90	86	101	166	194	157	112	132	133	147	172	171	174	170	163	166	158	152	135	110	113	108	103	98.9	126	149	154	156	141	103	117	171	136	111	124	167	128	117	127	172	185	221	228	230	170	146	147	134	135	143	167	116	144	152	156	144	164	138	143	140	210	202	149	151	155	99.5	106	131	128	110	125	113	117	134	121	164	167	180	147	165	209	208	281	401	382	341	351	255	241	242	241	212	177	187	158	181	195	181	155	146	133	123	146	87.8	68.2	63.3	65	82.3	75	60.3	62.4	65.6
154	239	346	259	273	209	180	149	89.5	109	143	191	175	202	148	124	133	144	135	149	149	158	153	163	149	139	125	113	115	118	99.4	100	119	148	150	124	122	92	164	137	129	101	115	148	129	140	127	171	170	214	195	165	155	155	130	126	118	133	135	98.8	118	124	134	161	337	224	156	146	139	154	156	126	117	102	104	110	105	108	91	104	101	119	142	214	176	168	178	195	219	241	251	345	369	376	265	198	194	263	263	200	188	199	201	193	172	167	164	174	173	169	135	99.2	71.5	60.6	60.5	88.7	72.9	70.1	62.2	72.8
97.8	154	221	197	199	161	195	207	117	137	143	166	168	169	169	132	143	216	169	135	132	123	116	136	138	105	88.5	102	128	130	118	120	119	143	144	134	135	114	129	148	121	128	131	125	192	197	172	162	191	200	192	176	178	155	122	137	143	143	124	75.8	94.1	92.2	110	175	306	209	204	227	168	151	140	200	179	147	119	148	110	69	79.7	97.8	94	138	153	155	186	197	147	178	195	186	198	265	367	290	276	248	238	324	335	237	184	200	221	205	175	164	167	202	245	183	141	95.4	82.3	70.4	71.4	83.6	82.6	93.9	80.9	69.4
96.4	147	155	184	188	115	123	144	156	180	159	172	155	171	215	174	202	216	175	164	165	145	113	93.3	111	83.1	79.3	75.9	100	130	104	107	122	117	114	111	123	118	145	185	160	127	121	164	213	168	204	207	224	201	167	162	190	214	153	139	164	138	123	69.9	84	84.3	115	110	126	125	151	251	202	141	160	109	174	163	158	207	107	107	102	120	110	107	112	131	169	236	200	194	198	201	141	154	179	274	338	319	291	295	252	197	171	149	162	201	183	140	142	161	177	167	149	95.4	83.2	79	66.9	83.5	76.1	60.8	57.7	52
101	120	138	126	97.1	80.5	79.3	101	198	247	227	197	158	239	274	232	233	179	169	159	176	169	105	95.5	101	77.5	74.1	64.3	74	128	130	82.9	86.4	90.2	88.4	82.1	109	109	128	186	172	147	126	212	218	176	174	230	287	251	191	201	252	261	191	143	157	129	106	77.6	69.8	71	108	105	88.5	129	128	162	175	171	134	93.9	105	162	187	205	139	89.3	110	115	109	112	108	147	224	249	199	158	243	168	130	201	211	346	260	213	298	349	303	196	170	160	155	161	175	134	127	106	120	120	132	91.9	77.5	82.4	64.9	63.7	51.9	62.6	65.5	41.4
73.3	89.4	93.3	76	61.2	64.4	64.1	62.7	166	231	204	218	138	146	157	178	156	158	133	168	156	191	118	116	145	84.2	112	81.7	56.3	66.2	134	88	74.6	83.9	79	69.4	73.8	116	113	143	149	122	114	179	136	174	195	215	303	243	249	270	249	236	198	155	163	152	102	65.6	47.5	61.7	131	115	114	72	83.6	77.9	112	160	192	144	102	116	203	240	137	74.9	117	143	121	126	128	150	198	218	186	180	118	128	135	244	159	203	225	165	258	313	220	196	181	142	135	157	174	115	142	117	93.3	107	97.1	88.1	70.6	63.4	57	52.9	54.4	46.2	44	39.8
49.8	50.6	55.3	84.2	56	53.4	53.4	42.4	73	163	204	274	234	168	157	139	148	173	173	155	152	202	144	148	170	111	74.2	77.3	63.1	60.1	69	71.3	72.3	76.7	81.7	84.7	99.4	123	143	152	135	126	112	112	114	140	178	195	199	198	206	211	227	228	194	194	154	129	135	76.6	96.9	81.9	96.5	133	125	91.3	70.7	70.3	79.2	106	110	132	97	83.5	106	101	75.7	74.1	98.4	117	114	115	129	138	150	135	120	111	96.5	112	128	150	132	246	197	134	127	157	161	202	170	121	118	177	143	113	105	111	118	115	101	80.2	64.1	60.3	59.1	35	29.1	27.2	24	21.9
41	42.7	47.4	81.4	71.5	42.5	44.5	35.7	35.4	82.4	192	179	246	229	202	177	169	141	156	135	153	176	118	102	127	119	67.4	55	54.3	61.8	71.9	62.2	70.4	83.8	81.9	84.3	88.8	103	111	138	140	156	124	87.4	92.6	93.1	123	136	151	182	219	220	211	184	206	199	218	188	147	166	217	112	106	118	114	92.1	83.8	81.2	109	98.3	84.4	115	102	80.3	92.3	74.3	46.1	58.9	73.4	104	113	97.1	109	122	116	133	126	120	112	166	157	214	138	173	159	139	135	145	117	141	142	124	105	152	127	107	99	96.5	98.2	127	113	76.7	66.4	60.5	53	27.6	22	19.6	18.5	14.7
33.9	38.2	44.7	29.9	29.9	35	45.8	39.2	32.2	64.5	98	118	153	147	277	207	169	126	147	132	112	130	137	127	98.6	128	87	61.3	56.7	67.8	92.7	84.8	74.4	80.2	81.9	92.1	88.4	104	113	125	124	119	104	59.5	113	107	106	128	132	164	174	169	153	182	199	226	219	256	171	142	189	178	153	132	109	116	131	110	90.7	113	95.8	107	117	92.4	83	59.5	73	63.9	98	93.5	100	105	106	105	94.9	111	99.4	103	146	145	116	261	193	163	113	153	129	111	121	106	101	94.3	98.5	144	123	106	99.2	91.7	87.5	94	91.6	83.5	69.1	59.4	48.5	24.9	17.7	12.3	10.7	12
31.5	36.5	39.7	26.3	33.3	32.8	48	48.9	38.8	68.2	104	125	96.3	129	108	138	160	107	129	105	103	130	140	139	120	122	101	85	47	48.8	68.8	67.4	68.4	73	74.7	85.8	89.4	91.2	96.9	91	82.7	82.7	88.4	85.4	67.6	72.2	93.5	124	131	124	119	123	121	113	139	181	166	231	211	162	193	212	164	168	141	141	126	116	84	88.6	104	116	112	104	85.9	76.8	154	110	88.1	87.7	90	98.3	98.8	82.3	78	77.9	81.8	94.5	138	128	120	80.5	112	167	122	102	80.3	91.1	88	75.8	78	79	86.1	122	106	101	95.2	81.9	83.6	84.3	102	83.8	69.2	63.8	50.8	24.9	15	11.3	9.93	9.61
33.4	34.3	37.2	30.5	29.4	33.2	37.3	27.5	30.6	39.3	52.1	67.2	68.6	72.3	70.8	106	110	96.8	95.2	100	116	131	183	168	164	147	153	129	66	48	60.2	73.8	78.5	86	79.3	84.7	89	105	98.2	80	85.7	77.2	76.9	78.4	68.3	66.5	106	216	177	141	121	124	108	85.7	106	87.4	147	253	245	135	175	206	219	154	135	114	102	81.6	74.8	72.5	92.7	86.4	89.9	93.7	95.1	101	184	111	103	99.7	99.8	92.7	87.9	79.9	77	77.5	74.7	86	86.4	95	112	77.9	88.4	89.9	67.9	93.5	111	117	92.9	95.7	97.4	90.9	116	127	114	105	94.7	96.7	99.7	101	91.6	89.2	75.1	63.1	49.8	27.1	15.7	10.5	8.86	9.47
43.7	51	44.3	32.9	37.4	33.8	24.9	24.6	28.4	31.6	36.9	46.7	52.2	44.3	49.5	67.4	68	81.2	92.4	97.5	90.1	109	121	176	173	139	121	115	73.5	47	51.7	67.9	72.4	85.8	88	88.3	87	104	112	89	87.9	78.9	75.2	46.4	52	66.6	130	177	184	124	88.5	117	138	96	102	134	159	187	207	161	178	243	241	150	120	122	105	80	83.6	67.6	83	88.6	101	85	92.5	123	130	153	165	112	86.7	85.3	77.3	70.2	74.5	68.4	75.7	78.7	101	85.2	94.7	101	71.3	82.5	89.2	81.2	104	77.4	73.4	93	143	102	85.2	106	102	106	95.9	100	107	105	94.2	86.1	70.7	59.2	46.6	21.6	14.8	8.34	6.53	8.52
42.4	42.5	46.1	36.5	40.4	34.8	25	25.6	25.8	29.6	33.2	32.5	35.4	31	32.3	41.5	44	76.3	94.2	127	109	103	109	164	178	117	87.2	73.8	73.7	46.7	54.3	65.1	71.3	76.9	97.7	94.2	89.4	99.5	117	100	78.1	83	74.2	62.5	65.5	114	145	124	123	78.5	91.4	101	98.7	74.9	143	110	175	186	125	175	253	206	188	130	135	106	122	97.6	82.6	86.9	97.8	101	149	117	116	122	98.6	92.6	126	101	76.6	77.4	90.4	79.7	77.7	70	61.9	75.9	120	68.7	67.5	58.3	69.9	57.3	57.2	82.7	87.9	65.9	60.1	70.7	111	124	87.4	100	100	92.9	103	103	100	119	97.6	77.4	61.1	48.7	39.6	17.3	9.49	6.85	6.66	12.1
38.8	41.7	44.8	40.4	34.8	40.4	22.2	19.8	20.5	19.3	24.3	25.4	22.2	24	25.9	36.8	39.5	60.8	90.5	68.6	98.1	166	129	117	121	89.6	72.2	53.2	56.2	63.3	66.5	75.3	76.6	85.6	113	101	101	144	140	109	88.4	89.8	91.2	66.6	71.5	111	143	116	63.2	57.8	34.2	70.9	109	80.8	100	81.5	84.4	122	160	143	227	222	250	142	160	126	99.8	98.2	98.1	86.3	89.1	105	107	98.3	120	118	142	93.8	91.6	92.8	78.1	71.2	88	80.8	75.3	65.3	61.6	62.7	108	60.9	58.3	79	62.3	76.2	58.5	90.1	72.3	58.6	59.4	75.3	78	76.8	77.5	91.5	88.9	83.8	82.4	84.3	95.7	86.8	80.4	65	57.6	44.2	33.1	20.6	10.1	5.69	5.08	6.75
35.5	34.6	36.1	26.5	21.4	19.7	20	14.3	12.1	12.3	15.7	25.1	22.8	25.9	24	32.5	36.7	49.2	62.3	58	67.7	132	114	106	89.4	74.2	74.3	80.3	75.7	80.9	69.8	78.1	84.1	85.6	104	128	120	171	134	107	94.8	89.9	106	99.3	108	123	116	111	115	101	86.8	81.1	107	101	85.5	88.9	86.9	98.9	114	137	228	189	152	132	131	118	105	113	85.5	85.9	112	117	84.4	84.4	85.2	98.1	128	103	93.1	83.3	63.7	66.3	80.4	101	79.2	62	67.4	58.4	98.7	94.2	78.2	101	65	64.3	72.1	117	78.5	96.2	111	121	111	105	135	98.6	91.5	86.6	84.2	83.9	72.6	87.8	82.8	61.2	42.7	33.5	32.1	19.9	7.01	4.69	4.88	4.15
48.5	35.4	21	26.7	25.2	18.6	23.5	19.7	14.6	13.3	15.3	21.3	24.5	23	25.2	31.5	30.9	34	37.4	44.5	53.2	75.1	86	83.8	79.6	72.4	80	85.3	65	70.7	66.3	78.9	91	92.1	92	102	97.4	144	111	107	94.9	102	102	93.6	116	216	163	109	102	97.8	93.6	88.7	179	93.4	44.1	84.9	98.3	76.6	114	136	221	182	166	126	137	119	98.7	85.6	81.7	84	115	204	103	147	98.1	82	130	128	125	73.1	62.7	61.8	64.6	67.6	67.6	50.7	42.9	47.6	66.3	65.5	85.8	90.8	59	58.2	89.1	99.7	107	98.2	125	121	111	80.9	110	101	87	82.4	87.1	70.4	59.8	67.8	61.4	48.7	32.4	26.5	22.4	11.8	4.97	3.39	3.44	3.54
22.9	19.9	8.65	13.7	35.5	9.94	14.5	24.6	11.2	10.5	12.4	19.6	27.6	24.3	23.8	25.3	29	30.2	32.9	40	57.4	57.6	75.4	84.9	70.7	61.1	60.3	69	74	77.1	81.9	115	91.8	90	96.3	92.1	85.6	93.7	111	114	96.1	93.9	90.2	108	122	187	240	153	133	103	90.4	189	137	119	51.4	63	65.7	69.7	59.2	67.9	87.2	125	118	118	109	104	93.2	90.8	79.5	80	90.1	99.3	107	116	111	73.6	104	98.7	92	85.4	67.7	60	54.3	52.4	54.9	42.2	39.7	43.2	46.5	46.7	78.1	95.9	101	103	81	134	109	104	89.3	89.8	82	93.2	83	87.4	78.4	73.2	66.2	55.8	53.5	50.8	55.4	41.1	25.7	22.7	19.2	8.52	6.13	3.62	5.45	6.54
7.55	5.25	4.57	4.6	5.35	5.53	8.83	15.8	8.47	7.69	10.7	14.9	19	25.3	18.8	24.4	30.7	29.2	27.9	37.3	69.1	62	65.5	81	78	73.6	57.3	50.6	62.4	68.3	72.9	88.5	83.8	97.9	109	93.5	76.4	82.8	92.8	113	107	90.8	85.1	80.4	110	159	198	191	130	146	109	131	136	79.9	65.9	54.3	72.5	78.7	63.1	68.2	79.7	96.3	108	105	112	112	101	86.2	89.8	90.7	82.7	167	99.7	89	113	91.5	86.4	116	101	105	83.6	63.9	54.1	50.9	58.4	61.4	48.2	42.1	44.4	41.4	56.2	51.6	70.5	62.1	87.5	68	76.4	68.1	69.6	78.8	75.1	85	106	95.5	77.6	69.5	60.7	51.7	48.7	44.2	42.7	31.2	23.6	18.6	17.8	6.57	7.02	4.99	3.79	6.23
1.68	1.66	0.77	2.12	2	2.06	2.83	2.83	4.55	4.26	5.41	10.5	13.2	16.5	18.7	21	22.3	22.6	21.1	26.2	31.4	50.1	47.8	60.4	72.1	61.8	51	60.3	59.6	96.8	92.7	91.1	86.7	93.1	121	97.5	84.7	80.8	71.2	83.9	101	90.1	85.6	80.7	93.5	99.2	116	199	131	163	136	104	101	99.7	88.7	88.9	114	105	91.4	94.9	80.5	109	114	124	132	139	112	111	109	88.9	97	115	89.6	99.2	93.7	87.8	59.9	69.9	113	104	96.9	64.9	58.4	56	59.9	68.4	54.5	43.3	56.8	68.5	63.3	66.1	53.7	57.4	77.2	71.2	79.2	74.8	69	85.3	90.6	95.8	107	140	113	79.1	62.8	44.3	42	43.5	32	27.9	21.7	36.9	25.3	22.8	11.1	8.44	6.97	7.81
1.1	0.764	2.17	1.64	1.11	1.14	1.46	1.55	1.3	2.27	3.95	8.19	9.41	12.3	17.2	17.5	28	21	19.6	23.9	26.5	29.7	40.1	64	38.8	43.2	39.7	31.8	37.4	47.6	86.9	122	101	85.2	93.2	79	79.8	80.2	66.1	66.7	56.7	73.5	67	74.9	80.7	84.6	89.7	111	129	158	119	91.9	85	111	123	134	122	128	101	135	112	154	197	137	136	148	117	102	106	86.6	94.8	84.7	104	89.3	95	82.4	65.9	58.3	67.7	66.3	64.4	60.2	52.8	54.3	49.3	70.1	64.9	45.1	51.1	61.3	63.7	69.7	51.4	64.5	53.6	60.6	71.1	64.6	70.7	74.2	80.8	89.3	88.4	84.2	102	74.3	61.2	48.9	43	53.3	48.7	40.3	50.1	34.7	14.2	15.8	13.5	8.69	6.37	8.88
0.664	0.448	0.435	0.882	0.742	0.692	0.779	0.802	0.814	1.2	2.34	9.33	7.19	10.6	12.7	16.5	22.5	21.7	17.9	20.3	21.9	23.7	24	59	29.9	29.2	26.1	19.6	17	24.5	41.9	142	137	98.9	85.6	58.3	61.3	61.1	60.4	65.6	52.1	55	55.5	73.1	68.7	74.5	86.1	86.4	109	119	110	89.3	83.2	81.5	100	106	114	139	118	89	84.2	124	167	141	139	130	117	80.1	79.3	83.5	102	87.8	90	105	93.6	116	86.7	108	74.1	64.2	64	63.1	47.8	45.5	55.9	71.4	77	52.3	50.9	49	47.3	51.3	61.5	69.9	54.7	71.9	56.8	82	82.4	79	80.3	81.4	78.8	77.2	71.3	64.1	61.4	76.3	54.7	57.9	53.5	29.3	24.2	21.8	13.6	13.6	22.7	9.72	9.79	11.9
0.587	0.295	0.423	0.827	0.499	0.381	0.571	0.653	0.804	1.47	1.62	3.76	6.31	9.64	10.6	17.4	18.6	20.3	16.2	21.7	21.6	21.6	24.2	25.2	24.2	82.1	19	12.3	12.9	8.98	18.6	99.1	128	143	163	107	73	58.3	61	56.7	53.3	48.5	60.8	56.7	65.7	61.7	66.5	68.3	89.7	109	122	80.7	76.3	78	73.8	75.5	84.3	113	98.7	82.1	73	80.7	126	124	142	132	123	89.6	90.8	89.3	92.1	80.7	75.7	77	76.4	78.6	53.8	116	77.6	82.7	75.4	87.9	68.6	62	55.1	88.4	120	84.5	57.8	53.2	52.3	55	57.8	58.4	51.8	55.8	64	59.7	66.9	63.9	73.3	76.3	75	74.4	64	60.5	71.7	90.2	51.9	50.4	44.6	31.6	22.3	16.4	14.5	12.7	31.9	35.7	24.6	17.5
0.33	0.33	0.72	0.39	0.272	0.231	0.226	0.43	0.5	0.966	1.26	1.83	2.77	3.91	4.75	9.48	13.6	14.8	21.5	20.8	19.4	17.5	19.8	15.7	15.7	18	11.8	5.68	5.89	5.75	6.38	16.3	38.9	113	290	197	129	81.9	67.1	54.3	48	50.6	53.9	82.4	77	45.7	51	52.3	62.3	62.1	68.4	69.6	58.5	69.8	66	71.8	88.1	90.5	88.8	94.9	83.6	105	119	115	111	121	118	103	101	83	87.9	50.5	39.1	52.5	76.5	83	64.9	54.3	82.8	70.5	93.7	95.5	36.9	45.5	61.3	71.5	93.8	83.3	54.7	54.6	55	54.6	50	47.6	43.7	56.3	48.5	56.4	57.5	69.9	70.6	74.2	76.7	62.2	61.2	61	57.4	60.3	46.5	44.8	45.7	41.4	29.9	18	20.5	17.5	23.3	43.8	31.1	15.7
1.35	0.57	0	0.28	0.204	0.14	0.147	0.261	0.304	0.458	0.753	1.09	1.41	1.89	3.09	8.78	7.96	9.52	25.2	17.8	17.3	15.1	13.5	12.6	10.8	9.52	7.4	3.45	5.63	4.45	2.34	3.49	13.7	88.8	145	195	181	127	103	69.2	51.3	42.2	45	49.4	54.3	43.8	43.9	44.7	52	50.2	58.2	68.6	55.1	58.6	71.3	91.6	86.7	110	116	114	95.1	112	120	90.5	93.3	122	95.8	80.1	83.9	87.7	78.3	38.1	32	45.7	54.4	74.9	74.1	77.4	91.7	60.5	66.6	47.3	53.7	53.5	59.2	61.4	58	80.7	77.9	51.3	45.8	47.2	39.5	40.8	55.5	78.5	67.3	50.8	51	76.6	87	76.5	66.7	55	57.5	78.9	54.7	58.2	46.7	30.9	41.5	45.2	35.9	19.6	21.6	18.3	30.2	41.7	19	17.9
2.7	0.66	0.54	0.0565	0.0565	0.108	0.1	0.195	0.207	0.315	0.446	0.587	0.849	1.71	1.89	8.03	5.46	6.6	7.96	11.1	12	12.2	10.8	9.52	8.39	7.3	5.76	3.86	4.14	3	1.8	1.7	3.84	25.6	60.9	89.7	95.5	108	123	100	97.3	61.6	44	45.3	42.9	41.4	40.4	40.7	40.7	46.2	60.7	54.6	56.9	61.7	60.7	64.3	75.4	91.5	97.4	117	105	109	121	88.1	92.8	90.8	88.9	69.1	80.5	98.1	86.4	47.8	65	39.6	38	37.2	67.3	99.1	81.9	101	170	39.4	59.4	48.7	44	46.7	57.9	60.6	55.7	47.9	38.8	42.4	36.8	60.6	47.7	54	66.7	50.3	48.2	58.6	67.2	69.7	61.6	58.3	54.7	61.2	58.1	60.6	53	33.2	38	34.8	31.7	27.1	21.7	23.1	42	33.9	16.2	21.9
0.81	2.16	1.2	0.107	0.0564	0.0776	0.0902	0.174	0.195	0.322	0.398	0.481	0.538	0.958	1.49	3.39	4.22	6.17	7.49	8.82	9.59	10.2	9.22	8.18	7.06	5.89	5.71	2.65	2.78	4.18	3.79	3.58	4.81	9.78	21.8	37.6	49.8	57.7	69.5	86.1	119	87.6	67	46.1	41.7	41.4	39.8	39.6	41.2	49.7	55.3	51.6	56.4	49.6	46.4	66.4	78.9	94.1	101	150	133	154	144	99	118	138	106	70.9	76.9	74.3	74.7	60.2	53.8	70.1	47	34.6	56.4	82.5	102	117	134	71.5	63.3	96.5	56.7	86.2	72.7	95	69.2	61.6	35.6	41.6	45.4	45.3	40.1	53.1	66.7	46.5	44	53.4	58	70	77.6	63	64.6	72.3	68.8	66.2	65.8	56.5	51.9	40	32.6	30	25	20.7	33.1	21.9	22.4	29.1
