83.1	104	140	225	233	231	252	215	214	191	174	161	192	176	188	202	173	166	196	286	237	229	231	214	217	248	261	267	311	382	382	248	210	213	181	239	243	292	414	411	436	396	370	366	406	364	329	299	256	242	186	157	143	138	137	175	225	287	283	330	316	306	230	224	189	207	255	255	289	319	323	293	325	332	402	404	409	423	440	461	450	502	527	532	524	539	491	427	389	385	398	270	303	311	259	220	171	134	173	220	255	226	184	211	224	232	254	183	176	168	141	86	91.4	108	77.8	67	105	110	64.6	65.1
133	180	229	261	265	221	204	182	176	168	189	159	187	188	165	209	203	170	145	188	184	190	185	191	271	275	246	265	333	370	350	240	248	232	243	257	225	300	315	359	398	412	374	353	430	326	232	248	227	226	193	157	136	136	98.7	133	177	211	213	238	278	313	287	215	205	253	272	345	378	340	333	343	336	296	275	342	408	396	408	420	460	463	506	598	570	555	520	490	429	420	462	315	410	435	353	247	182	197	174	188	217	168	135	160	243	254	235	221	230	185	189	162	218	168	142	168	148	142	92.7	72.1
180	227	250	246	221	235	207	209	197	199	165	161	213	194	178	209	191	169	139	164	199	192	196	182	274	301	264	355	389	422	289	200	223	275	273	263	266	268	292	305	296	371	382	402	308	234	222	187	196	154	148	164	154	111	84.6	109	146	164	150	214	317	301	274	280	314	301	318	401	410	449	438	413	362	330	301	307	390	421	423	441	464	468	501	570	581	593	529	521	550	464	549	384	407	415	404	313	320	247	211	217	175	186	135	132	198	263	316	371	358	381	318	230	266	200	186	197	199	212	155	134
211	221	246	210	215	219	233	217	216	275	201	173	173	167	179	190	167	142	125	201	194	252	265	245	316	295	306	411	410	394	315	287	279	299	269	232	230	226	247	308	292	284	328	286	265	232	232	203	225	226	199	182	152	126	96.4	118	154	147	146	226	277	336	329	364	410	299	273	345	473	543	548	440	438	428	432	371	393	423	435	434	459	454	521	569	599	667	628	603	604	516	580	422	429	389	346	290	294	286	258	232	245	301	205	185	173	231	243	345	320	390	303	234	275	269	300	323	379	313	240	269
240	239	238	236	214	216	261	195	217	203	230	201	198	196	203	169	183	162	163	217	235	261	306	288	303	335	355	439	401	352	382	359	309	289	267	226	239	251	303	346	290	233	267	236	230	233	202	258	305	285	222	182	113	98.3	109	133	152	183	171	195	276	392	412	382	404	322	319	392	629	650	639	508	448	458	452	394	404	413	424	419	434	464	517	569	617	625	716	677	630	625	579	428	467	422	430	337	260	246	300	319	333	374	289	264	205	205	256	210	226	290	253	248	276	313	316	371	369	306	313	341
229	206	267	258	224	247	271	182	166	190	203	212	190	240	213	140	159	183	179	211	218	241	319	326	341	358	386	447	395	349	315	302	310	296	295	253	272	311	382	298	263	210	224	281	242	248	243	303	298	259	162	123	97.5	113	122	115	130	148	163	243	252	278	332	414	512	466	368	417	531	634	553	525	516	500	475	427	412	423	451	391	381	429	473	541	546	589	607	637	621	557	541	453	497	432	443	325	290	242	306	323	289	361	301	234	222	251	219	228	266	316	337	300	258	341	368	363	391	390	406	390
198	200	227	194	310	289	283	205	167	163	176	167	172	167	181	208	215	188	183	295	240	257	342	414	402	389	376	414	413	384	314	260	312	385	344	291	316	324	316	269	258	246	265	288	267	250	261	249	289	244	180	114	100	107	113	142	130	155	199	246	321	332	377	492	482	406	420	466	443	447	588	568	498	476	463	414	433	440	438	397	401	439	478	520	545	586	594	632	623	593	544	365	397	442	513	393	353	326	368	325	316	338	333	325	300	280	272	288	331	321	359	386	403	400	375	411	442	481	507	487
212	212	213	196	241	261	243	178	147	183	182	169	197	252	245	293	245	186	212	325	260	257	266	306	369	436	422	422	452	406	341	306	360	433	454	338	344	307	237	276	195	212	269	281	289	229	200	223	228	196	173	125	110	110	133	168	205	232	293	311	340	362	360	618	506	388	408	412	424	500	567	525	479	490	479	451	446	456	444	408	436	445	482	535	566	578	571	606	591	608	533	484	460	538	506	454	397	378	412	308	350	328	350	333	283	254	310	347	342	397	464	559	501	492	424	411	490	542	549	507
220	206	225	203	229	198	188	175	157	161	170	251	249	286	304	252	278	253	227	226	257	263	289	354	465	509	521	497	485	442	487	464	405	455	538	428	314	258	198	171	164	192	318	264	291	224	221	227	216	227	179	134	132	154	157	228	224	233	286	308	376	412	436	524	485	432	433	522	450	467	572	552	557	573	568	516	515	471	457	435	441	462	481	535	542	554	590	607	656	713	607	533	606	582	598	582	416	427	420	344	389	393	383	396	364	332	365	473	391	342	525	582	499	400	404	397	501	497	514	554
214	204	189	170	214	215	211	189	179	234	197	274	350	302	272	236	261	309	314	287	274	270	251	350	482	510	432	427	401	430	441	380	346	388	489	413	299	212	197	151	212	282	341	368	283	251	247	221	218	224	176	157	163	166	172	201	174	171	209	287	320	394	457	502	513	458	424	505	456	464	583	513	536	570	590	542	552	477	475	429	439	486	454	431	428	438	494	542	593	585	544	559	651	583	581	545	500	469	492	491	491	446	405	399	385	372	394	466	382	346	406	433	392	391	404	433	445	438	457	508
217	167	139	143	174	192	181	216	231	278	229	273	313	320	275	253	256	268	372	322	270	271	269	304	397	425	377	380	330	346	335	416	361	370	426	449	331	261	196	152	225	294	385	366	369	312	281	248	255	220	201	177	189	177	177	167	173	197	277	381	362	394	454	556	523	548	471	503	512	467	528	519	530	569	596	529	557	494	473	426	430	446	444	441	439	459	487	529	552	568	602	488	532	503	553	449	515	532	554	501	515	480	438	452	390	390	400	410	395	376	334	372	351	328	355	360	370	365	404	329
252	148	156	155	181	192	190	234	262	259	255	333	286	277	295	328	269	287	313	288	210	214	246	296	331	368	330	269	310	368	342	351	315	308	344	335	275	275	248	178	183	219	273	280	304	317	353	300	248	217	206	202	206	198	189	208	238	285	337	489	436	444	490	597	537	496	473	620	568	502	464	458	498	568	580	511	485	480	466	405	425	460	438	396	445	455	472	509	527	526	526	455	462	570	539	449	459	498	539	549	542	480	543	493	347	342	349	416	347	339	354	362	341	304	322	327	323	293	266	331
146	145	146	169	199	253	232	251	283	233	248	345	309	293	324	364	268	222	274	319	240	237	310	383	541	445	352	273	257	287	284	282	274	279	299	292	248	304	269	244	246	261	316	261	280	309	300	273	231	229	240	231	229	211	229	283	288	318	362	535	584	546	433	491	506	493	565	585	508	533	508	474	507	544	534	537	479	478	466	448	414	433	446	429	393	434	446	466	471	497	512	468	417	492	409	463	438	524	525	501	519	494	457	444	371	354	367	409	321	323	291	316	248	231	349	399	351	289	275	281
128	142	156	167	203	228	221	223	237	270	288	342	356	296	399	458	387	314	338	234	225	334	468	429	506	428	332	301	295	266	298	299	304	254	186	241	275	279	320	276	424	301	317	285	358	333	331	275	265	257	262	268	291	256	293	335	320	327	429	633	614	531	397	445	496	567	517	568	509	464	470	517	600	503	491	492	485	448	436	407	398	396	431	415	391	407	418	462	488	506	498	475	411	337	330	411	456	458	518	529	497	449	403	359	442	377	392	361	322	309	312	274	293	319	357	355	325	312	364	335
130	146	177	170	201	184	158	171	199	260	331	350	295	322	337	379	368	335	374	271	279	382	456	344	382	352	338	304	350	289	309	317	315	248	213	213	234	290	333	263	335	362	297	346	432	346	305	295	317	285	284	309	317	304	295	330	319	353	427	621	560	489	457	493	552	596	613	694	584	468	577	505	517	435	453	450	443	449	424	410	450	441	422	441	396	372	442	445	462	473	467	468	393	346	300	389	459	462	422	436	369	352	334	301	342	304	255	290	232	243	278	283	325	363	453	391	262	330	293	290
153	173	193	182	228	210	160	175	209	245	268	356	304	295	306	270	249	276	332	281	295	267	351	297	353	329	341	298	415	308	362	414	343	265	253	300	283	370	311	253	312	376	353	372	397	402	384	323	311	315	294	317	290	299	306	343	317	335	358	493	546	509	468	594	624	564	512	559	551	550	490	457	428	409	442	368	421	483	458	421	396	420	408	381	373	367	356	382	436	435	442	443	377	434	411	386	441	432	378	312	261	300	273	222	216	223	258	269	285	231	259	287	312	326	337	273	228	249	283	409
178	197	188	172	223	246	249	237	243	256	273	292	323	333	318	296	322	282	278	262	307	359	260	296	294	343	342	306	262	331	325	316	331	317	371	381	308	279	345	286	319	333	343	331	367	406	365	340	319	342	316	278	252	310	329	366	378	349	358	413	460	457	474	557	549	541	473	527	544	539	495	423	437	426	402	379	436	463	462	416	367	388	416	415	403	388	321	364	408	390	400	412	363	430	393	439	400	377	301	337	283	258	257	219	218	208	187	212	194	204	205	249	265	320	283	291	232	264	280	292
260	274	272	265	282	297	422	390	349	326	358	361	365	370	307	294	370	366	283	274	327	322	304	327	340	322	319	254	247	254	282	264	256	362	370	462	396	370	455	381	308	321	482	293	346	335	419	361	318	335	393	287	300	385	422	418	473	488	440	520	443	428	424	481	500	574	455	468	435	405	389	410	383	365	387	367	431	423	403	391	386	392	442	400	393	343	308	393	434	463	442	456	432	387	444	669	479	331	291	312	346	360	305	273	269	315	277	236	240	286	301	218	318	268	235	313	243	258	302	325
234	276	269	265	261	253	322	364	324	364	401	441	371	353	336	293	276	283	240	272	304	314	285	279	335	290	323	294	288	291	279	261	300	331	369	601	641	468	549	384	311	323	390	365	296	239	349	411	375	465	462	351	355	347	369	411	471	506	438	512	554	509	452	430	488	438	398	395	403	348	344	384	365	362	355	400	382	391	384	398	400	354	361	326	330	311	288	357	417	466	439	438	406	395	320	558	464	338	382	290	344	351	296	266	324	292	247	225	255	257	237	236	264	242	299	276	274	252	256	270
248	287	280	249	231	234	286	300	285	299	360	349	304	319	344	289	311	345	324	280	256	264	243	245	261	272	285	292	295	341	326	299	321	334	363	498	566	526	454	366	333	393	571	386	264	292	348	344	404	437	458	356	280	274	281	381	438	440	452	533	552	454	484	461	495	443	427	456	454	361	352	343	285	297	296	339	368	376	388	360	369	378	459	359	344	334	274	359	385	429	410	346	314	261	256	379	495	509	358	292	295	315	255	235	280	312	248	260	243	261	271	224	278	304	278	245	243	238	276	297
228	238	278	245	228	255	253	288	284	325	341	322	318	290	322	262	274	308	312	264	240	249	252	253	238	275	305	280	273	295	303	274	315	335	375	466	507	449	366	366	386	410	497	315	268	244	289	340	444	435	489	403	391	314	286	321	412	447	415	521	597	572	507	537	454	509	549	570	409	370	359	315	245	261	281	327	342	315	365	365	369	367	365	337	312	313	281	338	330	329	253	239	306	245	275	296	366	435	368	237	174	257	248	211	239	272	266	277	288	321	258	277	254	278	240	232	238	277	309	245
251	241	311	276	275	289	307	265	320	363	402	343	341	309	285	266	255	302	279	241	256	284	284	315	323	333	358	281	288	324	374	397	421	432	432	524	471	445	341	305	295	321	330	310	285	303	332	309	386	359	339	435	432	417	344	358	433	464	476	522	559	506	517	494	494	527	593	586	444	334	346	278	229	237	263	284	334	263	259	317	326	310	281	357	334	331	306	318	340	323	319	297	321	297	243	241	241	317	314	272	248	241	250	240	272	321	305	298	263	264	258	202	256	249	244	197	237	262	279	237
252	216	263	290	297	302	356	298	318	352	395	296	305	325	303	284	268	287	259	263	302	291	337	325	332	320	297	247	290	309	311	347	431	498	386	377	376	362	297	271	285	264	351	313	297	329	269	284	378	347	310	374	498	401	341	340	345	371	372	447	458	478	473	418	429	419	464	509	507	397	424	385	275	248	277	298	319	264	267	249	273	303	328	480	379	397	283	365	323	304	320	375	395	291	293	329	303	276	262	191	191	213	207	253	288	257	244	233	244	248	251	248	200	243	338	238	275	268	290	256
204	194	216	258	317	347	345	315	329	365	386	278	294	276	296	269	268	294	297	315	322	328	384	396	327	328	321	298	366	356	348	379	399	459	372	439	368	357	410	381	362	339	292	299	321	349	317	319	417	494	366	395	494	414	386	386	380	347	315	456	454	449	448	401	403	422	422	477	449	401	360	388	305	275	270	288	310	322	356	309	294	319	398	463	366	295	317	452	434	340	305	317	383	483	417	380	372	336	278	224	194	237	257	251	260	249	292	244	244	280	268	186	166	187	219	223	241	261	253	207
246	222	277	307	393	386	392	333	338	370	366	312	303	329	320	324	282	295	326	297	329	328	410	372	322	309	326	319	343	380	405	377	387	443	390	344	420	425	334	348	329	302	298	308	320	337	320	326	510	526	384	408	432	406	413	409	383	330	283	449	412	358	372	368	335	352	357	430	452	401	390	336	331	312	338	291	313	407	410	336	362	331	419	420	400	426	390	478	469	393	341	304	360	455	424	405	402	358	329	268	241	295	310	296	335	325	326	328	274	294	231	194	127	154	164	150	174	193	223	192
297	285	270	316	335	365	349	286	274	346	361	362	353	373	392	292	301	307	281	330	355	360	443	338	358	346	396	316	379	412	425	344	355	396	347	373	423	369	321	307	289	301	415	388	332	316	309	320	517	414	342	353	394	421	429	361	308	268	251	315	319	340	377	341	406	325	302	311	397	420	385	291	269	344	394	321	313	319	315	336	343	390	404	436	481	569	559	476	436	481	492	486	482	750	524	521	440	402	396	329	330	343	340	325	353	373	351	305	289	260	272	277	216	182	201	186	180	195	171	200
270	283	282	273	275	336	329	301	311	357	389	409	363	343	309	283	267	281	260	293	356	351	364	302	306	322	298	307	344	363	431	389	369	381	339	416	386	323	329	376	307	379	397	408	325	317	333	310	443	366	309	431	350	341	342	346	303	294	280	293	263	243	274	308	278	262	288	257	300	390	306	285	275	318	322	281	275	288	269	283	349	441	365	372	440	531	478	436	475	493	461	479	493	576	556	559	494	392	364	359	365	342	415	399	430	445	413	345	334	350	393	399	302	248	201	179	191	206	205	192
309	316	268	258	271	291	327	320	336	403	493	414	412	374	353	326	263	252	267	318	317	330	356	312	313	314	322	308	358	346	301	322	379	326	404	433	406	355	342	328	369	318	312	352	317	312	338	309	357	304	372	351	307	319	346	349	326	327	336	293	243	229	269	279	224	195	302	275	255	280	252	276	230	308	212	198	228	253	262	253	309	349	291	482	522	645	568	545	588	543	520	551	493	432	500	465	422	473	425	502	477	396	449	475	408	389	413	339	381	422	403	420	428	333	276	225	173	165	151	146
322	284	267	258	286	304	312	272	351	446	551	488	419	413	428	378	298	281	275	280	333	331	349	315	361	331	364	348	341	322	310	319	342	331	366	459	415	379	412	381	382	328	411	304	280	312	351	394	394	292	299	301	290	354	325	354	300	357	349	288	221	208	224	248	231	228	241	237	199	177	194	241	185	150	146	157	162	207	215	245	274	298	343	476	603	890	577	692	627	576	598	678	739	510	516	484	459	515	559	550	501	422	433	444	420	428	443	399	410	481	386	425	441	371	293	280	209	202	148	144
248	325	293	299	272	275	316	305	321	436	500	455	396	343	365	316	323	344	370	262	329	383	288	265	337	394	347	342	370	326	313	314	306	275	308	400	426	318	341	299	340	370	303	304	262	256	279	320	424	241	209	268	279	328	343	343	342	296	311	271	202	194	226	252	274	247	237	186	182	180	182	207	236	150	144	155	161	204	235	259	308	387	497	509	654	612	553	728	576	603	589	772	849	632	673	584	515	552	632	603	539	464	448	418	409	459	442	471	441	392	397	447	381	355	273	283	219	186	145	168
257	298	309	338	331	366	435	407	344	367	445	394	388	336	350	433	509	404	383	393	377	320	290	265	256	332	333	300	312	346	336	321	286	282	307	380	371	371	348	345	424	427	381	293	256	263	246	218	270	243	192	254	270	308	294	351	296	228	223	252	253	228	230	247	227	219	216	147	209	253	279	188	194	195	176	220	242	234	245	295	313	431	564	584	640	728	521	604	560	583	544	827	781	680	689	679	574	596	614	477	463	495	441	426	424	402	409	436	457	435	411	406	409	365	366	296	227	206	183	175
242	256	307	327	358	361	475	446	372	374	397	377	351	326	333	449	478	439	398	350	275	278	330	278	269	330	372	323	382	372	361	288	298	295	298	383	400	412	397	528	460	394	344	342	339	270	237	202	211	276	205	254	241	249	251	307	274	238	214	238	299	258	264	342	268	241	175	211	201	342	306	244	274	215	179	221	228	269	253	277	339	422	471	474	541	548	523	557	618	603	546	729	716	662	626	623	608	666	567	475	484	427	358	391	416	419	383	357	344	402	403	401	423	413	454	292	254	301	263	196
248	266	253	286	331	349	380	398	361	350	373	373	432	327	288	431	391	373	311	353	312	366	386	364	290	341	364	322	321	346	339	315	311	268	277	341	381	458	422	539	423	307	337	294	266	232	232	309	257	287	240	255	235	206	256	409	347	312	269	352	333	265	289	351	253	249	230	187	196	217	277	213	263	233	199	223	272	203	215	228	248	319	390	386	466	440	459	517	548	545	519	802	601	622	638	604	646	581	518	391	420	381	448	455	295	277	284	336	335	350	351	395	369	437	358	321	377	367	334	368
221	230	229	236	245	302	284	335	358	380	408	396	431	364	313	366	378	305	302	392	462	391	393	377	341	305	288	304	296	303	312	323	312	290	292	321	338	396	410	504	401	317	299	283	263	261	267	229	316	274	251	302	304	309	384	345	286	284	237	294	319	297	301	288	237	227	222	191	184	194	190	248	262	231	238	319	242	190	216	263	258	331	372	324	398	387	392	352	374	395	398	459	458	458	439	459	542	528	457	379	395	408	473	327	298	301	313	305	300	302	338	424	370	388	370	338	365	385	336	397
201	195	199	235	261	253	280	375	471	463	429	400	418	375	317	351	335	288	322	373	489	449	396	329	341	263	225	253	280	272	275	281	272	276	288	305	304	349	339	413	319	264	235	259	275	279	257	187	244	265	206	273	257	303	406	370	295	241	201	258	290	261	238	261	258	291	265	210	196	206	259	225	233	205	200	270	229	189	174	204	320	312	328	389	369	342	307	286	308	356	352	365	389	416	419	475	489	457	443	407	372	450	477	332	315	270	325	298	287	287	368	430	376	430	412	304	296	316	267	310
189	196	216	231	233	271	286	341	440	391	386	387	394	359	349	352	284	269	300	334	398	528	415	315	290	278	257	257	243	288	285	281	270	275	320	361	321	298	286	286	233	213	230	235	224	250	266	235	255	334	369	294	266	290	309	279	265	234	209	250	267	277	323	307	306	336	350	253	226	252	298	213	195	227	243	229	210	177	180	178	269	328	305	315	301	270	242	278	310	370	418	360	367	372	374	431	447	505	498	431	406	468	436	310	337	338	302	314	311	429	390	371	343	373	343	298	285	257	253	247
182	177	216	239	255	302	361	362	377	305	333	356	371	355	351	346	289	245	275	232	281	372	402	306	225	252	307	252	243	282	330	329	302	276	283	329	349	315	279	344	212	201	255	249	209	229	264	255	231	312	421	316	285	243	234	215	247	224	247	227	271	299	383	378	360	421	409	311	246	347	290	293	208	228	244	245	210	192	212	173	219	225	248	277	248	252	258	241	338	401	338	324	268	319	370	375	406	446	420	384	373	423	433	373	350	301	287	284	337	328	336	363	394	326	323	287	285	283	245	239
173	165	188	229	215	261	291	328	314	297	321	321	356	345	354	356	281	222	232	191	214	270	298	324	228	262	287	229	310	309	316	322	332	269	292	304	307	254	211	261	204	196	215	225	202	218	263	300	338	398	456	347	395	334	228	174	213	240	259	227	225	324	412	305	349	350	368	288	214	254	283	225	181	171	170	201	172	143	179	207	203	230	204	202	215	192	192	245	297	265	207	238	224	248	252	319	400	409	388	388	446	404	346	347	290	279	266	270	262	245	242	317	324	263	256	298	304	281	261	203
170	181	228	224	216	261	291	336	297	344	383	352	339	333	337	315	268	231	252	197	236	180	261	276	244	217	212	215	276	291	308	272	279	277	319	272	303	232	178	218	190	197	257	261	226	193	194	263	331	397	397	370	323	242	257	209	229	238	269	230	298	314	338	318	309	327	331	239	222	246	280	199	200	184	159	149	166	167	183	196	203	193	214	170	199	230	240	263	270	211	172	251	223	250	222	280	347	390	399	364	409	337	284	284	276	252	196	226	199	184	183	253	236	269	273	327	293	310	256	206
203	226	229	233	247	309	301	363	299	311	372	322	344	320	305	298	262	275	283	252	208	204	232	250	224	224	185	200	234	304	265	268	364	310	371	306	320	264	223	239	226	216	261	243	223	207	206	262	320	388	338	320	296	245	217	224	236	267	262	266	312	263	326	290	277	316	216	191	212	292	232	208	200	166	184	156	149	189	192	167	218	229	262	189	206	235	240	234	248	193	163	197	204	248	224	263	270	288	402	371	330	299	294	226	185	183	160	210	180	142	143	200	179	237	238	238	270	314	245	200
203	210	223	235	249	305	322	357	303	362	336	307	336	326	289	305	284	275	385	297	233	239	241	210	183	196	157	195	245	275	244	218	289	320	336	299	250	238	216	241	228	215	230	261	217	233	252	311	302	304	298	269	290	217	213	187	235	264	259	191	259	289	308	294	282	215	220	222	211	236	229	193	163	153	172	157	156	141	134	265	318	307	304	207	204	236	201	218	255	236	180	216	197	200	215	274	278	292	349	296	284	295	277	199	178	154	161	194	172	146	93.5	133	148	194	191	187	220	230	216	184
178	220	211	224	233	294	280	308	291	253	313	278	332	288	282	293	287	294	351	305	243	239	224	236	200	181	173	235	244	283	286	334	358	390	442	397	294	299	281	269	214	208	176	209	191	226	234	263	271	248	263	215	203	210	209	235	228	214	161	150	224	226	219	200	148	155	202	228	231	239	232	182	139	164	257	197	119	134	147	177	194	245	228	252	250	241	187	172	190	201	184	199	183	177	187	226	228	245	228	228	255	270	216	188	167	153	161	136	148	109	96.2	109	116	113	126	127	150	167	153	146
228	247	180	176	171	205	265	271	250	273	306	328	340	286	355	321	294	325	324	286	264	182	213	277	209	192	223	245	211	245	255	273	333	395	401	465	333	272	231	225	244	172	158	207	210	246	221	225	294	274	243	190	190	223	232	206	191	162	143	129	150	146	165	181	165	170	202	234	216	244	193	150	127	161	260	206	170	120	128	144	144	181	220	257	277	175	182	188	271	208	204	169	154	194	181	200	199	218	220	212	218	211	202	162	127	125	128	125	117	83.6	108	96.7	88	87.5	105	115	122	110	101	121
247	266	227	199	179	194	250	258	226	246	299	299	302	263	308	296	285	276	338	249	186	136	170	198	203	193	202	248	197	221	226	243	267	332	331	345	381	294	231	241	215	211	220	316	299	248	201	188	220	192	181	179	172	196	201	199	152	156	128	153	160	118	148	160	214	181	186	183	190	207	194	168	141	146	166	116	105	85.2	103	133	160	194	181	158	173	147	147	180	219	180	148	144	167	211	198	188	189	220	215	262	230	209	219	172	158	126	109	110	91.2	84.6	78.5	94	77	79.8	99.7	89.7	93.5	105	96.3	98.8
209	238	331	313	217	183	212	221	235	261	265	306	296	288	293	275	312	286	331	358	258	165	180	163	181	167	189	251	189	187	207	211	227	285	260	312	307	246	196	232	196	303	349	352	331	306	207	185	189	179	198	165	173	163	220	168	140	136	157	151	138	124	128	140	196	203	159	195	166	198	178	141	159	157	156	120	105	96.4	112	141	172	180	135	125	152	159	136	172	197	152	160	140	147	194	231	212	222	200	157	209	249	245	202	200	162	139	117	110	114	106	86.9	91.9	65.1	67.9	85.3	81	87.1	100	97.9	106
199	228	236	246	199	176	196	220	196	246	245	271	256	239	230	216	267	283	274	310	256	150	154	137	158	137	216	261	163	131	143	177	187	198	221	239	265	210	163	167	162	240	241	293	321	260	174	173	219	219	248	181	163	217	233	170	141	143	155	149	124	115	104	134	190	171	166	159	150	195	187	195	173	172	183	179	144	109	139	132	146	142	128	119	200	158	127	139	155	129	154	145	173	166	195	185	175	155	142	158	207	196	181	161	144	117	106	102	96.5	110	91.2	80.4	76.7	66	65.3	54.9	67.7	88.7	89.4	120
222	209	228	199	208	221	209	236	238	230	255	298	284	263	205	222	261	244	223	245	257	223	171	159	149	165	206	205	138	144	157	161	188	226	244	225	233	205	246	202	212	231	222	277	354	273	242	249	277	253	337	215	188	242	271	235	167	163	176	175	107	99.7	112	109	134	141	129	161	143	138	222	199	210	244	236	231	195	132	136	122	136	148	178	130	155	147	155	155	123	118	91.3	118	130	129	154	163	133	138	136	149	232	196	180	151	134	133	116	117	110	120	115	99.4	97.9	46.2	55.3	58	65.6	71.3	87.8	122
259	244	236	208	219	240	253	349	447	381	259	236	257	258	209	235	259	241	259	235	225	193	191	213	164	144	159	195	167	148	198	196	235	249	206	189	219	190	176	192	258	271	236	189	216	275	264	247	256	242	264	218	210	229	275	279	182	140	138	125	118	120	106	111	109	126	112	119	120	116	159	196	213	304	281	241	212	171	142	136	134	164	181	175	143	168	160	159	121	156	97.9	104	126	106	124	111	115	156	151	136	162	155	161	144	118	126	157	143	146	114	113	115	99.4	48.7	36.9	47.3	50.2	53.6	102	114
212	256	210	222	230	254	286	344	416	320	297	252	222	249	215	210	265	270	270	231	157	180	166	160	151	162	171	181	173	148	188	218	218	226	222	218	207	219	163	222	294	296	223	155	155	229	218	236	225	219	214	179	189	241	276	272	213	169	145	98.4	93	97.7	109	140	123	121	149	126	98.8	93	90	149	197	245	194	193	235	169	127	121	120	186	170	196	172	177	156	110	122	212	181	112	144	121	115	128	111	103	145	207	151	143	141	176	141	191	157	128	117	82.8	96.7	113	92.8	59.5	55.1	52.5	68.9	70.9	96.8	113
202	235	258	256	240	263	293	281	276	302	333	334	267	258	215	206	239	263	291	214	210	209	168	153	176	172	211	204	185	169	200	201	197	205	206	210	203	160	138	201	193	154	142	161	149	164	219	262	263	220	184	182	209	370	289	234	197	195	197	177	119	109	116	180	133	134	99.3	111	96.9	101	113	140	220	144	157	152	154	155	169	150	156	150	158	144	132	104	142	119	139	192	150	145	124	135	144	119	121	125	146	189	136	127	128	145	141	126	107	119	99.3	80.1	69	77.5	64	83.9	67	63.2	79.2	89	87.4	127
228	214	258	274	272	258	304	269	295	316	303	310	255	234	217	300	225	232	260	253	205	190	156	149	186	172	216	232	240	162	183	184	249	241	203	214	174	126	124	139	144	127	126	186	118	135	146	200	229	201	168	150	206	281	251	256	261	310	240	193	159	130	131	181	198	184	147	116	111	126	164	172	178	200	165	145	142	158	179	175	167	203	183	167	164	161	166	166	215	204	216	175	184	170	224	130	105	124	141	155	117	118	124	115	113	113	151	127	83.3	94	74.6	65.1	95.3	76.9	70.5	80.7	114	83.5	90.8	125
200	247	244	281	252	246	256	267	269	341	289	255	251	229	236	283	218	208	221	220	185	214	160	141	179	176	178	177	146	148	207	223	247	261	217	204	203	161	157	167	171	156	158	202	132	112	110	192	259	172	203	111	197	213	188	178	234	268	222	141	158	153	181	214	195	214	196	155	139	129	159	154	164	159	170	148	123	120	142	169	190	165	198	189	194	316	206	198	144	217	281	233	201	191	182	137	120	134	144	113	102	100	90.5	112	103	102	108	103	80.1	116	78.6	75	98	87.3	108	101	115	81.2	88.5	114
211	249	229	255	279	277	254	240	218	252	238	277	234	220	231	226	243	209	219	204	201	274	194	134	143	161	159	136	140	128	143	168	178	199	186	153	125	111	211	200	163	173	142	210	152	133	117	163	198	152	212	103	138	158	160	134	212	234	148	154	181	136	136	139	132	183	219	173	200	169	168	167	151	182	253	135	154	155	134	127	154	215	183	224	209	210	135	127	136	180	205	228	198	156	157	129	124	110	121	179	105	84.8	142	132	128	140	109	86.2	78.4	121	96.6	116	86.6	107	180	143	126	94.9	117	142
186	215	221	238	252	243	255	243	219	222	216	263	263	202	233	207	216	212	196	202	184	174	121	139	134	162	179	167	159	152	165	190	171	146	159	162	126	152	196	183	189	163	121	143	113	102	128	221	206	165	176	141	167	161	159	126	158	151	155	113	110	102	128	120	139	172	201	187	166	140	176	188	175	190	198	149	178	188	106	73.8	88.6	105	150	191	149	151	134	118	130	165	167	210	189	178	172	128	125	123	141	122	140	153	120	134	124	117	106	75.9	104	102	97.4	126	88.6	116	170	109	102	91.7	125	230
173	190	225	238	236	216	190	217	209	212	247	278	283	221	249	257	287	201	163	152	157	149	128	117	123	145	167	183	160	187	124	144	123	131	137	149	146	145	154	152	175	138	115	112	83.9	103	136	216	259	208	192	208	168	142	144	131	137	157	170	159	128	92.7	112	150	151	229	176	259	201	188	211	172	135	168	194	112	122	134	105	70.3	92.2	66.8	83.1	154	149	140	115	116	160	138	128	180	178	185	196	121	153	135	179	131	148	130	122	124	127	117	119	74.3	81.7	115	95.9	93.1	73.7	91.9	74.6	64.2	82.9	108	116	159
165	187	200	214	259	233	202	180	207	212	234	292	235	187	208	205	200	135	147	113	113	149	133	114	154	166	145	148	151	162	116	99.8	117	167	169	135	133	110	119	152	132	124	121	161	146	133	175	180	149	178	156	174	163	137	171	140	127	130	151	132	131	114	95	139	136	124	127	162	179	166	204	182	133	137	134	135	142	150	129	109	83.7	88.4	79.8	101	124	113	101	150	207	139	113	146	196	211	164	122	142	149	179	139	204	175	140	111	122	91.1	84.4	103	94.6	70.4	79	77.4	66.6	71.8	145	54.4	71.5	103	113	138
141	149	210	234	240	210	200	190	206	202	206	253	247	240	236	177	186	156	184	146	128	159	176	146	157	160	155	153	154	145	118	127	217	156	155	180	129	103	89.6	118	119	121	123	148	153	167	145	143	151	177	204	214	226	172	143	142	110	149	163	180	149	112	82.9	77.2	95	108	156	184	197	176	244	243	190	174	168	207	186	185	278	219	194	143	110	101	98.2	111	113	194	140	128	108	133	162	181	187	157	152	164	189	157	164	158	167	105	96.3	88	92.4	95	84	81.6	77.4	88.8	58.4	69.5	74.2	61.1	65.9	73.1	83.6	91
188	173	249	209	188	175	196	203	209	222	212	162	201	234	207	160	128	110	124	160	172	168	194	163	164	182	174	137	138	144	126	98.8	156	156	161	202	153	111	101	117	117	139	111	126	170	148	142	232	203	210	185	198	202	166	119	123	151	173	218	278	241	130	108	92.7	72.9	98.2	107	151	197	219	226	256	216	226	157	154	180	175	156	141	174	178	128	113	138	153	144	167	223	146	125	138	180	191	195	173	201	192	244	165	131	140	138	120	102	84	92	121	107	100	97	95.9	71.9	77.9	68.7	70.6	65.7	68.9	73.2	69.6
174	188	283	191	174	161	167	182	190	172	212	159	140	205	190	139	128	96.7	121	162	141	138	170	185	190	180	157	150	162	165	161	133	204	186	179	174	141	137	110	108	117	139	95.8	89.4	125	160	177	241	207	158	136	169	210	161	112	89.5	109	126	200	202	161	126	110	105	89.2	104	116	138	168	157	173	170	199	202	241	145	145	131	147	118	127	161	136	110	119	129	193	296	161	143	144	147	123	178	188	195	256	267	247	185	141	131	126	113	99.8	81.1	90.7	172	106	92.4	109	76.1	76.1	89.7	53.7	100	63.6	66.3	53.9	56.8
175	193	168	200	200	183	183	163	165	147	174	162	120	166	176	190	195	145	152	175	171	173	176	195	205	190	160	150	165	275	205	208	218	186	152	169	152	125	118	131	97.1	85	88.4	114	158	212	170	230	238	182	161	123	155	119	128	82.7	107	109	137	96.8	117	170	163	120	112	129	140	150	141	136	130	167	189	243	184	147	165	145	133	116	134	127	111	141	149	152	189	197	139	215	187	116	160	200	189	186	175	181	228	170	152	131	105	116	97.3	83.2	78.6	121	109	95.2	81	55.9	45.3	41.3	39.3	93.7	77.9	85.3	132	94
167	157	147	202	190	179	199	177	172	148	131	152	140	162	198	190	181	153	157	170	221	217	224	189	203	191	138	130	210	186	176	223	200	177	139	144	139	141	112	135	114	86.4	102	139	122	157	145	187	151	157	187	126	97.9	109	125	85.8	91.5	74.4	77.2	68.3	93	97.2	157	179	149	136	108	139	134	158	132	131	179	173	152	141	157	147	129	123	150	144	118	152	165	167	213	227	158	173	137	115	188	184	174	193	175	184	204	142	141	145	112	111	97.1	101	104	109	84.2	81.4	82.8	57.1	50.8	41	39.2	60.4	64.6	98.5	156	118
102	108	114	183	195	209	210	234	175	169	145	132	118	140	194	229	186	163	159	168	186	188	194	206	196	215	167	136	184	135	214	168	139	164	217	162	127	178	136	135	84.8	92.3	101	134	150	122	112	119	118	137	146	144	149	154	135	88.4	111	83.4	85	70.9	78.3	82	127	175	161	130	125	149	155	238	158	133	164	159	169	175	148	163	157	231	206	205	208	193	188	172	195	189	151	130	162	157	154	177	172	183	194	188	205	195	205	162	152	112	81.6	99.7	96.5	110	101	89.5	70.9	57.8	60.1	57.1	49.8	66	77.3	112	119	103
102	99.6	94.6	123	156	199	207	199	149	138	122	110	112	140	170	184	147	136	143	140	153	183	231	227	215	206	199	179	187	133	163	140	113	144	202	158	144	151	158	151	94	121	115	136	148	154	170	156	138	127	140	150	146	152	122	86.9	86.9	91.1	114	124	119	89.8	87	180	134	94.3	120	150	151	159	149	140	204	148	159	174	157	159	150	201	197	222	234	287	207	174	194	200	151	127	157	148	139	137	165	148	143	157	238	203	182	197	173	115	93.5	103	94.5	126	140	104	76.9	54.9	68.1	82.4	93.3	87.5	81.8	105	95.7	94.2
116	128	115	105	148	175	182	174	175	121	123	88	92.7	100	135	123	146	137	129	141	162	149	184	174	189	183	194	206	203	161	148	129	102	117	139	152	159	127	157	160	125	158	178	169	125	141	140	150	131	136	134	144	116	116	105	73.8	114	116	117	108	102	74.6	82.3	185	137	101	75.2	121	128	140	153	150	153	130	143	161	195	166	140	154	191	206	210	241	210	174	140	122	104	134	124	152	163	151	113	148	153	152	169	171	136	157	170	126	97	124	106	97.9	103	100	92	102	92.5	100	99.3	87.2	69.4	77	101	129
130	152	148	100	123	121	122	169	146	160	137	90.4	101	85.7	116	96.5	99.8	102	110	133	151	165	151	146	154	173	180	188	224	172	146	149	104	102	133	111	141	145	196	161	148	214	180	264	173	159	124	92.5	116	136	119	121	150	137	118	98.9	109	121	112	79	79.6	80.2	80.5	112	90.1	81.8	66.7	110	103	99.5	166	196	155	139	137	169	179	161	161	167	176	202	204	206	179	163	140	149	173	145	92.9	150	122	183	130	204	161	144	125	131	121	106	137	149	98	101	163	128	97.3	92.1	86.1	74	79.8	62.7	66.4	84.7	104	81.1	89.9	114
176	146	113	103	94	96.7	104	120	150	152	141	101	148	109	113	139	107	104	114	109	130	119	125	180	119	184	176	179	184	185	143	183	115	97.3	121	137	125	161	183	261	123	168	218	183	127	123	127	147	151	158	127	164	149	120	98	123	140	139	151	104	77.2	82.6	80.8	100	116	75.3	66.2	73.9	86.1	104	120	162	157	153	196	185	202	171	184	189	140	144	190	204	162	155	142	195	253	157	102	91.1	132	110	166	203	145	117	102	122	123	118	109	125	90.6	77.8	94.9	113	102	84.4	60.5	76.4	82	87	76.2	90.7	93.1	79.1	77.6	113
181	199	156	132	136	142	143	119	109	131	103	99.5	86.3	95.9	143	116	92.2	111	108	117	110	102	119	135	109	129	153	138	125	143	123	130	136	129	112	149	142	107	114	151	128	146	231	179	120	104	117	155	149	162	141	166	165	135	168	135	123	139	134	87.1	81.8	80.8	70.8	80.5	73.3	82	72.5	74	133	78.7	93.6	90.7	109	124	171	176	175	216	241	180	123	125	156	167	159	149	127	159	186	164	129	124	110	108	181	226	146	111	116	149	149	125	111	116	87.4	65.5	87.9	125	107	88.7	74	77.3	72.9	69	63.5	109	89.7	61.8	57.5	107
139	230	208	171	137	129	147	121	112	118	107	83.7	92.6	89.2	115	107	94.4	104	92.4	88.3	101	100	98.2	94.1	112	92.4	123	99.8	98.6	110	124	172	171	138	128	177	148	142	112	134	99.1	99.1	146	158	162	147	128	117	146	144	165	162	193	165	196	162	185	203	178	153	98.4	95.7	99.2	152	109	74	72.7	96.9	99.8	91.5	130	107	85.6	149	135	178	141	177	197	197	178	210	179	244	185	126	112	134	109	197	207	176	171	105	135	102	148	137	138	137	112	98.8	99.7	77.3	57.5	49.7	77	116	93.9	94.9	74.6	65.4	53.8	59.6	87.8	115	94.8	76.7	62.2	82.3
116	209	215	197	158	142	152	157	200	156	137	98.5	122	138	155	154	109	90.8	74.5	69.2	85.6	103	83.4	49.8	74.6	65.6	76.6	82	85.1	100	108	139	157	162	133	170	153	129	110	126	108	92.1	131	146	175	196	131	101	144	125	138	150	211	188	175	164	218	276	195	159	114	110	116	136	119	141	90.9	142	102	125	133	105	108	114	113	104	107	134	135	158	164	184	192	153	252	188	121	116	112	187	198	145	130	109	111	90.5	127	140	145	110	85.9	70.7	71.5	71.6	65.7	69.1	65.6	91.3	94.1	80.5	75.3	59.9	45.6	52.3	77.3	96.6	103	96	63.1	68.4
74.8	111	172	239	78.8	90.9	106	215	242	281	247	105	170	179	148	168	121	121	90.8	112	118	102	85	73.3	77.3	95.6	89	58	54.4	73.2	89	113	172	193	125	144	127	112	126	111	124	90.1	91.2	149	189	172	123	118	124	118	80.1	123	187	197	169	150	174	161	186	151	219	128	79.2	99.7	86.9	108	105	118	126	108	112	120	134	125	107	89.8	98.5	127	150	118	124	152	176	131	99	91.5	94.1	85.7	90.7	104	98.7	96.9	72.1	66.5	115	113	139	118	111	82	76.1	64.6	96.7	74.7	108	91.8	81	102	88	79.3	69.7	66	65.8	54.4	55.3	68.9	85.9	90	66.4	71.8
49.7	55.7	75.7	142	72.1	58	82.2	147	226	334	269	216	134	105	96.5	102	98.5	113	99.2	109	149	135	83.1	61.3	74.7	86.1	80.9	60.4	64.8	89.2	94.8	125	177	153	108	142	109	102	115	117	129	102	99.2	135	158	159	141	112	83.6	95.4	104	140	181	200	210	137	137	152	159	113	126	116	107	145	89.7	79.9	105	153	155	107	108	112	87.3	116	121	68.9	64.5	97.5	165	143	124	125	117	99.6	89.2	74.1	84.3	83.6	79	88.4	88.7	81	79	75.9	69.4	82.8	77.1	107	101	100	77	113	95.8	68.1	66.6	77.1	92.5	102	116	92.5	79.4	89.1	76.8	52.4	52.5	61.6	67.7	75.7	86.9	95.4
48.4	50.6	47.7	83.6	58.2	56.9	69.4	104	211	311	244	210	148	109	77	112	97.5	111	105	83.3	118	120	99.2	61.7	60.3	66.7	86	47.7	84.5	102	74.8	97.2	133	145	131	112	102	89.3	82	81.2	88.6	85.8	78.8	144	199	167	118	124	86	149	129	166	185	159	175	153	140	139	149	103	96.3	114	129	111	88.3	127	117	136	125	95.8	85.8	88	85.1	97	118	83	80.7	78	135	89.8	93.9	90.8	100	90.8	80.1	79.2	70.2	82.7	67.1	74.4	94.3	110	94.1	123	87.3	105	79.1	79.6	81.3	73.6	103	88.7	64.3	50	50.6	64.2	98.2	118	106	110	91.2	75.7	72.5	48.5	60.2	85.7	83	72	96.1	152
52.9	51.4	55	68.4	69	66.2	46.2	82.4	168	200	172	222	171	117	96	117	191	123	109	128	130	101	97.3	56.9	53.4	59.5	63.1	64	55.1	65.7	74	85.8	92.8	92.7	64.8	83.6	84.9	88.1	73.6	68.2	67.1	87	88.5	127	115	88.5	88.9	103	85.4	105	118	169	174	163	185	149	127	138	151	156	114	87.6	92	91.3	102	92.5	137	122	107	107	97.6	112	118	98.6	99.7	111	105	86.1	82.1	66.7	70.9	74.9	81.4	74.5	93.5	76	59.9	69.4	80.8	67.5	82.3	126	99.1	135	95.9	68.5	66	72	68.7	117	66.6	59.5	48.4	39.6	52.3	56.1	81.4	104	102	93.6	73.4	69.1	56.6	58	60.8	83.7	84.5	86.9	82.6	117
30.8	30.4	40.5	72.8	51.4	37.5	21.6	28.2	60.3	70.2	101	103	88.6	97.8	125	137	96.6	134	136	146	130	101	117	105	106	116	133	154	91.7	78.2	73.7	66.9	77.1	89.3	67.7	84.2	90.6	73.1	75	67.7	69	86.2	77.9	75.3	73.2	71.9	44.5	77.7	86.1	72.3	93.2	128	189	180	131	130	138	150	136	104	93	87	105	90.8	119	83.1	117	97.4	74.3	79.6	91	98.3	89.8	97.1	94.2	116	100	79.2	88.6	70.1	86.3	90.1	94.4	72.7	88.3	88.2	68.8	69.5	72.3	63.1	70.2	84.2	66.3	84.2	68.8	72.8	92.6	104	92.2	142	81.5	79.6	49.7	47.7	40.4	59.6	84.6	132	122	90.3	69.8	72.4	67.8	60.3	69.7	82.6	81.6	67.3	58.3	93.3
18	20.4	32.8	94.1	82.4	34.6	31.1	29.6	33.5	47.6	76.2	67.9	88.1	112	106	130	102	109	103	128	126	99.3	129	122	131	148	142	116	97.6	89.1	74.6	64.7	75.3	70.4	67.8	80.7	89.3	85	87.4	108	111	72.1	59.3	71.1	74.9	73.3	45.5	77.2	91.4	78.7	94.1	169	183	158	149	145	141	132	115	95.3	107	100	109	88.3	92	106	117	85.1	76.9	68.4	74.2	91.3	82	106	120	150	148	105	85.5	79.2	89.3	68.6	67	62.1	79.8	69.9	71.8	90.8	74.8	69.7	64.9	58	66	70.1	73.8	102	113	76.1	100	69.6	94.2	87.8	68.2	65.1	53.1	41.6	92.9	130	126	81.9	68.2	58.4	64.1	51.6	40.7	49	58.7	81.1	73.9	90.5
26.3	27.1	37.3	31.5	36.5	37.6	46.1	25.6	21.9	32.1	60.1	64.7	60.1	78.9	137	159	143	118	108	136	113	108	128	152	153	151	139	132	104	88.4	93.1	69.6	72.4	68	73	75.3	82.1	84.1	84.8	106	101	63.5	60.4	68.4	74.1	47	58.7	96.3	81.7	79.6	98.1	164	126	131	162	157	165	151	124	104	86.8	99.9	86.8	83.4	102	101	94.1	77.4	71.6	71.9	72.7	81.1	94.7	121	120	133	161	147	108	86.5	77.2	81.1	75.6	59.6	90.2	74.4	71	73.4	82.6	109	62.7	56.4	58.7	59.8	69.5	111	117	88.4	52.5	58.6	128	86.6	54.4	71.7	73	53.4	43.9	46.4	63.7	67.5	56.3	53	57.1	41.3	36	52.8	71.4	86.2	104	108
29.3	34.5	32	18.9	20.5	37	44	36.7	29.2	34.2	54.6	93.5	37.6	63.5	70	115	139	154	137	154	127	112	134	208	214	162	139	132	142	115	113	81.1	87.8	85.2	91.8	78.8	97.9	76.8	74.9	68.2	77	61.1	52.7	67	76.9	45.6	48.9	106	95.1	80.2	88.6	115	97	94.1	113	135	161	120	154	140	100	98.5	124	124	99.6	67.8	55	55.7	56.2	63.6	74.9	91.4	108	104	95.9	122	203	159	108	74	62.6	72	77.8	73.8	73.8	87.6	78.2	72.2	66.1	70	50.6	49.3	39.3	37.1	69.4	185	186	122	107	53.9	55.4	43.6	43.5	40.1	57.2	38.1	33.4	63.2	66.2	48.3	53.7	43.5	55.6	57.8	46.3	73.8	83.6	93.9	74.6	65.6
17.6	22.4	36.5	16.2	12	13.4	19.9	19.2	19.6	20.1	22.2	52.6	46.5	31.3	39.6	61.1	76.3	93.9	94.9	114	113	106	115	180	182	172	165	224	272	217	146	74.2	80	92.8	104	82.1	80.5	78	64.9	44.5	70.5	59.1	43.8	36.7	51.7	57.7	49	51.2	58.6	70	109	129	94.2	68.5	66.2	81.4	119	116	139	170	116	108	111	78.8	53.9	47.7	45.9	49	86.9	72.9	72.1	84.9	85.4	99	80.7	110	139	131	113	97.5	83.8	85	79.5	60.6	59.4	91.4	90.4	78	61.6	54.7	50.6	31.6	56.6	32	60.8	174	121	133	91.8	60.9	41	35.5	38.5	40.6	41.5	25.1	47.9	71.3	62.5	36.9	28.9	31.2	27	29.6	40.4	53.1	76.1	66.5	51.5	53.3
15.4	20.9	19.7	24.8	17	16.3	15.8	16.9	20.7	25.7	30.7	35.1	30.8	27.1	31.9	45.6	39.4	51.7	79.6	94.5	99	105	140	186	216	183	182	280	257	229	162	86.5	78.7	102	98.7	49.5	54.9	50.5	47.1	43.5	45.4	38.9	34	41	44	57.1	62.9	55.6	52.3	62.1	73.8	92.6	110	92.9	77.3	71.7	115	140	123	186	192	131	84.1	48.2	59.1	77.8	76	49.8	55.2	69.8	70.1	76.9	80.9	78.8	91.2	103	112	118	130	124	93.5	109	83.6	70	52.2	69.5	116	93.5	67.5	43.4	40.7	28.7	34.3	40.2	37.6	62.7	112	120	92.1	79.2	40.8	39.8	70.4	59	54.2	30.8	66.9	31.9	30.7	36.4	37.9	32.7	34.5	25.8	21.7	46.8	57.3	47	51.9	47.4
15.5	18.7	16.7	15.4	19.2	23.3	21.3	18.3	21.6	28.7	33.2	37.4	35.3	27.5	41.2	45.6	39.9	78.6	102	75.2	94.6	108	138	183	201	191	182	232	262	199	159	93.6	81.8	89.8	86.1	49.9	50.9	55	40	43	67.6	45	49.9	54.2	38.8	58.9	83.1	53.1	45.3	55.5	74.2	73.9	85.8	105	118	110	115	103	130	153	161	104	71.8	84.8	126	188	111	58.9	71	67.3	80.8	89.2	77.3	64.3	75.6	89.6	101	94.4	115	126	89.5	103	93.8	69.3	55.6	42.5	64.5	54.5	63.8	79	35.1	35.3	60.6	47.3	40.9	41.5	96.5	82.6	54.5	42.5	38.7	42.7	67.6	61.3	34.7	31.2	63.5	59.3	45.3	35.7	27.4	25.7	23.1	17.3	16.4	19.8	28.9	28.6	32.5	43.9
17.4	36.3	28.1	18.2	16	13.7	15.4	17.1	15.4	13.3	26	26.6	23.8	34	38.7	48.1	44.2	53.3	90.5	99.7	127	110	114	155	169	176	186	214	203	189	171	112	99.1	73.6	68.7	53.4	46	55.2	43.8	39.3	58.3	48.2	65.9	42.5	28.2	33.6	60.3	58.4	49.8	46.8	62.7	65.5	66.9	105	145	127	138	105	113	116	96.9	91.4	71.7	100	87.5	93.3	68.7	56.2	56.7	82.3	73.3	85.1	68.5	68.8	60.4	93.9	92.6	84.5	89	124	121	151	165	70.3	66.6	32.7	41.1	37.3	37.6	45.2	37.3	34.6	49.7	47.5	42.8	44.4	84.2	48.5	40.7	40.7	38	63.3	63.8	43.2	34.1	31.3	26.8	59.2	47.6	34.7	26.5	24.9	33.1	29.4	17.1	30.6	30.7	31.5	26.1	31.5
16.8	35.2	31.6	20	14.4	13.8	11.8	11.4	14	14	15.7	21.1	21.9	34.4	30.2	38.7	36.4	45.8	51.4	60.5	107	120	95	115	123	156	164	174	132	130	122	106	108	82.4	59.8	53.3	37.4	43.4	38.7	37.6	41.5	36.6	40.3	44.6	36.4	31.3	40.7	43.2	41.4	38.5	36.4	34.7	51.1	70.5	116	120	97.9	68.4	59.1	65	48.9	60.7	45.7	41.5	42.6	42.5	46.1	45.1	47.7	59.3	72	82.8	74.8	86.8	70.2	113	98.1	92.7	99	117	117	137	138	72.1	66.1	51.4	43.6	56.8	50	39.5	40.9	59.2	49.4	57.4	54.7	64	77.3	54.8	71.9	46.1	46.9	52.3	60.3	67.3	53.1	50.9	46.7	41.3	27.7	24.3	21.9	25.7	28.2	27.4	14.6	34.5	33.3	31.9	26.9	22.4
14.4	14.5	15.5	20.5	34.5	10	13.7	10.9	12.5	23.4	26.8	34.9	35.7	31.2	33.2	30.5	33.2	42.1	43.7	51.4	86.1	108	119	122	116	145	146	201	128	130	112	100	96.7	72.1	62.3	45.8	34.9	33.7	41	43.9	29.1	30.6	41.4	56.3	42.9	49.9	39.9	46.6	41	32.7	32.4	24.3	29.1	57.4	109	109	82	79.4	84.7	70.8	59.8	43.6	49.6	34.5	40.3	42.3	42.4	45.3	57	79.9	114	103	82.4	85.3	89.3	95	115	197	109	132	127	132	102	69.5	68.2	65.6	54.7	51.2	45.7	36.9	34	34.2	36.2	47.8	46.2	63.1	63.9	78	49.9	46.3	54	52	56.5	59.8	53.4	58.8	62.2	46.2	27.4	30	23.5	42.4	34	53.2	31.6	22.6	32.6	29	29.1	33.4
2.2	3.46	8.91	8.7	44.1	5.8	5.55	18.9	9.8	9.82	17.7	26.8	27.3	37.8	34.9	27.8	29.8	28.6	34.6	50.5	103	105	138	156	120	114	133	204	176	132	125	90.2	92.6	84.1	75.3	42.9	41.2	38.9	38.8	56.7	50.7	33.6	29.3	51.3	47.2	42.8	40.3	36.1	45.8	42.8	50.4	33.5	36.6	58.3	73.5	91	92.6	91.8	74.1	61.8	43.6	42.3	60.2	45.7	26.3	37.1	53.1	60.4	59.8	68.3	113	111	83.7	89.9	97.9	141	144	118	95.1	117	93.2	106	96.8	51	57.1	53.3	49.7	52.4	40	33.7	30.9	37.1	36.1	29.1	35	57.6	70.9	75.6	63.1	52.9	53.9	56.6	61.8	65.6	58.8	50.7	50.8	26.1	18.8	16.9	17.3	30.3	23.9	12.5	15.4	16.8	14.5	14.2	23.3	34.8
2.19	1.25	3.03	3.13	2.63	2.57	3.45	17.8	13.6	10.3	18	28	22.9	26.8	25.1	29.8	24.4	25.8	27.6	37.4	105	119	91.5	109	117	101	96.4	156	161	176	155	101	85	69.2	77.8	55.9	45.5	50.6	54.3	36	39.2	33.2	30.4	44.5	49.2	37.8	38.2	29.3	37.4	47.1	34.2	53.8	53.2	89.6	63.7	62.8	123	114	118	63.8	46	57.5	57.5	36.1	21.1	27.6	34.5	49.9	69.4	78.9	77.5	92.4	109	105	90.8	121	132	95.7	114	98.1	88.9	62.1	80	51.8	54	49.5	61.2	46.9	36.3	38.6	31	34.4	27.6	34.7	34	53.4	60.9	76.5	98.6	54.9	61.4	61.9	61.6	67.3	59.7	58.6	36.6	25.8	19.4	18.2	15.9	38	20.4	12	11.9	16.4	11.7	12.7	17.3	23.7
0.284	0.931	0.544	0.881	0.718	0.92	0.935	2.46	4.08	5.68	11.3	30.9	14.3	29.1	24.4	36.1	28.3	15.5	22.9	31	41.5	75.3	61.9	81.3	70.6	87.5	77.6	109	170	178	181	134	105	68	56.8	66.5	51.4	53.2	55	51.7	48.3	43.9	35	35.9	51.3	36	34.1	32	28.2	38.1	45.2	67.6	70	81.5	79.9	52	79.2	78.9	96.1	49.3	37.8	36.8	36.6	23.3	37.2	70.4	27.9	37.5	58.7	103	89.7	79.3	83.4	89.8	106	87.8	103	86.9	92.9	99.2	102	72.6	68.8	70.8	101	123	129	94.6	85.8	67.6	57.7	39.1	35.6	58.9	41.3	39.7	68.3	75.4	76.2	67.7	66	60.3	67.3	67.1	63.8	61.7	58.5	37.6	48.8	27.8	22.4	25	18.8	13.2	14	15.6	27	23.3	18.4	21
0.154	0.108	0.113	0.315	0.371	0.311	0.337	0.589	0.799	2.83	5.03	28	23.4	29	32.1	20.5	29	22.6	20.5	37.3	33.8	43.3	54.1	76.1	56.5	55.4	52.9	91.5	93.7	133	156	169	170	111	75	76.9	62.4	62.4	52.8	53.6	46.6	35.9	35.5	32.5	37.7	36.4	31.1	30.1	34.2	57.3	54.5	63.3	79.2	101	66.9	61.4	102	87.8	57.3	46.4	36.6	35.8	25.8	19.9	22.5	33.1	31.2	45.6	51.6	80.3	92.4	87.9	115	94.2	69.5	70.7	83	72.1	65.9	93.7	97.1	74.5	71.9	40.9	67.1	108	159	124	108	71.5	63.2	45.8	30.8	26.8	36.3	40.7	43.7	56.6	68.2	68	59.1	57	69.3	72.1	66.5	59.8	49.7	32.1	27.1	33.6	19.3	19.8	13.9	11.6	13.7	18.1	28.4	50.8	35.4	30.2
0.0625	0.0329	0.0298	0.0951	0.154	0.201	0.2	0.447	0.324	0.611	6.1	39.7	32.4	30.7	20.6	28.9	21.2	19.6	16.1	26.8	28.8	51.7	65.6	120	56.5	48.9	47.4	63.1	63.8	78.1	101	134	169	141	97	90.1	90.1	82.5	54.7	52.8	46.2	34.3	31.8	33.8	32.7	35.2	32.6	28.7	34	41.5	50.6	60.3	85.9	132	114	62.4	71.2	62.3	48.3	60.7	36.9	31.9	28.3	23.3	27.8	29.3	38.5	47.4	41.4	51.6	64.8	78.5	88.7	68.8	53.5	63.7	76.6	69.3	60.7	81.6	86.9	95.6	64.2	43.8	35.1	59	84.9	78.4	54.7	55	73.5	39.5	34.7	58.6	44.4	44	46.6	44.5	64.2	64.7	62.9	64.7	67.5	60.3	57.7	45.6	42.6	30.8	20	21.2	15.9	10.5	16	15	18.4	21.1	25	25	22.5	21.8
0.0484	0.0235	0.0211	0.0508	0.0859	0.139	0.0708	0.224	0.369	0.582	0.973	2.73	25.3	11.8	12.8	31.3	29.6	23.1	18.5	24.4	26.8	34.1	45.4	44.6	46	144	40.3	51.8	59.8	75.5	68.5	92	139	199	158	168	121	100	79.4	62.6	64.8	40.8	30.8	34.8	29.6	30.8	33.8	30.5	29.4	33.5	58.1	80.8	80.1	136	101	69.7	72.6	59.1	61.9	68.2	41.7	30.8	29	28	28.2	37.9	42.6	50.6	51.7	46.7	53.1	64.7	69.6	64.4	62.6	80.1	75.9	76.7	98.3	83	61.8	71.4	93	68.9	23.4	16.7	34.7	52.7	36.6	24.5	34.6	70.8	54.9	97.5	59.5	39.3	32.6	47	77.5	57.6	53.9	71.8	66.7	59.3	52.8	38.9	34.3	26.7	21.3	18.7	15.8	18.1	24.1	14.5	16.3	18.9	18.8	19.6	27	17.6
0.404	0.328	0.0252	0	0	0.0194	0	0.0713	0.143	0.119	0.206	1.09	2.61	5.02	5.05	11.9	14.1	14.4	15	19.1	20	24.7	27.3	28.6	27.9	51.6	33.6	32.5	43.7	50.3	46.4	67.9	114	165	172	149	145	111	72.8	44.7	41.2	40.3	33.1	27.1	32.1	32.4	32.2	36.1	34	39.6	43.1	57	55	68.2	88.8	80.7	78.8	68.2	76.3	82.7	47.1	33.6	57.6	68.9	53.5	41.1	45.6	66	59.4	61.3	46.2	52.3	77.8	79.8	68.8	88.4	85.9	90.4	112	155	115	83.8	64.2	71.2	47.1	24.1	18.3	64	73.4	59.8	47.5	68.2	67	58.4	76.4	47.8	42.2	66.7	48.9	41.8	48.3	52	47.8	44.6	37.9	34.4	24.3	21.7	20.1	21	19	18.3	20	14.7	19	25.7	26.7	18.9	19.6	21.6
0.531	0.835	0.328	0	0	0	0	0.00324	0.00422	0.224	0.127	0.775	0.691	1.24	2.19	9.1	11.9	13.7	16	16.6	16.8	24.3	24.9	22.9	23	25.7	26.8	24.9	31.2	34.6	37.2	50.5	84.6	139	211	227	166	136	77.4	54.3	41.8	43.1	39.2	38.5	44.1	68.3	50.3	40.7	40.7	48.5	51.3	57.5	64.7	62.4	76.1	79.4	70.4	69.4	67.3	53.6	31.4	33.6	35.9	44.2	55.8	53.1	59.6	71.1	72.1	79.7	56.4	55.1	64.1	77.2	59.2	81.3	97.1	118	105	97.1	120	83.6	71.4	87.7	56.1	30.8	81.4	73.5	75	60	101	94.1	68.3	64.3	76.7	72.7	68.9	38.9	39.1	39.5	37.6	36.3	38.8	40.6	40.6	45	30.1	28.4	31.7	27.8	20	17.1	17.8	15.9	17.9	24.9	25	27.9	23.4	22.5
0.303	0.531	1.81	0	0	0	0	0.000609	0.0247	0.00373	0.115	0.23	0.332	0.523	1.43	10.3	6.08	8.96	12.1	16.6	17.1	21.8	20.8	21.5	24.5	25	25.3	25.9	23.4	23.4	26.3	40.2	54.9	88.5	121	212	148	140	123	77.6	52.3	45.4	36.8	33.5	48.3	65.1	94.9	53.5	55.3	52.5	62.4	58.2	70.6	75.8	64	62.6	59.3	55.7	56.5	45.5	36.1	31.7	27.6	44.2	48.6	45.7	49.2	80.6	82.5	78.3	69.5	51.9	52.2	67.5	88.3	127	111	138	92	84.2	105	55.7	63.7	46.6	55.1	47.8	50.1	37.3	42.4	58.2	82	90.4	56.3	55.6	66.4	61.5	37.4	29	44	31.7	30	28.6	29.1	38.7	51.7	24.9	32.3	32.2	28.7	27	19.8	17.9	19.8	37.2	26.8	22	26.3	31.1	27.6	25.8
0	0.0504	0.733	0.191	0	0.0239	0	0.000596	0.000755	0.00297	0.0336	0.142	0.21	0.339	0.73	2.52	4.04	5.92	8.92	14.5	15.9	23	26.1	23.2	22.5	24.6	25.7	28.4	23.8	25.6	35.5	33.6	54.6	60.5	78.5	91.8	105	116	123	99.8	82.5	48.1	35.4	26.1	31.6	49.8	91.1	74.4	61.5	55.1	65.9	99.8	90.8	91.3	79.4	76.3	61.2	59.4	53.2	33.8	35.7	25.5	19.7	36.5	27.9	34.8	38.1	65.5	70.7	51	63.1	81.5	53	73.9	103	118	103	106	75.4	87.8	96.8	82.8	123	83.7	51	101	66.4	60.4	89.8	67.7	96.1	86.8	61.1	56.2	88.7	40.8	54	50.8	41.3	27.9	28.4	23.5	24.1	27.8	29.9	28.9	21.1	18.7	21.1	26.7	26.1	19.7	23.9	36.2	30.8	27.7	36.4	38.5	33.8	32.8
