14.7	27.4	40.4	60.8	65.6	79.8	56.4	29.5	25	30.3	40.6	56	66.6	43.8	43.5	37.1	43.9	58.6	51	53.8	72.4	57.2	77	63.4	85.1	88.9	91.1	81.8	104	118	121	203	159	81.5	80.6	93.5	99.3	104	102	144	150	187	177	167	148	119	128	120	124	95.3	90	79.9	68.5	61.9	61.1	73	74.3	106	125	159	149	146	216	182	185	202	252	292	371	308	184	189	311	221	214	214	221	239	276	236	265	235	158	219	208	205	181	133	120	126	163	81.1	64.8	62.9	67.7	69.2	72	80.9	81.7	82.4	74.9	81.3	66.5	70.9	89.1	63.1	58	27.8	29.6	23.3	29.6	23.8	32.3	50.5	70.9	41.5	38.4	38.1	35.4	49.1
19.7	41.2	57.2	53	52.3	66.5	52.7	41.4	44	44.1	55.8	111	91.3	54.7	60.2	66.2	70.2	66.7	72.7	71	70.5	81.4	90.9	102	131	134	105	85.5	95.8	112	131	138	110	85.4	76	86.5	104	127	144	147	163	225	193	176	144	136	154	118	105	81	69.3	84.2	64.4	59.2	58	70.8	52.3	70.4	128	135	120	133	153	165	176	198	246	215	237	238	186	167	197	170	154	165	182	206	293	299	250	213	213	257	245	253	224	211	163	177	193	98.2	84.6	96.6	101	108	105	115	117	137	126	111	107	113	119	102	83.1	52.4	52.3	74.2	73.7	60.4	64.5	54.8	59.6	56.3	64.3	47.7	57.6	64
36	56.9	57.3	57	60.9	63.8	57.9	58.5	66.3	59.1	72.6	122	98.4	93.8	87.9	97.7	69.2	70.5	93.5	79.5	102	120	116	108	129	158	113	115	134	93	81.7	91.3	108	86	63.2	74.6	111	123	134	150	154	144	185	158	144	182	145	118	87.7	73.6	69.9	86.7	82.7	48.6	60.6	74.4	60.5	94.5	125	153	149	159	195	219	202	224	244	249	210	216	221	215	196	202	173	155	173	187	226	265	249	238	235	273	277	320	250	257	221	198	181	95.9	66.3	87.7	118	134	127	149	172	180	167	132	162	167	175	152	115	108	94.4	105	112	103	85.5	97.8	107	97.4	93.1	80.6	111	116
68.6	95.7	100	84.5	85	102	74	63.9	77.4	80.1	121	143	148	123	76.3	85	81	80.4	89.5	95.7	91	109	135	152	137	116	129	115	122	105	85.6	113	148	127	75.6	77.7	105	113	121	134	150	157	160	135	132	128	145	129	138	68.8	67.5	106	70.3	45.6	82.5	62.7	73.5	84.9	101	120	152	150	179	216	218	237	237	274	278	264	236	227	203	202	198	196	186	263	263	277	199	182	194	269	285	351	347	302	272	204	193	132	114	110	120	116	125	170	183	196	180	161	176	194	190	165	175	167	124	138	129	117	107	116	144	137	122	119	149	147
88.1	85.8	133	102	121	101	88.9	78.9	71.9	91.3	117	182	145	105	82.3	84.7	98.2	95.2	90.3	94.1	108	127	156	152	127	126	156	144	113	120	110	154	162	139	148	97.8	100	120	99.7	94.6	122	86.1	119	108	121	101	147	188	152	95.4	61.5	117	63.3	53.1	68.7	64.7	78.4	84.9	91.1	134	151	159	159	204	231	302	229	325	312	219	227	227	263	215	194	257	304	315	286	236	204	154	187	247	270	330	382	348	268	232	218	155	137	156	168	144	138	156	150	161	142	175	205	208	199	169	198	216	214	225	192	169	157	167	174	154	136	165	186	152
110	118	152	145	135	110	132	96.8	86.3	68.5	92	86.8	103	91.1	89.5	67.1	93.7	75	100	142	163	174	208	191	201	168	172	164	125	118	138	138	125	114	133	146	96.9	98	87.9	94.4	116	108	145	94.4	93.8	96.6	187	145	107	87.9	67.6	54.5	60	64.2	65	41.5	64.9	78.2	100	105	110	132	164	173	225	239	186	220	242	206	245	216	222	225	191	260	229	212	189	242	188	170	177	214	227	305	312	361	311	221	181	140	141	153	196	161	131	122	153	180	157	163	229	215	202	198	200	252	287	311	289	266	246	248	255	242	208	186	209	188
122	132	140	120	126	122	165	110	80.5	71.9	43.9	80.2	101	78.6	93.5	105	93.6	83.5	114	167	160	174	239	236	235	204	173	181	138	138	186	138	151	139	149	189	101	84.8	92.6	134	122	112	160	110	104	108	166	172	124	79.2	87.3	63	77.2	70.5	58	49.2	76.5	80.7	102	96.3	119	139	163	171	233	226	208	297	301	246	235	209	226	184	241	183	186	187	216	269	190	230	193	261	299	350	316	407	447	395	268	160	166	173	173	130	122	140	152	145	185	212	198	211	190	168	196	249	364	324	276	295	263	289	275	280	244	235	278	289
148	147	168	135	133	152	180	82.3	67.5	53.4	54.7	78.6	105	103	108	110	120	110	117	181	161	176	224	215	238	248	220	170	152	124	145	153	158	151	162	191	94	73.5	74.6	129	113	107	172	135	121	132	173	160	157	129	121	103	84.6	70.3	53.4	48.7	75.7	80.8	73.7	87.6	120	157	169	176	219	208	233	292	226	203	184	288	286	251	255	190	200	205	294	330	249	278	285	268	330	333	348	441	487	476	355	395	286	227	193	170	131	146	160	201	206	281	268	225	176	189	230	247	296	280	292	297	292	277	289	233	243	292	366	408
140	138	163	111	119	135	120	86.5	55.9	65.5	67.8	93.9	112	120	122	128	113	138	115	159	146	155	193	200	244	269	294	245	206	167	172	175	147	135	145	138	137	102	59.7	105	80	110	165	140	150	159	158	164	185	151	171	109	83.4	61.6	57.4	54.6	66.9	74	62.3	83.5	147	159	150	171	204	272	236	242	169	189	205	234	251	250	215	215	217	312	386	337	306	290	342	327	403	411	416	547	622	496	429	435	420	312	243	226	240	249	231	251	249	316	304	260	211	262	257	239	281	323	333	301	315	259	278	259	276	294	316	327
150	169	187	126	143	135	148	99.2	69.6	82.1	92.3	155	127	155	135	149	124	118	135	139	124	122	137	187	225	276	300	256	225	237	168	136	127	115	118	104	141	128	52.8	44.8	61.1	118	151	132	130	148	159	142	139	116	121	97.9	89.5	68.5	64.3	48.4	47.9	50.1	67.1	92.1	110	143	122	146	189	231	222	187	205	199	178	257	268	220	163	189	223	277	250	269	297	334	350	362	348	332	385	548	560	559	499	479	509	419	371	413	404	454	380	393	373	363	352	213	190	212	230	261	301	344	342	275	282	279	344	299	280	307	312	281
174	244	251	160	162	129	161	100	91	86.9	114	139	133	156	120	139	155	131	132	131	133	118	129	163	188	242	288	275	227	244	154	137	118	137	135	142	127	94	66.3	58.3	69.4	101	125	117	120	155	155	138	136	112	97.7	86.6	80.6	95.8	92.6	52	85.2	62.9	105	139	122	149	133	145	183	184	201	158	209	167	216	287	213	223	232	219	247	266	295	347	344	344	323	262	255	274	338	479	599	606	653	517	627	555	487	537	483	495	543	447	410	339	280	230	272	261	242	296	308	314	317	269	289	316	390	318	284	300	312	281
155	226	232	188	174	147	167	143	149	132	156	127	105	141	120	132	133	114	147	142	116	143	181	174	167	197	217	264	236	217	161	144	124	147	160	209	122	95	84.5	88.1	86.8	86.7	117	106	118	177	228	165	143	128	88.6	75.4	93.8	107	101	65.4	58.4	83.7	123	141	118	153	144	149	159	148	152	159	204	165	226	202	211	221	248	306	318	338	365	362	333	294	269	262	256	341	354	441	525	587	746	764	815	894	583	482	548	578	510	430	457	422	334	265	302	300	311	308	295	304	311	272	269	296	330	330	350	371	310	329
153	207	197	162	107	178	224	201	170	141	183	142	107	145	131	145	108	127	89.7	142	138	134	132	177	187	164	187	235	256	226	224	156	145	141	149	145	123	123	93.8	123	141	124	162	133	131	173	223	165	171	129	97.2	83.7	120	119	82.7	73.4	87	112	139	135	145	139	171	172	146	154	141	171	221	190	181	181	192	219	275	320	350	374	410	369	304	272	239	268	283	350	317	370	483	565	825	1.1e+03	984	972	745	719	644	669	637	612	565	585	392	375	362	359	376	336	351	395	405	336	307	305	300	298	348	353	326	353
174	188	176	142	162	168	237	174	167	173	171	153	111	112	81.5	109	93	83	74.4	125	136	131	136	141	164	191	180	208	200	214	249	192	182	153	158	122	115	113	94.3	114	126	122	125	107	118	129	134	114	166	143	79.8	109	117	121	90.8	91.4	121	159	204	165	145	179	202	178	184	201	143	171	208	189	179	216	189	201	259	315	370	461	461	326	307	249	219	248	276	372	279	321	354	420	558	804	805	785	753	690	698	531	489	488	533	603	393	396	455	502	449	450	479	453	403	373	319	276	304	286	290	288	315	308
188	208	181	206	281	241	221	136	199	195	138	130	93.8	109	84	105	99.2	90.1	77.6	138	141	192	228	193	170	186	169	181	198	226	241	194	168	117	117	122	111	115	99.3	106	142	152	149	118	140	161	173	163	138	144	114	90.2	119	126	130	144	153	148	173	160	226	268	163	158	199	207	177	172	188	210	262	318	243	216	281	348	355	328	370	317	324	259	263	282	272	296	272	293	358	386	431	487	586	582	592	614	656	525	464	438	485	501	387	388	447	464	459	443	418	403	359	325	285	330	325	284	289	261	275	312
209	244	236	222	307	307	237	168	203	185	141	149	115	122	96.5	131	118	123	131	174	236	244	202	199	175	191	175	194	222	215	203	169	158	167	159	155	139	137	132	143	180	190	188	178	158	181	174	161	139	131	121	101	149	147	128	174	184	144	144	154	211	274	209	240	245	253	207	192	192	207	230	234	223	218	269	300	328	332	321	333	320	251	258	264	240	229	264	308	389	482	427	419	448	519	651	577	651	607	528	437	472	604	561	411	470	428	371	349	377	379	327	318	340	358	305	270	252	262	294	314
162	203	242	206	273	216	185	197	206	158	161	149	141	127	100	141	140	170	191	284	267	256	195	202	217	232	248	215	200	175	172	126	119	121	154	171	147	122	131	139	197	204	187	197	214	200	216	185	150	148	143	128	128	128	125	158	207	189	178	182	220	181	200	236	304	248	195	198	243	260	238	219	245	351	320	263	317	376	293	308	281	241	248	301	205	255	263	345	394	427	361	433	414	516	706	558	575	564	529	484	462	538	431	372	360	379	374	374	444	393	374	390	426	392	338	307	333	330	311	324
186	202	190	154	185	186	204	187	200	161	162	157	162	146	110	145	157	153	154	167	177	217	178	161	169	198	193	172	166	145	153	153	137	115	130	133	135	150	216	154	208	228	202	220	200	211	195	181	119	112	149	125	129	161	162	202	218	222	210	168	171	172	202	212	199	216	218	215	230	221	268	274	255	260	225	242	273	281	247	260	255	249	287	216	212	230	304	304	287	280	287	360	433	507	510	610	608	565	541	407	451	539	415	352	342	370	436	414	409	378	424	440	432	383	374	383	409	396	368	299
206	263	256	208	194	198	174	160	171	181	180	229	236	182	147	131	121	153	127	128	147	172	182	201	159	124	148	150	162	186	188	171	179	131	118	131	155	176	216	177	195	201	234	203	189	181	151	135	149	120	150	171	147	178	217	196	190	184	196	186	202	246	289	230	173	181	209	240	292	293	271	281	246	254	303	335	355	364	261	331	282	236	257	202	217	217	293	294	294	257	264	354	456	511	492	531	660	468	500	379	349	430	528	448	394	398	404	392	432	417	467	453	452	409	422	380	399	370	323	279
213	281	268	231	237	246	160	137	136	156	192	165	201	201	196	146	125	106	120	131	121	127	104	137	158	149	147	156	161	215	221	158	190	143	138	138	155	175	220	177	209	228	196	198	169	162	138	159	148	127	161	223	173	198	181	174	187	217	194	192	184	187	246	229	208	187	243	259	321	329	250	264	238	270	291	353	293	336	276	275	262	219	198	187	213	222	226	276	289	278	248	298	393	551	534	466	561	558	554	443	410	466	561	505	492	525	460	459	490	414	359	329	387	401	421	415	373	341	258	231
241	236	256	317	327	248	230	164	159	167	167	157	144	182	193	134	140	114	125	219	141	132	92.7	132	171	120	136	165	173	194	188	157	148	160	140	164	188	192	185	180	214	192	176	166	158	150	154	188	178	202	179	187	231	214	220	201	201	203	202	195	199	199	204	211	217	221	249	274	303	272	231	274	286	318	322	362	319	306	278	263	280	254	243	223	249	238	215	273	249	262	229	211	264	360	346	371	338	446	562	424	396	426	465	444	461	439	362	407	442	454	404	334	323	383	385	366	298	238	245	236
225	221	262	304	260	233	259	176	184	189	167	137	134	139	167	197	200	133	139	132	123	144	150	162	153	110	126	212	223	179	188	179	140	144	169	154	167	169	157	212	228	234	224	223	185	187	183	200	233	258	247	354	305	276	259	193	190	185	215	192	223	238	253	251	255	261	304	275	305	299	301	306	342	368	326	310	299	309	265	216	270	241	269	270	230	212	212	259	211	198	227	219	212	258	304	316	349	382	417	404	413	361	351	339	365	369	361	344	385	434	400	349	343	372	429	380	314	274	285	298
201	212	272	264	203	199	223	199	201	185	185	169	139	127	117	97.1	158	172	136	161	111	121	128	157	169	144	192	229	186	205	227	191	125	181	129	123	128	133	148	212	226	202	193	193	205	190	198	205	299	261	328	397	286	291	214	192	219	224	203	232	293	306	343	299	325	327	295	281	297	268	264	271	305	266	243	270	252	256	234	196	216	247	252	251	243	263	292	272	215	222	248	229	252	299	309	346	321	383	394	367	321	350	330	331	368	387	348	311	333	326	325	381	426	400	374	369	355	326	294	264
160	217	262	234	210	208	207	202	194	159	178	154	144	109	96.1	92.8	154	181	138	132	101	136	138	175	204	172	189	227	250	179	207	227	197	141	172	122	128	140	188	220	221	210	225	214	219	212	240	220	250	195	225	315	285	283	216	217	246	242	262	250	316	355	342	265	275	300	277	261	239	278	251	235	249	230	217	236	237	240	236	251	243	256	253	262	253	332	360	353	274	233	231	233	312	317	333	354	343	388	406	360	333	343	359	352	413	433	405	415	395	357	378	387	351	308	314	329	329	277	241	217
209	218	252	199	192	200	193	172	181	163	182	157	122	107	103	108	152	220	194	123	102	151	213	178	176	184	224	238	242	212	246	215	170	151	115	112	150	182	219	222	211	229	231	233	233	276	258	208	238	238	194	301	258	244	256	232	237	320	277	357	344	391	370	278	267	207	211	230	297	373	270	232	265	292	218	231	229	207	224	261	322	261	244	296	316	367	370	327	339	264	277	355	358	356	393	350	381	377	369	362	337	342	345	370	393	433	409	392	428	366	386	409	381	368	324	312	310	258	255	225
239	245	219	177	185	233	194	167	177	207	230	193	166	130	104	120	134	173	208	155	125	195	182	276	261	260	282	338	274	253	251	211	179	198	194	138	207	207	222	225	244	285	291	265	255	265	229	185	222	223	211	287	223	230	204	244	284	292	305	347	325	316	348	270	300	266	236	256	317	317	294	291	282	302	245	287	284	283	333	355	373	372	320	329	354	365	407	361	339	331	350	395	317	358	386	353	386	381	350	330	323	342	375	441	417	446	421	382	346	321	350	361	418	358	326	310	280	295	246	228
217	187	187	157	177	241	195	174	178	186	196	173	181	164	141	134	123	144	161	150	125	161	199	322	298	283	268	313	288	269	307	257	191	214	253	167	186	166	163	211	249	344	276	257	252	261	253	227	240	245	279	237	239	214	181	191	260	266	237	269	299	260	304	291	251	220	251	334	327	316	315	323	291	295	329	359	325	336	314	313	363	353	299	271	311	292	308	369	345	369	369	384	382	440	432	392	439	423	338	297	299	318	387	467	425	454	407	376	361	380	402	395	347	354	372	360	337	302	261	224
190	166	186	192	198	200	202	181	158	201	212	161	159	150	162	147	113	144	154	160	146	161	171	211	248	246	244	289	314	328	382	325	219	215	238	201	174	166	187	211	257	303	285	275	255	274	258	330	254	244	190	252	391	304	250	208	226	323	247	323	299	277	333	251	239	210	266	340	348	280	274	323	330	308	313	311	294	310	283	314	341	340	317	279	308	325	358	378	372	355	376	432	415	455	478	385	400	352	287	349	354	380	443	511	441	434	419	422	381	418	404	448	386	346	339	347	377	285	265	277
189	192	212	201	173	167	181	167	212	220	206	172	144	142	163	147	128	185	189	183	158	207	262	266	239	210	222	323	344	416	474	328	281	242	207	216	245	263	222	223	271	349	262	243	250	241	265	267	267	298	186	305	313	301	285	323	310	278	280	238	260	239	278	275	279	234	273	282	281	252	246	308	317	261	222	258	246	272	270	314	307	336	344	306	307	312	361	420	377	394	405	428	440	518	491	411	386	383	324	319	368	447	460	459	430	384	387	463	434	415	450	433	390	365	346	369	323	304	295	316
176	215	222	194	176	163	169	158	184	215	196	162	148	150	140	144	127	156	188	197	213	228	244	263	238	218	264	324	333	307	321	342	343	280	250	237	295	322	281	246	227	210	224	219	287	237	268	346	323	297	241	276	356	333	272	294	367	294	271	234	240	221	289	281	274	260	278	265	227	232	222	338	331	300	269	305	281	309	306	278	302	308	366	380	370	362	402	406	440	470	487	493	510	546	493	423	359	366	382	368	374	406	378	330	357	353	345	396	401	354	329	339	348	351	336	321	280	283	273	290
187	199	207	207	179	181	207	178	165	194	215	164	136	150	146	134	171	214	255	295	241	212	190	253	205	216	347	320	309	298	273	275	305	279	244	244	332	331	307	246	276	242	271	261	382	321	270	397	322	333	265	288	331	415	336	370	315	267	269	283	232	260	278	240	255	250	248	234	250	228	226	273	329	291	267	324	315	308	315	273	285	282	348	410	445	438	451	442	483	471	470	498	496	452	432	420	416	388	445	452	452	456	423	308	396	413	407	415	401	375	295	340	356	337	329	291	287	290	300	293
176	174	212	221	214	230	206	205	217	206	265	229	154	154	163	220	210	237	278	258	235	197	148	218	190	187	228	288	295	261	234	233	257	264	264	238	231	347	327	285	270	271	263	233	303	317	284	364	388	348	333	336	341	288	283	276	281	254	261	309	306	283	347	342	307	237	230	178	203	241	274	292	339	276	231	292	295	283	300	302	343	345	374	412	458	473	474	479	477	475	498	438	467	483	452	440	440	421	458	462	509	540	436	392	334	363	385	412	384	315	390	351	343	301	283	287	326	323	278	265
172	206	256	253	247	230	201	185	220	215	201	187	150	167	197	242	235	241	243	262	224	175	144	183	179	182	231	280	309	264	229	213	228	266	249	228	251	276	278	295	295	235	226	234	285	284	267	360	528	447	318	307	310	297	327	330	298	310	303	317	340	331	265	264	248	192	174	193	222	248	306	283	347	297	233	272	343	340	389	366	428	365	422	433	448	517	517	495	481	464	471	466	474	478	479	415	500	532	454	445	456	489	474	361	367	334	329	369	394	344	389	412	327	290	278	336	305	318	311	324
197	209	242	272	235	207	204	200	246	253	225	196	182	221	273	282	258	253	232	280	270	242	260	217	180	176	194	296	302	269	264	244	231	242	257	214	199	303	282	287	276	245	276	262	338	325	313	344	339	425	374	325	294	292	353	335	337	350	310	272	247	250	213	209	184	187	221	209	223	216	224	268	296	265	241	292	323	349	377	398	439	424	436	405	474	482	480	475	481	451	457	462	486	437	449	364	407	454	457	477	427	475	406	359	312	269	299	337	376	380	372	350	337	285	305	312	318	340	338	345
189	175	226	290	215	190	200	202	191	203	204	190	195	204	223	233	251	227	207	238	291	261	275	236	200	216	196	296	321	274	265	249	229	238	247	219	231	239	217	251	279	272	287	273	275	299	290	287	256	269	319	395	318	277	295	300	279	246	272	227	247	286	202	200	221	247	209	195	216	228	251	245	261	239	249	290	319	302	337	422	389	371	393	373	423	418	407	420	477	485	465	432	411	433	409	395	394	373	419	409	444	472	387	331	312	291	286	323	327	356	360	356	339	297	364	397	329	354	384	348
178	158	178	265	210	218	213	217	199	200	162	160	180	211	220	250	258	260	243	209	218	251	280	300	279	244	255	268	263	283	299	251	276	224	253	241	244	220	214	225	240	283	386	357	315	272	276	255	256	279	317	355	425	440	407	385	251	257	285	208	276	276	233	252	259	247	178	198	219	215	219	239	227	238	257	340	373	292	325	352	388	350	336	327	346	411	452	430	441	479	472	430	395	414	443	405	377	366	385	462	491	474	438	410	375	335	303	282	298	364	347	354	336	357	368	400	346	353	363	371
168	176	204	299	217	219	237	273	198	216	174	176	181	184	204	273	232	241	225	228	255	251	297	289	267	265	286	285	307	296	303	308	274	261	275	280	311	297	257	255	302	286	337	301	327	289	300	284	276	260	281	281	393	364	361	344	335	322	320	247	314	295	296	268	264	211	189	213	255	259	244	245	244	258	252	327	373	290	278	348	375	323	333	310	318	447	412	412	466	477	462	407	406	412	445	387	375	398	432	470	497	514	436	387	336	287	357	337	343	397	429	385	420	425	403	385	368	404	400	388
221	196	221	240	248	243	239	291	224	233	208	177	154	145	151	212	188	215	220	319	311	371	299	224	238	247	268	284	255	280	343	341	316	250	325	324	309	367	302	349	362	375	307	288	302	241	254	222	255	269	248	263	351	422	272	362	303	280	324	316	287	287	267	307	317	237	193	254	276	308	260	246	281	326	275	315	315	326	274	276	294	331	308	335	283	341	358	359	432	478	461	384	398	423	445	402	385	398	413	448	484	447	421	377	315	305	396	369	316	353	388	438	485	485	503	476	437	394	389	424
290	227	235	253	274	303	240	228	266	216	227	205	170	152	171	178	207	224	216	365	482	449	327	228	193	199	296	263	236	234	271	315	341	368	371	303	312	314	351	340	319	338	307	263	303	246	235	218	225	237	232	243	307	357	275	222	234	241	336	370	401	314	326	358	344	280	270	290	249	248	237	265	334	390	317	353	281	296	263	292	345	350	352	326	295	372	417	391	435	481	411	400	391	438	440	422	407	352	380	400	382	432	434	377	324	275	301	306	289	324	321	363	442	474	449	418	391	350	358	396
256	239	268	301	353	351	367	321	315	221	246	231	207	204	203	205	207	210	219	320	364	385	266	225	200	186	221	198	229	242	261	293	342	334	326	290	321	290	355	348	286	285	227	222	217	228	232	229	198	234	266	241	236	271	248	203	213	234	337	356	382	358	388	402	384	318	294	306	239	223	244	269	359	322	263	273	243	272	266	396	461	432	347	352	370	412	455	433	477	465	414	392	439	428	398	409	346	331	354	352	374	363	386	347	294	272	215	290	326	299	278	385	362	369	308	353	402	423	370	386
288	280	357	360	382	421	447	385	379	293	254	258	221	210	210	263	267	222	300	324	294	296	275	246	244	209	205	220	307	276	226	288	292	250	301	308	332	254	278	355	302	221	214	224	213	209	195	208	239	300	310	278	318	354	337	311	266	282	264	284	361	331	320	336	317	333	301	256	241	245	255	250	261	270	285	253	233	280	316	416	420	413	320	353	387	354	444	443	396	410	445	343	372	363	358	330	360	332	331	325	351	371	334	298	272	257	242	314	411	312	322	374	386	323	304	373	376	413	423	405
336	369	280	323	343	395	339	324	365	305	251	249	215	244	190	248	308	282	311	373	294	298	328	263	277	203	151	162	211	247	220	267	307	233	228	297	331	342	364	403	325	251	236	221	203	263	242	191	221	257	244	223	205	210	277	270	246	235	267	253	264	281	285	349	305	277	305	190	235	295	279	260	223	261	275	300	303	316	330	333	313	358	288	322	390	355	395	307	342	365	459	392	344	357	353	324	408	383	312	276	317	354	305	330	310	327	265	300	341	331	317	292	331	298	293	328	336	332	383	410
339	371	269	295	307	313	282	277	258	225	287	277	295	320	251	268	287	320	309	345	317	394	425	307	294	237	177	152	154	203	205	224	228	229	209	265	316	311	286	332	371	322	323	252	240	266	268	168	204	205	210	191	201	192	235	247	213	253	289	248	247	275	246	190	172	215	208	201	218	336	301	276	240	222	247	316	292	319	319	333	302	380	295	270	368	285	347	258	255	377	386	344	318	334	377	342	327	338	263	270	276	302	298	350	312	323	262	243	267	317	316	238	272	287	286	276	280	277	319	363
459	436	316	314	331	282	350	267	229	299	255	283	319	375	283	298	347	446	295	257	254	339	337	244	236	215	195	185	148	175	191	192	193	224	256	286	300	296	282	322	314	298	310	285	225	261	256	195	159	165	174	170	189	203	251	220	239	292	294	268	266	204	192	177	186	227	198	226	199	219	222	263	229	234	244	325	262	228	261	319	255	282	327	308	298	300	314	258	234	266	267	299	300	294	345	319	261	257	240	246	242	243	272	315	278	301	256	230	243	297	292	261	252	238	224	213	222	234	271	303
457	352	257	298	257	255	288	225	188	281	310	329	348	337	249	234	329	320	261	254	204	286	354	249	243	218	226	223	160	174	203	190	169	254	254	243	264	247	279	339	265	249	338	324	234	204	185	185	125	131	165	172	181	196	262	239	222	273	251	183	216	217	200	231	212	185	170	173	166	155	220	259	230	215	222	250	222	182	218	274	248	257	344	287	348	276	306	265	237	209	289	270	279	289	295	273	258	311	270	325	249	233	289	297	278	327	259	245	259	304	327	270	215	200	192	206	219	225	238	264
264	248	246	280	245	228	248	223	198	278	342	320	314	287	284	289	245	217	209	206	234	241	323	304	238	220	221	213	191	133	167	212	179	181	207	185	208	247	236	266	245	234	198	248	251	188	176	167	152	138	151	154	178	188	191	192	221	224	219	189	221	216	222	268	260	231	174	162	167	217	292	242	248	242	226	231	218	221	252	292	293	337	262	285	310	284	290	219	245	228	263	328	393	303	309	257	355	439	362	349	242	264	329	267	261	382	315	243	229	235	305	263	212	177	179	194	226	253	244	224
214	254	301	329	241	237	192	199	232	246	245	287	274	231	236	229	246	212	206	177	211	235	301	291	230	225	218	244	212	153	191	226	215	167	206	166	227	251	240	290	246	221	220	207	247	199	276	190	175	158	149	141	180	207	169	175	188	225	216	210	231	248	202	181	234	347	226	153	165	181	197	194	224	259	230	296	273	288	321	346	339	283	247	242	259	257	205	213	217	230	194	246	244	215	233	295	380	446	423	397	340	316	226	228	270	286	272	257	242	239	255	242	188	162	193	186	202	220	205	200
217	239	232	285	355	260	205	201	245	231	228	241	219	207	212	202	239	232	206	178	215	269	274	263	265	207	214	202	205	213	225	200	173	163	160	148	172	194	214	268	241	225	290	265	255	214	295	237	202	186	157	164	190	180	180	192	209	174	235	239	272	253	212	168	254	308	207	197	190	187	194	212	209	229	201	279	249	278	322	347	296	244	244	255	319	311	247	179	188	359	221	184	193	199	310	277	404	414	432	434	393	356	271	295	280	338	312	265	243	272	270	256	203	171	182	153	153	146	157	163
217	244	242	234	292	242	280	238	235	193	219	216	205	179	218	267	224	222	182	155	160	217	228	274	210	171	211	215	190	235	198	211	172	160	161	152	143	175	205	233	241	272	316	246	229	228	306	244	227	214	185	179	177	182	232	204	256	191	216	193	190	214	198	236	222	248	223	244	206	215	203	189	132	142	179	174	178	244	296	368	325	240	258	237	279	281	276	194	200	256	301	220	200	194	244	255	293	396	446	430	411	371	298	319	321	323	283	244	225	213	247	226	209	163	135	153	173	138	156	179
270	265	291	331	312	251	260	207	211	202	245	248	220	230	281	269	253	234	210	172	189	197	238	361	262	210	168	189	214	163	152	243	207	177	129	128	135	149	202	175	228	223	193	157	205	255	322	385	404	219	200	274	208	193	260	272	250	267	197	187	145	149	139	256	275	299	245	221	144	170	205	205	225	212	199	200	194	191	280	313	251	234	222	224	221	187	161	151	231	289	266	177	145	156	207	319	223	255	366	380	333	266	272	346	370	320	324	277	224	205	249	222	185	170	168	157	155	120	137	172
225	253	256	318	270	248	221	204	195	203	277	261	233	245	234	216	257	257	241	230	251	233	196	272	207	176	258	221	239	228	199	195	170	152	138	132	144	150	161	182	215	190	145	162	198	291	332	341	293	245	279	345	296	272	232	231	317	261	222	202	209	164	145	240	240	284	187	170	169	160	156	214	195	194	197	205	225	215	249	294	354	301	199	195	283	228	153	164	185	203	222	210	133	167	407	387	262	238	308	344	336	319	280	372	397	410	380	290	310	245	290	232	188	174	154	157	171	150	144	170
223	218	316	306	309	248	269	252	226	226	265	285	226	241	236	210	243	231	209	239	243	264	217	197	309	298	206	240	207	222	254	180	157	166	185	168	152	166	186	166	182	183	193	153	223	266	279	297	235	327	287	412	361	360	327	362	303	325	294	296	290	221	187	214	213	215	234	179	154	156	155	156	200	216	198	212	288	203	239	234	316	293	208	149	242	182	194	192	188	217	202	188	152	191	389	350	293	261	369	335	248	276	223	360	428	429	386	359	357	308	303	246	224	167	146	149	177	105	174	203
182	198	242	283	281	200	204	275	283	259	258	260	240	199	228	227	247	238	219	194	176	220	197	159	260	306	281	265	293	231	216	181	140	142	195	196	192	209	170	146	167	193	181	159	148	249	218	261	242	313	241	267	322	365	431	409	395	344	284	260	282	256	203	180	184	257	263	188	180	130	130	152	222	191	186	245	278	249	217	219	269	227	200	223	224	165	225	195	158	250	237	199	198	189	234	226	244	354	297	249	208	294	276	287	332	301	360	320	303	280	310	287	246	185	208	186	189	109	203	177
211	227	250	270	267	243	242	247	273	277	264	250	203	221	219	214	240	290	233	217	183	186	208	204	168	251	243	267	265	297	258	249	229	143	159	160	154	175	170	177	152	145	135	117	193	242	292	191	209	225	270	287	303	377	439	386	396	479	417	384	355	292	281	179	182	268	210	194	207	128	110	99.1	174	151	177	183	225	157	211	217	251	175	170	156	203	231	194	157	148	185	162	177	166	280	174	187	235	240	253	346	316	278	265	275	334	223	268	243	202	281	244	271	242	208	257	252	211	179	185	156
219	223	277	318	257	245	194	211	259	263	228	244	205	199	213	241	191	167	175	168	164	217	207	167	126	131	189	172	179	213	229	250	272	169	175	182	168	185	178	155	142	148	143	155	156	188	184	162	169	169	206	269	246	301	362	343	368	623	485	414	383	313	258	175	189	342	250	199	183	195	145	116	156	126	165	183	153	247	215	150	178	152	152	202	139	210	191	160	149	176	190	152	147	201	160	189	196	268	326	319	256	215	216	385	282	282	244	181	181	212	203	255	264	225	236	213	192	207	186	144
224	245	294	280	244	229	221	210	228	226	227	260	243	214	207	206	162	122	125	138	179	193	143	152	118	153	143	159	194	180	256	223	237	215	195	171	162	206	168	145	151	158	179	164	142	174	244	154	170	159	161	195	222	232	278	263	326	392	335	308	336	304	289	241	259	299	213	160	182	260	246	195	161	142	174	176	200	234	215	178	166	208	186	181	184	196	199	135	153	170	187	133	138	215	231	292	255	346	357	322	233	215	364	324	285	279	262	217	213	231	205	259	217	205	230	202	182	159	142	151
237	282	284	273	230	207	197	183	197	187	212	261	224	228	204	232	165	172	122	119	110	128	102	173	116	110	108	122	151	179	213	221	218	192	217	156	137	146	152	145	152	136	159	182	152	146	159	129	189	195	193	199	304	320	227	269	284	320	284	273	260	258	275	200	174	154	218	181	192	217	256	218	178	152	151	185	188	170	195	194	169	208	156	156	251	186	206	205	142	145	196	145	145	166	182	208	245	267	274	277	242	254	270	260	264	237	286	226	234	300	250	245	209	215	228	200	141	128	161	208
236	284	285	219	191	186	119	121	149	180	172	182	170	178	142	149	146	126	120	113	112	100	79	94.9	104	89.8	99.7	113	162	185	179	155	261	225	195	163	155	153	167	161	144	142	156	162	169	175	162	135	233	231	355	319	258	346	230	214	233	336	273	304	284	186	213	220	263	270	199	188	200	213	204	345	245	206	300	303	189	190	223	297	191	234	194	131	179	197	253	185	118	125	154	168	160	118	115	150	207	236	241	306	276	258	270	267	215	189	228	228	213	247	285	215	174	215	215	246	169	105	124	132
207	201	214	178	178	164	131	134	142	153	160	183	190	158	130	127	129	138	144	134	119	93.2	72.6	64.9	64.3	69	90.1	105	130	145	169	167	193	192	123	148	140	166	174	183	163	148	159	228	295	182	189	170	200	236	256	206	260	288	275	198	192	216	252	278	223	164	143	195	203	306	349	249	271	186	182	191	262	213	274	288	245	169	226	192	236	200	226	161	240	252	344	219	167	134	171	203	159	151	144	183	186	281	221	306	313	216	200	304	321	212	202	203	188	218	198	166	187	228	253	298	158	158	132	125
168	165	186	187	166	171	145	133	134	137	125	167	195	165	161	142	172	140	123	109	107	119	97.4	88.1	70.2	77.5	155	115	117	111	169	155	156	207	187	134	153	187	173	167	179	167	243	208	196	219	166	176	192	301	238	225	242	264	233	226	179	224	300	284	240	143	124	141	152	204	279	238	185	205	212	191	186	196	202	232	210	132	166	172	207	149	182	166	201	210	364	212	177	158	144	107	177	242	176	155	189	236	273	307	267	181	167	191	252	249	250	213	184	182	178	197	221	237	200	138	131	218	147	137
131	160	163	173	157	178	152	126	132	138	134	169	160	165	172	200	165	140	136	113	112	116	120	77.6	65.5	74.6	102	99.4	84.3	93.8	145	143	199	168	127	113	126	146	172	186	167	183	261	149	175	197	261	199	200	204	223	222	221	262	258	246	197	231	237	204	146	134	96.1	116	127	168	185	237	213	192	219	234	209	196	183	190	237	149	121	137	130	126	124	175	167	199	180	154	149	118	105	143	151	151	183	188	236	363	328	289	210	177	222	260	249	316	354	250	191	147	169	194	177	180	187	90.2	150	181	148	144
147	153	138	175	189	168	132	109	119	120	103	113	128	149	139	144	129	123	122	115	120	107	98.7	80.5	83.3	92.4	95.5	118	84.4	83.9	113	152	209	203	172	106	148	154	135	121	137	198	285	222	181	217	236	243	236	237	256	219	219	233	301	244	203	235	179	144	128	120	136	158	155	152	222	267	263	179	206	202	232	240	173	183	218	157	164	146	168	159	201	154	132	125	139	127	109	121	151	239	164	180	261	296	245	264	297	306	299	182	235	290	188	191	173	204	185	178	174	152	181	166	172	123	132	142	174	141
142	142	140	148	156	165	132	122	113	113	96.2	94.7	147	127	132	115	123	117	128	117	111	95.7	98.2	106	103	108	87.2	97.3	71.9	78.8	90	95.9	111	138	150	157	181	220	146	111	105	177	158	140	121	185	212	250	191	212	203	178	200	292	260	197	178	138	155	139	167	185	226	240	185	184	202	248	293	182	192	185	172	214	216	203	235	226	195	151	168	210	190	187	171	155	164	95.6	122	116	171	200	168	122	141	198	266	231	210	309	228	212	222	337	263	246	179	166	175	179	144	118	129	135	185	145	134	133	116	124
122	125	132	107	130	146	108	98.5	103	126	116	120	142	114	107	109	112	114	147	135	118	106	104	123	109	100	130	98	97	87.2	84.6	87.1	102	95.9	108	137	171	141	142	111	95.4	94.3	88.8	90.9	89	102	166	208	250	216	177	182	217	325	289	208	182	110	122	111	155	196	234	170	225	186	199	196	282	190	186	193	180	170	202	266	287	213	181	187	213	225	204	219	182	159	141	126	106	135	222	144	111	125	223	233	235	255	221	385	316	373	378	306	216	213	177	163	150	133	160	136	103	116	115	111	127	174	169	140
129	143	138	109	134	133	109	85.7	92.3	115	109	123	119	119	110	102	98.3	108	123	129	109	104	94.2	108	110	116	154	161	120	105	97.8	95	118	111	110	108	127	125	118	94.3	82.3	81.1	80	67.1	73.6	112	192	176	188	192	183	190	168	198	229	171	104	103	96.7	80.5	101	98.8	121	123	153	167	137	161	190	193	202	190	192	206	290	219	246	199	190	233	269	285	270	258	196	115	111	95	79.8	99	110	98.1	139	138	102	140	163	196	263	306	313	397	381	322	194	238	164	201	159	146	203	107	132	153	103	101	91.9	139	234	197
140	152	194	138	153	118	104	89.3	102	122	118	111	123	175	120	107	98.6	117	118	125	116	103	94	113	113	131	152	139	99.9	90.8	113	128	158	144	138	153	135	150	131	102	91.9	83	77.9	68.6	88.5	138	183	171	163	157	169	174	185	232	166	85.1	79	87.2	87.3	68.5	66.6	83.7	99.4	123	186	205	141	149	154	144	145	155	190	242	237	191	196	260	301	327	353	338	333	232	183	172	138	127	124	101	71.5	96.1	223	142	101	199	212	234	261	352	319	389	372	348	305	257	179	246	190	216	191	162	189	163	138	116	141	138	177	160
145	165	176	177	164	140	141	130	140	163	132	120	115	115	115	107	102	99.4	103	111	120	114	100	113	138	164	215	137	87.7	77.4	112	121	123	132	159	168	171	156	117	91.5	81.9	104	105	95.5	104	109	165	166	196	144	155	185	158	189	138	118	89.8	83.6	84.3	73.7	69.1	77.3	96.7	133	182	256	219	143	186	157	188	174	176	202	205	226	221	282	317	330	350	301	338	191	182	258	185	157	161	118	119	143	175	154	102	212	236	303	281	392	328	332	363	329	324	271	209	180	197	220	182	159	146	132	127	121	146	172	233	155
129	209	295	213	204	240	215	190	183	167	161	133	124	129	132	162	166	111	126	120	105	114	117	122	143	129	175	147	106	88.6	99.4	130	112	119	131	130	193	159	136	105	111	99.6	85.7	84.4	99.7	99.1	157	128	154	120	120	131	107	125	155	136	78.3	87.7	106	75.1	88	99.2	88.7	109	153	181	128	140	146	137	159	145	129	142	122	153	198	264	298	269	271	288	233	159	161	238	216	129	121	99.9	171	234	176	173	175	271	254	287	300	386	349	383	331	357	312	262	291	199	166	182	190	160	173	166	160	134	127	167	234	133
136	260	345	263	273	242	213	187	179	204	221	153	109	112	130	236	244	139	123	126	143	127	134	125	144	126	127	138	139	107	94.1	120	111	123	126	123	135	187	139	139	120	115	106	89.5	58.3	60.5	85.2	73	120	121	105	150	128	136	187	108	101	111	135	87.4	122	96.8	103	204	151	163	169	147	160	151	154	118	135	142	151	148	189	258	299	316	258	217	178	125	133	184	191	163	108	116	154	154	130	131	213	228	213	251	266	397	382	407	285	335	289	283	255	341	219	215	232	172	172	169	160	105	107	147	213	150
132	167	279	304	239	202	193	156	162	149	124	136	105	101	108	118	141	118	115	122	123	120	130	142	129	134	100	128	155	119	111	170	134	142	143	175	166	186	166	162	141	120	134	103	94	82	121	89.9	97.8	116	123	132	143	131	131	145	147	136	152	168	112	176	145	180	222	254	269	195	133	122	121	129	152	129	160	138	215	290	341	322	294	233	183	142	174	175	176	169	159	146	183	146	137	167	255	294	321	334	356	428	469	422	373	331	374	275	354	304	263	173	202	197	176	158	126	106	123	181	188	183
123	144	197	218	142	116	117	131	204	167	130	126	124	163	141	109	115	106	114	122	120	122	120	161	165	152	113	138	149	159	160	188	186	166	153	184	193	165	151	143	152	143	146	154	101	110	125	123	140	143	128	139	130	138	156	140	162	121	148	137	154	178	139	217	186	225	284	246	152	146	139	153	147	103	159	157	192	325	337	276	286	222	232	186	194	200	190	166	149	140	140	161	158	195	197	289	319	362	329	308	303	311	355	351	408	363	290	262	229	202	221	212	159	147	117	116	121	166	182	180
127	123	121	133	114	96.8	99.1	114	135	153	201	145	161	158	129	86.9	96.7	119	98.2	89.1	111	108	113	147	140	120	109	140	126	141	127	176	157	156	157	170	180	160	152	155	171	133	140	139	97.1	96.7	106	142	140	148	167	139	138	168	194	220	227	153	174	174	173	131	141	183	177	178	218	184	203	164	149	169	169	155	156	175	207	268	218	208	226	236	219	185	178	195	179	162	145	169	154	153	145	235	265	311	322	267	232	215	233	297	383	386	294	396	278	285	243	191	230	159	130	143	140	107	102	139	181	187
105	99.8	99.8	104	98.2	84.9	87.3	74.3	108	181	215	229	191	142	128	100	96	94.4	94.1	80.4	84.5	103	96.6	124	114	117	95.3	114	90.6	106	93.7	133	144	132	119	148	158	168	164	159	154	132	116	123	121	114	120	175	156	157	166	166	172	207	199	232	244	276	188	177	208	150	130	199	123	144	162	193	186	162	142	183	185	156	176	143	157	215	193	179	206	213	175	211	219	184	181	163	124	134	142	218	210	229	268	228	343	291	223	225	226	298	296	321	296	274	279	229	252	202	193	149	136	126	126	85.6	103	135	145	139
72.1	69.4	70.7	73.8	57.6	53.9	50.3	43	46.9	103	167	298	202	165	131	117	99.1	91.9	78.2	74.5	78	77.3	83.4	90.1	88.3	101	114	131	148	141	131	140	155	142	127	125	140	145	125	116	124	118	99.6	121	102	97.4	123	125	150	154	160	219	190	207	203	204	231	275	294	232	229	230	196	179	176	146	144	185	180	146	158	206	234	226	172	152	146	137	157	164	216	177	189	203	204	165	159	152	136	131	156	215	205	164	230	339	275	232	227	229	187	209	259	276	273	242	214	219	158	135	123	121	124	154	136	107	86.5	125	161	170
58.3	57.6	60.4	77.7	60.9	43.9	38.2	23.1	20.2	32.6	47.9	122	191	176	177	148	104	97	77	94.9	86.2	73.7	67.3	72	74.8	81.5	101	122	136	150	132	126	148	142	141	130	122	120	131	102	105	101	102	127	112	98.8	119	123	141	162	152	221	203	189	192	191	178	234	245	213	218	328	239	174	122	116	150	161	168	162	160	232	219	217	194	190	182	182	186	121	149	172	199	173	162	171	158	157	142	147	183	222	150	158	205	301	238	205	188	245	205	217	234	261	261	166	131	134	115	129	131	149	192	210	142	116	101	137	173	151
58.1	60.1	52.5	46.8	46.8	37.1	34.3	21.4	18.2	28.7	49	64.6	86.3	88.1	143	136	130	151	127	96.4	76.8	70.8	69.3	74.7	75.4	91.6	88.6	113	125	134	147	140	164	182	188	152	135	127	118	109	90.8	95.4	112	127	94.8	102	130	120	114	127	134	217	265	191	194	238	227	218	197	171	182	223	224	314	176	139	122	128	154	163	188	216	230	234	178	196	237	199	210	110	124	159	194	170	190	194	212	171	154	145	188	169	106	104	168	238	214	196	190	247	213	213	224	210	216	189	139	97.9	102	104	120	133	233	169	133	123	123	132	164	169
61.1	65.9	61.8	45.4	44.8	41.6	26.9	18.9	16.4	22.1	31	63.3	44.2	61.4	65.9	83.4	120	118	139	132	98.9	74.9	76.4	84	85	97.6	106	117	117	127	163	151	165	194	210	175	149	140	127	114	99.3	99.2	110	138	108	118	117	103	112	112	133	211	223	185	187	223	236	172	142	159	158	153	172	164	192	166	145	149	166	189	198	234	229	219	168	179	215	212	180	124	103	122	137	127	182	213	185	158	153	153	178	145	150	143	169	240	210	166	211	181	227	182	236	250	174	170	165	114	89	91.1	129	148	144	169	118	123	123	120	157	193
48.5	47.8	49.3	46.5	43.6	38.2	29.6	18.3	14	16.8	17.6	23.4	25.5	32.6	30.6	38.1	57.1	62.6	65.5	77.1	78.1	103	97.5	122	118	96.7	116	129	128	119	182	165	151	159	163	163	158	186	136	107	112	108	132	146	102	111	106	82.6	119	114	132	164	158	131	156	199	225	175	168	183	182	198	224	219	216	207	160	193	240	225	207	178	201	232	224	183	194	164	153	120	112	150	141	143	179	173	192	163	161	186	138	159	163	147	132	167	176	166	202	214	173	194	231	181	155	133	133	162	152	112	146	173	147	142	122	151	128	133	147	156
55	49.3	45.7	49	44.5	37.6	28.6	19.6	16.5	13.3	12.4	14.5	17.7	20.4	17.9	31.3	32	41.6	48.6	65	69.2	75.1	76.5	141	133	114	105	115	115	108	126	127	132	137	156	159	159	172	152	103	81.1	89.3	120	135	124	107	101	77.1	111	108	106	87.2	104	95.5	134	163	220	178	173	193	210	212	284	247	203	206	202	221	223	268	227	213	223	188	203	183	225	238	191	168	121	141	165	145	147	158	190	146	142	167	158	157	139	154	136	135	195	177	189	296	345	265	198	168	158	113	89.4	128	141	116	135	217	179	174	118	119	105	170	154	121
47.1	46.6	44.6	48.2	42.8	34.1	27.2	18.6	15	8.26	8.58	8.41	11.4	11.6	11.9	15	23.5	38	49.9	56.9	62.9	57.2	56.8	100	97	111	106	106	111	119	105	96.6	114	120	132	129	142	140	125	109	106	118	118	139	134	84.7	69	77.9	76.2	77.7	95.4	91.6	84.3	87.6	110	162	162	147	196	180	215	213	289	306	234	217	210	215	225	212	220	216	193	186	213	155	191	208	205	187	117	108	157	159	160	144	160	172	146	146	148	155	126	127	181	187	230	194	200	303	330	264	217	182	153	120	84.5	110	141	180	148	170	151	124	100	92.5	86.3	168	133	123
50.2	43.8	43.9	39.9	32.1	27.7	23.1	14.2	11.4	6.74	5.97	6.9	8.86	5.79	6.61	12.9	14.4	18.8	43.9	46.1	57.5	52.1	49.1	86.4	73.3	89.6	92.5	94	97.1	112	106	97	105	129	99.2	102	107	129	108	122	119	98.1	92.5	130	113	80.3	82.9	75.8	81.3	85	93.8	107	97.9	101	101	131	126	112	166	183	218	188	215	251	224	208	218	247	240	203	203	189	189	214	180	192	196	192	200	193	174	165	152	133	160	145	149	150	135	131	152	201	157	134	245	236	285	240	204	195	219	221	248	185	253	146	107	107	154	185	182	153	121	112	94.2	91.4	99.9	95.1	115	105
20.4	23.9	20.2	21.6	19.9	13.4	11.6	6.61	3.99	2.98	2.23	1.85	4.2	5.35	1.01	4.91	3.98	7.41	11.3	27.6	43.4	39.8	35.3	49.4	60.9	73.3	63.3	67.5	74.4	76	75.3	92.8	80.9	94.2	91.1	69.2	68.9	80.5	66.1	72.2	76.7	61.8	56.5	73.4	76.8	79.6	71.9	77	83.6	100	94.4	82.4	86.6	78.2	83.2	72.7	91.4	137	198	135	153	152	175	205	203	218	230	208	192	187	221	181	164	209	194	204	219	207	158	204	181	173	159	133	165	160	144	159	160	183	206	161	158	177	253	249	200	177	190	216	173	190	188	147	153	149	164	139	164	113	91	107	105	105	98.4	99.7	112	101	102	88.4
24.4	18.7	15.1	29.4	28.4	11.3	9.08	4.13	5.96	3.3	2.26	0.875	3.22	3.21	1.71	1.94	2.75	4.6	7.44	19	26.4	27.6	30.4	45.2	50.2	97.1	95.1	83.1	73.2	74.8	93.7	86.5	76.6	83.2	88.1	74.4	76.6	68.2	60.8	67.4	83.1	57.2	57.8	74.1	67.9	81.4	79.1	79.9	91.4	133	99.6	71	60.9	62.4	66.1	78.6	78.4	103	131	133	148	138	161	178	207	190	225	195	197	198	236	233	224	223	206	222	205	188	228	192	198	188	155	164	184	180	151	178	157	167	189	204	197	181	183	206	160	155	165	150	155	180	168	121	107	151	172	210	249	166	98.2	115	165	141	122	116	92.2	107	123	114
15.7	14.3	12.9	17.4	23.7	8.64	6.68	6.99	1.91	1.37	1.4	1.7	0.812	2.33	1.13	0.829	2.86	3.23	5.53	13.1	31.5	43.6	31	53.2	49	91.2	103	112	102	85	78.4	85	99.8	79.6	74.2	70.6	63.7	51.1	61.5	67.9	61.8	46	47.1	76	71.6	77.7	84.2	89.6	98.2	105	97.4	77.8	67.6	70.3	51.8	70.8	153	117	126	126	134	120	140	178	210	171	198	199	195	187	186	209	254	308	250	274	249	236	250	206	203	175	171	218	220	186	151	153	177	174	187	210	235	200	176	163	166	132	128	165	178	165	161	120	137	146	176	206	239	209	163	160	184	137	101	97	101	108	106	104
13	11.2	9.24	11.2	8.39	7.06	6.28	8.07	0.981	0.825	1.07	4.15	0.645	0.296	1.5	1.33	0.89	2.18	3.94	10.4	35.4	47.8	28.4	59.8	59.3	120	99.3	133	137	119	85.8	98.8	117	91.8	69.6	64.7	77.1	67.8	54.5	51.9	53.7	44.8	50.1	75.7	79.6	85.2	86.8	88.6	90.7	92.8	95	92	74.3	68.2	54.6	65.8	107	123	119	126	131	115	123	168	194	200	216	200	191	195	210	189	211	258	242	277	251	233	206	246	238	259	184	199	189	194	166	170	196	204	206	201	222	220	203	179	173	161	154	182	185	202	258	146	150	155	176	191	194	152	162	166	152	105	104	123	105	99.8	86.1	89.9
5.92	6.52	5.17	1.94	1.08	0.716	0.543	0	1.77	1.33	1.6	2.94	0.557	1.12	1.3	2.09	2.46	2.21	3.82	8.52	11.6	19.8	21.7	55.7	42.7	62.4	88.9	103	96.6	114	94.9	99.6	111	112	90.5	78.2	130	102	60.5	80.1	73.3	71.6	76.1	87.7	101	106	102	98.3	93.2	85.3	88.7	93.9	87	69.5	68.6	60	77.4	101	114	133	142	135	144	147	185	176	184	197	164	244	241	171	194	261	253	276	254	202	175	217	227	204	213	175	157	163	162	199	214	221	220	193	201	225	210	218	222	184	177	179	162	181	182	201	193	173	192	222	198	132	142	135	133	115	105	99.3	99.9	104	87.8	79.6
3.98	3.16	2.51	0.868	0.559	0.301	0.213	0	0	0.401	0.743	0.985	0.152	0.0651	1.78	3.2	4.97	4.23	3.24	6.3	7.47	11.3	21.1	37.3	34.6	28.6	45	61.8	71.4	103	137	149	155	147	110	101	96.9	95.2	84.4	117	115	103	111	114	117	117	105	105	99.3	102	112	75.5	79.9	78	71.3	87.9	72.9	77.3	94	135	149	143	160	158	195	197	159	143	158	200	244	176	172	196	305	218	234	207	163	191	235	216	213	180	191	183	176	154	168	211	198	181	163	185	193	226	232	204	201	205	175	164	241	243	221	189	196	193	210	169	149	126	124	129	109	94.1	88.6	91.7	80.9	81.6
2.64	1.87	1.41	0.427	0.228	0.0553	0.0395	0.0741	0	0.484	1.79	14.7	2.51	0.382	1.63	2.25	3.4	3.95	5.57	4.91	4.82	7.85	14	41.5	15	22.2	21.4	32.5	53.2	70.7	118	147	173	156	158	144	130	124	98.9	171	212	109	114	124	130	130	118	107	97.5	101	90.7	65.6	58	58.4	64.1	97.4	89	88.9	86.3	114	111	108	117	146	199	182	141	125	151	155	174	177	209	186	241	194	179	195	158	185	214	194	157	200	215	189	175	177	189	194	210	201	164	147	181	221	241	219	225	240	200	201	295	285	256	202	245	212	194	174	144	122	94	99.5	90.9	97	88.9	87	73	70.6
2.06	1.46	1.03	0.304	0.132	0.0641	0.0742	0.127	0	0	0	0.125	2.64	3.46	1.91	2.38	4.22	3.43	3.21	4.2	5	5.62	6.48	11.4	7.08	38.5	9.64	14.6	20.9	35.9	60.6	109	180	233	192	189	159	136	121	101	98.9	117	103	116	125	125	119	110	99.1	80.7	75	58	47.9	52	107	83	57.4	86	76.5	107	130	125	133	147	160	134	138	117	132	140	132	128	158	170	177	171	184	259	194	223	199	209	190	196	202	185	177	183	196	212	226	189	150	152	160	193	208	219	219	220	229	207	301	261	219	193	215	222	167	141	137	103	87.8	82.1	86.1	91.9	103	79.8	77.6	76.1
0.275	0.426	0.804	0.0475	0	0.0414	0.0381	0.107	0.0341	0	0	0	0.323	0.24	1.69	3.14	1.69	3.45	3.39	4.72	5.9	6.22	6.9	8.62	9.91	20	12.6	14.8	19.5	19.7	23.7	49.8	94.9	178	228	184	133	103	103	119	120	141	132	129	121	116	114	97	89.2	70.4	72.4	55.7	45.1	45.4	48.2	44.9	60.5	67.5	68	65	65.5	78.7	88.9	123	111	123	135	121	127	128	155	120	146	177	154	135	152	211	277	282	312	212	181	186	167	171	168	203	203	251	214	169	166	166	177	170	173	191	217	199	198	238	207	215	199	240	242	261	172	145	154	97.1	77.5	62	69.5	87.5	78	73.1	62.4	57.3
0.426	0.452	0.25	0.142	0.0237	1.49	0.0461	0	0	0.41	0.0615	0	0.0783	0.107	0.438	2.62	1.82	2.73	3.8	4.96	6.56	11.3	7.33	8.89	8.54	9.81	12.6	16.6	17.1	16.9	19.1	23.9	60	126	226	319	197	135	123	154	135	146	151	153	151	140	122	103	76.2	59.8	53.2	38.2	42	41.5	50.8	59.7	65.8	63.5	60.1	57.5	71.2	85.4	83.9	69.7	71.7	101	144	114	115	99.9	120	121	132	134	127	116	123	178	203	237	351	233	213	238	196	186	185	214	228	243	178	172	200	211	194	177	191	171	179	222	218	253	216	203	207	208	215	247	183	164	156	112	117	75.1	55.1	70.7	76.6	67.2	54.9	64.3
0.779	0.1	0.025	0	0.0237	0	0	1.16	0	0	0	0.125	0	0	0.0112	1.27	1.53	1.83	2.81	5.07	6.87	8.91	6.91	7.92	9.09	9.97	12.8	13.6	15.7	19.2	20	23.6	39	67.8	146	215	213	166	136	170	147	149	152	197	193	194	126	101	83.4	64.4	52.1	49.6	41.8	43.5	52.3	63.5	65.4	81.1	79.4	73.9	90.9	136	109	87	38.5	53.4	73.2	84.9	72.9	77.1	77.6	89.4	122	151	117	109	125	163	143	271	239	222	210	212	190	177	173	184	225	182	179	189	238	252	203	174	162	157	180	209	190	192	194	186	187	191	214	212	193	143	133	145	145	82.3	63.3	69.2	61.3	57.4	55.5	83.3
0.578	0.05	0.15	0.0237	0	0.0237	0.166	0	1.08	0	0	0.016	0	0	0	0.832	2.05	3.41	2.62	4.76	5.24	6.35	6.52	7.76	7.94	9.02	10.2	12.8	16.4	16.5	22.7	21.8	32	48.9	70.2	109	127	100	114	143	150	148	138	202	206	189	131	114	94.9	83.1	69.2	48.5	49.4	73.5	69	64.4	58.2	78.5	93.5	86.2	101	140	118	89.5	63.7	54.8	72.4	56.8	40.5	42.3	41.8	65.3	107	117	106	115	127	130	130	175	215	164	168	182	163	157	177	184	208	188	211	223	211	224	203	160	167	175	175	199	157	165	168	149	161	183	204	187	179	141	149	139	112	85.8	58.4	63.5	56.3	60.7	62.5	83.6
