212	230	236	283	355	295	277	282	302	310	346	391	433	406	417	346	296	264	262	182	172	176	178	171	160	209	234	187	220	165	142	171	136	140	111	100	114	136	176	240	305	293	263	266	313	341	307	347	345	290	256	278	214	191	193	243	271	311	362	375	388	396	411	411	417	403	386	437	410	435	389	346	317	285	259	318	397	417	428	419	426	444	484	492	454	334	301	100	121	146	162	136	116	101	104	136	106	135	119	116	80.8	99.2	99.1	72.4	78.7	67.9	63.4	82.4	61.1	59.9	78.5	75.9	89.5	104	124	123	125	107	100	74.3
250	298	309	277	354	340	317	256	259	290	323	409	410	471	493	344	402	324	242	203	167	156	157	140	155	251	316	252	204	147	152	199	132	148	110	108	118	122	165	219	222	233	234	263	338	324	316	323	304	246	249	218	176	178	192	155	162	171	213	267	330	321	350	309	289	346	395	390	411	441	389	347	309	262	234	291	364	390	404	398	425	437	466	530	576	560	430	363	326	339	324	159	107	92.5	88	127	124	153	155	140	112	95	110	91.6	67.7	63	38.5	52.3	67.3	68.6	65.6	93	83.1	89.5	114	128	140	117	111	100
306	370	345	321	351	300	309	285	271	349	405	462	487	569	545	499	409	357	273	229	170	152	152	164	219	258	287	235	185	187	210	198	166	150	137	133	134	123	141	182	206	220	250	263	320	332	282	305	284	270	302	263	211	177	239	150	145	179	230	304	343	332	355	339	347	444	398	330	376	437	462	395	351	267	322	362	358	361	359	412	410	407	450	522	552	620	529	470	416	330	337	173	131	100	78.4	97.8	141	173	191	176	128	94.5	81.2	66.4	73.4	77.2	85.1	69.6	72.5	70.3	90.5	92	87.9	111	149	173	139	110	136	132
383	420	351	338	402	340	316	268	278	290	334	378	422	539	463	452	384	304	241	236	290	202	187	191	240	257	280	218	208	203	192	201	216	198	167	129	126	156	146	197	217	199	213	232	253	270	277	296	294	279	311	252	234	185	245	167	156	227	240	294	275	303	423	369	324	468	369	351	398	442	450	390	356	354	391	398	355	351	317	354	382	377	409	453	508	522	542	515	477	319	318	160	143	136	111	125	161	154	163	163	161	147	101	82.3	89	79.3	57.5	63.2	76.9	68	79.2	101	103	134	161	165	150	127	204	210
409	406	382	347	426	375	391	378	291	307	321	336	350	446	388	319	352	360	335	267	228	237	215	205	255	274	231	194	185	166	192	283	258	257	219	214	173	179	216	281	244	243	238	237	251	223	243	280	329	234	244	226	198	202	234	212	162	199	177	224	244	279	309	315	295	469	462	475	491	482	469	400	338	399	403	367	311	328	301	306	350	345	399	418	452	493	500	489	489	430	287	130	136	162	149	152	137	149	143	99.8	128	153	179	122	99.3	75.2	76.6	91	92.2	76.6	73.5	76.1	72.9	113	139	137	140	158	205	221
393	410	451	403	404	371	360	332	310	348	290	364	334	340	307	280	317	406	326	220	216	240	254	281	259	288	269	243	223	260	345	279	256	280	245	250	192	188	275	312	259	258	225	253	244	251	261	300	269	216	229	212	212	242	249	216	184	202	215	225	170	177	209	238	261	312	387	526	486	452	435	390	380	376	364	309	290	257	275	306	336	309	355	415	383	402	440	475	470	443	371	144	121	143	148	175	197	191	163	136	135	163	141	138	110	84.8	111	117	112	104	103	92.1	93.8	133	204	165	167	194	228	195
402	442	479	406	393	388	322	297	334	306	296	302	330	321	295	340	385	425	367	241	218	238	273	285	305	267	317	260	230	256	254	235	262	280	242	289	194	188	209	248	240	205	229	287	236	246	253	262	270	237	242	237	249	239	237	229	209	190	207	243	228	190	267	276	262	275	379	427	480	397	369	345	377	343	313	291	251	275	309	329	314	284	321	354	381	406	394	424	429	418	372	206	173	144	182	222	194	164	170	186	162	147	137	144	125	103	136	175	135	131	160	163	171	198	209	179	180	209	236	202
445	463	463	388	386	396	331	292	293	331	313	295	285	276	319	374	400	391	360	255	277	294	325	308	297	281	296	267	283	300	290	340	283	334	253	333	240	165	173	213	222	193	216	277	273	263	261	260	289	255	276	274	247	221	226	193	181	176	190	202	176	172	260	336	315	355	286	366	411	383	370	346	340	319	286	274	330	345	419	371	356	335	331	363	349	420	422	411	454	455	441	372	201	174	199	201	178	185	202	156	156	130	119	149	146	133	171	179	157	161	176	187	167	184	168	176	211	218	229	210
390	388	393	368	354	382	354	369	345	324	308	273	292	337	364	403	365	331	310	286	277	316	375	326	332	414	421	405	261	278	354	359	258	241	278	326	292	196	177	212	264	224	258	274	280	297	271	274	292	276	297	274	224	217	216	221	214	206	225	223	165	174	244	294	305	318	322	345	349	324	362	318	282	321	332	288	287	361	366	358	354	326	336	386	400	435	435	446	464	474	485	394	400	237	245	204	161	201	232	187	165	119	107	111	121	119	116	137	133	161	189	172	185	170	164	196	213	230	225	196
310	303	292	323	292	329	340	299	314	248	243	189	223	281	351	331	328	350	329	288	332	306	310	354	300	282	356	302	327	345	273	312	307	281	274	340	316	281	202	218	227	221	256	344	328	330	321	332	334	322	303	280	265	259	245	217	225	217	224	217	186	230	290	272	290	379	384	369	251	272	276	254	228	290	328	299	338	339	289	304	320	315	365	374	376	380	373	418	448	458	462	452	448	365	317	207	194	195	246	242	201	167	129	120	111	104	107	132	131	170	193	200	231	218	181	202	240	256	237	257
230	250	300	268	253	324	382	297	320	304	222	181	224	283	309	287	315	322	341	315	352	307	350	374	310	257	208	296	356	380	346	356	302	253	281	348	353	292	250	298	231	240	289	326	304	313	318	316	302	316	299	297	287	295	272	222	190	204	217	221	245	228	271	260	316	381	479	418	294	293	276	245	247	282	357	348	418	413	358	326	335	361	361	378	401	380	374	409	457	460	455	498	459	311	338	260	235	213	218	226	192	157	132	124	99.7	92.8	129	182	199	220	218	220	214	232	202	222	253	257	242	311
223	213	187	221	257	349	496	395	313	279	267	231	208	266	308	277	343	364	352	376	305	313	325	299	314	299	282	313	295	368	329	370	334	244	310	373	245	217	244	294	305	253	310	324	333	341	336	319	295	310	313	318	317	343	304	277	241	229	246	252	314	261	267	225	278	381	397	349	315	294	292	312	331	386	391	388	425	402	345	310	373	398	381	404	387	365	375	387	459	465	457	470	425	386	327	329	262	254	207	206	175	183	161	131	124	123	162	213	236	222	209	238	246	252	263	232	190	225	236	268
229	251	246	253	352	349	468	340	262	256	297	276	267	279	271	242	310	288	315	383	274	318	312	301	361	373	429	319	364	299	289	328	316	279	314	368	275	291	253	275	287	325	297	330	303	320	334	334	333	356	354	328	339	343	312	266	258	254	267	306	315	259	272	289	309	357	398	417	275	260	338	405	384	378	379	349	361	401	352	369	388	392	373	401	418	394	349	399	435	432	428	472	440	422	306	305	347	277	199	179	185	215	192	166	158	172	198	232	224	221	224	245	238	257	275	237	176	188	232	229
277	285	288	289	334	301	328	292	255	270	369	343	339	377	340	337	328	307	339	323	329	329	333	331	401	394	345	407	397	379	321	323	371	315	308	319	320	261	257	287	328	342	321	327	300	312	340	330	316	385	369	358	339	328	293	249	247	239	252	297	282	255	300	359	347	382	489	490	313	316	398	424	342	297	356	311	303	355	356	395	383	360	407	410	426	366	335	386	419	412	388	415	367	433	357	387	349	349	239	256	215	236	192	190	172	186	198	229	242	238	224	211	204	203	213	218	185	188	201	207
300	265	277	299	328	253	289	274	306	345	427	343	359	409	410	340	339	344	357	307	359	334	307	413	475	382	388	505	380	306	283	288	305	428	268	274	264	268	278	339	365	378	369	379	362	371	386	354	330	363	380	391	385	335	315	274	281	269	263	294	272	231	274	357	414	488	515	582	532	433	464	358	256	309	301	253	290	308	327	353	371	316	412	374	425	392	363	413	426	405	374	375	390	419	389	393	390	386	309	293	304	271	220	196	238	229	236	285	296	291	266	228	218	213	208	209	204	184	198	199
291	264	321	297	316	339	394	350	449	452	489	408	384	333	374	325	350	364	385	359	394	374	379	502	446	386	359	392	397	336	322	370	351	418	265	286	296	332	352	360	382	367	420	427	389	408	440	372	365	371	385	367	375	363	351	287	309	301	271	264	268	272	313	335	388	483	581	506	474	469	487	347	301	438	358	263	278	278	425	353	369	353	382	394	375	348	384	423	408	380	378	393	417	411	472	492	482	457	424	418	391	348	328	264	240	229	229	251	255	226	243	234	246	250	264	262	216	225	252	253
364	439	344	298	368	365	402	371	490	460	464	417	391	367	424	382	385	393	384	370	446	464	444	621	462	378	362	399	369	325	345	422	453	536	342	329	318	335	397	423	377	339	443	437	389	385	420	407	424	399	359	336	348	353	351	312	299	287	281	268	239	282	310	308	421	530	521	454	505	486	485	455	476	518	423	366	359	282	337	335	385	425	435	408	390	394	398	416	391	382	389	392	393	410	547	554	529	527	486	432	395	356	317	277	240	213	236	247	257	239	249	249	291	277	251	260	248	257	289	271
369	376	351	312	274	280	394	362	473	499	589	681	595	551	579	499	494	496	521	446	461	434	412	432	413	341	367	463	460	352	356	376	347	374	331	357	423	388	488	406	343	310	359	398	385	369	403	405	364	367	356	346	360	354	356	345	303	276	282	301	318	404	311	370	448	529	560	609	582	485	488	480	492	570	472	411	399	415	354	350	446	465	425	312	404	401	384	409	381	379	393	405	414	446	482	531	489	459	468	420	443	382	290	273	242	264	282	269	245	230	191	220	255	242	220	253	279	295	313	301
299	284	318	274	243	261	385	493	504	519	625	694	546	558	628	528	445	516	482	466	508	445	358	321	339	323	351	397	354	331	375	370	365	332	315	398	447	398	406	344	302	288	313	376	384	351	356	358	380	407	428	398	406	418	427	398	370	303	311	464	429	436	441	468	505	546	628	678	603	484	526	543	489	442	381	421	412	348	384	387	449	386	371	307	355	393	349	401	368	418	411	442	462	515	468	477	460	394	449	459	491	439	393	367	354	378	355	336	278	238	220	226	207	217	241	261	264	279	254	305
289	280	383	352	280	322	405	422	465	523	642	691	668	587	575	520	465	424	496	436	422	430	377	321	313	341	339	348	305	321	369	386	348	305	316	434	389	364	354	334	315	303	319	341	363	387	371	351	403	439	474	463	425	442	471	456	444	370	411	515	453	442	472	576	514	517	543	461	494	486	488	456	380	342	318	364	397	349	435	370	351	300	282	296	346	351	292	365	392	418	393	440	417	447	426	465	440	478	466	464	478	422	444	426	441	396	338	338	327	275	273	259	236	256	254	270	252	249	266	295
337	280	389	426	386	322	404	403	437	652	684	626	648	584	524	534	471	478	449	332	329	364	349	357	351	324	272	313	313	280	289	355	373	284	306	332	361	356	326	322	302	315	314	324	315	349	363	373	417	498	490	502	452	487	475	469	501	431	432	511	490	394	428	513	502	455	570	579	563	582	508	370	416	386	324	360	358	387	334	316	305	294	268	276	308	359	406	420	423	407	390	400	313	326	341	452	483	480	503	393	452	392	425	413	422	392	364	351	343	355	351	304	267	237	262	264	261	254	254	297
308	304	298	343	477	337	384	435	461	582	714	666	732	640	653	728	534	497	401	310	350	372	381	415	439	397	365	400	364	278	253	333	421	316	331	313	361	369	310	309	304	298	293	278	259	294	333	365	398	461	472	518	505	574	521	521	533	425	437	444	450	342	362	344	381	382	487	519	581	509	482	373	400	324	220	246	244	305	305	394	365	330	332	328	326	377	434	428	358	315	340	392	334	304	301	433	481	512	484	481	487	395	429	467	468	484	488	442	420	435	417	347	297	226	233	267	254	253	281	319
322	380	380	339	379	333	390	463	561	642	708	679	601	602	650	654	531	409	423	315	313	318	352	418	415	472	360	395	330	267	218	266	304	282	288	337	424	369	292	285	272	285	299	290	257	279	344	321	355	397	465	464	479	541	522	526	500	405	432	449	438	359	364	309	351	391	408	516	519	480	414	431	408	304	248	233	302	243	260	359	357	378	321	340	357	384	384	417	384	319	328	349	359	403	412	449	440	461	442	457	484	459	439	505	536	467	464	373	411	422	431	366	352	277	255	270	284	290	324	375
394	376	454	394	404	484	502	472	595	641	620	663	675	720	716	578	516	582	469	364	431	398	387	358	350	284	263	389	353	246	274	254	287	283	335	359	400	444	365	298	302	297	273	301	297	312	339	362	365	391	441	442	441	511	519	408	428	429	421	415	414	385	326	271	291	354	318	340	411	331	385	434	417	393	343	343	316	299	277	367	379	356	334	389	461	420	407	413	429	377	357	365	430	446	454	458	450	442	390	426	476	486	489	529	544	540	537	476	474	509	419	348	334	303	262	276	238	280	310	330
414	354	351	429	532	615	641	622	454	505	564	676	706	616	626	394	386	377	398	430	448	422	432	397	270	319	258	315	258	237	354	333	320	336	333	336	350	364	318	317	299	300	296	292	305	325	333	366	378	437	466	423	424	394	439	333	348	379	358	373	403	336	291	252	280	295	291	320	370	334	342	445	493	480	463	430	399	325	281	348	374	338	368	438	447	446	432	390	372	398	425	461	469	477	483	485	481	425	412	451	480	450	442	518	512	537	543	523	523	493	473	451	246	231	240	288	309	372	312	311
423	349	382	424	614	626	541	538	460	450	550	620	628	499	433	451	461	381	358	412	446	482	431	375	314	308	305	288	253	262	323	377	355	322	307	358	372	332	282	327	320	324	310	287	268	279	293	362	379	468	453	492	416	397	434	325	346	315	362	379	381	330	341	285	281	296	314	399	441	405	430	449	505	513	490	480	498	488	456	460	421	428	450	456	465	483	443	379	382	387	417	423	444	439	426	467	475	433	401	428	441	432	412	481	480	500	520	514	538	575	545	532	523	456	422	448	457	469	477	330
308	307	404	416	548	543	458	463	416	386	437	468	533	388	356	326	363	337	485	431	450	391	403	313	288	271	352	350	333	281	345	399	367	328	288	308	290	283	301	308	311	313	306	281	282	303	298	313	329	327	391	362	397	397	402	342	360	363	363	347	379	367	355	295	287	308	314	404	402	445	451	445	465	508	498	475	506	515	492	451	426	465	487	408	395	428	370	348	395	397	410	390	435	421	414	464	470	471	479	467	478	441	457	499	492	516	520	520	534	543	529	558	604	549	508	472	459	437	445	259
296	273	302	328	451	475	499	459	385	358	348	385	439	442	298	301	334	346	403	354	352	334	380	312	271	272	358	322	285	267	293	395	367	331	304	281	281	284	291	297	322	324	329	320	327	297	313	309	282	268	324	309	331	370	447	372	393	393	349	340	315	298	292	293	347	331	303	344	401	432	367	378	435	467	465	431	494	507	494	448	444	463	486	449	437	409	403	425	425	415	450	424	432	419	458	482	483	467	481	471	465	431	453	499	521	513	497	518	569	566	533	574	564	551	556	535	512	441	424	248
407	397	331	333	438	450	344	354	348	387	344	345	414	437	376	311	374	335	278	302	360	385	423	330	279	264	286	268	297	337	351	349	346	318	299	326	309	314	295	352	400	365	356	351	341	318	345	341	240	244	305	337	327	329	317	352	390	373	318	310	304	283	294	329	265	243	283	319	323	351	356	339	371	444	449	457	483	486	471	433	461	490	502	501	517	499	446	448	430	408	439	433	441	461	613	564	490	496	499	480	459	447	435	480	498	509	505	518	534	545	528	544	545	547	543	545	572	491	478	444
437	354	350	349	353	344	360	313	279	297	303	394	392	437	376	424	374	277	244	303	492	559	518	388	358	296	308	293	313	315	358	344	333	327	320	395	358	344	389	442	433	435	394	358	439	458	422	361	292	290	322	358	356	353	298	335	363	377	340	369	348	328	327	297	248	244	287	262	261	284	377	378	355	425	444	466	483	495	485	452	468	461	497	493	483	474	444	469	469	446	435	433	444	477	555	507	448	485	578	496	469	430	399	432	431	461	448	510	502	501	471	489	501	527	542	520	525	479	431	359
403	378	284	288	345	354	336	343	255	288	366	414	436	459	431	457	451	388	338	444	501	533	533	380	309	251	256	260	277	271	292	323	308	273	339	354	427	436	425	409	445	499	430	489	434	420	382	351	322	330	351	368	369	346	316	328	342	370	362	331	341	328	318	292	240	250	269	266	309	335	420	394	368	421	445	468	479	480	478	471	457	459	462	443	466	471	472	486	486	470	451	464	474	472	468	444	438	465	462	471	475	435	373	420	441	451	431	491	523	517	472	499	478	497	537	515	617	535	416	372
314	314	270	289	369	386	377	390	327	372	479	507	558	451	408	474	489	415	452	541	478	463	459	335	284	230	230	229	244	289	275	284	302	310	292	366	501	532	503	444	429	451	457	452	389	350	363	355	360	366	407	356	397	358	334	328	323	335	355	326	318	320	313	318	289	263	256	281	381	381	417	370	399	380	444	453	465	468	467	463	448	480	448	451	465	464	461	475	483	480	449	461	471	456	452	430	439	461	476	461	469	461	433	440	409	425	416	516	588	525	511	519	507	519	520	471	617	536	445	423
309	289	268	367	356	400	420	468	371	430	448	391	405	388	414	457	508	438	446	463	437	403	377	308	273	268	238	260	329	322	250	294	321	315	322	386	456	477	456	430	394	467	430	336	374	368	349	318	392	385	390	375	387	338	305	294	297	333	337	302	312	316	306	315	310	299	295	304	354	400	423	409	407	391	389	402	453	468	443	448	432	444	448	435	443	462	449	465	477	483	463	464	464	451	442	443	453	452	467	457	453	445	464	453	398	395	411	503	533	585	546	529	534	543	473	435	491	493	481	433
259	238	240	304	341	350	391	435	475	429	394	386	374	395	379	391	421	410	415	409	382	378	340	289	315	331	345	367	338	323	243	318	337	324	334	443	527	495	426	417	436	435	400	364	407	361	361	340	334	327	321	332	318	285	308	315	304	318	305	311	306	306	314	297	305	415	387	331	360	352	370	352	402	429	401	432	442	443	450	469	453	459	421	407	424	460	461	448	444	440	434	445	448	436	443	436	452	454	470	453	439	505	471	409	365	416	466	543	510	627	591	547	516	507	448	428	435	425	386	355
241	253	256	271	339	371	373	352	406	431	416	455	426	369	387	374	370	404	441	360	323	392	408	354	308	306	323	345	305	258	243	301	326	344	366	481	532	491	411	373	387	416	382	359	390	355	322	338	355	270	252	269	290	295	300	310	315	331	286	299	298	274	283	266	292	391	362	332	338	367	348	335	404	401	420	426	434	410	382	402	437	445	431	441	443	444	454	447	445	382	409	405	431	454	461	441	415	438	464	459	437	446	451	431	382	419	426	491	475	466	485	505	511	498	489	477	455	418	391	366
238	243	257	303	315	377	372	321	377	459	484	452	415	391	409	390	387	430	456	447	435	536	498	400	368	318	311	340	299	274	295	297	313	310	352	455	417	412	443	373	344	358	348	335	327	300	280	311	327	277	270	264	278	295	293	292	303	313	283	298	303	327	329	335	319	373	360	359	362	390	364	321	328	393	415	420	360	330	337	356	379	402	430	411	450	441	442	436	436	402	430	392	361	395	423	438	445	445	462	413	372	410	454	466	434	415	346	407	431	478	601	490	495	447	465	464	458	446	418	385
243	244	251	307	337	389	456	391	398	393	441	440	356	413	405	457	443	458	482	427	519	599	558	402	366	375	327	331	295	305	290	309	315	341	353	419	397	381	380	367	354	356	338	313	313	292	260	298	255	274	298	324	327	331	304	294	307	298	292	295	352	409	341	313	313	317	370	388	378	392	332	296	302	328	348	354	307	309	332	338	392	383	415	345	394	423	403	406	416	393	351	334	373	373	420	424	418	431	391	378	333	345	436	473	452	375	383	466	429	473	542	450	454	436	449	449	467	470	426	342
252	232	237	294	300	325	353	402	423	398	409	414	376	405	473	489	480	427	419	356	365	422	454	428	416	392	382	281	250	284	250	289	286	306	315	321	331	342	332	387	355	305	334	355	348	316	271	265	265	288	314	375	365	356	278	299	342	371	306	323	439	425	327	356	324	325	412	434	433	388	276	248	238	279	283	308	294	248	247	227	237	249	273	342	361	381	341	335	368	359	376	404	402	405	412	345	314	398	408	349	323	346	394	425	407	412	452	406	376	399	413	377	444	468	445	385	379	366	360	293
230	238	260	313	290	316	328	461	402	376	392	399	386	386	419	483	466	438	450	407	343	320	345	412	486	443	365	321	309	273	290	312	270	272	279	313	335	365	366	341	354	334	352	360	363	355	322	286	272	318	341	364	359	317	290	323	404	377	338	383	468	423	366	382	310	315	412	315	291	258	310	291	321	262	243	233	257	228	236	221	221	236	256	297	313	303	300	307	334	308	334	356	357	394	375	329	296	381	423	345	322	340	340	335	296	371	441	345	348	412	337	343	383	419	422	386	381	365	338	272
244	252	263	307	291	310	321	467	368	352	377	386	473	430	433	480	520	462	415	440	368	307	292	365	389	400	353	342	356	308	278	274	262	232	269	342	365	385	358	343	349	339	347	358	377	407	312	315	264	258	307	335	337	304	291	382	354	342	325	451	467	401	365	434	310	266	310	308	243	276	341	242	216	227	207	202	220	221	245	272	274	263	264	250	246	239	248	268	263	283	334	362	361	362	357	354	397	326	326	297	319	335	307	301	258	271	281	266	297	336	301	269	263	292	292	334	344	342	322	257
245	246	243	291	290	314	325	389	326	344	368	422	407	416	424	437	477	442	414	459	446	366	314	296	303	357	342	386	366	337	282	254	258	244	269	315	312	328	345	347	331	360	366	395	397	347	345	314	254	242	268	290	276	249	264	300	316	354	336	405	448	405	439	464	365	302	306	259	277	328	316	242	190	252	187	195	230	220	248	242	251	266	282	266	264	242	245	249	234	263	320	348	310	337	331	307	294	296	267	286	289	240	240	258	227	231	203	216	235	238	212	210	222	238	245	257	271	275	262	233
210	176	176	245	238	271	266	273	274	278	296	345	352	355	346	359	381	368	385	386	409	345	319	323	299	274	263	206	307	238	249	233	231	251	248	275	290	293	273	260	290	313	326	370	353	324	280	207	210	225	198	227	239	245	242	300	362	381	318	456	391	450	574	417	418	338	274	292	342	366	383	272	262	222	201	181	215	238	254	176	214	239	232	186	179	182	194	209	231	250	396	306	278	304	318	259	249	288	238	297	283	278	254	281	247	235	211	175	167	166	148	154	211	195	199	224	220	234	227	203
208	216	231	236	230	238	226	249	228	273	267	302	329	354	337	343	356	341	375	368	372	345	327	300	338	307	278	272	232	227	232	211	220	233	264	256	246	284	268	284	324	338	320	345	324	283	273	233	219	217	241	224	230	277	266	285	278	313	302	358	347	426	554	359	361	392	284	260	324	364	407	310	332	273	252	207	196	217	267	209	182	206	229	189	171	173	176	219	222	166	200	250	264	300	249	210	199	246	250	308	305	250	220	250	244	176	176	177	172	137	134	145	168	143	140	165	174	185	187	198
195	216	222	228	216	220	192	254	215	239	267	286	295	337	342	320	311	320	354	346	322	314	325	286	306	334	300	293	265	219	227	213	217	270	307	258	210	247	263	327	357	394	288	297	297	300	301	234	182	202	293	257	257	302	279	250	252	258	264	320	310	411	390	357	349	354	277	263	278	325	397	284	277	250	260	269	231	210	214	192	190	162	168	198	235	163	155	204	229	164	193	216	263	316	301	235	167	165	201	260	226	185	168	202	195	155	126	146	150	155	123	124	122	106	128	145	157	153	164	157
306	260	245	219	190	182	175	280	274	268	263	316	342	359	368	353	339	331	336	368	327	296	286	278	286	303	325	308	328	265	248	224	225	264	304	260	241	257	332	311	372	368	320	292	281	278	257	233	185	213	247	276	283	257	245	262	224	255	237	282	251	362	348	259	270	306	282	264	232	273	271	224	197	219	243	245	235	214	201	153	194	155	118	160	158	169	168	152	152	140	235	237	202	261	285	193	160	151	157	158	187	218	181	203	175	138	124	151	138	214	141	104	110	108	127	145	130	134	139	146
311	280	277	254	238	245	263	258	283	293	259	325	360	377	353	315	300	274	298	299	296	271	260	268	282	315	300	300	318	342	265	263	263	254	278	271	259	261	303	288	259	311	254	239	229	262	230	242	191	176	255	342	309	243	219	218	210	229	216	284	239	234	206	245	189	211	243	258	191	271	284	237	214	229	250	236	304	212	189	151	155	170	132	170	181	168	144	124	131	169	260	177	193	209	302	201	170	163	144	144	139	162	160	134	139	92.1	103	129	140	159	111	91.8	87	106	159	141	123	129	134	115
287	342	254	262	270	276	286	286	267	280	287	304	335	375	324	283	294	289	318	306	273	271	282	287	294	439	306	273	313	272	247	246	252	269	268	279	286	285	281	256	237	209	187	200	191	211	218	216	211	184	233	224	226	224	229	206	193	214	312	275	291	185	210	206	236	192	274	280	229	270	279	246	186	211	271	234	211	244	224	180	147	103	156	169	267	228	196	181	170	205	271	198	186	194	214	168	228	229	182	145	156	189	153	154	146	151	127	146	116	139	123	117	114	122	128	125	106	106	96.4	76.1
303	314	290	300	281	263	293	288	243	267	268	259	277	321	296	288	279	283	298	267	255	263	270	275	270	295	285	288	293	244	285	239	238	235	218	227	259	294	276	206	247	205	166	164	202	203	197	207	169	212	240	236	225	223	222	297	304	200	253	317	198	212	269	260	333	220	259	224	216	208	270	213	178	166	207	234	171	182	229	183	168	147	195	243	306	307	212	207	155	162	246	226	166	217	194	183	240	205	235	169	209	170	156	165	156	151	154	135	119	147	151	122	140	110	98.5	106	87.8	83.8	77.8	66.9
294	282	279	330	309	261	277	271	283	286	301	252	275	333	298	286	298	294	298	274	245	289	277	296	273	301	269	284	309	311	230	253	284	246	205	188	211	229	243	240	239	186	173	190	230	199	212	209	175	208	195	213	233	208	227	260	232	215	199	252	258	252	285	235	249	219	184	176	224	211	218	195	174	220	180	153	143	161	176	162	175	222	263	274	260	305	234	224	149	232	303	176	138	202	201	173	127	149	194	160	154	132	131	115	99.1	99.4	107	125	122	120	137	123	101	86.8	93.9	86.1	87	85.5	71.9	74.2
267	277	280	308	349	272	276	278	285	291	285	258	257	338	307	306	293	354	305	244	247	287	289	335	303	293	281	315	323	391	410	413	383	337	270	241	212	212	222	238	254	252	231	220	267	233	254	168	166	178	152	199	234	207	186	215	190	183	168	199	176	162	158	190	186	174	193	177	188	158	143	160	161	152	191	129	123	164	216	212	215	165	219	268	251	259	187	212	259	233	179	145	145	183	168	140	128	126	157	139	120	120	119	127	91.4	85.7	98.8	144	104	99.9	116	91.6	93.6	80.8	70	61.3	51.1	69.7	67.2	62
319	321	299	304	287	273	252	265	284	260	259	248	262	352	399	342	306	398	387	246	229	276	298	284	330	360	282	360	259	246	315	273	331	321	284	223	243	217	212	217	245	259	265	220	207	217	237	215	188	168	158	158	148	159	163	175	204	246	201	206	218	164	185	246	212	174	166	160	128	124	141	132	137	148	163	144	129	181	195	147	153	161	190	276	361	299	212	244	219	175	168	178	189	234	152	136	121	132	155	158	116	103	134	113	76.9	77.8	88.4	117	143	119	101	82.4	86.8	88.5	74.9	63.7	51.4	52.8	57.7	46.4
308	324	336	329	310	289	251	241	275	266	284	265	283	347	410	377	371	341	340	268	266	290	320	260	287	321	276	352	256	280	348	352	346	313	219	243	234	219	236	242	261	279	270	219	228	238	223	203	216	207	149	154	182	158	170	205	251	254	208	237	219	229	222	222	218	158	175	145	118	109	106	125	165	161	167	189	176	198	196	149	125	138	224	243	217	233	195	237	189	124	149	162	187	223	157	137	127	122	111	117	115	105	94.6	83.7	86.4	86.3	89.3	99.1	102	103	104	72.7	53.9	58.2	74.9	66.5	65.8	49.9	60.9	55.6
322	342	341	339	306	295	269	240	268	293	325	304	323	328	392	374	364	304	273	255	248	268	242	220	253	263	259	259	284	295	355	272	333	302	277	273	290	328	317	251	281	280	247	223	221	223	224	189	201	279	174	166	214	219	165	227	227	204	180	260	213	270	321	277	181	131	107	111	121	130	140	98.7	166	159	137	179	203	181	130	127	105	114	167	156	127	168	148	170	162	166	146	135	174	191	175	138	143	134	151	133	145	119	94.5	90.1	105	128	109	108	92.6	80.3	81.8	68.3	72.7	67.5	75.7	73.5	75.2	55.4	50.1	61.8
299	297	323	361	306	313	253	230	232	273	342	305	362	308	411	415	347	260	221	254	252	215	205	280	354	301	254	255	255	262	297	258	222	245	288	338	352	339	278	242	244	254	231	237	226	245	264	191	167	175	180	218	291	209	176	238	223	186	219	236	209	227	234	191	147	126	119	125	142	140	122	146	165	163	150	172	211	155	136	118	122	149	178	159	161	151	152	149	183	191	190	160	165	179	204	195	230	162	199	187	187	152	112	121	153	178	119	120	86.3	69.5	70.1	108	109	75.8	69.6	66.2	48.8	42.3	51.5	36.6
260	276	266	244	260	275	227	242	236	249	282	269	326	287	306	267	218	234	218	184	191	188	221	299	355	304	277	270	254	244	230	255	207	249	261	281	299	296	278	237	207	214	231	204	231	272	268	195	185	177	173	233	283	204	192	209	185	184	250	237	221	263	278	230	166	159	144	153	161	173	156	167	183	175	151	136	131	129	146	153	141	152	158	116	131	171	132	164	164	155	149	151	169	168	207	202	190	188	242	182	185	182	139	164	154	180	125	115	99.4	82.5	83.8	139	106	78.2	68.3	51.1	32.5	25.7	48.5	38.1
234	248	232	196	237	239	240	221	229	211	228	239	257	268	254	196	203	180	211	182	164	182	237	308	276	253	255	295	256	273	248	258	225	246	217	219	242	245	258	224	219	254	239	226	241	295	294	215	220	188	287	247	241	189	191	210	193	149	192	202	224	239	244	188	170	178	146	166	172	147	172	155	170	165	121	91.2	98.7	93.2	137	165	164	157	140	128	125	115	147	182	198	202	185	179	188	189	194	185	183	210	225	182	185	157	124	150	125	125	112	113	104	86.8	73.2	90.8	75.5	41.8	39.2	28	24.6	32.9	27.7	31.5
204	236	229	216	229	204	196	198	200	187	206	198	230	262	231	204	188	205	209	229	200	195	202	267	260	244	189	244	249	310	295	224	217	237	213	220	244	251	268	244	241	239	240	211	223	301	316	263	217	183	218	194	181	143	168	215	205	202	196	213	184	198	165	99.2	92.7	95.4	117	103	148	150	159	154	127	125	104	90.1	84.8	103	108	110	161	138	157	158	174	150	156	157	176	193	199	155	167	165	153	174	183	186	202	177	164	134	109	124	120	87.3	106	103	88	78.6	87.4	103	95.7	59.1	40.4	37.1	31	40.6	34.2	30.7
182	217	210	201	161	156	172	161	146	153	153	158	217	235	245	227	204	214	201	241	252	239	245	250	241	215	207	234	283	272	308	235	194	186	187	209	198	207	227	227	242	224	254	231	263	279	261	205	189	183	165	158	135	122	116	154	297	212	162	230	197	193	174	132	94.1	68.2	61	83.1	89.1	106	150	131	118	97.4	93.7	94.4	122	104	99.1	86	89.2	109	156	168	188	191	191	174	159	140	103	108	164	166	133	160	188	178	176	160	187	151	131	133	125	105	98.1	95.8	70.3	75	83.9	101	104	69.8	27.2	33.2	40.3	38.2	51	35
196	221	220	202	175	165	155	173	157	136	143	132	138	189	222	206	218	180	182	229	243	204	202	247	242	235	224	270	284	297	278	273	231	209	184	170	201	173	191	201	227	236	240	240	268	247	246	165	174	185	150	114	102	84	110	166	174	136	135	223	247	243	214	156	111	78.4	81.1	88.8	84.9	92.8	91.4	89.7	86.7	86.9	104	96.4	107	98.7	89.8	86.8	76.7	118	153	166	162	190	186	155	149	143	116	144	183	196	181	155	157	162	165	145	123	122	118	107	123	102	101	89.7	85	88.6	67.9	79.9	92	52.4	35.9	33.7	39.4	48.9	88.3	44.8
195	215	213	246	253	174	137	159	179	169	150	120	122	169	206	203	211	204	196	206	227	193	197	241	227	228	215	247	221	226	224	245	257	247	185	195	227	203	200	206	211	204	216	235	246	266	248	195	176	160	144	156	137	109	132	168	114	90.2	95	179	230	209	163	124	104	106	115	94.4	100	70.5	59.3	67	74.5	50.1	58.7	71.5	68.1	73.9	92.9	91	86.2	134	114	156	159	171	162	165	158	134	163	231	262	227	197	170	182	189	160	115	111	111	110	111	110	108	112	107	98.7	103	67.3	70	81.3	62.1	62.4	69.9	52.9	101	119	63.1
194	212	198	173	173	169	154	171	187	152	158	147	144	163	233	244	201	188	195	210	271	209	175	228	226	207	225	213	208	218	201	186	189	194	177	170	170	188	205	221	219	218	224	211	225	247	254	210	203	157	151	204	177	114	82	75.8	54.5	57.9	63.1	133	190	221	162	94	94.1	99.7	105	100	83.8	58.6	57.9	57.8	54.5	49.7	42.8	44.5	52.4	84.1	79.5	87.7	97.7	99.3	103	124	136	122	130	122	136	142	187	275	228	218	187	158	186	167	147	115	113	101	106	99.8	98.2	98.6	85.4	95.2	127	97	145	122	107	102	79	100	92.1	103	132	78.7
146	169	171	141	150	207	227	220	166	123	183	163	149	210	216	204	203	206	206	241	244	206	197	235	229	207	207	224	215	202	207	190	186	170	177	176	170	192	217	171	170	212	217	257	237	281	266	244	269	166	159	160	180	107	45.3	35.2	42.4	40.1	55.7	151	218	224	154	92.6	100	97.7	89.3	105	58.8	47.8	60.4	61.2	60.4	56.9	53.4	61.5	49.5	56	69.2	86.1	85.3	84.8	89.2	131	122	162	143	149	125	162	228	274	288	204	172	188	207	160	138	121	127	106	97.1	101	109	91.2	104	98.3	120	99.2	103	127	112	97.8	97.5	70.9	59.7	78.2	74.6	115
164	151	147	122	160	170	186	174	142	141	181	140	170	213	177	204	245	216	163	197	199	206	206	234	226	186	191	233	194	177	196	185	175	162	165	196	215	219	201	182	170	181	230	285	311	266	260	215	225	172	143	101	109	89.9	54.6	46.3	64.9	76.5	73.6	146	226	240	142	126	148	136	129	141	97	49.4	45.7	45.4	54.6	64.2	70.2	71.6	70	71.1	70.3	70.6	57	76.9	83.7	99.1	86.3	115	115	114	111	140	122	119	229	173	180	178	170	157	148	135	146	139	130	133	151	127	112	106	106	79.3	69.3	90.1	69.8	56.5	48.8	43.4	43.5	58.1	94.6	114
140	132	125	115	163	177	178	152	153	143	112	113	152	182	189	189	198	194	166	195	200	202	208	238	229	201	196	218	198	176	179	198	175	191	166	198	209	176	187	150	165	185	276	368	343	290	288	243	209	187	124	91.9	97.6	85.1	69.2	131	94.6	78.6	70	117	131	136	146	146	135	149	124	146	121	68.9	46.6	49.3	49.3	52	65.1	68.1	61.2	66.6	71.2	109	82	71.5	70.6	80.6	66	67.1	81	94.9	130	97	65.6	99.1	122	121	114	142	139	145	158	132	179	191	155	174	164	195	162	137	97.3	104	83.1	83.6	59.4	35.5	31.8	40.6	74.6	74.9	85.9	133
148	156	147	113	102	153	165	148	125	123	144	119	140	166	179	179	191	174	169	196	231	230	217	254	242	209	189	193	185	168	169	188	168	177	173	167	186	153	141	148	159	171	222	236	270	280	321	247	200	176	150	98	99.7	65.9	55.5	94.2	106	111	78.5	101	75.7	102	126	128	109	126	128	125	93.3	64	52.7	48	47	55	49.7	46.4	50.6	68.4	68.1	85.2	71.7	68.7	56.4	68.4	70.3	76.1	70.5	57.6	91.2	108	63.7	85.9	98.7	118	89.3	110	119	140	148	126	170	235	221	160	156	195	180	163	106	107	78	62.6	55.9	50.1	75.9	80.3	81.5	76.2	83	127
196	207	181	134	109	136	150	133	113	115	132	152	184	187	185	182	161	161	168	227	224	216	218	237	210	179	169	204	185	186	178	220	217	238	197	156	169	163	136	146	164	202	234	277	236	280	290	198	175	159	152	144	118	89.5	99.3	108	126	130	123	98	71.1	86.4	90.7	72.2	77.6	87.4	107	97.6	99.7	73.5	56	52.7	50.1	38.2	41.4	38.5	77.2	80.8	86.9	60.6	61.3	78.6	89.3	97.2	53.6	60.3	51.6	66.4	101	101	68.7	33	48.8	66.2	85	130	138	140	134	107	124	144	160	155	137	151	142	125	106	115	93.1	93.7	93	67.8	65.6	91.8	94.3	85.7	88.6	101
203	199	196	142	144	178	202	181	135	130	134	150	171	184	206	209	174	158	166	203	204	200	196	215	217	193	218	192	177	190	175	204	220	194	186	200	185	113	112	160	202	250	234	267	244	236	216	183	172	162	161	114	130	142	127	158	127	147	111	83	53.1	80	86.4	75	68	82.3	92.7	80.7	92.8	75.2	51.4	53.7	48.5	41.1	48.1	40.2	54.1	69.3	68.7	66.3	90	79.6	88	93.1	83.1	88.1	80.8	68	81.7	92.4	60.3	78.4	50	51.5	64.7	116	121	121	127	97.8	89.5	93.1	95.3	143	140	129	127	118	105	95.5	74	77.9	86.3	70.2	57.5	63.6	75	115	75.2	73.4
148	164	177	175	198	189	231	180	170	157	144	142	157	195	182	166	151	138	143	181	173	175	173	191	212	234	238	208	179	212	232	231	211	209	192	181	190	164	144	130	152	186	232	246	252	182	174	152	133	137	130	117	136	165	112	137	113	104	146	70.5	75.3	76.4	107	108	81.1	88.8	79.2	68.2	89	92.2	76.9	60	61.7	60.1	54.5	60.3	64.6	88.8	77.9	88.9	82.2	64	76.6	100	92.1	90.2	63.3	61.2	72.9	78.2	73	81.6	82	65.2	63.6	88	105	124	119	99.7	88.5	87.1	60.8	102	115	116	118	106	91.9	90.3	76.4	76.1	60.9	55.1	57	52.4	44.5	42.7	47.9	45.7
152	191	191	215	260	247	205	159	153	158	188	197	220	215	183	150	148	138	152	191	179	152	163	164	179	219	219	221	198	204	214	211	180	193	153	120	195	173	138	144	120	143	163	177	198	159	134	142	158	160	137	119	130	119	99.3	95	112	111	94.8	69.8	67.8	61.1	69.8	95.6	128	86.4	91.4	93.9	78.9	73.1	94.6	88.7	67	58.4	42.9	47.8	70.3	83	88.7	82.6	73.5	60.7	91.6	101	95.9	97.6	60.1	43.4	37.2	66.8	70.9	83.7	93.8	55.3	42.2	72.9	112	112	98.3	101	83	58.8	56.4	84.8	128	122	102	92.5	87.4	82.6	53	61.5	50.9	42.6	39.1	34.5	33.5	35.1	35	39.9
87.3	136	153	174	161	152	110	119	132	168	186	192	199	205	165	127	139	148	135	147	139	132	132	135	136	152	175	233	231	228	236	186	148	144	128	132	150	142	123	118	145	165	151	168	185	151	123	148	217	236	213	127	114	98.4	95.4	80.8	97	115	136	93.6	65.3	47.2	60	91.8	117	82.6	93.2	100	107	75.4	67.6	77.8	58.2	55.1	57.3	89.8	136	89.8	62.3	48.8	39.5	41	43	42.8	63.8	58	47.5	36.9	40.1	38.5	44.4	30.3	44.1	63.4	73.5	80.2	97.7	67.1	61	77.7	96.3	62.2	33.6	67.2	101	122	116	93.9	127	132	127	107	82.1	65.7	60	50.8	54.5	67.6	63.8	82
80.6	111	103	123	104	94.2	99.2	127	186	209	188	193	192	188	157	120	137	142	126	124	127	131	108	114	105	109	138	238	284	223	201	198	165	135	113	102	128	142	130	122	107	142	112	147	167	160	155	155	220	129	93.3	86.5	89.1	72.8	91.6	76.8	95.9	103	92.2	77.4	87.7	71.3	106	89	94.9	92.5	96.8	110	100	71.9	55.2	69.8	68.8	63.9	65.2	91.2	75.3	69.3	60.3	45.9	42.8	35.8	33	24.8	33.3	41.4	36.6	30.8	37.5	46.4	45.3	31.6	15.7	33.9	67.2	87.4	72.1	57.1	65.4	76.5	97.7	82.1	48.6	89.8	64.9	49	50.6	72.8	113	98.2	95.2	79.5	55.7	50.7	72.4	60.9	59.6	62.5	67.4	76.3
88	88	75	76.2	62.4	72.5	80	121	137	170	244	193	207	208	196	135	134	133	139	149	123	121	113	125	108	101	125	199	224	187	165	171	151	116	97	112	166	152	136	143	97.4	90.3	98.1	126	192	144	169	183	182	124	99.8	110	100	90.6	106	88.3	70.2	77.8	78	84	73.1	51.5	74.5	81.7	90.4	103	108	119	109	89.4	54.9	72.3	77.7	61.2	53.8	53.2	53.1	48.4	74.4	55.6	38.1	44.5	37.6	37.1	41.3	61.1	53.7	60.7	37	50.1	48.9	39.3	24.4	53.9	84.9	89.5	78.3	68.1	61.1	51.2	60.8	70.9	48.4	75.7	63.7	54.6	80.3	90.5	90.6	86.6	91.5	80.4	66.1	69.9	75.1	85.4	65.8	60.2	52.4	61.1
74.5	83.7	66.4	63.4	57.8	65.2	60	83.2	168	205	255	213	183	191	185	217	192	169	169	157	139	107	122	157	147	127	101	141	122	138	125	120	101	100	99.6	120	168	124	99.5	94.3	102	105	105	116	148	164	171	172	178	168	151	137	127	143	140	113	92.5	75.3	70.9	56.6	82	36.5	48.7	73.8	80.3	95	94.8	93.4	95.2	68.8	56.7	76.7	74.6	60.5	48.8	53.3	96.6	107	68.8	54.4	48	32.5	41.8	45.9	42.9	87.1	86.5	69.7	41.8	67	61.3	38	25.1	45	89.4	58.4	63.5	68.7	51.3	53.6	66.2	51.3	41	76.4	91.9	73.2	78.6	76.6	91.2	93.5	95.2	73.3	66.3	59.9	57.5	61.2	60.8	53.9	46.9	61.8
56.9	58.3	63.8	85.6	58.2	47.6	46.3	59.1	104	153	193	200	184	201	208	221	182	140	139	169	147	124	115	137	121	99.8	85.5	90.5	98.3	107	97.7	86.5	76.7	71.1	69.3	84.2	90.2	84.3	79.8	78.1	83.8	91	96.9	90.1	89.9	97.3	112	126	115	150	147	160	138	126	121	136	108	86.2	65.9	58.2	56.3	66	45.5	96.1	88.1	79.4	82.5	95.2	83.8	79.3	90	84.9	85.5	72.3	60.6	44.6	87.2	55.8	56.5	49.8	51.7	37.8	44.1	43.6	44.7	67.5	66.5	45.3	36	55.3	58.6	48.1	37.5	41.7	65	79.9	77.8	81.5	67.8	48.5	69.3	45.7	51.8	106	79.2	64.5	60.3	72.7	80.2	63.5	57.1	61.5	69.1	55.8	59.1	59.8	57.3	50.9	39.8	53.2
51.6	45.4	50	77.3	82.7	57.3	48.8	54.2	62.4	100	133	164	176	158	184	205	207	160	150	159	149	131	119	116	85.6	76.7	77.1	90.7	93.8	90.3	90.6	84	82.6	74	75.8	72.2	80.8	79.1	76.6	86.6	68.3	75.2	78.6	103	113	89.8	111	128	116	107	117	132	122	127	138	128	105	91.3	61.8	30.2	49.7	71.6	43.6	86.1	94.2	79.3	85.3	84.8	103	105	91.5	100	84.2	87.9	83.8	77.1	71.1	29.3	16.1	38.5	31.4	50	38.7	48.9	50.1	74.1	49.5	45.5	41.4	50.4	67.8	66.2	49.5	41.3	84.2	64.9	55.3	59.1	46.9	27.6	37.8	57.5	43.9	82.2	68.3	45.3	39.5	51.1	58.4	85.2	56.4	47.5	64	50.3	53	59.4	59.2	54.4	38.2	56.4
45.5	40.2	42.7	32.7	32.9	50.6	52.7	45.4	41.2	66.2	96.2	102	110	106	146	193	177	150	147	131	103	96	92.8	92.5	75.9	70.6	74.7	85.7	84.5	70.7	69.8	75.1	71.9	68.8	72.7	75.3	75.2	74.9	79.1	84.7	70.9	82.5	96.2	137	127	108	78.8	113	99.9	85.5	108	109	91.7	85.7	97.7	132	124	115	70.2	53.8	57.1	62.8	38.9	89.8	105	99.3	94.7	89.9	93.1	104	111	109	90.1	102	113	107	80.9	55.4	48	31.5	24.6	27.3	29.2	36.7	46.8	95.7	50.9	64.2	57.2	61.2	47.2	45.5	30.5	33.7	40.4	36.7	34	50.2	47.4	38.3	54	49.8	28.3	63.3	73	57.6	40.5	49.6	50.1	39.2	43.1	47.2	54.3	59.8	51.4	48	37.3	70.5	57.4	50.1
32.4	37.9	41.6	31.8	33.7	38	40.7	33.7	38.9	49.1	70.4	77.8	66.1	78.5	82.9	116	120	121	114	104	81.1	84.3	86.6	83.5	76.9	74.7	88.7	92.7	97.9	76	65.5	71.1	67.9	61	63.7	84.4	86.7	107	85.2	78.8	66.5	80	86.7	102	99.6	142	83.6	63.5	69.7	82.3	105	107	103	83.4	89.5	127	124	123	87.4	78.1	61.9	52.3	68.2	137	117	114	99.5	103	104	110	118	121	115	108	112	98.9	68.8	59.9	47.2	58.7	52.5	37.3	23.9	31.2	48	57.4	48.3	59.7	69.3	64.9	37	33.1	29.1	27.5	24.8	31.8	62	48.1	47.4	41.1	32.9	27	22.2	66.9	79.7	68.3	65.8	40.3	40.1	53.1	63.3	57.9	50.7	53.5	53	36.3	32.3	43.3	50.2	43
31.1	31.2	44.2	31.3	26.7	27.3	24.9	27.1	31.1	36.7	37.5	52.5	45.5	46.6	51.6	67.6	91.7	87.9	83.9	80	71.3	76.6	73.6	88.8	95.6	106	106	119	114	89.2	76	69.9	66.3	63.5	62.9	87.6	96.5	93.9	74.7	64.3	68.2	76.5	76.1	68.4	81.3	103	68.9	47.8	75.6	72.3	130	113	107	70.8	90.6	152	117	111	94.1	122	101	108	116	164	148	154	139	157	152	140	135	130	141	127	126	145	133	78.7	68.8	63.3	51.6	48.5	36.5	37.9	34.3	25.6	41.3	48.5	40.7	51.8	39.3	37.7	31.4	36.9	42.2	25.8	36.4	48.7	41	84.1	51.1	59.5	69.5	78.9	84	76.3	57.4	50.3	58.7	60.7	58.5	71.6	66.5	51.9	40.1	45.9	31.7	33.8	32	28.4
28.8	28.8	32.7	34.3	26	26.3	24	19.5	24.5	31.2	33.8	43.8	37.2	35.9	37.9	53.7	55.5	60.5	62.4	65.3	62.1	61.8	71.6	88.6	94.8	106	122	125	119	98.7	84	71.3	63.6	55.8	58.2	66.3	74.8	68.6	67.7	64.3	60.7	54.6	63.2	67.1	85.4	74.5	64.4	65.9	77	90.6	103	94.1	83	77.3	80.3	122	112	105	99.3	101	76.3	97	112	153	146	141	146	149	156	172	134	132	144	149	145	148	142	97.2	63	62.5	48.4	43.1	29	20.6	21.3	23.2	23.3	35.8	42.6	37.3	32.6	53.5	63.8	44.3	27.9	27.3	30.8	37	29.6	52.8	58.8	62.2	55.7	86.9	92	62.2	68.7	59.2	55.8	52.5	44.3	48.4	38.8	39.9	35.1	43.9	36.3	42.4	43.3	25.5
27.7	27.3	29.5	29.8	29.7	26.5	23.4	21.9	24.8	23.8	26.4	31.1	38.5	35.9	35.5	42.9	47.2	68.4	71.1	71.3	77	63.1	78.7	105	97.5	104	113	118	121	106	87.1	72.9	66.9	51.4	51.9	54.7	58.4	60.5	64.8	62.7	58.1	62.3	65.3	64.9	73.3	69.7	74.8	78.6	68.5	61.8	66.2	89.3	82	57.1	68	150	131	112	106	111	85.8	102	147	180	130	136	140	173	162	128	109	140	139	141	148	113	94.5	90.5	68	61.6	57	45.9	29.4	16.7	26.9	18.9	17.8	25.5	36.7	31.8	24.9	30.1	59.7	66.6	54.2	32	44.6	35.4	30.2	68.1	64.6	80.5	59.2	70.3	62.6	52.4	59.8	49.3	52.8	47	32.2	43.6	40.3	43.6	41.5	38.9	45.9	50.3	33.2	21.1
33.6	31.2	44.8	36.9	30.3	24	22.4	22.7	17.7	19.1	20.2	27.4	33	38.4	34.7	42.3	47	46.2	62.5	70.7	95.1	74.5	74.9	108	109	97.3	105	108	115	106	96.3	74.5	65.1	58.3	57.4	55.5	61.1	64.9	59.4	53.8	53.3	58.4	73	71.9	97.4	70.5	69.1	66.2	53.2	38.2	60.5	80.8	63	69.1	38.7	76.7	137	137	145	172	106	96.6	101	127	121	137	153	161	186	115	82.2	119	131	125	133	117	96.7	84	71.6	68.8	72.1	47.4	35.7	32.2	26.7	22.8	23.9	28.8	30.5	39.2	32.9	29	42.5	35.5	43.7	33.6	28.2	32.1	38.4	68.6	89.4	74.7	75.5	78.4	70.4	56.8	63.1	46.8	50.2	51	32.5	33.3	36.2	35.7	58.4	69.2	45.1	42.4	22.9	20
31.7	34	36	32.5	28	21.8	21.1	20.8	18.3	27.1	31.8	35.6	33.3	31.3	28.4	37.8	40.3	39.4	47	59.3	84.3	83.1	78.7	95.2	108	99.6	106	111	108	105	93.4	89.5	93	78.8	66.5	55.1	66.6	57.4	58.5	45.8	53.6	51.5	50.3	55.8	65.7	60.4	55	52.4	56.2	61.7	64.9	67.4	68.9	61.4	58.3	72.4	83.4	85	103	133	109	100	98.5	114	124	119	121	145	157	122	126	140	163	145	146	118	77.6	58.7	90.4	96.2	77.3	65.8	58.3	96.4	78.1	39.4	32.5	36.8	42.2	55.7	52.7	56.4	69.9	51.4	39.2	36.9	36.9	50.7	60.4	112	90.6	70.9	73.6	90.4	80.1	63.2	66.5	54.1	53.8	41	37	42.5	36.9	38.4	31.2	45.9	43.9	42.2	30.5	24.3
25.5	31.1	22.6	45.1	46.8	35.1	32.9	29.7	21.5	31.5	28.4	30.4	34.5	27.3	29.3	33	35	37.9	39.3	48.3	68.4	94.8	87.1	102	101	102	107	116	106	97.6	84.7	83	98	90.8	66.2	62.9	65.8	61.6	58	55.9	54.1	46.9	42.6	48.7	53.3	62.3	63.5	58.6	60.9	62.3	60.7	65.8	65.7	58.4	71.4	69.8	62.6	75.1	91.2	115	124	116	98	105	131	135	118	130	117	110	111	152	178	165	132	89.9	108	85.4	85.1	80.1	82.5	68.7	65.7	127	93.1	64	66	61.5	49.4	51.3	41.8	41.6	40.4	50	63	63.7	52.1	63.8	79	123	101	74.6	72.5	75.1	83.4	55	51.2	46.4	31.7	33.2	51	56.7	39.3	27.5	19.6	22.8	25.1	29.6	35.4	27
8.24	9.59	7.74	18.7	62.8	27.3	25.7	37.2	20.7	26.4	24.3	23.5	30.9	33.5	28.4	33.5	35.4	35.1	36.1	41.2	52.6	82.8	97	89.1	99.2	103	108	109	101	98.7	85.8	84.8	90.6	78.1	56.2	55.7	55.7	65.7	62.3	52.9	58.3	40.8	38.2	46.2	54.3	69.9	67.5	68.1	68.8	70.7	63.7	67	61	56.8	65	54.2	62	83.7	75.5	94.9	91.4	95.4	83.2	93.5	128	118	103	116	98.3	86.1	97.3	121	151	163	120	114	147	135	82	81	88	75.7	76.6	102	160	182	122	74.5	67	60.8	56	60.5	59.6	69.5	85	69.3	44	51.7	67.5	93.3	72.4	60.9	69	68.7	66.7	50.6	40.3	30.4	26.9	23.9	25.9	29.5	26.3	16.9	15.9	22.1	20.1	29.3	31.9	20
4.86	4.59	4.58	5.35	7.56	9.01	15.4	47.2	17.7	19.9	18.3	30.7	34.5	26.3	26.8	33	32.4	36.1	31.2	37.3	61.8	73.2	74.2	83.4	82.4	86.6	86.7	90.1	110	115	87.6	80	84.1	75.5	61.2	74.5	58	62.4	60.4	54.9	51.2	47.8	41.2	40.9	42	49.5	68	67.3	61.9	67.4	68.7	107	65.9	60.4	56.3	71.3	89.6	90.5	68.3	79	58.4	67.2	74.3	87.9	120	96.9	98.8	105	120	93.9	101	112	127	145	128	136	117	77.1	86.2	87.3	83.7	74	68	127	202	154	140	82.9	69.3	60.1	74.8	53.2	52.3	97.6	92.5	65.7	41.1	55.6	78.6	71.7	97.5	65.8	67.1	67.7	66.3	44	41	24.9	19.4	13.4	11.5	8.98	14.9	19.4	20.2	13.8	16.8	50.7	29.3	13.8
0.825	1.52	0.727	2.06	2.21	2.24	3.07	4.96	10.1	11.6	18.1	36.3	33.7	30.4	27.2	29.2	25.2	26.4	25.6	28.6	34.2	48.5	53.5	73	70.6	66.6	71.7	75.4	90.7	113	86.4	88.4	86.4	90.3	80.1	77.7	72.6	60.1	55.9	57.6	56.9	52.8	52.5	46.6	44	45	54.8	68.4	67.9	71	76.4	103	75.4	88.2	85.3	85.2	94	109	110	77.7	54.5	54.5	58.6	80.8	107	78.6	90.1	78.3	96.5	93	87.5	111	94.2	123	133	95.4	66.3	53.6	78.3	107	84.8	78.2	127	113	141	108	136	119	74.3	57.2	75.7	46.3	44.1	57.4	53.9	40.8	45.6	65	95.7	95.5	61.8	53.6	62.6	62.1	52.9	42.5	31.3	19.1	16.5	13.8	10.2	11.4	11.5	13	13.3	16.5	19.8	30.3	29.7	11.6
0.616	0.477	0.486	1.72	1.17	1.17	2.88	3.24	3.31	8.23	16.2	25.4	31.3	30.7	27.8	27.3	22.7	22.1	23.6	24.3	26.9	28.4	47.9	53.9	62.6	55.5	60.7	72.6	77.1	79.4	94.6	134	139	121	120	93.7	81.4	67.7	65.3	66	68.6	67.7	61	49.5	46.3	46	50.6	59.9	56.6	58.1	60.6	66	65.6	79.4	84.6	75.1	90.4	104	91.9	75.2	41.7	35.8	41.4	63.5	61	74.2	79	63.8	57.6	60.1	89.4	149	106	109	130	89.5	84.2	71.4	81.9	107	140	100	91.7	87	85.5	74.9	114	105	82.3	64.1	48.4	31.1	30.1	30.3	27.8	25.7	34.1	47.2	69.7	67.3	51.5	53.7	59.2	68.1	58.7	37.3	28.9	16.1	18	15.6	17.4	12.3	12.9	14.9	9.77	16.7	31.7	42.4	31.8	35.7
0.898	0.481	0.718	1.66	1.18	1.54	1.88	2.25	2.48	3.03	7.74	20.2	20.6	36.2	34.2	32.6	24.4	20.3	19.9	22.6	25.6	27.7	30.5	58.6	46.2	51.8	49.6	53.6	51.4	58.8	76	171	164	121	114	101	96.8	89.2	87.4	84.1	77.5	75.4	63.2	52.6	55	51.3	51.4	53.7	54.6	50.1	49.1	54.9	73.6	75.2	78.4	61.6	57.4	80.1	72.6	78.2	51.3	32.5	25.8	48.9	54.9	75.4	73.2	43.4	49.6	44.2	66.5	66	77.4	84	77.2	70.3	66.2	74.5	81.9	105	133	87.7	82.7	90	89.5	63.6	89.7	65.8	64.7	52.4	35.6	26.9	24.7	30.9	37.5	24.3	24.3	40.5	40.9	40.1	47.5	38.4	47.1	52.9	47.6	32.8	30.4	20	14.9	16.2	15.9	14.1	8.31	13.3	9.7	10.4	24.1	39.9	36.1	23.7
0.434	0.676	1.34	1.39	1.34	1.26	1.21	1.51	2.19	2.01	4.13	8.05	15.9	26.1	30.8	34.2	29.1	22.2	20.5	20.7	26.6	29.7	32.5	36.2	33.3	76.4	42.9	34	33.1	41.8	76.8	134	229	169	138	112	92.5	88.7	99.1	86.5	89.2	80.4	71.3	62.6	61.6	60.9	54.9	53.7	52.5	49.1	52.7	53.2	68.1	98.1	76.2	64.2	62.5	52.5	63.2	64.6	33.3	16.9	16.5	35.7	39.3	91	64.9	38.2	33.4	39.3	58.6	77.7	77.5	85.7	68.8	82.1	117	90.3	79.4	81.1	76.8	94	83.3	61.9	62.1	64.7	72.9	50.1	48.2	36.5	26.1	21.5	22.6	17.3	20.9	24.4	34.4	43.8	47.6	43.8	44.6	38.1	33.1	40.3	41	31.6	24.7	22.8	13.4	10.3	9.74	12.3	10.9	11.9	9.71	13.7	17.5	18.2	27.9	25.5
0.06	0.06	8.49	0.874	0.77	0.607	0.694	1.47	1.73	2.27	3.19	4.2	6.95	14.8	13.7	17.9	24.2	19.7	21.2	28.7	21.8	25.6	29.4	29.8	28.4	39.6	32.2	29	29.8	30.1	36.3	87.4	158	183	176	122	99.8	82.3	82.7	103	119	101	89	76.7	69.6	68.2	75.1	61	58.8	57.9	58.7	65.1	106	96.5	95.7	72.8	58.7	54.4	46.5	36.6	29.4	25	24.1	31.1	81.5	99.8	65.7	39.4	42.8	46.2	48.4	77.7	47.1	118	71	64.3	103	71	81.2	67.9	43.5	62.1	54.2	32.8	51.3	48.6	56.3	31.5	48.4	22.2	26.2	18.3	14.9	26.7	24.7	30.6	40.2	45.1	44.2	41.3	37.1	25.5	33.9	32.6	31.1	22.1	20.8	21.4	19.6	18.4	16.3	15.8	26.7	23.1	16.6	12.2	13.8	20.3	21.6	49.7
0	0	0.84	0.6	0.835	0.599	0.589	1.24	1.53	1.86	2.36	2.88	3.32	4.4	5.64	27.7	18.7	20.3	17.6	22.8	21.6	21.6	23.5	24.8	24	26.7	38.1	26.2	25.2	34.7	31	52.9	93.6	137	147	127	118	95.1	84.1	108	120	115	105	85.5	79.9	83.6	80.4	65.8	60.5	57.5	58	75.8	94	95.5	87.9	71.9	70	71.8	53.5	30.6	32.2	28	22.5	36.3	101	85.7	54.2	52.2	46.1	42.2	66.5	49.6	46.5	73.5	94.7	79.8	70.4	63.9	79.4	94	48.2	104	69.6	59.9	47.7	22	36.3	33	33.2	23.1	16.8	13.1	9.31	21.4	22	37	37.1	42.4	41.2	36.4	31.5	25.8	30.4	36.9	26.5	20.7	21.3	23.5	20.4	20.1	18.1	23.6	29.7	38.8	27.5	13.4	26.3	24.1	19.4	19.9
0	3.63	7.86	0.431	0.45	0.55	0.613	1.27	1.45	1.56	1.84	2.27	2.33	3.22	4.13	18.3	12.9	15.6	15.6	21.4	23.4	23.9	22.2	21.7	20	23.6	25.3	30	24.9	26.7	42.4	49.1	52.2	72.8	114	118	113	103	95.3	104	109	115	116	98.3	83.5	76.8	72.2	62.3	58.5	51.6	54.3	75.8	85.1	89.7	71.7	58	63	69.1	58	30.5	30.5	31	22.4	40.9	58.8	53.5	50.6	67.3	57.4	42.8	55.2	82	65.6	52.4	70.9	73.3	82.3	92.4	132	101	86.1	125	69.7	73.3	46.6	16.1	25	39.1	24.2	20.4	18.7	9.67	9.82	15.6	13.8	17.9	30.4	35.5	32.8	28	31	38.1	39.2	32.3	44.6	39.7	26.2	32.7	29.3	20.3	17	24.7	28.8	44.6	31.9	17.3	23.7	43.8	32	26.8
0	3.63	3.72	0.524	0.45	0.528	0.623	1.4	1.36	1.57	1.72	1.99	1.96	2.56	3.41	5.57	9.46	11.9	17.9	31.7	19.8	16.6	19.4	23.1	19.1	20.2	20.4	24.2	25.2	33.5	55.1	44.9	47.1	45.1	58.3	80.4	88.6	81.2	79.4	91	98.4	98	110	87.7	81.3	78.7	67.8	59.5	51.7	47.1	55	69.3	78.2	63.1	66.1	57.4	56.2	55.1	42	28.6	26.9	26	21.3	21.3	48.4	44.7	80	57.2	59.6	50	51.5	58.3	108	69.6	57.1	63.1	70.2	108	143	114	117	97	85.4	68.9	28.3	18.4	23.9	40.2	25.4	22.5	19.8	11.7	13.1	9.1	7.31	17.3	27	37.1	26.3	21.2	27.2	36.9	27.4	27	39.1	29.4	28	34.4	22.3	19	20.8	20.5	33.7	43.1	27.6	31	25.8	56.9	57.2	37.3
