49.6	68.5	86.2	98.3	94.6	90.9	94.7	115	142	132	149	182	171	151	166	218	242	208	199	261	262	213	193	164	189	236	248	296	332	313	311	320	312	380	417	387	421	441	423	422	380	379	439	446	468	409	552	521	582	468	392	398	319	289	372	407	388	465	561	523	500	476	416	411	370	337	308	324	283	241	245	213	208	200	191	204	239	200	169	180	173	245	162	128	67.4	55.7	62.9	68	87.2	50.3	50	22.3	19.2	29.6	37.3	55.7	73	95.2	84.3	96.7	104	111	133	145	110	74.6	76.1	92.3	64	57.7	80.7	84.5	77.9	83	71.5	65.7	94.3	108	95.5	103
83.4	98	110	78.4	80.3	96.3	90.2	96.1	87.4	117	127	135	131	144	176	227	221	201	226	219	175	175	160	151	193	207	231	282	312	313	316	381	462	490	401	409	407	410	380	375	360	342	428	395	459	414	503	512	445	349	294	301	290	261	293	405	430	465	483	424	452	385	302	440	447	443	454	278	213	222	160	193	222	252	226	197	200	217	174	287	256	239	250	252	265	194	45.4	58.1	53.7	44.2	51.4	18.6	14.3	23.6	25.4	33.5	41.2	48.8	52.7	82.8	78.1	82.7	88.2	67.9	53.8	49.6	54.8	57.8	50.1	52.9	49.2	47.8	52.8	50.8	60.4	76.6	90.8	90.8	95.1	93.6
112	114	107	68.1	84.4	104	108	87.6	102	110	145	151	155	150	188	233	210	263	247	244	237	245	185	160	145	214	241	295	307	289	337	426	535	505	390	304	303	311	300	341	326	340	355	383	429	439	383	343	210	270	366	304	278	226	248	306	463	457	364	399	419	297	335	434	527	473	426	261	239	280	236	234	244	323	234	178	173	164	181	320	226	203	261	207	215	173	70.9	45.4	45.2	37.8	36	11.8	15.5	20.5	19.9	18.5	26.5	35.5	40.8	72.1	54.4	50.1	52.5	33.8	25.3	33.8	46.4	37.8	50.3	37.2	22	25.6	38.9	54.5	60.6	54.1	52.8	63.7	81.5	79.4
128	130	151	96.9	101	117	118	85.6	89.3	110	143	163	158	157	152	183	181	188	203	288	307	254	204	175	157	266	231	302	291	306	365	381	385	374	311	260	292	257	252	251	281	287	354	337	408	339	238	267	268	350	474	397	321	297	329	353	461	406	412	451	443	316	304	381	502	467	282	272	335	261	171	165	248	277	202	191	253	173	174	276	285	320	207	140	172	88.9	87.5	54.9	30.3	35.3	31.8	17.8	24.7	10.1	10.6	15.7	30.6	18.5	28.6	39.4	31.4	25.4	25.2	25.4	19	29.9	37	32.9	30	30.5	18.6	24.9	24.1	48.4	61.8	52.5	48.7	77.5	75.3	56.8
127	130	144	120	110	133	142	107	128	114	141	147	156	151	145	165	189	165	186	300	240	203	216	173	168	230	243	282	285	328	330	352	314	269	244	214	202	220	209	185	204	220	270	284	293	261	300	383	432	453	429	404	269	261	415	305	371	447	482	461	401	302	224	224	376	258	280	286	302	241	192	201	262	210	163	179	222	190	168	273	259	212	143	129	187	118	174	79.9	47.8	37.4	31.5	10.5	11.8	12.5	14.3	12.2	16.3	10.7	20.1	21.3	19.8	28.8	28	15.5	33.1	32.5	18.4	20	17.2	23	27.5	30.3	22.9	28.1	43.7	46.9	34.7	47.1	46.2	55.3
137	154	153	121	112	123	166	137	140	134	136	142	161	162	157	198	203	194	232	252	205	187	202	173	182	240	183	198	226	248	293	271	219	201	207	196	171	158	184	181	195	206	202	229	205	236	328	431	519	507	358	357	343	400	363	281	409	456	499	474	340	330	316	395	350	264	239	348	341	253	177	231	231	140	140	239	216	193	183	177	188	144	124	130	223	101	119	29	30.8	11.7	15.3	13.7	13.8	16.8	28.7	11.6	12.7	14.4	14.9	18.4	22.9	23.2	21.3	15.7	33.2	24.4	19.4	31.6	7.65	26.4	20.8	19.3	20.3	18.5	33.8	27.5	25.8	24.7	41.2	45.5
175	166	160	127	133	162	180	127	119	135	138	131	140	170	204	257	215	230	217	199	225	253	216	235	242	264	249	245	278	312	285	257	225	228	205	194	156	147	181	193	217	268	189	189	175	235	341	488	514	510	384	437	441	521	418	217	331	432	504	481	321	296	345	416	370	225	222	268	310	215	157	238	157	119	132	132	136	176	164	204	270	175	110	119	111	103	89.5	39	9.06	12.1	9.15	9.29	10.5	11.4	20.4	8.67	9.39	13.8	10	11.7	14.9	18.3	9.75	9.69	8.97	7.89	23.3	17.2	7.95	18.2	16.1	11.7	14.5	18.9	15.3	16.7	19.5	18.4	28.8	48.4
148	137	175	145	121	139	142	115	106	136	145	138	179	209	229	220	202	237	183	203	252	278	327	277	280	291	244	268	288	326	294	258	233	255	210	174	109	142	169	212	216	197	154	193	216	247	366	491	496	442	356	457	446	504	346	394	353	512	504	398	354	368	466	410	304	230	241	227	273	315	156	121	96.4	94.1	92.3	98.6	98.4	144	174	254	222	114	153	154	116	145	143	123	30.9	15.1	9.38	10	10.2	13.9	16.3	7.38	7.62	8.28	9.81	6.51	8.4	7.53	5.1	8.73	11.4	11	11.6	2.88	3.45	9.99	11.4	8.58	8.22	10.7	17.4	14.8	20.9	29.4	33.5	47.1
158	135	163	130	110	131	134	129	137	130	136	150	162	256	245	248	231	276	201	199	229	287	269	301	279	253	224	234	291	273	282	253	213	182	188	145	123	133	174	199	151	136	137	167	221	287	381	455	504	445	371	497	510	564	417	334	346	498	415	414	274	392	386	324	311	261	190	173	219	255	184	155	133	106	87.6	103	108	139	170	221	173	112	113	114	167	171	135	92.7	56.6	28.7	10.1	10.8	12.3	18.8	14.4	5.97	5.94	5.64	6.84	1.77	4.08	4.17	2.7	11.8	9.99	9.06	10.3	3.6	5.37	6.36	7.86	7.17	12.9	24.3	18.6	17.4	17.6	23.1	28.7	39.8
121	101	130	91.5	101	132	134	130	148	154	170	168	176	243	425	351	254	255	214	197	200	241	250	198	229	244	201	264	206	230	279	266	209	194	190	174	165	163	212	220	170	129	158	187	233	248	258	359	403	476	456	477	516	495	456	253	305	244	236	324	251	312	290	252	304	236	197	210	268	221	235	172	162	156	114	126	114	153	136	166	135	144	104	106	141	129	80.7	81.2	70.7	54.4	19.8	15.4	24.3	31.8	18.7	20.6	23.5	24.9	22.3	0.69	0	2.7	3.12	5.7	7.02	7.71	2.61	2.7	1.68	2.16	2.82	13.1	8.46	12.8	7.89	13.7	21.9	19.7	42.7	34.1
105	87.4	93.8	84.4	101	121	146	142	195	158	173	208	215	292	423	279	231	200	170	225	233	198	215	239	209	216	184	290	314	345	281	258	222	164	136	179	214	228	184	170	128	148	217	228	241	252	275	364	414	416	397	473	479	487	404	352	391	258	289	385	436	437	299	252	261	277	280	205	205	214	168	117	148	147	120	137	135	116	114	112	124	125	100	182	200	118	106	122	68.9	60	41.1	38.1	32.6	17.3	16.2	21.4	22.4	23.4	25.3	1.5	6.03	5.34	2.4	1.53	7.02	7.17	4.05	5.61	2.76	2.22	3.75	5.22	7.17	7.65	10.2	10.7	13.7	26.2	29.7	24.7
116	95.1	90.1	85.1	107	129	162	158	179	187	201	242	254	387	293	243	256	197	178	183	211	215	273	251	210	235	215	208	249	287	268	250	182	174	164	209	214	188	183	121	134	216	287	266	290	329	287	345	408	386	346	444	481	415	383	326	337	304	331	402	354	361	368	251	285	284	283	235	233	195	131	95.8	112	142	123	144	134	97.1	101	120	118	121	134	392	272	122	138	103	66.1	72.9	42.8	38	26.2	41.3	28.9	23.1	23.1	30.9	33.2	5.28	2.79	3.6	1.35	5.73	10.3	3.24	4.95	4.83	2.43	2.16	1.59	1.29	9.3	4.8	3.18	8.34	17	14.3	17.4	21.9
110	114	105	88.5	110	145	175	140	191	213	199	235	283	307	209	218	229	243	154	179	178	224	308	244	216	229	210	190	220	297	293	250	227	187	225	282	235	196	183	143	226	249	320	246	260	282	282	354	359	372	382	491	410	400	381	296	360	341	322	345	221	237	326	232	216	213	289	229	179	173	109	71.6	84.7	87.7	84	101	98.2	101	101	167	168	155	143	294	286	152	128	104	110	105	73.1	29.8	17.6	59.9	17.2	22.6	23.1	21.3	21.1	2.13	3.15	4.32	5.61	6.51	1.74	4.86	6.66	6.48	3.48	4.41	0.69	1.17	5.4	1.35	1.95	4.47	11.5	13.3	8.91	13.4
95.8	107	118	110	122	140	157	158	204	230	216	301	341	234	211	234	328	216	176	175	221	237	221	171	167	190	205	192	234	284	252	261	178	220	243	229	193	197	185	175	242	219	268	222	259	275	308	333	371	387	429	472	380	461	408	400	429	337	260	238	217	192	211	213	182	229	227	162	184	162	143	71.4	66.7	76.2	48.2	82.1	91.6	112	159	203	198	189	138	187	198	160	107	103	149	143	159	128	34.3	22.3	21.9	24.1	34.4	26.6	28.8	7.68	8.1	7.83	10.9	2.97	1.71	9.36	4.26	5.1	12.1	10	6.9	2.85	1.53	0.09	0.39	4.92	6.63	10.8	10.7	11.5
82	103	131	130	135	171	144	144	208	218	210	275	276	246	232	267	262	183	205	194	245	232	171	172	190	221	194	177	194	218	208	202	198	179	180	219	224	201	211	224	265	253	260	269	279	275	259	336	358	455	451	463	474	447	428	371	406	321	292	267	258	257	274	200	194	228	250	114	120	163	137	94.4	68.5	77	65.5	104	124	148	148	151	153	149	154	184	182	134	109	110	139	115	111	151	36.1	45.3	33.6	27.3	33.1	28.5	33.7	15	12.7	31.7	26.9	14.5	7.86	7.56	14.8	6.42	10.8	14.2	9.78	2.28	3.42	0.69	0.69	5.91	13.4	8.01	8.22	5.58
84.2	119	138	128	138	143	146	161	198	189	237	294	259	397	365	250	189	157	187	196	243	231	168	150	145	206	187	148	142	165	238	191	149	135	151	169	239	244	267	325	289	243	269	263	262	253	270	325	362	455	471	509	470	399	418	294	373	361	436	280	254	219	253	212	192	190	219	142	146	173	143	94.7	59.6	57.4	51.4	76.3	103	123	94.8	108	116	119	191	220	169	172	105	137	135	177	163	150	73.5	23.4	47.7	26.5	28.7	27.7	32.6	16.7	30	36.7	32	17.4	10.4	8.13	16.3	13	16.4	15.3	11.5	3.96	2.91	1.68	4.89	20.8	9.18	0.96	3.81	4.41
103	122	121	126	139	169	169	205	174	179	266	233	213	274	268	238	171	196	146	179	245	192	161	167	177	227	179	113	129	152	172	162	160	158	201	235	233	314	292	290	227	307	278	317	330	307	288	327	393	467	485	488	480	449	409	350	475	417	363	320	299	258	238	219	193	218	241	180	206	202	143	92.9	75.6	74.9	68.6	77.3	103	107	119	119	137	127	162	222	246	220	165	161	143	154	87.1	114	103	47.7	51.2	40.2	30	32.9	26.1	26.2	31.3	29.5	23.3	16.4	10.6	21	19.8	15.2	11.8	11.8	3.63	0.84	7.92	7.02	3.15	4.86	1.86	1.29	2.79	2.64
99	103	117	144	183	264	241	214	193	163	184	189	140	175	173	188	158	166	163	150	173	222	202	182	192	204	195	155	164	189	163	145	147	129	163	225	238	265	264	218	195	304	279	297	329	391	299	301	360	534	575	497	482	464	490	438	431	365	340	240	232	186	208	195	228	248	167	156	147	169	98.2	92.1	95.8	111	77.3	81.6	119	154	150	132	128	152	163	155	164	193	167	147	144	121	99.2	117	155	96.9	72.8	96.1	66.8	23.4	63.4	80.4	42.4	22.3	16	19.7	19.7	31.3	49.2	24.5	13.7	13.4	1.26	0.09	3.96	9.87	17.3	13.2	8.22	1.44	2.85	1.32
121	110	110	121	160	198	256	253	260	161	140	187	134	175	158	160	161	204	192	148	154	182	185	186	187	206	220	183	214	206	165	173	151	154	146	229	197	209	220	213	193	276	233	214	228	275	318	359	409	505	488	493	484	428	500	482	395	377	301	234	183	142	186	172	216	197	147	134	86.8	120	95.8	81.8	89.5	106	107	131	114	158	112	113	134	156	165	177	172	218	124	193	185	155	141	153	159	92.3	105	157	120	30.2	55.2	75.1	43	22.9	13.7	29.2	36.2	24.9	34.6	13	5.04	6.87	0.54	1.05	0.21	3.24	3.36	14.8	6.81	4.65	5.1	3.48
135	119	110	137	167	175	226	204	119	108	99.8	130	136	137	149	144	197	220	135	130	176	183	158	189	183	194	220	211	207	165	165	191	168	147	213	233	208	187	228	220	183	192	230	217	219	309	294	389	490	477	476	502	457	396	311	269	255	367	305	292	267	143	153	196	191	214	119	116	165	82.1	71.5	64.4	72.8	101	92.6	142	143	144	144	152	152	128	197	269	227	154	117	183	166	104	114	138	118	145	202	85.7	219	109	58	99.9	40.2	23.5	38.4	46.7	36.2	25.5	29.9	3.06	2.1	0.48	0.57	2.4	3.18	6.18	2.31	6.66	16	6.54	6.12	5.01
126	130	111	97.6	127	154	207	157	101	92.4	105	125	121	117	126	203	143	227	211	172	161	120	173	197	186	192	194	182	207	181	164	199	184	193	198	221	190	185	202	153	168	222	240	227	220	329	364	430	456	431	452	420	277	338	244	247	207	278	284	238	217	166	148	181	159	207	173	125	145	125	70.6	43.8	54.2	79	75	104	124	111	145	168	162	121	187	227	182	165	121	158	114	103	96.3	79.1	157	181	166	161	145	143	103	82.6	56.4	37.7	46.2	39.5	66.7	29.8	27.7	1.53	0.15	0.48	1.23	0.75	8.97	6.84	2.67	1.62	11.3	17.1	3.96	11.5
168	134	110	93.1	149	186	194	141	119	120	157	155	98.2	112	144	167	141	153	191	179	166	162	170	156	147	154	186	191	203	165	166	157	161	156	209	184	136	120	118	159	177	233	219	192	190	267	341	376	377	395	481	341	235	281	216	306	219	203	238	224	160	126	149	220	126	115	131	143	142	88.8	59.8	57.1	54.1	55.4	56.7	84.2	115	152	196	130	139	117	156	161	125	98.3	98.4	99.6	94.3	137	127	141	112	115	98.9	243	255	119	95.2	105	64	71.5	67.5	115	164	136	130	92.1	86.5	81.4	71.6	19.5	31.3	27.8	11.9	13.6	19.5	20	15.6	10.7
141	147	134	121	171	170	167	136	141	154	166	168	107	134	145	156	155	206	199	185	179	160	131	121	112	153	239	183	168	143	145	159	150	125	137	153	114	114	96.6	128	165	225	215	209	237	277	335	340	474	378	382	286	281	382	361	266	135	176	142	105	137	138	216	234	148	76.7	64.8	145	187	87.1	52.3	60.9	86.3	66.5	52.7	79.7	112	146	159	145	112	101	159	135	104	82.9	90.9	75.8	140	196	144	230	191	152	124	219	362	261	80.6	77.2	55.4	76	82.9	134	180	146	136	94.8	84.2	80.9	73.8	18	16	13.4	12.3	21	23.2	18.9	22	16.9
126	167	169	208	185	135	165	162	169	255	194	187	136	147	171	150	183	227	210	173	162	136	106	106	112	182	169	153	180	170	168	158	195	168	147	177	156	132	163	161	165	163	166	211	185	216	262	338	328	302	239	261	344	437	377	228	161	108	111	99.2	123	136	187	206	115	108	98.4	170	129	107	106	94.3	133	114	73.5	53.8	56.6	80.2	121	106	60.7	125	168	100	71.1	86.4	116	125	146	172	132	245	223	254	184	281	387	233	90.6	82.8	91.1	122	93	173	143	150	154	90.6	81.9	72	65.4	14.7	12.8	12.8	12.3	15.1	13	13.8	16.4	11.8
170	161	200	167	184	162	181	131	120	173	119	150	130	133	173	164	201	226	232	224	171	159	123	128	151	203	158	186	215	198	160	170	173	173	160	180	161	185	164	152	163	196	144	161	149	180	215	268	248	320	277	235	268	308	274	178	140	104	123	131	120	180	130	107	97.6	114	113	141	124	191	156	150	121	60.3	53.9	53.7	107	94.2	110	78.6	62.1	114	122	107	97.8	116	170	207	201	200	170	207	212	257	236	312	330	161	134	130	118	228	156	227	238	235	133	96.4	96.4	80.9	62.2	14.1	13	11.6	11	10.3	8.04	8.35	14.7	10.3
135	175	198	139	137	132	143	106	106	85.9	97.6	125	146	144	131	151	163	206	216	214	175	180	144	154	141	155	158	212	246	233	179	152	170	131	145	187	172	190	117	116	140	177	134	125	117	135	204	141	157	245	165	153	246	289	151	145	139	150	171	102	78.7	75.7	89.3	78.5	85.2	71.3	94.9	124	167	183	166	180	140	88.7	87.5	40.1	80.3	74.3	57.1	54.7	48.9	82	71.7	74.1	87.7	96.5	153	205	213	172	159	180	155	140	231	253	278	155	167	217	109	204	204	287	276	310	271	176	110	85.9	67.9	38.6	37.5	27.7	24.7	24.6	21.2	18.4	26.6	14.3
131	163	166	162	109	104	93	105	104	82.7	101	110	104	103	135	176	238	202	194	191	196	168	152	131	127	146	145	189	218	222	161	112	135	136	123	149	143	157	121	96.4	130	153	126	138	141	124	162	131	93.4	129	130	127	192	211	182	121	165	153	155	85	58.3	54.6	59.3	77.7	72.9	61.6	95.3	137	125	126	144	182	126	87.9	76.7	30.1	45.2	39.8	42.5	43.7	37.9	65.8	73.5	50.2	72.1	78.9	101	111	131	139	107	126	115	128	198	196	300	174	157	257	134	135	183	209	255	301	280	223	168	93.1	85.4	66.2	46.4	30.2	22.5	27.7	24.4	17.2	17.8	4.77
96.9	140	164	146	133	89.6	92	65	69	98.4	143	137	100	113	120	158	145	147	135	144	172	233	144	161	127	141	175	176	149	128	108	113	159	130	152	192	125	125	121	91.3	116	124	144	118	143	134	122	140	78.9	77.3	153	138	134	116	178	178	168	84.2	108	106	112	89	56.1	60.3	63	59.7	92.6	83.5	77.3	72	50.5	56.3	72.4	59.8	46.4	33.8	40.4	53.2	42	25.9	38.7	61.6	53.2	46.6	53.9	66.8	84.9	110	77.9	87.5	84.5	97.7	103	104	158	198	204	212	147	180	121	142	201	203	175	241	277	185	180	131	86.2	89.5	80.5	47.5	33.6	21.4	23.7	15.4	10.6	3.13
99.2	116	133	125	113	109	103	98.6	65	81.3	94.6	138	91.5	122	131	126	125	130	140	116	125	163	179	162	180	158	191	127	83.1	91.2	111	102	131	118	131	168	148	110	101	122	143	162	152	143	135	116	127	174	94.5	109	119	151	135	124	168	133	102	72.9	68.2	75.6	102	95	88	91.5	56.4	43.3	46.5	51.7	63.3	82.5	61.9	32.2	35.5	17.2	20.5	27.5	36.5	44	35.8	22.4	32	47.3	48.1	43	46.2	62.1	88.9	91.1	62.3	65.1	54.2	95	101	118	137	199	240	249	161	160	178	179	173	146	178	156	195	137	152	139	132	60	57.5	36.9	25.1	16.6	14.2	11.2	8.63	1.54
63.5	90.1	94.9	83.2	94	93.6	90.6	98.1	94.8	77.8	91.2	151	113	95.6	96.7	141	135	150	178	140	128	139	151	159	169	171	176	121	91.8	131	132	116	108	96.5	121	134	152	110	105	118	189	164	179	176	124	106	167	188	124	128	127	134	152	115	131	164	159	94.5	63.8	80.4	110	138	156	92.8	57.5	60.8	48.9	42.8	42.3	93.7	72.1	41.9	44.8	44.4	33.1	34.8	38.9	34.3	33	18.3	28.8	44.5	40.3	34	39.8	45.8	63.2	63.3	64.5	52.5	60.5	128	142	130	157	282	320	235	175	230	223	201	132	119	175	198	189	64.1	94.5	95.5	81.4	59.7	34.6	23.9	19.2	17.9	17	12.1	7.28	2.86
73.7	91.2	108	78.3	109	112	84.8	90.8	103	93.5	73.3	81.9	92.1	100	109	147	103	131	177	176	131	113	107	123	169	161	156	126	94.7	97.5	136	113	97.3	87.2	111	124	136	104	95.5	97.2	104	128	129	133	70.6	91.5	159	165	129	137	103	86.4	103	142	139	132	133	111	85.5	77.1	94.6	104	117	87.2	71.4	48.6	46.1	57.6	115	67.5	52.5	37.5	53.7	50.6	33.6	35	26.8	28.2	22.7	26	24.6	27	30	32.9	33	34.3	45	45.2	44	44.8	50.2	143	166	148	203	299	287	227	138	229	275	205	129	68	129	145	143	71.8	104	79.8	41.1	56	23.6	19.4	16.1	15.8	14.4	16.9	10.5	6.57
73.3	86.3	89.6	70.7	133	122	93.6	80.1	89.1	62.4	41.3	57.8	76.1	99.7	86.4	72.5	85.8	118	144	158	170	122	87.8	142	119	175	181	129	134	114	101	86.4	86.6	98.9	99.4	125	110	94.4	94.9	119	108	109	95.1	93.7	83.1	99.4	177	186	159	114	73.5	72.1	74.3	168	130	98.9	110	113	91	86	87.4	116	128	108	96	59.6	58.9	75.6	115	80	61.6	41.2	51.2	112	37.7	29	18.9	20.4	27.2	21	23.2	28.2	27.5	40	39.6	38	29.8	46.8	38.4	33.7	34	64.7	98.5	98.7	129	181	194	155	125	161	200	237	182	76.7	76.2	125	153	83.8	73.2	76.6	36	28.2	40	26.1	13.5	13.2	15.9	8.4	12.2	7.14
85.4	69.5	88	70.1	121	88.4	65.5	84.5	51.1	45.4	41.3	69	83.2	93.7	75.9	64.7	87.3	128	117	116	133	101	119	177	120	159	127	170	126	88.3	88.6	83.8	79.8	86.2	91.6	95.5	87.3	94.3	99.3	78.3	79.7	92.4	125	154	195	153	166	145	166	113	93.4	55.4	59.7	82.9	70	75.6	90.4	78.9	97.8	76	60	118	105	137	144	73.4	61.2	68.3	100	73.7	54.3	41.4	35	31.2	19.8	24.4	25.8	19.5	22.4	19.9	21.3	28.1	36.8	38.7	33.2	34.9	30.2	30.9	34.1	28.9	22.3	18.2	48.7	69.4	86.1	120	114	87.1	104	167	139	122	145	77.4	50.8	73.5	130	53.1	72.9	61.1	42.7	28.9	76.9	74	21.9	9.96	13	6.24	15.8	3.41
83.4	95.8	96.2	69.8	90.9	74.6	68.7	81.6	59.2	60.2	50.6	81.2	63.5	61.8	62.9	94.4	88.4	83.6	101	92.3	83.3	71.1	80.8	145	134	148	165	120	86.2	77	76.6	83.8	80	94.8	83.2	79.8	89.9	102	92.2	99.8	116	154	173	170	180	164	193	210	229	138	94.5	66.9	74.4	57.8	64.8	91.8	106	76.2	61.6	55.8	62.5	72	96	106	163	94.1	69.9	66.7	104	72.3	61.6	86	92.9	44.7	21.9	23.3	18	14	22.6	11.4	19.9	31.4	28.7	27	25.6	23.2	23.3	28.4	26	21	17.6	21.4	24.1	32.6	46.6	70.3	79.3	70.2	69.1	105	97.2	43.5	42.6	56.2	89.6	53.5	50.9	48.5	45.3	39.5	23.9	70.6	111	126	45.5	9.63	1.79	2.57	5.33	3.39
76.9	82	98.1	71.3	72.9	78.5	70.7	73.6	56.3	61.2	60.2	75.9	60.8	59.7	79.7	82.5	80.4	91.2	120	77.4	68.1	86.1	112	102	76.1	115	96.4	80.6	72.1	62.3	77.3	89.2	78.6	84	88.9	77.7	87.2	94.8	87.6	96.1	160	130	148	150	176	183	184	226	208	150	156	105	99.4	91.6	87.9	90.2	93.4	86.6	75.9	75.6	88.8	68.8	81.8	85	92.2	112	93.6	87	90.2	84.3	87.5	96.5	94	97.1	70.4	68	40.2	42.8	36.8	20	42.9	36.6	12.8	16.7	18.7	18.3	20.8	26.2	20.4	23.9	23.7	22.2	14.9	20	22.8	41	52	57.6	50.6	78.3	50.9	26.1	35.8	48.4	78.4	49	43.3	33	31.8	24.3	10.1	13.3	54.7	34.1	3.51	1.74	2.7	1.05	2.41	2.89
74.3	72.7	81.7	74	66.4	77.5	65	68.8	68.6	62	52.8	75.8	70.4	65.9	75.7	71.4	90.3	79.7	70.1	82.6	80.7	93.7	97.4	83.9	59	82.6	76.7	71.3	74.3	67.5	77.4	95.2	83.9	76.2	77.9	76.9	79.7	80.3	90.2	90	161	131	157	146	173	189	162	159	143	144	112	88.1	114	128	127	106	87.2	73.8	70.1	72.4	82.6	89.7	68	74.9	80.9	75.7	90.4	73.9	73.6	95.3	98.8	97.7	73.1	114	114	78.5	71.2	65.8	29.6	14.8	23.1	22.6	9.47	15.5	15.5	16.8	17.8	21.7	19.9	20.3	23.2	19.8	20.5	22.5	11.9	18.6	32.9	51.4	42.5	70.5	51.9	45.1	45.6	29.2	21.5	20.3	25.6	11	15.2	10.7	4.59	4.38	6.69	5.14	2.06	3.44	18.7	12.4	4.87	2.67
76.8	64.7	84.8	77.2	70	85.3	61.5	45.8	48.3	47.4	57.4	63.5	56.1	70.6	72.6	83.4	76.4	77.3	98.3	92.1	78.1	112	70.6	80.9	66.4	128	115	101	96.4	77.9	107	98.5	81.7	78.6	79.5	67.3	81.9	86.6	84.4	87	140	144	138	139	156	167	147	170	136	167	135	112	129	136	137	127	117	114	83.2	96.2	93.7	74.2	55.5	74.4	68.9	46.5	59	67.3	70.4	65.9	84.9	77.9	93.4	116	85.5	69.1	57.1	39.3	21.7	14.4	15.8	9.84	8	14.9	15.1	16.3	15.7	18.5	20.3	15	14.9	14.1	13.1	25.4	11.1	12.1	17.2	21.2	31.7	58.9	75.4	63.1	38.4	11.2	24.7	40.5	21.2	7.83	7.73	6.73	2.98	3.22	2.52	1.96	1.52	4.76	19.4	4.09	0.273	0.585
78.9	70.7	71.8	78.2	93.4	109	86.8	55	52.4	40.4	45.8	53.8	50.2	44.7	45.7	49	58.3	55.5	71.7	79.8	77.4	75	60.9	79.9	49.6	89.3	89.6	81.8	75.2	70.5	80.2	73.8	53.6	79.5	75.3	68.2	65.2	87.9	91.3	138	251	281	223	282	275	231	216	205	155	136	215	151	133	162	143	104	110	165	124	101	71	57	21	34.6	51.8	48.1	30.9	36.1	42.8	53.2	58.1	62.6	109	73	44.4	26.4	32.8	13.9	8.22	12.1	9.24	9.7	13	7.69	9.23	6.96	7.27	12.4	16	14.2	5.21	14.3	12.4	28.1	12.1	12.5	24.3	15.4	20.1	24.9	28.1	27.8	11.3	5.98	23.4	38.5	6.93	1.41	2.65	0.716	0.225	0.0884	0.068	0.0522	2.26	3.82	4.49	0.375	0.5	1.31
82.9	81.7	81	91	105	84.8	72.9	50.1	55.3	53	38.8	52.4	41	33.4	33.7	44	58	59.1	82.4	72.8	71	48.6	72	74.7	71.6	70.4	86.5	91.2	81.8	81.8	87.7	71.8	57.3	73.8	78.1	89	84.7	88	96.4	198	276	302	216	197	240	214	268	255	211	196	217	152	138	152	145	110	101	94.1	95.6	105	65.8	44.2	27.8	31.7	31.5	29.6	32.6	31.8	23.7	30	61.6	41.5	52.7	33.1	20.2	15.7	7.52	8.27	8.24	9.32	10.3	7.47	6.54	11.9	11.1	7.08	9.52	14.3	9.98	7.72	6.66	9.85	13.5	19.2	15.4	16.1	15.4	14.8	15.2	22.2	17	21.5	19.5	2.1	1.1	1	0.835	0.175	0.128	0.0965	2.87	0.0311	0.0234	0.0184	0.016	0.333	0.273	0.334	1.2	5.23
92.9	86.2	93	96.1	105	74.8	65.2	45	38.3	45	44.6	59.3	37.4	28.4	29.9	35.3	51.7	64.6	79.2	76.3	39.6	44.7	80.5	67.1	55.5	62.3	91.4	68.5	82.1	64.4	115	73.4	58.4	52.2	52.1	73.6	68.9	87.3	113	138	182	300	219	181	162	189	224	279	227	220	192	129	153	152	103	129	148	105	111	106	54.7	39.4	41.7	17.4	21.3	18.8	15.8	21.2	22.2	26	42	28.5	34.4	32.8	22.7	22.1	10.7	23	19.1	15.2	10.3	8.62	7.35	6.86	8.79	5.9	7.94	11.5	9.21	6.47	4.79	8.1	8.73	17	11.7	18.6	10.1	14.5	10	17.4	29.4	31.1	20.5	5.62	8.24	8.68	3.44	0.0644	0.0355	0.0188	0.0313	0.138	0.00189	0.00171	0.0037	2.48	0.189	1.55	2.54	9.79
95.7	103	87	91.5	109	81.5	63.8	35.9	32.9	38.6	71.2	68.9	44.2	26.8	26.9	31.5	42.9	52.7	50.2	36.8	35.1	20.8	87.9	56.8	55	52.6	82.7	64.2	45.8	52.4	74.6	69.8	44.3	38.6	37.7	55.1	50.7	67.6	71	130	146	251	239	156	141	111	181	155	162	190	151	123	133	132	108	129	125	120	76.5	60.1	35	26.5	38.8	61.9	50.3	53.2	44.7	38.2	46.3	32.2	29.3	18.5	24.3	38.6	25.7	27.6	13.8	21.2	27.5	24.6	25	15.7	11.8	7.63	33.9	11.1	14.1	7.94	6.41	4.43	6.97	7.66	9.41	6.73	5.74	11.2	6.94	12.2	10.3	13.7	25.8	16.9	7.72	0.647	0.606	3.36	20.8	4.82	0.0547	0.0358	0.0263	0.0299	0.0851	0.00209	0.00408	0.15	1.87	4.7	2.94	12.4
97	116	155	133	124	106	79.3	42.2	26.7	34.1	37.9	47.4	41.2	16	29.7	38.7	33.5	23.9	23.5	29.8	39.6	18.2	67.9	35.2	34.5	41.9	31.5	55.4	40.2	31.7	40.3	38.9	28.7	38.1	39.3	43	41	39.2	63.3	87	115	138	165	164	132	86.5	91.7	97.3	137	174	135	105	120	128	128	158	141	92.4	65	56	35	35.7	42.3	43	57.6	58.7	66.4	39.1	43	24.3	11.1	11.2	13.6	28.3	25	17.8	7.98	5.45	10.6	19	17.7	9.25	26.2	12.2	17.9	11.6	21.2	10.5	6.59	5.98	8.82	4.05	6.18	3.25	1.39	4.64	5.49	4.95	3.5	4.39	5.06	2.17	4.16	1.59	1.64	3.14	13.2	13	8.1	2.57	0.347	0.102	0.124	0.0317	0.0278	0.189	0.247	0.407	1.65	2.45
92.9	94.8	92.8	102	87.4	85.9	75.2	45.9	40.8	46.8	33.7	47.5	34	46.5	45	50.3	40.4	27.2	35.2	33.7	19.7	24.5	51.1	28.2	25.7	27.5	34	31.8	36.8	37.6	35.9	36.6	28.8	26.5	23	30.9	34	32.5	49.3	106	122	112	161	132	144	97.9	75.1	100	161	174	138	106	130	138	133	139	130	108	76.3	60.6	56	52.7	68.5	63	59.5	57.8	75.7	55.2	24.7	21.6	19.2	17.4	18.4	7.61	16.1	39.9	16.4	10.8	16.3	22.9	11.2	4.83	11.8	18.6	15.1	24.9	25.7	17.3	6.2	5.37	12.5	13.9	6.68	1.25	1.13	3.64	4.66	2.96	5.56	7.03	1.84	2.82	8.97	5.79	1.76	1.63	1.68	4.7	6.92	2.62	0.455	0.0952	0.0395	0.0178	0.0302	0.2	0.258	0.392	2.67	7.66
121	88.1	97.2	76	82.5	81.1	74.5	43.8	46.8	44.5	48.1	61.8	57.3	58.4	74.9	40.3	21.5	36.9	53.8	57.8	25.2	26.6	34.8	21.6	23.6	23	26.7	30	22.5	34.8	43.3	30.2	28.7	25.9	17.9	34.7	27.5	20	48.1	84.9	101	107	86.6	112	133	111	113	106	133	113	85.7	94.3	97.4	122	153	139	109	87.1	57.6	49.5	43	38.1	86.4	89.9	60.1	66.8	61.4	68.8	40.8	47.5	29.1	19	15	8.96	8.91	27.7	21.7	38.6	34.8	23	16.6	25.8	33.6	20.6	29.6	32	29.2	20	10.2	5.51	5.37	11.9	11.8	1.03	6.13	5.56	5.27	7.15	1.56	6.97	1.81	6.57	13	10.3	4.92	4.96	1.7	3.66	3.51	3.4	0.67	0.148	0.0716	0.0358	0.0413	0.473	0.688	0.824	0.824	5.44
99.7	88.9	112	74.9	73.2	78.4	66.3	58.5	40.7	86.3	83.3	73.7	50.4	47	52.8	35.9	37.4	42.3	39.1	50.2	32.8	34.4	35.4	15.9	16.1	25.2	35.3	14.2	12.3	13.4	27	25.8	23.5	29.5	33	38.8	22.5	18.6	24.7	45.9	44.7	70.5	51	132	131	143	122	97.9	79.1	74	70.3	81.4	71.8	78.2	86.7	95.3	74.6	76.2	46.6	45.7	35.8	27.8	79.2	77.1	60.7	85.4	41.9	47.6	50.3	78.8	36.2	32.2	29	24.8	22.5	42.2	35	25	26.8	27.4	22	28	22.5	13.3	30.1	29.1	21.5	22.1	19.9	9.55	4.43	8.57	15	12.4	28.9	14.5	12.8	8.3	1.62	1.87	2.06	7.43	11.8	4.68	2.4	2.38	2.16	1.77	1.55	1.31	1.03	0.232	0.126	0.0692	0.42	0.779	0.656	0.566	0.698	0.966
96.1	114	104	68.7	57.9	51.1	58.8	50.4	40.6	66	117	66.2	47.4	38.5	13.2	22.2	36.1	33.1	25.4	25.1	34	36.1	22.8	17.3	34.9	28.7	30.5	24	22.8	24.3	36.9	36.6	34.6	34.4	37.7	29	24.9	25.6	28.7	36.8	41.1	35.9	28.9	55.3	92.7	89.9	76.8	70.5	61.8	60.3	58.4	64.1	63.3	62.7	60.7	44.1	46.6	56.9	50.7	48.6	35.4	28.6	44.3	56.3	52.2	60	68.7	36	44.4	54.5	38.3	37.5	38.2	30.9	32.7	48.8	36.4	39.3	21.8	35.2	24.4	19.2	23.1	16.2	25	31.9	24.1	24.8	50.8	10.2	5.65	17.8	29.2	32.6	35.3	15.6	0.78	0.852	1.01	1.38	1.6	3.01	4.29	4.75	5.18	5.2	4.77	4.05	3.63	3.11	2.41	0.771	0.786	0.352	0.171	0.714	0.587	0.428	0.0204	4.85
86	114	122	80.5	61	117	58.1	36.5	48	66.3	87.4	60.7	49.6	32.8	11.1	16.6	29.4	48.4	28.7	19.4	28.3	34.2	26.6	23.4	27.7	19.4	22.2	25.5	21.3	21.1	28.4	40.4	40.2	30.4	36.3	26.8	24.3	20.9	25.6	51.8	21.7	25	37.2	51.1	57.5	92.2	79.4	54.5	73	125	81.3	75.6	64.1	61.4	58.8	40.2	35.6	48.5	60.5	35.2	24.4	32.9	28.7	30.5	34.9	54.1	49.8	35.8	37.4	36.3	40.9	40.9	35.9	29.6	37.1	40.9	29.9	30.8	21.3	21	17.4	13.6	11.5	22.7	26.4	34.2	36	36.1	23.2	17.3	16.5	12.7	20.9	58.4	37.9	11.3	0.806	0.828	5.52	2.1	1.73	4.2	3.03	5.37	5.94	6	5.57	5.64	4.38	4.33	3.55	1.84	1.31	0.286	0.212	0.0228	0.0423	0.0065	0.0106	0.15
74.2	88.4	152	94.1	64.5	86.2	71.4	39.1	45.4	54.6	74.7	56.2	53.7	45.3	19.7	12.8	25.5	23	23.8	17	25.9	25.4	16.5	18.3	38.4	21.6	18.6	30.4	24.9	27.6	39.4	57.7	34	17.1	20.5	22.2	15.6	12.9	59.3	34.4	20.3	37.4	74	51.5	41	39.7	44.3	88.1	103	81.3	83.3	74.9	76.8	69.6	58.6	67.7	41	58.4	59.7	44	36.3	25.9	28.3	19.4	24.6	37.6	67.4	30.3	27.6	36.3	26.4	29.2	19.9	28.3	24	32.8	21.4	13.3	11.3	27.7	39.2	10.3	13.5	32.9	65.3	38.3	55.4	72.1	18.9	20.4	18.8	15.4	15.4	16.8	8.39	3.01	2.92	5.12	6.66	3.07	1.78	2.82	2.45	5.93	6.27	6.42	6.01	6.43	5.44	4.88	4.07	2.18	1.35	0.436	0.318	0.0332	0.0133	0.00423	0.00604	0.0796
85.7	96.4	139	100	78	51.9	53.6	33.5	25.6	39.4	67.2	51.7	33.3	28.7	30.7	21.9	27.1	25.8	30.4	16.1	43	37.4	19.6	26	25.3	22.2	22.4	19.6	26.6	34.2	43.2	57.2	28.2	20.2	27.7	11.8	13.1	26.2	40.8	25.3	16.7	31.6	36.6	55.1	35.3	29.5	33.5	75.3	83.4	79.2	104	96.8	86.5	77.9	57.9	54.8	29.8	26.4	35.5	27.8	31.9	29.1	34.7	26.6	28	19.9	33.1	40.8	27.3	33.5	36.8	29	19.6	45.4	21.8	33.5	22.2	16.5	9.95	17.2	44	12.9	20.1	26.7	47.3	49	67.1	36.6	25.4	9.23	7.05	12.1	13.2	15.7	14.1	1.37	0.525	4.73	0.946	2.09	4.21	5.54	2.4	7.26	6.25	6.46	6.77	6.46	5.93	5.54	4.93	2.49	1.66	1.16	0.663	0.0516	0.0214	0.0115	0.369	0.0803
66.9	72.6	85.2	74.9	73.2	95.4	92.9	53	61.5	165	82.5	65.7	48.5	42.9	50.2	34.3	37.1	23.4	25.4	20.3	34.8	35.5	34	26.7	26	25.6	25.8	29.2	22.3	24.9	27	36.8	23.5	19.8	19.4	13.9	17.4	35.8	24.1	7.45	6.22	23.6	16	22.8	31.6	18	15	43.1	90.6	23.6	54.4	46.9	50.9	42.1	54.8	55.2	26	14.4	11.6	16.4	23.9	18.5	33.4	25.9	32.9	32.8	42.9	74	40.6	37.2	55.1	66.1	38.1	45.6	37.7	22.2	16	16.7	15.7	40.2	18.2	14.3	44.8	23.1	36.2	69.3	23.4	23.8	10.6	15.9	48.6	10	6.13	6.58	5.74	0.803	0.604	0.839	4.34	2.42	5.6	5.27	4.3	5.78	6.43	6.69	6.51	6.42	6.45	6.29	5.47	2.92	2.2	1.46	1.09	0.198	0.181	0.461	0.43	0.244
57.3	59.6	78.3	66.6	76.1	67.8	80.3	73.7	139	117	84.6	98.4	56.1	50.1	38.9	39.5	31.9	35.7	30	39.8	50.1	45.1	43.1	26.6	18.9	19.9	24.6	20.6	12.6	21.3	25.5	37.7	29.5	22.4	12.3	14.9	26.4	36.8	31.7	11.3	6.47	21.6	32.2	25.4	24.8	45.5	23.7	19.5	73	25.1	15.8	19.7	26	29.9	24.8	18.7	19.3	10.1	10.8	11.3	12.1	28.1	16.7	8.25	19.3	39.2	62.4	62.5	39.7	29	44.4	46.8	39.4	54.7	41.2	11.5	14.5	24.7	29.9	63.6	59.1	54.9	13.3	10.1	29.6	105	20.7	15.6	8.26	0.832	8.77	7.42	6.27	1.31	0.108	0.696	0.46	0.706	5.74	5.12	4.4	5.27	5.89	6.54	7.35	7.63	7.89	7.69	7.53	6.57	5.43	2.64	2.23	1.8	1.35	0.249	0.411	0.621	0.588	0.378
54.9	65.1	96.8	84.1	98.2	97.5	88.4	80.2	153	160	94.5	124	66.8	51.5	57.6	33	26.8	34.4	35.1	34.8	36.4	51.7	49.4	21.6	10.1	14.1	19.2	24.9	15.8	10.8	10.3	19.9	19.1	14	15.3	16.1	16.8	28.6	37.4	16.6	12.6	8.44	21.9	13.3	27.3	50.4	33.8	19.8	28.6	33.5	18	31.5	36.1	29.9	27.2	24.8	36.5	27.7	20.6	19.7	11	13.2	11.8	17.1	6.21	44.2	66.2	56.4	28.4	29.9	35.7	40.2	36.9	58.6	95.3	26.8	21.6	16.1	28.7	43.2	51.8	27	12.5	11.3	34.7	79.6	29.4	10.7	8.3	3.56	4.4	4.3	1.66	2.32	0.0634	14.3	3.11	0.57	3.74	2.66	3.48	4.67	4.83	5.71	7.03	7.54	7.7	6.87	7.12	6.03	5.47	2.78	2.45	2.04	1.53	0.436	0.671	0.774	0.771	0.509
65.2	65.7	91.1	83.3	91.7	97.9	76.1	77.3	93.1	77.4	177	180	70	62.1	68.5	39.5	33.3	36	33.3	36.5	25.2	23.9	20.1	19.4	14.6	5.75	13.3	13.6	15.5	9.23	6.18	7.76	10	8.72	10.3	18.7	25	32	32.4	17.7	9.76	13.8	13.3	18.1	52.1	63.3	40	19.6	31.1	35.2	23.1	21.2	34.1	42.6	32	22.6	11.8	22.3	41	21.5	12.3	8.07	7.03	1.69	1.63	28.4	40.7	33.9	17.9	9.95	24.7	36.4	37.1	88	93.3	29	6.97	16.6	29.2	15.6	44.2	27.4	17.3	9.72	13.3	16.9	11.3	6.84	10.1	2.39	0.859	3.48	0.0782	0.143	0.0457	5.41	1.27	0.43	0.746	1.58	2.62	3.4	5.35	4.65	6.18	6.45	6.88	6.09	6.66	6.37	6.07	3.24	2.53	2.16	1.81	0.755	0.887	1.04	1.05	0.718
79.2	78.2	86.4	100	85.3	69.6	75.9	78.9	83.1	91.8	119	156	93.6	51	58.3	39.1	38.2	27.5	27.7	14.2	20.5	12.3	10.6	9.8	4.41	4.25	17.3	16.5	11	9.45	4.58	9.46	13.3	10.2	9.75	12.5	20.6	30.8	22.7	8.26	3.5	6.09	6.97	16.7	61.6	58.7	45.3	23.4	32.7	25.5	14	8.29	31	32.2	40.4	56.5	8.19	21.2	28.4	12.7	3.09	5.16	8.98	5.91	34.9	47.2	27	36.1	25.2	6.64	15.4	7.44	16.8	34.6	52.3	13.6	11	31.6	22.2	7.38	10.7	10.5	9.57	8.68	5.94	9.73	5.53	0.263	4.95	2.79	5.46	4.77	0	0	0	0.0182	0.0132	0.0252	0.0466	0.92	1.2	2.28	3.11	4.28	5.35	5.2	4.12	3.05	3.05	3.05	2.93	3.62	3.44	3.19	2.64	1.13	1.13	1.2	1.22	1.16
81.3	132	70.5	70.3	70.2	76.3	81.5	63.1	65.3	76.3	97.4	110	86	60.2	48.2	45.7	30.6	34.1	27.8	7.69	12.7	11.2	15.3	20.4	8.57	17.1	18	17.8	10	7.27	13.3	7.72	13.7	13.8	6.98	6.07	13.3	18.2	24.6	7.87	2.47	3.42	9.52	15.3	41.2	51.3	78.3	71.5	21.3	19	14.6	13.5	21.7	35.2	29.3	30.7	48.4	38.9	21.8	3.63	2.24	1.68	5.18	5.38	26.5	35	29.1	26.6	11.3	25	16.3	6.55	14.5	21.8	32.1	11.8	16	30.5	20.5	30.7	4.22	3.91	4.56	3.87	6.81	0.296	0.803	0.151	20	21.4	5.22	1.02	0	0	0	0.00387	0.00481	0.0124	0.0266	0.558	0.749	1.67	1.5	2.86	2.75	4.71	5.32	3.28	2.79	3.09	3.28	4.17	4.03	3.8	3.19	1.53	1.43	1.45	1.49	1.37
64.8	87	68	62.6	68.6	83.6	85.2	62.7	55	60.2	68.8	86.2	63.7	59.8	42.2	38.9	25.8	15.8	13.5	6.21	9.39	4.95	9.16	11.5	7.31	11.3	13.6	16.4	12.3	8.75	8.14	4.67	6.84	5.84	8.3	7.3	11.4	13.9	14.2	3.39	13.8	5.05	7.32	36	41.5	22.3	30.4	82.6	39.9	106	67	61.4	68.9	65.9	49.4	39.8	64.8	61.8	24.8	2.48	4.84	14.6	19.9	11.6	7.47	59	37.9	12.4	14.5	22	8.22	1.82	10.9	3.65	6.35	11.4	11.3	10.6	12.1	1.73	1.43	2.07	2.92	2.43	1.68	1.33	5.89	5.92	0.679	0.457	4.34	0.0244	0	0	0	0.000372	0.000519	0.00528	0.0146	0.328	0.455	0.703	1.07	2.91	2.09	3.92	4.9	2.98	3.4	3.65	3.97	4	4.14	3.98	3.39	1.84	1.74	1.78	1.85	1.75
51.9	83.9	75.9	63.1	72.7	76	60	53.2	78.2	84	70.3	77.3	62.8	44.2	77.9	27.9	20.3	13.6	12.5	9.54	7.33	5.92	5.83	7.26	8.87	12.9	32.3	20.5	10.2	15.8	9.64	15.2	12.2	12	30.2	16.6	26.5	40.1	7.81	7.51	8.78	3.23	11.4	28.7	16	19.3	24.3	63.3	28.8	77.2	84.9	72.6	87.3	76	64.3	45.3	33.6	45.5	23.4	10.2	4.15	33.7	0.886	16.6	9.39	18.1	12.1	7.06	2.89	6.1	5.75	8.23	16.5	7.44	4.33	4.22	4.11	5.83	17.9	2.01	0.307	0.161	1.9	1.26	2.94	1.02	33.7	6.73	3.89	5.57	3.62	0	0	3	0	0.000265	0.000371	0.00376	1.29	0.809	0.326	0.51	0.789	1.27	1.76	3.47	4.29	2.7	2.97	2.69	2.75	3.46	3.62	3.54	3.17	2	1.99	2.1	2.2	2.14
50.7	52.3	81.6	74.5	64.7	57.9	62.7	81.6	91.4	93.6	64.9	45.4	43.7	24.3	37.5	16.6	11.8	24	8.93	9.3	6.74	5.54	4.45	7.75	11.5	7.33	14.7	16.9	19.1	15.5	11.4	7.31	6.1	10.1	22.7	19.4	37.1	26.3	23.4	23.4	24.5	7.94	10.1	14.2	17.7	18	12	8.4	8.45	20.5	23.1	37.9	85	79.8	64	41.8	64	8.9	2.86	1.99	1.55	1.09	0.962	23.5	4.95	1.13	2.95	8.34	5.33	3.72	4.06	9.78	15.6	5.48	9.38	6.82	3.77	3.93	5.12	1.76	0.437	0.275	2.22	2.79	1.23	1.19	7.96	9.35	2.44	4.05	2.05	0	0	1.78	0	0.0744	0	0	1.4	0	0.557	0.197	0.24	0.387	0.594	0.595	0.844	1.12	1.93	1.65	1.96	2.15	2.32	2.4	2.3	1.78	2	2.22	2.36	2.48
48.2	56	55.6	63.4	65	62.8	75.8	76.9	101	86.1	60.1	37.8	28.4	39.2	19.1	17.1	12.9	27.5	9.61	14	11.3	4.82	13.6	17.6	24.7	14	12.3	16.7	13.9	15.8	13.4	2.35	1.69	3.72	10.2	5.54	7.92	14.8	12.8	9.6	9.52	5.48	13.8	9.73	6.87	8.38	27.8	8.05	37.3	32.9	25.8	26.3	32.1	48.7	44.6	58.8	88.5	21.1	20.9	4.83	12.6	25.2	14	9.51	2.7	6.12	1.55	3.69	2.52	6.03	8.1	7.69	7.52	5.04	8.35	2.76	6.29	4.24	10.7	4.43	2.19	1.84	3.22	2.48	0.63	0.607	0.352	1.95	0	0	0.00527	0	0	0	0	0	0	0	0	0	0.518	0.0612	0.0754	0.18	0.234	0.301	0.38	0.52	1.11	1.35	1.65	1.87	1.99	2.16	2.18	2.02	2.28	2.5	2.66	2.82
70	83.5	128	58.9	73.2	74.9	93.2	70	81	86.3	82.5	56	61.4	30.6	25.2	56.5	27.5	15.3	25.1	19	18.4	9.96	19	25.6	16.2	9.87	6.96	5.53	4.36	8.79	12	3.36	1.65	4.41	7.79	5.33	3.18	1.43	7.68	5.07	7.19	6.68	14.6	32	6.66	12.4	46.6	12.9	44.1	76.5	76.5	127	171	61.2	18.3	68.7	133	97	66.1	56.2	50.5	36.8	46	27.8	9.98	5.02	1.49	7.3	3.74	8.68	18.8	11	4.92	3.8	2.18	4.28	8.72	3.99	3.54	1.94	0.55	0.649	0.0888	0.135	0.356	0.622	0.556	0.0991	0.0283	0	0.00472	0	0	0	0	0	0	0	0.148	0.163	0	0	0	0.275	0.0915	0.132	0.188	0.278	0.781	1.8	1.43	1.56	1.71	1.97	2.04	2.13	2.4	2.63	2.83	3.05
58.9	72.1	73.3	52.1	67.9	81.9	87.3	112	105	82.9	85.1	67	60.9	62.3	38	40.4	23.2	19.7	15.7	13.7	17.5	20.4	20.3	16.6	16.1	15.2	5.14	2.9	2.54	4.53	6.45	6.53	6	1.23	7.5	5.8	0.612	6.33	8.6	8.18	2.92	6.63	6.93	6.65	20	6.17	7.43	10.8	16.6	23.7	39.4	30.2	23.1	24	7.17	20.5	6.27	66.7	45.9	34.2	49.8	24.9	69.3	67.1	66.1	19.4	3.8	5.88	8.33	5.17	9.96	10.1	2.99	1.88	1.95	1.82	2.87	1.25	2.31	2.64	1.58	0.347	0.0788	0.0306	0.0158	1.81	2.22	0.464	0	2.12	0.00944	0	0	0	0.00595	0	0	0.133	0.19	0.123	0.11	0.0657	0.0141	0.0468	0.0654	0.0945	0.323	0.33	0.742	1.02	1.24	1.37	1.53	1.84	1.96	2.16	2.46	2.72	3.03	3.3
69.8	99.8	78.5	86.8	116	135	189	161	112	77.3	90.6	70.2	44.8	37.8	31.4	12.2	26.1	13.7	12.5	17.4	9.34	39.4	35.2	11.2	6.06	5.58	5.21	3.92	3.32	2.95	2.54	3.33	4.99	7.97	4.54	1.19	0.64	5.33	3.75	2.19	3.4	30.6	10.6	6.54	0.807	3.29	8.48	16	23.5	28.1	18	8.07	7.43	4.29	8.85	40.6	15.7	0.782	5.7	27.7	25.3	24.6	32.9	22.8	18	18.7	13.1	12.1	14.2	5.21	1.99	2.19	1.92	2.44	1.35	0.569	0.613	0.335	0.596	0.172	0.398	1.77	0.102	0.106	1.1	1.41	1.74	0.418	0.0314	0.63	0	0	0	0	0	0.00394	0.162	0.207	0.133	0.165	0.17	0.0716	0	0	0	0	0.234	0.368	0.553	0.697	0.886	1.02	1.19	1.54	1.76	2.15	2.62	2.8	3.11	2.63
89.9	146	92.7	105	86.5	131	169	135	104	54	46.8	55.3	47.5	67.4	55.3	22.7	18.8	16.2	14.2	10.5	4.74	4.46	4.87	4.36	4.4	4.7	4.02	3.47	3.77	3.19	3.47	2.99	3.73	2.94	3.24	0.823	0.781	1.89	1.77	0.65	2.1	9.43	7.68	18.6	1.97	5.77	7.16	8.65	11.3	17.9	14.5	5.05	9.02	12	44.6	49.8	32.6	11.6	7.74	2	15.9	17.3	24.5	13.7	3.21	5.2	3.57	14.2	10.1	4.35	1.83	1.99	1.71	2.23	1.16	0.476	0.326	0.246	0.239	0.139	0.133	2.57	0.0863	1.67	0.0128	0.675	0.0786	0	0	0	0	0	0	0	0.0614	0	0.133	0.18	0.104	0.13	0.185	0.173	0	0	0	0.118	0.312	0.387	0.512	0.631	0.815	0.947	1.12	1.41	1.74	2.13	2.72	2.85	3.31	2.77
34.1	71.8	57.2	86.7	104	94.5	114	97.6	87.7	41.8	29.9	25.8	32.5	73	43.6	23.2	17.7	12.8	2.98	4.97	7.06	2.51	2.87	3.64	6.48	4.89	4.33	3.99	3.72	3.07	2.34	3.18	3.28	2.98	4.15	1.09	1.15	0.799	0.75	0.361	3.05	8.35	7.36	9.18	2.2	0.456	0.364	0.0769	2.61	5.38	8.3	38.9	31.8	10.6	5.12	54.9	54.4	26.2	26.1	19.2	26.8	14.8	13.7	8.78	5.23	15.2	9.93	12.8	11.8	1.78	1.6	2.82	2.5	1.24	0.994	0.4	0.268	0.499	2.39	0.114	0.109	0.094	0.0702	0.356	0.0101	0.00408	0.00291	0	0	0	0	0	0	0	0.00472	0	0	0.182	0.108	0.0927	0.202	0.0857	0	0	0.0389	0.248	0.393	0.414	0.473	0.511	0.695	0.829	0.99	1.31	1.61	2.06	2.46	2.86	3.26	2.85
37.9	39.9	45.8	42.7	114	74.6	92.2	72	75.1	48.9	39.2	11.7	11.1	15.6	17	5.88	5.48	12.1	2.23	3.13	2.16	3	2.53	3.24	6.73	33.4	10.3	4.93	3.55	2.69	2.32	2.06	1.94	2.06	1.96	1.63	1.49	1.94	1.41	0.46	0.819	5.54	2.06	0.898	0.635	0.771	0.532	0.0987	0.0609	0.88	1.48	9.65	30.7	38.3	71.1	25.2	34	37.1	21.4	16	25.4	6.74	0.436	5.82	19.2	33.9	45.5	8.98	10.1	8.47	1.3	2.23	2.17	1.04	0.843	0.344	0.237	0.177	0.165	0.0942	0.0857	0.0723	0.054	0.0159	0.00752	0.00291	0.00208	0	0	0	0	0	0	0	0	0	0	0.00517	0.0786	0	0	0	0	0	0.0275	0.239	0.343	0.347	0.382	1.07	0.629	0.725	0.891	1.21	1.54	2	2.43	2.87	3.31	2.94
67.1	108	104	70.9	48.6	52.9	75.7	85.6	48.7	74.9	77.5	44.9	11.3	8	5.24	4.19	5.06	2.51	2.56	4.61	1.48	1.55	1.78	4.63	8.77	47	47.1	28.4	16.4	6.98	2.52	2.45	2.02	2.48	1.92	1.89	2.37	3.02	2.87	0.702	0.865	0.905	1.2	3.6	1.03	1.33	0.787	0.259	0.157	0.177	0.0702	0.646	1.49	58	107	55.9	21	16.6	17.5	3.57	2.18	1.17	0.307	7.13	7.09	12.2	44.4	13.5	2.95	1.44	0.837	0.814	0.719	0.619	0.509	0.233	0.171	0.126	0.111	0.054	0.0457	0.0368	0.0272	0	0.00996	0	0	0.00942	0	0	0	0.00498	0	0	0	0.0554	0.0705	0.156	0.0598	0	0	0	0.0151	0	0.0467	0.218	0.29	0.217	0.241	0.26	0.47	0.391	0.495	0.68	0.886	1.48	1.83	2.2	2.58	2.92
71.4	120	125	59.7	34	44	48.3	34	53.3	54.3	56	52.1	35	3.89	3.4	1.59	1.36	1.49	2.63	3.02	2.65	1.32	1.53	1.37	8.31	11.7	55.5	45.3	29.7	9.87	3.25	2.46	2.07	1.77	1.56	0.863	1.93	1.65	0.922	0.784	3.15	1.03	1.55	1.57	3.85	1.19	0.902	0.304	0.182	0.106	0.102	0.0244	0.011	0.958	1.93	9.28	14	11.5	20.8	7.21	0.26	0.822	0.317	1.19	2.11	10.6	11.6	7.95	5.1	1.08	0.583	0.583	0.534	0.471	0.397	0.196	0.142	0.109	0.0902	0.0397	0.0291	0.021	0.0153	0	0	0	0	0	0	0	0	0	0	0.0649	0	0.059	0.072	0.0871	0.106	0	0	0	0.0148	0	0.0843	0.234	0.287	0.209	0.325	1.61	0.467	0.456	0.439	0.622	0.888	1.43	1.8	2.19	2.61	2.99
62.2	179	123	68.5	36.7	26.1	50.6	21.7	46.8	27.7	37.3	27.2	14.3	3.73	3.02	2.07	1.11	1.12	3	1.22	1.22	1.32	1.51	5.5	8.14	39.1	60.2	64.9	58	27.1	6.91	2.36	2.01	1.72	1.54	0.839	0.749	3.19	1.5	0.874	1.03	1.14	1.31	5.08	2.55	2.64	1.83	0.33	0.2	0.117	0.087	0.0267	0.0117	0.004	0.0604	0.00388	0.0214	0.147	1.55	4.29	2.52	0.71	0.218	2.7	5.5	9.23	8.2	3.08	0.928	0.638	0.401	0.411	0.393	0.351	0.3	0.145	0.113	0.0882	0.0699	0.0286	0.0182	0.0161	0.00817	0	0	0	0	0	0	0	0	0	0.00498	0	0	0.0515	0.106	0.0782	0.0967	0	0	0	0	0	1.16	0.446	0.211	0.155	0.172	0.486	0.785	0.371	0.381	0.573	0.823	1.4	1.82	2.19	2.64	3.05
59	64.5	92.9	90.1	89.7	49.7	56.1	17.6	17.5	21.5	17.4	16.3	3.82	0.584	3.15	2.54	1.3	4.2	15	3.9	1.45	1.55	1.73	1.5	11.2	47.1	68.6	94.4	113	60.2	24.8	11	3.6	1.53	1.45	0.819	1.83	1.9	1.56	0.967	1.11	1.2	1.33	4.19	1.5	4.22	0.955	0.329	0.223	0.127	3.86	3.57	3.73	0.00384	0.00342	0.00323	0.375	0.358	1.16	1.16	0.068	0.0923	0.0899	0.921	0.898	0.964	1.4	1.09	0.359	0.309	0.292	0.3	0.285	0.257	0.218	0.105	0.0816	0.0631	0.0498	0.0204	0.013	0.00818	0.00584	0	0	0	0	0	0	0.00471	0	0	0	0	0	0	0.185	0.0693	0.0809	0	0	0	0	0	0.26	0.0991	0.108	0.0814	0.0997	0.512	0.285	0.218	0.33	0.528	0.761	1.37	1.81	2.19	2.67	3.11
25.2	26.5	48.6	48.2	99.4	64.7	26.4	11.7	10.5	8.39	0.904	3.1	10.9	2.75	1.99	3.8	2.27	3.59	30.6	9.87	10	1.97	2.33	1.97	6.11	40.4	46	76.2	147	59.5	61.6	26.9	6.81	1.36	0.846	2.7	2.67	1.58	2.01	2.51	4.45	3.18	3.39	1.29	1.31	1.21	4.2	0.369	0.239	1.54	4.7	1.53	0.793	0.0076	0.00627	0.0363	0.663	2.51	4.74	0.311	0.0909	0.358	0.163	0.00586	0.0373	0.376	0.371	0.0426	0.0384	0.0386	0.0423	0.0688	0.0656	0.0594	0.05	0	0	0	0	0	0	0	0	0	0	0	0	0	0	0	0	0	0	0	0	0	0.0185	0.0699	0.0865	0.0333	0.0386	0.0727	0	0	0	0.00708	0.00988	0.0108	0.0275	1.22	0.202	0.163	0.274	0.471	0.706	1.29	1.7	2.13	2.61	3.06
17.6	5.22	24.7	36.8	54.3	41.5	12.9	9.08	4.52	5.12	1.21	9.84	29.7	35.8	13.5	3.32	2.42	3.41	6.45	9.34	5.79	21.6	5.85	2.15	4.3	13	24.2	43.6	64.2	44.1	30.6	23.5	4.96	1.39	0.779	1.47	1.44	2.94	2.15	2.65	9.31	3.37	3.33	1.3	8.78	6.8	0.956	0.372	0.248	1.65	2.18	1.19	0.0855	0.00727	0.00548	0	0.196	0.536	1.21	0.316	0.118	0.0353	0.0769	0.0103	0.0103	0.0416	0.524	0.0387	0.0143	0.0146	0.0143	0.0274	0.027	0.0245	0.02	0	0	0	0	0	0	0	0.104	0.00662	0	0	0	0	0	0	0	0	0	0	0	0	0	0.0585	0.0584	0.0222	0	0.197	0.05	0	0	0	0	0.0207	0	0.521	0.33	0.121	0.258	0.436	0.677	1.26	1.69	2.13	2.62	3.11
8.95	4.03	13.2	13	13.4	8.51	6.37	2.87	6.31	5.43	7.27	12.4	11.3	20.3	13.5	4.61	5.59	3.75	10.1	4.51	5.01	15.7	9.31	13.2	9.56	4.1	11.8	17.8	35	27.9	24	17.5	0.741	0.796	2.06	2.24	1.41	1.7	2.15	2.77	3.18	3.42	3.48	1.32	4.97	10.5	4.4	6.78	0.261	0.176	0.896	0.0717	0.0288	0.00633	0.271	1.1	8.77	0.325	0.0392	0.0217	0.0347	0.00664	0.0191	0.000116	0.000163	0.000224	0.000301	0.00157	0.00188	0.00222	0.205	0.00579	0.00655	0.00606	0.00814	0	0	0	0	0	0	0.00529	0	0	0	0	0	0	0.00308	0	0.00307	0	0	0	0	0	0	0.0369	0	0.0191	0.12	0	0.112	0.134	0	0	0	0	0	0	1.59	0.0992	0.215	0.414	0.658	1.25	1.67	2.13	2.64	3.15
11.3	3.91	2.34	5.72	6.46	3.38	4	1.08	4.63	14.6	16.9	24.3	9.74	2.27	2.25	6.37	5.79	6.1	7.18	7.18	5.7	9.98	6.19	12	9.34	2.99	4.37	10.4	15.7	16.3	14.5	10.7	12.7	0.826	0.725	1.16	1.31	2.07	2.03	2.7	3.19	3.44	3.5	1.35	7.54	7.94	5.74	4.58	4.33	2.53	0.136	0.0749	0.0286	0.0617	0.257	1.19	2.49	2.44	0.00953	2.71	0	0	0.0151	0.00492	0.000116	0.000161	0.00494	0.00112	0.00134	0.00158	0.316	0.378	0.00466	0.00434	0.0031	0	0	0	0	0	0	0	0	0	0	0	0	0	0	0	0	0.0213	0	0	0.0256	0.037	0.0185	0.0585	0.0184	0	0.0991	0.188	0.19	0	0	0	0.0117	0	0	0.0774	0.262	0.0942	0.211	0.408	0.654	1.24	1.68	2.14	2.7	3.19
3.81	2.84	12	23.2	9.58	7.54	2.47	1.04	2.88	11.1	19.1	26.9	49.7	18.2	8.3	6.49	3.73	6.41	7.64	5.74	6.21	16.9	7.53	10.4	8.62	7.33	6.57	5.42	5.31	5.08	5.39	1.96	0.928	0.503	1.51	0.811	0.885	1.15	1.55	3.45	3.76	3.85	3.55	2.7	1.9	11	1.26	0.594	0.405	0.273	0.199	0.00868	0.00316	0.0629	0.93	0.838	0.44	0.889	0.396	0.857	0.151	0.103	0.116	0.0171	0.271	0.0256	0.18	0.339	0	0.0032	0.189	0.505	0.222	0	0	0	0	0	0	0	0	0	0	0.00543	0	0	0	0	0	0	0	0	0	0	0.0269	0.0979	0.0772	0.0488	0.0772	0.0811	0.188	0	0.0813	0.0257	0	0	0	0	0	0	0.317	0.119	0.275	0.535	0.859	1.56	2.11	2.71	3.43	2.63
3.04	2.53	7.44	20.7	19.2	2.36	1.43	0.618	1.32	5.02	16.5	31.7	57	33.6	29.6	12.4	3.53	11.3	12.7	6.6	4.98	11.7	9.66	9.35	8.32	8.8	7.19	5.97	5.06	4.17	3.15	1.45	0.617	0.389	0.455	0.719	0.75	0.998	1.57	2.6	3.54	3.85	4.05	3.47	2.95	17.5	7.77	1.63	1.41	3.62	0.394	0.00901	0.00314	0.0825	0.777	0.421	0	0.947	3.12	0.764	0.127	0.0215	0.103	0	0	0.00427	0.18	0.424	0.0064	0.336	0.125	0.391	0	0	0	0	0	0	0	0	0	0	0	0	0	0	0	0	0	0	0.00955	0	0	0	0	0.102	0.126	0.0732	0.155	0.132	0.0513	0	0.128	0	0	0	0	0	0	0	0.377	1.34	0.278	0.544	0.872	1.59	2.18	2.76	3.45	2.67
2.74	2.43	2.17	1.69	1.82	0.921	0.78	0.133	0.214	6.87	31.5	19.5	19.3	37.6	30.4	14.4	9.88	6.46	18.9	7.86	5.7	5.95	8.1	9.71	10	8.92	11	6.8	5.53	4.1	2.92	1.08	0.643	0.394	0.403	0.637	0.65	1.11	1.48	2.43	3.85	3.52	4.24	3.9	4.08	4.02	10.9	6.82	1.74	2.67	1.48	0.3	0.49	1.52	1.43	0.0242	0.106	0.384	1.45	2.49	1.28	0	0	0.00857	0	0	0	0.71	0.0064	0	0	0	0	0	0	0	0	0	0	0	0.00548	0	0	0	0	0	0	0	0.00638	0.00318	0	0.00449	0	0	0	0	0.0489	0.126	0.151	0.0768	0.0812	0.0514	0	0	0	0	0	0	0.00554	0	0.319	0.127	0.29	0.561	0.896	1.62	2.19	2.82	3.54	2.78
2.53	3.18	2.56	1.72	1.35	1.08	0.765	0.154	0.108	2.41	6.84	24.5	8.09	9.68	8.11	4.7	8.68	7.55	16.4	12	7.17	7.57	7.21	9.76	9.96	10.2	11.1	9.18	5.28	4.31	3.35	1.47	0.74	0.463	0.764	0.62	0.942	1.14	1.38	2.31	3.14	3.6	4.09	3.22	4.39	11.8	17.3	13.3	4.52	1.79	1.67	0.331	0.302	0.281	3.19	0.589	0	0.0211	0.37	0.464	0.288	0.306	0.129	0.27	0	0	0	0.339	0	0	0	0	0	0	0	0	0	0	0.00422	0	0	0	0	0	0	0	0	0	0	0.0191	0.00318	0.00448	0	0	0	0	0.102	0	0	0.0256	0.0512	0.0299	0	0	0.00855	0	0	0	0	0	0.392	0.146	0.313	0.588	0.929	1.67	2.26	2.91	3.64	2.83
2.43	2.38	1.99	1.86	1.45	1.23	0.858	0.274	0.167	0.0851	0.361	1.35	2.08	1.71	2.22	4.18	2.32	3.95	4.44	5.13	7.58	7.39	4.94	10.4	11.1	10.4	10.2	10.6	8.68	7.35	5.23	2.16	1.51	2.4	1.55	0.852	0.136	0.379	2.39	1.44	1.87	4.45	2.05	1.99	2.81	3.13	13.4	11.2	5.5	4.84	6.28	1.9	0.431	0.375	0.348	0.644	1.58	0.32	0.701	0.643	0.227	0.792	0.404	0.52	0.257	0.145	0.226	0.00331	0	0	0	0	0.0154	0	0.00307	0	0	0	0	0	0	0	0	0	0.00571	0	0	0.00741	0	0	0	0	0	0	0	0.0039	0	0	0	0.0128	0.00426	0	0	0	0	0	0	0.00376	0	0	0.039	0.155	0.321	0.593	0.928	1.3	1.76	2.28	2.88	2.6
2.51	2.53	2.34	2.02	2.35	1.48	0.896	0.259	0.148	0.147	0.542	1.92	0.822	1.22	1.38	3.69	1.85	6.94	6.95	5.38	5.95	6.36	7.56	11.9	13.6	11	9.72	11.1	10.7	8.36	7.2	2.43	1.85	3.79	3.88	0.984	0.731	0.269	4.36	1.29	1.68	4.94	2.2	2.15	2.32	2.99	3.12	6.46	3.21	6.26	6.09	0.592	0.776	0.421	0.393	0.269	1.93	1.25	0.898	0.485	0	0.163	0.365	1.62	2.08	1.1	0.334	0	0	0	0	0	0.123	0	0	0	0	0	0	0	0	0	0	0	0	0	0	0	0.016	0.00636	0	0	0	0	0.00428	0	0	0	0	0.0171	0.00853	0	0	0	0	0	0	0.00395	0	0	0.0475	0.168	0.338	0.616	0.96	1.33	1.8	2.34	2.94	2.68
3.1	2.76	2.75	2.67	2.29	2.1	0.996	0.327	0.248	0.254	0.444	0.529	0.0799	0.191	1.42	3.42	3.46	15.4	18.8	3.37	3.97	5.68	9.88	12.5	11.5	11.4	9.64	11.3	10.6	8.62	7.54	2.68	1.59	1.72	4.01	0.806	0.146	0.227	1.33	6.47	4.5	5.98	3.13	2.7	3.56	6.86	3.09	3.84	3.5	3.22	3	1.03	1.2	1.12	0.464	0.319	0.725	1.18	0.857	0	0	0	0.163	0.163	1.38	1.39	0.133	0.0762	0	0	0.364	0	0	0.00307	0.127	0	0	0	0	0.175	0	0	0	0	0	0	0	0	0	0.0159	0.016	0.0128	0	0	0	0.0039	0	0	0.129	0.0214	0	0	0	0	0	0.00428	0	0	0	0.0202	0.0462	0.172	0.347	0.629	0.98	1.36	1.83	2.38	3.01	2.71
2.61	3.45	4.21	3.72	2.47	1.88	1.18	0.745	0.61	0.64	0.374	0.182	0.371	0.28	0.378	0.828	3.31	4.02	14.2	4.2	3.54	4.52	9.42	12	10.5	9.97	9.5	11.3	10.7	8.91	6.92	2.63	1.74	1.67	4	2.24	0.27	0.609	3.48	9.54	9.7	8.6	8.92	3.29	5.53	7.35	3.38	2.61	3.71	3.46	3.28	1.16	1.05	6.69	0.553	0.384	0.235	0.209	0	0.135	0	0	0.164	0	0.12	0.107	0	0	0	0	0.133	0	0.0584	0	0.144	0	0.00406	0.00407	0.255	0.173	0.0189	0	0	0	0	0	0	0.00319	0	0	0.0192	0	0	0	0	0	0	0	0	0	0	0	0	0.278	0.0256	0.00428	0	0	0	0	0.0195	0.149	0.328	0.613	0.969	1.38	1.83	2.39	3.03	2.68
0.964	1.4	2.88	2.4	0.884	0.587	1.1	0.134	0.07	0.147	0.181	0.105	0.207	0.861	0.42	0.248	0.42	1.34	1.91	2.07	2.63	3.15	3.8	8.82	8.12	6.85	6.41	8.8	9.41	7.06	5.72	2.95	1.8	1.34	1.91	0.948	0.911	1.43	2.35	3.88	8.03	5.87	11.4	12.1	6.21	6.18	5.02	3.82	4.17	4.24	2.13	0.78	0.398	0.089	0.0636	0.075	0.068	0.0606	0	0.0792	0.229	0.0603	0	0	0	0	0	0.0796	0.0299	0	0	0	0	0	0	0.0454	0.104	0.00737	0.325	0.0444	0	0	0	0	0.00277	0	0	0.0217	0.00961	0	0	0	0	0.00309	0	0	0.00289	0.00289	0	0	0	0.012	0	0	0	0	0	0	0	0	0.00365	0.177	0.415	0.782	1.24	1.35	1.83	2.38	3.02	3.04
1.05	0.881	1.17	1.5	1.39	0.549	0.52	0.348	0.137	0.217	0.147	0.293	0.0591	0.468	0.38	0.17	0.231	0.326	1.52	2.69	2.42	4.87	4.47	6.44	8.09	9.69	10.1	7.84	11.9	7.91	9.01	9.26	2.19	1.42	1.46	1.15	1.69	1.51	2.1	7.84	8.67	13.6	10.9	11.5	6.76	7.5	4.67	3.53	4.04	2.15	1.95	0.658	0.409	0.265	2.56	0.0772	0.0702	0.0628	0	0.118	0	0.262	0.104	0.663	0.221	0	0.0337	0.258	0.303	0.154	0	0.0413	0.0425	0.0454	0	0.0262	0	0	0.00436	0	0.614	0.0486	0	0	0	0	0	0	0	0	0	0	0	0	0	0	0	0	0	0	0	0	0	0	0	0	0	0	0	0	0.00431	0.179	0.419	0.785	1.24	1.35	1.83	2.39	3.05	3.09
0.779	0.695	0.602	0.673	1.23	0.335	0.299	0.31	0.111	0.307	0.406	0.801	0.718	0.153	0.2	0.314	0.232	0.22	1.42	1.95	12	8.47	7.61	4.49	10.2	8.99	8.15	6.5	7.11	7.13	5.26	3.42	1.75	1.4	2.53	1.63	1.45	2.5	2.35	8.95	9.56	5.67	5.36	8.05	8.37	7.87	4.41	3.34	2.63	2.03	1.52	0.471	0.397	0.614	5.01	0.0772	0.0703	0	0	0.188	0	0	0	0	0.0149	0.0663	0.344	1.11	0.461	0.522	0.231	0.0609	0.122	0.154	0	0.00415	0	0	0.172	0	0	0	0	0.00255	0	0	0	0	0	0	0	0	0	0	0	0.00289	0	0	0	0.00298	0	0	0.00893	0	0	0.00236	0	0	0	0	0.00988	0.182	0.419	0.776	1.22	1.33	1.8	2.37	3.03	3.08
0.679	0.528	0.471	0.549	0.376	0.267	0.263	0.252	0.234	0.296	0.943	1.77	0.439	0.507	1.19	0.246	0.543	1.19	1.81	2.6	19	34.1	8.34	11.3	11.5	8.07	5.47	5.51	5.41	5.14	3.93	2.14	1.47	1.36	2.41	10.2	4.34	5.28	3.47	13.7	5.68	5.6	5.42	10	7.67	8.88	6.03	3.68	2.44	1.87	3.28	0.968	0.739	0.0758	0.211	0.184	0.0699	0.826	0	0	0	0	1.35	0.991	0.802	0.155	0.259	0.747	0.33	0.325	0.00696	0.0212	0.101	0.146	0.0237	0.00396	0	0	0.106	0.0437	0	0	0	0	0	0	0	0	0	0	0	0.00309	0	0	0	0	0	0	0	0	0	0	0	0.0306	0	0	0	0	0.0482	0	0.00828	0.171	0.394	0.732	1.16	1.26	1.76	2.28	2.93	3.01
0.351	0.389	0.427	0.127	0.081	0.0966	0.0543	0.118	0.26	0.25	0.318	0.474	1.47	1.36	0.59	0.283	0.323	1.53	0.353	0.37	0.374	2.45	2.77	5.72	5.88	4.43	1.85	2.42	2.48	4.25	2.31	0.803	0.588	0.611	5.83	21.3	18.2	4.08	2.42	7.34	4.62	4.77	4.49	9.98	4.71	6.91	3.73	4.57	2.29	2.38	1.16	0.0859	0.038	0.0123	0.0094	0.0111	0.00596	0.00299	0.00226	0.000513	0.000253	0.000107	7.66e-05	0.217	0.107	0.0697	0.0584	0.254	0.127	0.191	0.0772	0.239	0.0109	0.0113	0	0	0	0	0	0	0.00406	0	0.086	0.0597	0	0	0	0	0	0	0	0	0	0	0	0	0	0	0	0	0	0	0	0	0	0	0	0	0	0	0.0263	0.122	0.287	0.537	0.888	0.936	1.32	1.73	2.26	3.6
0.163	0.207	0.121	0.253	0.156	0.0424	0.0423	0.116	0.0967	0.219	0.447	1.01	0.787	0.418	1.31	0.383	0.399	0.469	0.472	1.06	5.56	0.555	2.33	8.86	3.34	3.7	0.855	1.89	1.66	2.14	5.27	3.1	0.427	0.907	7.09	23.1	14.1	2.82	4.73	5.91	5.81	4.71	4.66	9.99	3.79	9.13	13.8	3.74	3.05	1.42	1.03	1.25	0.0301	0.00693	0.00576	0.00785	0.0058	0.017	0.00316	0.000716	0.000353	0.0273	0.000107	0.103	0.0837	0.0403	0.0975	0.0685	0.34	0.131	0.263	0.147	0.0153	0.004	0	0.00414	0	0	0	0	0	0.00375	0.0763	0	0	0.146	0	0	0	0	0	0	0	0.00318	0	0	0	0	0	0	0	0.0627	0.0193	0.00204	0	0	0	0	0	0	0	0.104	0.26	0.494	0.789	0.864	1.23	1.63	2.15	3.47
0.104	0.186	0.262	0.0832	0.0463	0.0606	0.241	0.201	0.177	0.273	0.63	1.34	1.91	1.17	1.23	0.72	0.492	0.532	0.389	0.205	0.582	0.911	1.19	14.4	1.35	1.82	0.424	1.9	1.73	1.54	1.32	1.01	0.385	2.04	5.47	13.2	4.48	5.88	3.09	5.25	6.74	4.61	11.6	8.72	7.64	8.4	8.26	4.36	2.26	1.32	0.956	1.28	0.0264	0.00571	0.0791	0.0126	0.0139	0.12	0.0117	0.0955	0.00271	0.00254	0.00281	0.103	0.0546	0.333	0.135	0.0386	0.17	0.0849	0.085	0.0219	0.0138	0.00488	0	0	0	0	0	0	0	0	0	0.214	0.166	0	0.445	0	0	0.00333	0.00332	0.0032	0	0	0	0	0	0	0	0	0	0	0	0	0	0	0	0	0	0	0	0.0898	0.234	0.487	0.734	0.807	1.13	1.55	2.07	3.35
0.0822	0.0663	0.0751	0.0736	0.139	0.154	0.264	0.695	0.324	0.4	0.512	0.642	1.65	1.65	0.95	1.24	1.34	1.59	0.535	0.272	0.309	0.439	0.293	0.855	0.926	86.3	0.786	1.37	10.5	12.7	1.51	0.709	0.682	1.18	1.84	7.21	5.58	5.85	3.05	4.9	5.33	4.71	4.39	11.4	15.8	7.06	3.13	2.5	3.43	1.36	0.925	0.0671	0.0272	0.00869	0.0117	0.0252	0.0301	0.2	0.148	0.00844	0.00732	0.00725	0.265	0.336	0.167	0.0877	0.0179	0.0142	0.0478	0.137	0.0785	0.0293	0.041	0.0111	0.00586	0	0	0	0	0	0	0	0.115	1.74	0.0852	0	0.863	0.362	0	0.00333	0	0	0	0	0	0	0	0	0	0	0	0.00241	0	0	0	0	0	0.00452	0	0	0	0.117	0.226	0.436	0.707	0.779	1.1	1.51	2	3.27
0.0405	0.0141	0.0205	0.145	0.207	0.671	0.637	0.338	0.39	0.613	0.575	2.41	2.91	3.31	3.05	2.84	2.72	2.37	1.96	0.87	0.672	0.7	0.91	0.325	0.309	1.63	0.269	0.104	3.21	3.16	0.784	0.241	1.27	1.44	2.17	5.76	4.01	5.69	5.87	6.09	6.82	8.37	7.76	8.69	10.3	11.8	6.2	1.65	1.13	2.81	0.558	0.194	0.0829	0.0345	0.05	0.182	0.223	0.232	0.21	0.103	0.0713	0.415	0.07	0.365	0.14	0.311	0.189	0.208	0.236	0.442	0.425	0.421	0.295	0.0828	0.0336	0	0.0601	0	0	0	0	0	0.197	0.894	0.117	0.105	0.208	0.882	0	0	0	0	0	0	0	0	0	0	0	0	0	0	0	0	0	0	0	0	0	0	0	0.0636	0.222	0.38	0.743	0.626	0.912	1.24	1.67	2.64
0.00985	0.0113	0.022	0.176	1.1	0.309	0.923	0.437	0.617	1.1	2.28	3.01	3.51	4.56	3.71	3.66	3.49	3.05	2.42	1.01	0.684	0.486	0.526	0.901	0.249	0.157	0.191	3.29	0.562	0.995	1.69	0.911	5.73	5.48	9.04	4.71	4.46	6.94	8.09	6.11	7.24	8.65	8.29	7.28	8.08	7.31	8	2.79	1.13	3.33	0.538	0.191	0.0851	0.0434	0.0653	0.241	0.299	0.315	0.287	0.0951	0.0847	0.364	0.191	0.275	0.178	0.376	0.229	0.276	0.277	0.277	0.944	0.466	0.292	0.15	0.126	0	0.0842	0	0	0	0.322	0	0	0.162	0.879	0.58	0.554	0.0776	0.306	0	0	0	0	0	0	0	0	0	0	0	0	0	0	0	0	0	0	0	0	0.0138	0	0.0298	0.156	0.335	0.564	0.578	0.834	1.18	1.58	2.52
0.0286	0.0123	0.0235	0.187	1.33	0.676	0.585	0.513	0.601	1.67	1.14	3.4	3.63	3.82	3.85	3.87	3.67	3.32	2.7	1.47	0.981	0.648	0.825	1.3	0.0643	0.0694	0.208	1.96	0.342	0.807	0.392	1.56	31.6	0.443	2.11	16.1	11.9	4.04	6.76	6.31	8.09	7.07	8.87	8.7	8.64	8.35	5.87	2.43	2.52	2.54	2.15	1.2	0.0928	0.0545	0.0788	0.284	1.34	0.373	0.351	0.134	0.113	0.47	0.23	0.283	0.371	0.352	0.263	0.337	0.371	0.543	0.429	0.97	0.504	0.183	0.116	0	0	0	0	0	0	0	0	0	0	0	0	0.0171	0	0	0.00582	0	0	0	0	0	0	0	0	0	0	0	0	0	0	0	0	0	0	0	0	0.0357	0.158	0.33	0.549	0.558	0.801	1.13	1.57	2.43
0.00341	0.0172	2.93	2.33	1.3	0.432	0.503	0.591	0.636	0.706	0.808	3.05	3.31	3.45	3.46	3.47	3.51	3.32	2.81	1.43	1.32	0.903	0.853	1.34	0.171	0.114	0.192	0.86	0.579	0.722	0.876	6.88	0.864	0.402	1.25	7.2	14.9	2.59	2.97	6.75	6.2	7	8.37	8.02	8.78	8.24	9.03	4.16	1.18	2.7	0.952	0.224	0.115	0.0677	0.0907	0.314	0.376	0.406	0.404	0.147	0.146	0.156	0.174	0.368	0.465	1.46	0.337	0.338	0.671	0.839	1.51	0.402	0.624	0.44	0.383	0	0	0	0	0.228	1.43	1.33	0	0	0	0	0	0	0	0	0	0	0	0	0	0	0	0	0	0.0299	0.0342	0	0	0	0	0	0	0	0	0	0	0.0726	0.194	0.359	0.568	0.564	0.794	1.12	1.55	2.37
