147	158	171	178	198	198	195	163	158	181	217	304	362	347	317	314	282	270	259	203	204	186	175	192	202	193	196	207	201	197	205	221	221	229	262	188	177	197	204	184	213	244	254	242	231	231	237	301	305	286	276	265	281	274	269	268	264	250	256	303	286	269	279	231	210	206	205	211	199	199	212	262	246	231	224	200	178	178	178	131	121	121	101	103	88.6	84.6	85.2	65.7	82.7	72.4	74.3	61.3	63.1	80.1	76	69.1	71.4	66.2	50.1	40	36.1	37.6	40.3	79.9	91.9	110	125	133	138	152	159	226	230	235	242	229	240	247	285	250
182	198	208	222	221	197	197	118	130	158	176	314	321	308	335	308	312	296	335	212	191	178	154	174	167	151	150	187	207	197	204	281	278	276	279	215	214	243	255	212	233	270	223	242	242	243	284	338	295	242	230	234	225	228	221	216	219	199	210	234	219	216	239	175	153	140	164	160	145	148	155	160	172	162	166	152	144	151	163	156	151	138	138	137	139	122	117	101	87.2	86.2	79.9	46.6	46.2	63.6	46.8	32.6	29.8	32.5	29.3	14.5	13.2	15	23.2	78.6	99.2	102	118	113	114	134	142	183	189	195	204	184	182	174	184	165
204	227	229	202	210	206	206	116	131	151	170	261	253	272	309	316	290	304	345	223	185	166	160	164	162	162	162	193	184	195	199	250	253	272	275	202	177	193	211	193	187	206	192	238	244	241	241	275	249	251	246	232	208	205	203	192	185	169	178	221	201	202	211	167	148	151	155	152	141	140	149	154	155	150	156	153	148	151	152	151	146	144	147	151	147	131	116	108	98	76.6	79.4	36.5	37	34.9	34.5	18.8	17.8	20.6	21.3	9.96	9.9	12.1	15.4	53	48.4	51.4	77.1	87.5	90.8	109	110	140	148	153	174	156	140	164	142	124
222	242	244	225	221	222	218	120	132	140	154	229	243	258	308	346	329	347	388	240	200	183	176	167	176	174	156	185	176	178	199	247	255	255	287	170	146	167	200	202	189	165	174	225	222	218	222	252	259	262	234	218	207	206	193	175	166	149	168	234	199	197	202	162	161	154	154	159	145	139	141	147	148	143	147	158	148	154	149	163	155	154	155	162	145	128	123	102	97	78.8	76.4	30	34.1	27.3	27.1	13.5	12.5	12.8	15.7	9.63	9.48	10.9	12.4	33.1	31.5	37.7	43.8	66.6	73.3	84.6	90.8	109	123	116	122	108	109	114	107	101
238	270	265	232	226	222	224	131	127	133	156	212	226	259	316	354	408	413	423	277	236	195	190	168	163	165	162	193	183	206	217	272	279	265	270	151	147	166	171	159	152	170	164	229	214	213	227	250	254	284	219	205	194	191	183	161	149	148	157	213	212	207	210	180	169	159	151	157	162	146	141	155	141	137	135	159	154	157	156	175	165	165	163	174	167	148	121	97.8	87.4	85.4	84.3	27.6	23.9	20.1	25.5	6.6	7.62	8.97	12.1	8.01	10.3	9.81	9.39	22.4	21.6	25.6	31.3	52.8	56.8	70.3	77.5	98.4	94.2	99	97	83.9	84.1	83.9	89.8	86.7
225	268	269	197	188	188	201	128	131	145	181	219	224	244	288	445	495	509	535	426	335	274	262	232	200	194	213	193	197	164	146	210	223	183	160	97	91.8	111	119	125	124	149	191	187	177	184	200	230	235	249	233	217	203	187	182	179	167	167	174	240	232	236	252	158	128	132	143	152	174	161	144	134	126	126	127	145	140	163	185	155	151	161	168	132	133	118	107	101	89.8	86.6	77.6	12.9	13.4	9.03	6.09	6.12	5.85	6.15	9.69	14.8	17.8	16.9	17.8	18.9	20.6	22.9	24.4	39	43	46.1	46.3	51.5	45.3	49	53.7	78.7	83.9	83.2	90.7	75.8
226	294	262	188	199	200	206	146	144	157	185	215	224	253	295	420	427	460	487	408	325	280	277	251	219	219	221	204	194	176	159	177	183	169	141	103	94.9	99.2	105	112	111	135	161	166	161	174	204	230	240	202	203	197	190	175	165	161	152	155	160	209	214	211	224	127	129	130	121	136	147	143	140	132	121	118	121	141	144	158	166	149	146	157	163	131	110	104	99.8	90.8	89.6	85.7	63	11.5	2.16	1.08	3.39	7.32	5.19	7.62	8.28	12.4	11	11.3	13.6	11.2	14.9	19.6	28.8	36.8	34.7	34.8	37.2	28	32.2	34.6	38.9	64.7	71.9	68.1	71.1	62.2
237	277	273	215	207	210	218	163	172	203	223	208	230	268	319	413	412	435	464	384	324	297	298	265	236	236	250	218	196	172	157	191	180	170	171	148	106	102	104	111	107	120	141	165	157	157	173	197	199	189	190	177	171	157	154	150	145	155	157	202	193	202	235	128	126	112	106	139	140	136	133	131	124	119	133	153	153	163	161	143	150	147	153	136	122	107	108	94.5	81.9	87.9	62.4	2.78	2.67	3.45	2.73	3.57	7.41	7.8	7.26	8.61	8.91	8.91	10.2	9.57	11.9	13.3	19.4	31.4	33.4	30.3	30.3	21.2	23.6	28.3	31.3	50	55	58.7	62.5	52.4
228	245	271	211	215	217	240	193	205	267	294	254	288	335	360	446	423	439	476	389	343	309	330	297	281	276	276	211	190	167	194	227	195	176	171	136	115	127	101	115	116	130	150	151	152	155	160	188	182	178	180	170	155	160	158	153	148	148	162	223	212	215	231	129	118	110	115	145	144	139	133	138	133	124	127	139	136	134	134	140	139	141	153	142	123	125	102	107	81.5	78.7	73.6	21.4	2.09	5.82	1.62	3.81	5.01	2.73	3.3	7.83	7.74	7.98	8.04	9.72	11.1	12.7	16.5	40.7	33	28.2	30.2	19.3	16.7	20.5	26.3	40.1	42.7	44.8	52.9	46.7
156	169	185	230	193	188	220	279	277	336	432	367	371	396	415	356	327	341	329	258	249	251	286	220	208	228	217	197	166	143	169	194	158	144	165	177	198	170	141	177	171	184	209	165	168	184	188	190	182	170	167	175	167	166	158	172	165	164	180	220	194	187	182	130	124	158	168	122	115	113	117	138	113	120	117	111	110	105	110	123	105	112	123	108	101	123	101	81.6	70.5	61.3	59.9	45.5	38.1	34.4	30.1	0	0	0.15	0.27	12.8	14.3	14.6	15.1	8.4	8.76	17	23.4	26.3	15.4	18	14.3	13.6	16.3	17.4	20.2	44.1	45.6	45.4	49.2	67.8
145	155	191	182	187	203	274	244	240	262	370	331	405	380	428	359	345	330	344	237	220	229	255	217	203	275	249	222	189	158	160	163	133	130	155	193	165	161	145	183	176	173	185	166	164	156	169	175	163	159	157	175	177	158	153	168	159	162	172	191	171	166	154	123	116	120	151	138	109	101	105	123	114	109	113	112	102	99.3	113	119	101	98.7	99.8	90.9	96	106	99	79.7	66.1	67.7	90.9	52	37.5	30.7	30.1	0	0	0.3	0	7.23	7.74	9.24	13.2	7.08	7.71	10.3	9.36	14.7	15.8	15.9	11.7	13.6	14.6	15.8	19.6	36.9	37.9	42.7	48	53.3
136	141	168	179	196	248	261	207	222	243	314	324	352	345	390	330	354	365	344	223	220	224	254	217	217	225	252	240	279	195	186	192	151	143	138	245	166	150	146	190	184	199	189	144	140	148	163	162	156	154	158	175	167	162	158	177	166	161	171	187	159	149	137	119	132	134	167	126	102	100	97.1	111	115	107	107	109	107	100	109	108	94.4	91.4	89.1	84.9	101	94.7	92.5	83.7	72.2	78.2	79.5	45.5	36.5	31	27.9	0.15	0	0	0	6.03	6.69	8.37	8.76	6.39	7.32	8.04	8.22	15.3	15.4	13.4	11.2	13.5	14	14.8	15.8	29.1	29.8	41.5	39.6	48.5
146	148	184	163	211	261	233	197	207	239	352	353	354	343	394	338	311	298	302	224	228	230	244	233	231	250	249	246	261	254	227	186	157	141	148	253	180	165	158	194	192	200	195	142	137	143	178	159	156	158	166	174	170	167	164	178	174	170	191	164	153	138	161	134	129	145	180	154	104	99.2	94.1	110	104	114	113	94.6	98.7	115	113	102	94.5	92.9	88	86.9	86.2	83.3	91.2	95.7	83	70.2	70.9	47.3	38.5	30.4	26.7	0.78	0.15	0	0	0.93	4.62	6.3	8.13	6.51	6.6	7.41	7.71	12.8	13.3	9.9	13.7	14.6	15.3	15.1	16.1	26.8	27.2	28.1	45.7	39.4
191	196	222	244	265	251	219	160	158	186	223	302	299	317	346	268	251	252	255	203	192	199	195	169	191	219	218	191	203	182	157	130	113	112	106	129	99.1	106	111	145	138	142	158	144	142	151	154	192	179	175	175	169	157	148	144	171	169	172	154	120	110	110	114	119	112	107	105	110	90.7	99.6	89.6	85.7	83.8	87.4	79.7	72.9	79.4	154	87.2	61.4	82.1	88.6	85.1	84.1	72.7	80.6	103	131	111	97.4	89.8	72.7	40.5	30	27.3	21.3	34.3	8.98	8.86	5.22	2.82	1.86	0.54	2.61	2.73	3.75	3.87	4.89	4.77	4.5	3.84	8.28	7.5	8.58	9.12	14.7	15.4	27.2	47.3	25.1
195	197	223	202	228	270	205	121	127	188	188	265	224	242	278	243	220	219	225	220	184	181	172	153	160	164	175	170	238	156	128	117	112	99.5	95.3	142	107	117	105	146	139	150	168	149	142	142	145	187	174	172	173	172	159	149	143	166	156	156	150	117	104	100	109	104	91.6	98.2	89.6	102	105	105	90.5	85.9	81.9	72.2	80.9	83.9	84.9	92.8	88.7	80	86.4	84.1	88.4	84.1	75.3	76.5	97.3	134	101	98.5	92.2	68.2	46.1	32.2	28.8	11.5	16.6	10.5	9.17	5.43	3.96	2.49	1.08	2.28	2.28	3.15	3.09	4.05	3.93	3.66	1.56	6.6	5.82	5.64	6.42	8.49	10	17.6	16.2	21.7
236	222	249	216	234	227	222	145	122	132	153	226	181	216	243	212	189	202	221	205	192	161	178	137	139	134	154	139	127	123	116	142	105	109	99.5	116	127	125	119	155	147	165	177	165	150	148	149	190	176	190	175	184	163	145	145	162	158	156	146	109	108	109	103	79.8	78.3	77.5	76.1	93	104	92.8	84.7	86.6	85.8	79.5	85.3	94.2	87.8	83.3	90.2	99	84.8	82.1	87.6	82.4	79	83.3	92.1	158	154	108	98.8	61.7	40.7	36.7	30.4	12.7	15.3	30.9	10.7	5.55	5.16	2.82	2.04	1.89	1.86	2.82	2.97	3.18	3.18	1.35	0.96	4.23	4.23	4.65	5.7	16.5	6.69	9.15	14.5	19.6
237	235	276	223	188	175	143	96.5	103	117	146	175	204	233	217	188	182	206	229	190	203	170	178	127	126	130	134	123	117	110	108	115	103	93	81.3	110	137	126	155	170	172	193	203	159	149	159	170	200	186	186	187	193	160	151	148	167	160	146	139	94.2	88.3	85	89.2	86.8	75.7	74.2	73.1	88.5	78.2	78.5	82.9	85.2	78.5	83.9	93	95.9	82.8	83.5	96.7	106	84.4	73	104	104	102	96.5	95.3	150	145	120	130	66.5	47.4	43.2	34.4	23.5	22.3	21.8	29.5	5.73	5.76	3.96	2.61	1.89	1.71	2.82	2.82	1.59	1.47	1.2	0.78	4.29	4.23	4.44	13.3	17.1	6.81	7.95	10.7	17.7
327	320	310	317	263	233	229	125	112	121	145	152	177	209	218	163	172	194	216	161	167	156	163	170	158	160	158	167	160	162	171	133	118	116	121	181	186	199	202	173	153	151	149	159	151	177	177	230	221	216	217	212	179	168	162	108	108	101	79.7	76.7	71.3	64.2	53.8	66.3	63.9	60.6	71	55	55	68.9	69.1	66.3	67.8	89.9	69.3	75.9	76.5	85.5	88.9	103	98.8	92.2	131	115	99	104	111	152	135	124	124	82.1	59.9	52.1	61.2	46.4	35.5	31.8	20.2	3.12	1.89	0.75	4.77	0	0	8.71	0	2.79	1.95	2.28	2.28	4.5	5.13	2.76	4.65	3.51	5.16	6.42	2.13	2.88
295	279	282	300	266	228	218	122	103	128	145	99	140	171	181	123	125	128	127	153	167	165	184	177	162	162	165	177	174	168	177	159	155	141	135	180	183	193	209	173	148	148	148	155	145	152	158	203	195	194	204	207	165	161	161	104	86	72.9	72.4	67	56	54.4	56.5	69.9	66.9	66.6	69.9	66.7	68.2	65.7	74.3	49.1	41.7	48.4	63.6	62.8	63.6	108	136	105	87.4	92.3	91.8	96.9	94.6	93.9	114	159	136	121	125	120	87.6	58.7	81	49.1	42.6	37.4	21.9	14.4	13.1	5.43	6.27	10.4	0	0	8.71	1.92	1.74	2.07	2.07	2.64	3.39	2.01	3.69	5.61	5.52	6.87	1.74	2.67
282	276	305	296	274	237	243	131	162	128	153	93.3	140	144	159	121	129	120	126	153	153	169	176	174	169	171	178	191	177	180	193	178	171	155	157	202	223	208	225	190	158	149	145	154	143	148	147	186	178	178	197	195	164	159	162	99.4	77.3	67.6	70.9	81.6	60.8	54.5	52.4	62.1	67.2	60.8	91.7	80.5	64.7	67.8	74.8	56.3	35.6	44.5	60.9	64.9	79.3	75.7	94	98.5	87.8	93.8	103	93.2	102	107	106	139	139	123	128	118	99.3	80.1	116	56.6	64.6	22.7	24	14.4	6.63	0.69	6.27	10.6	0.0904	8.37	9.19	12.4	11.2	2.07	2.94	0.6	2.4	2.22	3.51	9.24	0.87	3.72	3.87	3.09
301	300	283	308	277	250	274	181	191	169	163	107	100	112	166	135	109	114	125	156	154	161	177	186	182	200	199	222	197	198	195	198	188	186	202	232	242	264	258	196	170	154	152	153	142	142	144	178	168	169	180	199	164	146	144	108	83.1	79.6	69.8	92.3	63.7	56.9	55.9	65	65.4	54.9	89	104	68.6	72.4	99.1	46.3	43.1	40.8	50.4	62.7	57.5	59.6	56.7	83.7	82.5	105	110	102	93.2	97.4	102	133	123	109	110	131	131	109	127	55.6	50.6	30.5	22.6	8.82	7.44	0.96	7.83	1.2	0.482	15.3	11	3.99	2.55	2.28	3.15	0.3	1.89	2.13	2.25	5.73	2.76	0.87	1.5	1.32
291	263	252	246	238	230	216	170	218	173	144	111	85.3	103	131	99	104	135	126	170	163	173	197	159	165	174	192	231	213	213	207	314	319	329	336	250	241	250	241	199	194	190	193	205	172	161	150	177	159	149	147	104	86.3	81.3	102	83.2	58.6	52.7	48.3	49.2	47.4	37.4	36.2	53.4	46.6	44.4	79.4	122	94	88.4	101	45	27.2	26.5	31.8	36.9	35.9	48.8	41	78.2	98.8	142	129	136	113	103	110	118	117	125	142	186	175	147	149	88.4	64.3	65.2	66.7	72	76.3	88.5	82.8	93	90.8	87.8	86.3	74.3	71.7	69.8	69.3	0	0	5.45	9.97	8.55	6.39	0	0	0.301
248	239	243	250	238	200	230	148	173	150	129	93	74.7	81.1	113	96.4	119	130	113	150	157	168	179	152	151	160	175	216	193	196	196	304	304	307	329	230	206	215	205	168	174	175	179	174	158	147	137	162	144	127	124	87	76.9	74.2	77.2	82.2	54.7	49.9	43.7	51.4	44.4	44.9	37.7	35.3	40	38.8	53.2	81.7	78.9	106	85.3	24.7	28.8	28.2	35.4	28.8	31.9	51.6	39.4	72.1	106	124	118	113	109	99.1	101	120	125	131	141	192	181	160	149	73.4	66.7	69.2	68.8	78	82.7	86.7	86.6	97.7	95.9	90.4	87.9	76.4	73.6	71	70	0	0	5.36	6.17	8.55	6.11	6.21	0	0.301
237	231	219	249	216	217	227	139	153	194	164	83.8	67.4	58.2	86.9	81.1	93.6	129	105	154	158	175	182	164	152	156	172	203	179	182	184	302	311	302	309	218	203	195	201	162	153	164	171	163	144	130	117	150	135	119	112	70.6	73	76.9	85.9	58.8	49.6	55.7	47.3	48.8	53.7	40.6	31.1	32.5	38.4	38.9	72.8	70.4	65.8	81.7	63.9	27.8	27.1	31.9	43.3	34.1	30.6	35.4	37.9	62.6	87	118	124	105	115	109	107	131	140	141	157	225	191	167	182	110	68.3	68.3	68.3	82.1	90.5	96.2	99.8	104	98.4	97.7	92.1	84.6	78.9	73.5	62.8	0	0	5.09	5.09	0	4.85	6.3	0	0.452
233	230	222	221	235	235	222	139	140	139	129	92.2	72.7	72.3	81.3	76.6	93.7	107	105	142	164	189	202	154	152	152	158	181	171	165	163	294	301	301	303	217	203	192	197	158	150	156	177	158	140	123	116	140	138	109	103	80.8	82.3	96.5	107	64.6	63.9	63.8	44	53.2	47.8	42.2	45.7	34.4	45.1	41.5	58.5	60.7	58.7	83.8	71.6	32.8	38.2	41.9	48.9	25.9	28.3	37.5	46.7	62.6	103	79.4	110	95.4	108	114	127	140	146	148	185	233	183	172	174	109	62.9	63.4	68.2	91.5	95	99	110	115	119	126	103	88.7	82.7	76.2	70.2	0.46	0	0	0	0	0	0.211	0.452	0.452
195	202	210	218	287	271	283	163	157	143	161	102	102	120	140	121	118	112	110	149	154	159	177	203	207	207	188	155	151	155	160	220	232	232	248	277	259	258	265	168	141	129	131	128	122	112	111	116	111	93.5	86.8	91.2	85.1	107	128	91.9	81.2	73	75.5	67	55.8	40.2	44.7	27.7	37.9	33.3	32.1	21.5	24.2	29.3	29.7	34.3	38.7	43	48.3	53	53.6	59.2	53	79.6	92	81.9	79.5	110	147	161	178	165	178	156	171	161	152	152	148	76.5	68.6	72.1	76.1	105	112	124	138	139	146	146	138	146	124	107	86.9	61.6	46.2	27.9	25.4	23.2	20.4	18.3	18.5	2.32
157	157	172	201	207	237	259	161	139	131	154	118	119	135	160	123	125	124	122	135	146	147	156	189	197	199	176	155	141	141	146	191	195	200	214	242	219	214	216	146	132	122	114	113	107	103	102	103	90.5	78.2	83.7	77.3	81.3	101	93.6	101	77	75.4	83.1	66.8	55.5	41.6	35.2	25.6	27	35.7	30.9	20.5	21.1	19.9	21	28.3	32.2	35.7	48.9	60.4	55.6	55	49.5	78.2	86.8	72.5	71.4	87.5	140	161	162	138	178	148	138	119	133	128	120	65.3	64.6	66.3	69.5	93.5	106	108	126	138	129	135	121	127	113	111	97.5	62.4	40.7	29.5	27.9	21.3	19.5	18.4	18.4	2.35
137	140	150	189	203	214	238	139	140	157	159	129	142	160	172	122	136	130	136	144	139	140	147	198	196	200	168	148	138	140	139	176	177	175	187	232	209	186	185	136	125	115	112	102	97.7	99.1	97.8	99.6	90.5	81.3	80	69.3	61.9	79	83.6	91.7	83.8	91.8	98.1	67.9	56.6	39.5	32.2	33.8	33.9	30.3	29.5	18.6	20.5	19	20.3	28.2	31.6	36.3	41.7	58	53.6	54.9	65.8	75.8	64.1	62.8	63.9	74.7	115	111	115	138	113	96.3	96.2	97.1	92.6	102	96.5	56.3	57.1	59.7	64	88.3	93.2	100	110	131	116	120	117	123	115	110	109	63.3	39.9	33.1	26.9	21.2	20.8	18.2	17.8	1.35
128	128	149	197	201	211	232	146	163	178	193	159	182	193	219	126	131	120	145	127	131	133	148	196	195	181	178	146	136	129	128	162	161	164	178	219	185	160	174	137	111	105	104	99.8	90.9	94.1	89.5	108	94.9	88.7	87.2	73.9	67.3	82.3	74.3	98	97.1	105	111	71.5	54.9	43.8	34	38.2	36.2	37.5	35.9	20.1	20.5	20.5	20.2	26.3	30.8	34.1	39.6	57.3	55.8	59.2	61.2	55.3	55.5	54.7	58.2	62	89.5	114	138	90.7	82.3	77.4	76	78.6	72.3	77.4	83	53	50.7	54.2	59.2	81	85.1	91.4	101	117	115	114	110	117	105	99.2	86	52.7	38.9	32.2	27.6	20.9	19.3	18.2	17.6	0.627
115	122	129	144	153	160	174	137	145	162	188	133	133	136	153	102	93.6	95.5	110	73	71.6	89.8	93.5	144	154	166	180	157	140	137	132	140	132	130	147	156	135	127	125	107	105	105	110	92.7	90.7	78.2	69.6	83.4	78.7	81.4	81.8	90.8	82.1	79.1	79.5	57.2	59.8	64.2	72.5	56.5	50.8	46.1	43.4	28.2	28.6	27.4	28.8	29.1	22.2	16.9	19.2	26.7	27.9	29	32.6	49.5	45.4	46	52	45.2	42	43.5	43.2	45.9	51.4	58.8	46.9	54.8	55.6	48.2	39.8	51.5	40.9	40.3	44.6	36.8	33.6	38.7	43.3	60.4	70.8	76.8	77.5	90.2	90.1	86.1	81	87.4	107	73.4	79.1	63.5	55.7	51	47.5	27.1	24.8	23.6	21.8	15.8
103	113	123	140	149	153	169	133	142	143	158	124	130	138	131	92.3	88.4	94.4	92.8	60.2	69.7	69.8	76.9	118	128	138	146	143	133	126	129	133	120	113	112	128	120	107	108	101	93	91.6	95.6	79.4	75	64.8	58.2	66	65.2	68.9	72	84.4	72.6	73.4	79.1	45.7	51.6	53.3	60.5	61.2	55.4	47.6	45.1	27.9	31.1	30.5	33.1	31.6	31	32.7	23.2	26.9	29.4	29	30.8	49.2	47.3	46.8	51.6	41.1	38.3	38.8	39.4	37	36.2	41.5	37.4	39.3	37	35.8	33.3	34.8	33.8	33.1	33.4	34.6	28.1	31.9	37.2	54.8	64.8	70	84.7	82.4	83.3	81.7	73.4	77.1	72.7	63.2	61.5	62.3	53.1	50.3	50.9	28.8	26.2	26.2	22.5	17.4
104	115	124	136	142	165	169	130	132	137	150	121	118	115	120	85.8	81.6	85.4	96.6	59.1	69.2	62.5	74.6	108	114	116	140	144	133	132	135	128	110	96.4	91.7	116	106	97.5	106	97.2	84	90.1	94.2	73.5	65.2	57.7	53.7	59.1	56.2	59.1	66	78.5	72	68.7	71.2	44.5	48.7	53.3	59.8	62.5	56.7	49.6	46.6	25.7	29.7	33.3	40.1	45	28.1	36.6	18.8	29.7	27	30.3	29.9	48.9	47.7	45.7	48.3	37	36.5	35.3	35.9	27.5	27.4	28.8	30.4	29.7	29.6	31.5	27.9	23.9	34.9	30.3	29.4	27.9	26.1	28.1	32.4	52.3	59.8	68.6	76.4	75.5	74.7	73.5	72.6	69	63.7	57.9	54.8	57.2	50.2	45.7	45.5	28.2	25.9	25.2	22.7	21.6
111	116	125	133	138	162	162	133	133	131	150	127	120	101	111	91.1	90	97.6	107	68	56.1	56	78.5	97	104	106	114	135	132	140	143	132	117	88.4	78.3	103	93.1	91.7	93.2	84.2	80.6	82.2	83	71.3	68.8	61.7	54.6	54.7	53.5	58.7	60.4	79.6	71.6	71.4	71.6	47.4	44.6	53.4	71.1	72.4	57.4	52.1	49.1	27.2	32.6	34.6	58.7	41.9	26.1	23.6	17.9	26.4	27.2	27.5	29.1	46.4	47.2	46.2	49	36.6	34.3	34.9	34	20.9	20.9	21	21.6	23.3	23.2	26.1	23.4	18.5	20.3	21.7	29	24.7	26.2	28.6	30.8	50.1	56.9	63.8	71.1	72.4	68.6	67.4	61.3	59.8	52.6	52.4	46.9	54.2	48.9	46	45.4	29	38.2	36.8	25.1	19.3
153	143	144	174	176	187	198	143	134	139	148	114	113	114	125	109	115	127	132	117	112	116	121	108	102	101	99.6	129	124	130	141	127	115	99.2	93.1	102	89.1	89.3	99.6	52.4	53.2	54	52.8	39.5	43.2	46.2	38.8	41.4	37.8	36.1	33.8	63.6	61.8	59.1	65.2	53.3	61.1	65.1	75.7	106	93	77.9	73.1	32.3	30.5	29.4	35.5	28.3	24.7	24	26	30.3	31.3	32.3	34.2	62.5	55.2	50.5	49.1	42.2	34.2	37.8	31.4	11.5	8.75	11.8	7.27	9.14	8.44	9.24	8.99	12.4	16.9	16.7	19.3	27.5	29.8	41.2	48.8	58.6	54.4	53.2	63.7	72.8	62.2	36.5	25.3	34.1	31.9	30.8	30.8	31	29.1	30.3	30.3	53.6	57.7	56.1	42.4	29.2
149	145	146	166	167	174	185	135	135	131	133	113	109	111	114	103	117	114	126	125	109	110	133	104	100	99.2	96	126	125	123	128	127	113	91.8	94.2	99.5	79.2	75.6	81.1	40.9	43.1	39.6	40	38.9	37.5	39.2	33	29.4	33.4	31.6	31	60	57.5	56.7	61.3	57.5	64.1	65.2	76.7	105	92.3	84.1	69.2	33	29.9	28.6	28.7	24.5	24.2	23.2	25.3	30.5	31.1	33.6	33.8	58.4	52.3	47.6	44.5	38.5	30.2	29.3	24.3	6.29	5.06	5.41	6.42	6.17	5.85	6.22	7.42	10.4	14	15	16.7	24.2	28.4	40.6	47.7	50.1	48.5	46.4	44.6	66.5	65.1	40	24.5	32.2	38.7	26.3	27.4	30.6	53.9	50.7	40.6	48.6	56.4	61.3	50.8	38.3
145	154	160	160	161	165	176	131	126	130	132	114	110	110	118	102	103	110	135	133	134	135	134	116	104	111	111	120	125	119	107	127	97.5	82.9	82	96.2	73.4	65.5	69.8	33.9	36.1	33.1	34.5	37.1	34.4	37.8	37.8	34.5	45	32.9	31.8	61	56.5	55.8	60	63.1	63.3	67.6	83.3	112	98.3	85.8	77.4	33.4	30.4	30.2	29	25.2	25.8	23	29.3	32.6	31.5	32.3	41.1	57.4	50.1	45.5	42.7	31.9	25	24.2	19.7	3.87	3.11	2.83	3.05	4.69	9.58	5.74	5.42	10	11.5	14.3	16.1	22.4	28.2	37.1	43.9	49.4	49.2	45.9	39.3	63.3	63.1	35.3	25.9	27.4	25.2	23.7	25.9	38	59	47.4	39.2	62.2	60.9	50	57	30.2
148	159	161	159	157	165	180	132	127	124	133	116	111	112	114	98.1	103	113	121	139	143	146	153	126	118	124	116	120	120	108	110	112	92.8	81.3	72.8	103	74.2	68.4	66	31.8	31.2	31.5	32.1	39.5	36.3	33.3	35.9	32.2	32.9	34.6	36.9	68.1	62.2	61.4	64.1	69.4	67	75.6	88	121	103	88.7	81	35.4	31.2	31.3	28.8	25	24.2	25.1	30	32.5	32.8	36	40.7	56.7	51.4	46.5	40.4	28.6	23.8	19.2	16.4	6.93	5.37	2.6	2.62	5.41	10	4.97	4.78	12.8	12.1	13.8	19.3	23	25.4	31.2	42.6	45.3	44.9	37.9	37.2	51.1	45.4	33	26.9	25.3	24.3	22.9	24.9	36.6	40.3	38.1	39.4	62.5	65.8	61.4	82.7	33.2
103	103	107	111	112	114	131	143	126	134	140	127	128	136	140	117	129	138	152	125	127	129	137	145	139	116	113	84	69.2	69	63.5	122	111	102	90.6	46.5	47.5	47.6	53.7	49.9	52.6	52.6	53.4	46.2	46.9	48.2	48.8	50.3	53.7	52.5	54.1	64.1	52.9	49.9	52.6	48.8	48.1	54.9	62.9	81.3	72.1	63.9	62.8	42.4	37.8	33	26.4	20.9	16.6	19.2	19.9	38.8	39.6	40.4	46	75.7	67.7	57	49	37.2	32.5	25.3	22.4	12	6.64	6.4	6.62	4.98	9.16	12.2	15.4	47.3	47.1	48.9	52.7	22.6	20	24.1	31.2	44.8	50.7	53.7	58.1	72.9	72.1	55.1	50.3	32.5	33.4	27.1	34.8	43.2	47.2	51.8	55	65	62.3	71.5	60.1	15.8
97.5	101	105	112	115	117	126	139	133	146	162	121	122	127	133	112	129	132	140	129	108	105	113	138	132	112	99.5	91.2	61.6	55.1	56.5	97.4	86.9	80.1	75.6	40.6	38.3	37.5	43.2	48.1	49.6	52	52.7	49.9	50.7	49.1	47.2	51.6	56.6	56.6	72.1	66.9	53.1	56.8	53.3	47.4	52.9	45.5	47.8	63.9	56.7	53.5	47.7	35.8	40.4	36.4	27.3	19.1	18	18.6	18.8	36.1	35.3	36.4	40.5	62.5	51.6	44.8	36.5	30.4	22.2	19.3	18.4	7.86	5.4	4.95	4.92	5.36	7.15	9.55	13.6	47.1	49	51.1	53.3	17.5	17.6	19.1	25	36.4	38.5	42.6	48.4	55.7	49.7	42.1	38.1	28	25.5	23.8	31.3	39.5	43.8	47.4	51.1	55.7	53.2	60.3	43.6	15.8
99.2	104	107	114	117	119	124	131	133	139	146	139	122	121	132	111	121	128	140	105	96.8	92.7	104	120	117	108	91.3	87.1	54.5	49	48	80	80.7	71.1	64.8	40.9	35.4	33.6	35.3	48	49.1	53.2	54.9	53	52.3	53	52.4	54.6	61	59.9	64.3	70.9	65.8	70.2	55.8	53.6	55	44.6	41.4	51	44.8	42	38	37.7	36	33.8	33.3	18.2	16.9	16.7	17.4	30.7	30.6	29.9	37.4	47.3	41.3	37	30.8	28.1	18.9	18.3	16.3	7.11	5.45	4.78	4.54	5.44	6.63	8.71	13.6	51.1	52	57.2	60.6	17.9	17.4	17.6	21.4	30	32.1	36.9	44.8	53	46.3	33.1	29.9	24.1	22.4	21.1	23.9	36.3	39.2	42.6	45.8	56	53.8	49	36.8	12.3
98.4	98.3	101	128	127	122	124	136	134	139	146	127	128	123	135	118	114	124	132	96.1	89.7	88.1	95	126	106	102	88.5	92.3	70.2	54.8	51.2	79.3	80.3	69.1	63.4	44	35	31	32.2	53.2	53.5	55.9	60.6	58	58.6	59.6	59	63.9	69.5	74.3	77.5	76	69.9	68.3	62.6	58.2	55.3	49.8	42.5	47.3	41.7	38.4	36.9	40.4	38.3	36.8	38.8	20.9	18	17.2	17.9	24.9	25.7	26.5	29	43.7	33.8	28.4	24.3	19.1	16.1	15.8	14.7	7.77	4.89	4.64	4.53	5.58	6.95	12.6	13.4	59.2	60.1	64.1	66	21.6	20.8	21.3	24.2	26.8	31.4	43	49.9	40.8	31.4	26.6	23.8	21.2	18.8	17.9	19.5	30.3	33.5	36.3	39.1	49	41.4	37	30.5	9.89
57.1	50.3	48.5	69.4	69.3	67.8	79.6	79.9	75	79.8	84.5	83	84.5	87.5	94.5	97	88	87.6	87.6	68.5	65.1	71.1	81.4	89.5	82.3	90.8	90.7	67.1	59	53.3	55.7	29.9	47.6	40.8	37.9	37.6	25.1	22.2	26.7	59.5	57.3	57.8	66	63.3	62.5	64.2	67.5	58.9	54.1	60	66.1	80.8	75.2	69.7	61.6	27.4	37.7	27.7	29.6	32.2	27.6	23.4	17.8	31.1	29	28.7	30.6	23.5	22.3	21.4	18.5	28.2	26.7	26.5	25.9	16.1	14.7	15.2	11.4	3.38	3.71	5.54	6	3.1	1.56	1.02	0.793	0.927	1.57	1.63	2.82	38.3	47	55	68.4	107	103	92.5	87.6	22.8	20	17.5	21.5	16.8	15.8	11.9	12.1	10.5	9.19	9.55	10.1	11.1	11.5	12	12.2	15.3	15.8	14.7	11.4	6.44
49.1	47.4	47.1	56.2	69.2	62.1	69.8	77.6	72.5	77.2	85.4	78.4	79.2	82.9	90	87.5	76.7	74.9	72.6	65.2	60.1	63.9	71	77.9	71.9	77.2	75.1	56.8	54.5	48.3	50	36	31.8	38.9	45.7	36.3	26	31.5	39.1	62.7	55	61.7	61.7	63.9	60	60.3	70	56.5	53.5	54.7	59.5	74.9	68.4	67.9	59.6	22.9	29.6	25.8	26.6	31.6	27.5	22.3	16.6	34.1	26.8	25.3	26.9	28.7	27.1	22.6	21.9	28.3	25	24.1	22.8	14.9	13.6	13.1	12.7	3.77	3.8	5.52	6.45	3.39	3.03	2.67	1.89	1.96	1.3	1.98	15	31.2	34.3	41.3	53.3	96.7	94.5	82.8	78.5	18.5	14	13.1	12.7	11.7	11.5	8.83	7.88	7.18	7.3	7.38	7.46	8.56	8.73	8.99	9.18	10.4	10.8	9.85	7.99	4.2
46.2	45.3	48.4	57.5	64.2	53.9	63.9	77.7	75.4	76.6	81	72.5	72.2	75	81.8	78.1	71.5	66.9	64.5	59.7	54.1	56.2	62.8	90.5	60.7	60.6	67	48.5	47.8	41.6	45.2	36.4	36.4	42.1	47.5	39.5	30	29.6	39.5	76	63.1	55.3	57.8	57.2	63.8	67.8	68.9	59.1	55.9	53.9	60.1	69	63.9	66.7	65.6	20.8	19.1	24.6	27.7	31	26.7	18.1	18.8	26.1	23.6	22.9	25.4	23.2	20.7	21.2	20.9	26	23.9	22.8	22.1	14.9	14.1	13.7	13.3	6.25	5.89	9.88	8.68	7.88	5.78	5.43	4.92	0.618	0.764	0.94	11.7	20.5	25.3	31.5	40.4	83.8	80	73.6	70.6	15.4	11.2	10	10.2	8.46	6.95	6.84	6.74	5.74	5.9	5.95	5.83	4.95	4.97	5.03	5.14	7.18	7.36	7.24	5.42	2.95
50.1	46.3	54.6	60.1	54.7	60.6	59.3	76.3	78.7	86.5	79.1	69.7	71.3	70.7	74.9	84	67.6	65.5	61.1	62.4	53.9	51	54.9	88.8	68.8	63	67.2	59.5	49	47.5	48.2	41.5	38.4	42.8	46	46.1	38.6	37.2	43.6	72.4	65.7	60.5	60.9	61.5	67.8	72.1	69.6	58.3	58.3	71.3	73.7	73.9	68.1	65.5	67.4	23.8	22.7	21.6	30	32	28.9	30.8	24.3	34.3	29.2	31.7	32.6	21.4	19.5	19.4	19.4	25.3	23.6	22	21.3	16.4	16.4	17.5	17	9.43	13.1	13.2	11.8	12.2	10.1	8.23	7.31	1.33	1.29	1.43	2.14	13.2	18.8	24.3	30.3	92.9	83.9	64.4	60	12.4	8.59	7.4	10	6.5	5.94	5.27	4.98	4.85	5.01	5.05	4.98	4.15	4.09	4.09	4.13	5.95	6.01	5.5	4.38	2.34
38.9	46.2	51	47.3	46.2	52.4	62.1	53.3	50.9	51.3	51.1	49.7	44.6	43.6	42.9	54.3	50.5	50.5	51.7	48	37.1	32.2	31.5	36.8	36.9	42.1	49.7	57.1	54.3	62.6	62.4	40.5	38.6	38	38.2	35.2	37.9	35.5	36	40.8	38.8	44	63.2	53.7	56.9	56.5	54.2	64.2	64.2	65.3	73.7	59.7	60.2	66.7	72.5	55.6	42.4	32	24.9	24.9	20.9	26.2	22.7	46.3	40.7	39.6	37.2	17.8	14	11.1	11.7	22.8	22.5	23	22.1	40.5	33.1	36.1	72.7	50.8	37.2	31.7	28.9	22.7	22.4	30.7	33.8	37.8	34	34.9	37.9	25.6	20.9	18.5	14.7	32.5	25.7	19.3	17.1	5.9	5.45	5.15	6.28	3.8	3.69	3.7	3.82	4.45	4.57	4.63	4.59	3.28	3.25	3.24	3.22	3.89	3.86	3.49	2.81	1.29
36	40.4	42.1	38.8	43.5	43.9	54.2	52.4	48.7	47.1	47.6	43.8	38.7	36.6	35.6	49.7	42.9	42.3	40.1	38.8	33.7	24.2	23.6	27.9	25.6	33.7	40.6	54.5	53.6	56.9	61.2	39.6	35.9	35.9	39.9	38	36.9	36	37.8	42.7	39.9	42.1	49.9	54.8	55.3	55.4	57.3	59.3	62.5	62.2	67.7	56.8	60.9	63.9	70.9	57.8	45.9	42.3	29.7	22.5	19	18.3	18.3	40.7	42.9	37.6	33.6	21.4	13.6	10.7	10.3	23.7	22.3	20.5	19.6	37.6	30.5	27.6	55	43.1	30.7	27.5	25.7	21.4	20.4	23	31.9	40.1	47.5	35.3	40.7	24.4	18.5	15.9	12.6	19.4	15.3	15	16.5	5.18	4.61	4.35	4.1	3.19	3.05	2.99	3.04	3.51	3.56	3.59	3.59	2.58	2.57	2.52	2.41	2.85	2.72	2.4	1.9	0.865
34.7	39.5	41.6	35.6	38.1	41.8	48.5	50.6	43.3	46.8	40.2	35.4	33.9	33	31.5	44.9	38.8	38.5	33.7	30.3	27.1	23.9	19.5	38.1	42.2	36.2	43.4	51.7	53.5	55.5	59.1	38.7	35.7	37	39.9	44.1	43.7	43	43.2	44.8	41.2	44.1	50.2	56.3	57	64.7	58.3	58.8	60.8	63	64.7	56.4	57.2	65.3	76	67.5	50.4	47.5	40.5	25	20.2	17.9	24.6	22.4	32.7	36.9	37.9	20.1	21	13.3	11.3	25.3	22.9	21.7	20.5	33.5	27.8	26	41.8	34.7	25.1	23.7	23.1	21.1	19.1	21.2	21.6	41.3	46.8	36.6	38	19.4	17	13.7	11.9	13.5	11.3	9.12	8.54	4.12	3.85	3.9	3.45	2.57	2.42	2.35	2.37	2.71	2.74	2.77	2.8	2.04	2.06	2	1.86	2.09	1.91	1.65	1.29	0.586
37.3	41.2	35	33.8	36.3	43.4	47.1	46.5	42.7	39.3	41.9	36.8	32.2	31.6	30.8	40.9	37.1	37.2	31.2	28.6	28.5	25.7	28.3	43.1	51.4	47.6	52.3	58.2	63.2	61.1	65.5	40.2	36.8	36.1	39.5	43	44.3	45	47.8	48.7	44.3	46.9	52.6	58.1	57.1	57.7	58	58.8	61.3	62.1	64.9	60.8	61.1	71.7	84.1	71.1	51.7	58.5	42.8	29.1	18.9	19.9	18.6	23.1	19.5	34.3	34.2	28.4	23.2	17.5	14.4	29.4	24.6	22.8	22.1	29.3	24.6	23.7	27.9	16.1	15.7	17	18.1	26.5	25.7	25.1	27.8	45	43.1	41.1	40.9	20.1	16.9	16	12.4	10.1	8.68	6.12	5.02	3.16	2.96	2.79	2.58	1.96	1.83	1.77	1.81	2.09	2.13	2.18	2.23	1.63	1.66	1.62	1.5	1.65	1.5	1.28	1	0.451
29.3	32.8	36.1	30.3	33.7	32.6	35.4	39.5	37.8	36.7	36.5	29	28.5	25.8	24.8	27.3	28.7	27.8	28.8	28	27.4	27.7	29.1	56.2	62.9	67.2	79.1	62.9	58.5	54	51.9	46.9	46.6	47.4	48	50.4	50.2	49.1	53.6	45.6	44.7	46.3	51	55.5	60.7	60.3	60.2	48.9	45	35.3	33.7	37.6	31.7	33.8	49	53.4	36.1	30.3	32.3	23.8	27	23.4	25.2	19.5	25.4	23.6	32.3	37.9	41.3	27.6	27.4	37.4	28.8	22.2	17.6	21.4	12.6	10.2	9.39	8.24	8.41	8.63	9.76	8.51	9.63	11.9	13.8	17.5	18.1	19	20.9	17.1	14.9	12.9	11	6.6	4.79	4.33	4.28	1.35	1.62	1.21	1.09	0.517	0.479	0.467	0.462	0.804	0.838	0.868	0.898	0.462	0.475	0.464	0.424	0.782	0.697	0.587	0.453	0.151
27.3	28.9	34.6	28.8	30.3	30.1	31.1	37.8	45.9	32	32.2	27.1	27.3	24.2	25.1	30.2	29.7	34.2	29.9	26.4	22.6	23.4	27.7	52.1	59.6	65.5	73.6	49.6	45.5	39.9	41.9	41.9	41.5	39.6	41.8	47.3	48.3	47	49.9	43.8	42.2	44.8	50.2	62.3	62	59.9	60.3	45.3	36.1	33.9	31.2	33.1	29.4	37.8	70.4	46	31.2	24.5	23.5	18.6	35.1	28.2	47.6	35.5	25.3	25.5	30.9	36.1	35.5	34	27.6	34	23.7	17.7	15.2	20.2	12.3	9.16	8.54	5.86	6.44	6.67	6.61	5.14	6.17	8.07	9.93	12.1	12.4	13.4	15.3	15.9	14.1	10.7	9.36	5.99	4.05	3.8	3.76	0.825	0.737	0.675	0.604	0.29	0.257	0.254	0.232	0.456	0.498	0.537	0.573	0.305	0.323	0.315	0.282	0.509	0.428	0.349	0.264	0.0857
30.1	27.3	31.5	33.2	35.3	30.5	31	33.5	36.8	31.6	31.9	27.1	26.9	24.3	27.9	36.2	30.4	29.3	31.6	29.2	24.6	23.8	28.5	52.1	58.3	65	70.3	44.9	38	40.3	59.6	37.2	35.5	36.8	39.2	46.4	48.5	48.8	49.5	44	42.1	45.1	52	61.4	59.5	62.5	67.5	48.1	38.6	37.1	31.3	33	29.4	33.2	40.5	44.9	31.4	24	21.9	18.7	19.1	26.2	25.5	34.8	30.7	34.4	38.2	39.2	31.8	33.1	28.8	28.4	20.9	15.7	12.4	12.4	10.3	8.8	7.95	4.55	4.55	3.81	4.53	2.66	3.1	4.34	6.04	7.46	7.53	8.47	10.2	13.6	13.4	9.23	8.15	4.58	3.61	3.44	3.44	0.489	0.437	0.374	0.316	0.157	0.131	0.131	0.115	0.245	0.288	0.326	0.361	0.198	0.216	0.211	0.185	0.314	0.256	0.202	0.15	0.0463
27.2	27.2	30.7	30.1	30.8	27.7	28.3	35.4	34.5	32.1	33.1	29	26.3	27	27.5	35.1	33.3	31.4	31.6	31.9	26.7	24.9	29.5	54.7	59.9	66.9	81	42.5	37.4	45.3	45.6	36.4	34	34.3	37.3	45.2	47.8	49.4	50.3	45.5	46.1	46.3	51.7	66.5	66.8	67.2	70.4	40.8	37.1	41	33.5	36.6	36.5	33.4	36.5	55.5	45.5	37.4	31.5	23.6	25.2	23.1	30.1	43.9	40.9	40.1	43.4	49	37.8	32.9	32.6	26.7	19.3	16.8	16.5	15.4	9.83	6.15	2.57	2.7	2.63	2.82	2.25	1.55	1.48	2.59	3.75	4.68	4.83	5.38	7.35	12.5	9.77	8.26	7.42	4.13	3.37	3.28	3.26	0.363	0.321	0.27	0.229	0.124	0.105	0.107	0.0837	0.18	0.21	0.238	0.265	0.146	0.16	0.155	0.135	0.229	0.186	0.146	0.109	0.0335
25	25.7	31.1	21.8	25.5	24.1	23.8	45.6	42.1	39.6	37.5	26	28	32.6	37.2	49.8	43	35.5	34.3	30.4	21.5	19.1	20.5	42.6	42.3	48.6	57.2	54.8	56.1	52.9	70.8	56.4	53.2	53.3	53	55.8	57.7	51.9	51.4	47.4	47.7	45.8	50.7	51.3	49	47.4	48.1	47.1	44.8	49.8	52.2	38.3	41.4	39.2	40.8	107	91	71.9	60.8	55.4	51.2	46.2	41.2	29.8	32.3	31.3	37.5	46.5	48.9	34.2	37.6	10.8	7.39	8.64	10.1	0.825	0.842	0.132	0.566	0.101	0.0849	0.0703	0.0588	0.0715	0.0522	0.041	0.0382	0.184	0.374	0.52	0.767	0.652	0.534	0.455	0.379	0.063	0.0427	0.0404	0.0375	0.0758	0.0705	0.064	0.0563	0.0302	0.0234	0.0231	0.029	0.0432	0.0507	0.0576	0.0639	0.0923	0.1	0.0979	0.0843	0.0472	0.0382	0.0298	0.0221	0
24.5	25.5	37.5	22.2	28.5	27.1	23	39.4	36.8	35	33.6	25.1	24.9	24.7	31.3	47.2	41.6	34.6	37.9	35.3	23.4	18.4	20.5	36.3	35.9	41.7	48.3	47.6	47.2	49.4	64.5	50.2	46.6	45.6	45.9	45.3	43.2	39.2	40.7	36.8	37.6	38.3	40.2	41	37.6	38.5	42.5	46.3	42.1	46.4	47.5	28.6	31	33.8	38.5	97.8	88.2	73.2	60.3	65.7	79	56.9	51.7	26.3	25.9	26.1	25.7	42.5	32.2	31.3	28.9	10.5	7.82	8.5	5.05	0.118	0.114	3.38	17	0.661	0.0618	0.0525	0.223	0.056	0.0434	0.0342	0.0284	0.0239	0.0205	0.0841	0.198	0.347	0.298	0.226	0.178	0.0164	0.0158	0.0151	0.0141	0.037	0.0353	0.033	0.0301	0.0119	0.00951	0.00948	0.0119	0.0176	0.0207	0.0236	0.0264	0.0383	0.042	0.0409	0.0348	0.0191	0.0149	0.0237	0.00842	0
25.4	32.6	35.6	22.6	24.7	31.6	23.7	35.8	35	31.8	32.1	20.8	21	23.4	29.8	44.2	39.5	36.2	38	37.5	28.1	19.1	19.9	30.7	30.6	33.7	36.9	50.5	48.5	39.5	46.5	42.5	41	46.9	43.3	33.8	32	31	36.3	30.6	32.3	32.7	32.5	37.9	34.6	34	34.1	38.6	40.4	43.6	44.2	21.4	25.1	27.1	34.9	97	81.9	59.6	60	95.1	133	73.9	66.2	23.9	23.1	24.1	24.1	39	36.3	32.2	24.5	9.8	7.68	6.17	4.68	0.158	0.0827	0.0731	0.97	0.156	1.28	0.0423	0.0369	0.0483	0.0395	0.0316	0.0297	0.015	0.0107	0.00825	0.0132	0.196	0.137	0.0856	0.0504	0.00231	0.00215	0.00206	0.00206	0.00372	0.00372	0.00356	0.00547	0.0025	0.00224	0.00237	0.00289	0.00424	0.0049	0.0057	0.00668	0.01	0.0113	0.0108	0.00869	0.00435	0.00291	0.00191	0.00136	0.0535
26.2	32	34.3	20.7	25.4	22.6	31.9	32.6	29.9	28.8	28.2	20.5	21.2	24.8	32.5	39.8	39.4	39.9	42.2	43.1	28.2	24.9	24.2	29.3	32.9	33.9	32.5	48.6	43.8	38.6	42.4	37.5	34.9	41.7	41.6	29.7	26.4	25.1	26.2	25	23.8	24	25.6	32.7	30.3	30.7	35.5	44	36.4	38	43.2	18.2	27.5	25.5	35.3	92.8	79.7	57.8	62.7	113	99.9	91.9	120	28.8	21.2	21.8	22.3	42.5	38	31	20.4	10.7	9.22	6.46	5.28	2.59	0.18	0.244	0.416	0.0543	0.0469	0.0408	0.0359	0.0477	0.0405	0.0499	0.0593	0.0156	0.0111	0.00853	0.00786	0.0847	0.0349	0.00212	0.00198	0.00165	0.00153	0.00147	0.00147	0.00266	0.00265	0.00255	0.00232	0.00179	0.0016	0.00169	0.00207	0.00302	0.00349	0.00406	0.00476	0.00715	0.00808	0.00776	0.00621	0.00311	0.00207	0.00136	0.103	0.139
31.4	32.2	37.6	15.7	16.2	14.6	12.8	26.7	23.9	25.1	25.5	19.1	25.8	34.4	47.9	64.9	39.3	32	50.3	44.7	39.3	38	38.2	38.5	39.3	32.7	28.8	30.7	30	25	21.6	16.2	14.8	13.7	13	18	16.9	16.1	16.6	18.6	19.7	23	26.1	25.2	26.4	29.1	30.2	26.7	28.3	34.6	69.7	27.9	23.8	27	30.7	53.7	71.2	75.6	85.8	110	109	75.9	78.4	17.3	18	20	27.3	29.1	20.4	24	11.2	10.6	6.89	5.51	12.6	6.27	1.72	2.14	1.64	0.797	0.677	0.55	0.492	1.56	1.69	2.6	2.27	0.173	0.0149	0.00823	0.00615	0	0.0032	0	0	0	0	0	0	0	0	0	0	0	0	0	0	0	0	0	0	0	0	0	0	0	0.0283	0.128	0.238	0.225
30.9	32	36.3	27.5	22.7	23.4	29.2	29.6	28.3	24	25.3	20.7	26.2	36.1	51.4	58.5	44.2	37.1	32.1	36.1	37.6	37	34.4	38.1	39.2	36.4	29.1	30.2	25.3	22.4	20.4	16.9	19.9	14	12.6	18.5	18.4	17	16.4	19.3	19.3	22.3	24.8	18.7	21.7	22.4	22.9	15.9	19.7	25	38.4	14.4	19.1	20.6	23.7	45.8	47.7	65.4	78.4	95.3	88.4	69.6	74.1	32.1	33.8	33.9	32	35	28.9	17.7	13.1	11	9.77	16.4	34.9	9.29	1.51	1.3	0.984	0.753	0.646	0.551	0.484	1.61	1.74	1.91	2.15	0.175	0.0159	0.00889	0.00643	0.0128	0.00958	0.0096	0.016	0	0	0	0	0	0	0	0	0	0	0	0	0	0	0	0	0	0	0	0.0088	0.0405	0.12	0.194	0.302	0.269
26.9	36.9	48	43.7	28.7	32.8	37.7	30.3	27.9	26.3	24.3	21.6	30.5	50.2	53.2	63.7	47.3	41.2	46.2	29.2	32.4	29.6	28	39.1	36.2	35	30.3	28.2	24.7	21.4	19.8	17	17.8	17.8	13.2	22	20.9	18.4	17.4	21.8	21.7	23.8	26.2	16.5	15.7	17.6	20.4	12.3	12.6	16.8	29.2	10.7	11.3	18.3	21.2	46.5	49.2	100	130	91	87.8	64.8	64.8	39.1	58	52.1	37.3	41.1	36.9	28.1	18.3	16.4	9.49	15.6	14.6	4.65	1.74	1.47	1.09	0.757	0.643	0.545	0.476	1.93	2.07	1.95	2.15	0.175	0.016	0.00898	0.0064	0	0	0	0.0224	0.00174	0	0	0	0	0	0	0	0	0	0	0	0	0	0	0	0	0	0.0478	0.0745	0.0899	0.156	0.243	0.362	0.319
21.7	30.2	46.4	55	36.3	35.8	44.8	32	29.4	30	25.3	24.3	49.8	50.8	47.5	64.6	49.4	40.1	38.1	30.5	40.8	47.9	34.7	41.8	39	34.4	29.1	27.9	23.5	20	20.4	16.2	16.5	15.3	14.4	26.4	24.5	21.2	21	27.3	24.3	27	24.1	15.6	14.6	13.8	18.8	9.91	11.2	13	17.7	9.55	9.48	10.7	20.2	50	49	69.1	75.9	93.1	86.4	68.8	74.6	59	49	47.1	44.7	53.9	41.7	32.8	24.8	18.4	11.1	8.27	6.53	4.09	2.35	2.09	1.83	0.91	0.717	0.578	0.475	2.12	2.28	2.43	3.09	0.174	0.0153	0.00853	0.00608	0	0	0	0	0	0	0	0	0	0	0	0	0	0	0	0	0	0	0	0	0	0	0	0.0257	0.0589	0.132	0.218	0.348	0.327
18.6	18.5	26.6	28.2	23.4	23.7	40.7	35.6	21.8	20	24.1	17.2	17.6	25	26.9	37.5	37.3	44	41.4	29	29.5	31.2	32.5	38	37	33.8	30.1	22.6	18.9	17.3	16.6	15.3	14.5	14.2	14.7	20.3	25	26.8	30.9	57.8	58.6	57.6	55.4	36.8	33.6	29	29.9	11.4	8.78	8.68	12.6	11.5	12.4	21.9	24.4	9.27	21.1	25.5	31.2	11.2	29.6	46.7	68.4	43.2	44.6	48.7	54.5	56.1	49.5	37.3	30.3	13.6	8.33	6.23	4.45	5.7	4.9	4.29	4.08	0.842	0.659	0.578	0.484	0.328	0.171	0.0403	0.0312	0.0301	0.0228	0.117	0.318	0.403	0.333	0.263	0.263	0	0	0	0	0	0	0	0	0	0	0	0	0	0	0	0.0113	0	0	0	0	0.017	0.068	0.129	0.221	0.286
18	17.7	19.5	20.8	42.7	27.7	37	31.7	23.5	26.3	29.5	13.6	14.4	30.2	26.2	32.8	31.8	31.6	35.9	28.3	28.6	28.1	26.6	35.3	33.3	30.9	28	23.9	19.1	16	18.3	18.7	15	15.3	15	19	24.1	27.1	30.4	58.6	56.7	59.1	56.4	38.8	43.7	43.5	32.9	13.3	11.2	9.33	13.3	9.39	8.23	10.7	13.5	3.76	4.34	9.8	21.3	29.3	28.6	29	41.6	42.2	43.4	53	55.5	55.9	43.2	30.5	30.3	14	13.7	5.75	6.33	7.12	6.13	5.7	5.09	1.08	0.711	0.598	0.532	0.287	0.118	0.0384	0.0298	0.0286	0.0166	0.0628	0.243	0.569	0.483	0.403	0.333	0	0	0	0	0	0	0	0	0	0	0.00217	0	0	0	0	0	0	0	0	0	0.0163	0.293	0.122	0.223	0.294
18.9	19.5	25.8	13.5	23.2	19.8	26.2	33.8	36.7	30.5	20.7	12.3	13.7	16.4	24.2	33.4	31.3	30.7	31.3	29.4	30	29.6	26.5	33.7	31.9	30.4	26.4	25.8	21.2	17.9	17.1	15.2	14.8	14.9	15.5	21.6	23.9	28.3	31.7	64.1	60.6	56.6	58.2	46.4	43.4	40.5	38.5	17.2	17.3	11.3	12.3	7.8	7.72	7.76	9.08	4.39	3.29	2.88	4.25	3.55	10	7.59	17.4	33.5	46.2	70	61.9	68.2	41.8	33.7	29.8	15	13.3	9.11	8.65	9.9	8.39	7.44	6.75	2.55	0.956	0.629	0.546	0.335	0.132	0.0342	0.0265	0.0255	0.0145	0.00795	0.197	0.768	0.666	0.569	0.483	0	0	0	0	0	0	0	0	0	0	0	0	0	0	0	0	0	0	0	0	0	0.0219	0.096	0.2	0.426
21.2	22.2	37.4	27.2	15.2	12.9	17	42.1	41.7	29	24.5	12	13	14.4	22.6	30.1	29.2	31.5	31.2	30.8	30.7	31.5	28.5	33.4	30.8	29.1	24.8	29.8	23.7	20.1	20.2	15	15	16.2	16.2	23.2	26.7	29.8	40.5	74.1	67.6	61.6	63.2	62.4	46.6	43.4	50.2	27.1	18.8	15.8	15.4	6.4	6.35	7.66	9.72	3.12	2.71	3.13	8.66	2.78	3.48	4.45	5.78	30.2	42.5	50.7	55.6	66.2	49.2	34.5	32.9	21.7	16.4	13.1	11.1	13.5	11.6	9.75	9.26	4.87	2.57	0.885	0.604	0.264	0.0378	0.028	0.0215	0.0203	0.0113	0.0059	0.164	1.22	0.877	0.768	0.666	0.0379	0	0	0	0	0	0	0	0	0	0	0	0	0	0.00956	0	0	0	0	0	0	0	0.0729	0.18	0.586
42.5	44.6	49.1	63	64.8	65.7	40	27.2	25.9	37.3	30.1	34.4	38.5	33.3	39.7	51.3	51.3	51.3	51.2	38.3	36.7	34.9	32.9	29.9	27.8	26.1	20.1	14.7	13.6	14.1	16.6	13.1	14	23.5	26	14.3	15.2	15.9	16.7	23.2	23.9	23.5	23.8	31.7	35.5	43.8	50.5	50	43.4	39.6	37.4	19.9	18.6	18.4	18.4	17.9	17.7	17	16.5	16.9	22.7	30.2	38	28.5	30.1	35.4	39.7	38.5	34.6	30.8	26.5	18.6	18.4	17.3	16	15.2	12.5	10.5	8.88	5.59	4.18	3.74	3.28	1.91	0.865	0.134	0.258	0.00489	0.00256	0.00122	0.113	0.305	0.45	0.566	0.702	0	0	0	0	0	0	0	0	0	0	0	0	0	0	0	0	0	0	0	0	0	0	0.0581	0.19	1.23
38.9	39.6	47.4	22.3	23.9	35.1	34	22.3	20.3	24.5	27.1	39.8	39.2	36.9	43.2	55.9	53.7	53.2	55.8	41.1	40.3	37.3	32.7	29.4	27.4	23.6	19.5	11.3	9.95	10.5	13.8	11.6	12.8	15.3	16.6	14.5	15.7	16.3	17.4	31.8	24	20.5	21.6	41.9	46	47.7	51.8	51.4	44.7	39.5	34.8	20.8	19.1	18.9	18.4	18.8	17.9	18.6	19.9	17.2	20.7	27.6	37.3	27.8	24.9	27.9	29.9	34.4	28.8	26.7	31.4	20.1	18.3	16.9	16.4	15.1	12.4	10.2	8.26	6.35	4.5	3.8	3.4	2.84	1.48	0.674	0.00838	0.00326	0.00152	0.000567	0.163	0.142	0.384	0.599	0.693	0	0	0	0	0	0	0	0	0	0	0.00308	0	0	0	0	0	0	0	0	0	0	0	0.0238	0.157	1.5
34.6	32.9	38.1	25.2	23.1	26.7	36	26.8	28.9	25.7	24.1	33.8	40.9	40.3	48.3	71.8	70.7	63.2	63.1	48.2	43	39.6	35.3	30.1	27.1	24.1	19.7	11.1	8.64	8.71	11.8	12.4	13.7	15.2	16.7	15.5	16.3	17.4	18.7	39	31.4	24.7	25.9	50.7	54.2	53.2	59.7	52.8	47.2	40.7	34.9	20.6	19.7	19.1	18.5	18.2	17.9	23.8	23.7	13.1	17.9	25.2	73.6	40.4	26.3	24.6	25.3	29.7	25.2	23.4	22.4	21.7	20.3	18.5	16.7	16.1	13.1	10.4	8.28	7.61	5.4	4.19	3.51	4.77	2.85	1.36	0.191	0.0268	0.000876	0.000219	0.236	0	0	0.352	0.757	0	0	0	0	0	0	0.00811	0	0	0	0	0	0	0	0	0	0	0	0	0	0	0	0.0107	0.149	1.63
30.5	28.1	37	41.3	32.8	38.2	42.1	34.7	27.3	28.6	26	34.4	52.1	48.5	55	90.7	86.7	81.1	81	60.9	54.5	48	40.4	33.6	29.5	26.3	22.1	12.5	10.7	9.92	11.1	14.8	16	17.3	18.9	16.6	17.7	18.7	20	26.8	27.4	29.2	32.7	70.7	70.3	71.4	71.7	59.4	49.6	41.2	38.5	21.2	20.1	19.2	18.6	18.1	17.7	17.3	17.2	10.3	17.4	22.7	36.4	34.8	27.5	22.7	22.7	26.6	22.7	22	19.9	23.4	22.2	20.4	18.3	17.6	14.8	11.2	8.69	9.45	6.46	4.71	3.57	6.42	4.03	2.54	0.922	0.00161	0.000648	0.000176	0.000186	0	0	0	0.395	0	0.319	0	0	0.129	0.0668	0	0	0	0	0	0	0	0	0	0	0	0	0	0	0	0	0	0.145	1.84
17	18.7	21.1	33.3	43.2	38.5	40.6	35.3	34.6	40.6	50.6	54.7	60.3	75.1	73.1	103	113	144	136	94.2	80.8	65.5	57.4	36.5	31.5	28.8	24.9	18.8	21.6	17.5	16.9	25.5	27.5	29.5	31.5	33.8	37.9	41.3	50.1	68.8	68.8	69.8	72.9	104	89.4	79.9	74.8	48.5	41.8	40.3	45.2	28.2	24.8	25.5	24	23.4	21.4	20.6	20.3	7.43	6.93	6.75	6.82	17.8	17.9	17.9	17.8	17.9	17.7	17.4	16.6	16.8	16	14.7	12.9	7.24	7.44	8.66	10.5	10.5	9.07	9.02	9.15	2.4	1.69	1.24	0.902	0	0	0	0	0.000325	0.000403	0.0851	0.208	0.000377	0.000309	0.000311	0.00038	0.344	0.379	0.427	0.289	0	0	0	0	0	0	0.304	0.0732	0	0	0	0	0.000452	0.000633	0.00612	0.117	0.32
14.2	17.1	16.2	30.6	37	34.3	36.1	30.4	31.8	35.6	42.2	53.4	60.9	66.3	73.4	105	112	129	123	118	114	72.6	64.2	40.1	34.6	30.5	27.5	20.7	18.1	17.4	18.7	29	31	33	34.9	37	41.1	45.6	54.4	67.8	69.6	70.6	73.2	94	82.6	77	74.2	49.6	57	53.1	38.2	30.6	28.5	27.3	25.3	23.2	22.7	21.9	21.9	7.59	6.66	6.53	6.51	17.9	18.2	18.4	18.4	18.6	18.7	18.4	17.8	18.1	17.5	16.2	14.3	6.28	6.35	7.02	7.86	10.1	8.1	7.69	7.48	2.14	1.65	1.08	0.701	0	0	0	0	0.000403	0.000546	0.000583	0.000508	0.000529	0.000435	0.000437	0.000533	0.248	0.272	0.302	0.311	0	0	0	0	0.0189	0	0.244	0.241	0	0	0	0	0.000632	0.000885	0.00783	0.115	0.343
13.7	14.9	14.8	15.9	17.9	22.4	28.2	27.4	29.6	31.6	38.8	53.2	61.9	68.5	77.7	95.7	113	108	129	103	88	76.2	68.7	43.7	36.3	32.1	29.3	22.7	20.2	19.5	20.9	31.6	33.5	35.4	37	39.4	43.3	49.4	56.3	65.4	67.5	68	70.7	86.8	82.6	69.5	67.4	57.3	60.8	48.7	42.5	31.8	32	29.8	27.8	25	24	23.6	24.6	8.76	7.92	6.86	6.81	17.6	18	18.2	18.3	18.7	18.9	18.8	18.2	18.7	18.1	16.9	14.9	5.79	5.42	5.44	5.98	9.43	7.9	6.7	6.08	2.07	1.46	0.883	0.551	0	0	0	0	0.00284	0.00373	0.00424	0.00443	0.108	0.00589	0.00603	0.00607	0.248	0.269	0.294	0.145	0	0	0	0	0	0	0	0	0.0403	0	0	0	0.00106	0.00142	0.00942	0.128	0.375
12.5	13.1	14.4	20.6	16.5	19.5	25	19.9	23.1	31.6	48.6	59.1	69.9	73.3	80.4	97	98	107	114	106	92.2	81.9	73.7	44	36.7	32.5	30	24.2	22.4	21.9	22.9	33.4	35.5	37.9	39.2	40.9	42.8	49.7	57.6	64.7	63.8	67.1	68.4	79.5	72.8	63.1	74.1	68.7	59.3	56.5	53.9	40.2	32.4	31.7	29.3	28.7	27.3	27	27.1	14	10.6	9.99	9.59	16.6	17.1	17.5	17.6	17.9	18.3	18.3	17.9	18.3	17.9	16.8	14.8	5.33	4.81	4.55	4.34	9.17	7.53	5.82	5.1	2.29	1.94	0.752	0.39	0	0	0	0	0.154	0.00991	0.0115	0.0122	0.215	0.0167	0.0171	0.017	0.141	0.149	0.155	0.154	0.0916	0	0.0135	0	0	0	0	0.288	0	0	0	0	0.00172	0.00223	0.0157	0.151	0.421
5.34	6.36	9.16	14.2	8.3	11.9	14	11.1	12.6	17.4	30	80.8	95.1	70.3	92	136	128	113	110	124	120	122	121	97.4	83.9	67.6	59.7	49	47.4	49.5	54.1	45.3	45.4	45.5	45	42.4	43	43.4	45.4	46.9	48.6	47.2	50.3	20.2	25	25.7	34.4	46.6	42	43.4	51.3	46.3	45.1	44.8	43.5	42.9	42.2	42.2	43.8	48.5	49	51.5	54	34.9	33.9	33.7	33.6	25.5	25.1	25.9	26.1	24.7	23.1	21.7	19.3	3.61	3.06	2.78	2.36	3.16	1.74	0.824	0.633	0.696	1.11	1.94	1.99	0.709	0.456	0.355	0.344	0.336	0.358	0.318	0.365	0.302	0.319	0.326	0.417	0.31	0.308	0.287	0.244	1.11	1.99	1.96	1.98	0.565	0.382	0.277	0.196	0.136	0.0925	0.0461	0.00277	0.00549	0.00698	0.0576	0.249	0.522
4.29	4.77	6.23	16.6	18.5	10.2	10.1	8.8	10.5	15.2	19.6	33.5	54.1	63.8	71.4	108	97.7	97.3	94.3	105	106	105	106	91.8	75.6	67.9	62	49	48.1	51.9	53.8	46.6	48.3	44.9	48.6	43.3	44	43.8	44.6	47	49.6	50.8	59.7	20.1	22.5	34.9	32.1	43.7	41.1	36.9	34.7	46.1	49.6	47.9	42.1	44.5	43.5	42.8	44.6	55.8	55.8	56.5	60.7	41.1	40.4	38.6	35.9	26.2	25	25.2	25.5	23.8	23	21.5	19.2	3.89	3.07	2.57	2.02	3.19	1.68	0.795	0.579	0.462	0.599	0.605	1.46	0.709	0.538	0.355	0.426	1.65	0.391	0.206	0.235	0.418	2.19	0.465	0.539	0.431	0.426	0.396	0.338	1.93	2.08	2.06	2.08	0.597	0.317	0.29	0.208	0.195	0.159	0.104	0.0563	0.00704	0.00885	0.0953	0.297	0.583
4.5	4.13	5.43	5.72	6.48	7.8	9	7.49	8.73	12.2	21.6	27.4	32.9	40.7	56.5	73	72.4	71.8	77.2	91.1	91	90.8	88.1	86.9	76.3	65.7	60.7	48.6	46.8	50.5	54.7	50	44.1	46.5	49	53.6	57.3	42.8	43.4	44.6	56.7	57.5	62.1	31.1	29.2	37.1	36.3	44.7	41.1	38	34.4	49.2	49.9	46.6	45	47.5	46.1	47.5	48	63.6	64.7	63.2	68.7	48.2	46.9	45.3	43.7	29.9	26.9	25.5	25.7	23.9	23	21.5	19.2	4.16	3.25	2.68	2.12	3.46	1.96	1.06	0.779	0.357	0.271	0.418	0.679	0.945	0.618	0.707	0.491	0.209	0.24	0.263	0.203	0.61	0.734	2.92	1.86	0.639	0.64	0.608	0.778	2.02	2.05	2	2.01	0.713	0.414	0.229	0.271	0.366	0.223	0.173	0.127	0.0111	0.0113	0.14	0.366	0.708
3.87	5.2	5.14	5	6.02	7.11	7.86	6.4	7.17	11.1	16.2	26.8	27.1	33.9	42.9	57.2	48.3	51.7	58.9	77	79	78	79.8	81.8	71.9	64.5	60.2	45.4	46.5	54.8	57.8	49.6	43.7	39.8	40.3	45.1	58.2	39.5	40.9	41.1	46.4	54.2	53.7	32.6	35	41	51.6	44.7	41.1	37.8	35.5	52.4	48.7	47.2	46	51.7	51.7	48	49.9	81.3	83.3	73.2	75.3	57.7	56.2	53.4	50.8	35.9	31.1	27.5	26	25.2	23.7	21.7	19.4	4.98	3.91	2.83	2.3	3.93	2.46	1.52	1.13	0.347	0.237	0.262	0.453	1.12	0.907	0.673	0.638	0.268	0.313	0.275	0.292	0.879	1.04	2.21	1.05	0.942	0.951	0.995	1.07	2.26	2.22	2.27	2.11	0.864	0.559	0.26	0.257	0.323	0.251	0.194	0.144	0.0178	0.0261	0.196	0.416	0.847
4.01	4.86	6.34	6.04	6.85	7.88	8.64	7.09	7.91	8.94	11	15.7	16.5	16.9	19.8	23.4	25.2	26.9	27.6	34.4	36.6	39.5	50.3	65.9	62.9	62.6	62.4	45.7	46.6	51.6	75.4	55.7	36.8	36.6	41	34.9	36.6	37.1	38.6	39.8	42.6	44.8	45.4	34.1	39.8	42.7	53.7	27.8	32	30.7	32.4	29.4	28.7	27.4	26.5	32.6	31.2	31.4	33.5	67.6	68.8	73.3	77.7	72.2	74.8	79.4	81.8	67.2	58.8	41.8	32.8	31.1	29.9	28.4	26.4	13.1	11.9	10.3	9.19	9.01	6.06	4.05	3.04	1.07	0.578	0.327	0.343	1.77	1.54	2.1	1.29	0.836	1.04	1.18	1.29	1.8	1.93	1.96	1.99	3.59	3.57	3.6	3.37	2.18	1.97	1.68	1.3	0.595	0.364	0.279	0.256	0.29	0.174	0.146	0.282	0.0252	0.0814	0.33	0.554	1.38
4.19	4.99	6.33	5.9	6.82	8.04	7.96	6.34	6.84	7.57	9.26	11.5	11.8	12.4	13.6	18.3	18.4	19.1	20.6	25.2	26.9	29	41	68	59.4	47.3	47.7	43.2	42.7	41.5	48.9	43.4	38.9	38.2	46.3	31.3	32.7	34.3	37.2	37.4	39.6	41.4	46.2	31.3	35.4	38.3	42.9	21.3	27.1	25.2	26.1	31.2	26.9	26	24.7	35.1	32.2	31.8	33.6	69.9	68.8	71.3	78.5	74.9	77.3	80.6	83.6	71.8	62.2	55	35.7	32.5	31	29	26.9	13.8	12.4	10.9	12.5	10.6	7.04	5.83	3.74	1.3	0.694	0.386	0.375	0.869	1.72	2.7	1.7	1.08	1.28	1.45	1.53	2.22	2.33	2.41	2.46	3.98	4.08	4	3.83	2.75	2.51	2.2	1.7	0.784	0.488	0.321	0.261	0.258	0.2	0.133	0.106	0.032	0.135	0.327	0.626	1.47
4.15	5.1	6.04	5.98	6.51	7.16	7.83	5.94	6.11	6.85	7.56	9.11	7.95	8.75	11	14.2	15.1	17.2	18.3	20.1	21.3	23.3	26.3	51.9	47.1	44.5	44	41.4	42.5	39.1	41.1	37.4	33.2	34.7	41.5	33.4	30.8	33.3	37.5	45.5	39.7	39.6	47	32.2	38.4	40.3	42.5	28.6	29.2	28.6	27.3	34.2	30.2	26.5	26.1	41.9	37.8	37.5	36.6	75.4	81.2	75.3	84.2	89.2	83.2	84.8	88.8	76.9	67.1	61	55.9	39.9	32.8	30.8	28.6	15	13	11.5	9.65	11.7	8.93	6.71	4.52	1.63	0.904	0.521	0.481	1.08	0.985	1.4	1.44	1.44	1.54	1.7	1.76	2.5	2.57	2.63	2.75	4.03	4.15	4.03	3.91	3.15	2.95	2.58	2.05	0.968	0.63	0.425	0.357	0.324	0.248	0.19	0.151	0.045	0.0488	0.245	0.488	1.48
3.84	4.85	5.59	5.88	6.45	6.78	7.18	5.63	5.75	6.29	6.75	5.77	6.93	7.45	8.75	10.1	11.3	12.6	15.4	19.5	20.3	19.5	21.3	36.4	40.7	40.8	41.9	37	39.9	39.7	35.2	33.9	32.5	35.5	40	31.6	31.2	33.7	38.3	49	48	42.4	47.6	35.8	40	41.3	51.4	40	42.5	42.6	41	47.6	43	38.3	38.3	47.6	46	45	43.2	81.1	89	92.6	91.5	98.9	94.9	94.4	98.9	83.1	75.3	69.1	64.3	45.2	39.3	33.8	30.8	16.7	14.3	12.2	10.3	12.8	9.97	7.88	5.37	2.1	1.22	0.705	0.676	1.32	1.3	1.39	1.76	1.62	1.89	1.95	1.94	2.63	2.66	2.67	3.41	3.87	3.3	3.26	3.13	3.45	3.25	2.92	2.36	1.14	0.787	0.638	0.479	0.441	0.344	0.268	0.213	0.064	0.0421	0.156	0.399	1.42
1.16	3.06	1.73	2.53	2.55	3.31	3.74	4.09	4.28	4.86	5.65	4.2	3.78	3.98	4.14	9.23	10.1	11.4	13.6	18.7	24.5	23.3	25.7	32.1	36.8	36.6	38.1	46.7	35.5	35	34.8	24	23.8	23.9	26.4	25.7	25.3	27.7	31.2	33.2	35.2	37.3	39.7	52.3	65.7	70.2	74.4	70.8	70.3	70.9	67.1	43.9	41.7	39.8	38.9	39.9	40.2	40.8	44.5	49.6	51.6	54.5	56.6	51.4	52.3	47.8	48.8	48.2	45.4	44.6	42.8	31.6	31.2	29	27.1	20.7	17.6	14.8	12.4	14.5	11.4	9.01	6.81	2.54	1.53	1.01	1.01	1.32	1.02	1.15	1.51	2.15	2.53	2.67	2.56	2.51	2.4	2.44	2.55	3.08	3.19	3.22	3.4	4.38	4.25	3.75	3.23	1.69	1.1	0.798	0.681	0.589	0.466	0.375	0.292	0.12	0.0794	0.0757	0.34	0.509
1.41	1.39	1.41	2.16	2.33	2.15	2.48	3.37	3.53	3.79	4.1	3.67	2.95	2.95	3.12	7.38	7.57	8.71	10.4	15.9	18.8	23.3	22.8	28.7	32	34.2	35.6	35.1	34.6	33.6	31.2	21.9	20.7	21.9	23.2	22.7	24.5	26.7	30.4	32.5	34.2	38.1	40.1	44.5	48.3	66.4	75.3	72.7	58.2	56.9	54.2	45.8	39.2	37.9	36.8	40.6	42	42.5	43.8	52.7	53.6	55.2	55.9	49.5	46.4	51.8	46	44.3	41.9	40.2	39.3	33	32.4	30.7	28.3	27.7	20	17	14.2	15.3	12.5	10.2	8.04	3.28	1.86	1.26	1.27	1.34	1.24	1.35	1.66	2.46	2.86	2.96	2.78	2.76	2.56	2.46	2.61	3.1	3.1	3.23	3.34	4.75	4.61	4.2	3.81	2.21	1.92	0.956	0.817	0.712	0.567	0.449	0.359	0.148	0.0979	0.0824	0.139	0.329
1.31	0.976	1.06	1.51	2.02	1.89	1.82	2.57	2.87	3.4	3.38	3.57	3.53	2.15	2.42	5.15	6.07	6.51	7.86	12.2	15.1	16.9	20	25.9	27.7	31.4	33.8	32.2	31.8	38.2	35.8	19.1	17.5	18.8	22.2	21.5	23.8	26.2	29.5	32.1	34.6	36.1	39.8	48.8	50	50.2	89.1	61.6	53.7	56.3	58.8	44.4	39	39.1	35.9	43.8	44.1	44	44.9	55.2	57.3	57.6	57.4	50	45.8	44	42.4	42.7	41	39.2	38.3	34.4	33.5	32.1	29.6	39.6	29.1	19.4	16	16.3	14.1	11.6	9.16	3.66	2.39	1.75	1.77	1.88	1.89	2.01	2.31	3.22	3.61	3.62	3.31	3.3	2.89	2.69	2.79	3.23	3.19	3.22	3.53	4.92	4.81	4.47	3.69	2.05	1.62	1.24	1.05	0.904	0.706	0.557	0.591	0.489	0.161	0.133	0.172	0.178
0.949	1.65	1.21	1.28	1.35	1.71	1.62	2.55	2.52	2.69	2.92	3.78	2.82	2.31	2.21	4.25	4.63	6.06	6.92	9.92	16.2	18.6	16.2	22.4	27.4	26.5	27.4	25.8	26.8	32.6	25.8	16.6	16	17.9	21.7	21.9	24.7	27.5	30.3	35.4	36.4	37.9	40.8	68.1	55.1	62.6	61.2	68.4	57	60.3	54.3	45.5	41.8	43.7	38.5	48.2	48.1	47.1	47.1	58.7	60.9	61	60	51.7	47.1	45.6	45.1	42.5	40.8	38.9	37	37.8	34.7	33.2	30.6	53.8	39.5	31.3	25.9	18	14.1	11.8	9.48	4.55	3.29	2.5	2.53	2.84	2.94	3.11	3.33	4.42	4.73	4.63	4.11	4.13	3.5	3.17	3.14	3.56	3.34	3.35	3.5	5.06	5.04	4.94	4.3	2.26	1.94	1.72	1.41	1.16	0.972	0.788	0.6	0.851	0.367	0.229	0.321	0.645
0.302	0.312	0.953	2.18	0.613	0.463	0.455	0.564	0.673	0.694	0.901	1.91	2.39	3.13	3.72	2.85	3.13	3.52	4.22	5.42	6.4	9.06	8.74	12	14.4	16.8	17.9	26.4	28.5	33.7	39.6	48.3	54.1	63	80.6	56.3	57	57.1	57.9	43.7	44.5	45.8	48.7	62.5	79.5	86.2	91.3	94.3	83.1	109	79.4	57.2	55.1	59.3	65	55.4	63.3	65.4	63.6	59.5	61.2	62.3	63.5	59.1	55.3	52	50.8	37.9	33.6	32.3	32.3	31.7	31.5	30.1	35.9	46.4	39.9	34	32.8	24.9	18.7	16	17.7	14.7	11	9.29	8.09	7.75	7.41	7.32	7.16	6.51	6.69	6.47	5.75	4.93	4.11	3.67	3.52	4.26	4.06	4.03	4.18	3.84	3.91	4.2	3.8	2.68	2.3	2.18	1.79	0.926	0.688	0.543	0.484	0.614	0.508	0.452	0.482	1.15
0.196	0.235	0.246	0.614	1.25	0.713	0.393	0.425	0.432	0.556	0.87	1.32	1.82	2.28	2.78	2.45	2.33	2.64	3.04	3.84	4.56	5.14	7.71	9.04	9.66	11.5	14.8	21.7	24.4	29.1	34.5	43.6	48.7	59.6	74.5	53.9	54.6	54.7	56	44.3	44.2	46.1	44.8	58.3	64.4	79.2	86	80	80.8	112	82.6	89.4	77	82.9	57.6	53	56.3	57.9	59.2	60.5	62.8	72	62.6	63.7	57.9	53.8	51.9	40.1	36.2	34.2	32.7	31.8	35.3	33.3	32.5	39.7	33.3	28.9	28.1	26.1	19.9	18.9	19.5	21.8	17.7	13.9	11.8	10.6	9.7	9.66	9.02	7.99	8.05	7.62	6.65	5.59	4.55	4.23	3.77	4.64	4.34	4.23	4.37	3.83	3.84	3.81	4.7	3.02	2.7	2.54	2	1.1	0.803	0.621	0.559	0.597	0.53	0.506	0.592	1.34
0.166	0.159	0.208	0.273	0.294	0.612	0.531	0.472	0.419	0.502	1.04	2.01	1.76	1.8	2.29	2.26	2.05	2.14	2.37	3.07	3.36	3.78	4.92	13.1	7.26	8.22	11.7	18.5	20.1	23.6	28.9	40.3	44.6	54.5	67.9	51.5	53.3	54.3	55	43.5	44	44.6	44.7	60.5	63	67.6	78.2	73.4	76.9	74.1	72.8	91.5	70.5	83.2	54.4	50.9	74.9	75.6	58	65.8	68.3	63.1	63.3	69.8	61.9	58	54.1	41	35.6	34.7	33.4	33.7	34.1	32.1	31.6	55	42.2	30.4	27.3	33.2	24.7	21.4	22.4	26.5	26.2	20.7	18.9	15	13.2	12.4	12	10.4	10.3	9.7	8.46	7.05	5.76	4.99	4.65	5.72	5.16	4.99	5.17	4.64	4.72	4.77	4.76	4.15	4.12	3.73	3.24	1.78	1.37	1.12	1.03	0.9	0.817	0.842	1.04	2.43
0.236	0.156	0.162	0.291	0.295	0.304	0.423	0.617	0.561	0.638	0.821	1.65	1.74	1.82	2.01	2.67	2.78	2.23	2.34	2.71	2.93	3.32	3.99	5.49	6.16	12.1	8.38	15.1	21.1	22.1	26.1	38.1	44.3	52.3	66.9	51.3	51.3	52.5	54.7	44.1	43.8	44.3	46.9	63.9	69.5	68.3	68.7	75.7	74.1	76.1	72.4	80.3	65.7	53.9	50.3	50.1	57	65.9	57.1	53.9	70.2	79	67.9	73.2	76.6	71.1	62	56.8	48.6	36.8	34.3	34.5	34.6	35.2	31.7	34.4	48.8	27.4	34.6	40.4	35	30.6	30.2	32.9	40.8	33.4	28	21.5	18.4	17.4	16	13.6	13.4	12.6	11.1	9.33	7.76	6.71	6.16	7.11	6.42	6.22	6.47	6.29	6.43	6.6	6.77	6.2	6.3	6	5.23	2.97	2.38	2.01	1.88	1.46	1.35	1.44	1.8	4.24
0.33	0.33	0.33	0.41	0.387	0.434	0.522	1.18	1.4	1.83	2.05	2.74	3.15	3.16	2.77	1.46	1.55	2.19	3.05	2.21	2.44	2.84	3.27	3.85	4.2	5.21	5.35	8.79	9.74	12	12.3	8.65	10.8	16.6	23.8	37	43	53.3	59.2	59.5	63.9	68.3	72.7	68.2	71.4	72.7	58.5	68.2	69	76.3	87.2	93.6	83.9	71.9	68	56.5	56.6	58.5	61.6	66.7	63.3	68.2	80.6	65.7	65.5	66.1	74.9	70.5	68.3	67.7	42.1	37.3	40.3	30	33.6	42.7	39.1	56.4	66	58	36.1	30	47.1	50.3	61.6	41.1	37	33.4	25.6	24.5	22.7	22.7	21.4	20	17.9	15	12.5	10.7	9.76	9.79	9.58	9.35	9.84	8.36	8.74	9.11	9.26	9.25	9.64	9.34	8.23	5.48	4.48	3.88	3.73	3.11	2.89	3.29	4.3	8.74
0.33	0.3	0.3	0.45	0.473	0.509	0.594	1.39	1.62	1.92	2.62	3.5	3.64	3.54	3	1.66	1.31	1.59	2.25	1.92	2.08	2.3	2.62	3.08	3.29	3.62	4.49	7.51	7.6	8.21	9.71	6.7	8.54	11.9	24.2	32.8	38.8	49	54.3	58.1	63.1	68.4	73.6	65	63	72.2	62.8	66.6	71	82.7	88.7	92.6	82.1	83	76.3	60.8	57.1	57.8	62.2	63.9	66.7	67.6	68.3	59.3	62.8	73.3	84	64	72.3	70.8	60.4	40.6	39.3	31.5	26.7	45.2	31.9	36.7	63.3	60.8	45.4	40.5	59.3	52.5	43.6	45.3	41.1	38.8	29.4	27.3	25.4	26	25	23.5	20.8	17.8	14.9	12.9	11.6	10.9	10	11	10.8	9.92	10.3	10.8	11.3	11.5	12.1	11.7	10.3	7.07	5.77	5.58	4.9	4.22	4.2	4.38	5.61	11.3
0.33	0.3	0.15	0.518	0.517	0.544	0.655	1.47	1.68	2.17	2.7	3.8	3.91	3.65	3.2	1.59	1.29	1.33	1.88	2.07	1.99	2.11	2.4	2.92	2.95	3.25	3.59	6.08	7.18	7.54	8.39	5.44	6.24	8.43	12.7	27.9	33.5	40.1	50.2	55.9	61.4	67.2	70.7	60.4	54.1	60	60.7	67.2	89.8	79.1	86.6	87.5	85.2	85.4	76.8	61.2	59	59	60.7	66.7	69.1	72.5	65.3	60.5	71	78.6	86.3	85.7	70	63.4	75.5	66.9	61.4	40.2	29.9	46.8	35.7	31.9	38.6	44.5	34.5	47.9	46.4	98.7	66.9	66.1	67.9	49.2	32.1	30.1	28.1	28.9	27.6	26	23.5	20.8	17.9	15.5	14.1	12.9	12.4	12.7	13.5	12.8	13.3	13.9	14.6	15.4	16.2	15.5	13.8	9.76	8.16	7.3	6.75	6.42	5.79	6.08	7.32	14
0.18	0.15	0.15	0.454	0.455	0.591	0.671	1.66	1.66	2.19	2.4	3.44	3.63	3.6	3.23	1.55	1.37	1.39	1.89	2.72	2.39	2.39	2.61	3.38	3.21	3.24	3.5	5.99	6.45	7.59	8.5	4.56	4.74	6.65	9.9	23.4	27.8	35.1	42.8	47.3	56	61.5	66.3	54.8	51	52.5	59	56.7	80.6	75	91.1	108	92.7	115	94	66	59.5	57.5	62	65.2	65.8	68.6	66.9	68.5	77.3	87.3	88.3	84.4	69.5	66.7	71.5	66.7	65.4	67.2	40.8	43	38.1	31.5	38.5	43.3	33.4	33.5	41.8	108	57.7	73.4	48.1	42.8	38.3	33.9	31.1	31.2	29.6	28.1	25.9	23.4	21	18.9	17.5	16.9	16.8	16.4	18	18.5	18.2	18.6	19.5	20.5	21.5	21.1	18.7	13.5	11.6	10.1	9.41	9.72	8.48	8.77	9.79	16.8
