65.2	70	73.8	92.4	90.9	80.3	65.2	48	46.1	44.2	30.7	44.3	49.1	43.7	44.6	44.1	86.3	97.3	94	104	141	140	88.9	88.9	87.8	98.5	77.4	40.4	38.7	46.3	37	34.7	51.7	34.4	36.8	53.6	87.3	132	147	137	195	123	197	197	227	201	132	152	100	64	70.2	67	67.3	39.7	45.1	87.9	116	139	137	162	228	268	195	134	149	137	164	154	103	110	133	147	169	178	195	172	185	149	167	168	177	205	228	216	168	177	140	29.4	41.2	51.4	40.9	40.8	31.7	29.5	34	39.9	40.8	55.9	73.6	84.8	55.4	73.9	90.9	89.7	92.1	79.1	66.6	72.7	71.3	101	125	124	115	120	129	117	130	123	144	175
73.4	82.4	82.8	73.5	75.7	67.5	61.4	39.3	30.3	25.9	52.3	50.2	61.6	51.6	81.5	70	68.6	91.8	116	126	128	117	87.9	87.5	105	131	116	67.3	58.5	54.6	52.2	31.2	44.8	44.7	25.2	41.6	53.2	89	113	135	122	139	193	207	196	158	115	107	57.2	53.1	50	63.5	60.6	68.2	36	18.2	22.7	35.2	82.5	161	250	260	214	152	158	120	118	104	107	139	131	138	148	165	184	131	142	159	137	154	194	235	273	274	296	240	162	101	87.9	81.9	85.4	43.2	45.1	52.7	36.2	47.1	43.5	52.4	49.2	54.9	86.1	100	72.2	82.2	86.7	106	68.1	73.9	97	122	107	123	115	122	117	105	130	150	155	198
83.6	90.4	83.8	80	66.5	82.9	69.1	49.8	28	39.4	55.1	75.7	52.2	52.4	77.3	67.1	68.1	75.6	119	136	140	111	82.7	95.7	107	116	106	75.5	65.4	65.4	71.6	55.2	37.2	48.2	27.4	36.7	32.4	64.5	97	92.9	97.8	114	144	125	113	116	83.3	62.8	50.6	42.6	34.2	34.4	54.7	44.4	24.4	6.47	14	11.2	106	153	227	230	135	77.6	84.7	82.7	91	96.7	83.3	107	93.6	98.2	140	144	153	135	139	171	152	201	219	242	256	261	262	249	170	118	113	100	89	45	48.2	58.7	48.6	26.8	23.1	37.4	40.5	78.6	104	62.2	77.8	83.6	70.2	90.4	68.9	61.1	106	151	163	127	108	125	104	137	137	134	152	150
97.2	93.4	118	83.1	75.3	70.6	61	41.9	55.2	53.8	57.7	60	84.3	82.1	89.2	81.3	110	116	140	127	138	139	87.6	90	73.9	92.9	79.6	77.9	65.8	51.9	58.1	95.3	93	64.9	46.1	30.3	22.9	19.3	50.5	80.4	79.9	98.9	89.2	68.5	96.4	71.2	69	52.9	35.6	42.5	40	65.8	28.7	14.9	23.5	6.79	7.25	17	25.1	90.3	171	138	77.7	62.7	74.4	55.5	70.4	91.6	84.6	129	130	109	121	134	153	161	156	139	123	138	164	176	189	208	200	209	160	134	91.9	84.1	81.7	46.4	43.2	40.4	43.2	48	35.9	29.3	29.5	59.2	67.4	62.6	100	95.5	73.5	67.5	67.2	73.7	107	129	132	133	119	136	134	129	136	109	129	118
100	91.6	123	81.5	77.1	57.3	59.5	61.4	73.5	67	72.1	79.9	99.9	89.9	72.8	107	118	130	123	116	90.9	89.8	70.9	49.2	45.3	55.7	83.6	79.9	79.8	83.9	88.2	104	106	75.6	30.8	19.9	27	39.5	44.1	61.7	80	59.3	49	52	53.9	52.8	52	59.9	42.4	48.4	26.6	44.8	24.7	16.3	12.5	2.88	8.18	18.8	20.8	64	86	74.3	81.7	57.6	76.9	68.2	77.1	100	99.3	90.9	114	103	119	141	157	160	169	156	169	199	179	138	144	147	141	159	152	129	115	81.9	66.6	41.4	46.3	34.9	39.3	45.7	38.5	36.4	26.7	36	49	38	52.3	66	91.4	77.4	82.1	86.1	81.7	123	132	98.2	101	122	132	109	112	93.1	99	86.8
110	99.3	99.5	71.4	66.8	61.3	80.9	112	93.9	76.4	79.4	129	176	133	106	148	161	149	115	112	114	93.6	61.1	46.7	48.3	69.3	77.6	63.2	65.9	64.4	93.4	80.5	66.5	46.2	27.6	22.4	15.9	37.8	38.2	58	33.7	35.2	29.4	24.4	28	45.8	50	34.6	32.3	27.4	33	30.2	22.7	22.8	20.8	14.4	23.1	26.6	33.9	69.2	88.1	56	29.7	48	88.8	46	30.4	60.2	61.9	64.2	134	95.1	94.7	98.1	145	207	229	215	178	216	219	157	197	158	159	173	159	111	121	100	74.3	35.4	39.9	34	43.4	43.3	33.3	26.7	31.1	61.1	52.2	49.1	62.2	76	147	159	133	97.9	81.1	125	125	123	128	119	156	134	135	133	132	115
128	105	100	80.6	72.6	66.5	68.5	50.7	82.1	73.5	82.4	141	158	143	123	149	154	146	125	124	118	74.9	53.3	52.5	68.8	77	79.8	61.4	55.1	60.6	60.1	45.5	31.5	57.1	46.2	41.8	17.8	16.8	37.2	69	62.6	40	33.5	26.5	29.5	24.6	21.2	25.8	26.1	28.5	34.1	26.4	18.6	15.5	15.2	14.2	24.1	26.6	38.5	70.5	117	67.2	44.3	47.9	73	26.3	39.2	41.2	27.1	28.5	73.1	60.5	46.4	82.1	98.9	142	147	213	199	202	181	143	180	184	158	171	138	99.8	127	131	86	79.9	48.7	23.8	17	24.8	25.3	34.1	41	57.7	64.4	61.5	80.2	115	137	161	105	131	108	87.4	103	142	129	125	124	102	131	135	179	138
129	128	109	84.3	58.7	76.7	65.4	38.5	57.4	68.4	97.2	157	180	171	153	199	161	160	149	146	148	113	98.6	82.9	69.1	65.4	60.2	65.6	62.2	69.9	57.4	44.3	40.6	60.7	35.7	21.6	28.5	21.1	29.4	46.6	59.1	50.8	44	29.6	25.1	24.7	24.7	23.2	24.9	27.7	33.8	24.6	22.3	19.2	16.8	16.7	30.7	20.2	26.2	92.6	94.2	39.4	43	45.4	59	25	26.5	32.9	7.42	24.7	39.1	88.8	122	88.8	104	143	190	220	293	201	154	112	156	174	189	171	129	104	121	126	80.6	50.5	42.5	40.7	42	24.1	33.8	33.8	42.6	24.2	38.2	56.2	68.9	83.9	85.2	83.2	81.5	133	116	98.1	102	104	99.4	96.1	131	98.5	92.3	101	127	91.4
120	105	133	85.7	81.1	81.8	63.4	57.2	62.2	102	120	183	187	220	186	263	188	166	165	176	131	112	104	80.9	51	72.4	65.3	62.6	74.9	79.8	74.6	68.1	54.2	49.4	32.9	24.3	25.9	16.1	16.6	26	21.9	46.2	41.9	19.4	24.4	29.9	33.5	29.3	25	32.8	46	29.1	22.9	19.4	22.2	24.1	20.2	24.9	28.8	34.6	88.3	35.4	32.9	36.1	22.1	16.9	10.9	33.6	30.5	20	51.7	116	168	144	162	223	162	179	194	153	132	113	159	181	160	141	125	104	84.5	101	85.1	36.3	52	46.3	48.8	26.1	19.3	25.5	19	16.5	16.3	23.7	39.1	42.6	53.8	47.8	68.2	93.3	90	90.1	77.3	81.3	80.2	71.2	84.1	69	67.2	83.4	79.4	76.1
109	97.8	110	95.1	79.5	78.9	66.5	123	138	138	128	178	181	186	181	254	183	149	142	118	81.5	65.8	85.6	81.7	46.9	64.5	77.4	60.7	72.8	73.3	79.6	83.2	60.5	48.6	63.2	52.6	34.5	23.3	20.9	7.68	8.7	41.4	18.9	7.52	18.9	35.6	43.5	33.5	28.3	31.6	52.4	30.1	14.9	21.2	30.9	20.9	21.7	15.7	16.3	64.9	118	59.1	35.6	25.2	76.4	30	9.56	35.5	27.4	24	56	99.8	110	130	161	152	107	94.2	159	95.3	99.2	117	216	191	162	178	151	112	117	166	158	118	118	89.4	84.4	40.8	16.1	11.1	17.3	9.78	4.23	5.46	11.7	25.3	35.3	31.9	45.4	58.4	41.8	33.2	27	47.6	58.7	54.9	64.7	65.7	71.4	58	46.6	45.3
129	111	129	117	84.4	120	128	152	165	160	147	166	165	178	187	217	196	134	128	95.4	58.3	52.9	70	71.3	48.8	63	79.6	60.4	75	92.3	104	114	75.3	52.9	50.4	48.9	34.9	36.2	24.5	11.5	12.6	30.8	22.1	20.7	48.1	55.9	46.3	39.7	41.7	28.7	28.5	23.5	14.3	20.8	18.1	17.1	6.71	5.39	12.8	34.9	25.7	41.9	28.7	34	17.6	54.8	28.9	21.1	11.4	23.2	15.7	41.2	76	60.4	79.8	84.8	74.8	94.1	138	108	150	189	192	229	187	211	172	152	146	153	157	82	114	72.1	80.9	42.8	20.7	24.8	16.2	15.2	15.1	19	15.1	22	22.2	13.4	10.8	22.7	25.1	27.5	14.3	36.2	52.6	46.2	49.9	49.2	30.4	41.4	71.2	65.1
108	97.9	113	113	77.3	116	130	139	157	147	144	182	144	140	158	166	195	149	122	78.6	50.4	48	49.9	41.8	56	60.8	65.6	59.8	72.2	122	124	116	87.6	55.6	27.2	35.6	42.4	16.6	11.2	12.4	9.53	22.2	27.5	27.2	32	43	40.6	41.7	48.5	26.6	24.5	26.5	22.2	18.9	13.4	9.95	5.15	10.3	10.9	20.1	25	33.5	47.9	31.9	54.2	70.2	44.5	14.7	19.7	24.9	13	39.8	51.7	53.2	53.6	74	80.7	107	92.9	147	160	159	173	200	181	152	270	163	138	111	139	103	104	106	99.5	63.7	46.9	24.8	12	16.6	27.2	42.8	7.71	16	17.2	16.1	13.3	8.37	12.1	9.63	12.2	29.7	40.6	31.3	42.1	30.6	45.1	50.7	79.5	97.6
96.9	87.8	101	107	88.9	106	131	169	134	139	117	153	168	127	128	164	181	120	107	79.9	53.7	50.8	45.8	43.5	50.2	59.8	83.7	74.7	79.6	84.6	90.5	87	61.5	35.4	22.3	22	14.8	11.8	8.16	10.7	10.7	23	26.9	21.8	16	39.5	50.6	43.7	50.3	27	25.5	21.5	16	12.2	9.67	9.51	16.1	11.1	14.8	26.5	29	19.9	53.2	27	34.5	37.1	45.4	63.6	63	47.3	57.2	34.7	37.8	45.1	74	53	91.9	139	152	147	175	171	184	203	199	201	165	157	187	137	136	87.5	133	131	95	65.9	52.2	44.2	41.4	32.2	30.3	20.7	17.7	13.3	8.7	13.3	6.15	10.9	8.7	6	3.96	16.2	24.7	13.1	14	37.1	54.6	53.3	40.8	63.5
90	97.2	96.4	95.7	86.4	121	147	189	180	177	131	114	127	156	135	102	119	113	91.5	55.3	41	42.1	40.3	41.1	46.8	49.2	50.5	73.8	76.2	94	72.1	74.7	57.8	35.9	28	14.1	11.6	10.5	16.5	14.3	17.2	25.4	20.6	15.6	23.1	24.8	46.7	37.7	38.8	30.9	19.4	22.8	14.8	15	9.23	9.08	13.1	13.4	12.2	11.9	33.2	73.2	55.2	49.5	31.6	5.97	28.1	68.3	45.4	79.3	44.9	2.48	30.6	62.8	69.4	119	191	184	232	195	268	320	341	213	191	191	182	188	167	135	125	122	96.3	161	95	85.9	48.6	81.4	77.8	71.2	48.3	31.7	19.3	14	2.25	9.69	7.29	20.3	17.6	10.9	2.79	10.4	0.3	13.4	16.5	25.9	14.5	28	37.4	40.3
76.4	105	78.1	84.7	74.1	96.1	145	166	139	111	122	110	101	118	171	137	135	146	129	78.2	89.2	70.1	53.5	49.5	44.7	48.5	55.1	116	120	98	59.9	62.2	53.5	32.5	19.7	21	17.7	22.9	28.5	44.2	54	27.5	26.8	35.9	34.8	36.3	36.4	29.8	42.6	25.7	16.5	21.5	17	15.9	11.3	9.93	14.5	13.8	13	2.01	2.58	43	59.5	40.9	37.8	33.6	63.4	43.2	61.5	132	41	35.2	74.6	92.8	177	199	175	211	218	242	265	301	284	182	163	199	188	158	149	107	152	137	143	146	91.1	94.4	60	47.9	69.7	73.6	65.6	39.5	24.2	19.9	4.38	4.83	8.73	9.09	7.02	3.27	3.93	0.45	5.7	12.6	5.49	15.1	9.84	18.4	28.3	28.2
77.9	85.8	83.8	83.8	91	93.3	131	159	168	118	96.4	120	125	141	152	153	155	181	154	105	73.3	64.7	55.4	39.7	56	80.6	80.3	117	139	104	73.6	65.9	60.9	52.9	46.5	29.5	30.8	28.2	27.6	29.2	32.6	40.5	62.4	84.4	53.7	35.5	21.1	26.7	33.4	23.2	15.3	12.4	24.5	13.1	14.7	22.2	15.9	21.6	12.7	24	1.7	9.38	18	34.4	34.7	51.5	130	95.8	72.6	41.2	24	32.7	31	50.3	74.5	67.2	93.5	134	161	184	211	234	198	154	141	145	128	104	87.4	96.8	179	208	154	141	111	98.3	78.6	66.5	67.7	60.2	75.5	66.6	44.5	28.3	15.5	3.93	7.71	16.7	6.12	5.79	4.17	11.1	27.5	42	18.7	11.1	12.2	7.23	12.9	16.6
91.2	83.9	92.6	85.4	139	175	134	171	175	117	116	132	148	176	157	145	130	141	143	101	85.2	70	76.1	51.2	52.2	80.9	87.4	86.7	70.6	90.8	90.5	66.9	58.2	53	46.8	37.9	35.1	27.6	30.5	29.4	32.6	26.6	84.9	98.9	52.9	32.5	22.2	26.6	28.6	22.3	13.3	28	38.3	22.1	20.8	25	41.9	25.6	38	36	2.39	25.9	25.3	49.2	27.4	47	63.1	103	87.6	30.8	12.3	2.05	8.19	18.5	31.9	24.4	47.4	39.2	45.7	102	156	249	211	133	161	163	156	133	92	78.8	123	175	128	105	83	85.9	103	66.9	52.5	47	37.9	42.6	74.2	65.6	35.9	24.2	15.8	25.3	20.4	10.5	14.5	28.6	37.3	21.9	4.98	0.66	10.6	4.77	4.05	6.6
114	96.2	108	106	108	123	115	173	207	152	162	217	184	190	163	152	135	158	153	110	91.8	94.1	84.2	73.7	58	74.6	84.7	92.5	70.1	54.7	46.5	47.3	47.5	42.4	61.9	48.8	33.3	26.3	24.1	21.1	25.9	28.6	41.3	70.7	51.6	53.8	41.1	45.9	39.2	24.2	27.5	28.8	39.4	34.9	16.3	61.4	80.7	59.2	97.9	41.3	24.8	25.9	18.5	37	37.3	39.2	50.2	28.6	15.4	5.25	5.87	7.77	38.1	7.34	3.71	7.4	59.5	101	50.1	109	180	204	112	113	120	139	121	87.7	78.3	69.3	67.2	87.1	87.1	83.2	71.3	87.2	74.1	118	92.6	45.6	25.2	18.3	41.2	52.1	46.8	35.7	30.1	34.2	19.5	7.14	21.2	15.9	7.83	1.5	1.89	10.6	5.76	0.42	0	3.3
123	129	182	135	121	180	147	189	225	177	186	198	152	191	180	175	174	163	164	121	104	102	94.1	102	86.7	90.3	79.7	91.8	84.7	69	55.4	55.6	43.7	49.4	56.5	56.2	28.6	18.5	14	23.1	18.7	19.2	28.6	47.1	61	84.2	43.4	38.3	51.6	33.2	38.4	74.6	65.8	44	94.3	70	106	124	98.9	46.2	30.7	24.1	11.6	23.4	31.1	24.8	29.4	2.14	4.37	8.11	11.1	16.9	35.7	29.4	18.2	16.6	41.1	61.3	70.4	69.7	120	147	162	128	119	113	132	85.1	98.7	90.5	68.2	110	115	116	136	182	208	147	133	52.6	39.1	13.7	17.9	37	38.4	27.7	36.4	36.7	19	10.4	1.47	3.3	12.2	0.45	1.2	2.04	0.06	0.54	0	2.19
105	127	187	171	204	199	160	156	197	179	171	149	164	197	184	154	188	178	150	108	111	98	106	116	114	80.8	74.1	89.1	100	93	70.9	79	68.2	64.4	70.8	73.3	41.3	29.3	25.5	23.6	22.9	23.8	29.6	36	57.8	55.2	50.4	45	57.1	59.1	55.8	104	96	76.7	77.4	94	138	141	110	25.3	23	44.5	46.1	34.9	16.5	19.5	17.8	7.71	11	22.4	7.04	37.8	6.47	6.23	11.6	3.11	17.5	22.3	24.9	70.1	117	135	135	99.6	81.2	79.1	94.8	84.9	84.8	71.1	101	92.2	98.2	117	123	181	224	140	121	72	40.3	30.2	30.7	32.5	33.4	23.3	21.9	23.7	20.6	11.4	0.96	1.17	4.35	1.2	1.65	0	0	0.81	1.74	0.18
146	164	162	181	241	226	236	187	192	164	159	148	155	183	193	168	160	170	155	105	98.5	81.1	89.7	118	88.8	67.6	64.1	90.9	113	115	94.4	80.4	69.6	80.9	88.9	96.2	58.9	44	38.7	35.6	29.8	27.6	28.7	40.5	36.5	41.6	38.4	36.1	59.9	76.1	67.5	110	110	84.4	73	158	161	125	65.2	35.8	22.2	3.97	18.4	37	29.8	12.2	8.13	32.8	36.6	46.3	20.8	43.4	47.1	31.7	6.74	2.36	14	41.3	34.3	50	87.8	129	278	143	80.6	50.1	63.1	72.7	93.2	80.3	126	120	140	174	147	181	198	132	109	52.7	50	35.9	36.9	51.5	58.3	33.4	19	9	6.24	12.1	0.54	1.26	1.62	4.26	0	2.4	0.33	0.39	0.9	4.89
216	188	141	198	253	278	309	242	212	166	135	155	190	199	170	187	171	194	195	130	110	91.2	99.9	96.9	84	70.9	75.1	90.8	98.6	107	77.5	62.4	65.5	58.8	83	126	76.5	36.2	29.4	44.5	32.5	32.7	30.5	37.2	31.3	39.7	45.2	40	78.3	92.5	70	109	129	103	65.9	126	135	65.9	32.8	19.8	8.88	13.9	28	41.2	37.9	21.9	41.4	139	169	46.9	35.3	76.3	84.4	39.4	12.4	7.58	17.5	27.7	44.3	61.2	57	61.3	118	82.2	74.3	93	74.5	79.4	84.8	98.6	112	112	93.4	111	113	126	115	127	129	104	97.7	81.3	79	81	71.4	48.3	40	21.6	17.5	11.9	11.1	0.12	0.12	1.56	0	4.8	0.39	0.9	0	12.9
214	220	239	273	255	255	284	333	283	213	241	191	212	216	201	199	159	140	132	116	117	108	107	95.9	80.1	75.5	80.8	98	120	82.2	66	87.4	81.6	47.6	48.6	71.3	97	68.4	24.9	37.4	34.5	39.3	34	32.8	44.5	56.8	48.9	59.6	62.6	66.1	64.9	91.1	134	149	88.4	134	73.8	53.2	26.2	22.1	33.1	34.3	21.8	38.3	86.5	115	149	96.5	48.3	20.5	36.2	59.9	41.7	22.4	32.4	33	22.7	44.3	51.3	77.9	80	63.5	59.1	82.6	125	108	110	73.5	82.7	108	103	60.3	62.7	84.4	115	159	122	99.6	94.8	97.9	94.6	84.8	77.4	70.8	60.9	48.5	39.9	27.8	16.3	11.5	11.2	0.21	0.42	0.27	0.78	8.34	2.22	0.06	0	0.15
221	267	268	317	322	327	307	350	287	247	240	205	194	176	233	266	192	145	125	92.2	90.5	128	123	99.3	85.1	77.3	76	92	96.1	87.2	79.8	101	83.6	59.2	60.9	47.5	74.2	49.2	46.4	44.5	38.9	40.2	47.1	59.9	73.8	58.6	42.1	66.7	64.3	50.8	51.4	86.9	148	139	106	78.7	48.9	61.8	62.8	47.9	62	51	55	54.9	48.6	95.2	177	68.7	57.6	47.6	46.1	38.9	32.9	38	41.5	31.8	35.2	41.1	24	45.1	70.5	62.7	66.9	64.6	112	115	112	79.7	90.4	101	91.8	72.3	140	141	168	194	191	148	116	115	115	104	95.6	77.2	69.4	63.8	56.8	28.4	15	11.2	11.4	0.48	0	0.24	8.73	3.93	1.41	0.27	0.54	0.42
277	305	358	317	306	476	449	406	320	260	277	229	174	195	209	149	179	173	140	95.6	83.3	102	93.4	86.8	93.5	85.1	93.4	86.9	83.3	66.9	80.7	115	86.4	69	71.5	51.2	64.7	64.7	69.7	55.3	47	51.6	55.8	78.6	105	60.9	39.3	62.3	68.7	49.4	55.5	110	165	167	79.8	57.1	52.8	71.1	29.4	56.5	70.4	74.1	87.9	159	81.7	71.4	61.7	59.6	81.2	111	87.9	74.2	124	97.1	108	54.9	40	41.1	21.2	30.2	57	65.4	71.5	63.9	92.4	84.2	77.8	68.2	94.5	110	103	173	193	188	176	228	279	228	134	120	134	174	127	99.5	85.6	61.6	49.8	23.6	17.6	13	11.9	0.568	0	0	1.74	6.18	0.06	0	0.06	0.48
327	348	376	371	356	399	400	324	317	282	310	279	264	187	210	151	205	139	149	118	84.8	103	110	105	86.5	93	106	102	86	71.4	73.4	103	116	118	119	79.2	55.5	91.3	92.3	71.4	57.5	67	70	69.4	63.7	42.1	41.6	49.4	60.6	54.7	55.7	55.2	65.9	55.6	31	48	33.4	37.8	25.3	37.5	50.6	67.2	90.9	77.2	102	115	87.7	68.3	115	122	162	84.4	68.9	80.5	99.4	44.4	32.3	34	32.2	33.5	50.5	62.1	66.3	90.8	63.9	44.8	46.5	63.8	149	144	176	282	306	286	290	243	316	214	146	160	202	197	170	132	92.6	70.3	57.9	31.2	20.9	13.4	11.2	11.5	10.9	7.54	8.22	11.9	12.2	13.7	13.7	0
312	351	322	355	383	308	298	296	275	277	298	306	261	261	238	216	152	127	157	110	91.3	119	124	116	103	88.1	93.6	79.1	73.6	81.7	99.9	154	150	155	171	113	84	105	98.8	89.1	90.6	96.1	85.4	78.1	63.6	59.8	54	50.8	64.7	59.4	65.6	51.2	48.8	45.6	30.1	38.1	27.6	36.9	49.2	54.8	68.3	79.4	68	103	109	233	110	107	144	139	102	79.1	50.3	70	75.1	66.4	49.2	39.3	36	32.6	38.3	57	70.6	63.9	53.7	30.7	24	31.8	83.3	113	125	115	182	223	149	202	305	220	156	176	201	224	194	155	118	99.4	83.7	46.9	29.9	20.7	15.2	14.2	11.5	8.92	8.07	14.3	12.8	13.7	13.8	8.07
318	325	331	431	383	290	289	356	330	338	325	338	278	256	248	225	166	173	222	149	106	110	115	132	124	91.9	101	102	77.2	88.7	131	184	171	134	155	174	131	115	102	93.1	92.5	110	98.8	75.9	75.4	123	89.2	64.2	81.2	72.1	70.9	60.9	55	54.1	41	53.1	49.8	61.2	59.3	81.8	85.4	81.2	80.9	96.4	81.1	103	95.7	108	220	187	46.1	38.1	31.9	62.1	68.4	55.4	39.5	36.4	36.5	34.4	47.6	66.5	32.7	18.8	39.6	33.3	27.9	43.8	75.8	99.1	105	116	170	197	151	183	207	194	156	219	228	310	261	190	143	108	100	67.4	55.4	41.2	27.2	18	13.3	8.69	8.71	12.4	13.7	15	15.4	0
291	261	304	449	367	324	239	268	383	392	374	401	310	274	265	257	198	175	209	149	117	112	117	116	102	97.4	98.3	115	113	112	127	169	127	125	158	155	129	105	88.9	88.9	95.5	104	114	87.2	94.4	108	98.5	80.6	74.6	86.1	92.7	71	76.5	70.2	60.3	66.3	61.8	88.8	95.6	98.2	86.2	72.7	69.4	92.3	88.9	103	92.3	86.2	75.7	59.6	34.3	36.9	32.9	54.8	63.5	60.1	70.2	95.9	51.4	30.2	27.6	28.4	29.7	17.9	35.4	37.3	53.9	70.5	91.8	100	91.1	103	159	192	144	217	203	205	193	251	288	289	252	194	165	119	92.3	69.1	59.9	37.4	24.9	18.4	14.2	13.9	12.4	14.5	15.2	15.9	16.2	0.05
303	292	344	431	461	354	269	270	301	254	283	351	250	268	254	238	205	155	156	150	124	105	112	130	114	121	126	138	153	119	142	135	124	133	149	159	129	124	120	108	101	111	105	101	108	106	97.2	104	96.3	99.9	87.1	87.5	97.4	93.7	74	67.9	85	92.4	108	102	94.2	78.6	93.5	138	133	108	99.3	47.1	87.1	100	45.2	50.6	37.7	108	63	67.9	89.9	87.3	33.9	30.1	27.7	28.8	35.9	46.1	42	53.5	92.4	111	126	107	79.1	124	124	160	238	189	178	222	266	240	294	338	259	233	176	133	112	116	99.7	126	89.3	34.1	23.3	20.2	15.5	18.3	16.9	17.4	17.2	12.8
291	321	349	420	408	317	292	283	256	212	180	191	216	258	307	262	235	187	173	143	153	158	170	151	124	113	97.9	142	170	181	188	150	137	157	153	146	133	140	162	143	123	118	117	130	146	147	119	124	146	105	95	83.2	90.3	75	82.9	84.9	105	118	121	140	94.3	79.6	117	165	147	101	101	58.8	74.8	86.6	54.1	53.1	46.1	71	58.5	58.3	57.2	38.2	33.9	34.6	32.2	37.3	38.4	44	50	61.8	85.1	127	127	110	71.4	87.3	123	137	217	178	178	229	306	254	280	333	267	240	190	157	134	111	95.9	66.5	56.4	45.6	24.6	21.5	15.9	19.9	18.3	19.1	18.1	15.1
364	356	339	394	354	357	296	296	304	264	212	249	233	221	251	268	257	219	217	176	165	171	173	155	107	85.7	73	107	182	181	190	167	166	187	154	130	150	154	154	134	128	135	135	129	144	161	140	133	137	122	97.4	111	91.4	78.7	75.6	81.3	109	124	111	112	106	93.3	138	167	213	113	96.1	58.3	83.4	69.9	47.4	49.3	43.1	62.4	73.8	65	50.8	46.7	37.7	46.9	58.6	50.2	46.7	45.4	45.2	47.4	65.8	77.7	84	83.7	72.1	90.8	123	90	167	166	174	203	221	234	316	321	265	230	202	162	121	85.3	77.1	60.7	63.8	50.6	28.2	25.6	23.8	28.1	54.2	43.1	30.3	20
363	357	317	376	423	375	373	355	330	312	233	233	215	212	220	194	213	189	218	225	212	185	148	136	94.2	77.4	80.6	111	162	183	191	193	195	203	165	138	155	154	143	148	142	157	154	151	153	150	143	122	118	145	116	82.4	90.4	88.6	96.8	107	102	96	106	121	113	96.1	149	219	194	146	105	115	102	79.8	60.7	70.9	58.6	46.4	73.5	136	72.7	46.2	35.3	61.1	66.5	56.6	54.8	71.3	87.7	87.4	80.7	72	86.3	101	118	128	117	108	149	162	160	181	188	198	250	239	234	229	201	157	134	97.3	80.2	52.5	56.6	50.5	32.9	29.8	29.5	34.9	50.9	78.9	53.8	58.9
368	437	406	458	553	446	424	369	342	289	235	238	227	202	209	197	177	182	211	242	185	177	153	125	103	99.1	116	166	166	179	210	211	197	202	169	158	176	185	169	162	154	164	141	131	144	138	133	140	126	111	110	92.6	97.7	108	135	94.7	96.1	87	108	150	124	119	91.3	129	153	159	164	145	99.8	74.7	50.5	92	95.3	82.7	122	168	127	71.7	51.7	84.6	83.9	79	83.9	74.4	88.3	93	90.9	85.9	101	112	137	132	106	106	130	121	114	142	138	177	248	251	247	243	221	159	121	116	107	101	84.6	64.7	57	45.8	47.8	47.9	45.5	81.1	64.2	60.3
347	388	464	474	500	424	429	410	363	285	274	239	243	232	255	186	194	197	193	232	182	152	165	150	149	173	175	201	214	192	198	210	211	238	232	188	184	195	182	162	141	166	138	114	129	146	137	137	148	106	94.3	62.7	74.4	110	125	105	85	82.1	78.9	111	137	162	137	231	206	203	236	126	87.8	68.9	72.7	115	177	124	91.5	85.6	87.4	75.1	102	135	124	85.7	86.9	82.8	64.8	73.3	83.6	70.7	91.8	101	97.2	121	102	104	112	118	123	132	156	211	219	209	212	181	162	134	116	147	121	110	134	95.2	70.9	49.7	60.7	62	65	75.5	85.7	74.7
307	367	445	501	454	395	394	359	375	382	294	244	249	245	198	185	184	204	215	227	194	169	206	195	202	207	181	221	222	194	187	189	184	206	215	198	167	161	153	154	146	157	122	130	133	143	135	150	133	110	96.7	63.3	62.4	107	141	144	131	85.2	86.3	129	199	142	113	295	331	226	203	93.4	81.5	81.3	105	121	147	122	90	66	61.1	65.5	88.4	112	111	93.4	97.8	93.6	84.3	87	67.6	66.7	72.3	92.5	99.2	114	114	136	133	131	149	142	153	179	210	245	200	148	149	158	129	117	135	120	160	79.4	81	63.4	60.3	77.7	72.1	69.7	64.6	65.4
378	367	419	472	424	363	368	392	412	383	337	269	250	244	223	183	181	209	223	211	198	190	203	206	212	200	184	258	223	181	164	178	169	199	218	198	196	172	142	147	134	121	126	120	130	160	161	146	153	130	121	102	96.3	93.9	103	134	128	98.8	105	113	152	131	111	242	255	204	162	83.3	90.3	98.8	89.7	120	132	145	124	87.8	88.7	61	55	67.1	90.1	107	121	121	94.6	86.4	82.7	71.6	73.7	97.2	116	155	158	155	133	137	136	170	169	159	194	201	174	121	166	163	159	139	142	146	141	129	95.4	73.9	67.7	70.7	104	78.2	70.5	65.4
397	424	408	481	458	381	366	370	409	410	387	362	283	246	253	201	201	204	208	203	207	207	219	204	212	219	226	227	229	187	166	158	149	161	194	192	173	155	139	138	125	126	118	147	156	206	178	153	163	163	151	126	99.5	103	102	81.3	95.7	102	118	97.3	78.3	68.6	85.9	103	182	168	97	99.5	110	102	94.1	122	185	143	109	91.8	67.7	52.9	46	53.3	45.3	66.5	87.3	67.8	55.3	69.6	80	61.6	71.7	78.2	102	141	149	129	128	133	133	149	144	132	166	155	172	150	148	181	163	145	138	149	152	153	118	102	69	91.3	118	82.9	79.5	71.7
370	433	403	427	396	360	380	368	418	407	357	328	358	290	261	226	222	203	200	197	208	245	219	231	227	226	214	244	270	232	210	178	196	151	181	216	185	146	139	134	122	126	127	163	160	179	166	148	175	180	172	141	113	138	120	111	127	133	154	122	83	79.3	124	120	126	135	137	132	139	137	117	159	189	178	126	128	122	79	52	63.6	66	53.1	56.4	69.4	77.3	66.8	72.6	72.2	74.5	91.7	111	130	147	132	143	170	126	146	141	137	146	145	138	143	132	131	154	141	155	131	157	113	116	98.3	102	109	114	81.9	71.7	79.2
375	402	392	408	354	293	394	353	381	358	343	330	307	318	298	265	241	226	221	234	262	230	200	220	259	273	269	256	244	216	205	200	201	175	206	224	192	157	138	152	149	150	145	168	181	155	172	152	160	194	208	164	140	130	152	122	125	132	139	134	94	74.1	66.3	87.5	81.4	82	140	135	143	228	166	223	240	273	233	172	147	93.3	70.7	60.8	94.1	91.7	90.8	103	90.7	74.1	77.3	106	76.8	79	113	113	102	108	132	170	141	154	148	137	145	156	153	252	218	121	133	175	167	110	99.4	88.1	88.7	84	78.9	102	122	83	74	81.6
361	380	352	321	344	310	353	353	348	316	360	334	304	304	273	236	239	245	231	259	254	210	190	248	235	247	268	258	229	200	178	196	178	216	206	224	215	175	153	158	184	175	161	184	182	161	199	165	187	213	226	196	214	149	147	124	145	134	153	117	111	93.5	75.3	104	74.8	77.3	82.1	124	154	231	286	233	215	245	238	189	140	145	103	66.2	104	184	186	132	104	74.9	90.4	91.2	72.5	95.3	112	96.3	87.2	97.4	115	133	173	158	144	171	199	213	230	257	208	146	157	133	122	142	121	82.5	75.1	83.6	75.1	73.6	72.8	69.9	69.1	74.4
302	276	248	273	370	390	392	362	328	293	344	322	314	298	279	259	251	250	228	250	279	273	242	267	270	326	355	331	221	181	149	147	172	191	223	272	236	220	189	191	194	153	138	157	159	169	234	207	229	216	237	199	202	170	168	134	141	160	120	99.4	195	182	104	80.4	75.4	54.7	59.6	104	129	202	241	210	180	147	232	148	134	151	164	109	88.4	169	242	141	81.8	53.9	78.3	99	83.9	80.4	85.4	81.9	96.5	93.7	94.3	159	158	114	125	134	184	215	233	238	146	130	109	111	96.9	103	107	89.7	73.8	62.1	54	60.2	56	53.4	53.7	61
322	277	265	293	390	435	460	345	318	327	347	316	339	308	264	255	237	255	226	249	263	276	270	275	302	309	331	292	214	219	169	156	190	232	215	215	214	218	188	250	251	177	143	195	210	161	198	251	216	216	206	218	225	226	207	218	168	132	132	108	179	154	110	91.9	88.2	52.8	67	116	132	138	226	230	173	117	136	222	244	240	174	112	97.3	111	152	114	70	59.7	88.2	96.1	129	106	97.9	102	107	90	117	119	106	104	137	132	161	223	241	239	129	133	112	110	92.4	72.8	69.9	86	72.8	52.3	46.2	53.8	54.1	52.6	48.8	53.5
336	324	306	310	333	358	386	307	277	311	295	303	327	315	266	273	253	260	242	241	274	287	278	271	342	335	287	275	254	248	231	193	220	240	249	234	247	204	194	217	225	221	190	204	200	199	186	285	278	184	226	290	289	313	273	247	197	179	159	133	161	132	80.9	89.4	120	64.7	109	176	183	177	165	215	204	154	146	179	195	214	160	77.6	59.5	114	190	137	126	91.5	94.1	112	134	130	96.3	137	103	105	153	140	111	113	128	163	220	219	190	156	123	130	146	125	121	84.9	70.8	69.6	61.5	57.2	52.7	63.2	61.5	51.8	47.1	56
290	328	288	302	329	346	357	309	307	303	296	292	325	311	277	273	264	248	255	254	252	264	292	297	322	366	279	298	244	260	281	229	234	227	214	296	296	230	272	289	297	219	237	223	222	218	199	202	226	205	268	275	279	344	291	247	270	300	259	223	181	132	101	87.9	91.2	106	151	151	158	175	160	170	185	192	224	172	172	161	164	108	72.7	91.6	180	134	153	132	141	129	154	143	145	151	122	129	140	165	122	140	141	164	204	173	172	167	148	177	180	130	92.3	76.5	73.9	76.2	60.2	50.4	48.9	57.9	58.9	53.3	50.2	63.1
310	277	262	272	304	293	354	367	316	291	287	330	342	333	272	232	260	254	263	267	303	303	300	272	282	331	308	317	270	235	264	241	244	211	269	330	341	255	276	285	277	231	237	256	307	194	179	148	171	214	239	247	286	252	245	257	275	215	212	184	208	162	117	112	121	140	158	131	125	121	98.6	103	120	109	151	292	146	81.1	138	98.8	63.1	41.3	52.8	74.7	93	154	145	119	138	107	137	162	145	129	180	127	109	126	151	172	179	180	188	224	286	240	166	141	106	95.5	80.9	74.8	57.9	54.6	44.8	53.9	51.5	43.8	52	79.7
306	288	278	297	282	283	310	326	278	277	298	338	346	309	248	254	310	260	266	265	260	238	282	262	291	328	392	372	335	287	305	253	259	256	255	279	335	253	244	239	275	355	303	244	202	146	181	211	230	238	203	212	237	256	272	268	241	193	238	196	203	183	174	194	141	224	138	153	130	129	90.1	80	138	118	125	157	171	123	172	116	78.8	81.6	80.9	93.1	120	137	125	140	142	114	113	173	152	155	146	107	163	141	191	199	185	206	216	248	296	188	155	138	113	108	94	72.4	66.1	62.4	70.4	73.5	57	49.6	57.5	70.4
264	308	301	280	268	277	284	271	230	272	285	290	302	311	246	235	275	270	296	243	236	231	249	295	324	327	431	380	372	325	392	302	284	283	284	280	223	234	208	218	240	261	231	251	242	152	171	193	179	173	179	203	236	240	227	271	199	190	191	196	218	180	195	240	244	298	229	205	162	125	103	106	121	114	103	125	181	195	203	134	110	140	124	131	149	157	134	143	181	164	131	159	159	143	125	116	196	154	196	231	208	179	177	242	247	172	132	128	116	110	104	86.2	96.8	89.6	84.1	92.9	78.8	69.2	58.8	63.9
284	340	304	281	247	253	247	213	240	262	245	325	343	344	268	240	280	283	313	256	239	228	214	229	322	321	354	323	331	390	378	365	335	304	278	312	290	258	251	214	209	222	237	207	302	174	170	225	194	151	171	206	216	210	191	205	180	166	192	201	198	166	201	243	253	261	219	177	185	155	142	160	163	133	134	147	133	183	214	170	192	173	208	175	134	166	161	157	201	282	167	191	146	135	155	163	182	166	203	234	204	196	164	172	195	191	164	161	134	118	111	94.7	98.8	103	89.7	82.9	81.2	91.7	78.5	80.9
283	335	299	282	254	269	229	205	237	249	269	304	359	307	283	260	264	293	289	258	237	252	233	210	266	308	347	339	354	351	385	344	315	272	234	293	334	271	289	243	224	222	205	210	240	227	201	191	197	164	159	145	188	260	230	173	145	184	173	215	221	244	230	205	201	302	284	224	232	246	202	240	189	180	148	198	168	165	167	176	185	192	269	184	126	115	109	107	157	304	195	174	174	123	164	202	188	149	149	184	210	207	185	182	191	233	197	183	148	130	111	126	131	91.6	72.2	95.9	104	107	103	103
254	257	277	260	223	252	233	213	233	281	284	312	338	304	304	287	309	312	315	256	228	234	260	272	282	341	389	384	372	317	341	346	333	284	250	277	283	314	263	241	233	229	203	206	302	265	264	237	225	204	231	205	215	214	267	173	205	167	180	188	239	275	282	194	194	204	246	315	290	205	199	219	239	208	148	152	203	204	183	185	199	221	245	199	159	148	144	123	104	157	193	179	170	152	159	184	181	177	179	207	213	188	173	183	174	197	217	222	177	166	121	116	169	111	87.8	107	123	135	120	99.5
239	227	236	217	222	244	243	230	244	246	264	293	282	272	323	345	362	332	304	318	242	264	283	356	337	352	406	335	303	302	370	330	336	282	220	279	287	304	348	284	248	238	227	207	258	263	226	213	184	207	265	218	285	186	258	251	201	189	186	171	192	211	234	267	243	184	239	290	222	201	242	251	255	203	141	148	163	248	219	199	241	241	223	169	148	154	162	146	118	168	179	187	209	171	161	189	165	204	224	220	217	212	210	219	190	194	206	214	201	184	141	120	125	130	149	159	120	109	119	110
241	224	232	246	236	265	252	235	244	240	259	259	255	254	284	354	359	337	335	347	309	284	278	314	310	295	365	337	305	258	274	271	330	258	222	274	284	302	351	333	251	251	238	247	262	308	242	194	188	216	203	183	268	233	210	286	257	228	195	154	152	165	226	220	215	276	221	200	197	270	326	318	239	162	125	151	158	201	220	196	172	189	188	145	122	132	179	163	134	137	216	193	176	238	173	164	148	180	220	218	254	249	235	251	204	189	226	223	241	214	175	154	217	195	159	151	133	124	101	124
275	203	220	242	273	258	229	214	228	241	246	267	282	256	279	336	332	298	320	361	314	325	295	287	285	267	267	243	270	246	248	248	281	269	265	279	283	285	310	289	247	230	238	246	242	238	221	201	234	243	251	256	298	252	232	243	245	295	243	163	154	147	179	226	246	236	208	192	238	213	237	216	202	170	146	148	161	177	199	193	229	186	146	158	148	142	171	178	187	136	118	173	225	246	221	157	166	155	200	219	235	206	242	278	236	218	223	209	221	270	203	227	275	225	181	152	157	150	135	134
236	238	214	243	237	259	229	223	263	272	242	244	254	230	284	298	312	301	294	361	307	254	239	261	281	248	231	201	231	233	255	237	245	285	317	304	273	271	275	277	256	233	217	214	207	212	237	214	246	265	259	267	301	245	211	202	235	267	217	144	129	129	156	224	228	290	217	180	246	269	203	173	198	183	149	101	100	136	155	164	186	167	207	174	167	174	152	154	174	144	142	174	172	223	207	159	154	190	195	247	235	221	249	244	270	233	254	253	235	255	247	207	207	218	166	142	137	135	159	142
192	256	276	246	219	264	308	248	256	282	246	252	247	254	263	239	278	305	341	313	257	228	253	254	278	300	270	218	190	209	208	197	210	274	297	326	281	252	240	249	243	224	209	207	203	203	248	293	228	230	221	215	252	237	227	226	211	295	228	179	130	113	113	191	205	216	216	188	218	278	237	168	164	183	162	117	121	167	156	165	187	162	222	195	168	195	214	159	204	226	211	179	185	177	184	178	177	236	241	209	188	195	233	225	297	265	236	320	249	268	222	216	174	161	133	117	139	189	180	137
198	266	228	225	211	258	294	330	259	262	253	283	278	236	228	213	225	314	297	238	240	229	243	250	240	275	245	218	206	230	215	219	223	260	327	267	291	248	233	228	220	198	188	222	226	228	234	246	235	258	205	193	222	236	220	211	204	240	186	177	166	117	114	162	191	191	202	191	221	264	271	191	166	189	222	174	161	196	224	193	186	133	182	197	168	236	185	160	274	303	330	233	205	158	161	170	213	230	248	231	193	240	236	235	268	297	236	248	240	231	197	189	179	193	168	155	144	189	213	112
199	241	194	202	240	252	351	334	299	273	290	284	264	266	248	237	223	291	276	244	237	261	251	268	249	245	239	223	213	231	247	254	231	245	279	287	280	258	244	225	210	209	195	217	229	269	257	237	228	226	240	210	192	250	262	235	229	207	203	204	167	116	124	188	213	272	255	236	221	209	207	203	194	242	245	208	176	210	205	210	193	197	221	203	236	279	195	183	247	270	224	208	186	152	134	144	174	219	235	191	234	215	210	218	226	242	224	190	175	159	130	175	213	185	187	140	143	138	120	69.5
235	237	192	206	242	354	486	304	303	292	260	228	258	268	295	247	245	275	291	237	215	260	299	241	245	245	230	214	214	213	229	312	253	215	196	208	225	234	229	204	206	207	203	189	176	190	217	183	201	237	182	152	150	203	229	243	239	234	210	241	221	167	208	245	286	338	331	260	215	207	184	195	206	251	273	254	198	231	234	238	235	292	204	215	350	323	213	202	242	210	182	199	185	146	138	141	153	171	238	231	191	221	220	215	214	209	211	192	189	162	128	155	210	198	186	140	125	144	152	88.2
266	250	167	190	183	199	363	299	279	274	241	225	253	256	282	269	282	263	251	231	225	231	241	211	222	244	217	204	207	225	212	207	209	180	162	195	201	231	235	214	212	225	221	199	175	193	191	143	128	171	146	147	199	157	212	216	254	235	180	250	277	304	302	277	295	354	370	288	229	209	186	185	202	210	213	230	205	209	224	221	222	286	214	271	334	400	214	190	225	234	252	192	181	153	122	143	150	138	159	148	170	173	179	193	199	181	207	229	206	176	138	151	203	188	138	130	104	113	111	97.2
206	167	153	136	151	149	206	249	284	286	275	267	283	257	241	284	313	280	249	222	229	215	228	197	197	217	235	210	205	213	218	213	176	156	174	201	190	202	210	202	196	201	202	200	178	197	186	136	132	166	188	180	203	218	192	228	257	225	185	261	271	288	301	285	276	297	319	284	279	257	218	204	210	231	234	263	183	149	159	231	201	258	218	274	378	377	221	206	282	338	251	190	140	125	124	130	155	149	135	175	158	162	161	179	179	182	233	276	277	203	145	175	222	214	131	101	75.1	98.9	130	99.2
167	146	134	145	145	141	163	200	214	242	262	245	219	207	217	215	241	244	224	205	208	194	184	208	209	215	227	225	198	192	202	190	188	176	171	152	192	177	157	133	148	174	183	200	186	196	154	159	177	206	229	199	239	215	223	251	230	220	209	227	276	325	295	300	268	241	273	245	303	290	278	203	209	201	190	176	159	132	145	249	212	213	205	324	458	465	269	254	333	402	274	171	120	114	110	115	108	92.4	109	180	167	124	114	133	144	179	238	283	284	205	168	172	171	162	133	97.8	70.7	98.5	90.2	87.4
201	169	113	114	119	110	141	177	185	209	237	250	215	198	196	177	179	196	224	202	190	192	206	219	218	228	254	223	220	211	206	202	214	181	201	174	180	201	134	142	164	185	189	192	225	209	188	178	188	183	198	218	232	232	195	247	236	219	231	232	259	259	248	284	202	219	252	290	283	210	247	238	188	171	165	163	179	162	154	204	221	208	208	265	323	342	294	293	289	299	256	179	120	115	124	101	96.9	88.3	78.9	88.7	113	91	85.3	131	186	220	213	206	210	158	160	187	186	139	96.4	119	114	114	83.6	78
217	184	137	103	94.8	107	144	212	201	209	220	200	187	175	186	180	159	150	182	181	178	185	214	226	247	251	244	235	218	230	204	189	208	183	183	178	206	217	150	124	139	200	216	244	255	223	198	214	172	172	207	211	214	235	220	267	330	224	212	190	162	244	198	208	208	226	241	239	248	198	189	201	180	164	166	166	188	175	151	167	222	209	206	253	260	236	282	330	323	292	301	150	151	186	194	119	106	90.6	94.2	89.7	105	86.4	80.7	148	220	247	261	179	155	139	134	183	188	132	123	137	119	107	72.9	65
239	175	142	128	119	115	134	190	226	230	230	210	178	165	138	164	172	149	149	160	181	187	212	223	236	278	279	253	221	201	196	194	190	180	181	159	189	199	165	177	145	192	210	238	222	181	157	163	160	179	211	213	207	243	269	309	369	328	264	196	169	204	194	178	199	256	334	235	251	207	181	178	184	165	194	167	196	181	163	195	239	226	246	304	274	192	212	220	279	300	274	182	172	158	158	125	108	92	87.3	90.8	97.3	115	77.5	154	208	288	250	206	172	159	149	222	183	169	162	129	89.1	92.3	82.6	68.5
242	232	207	193	155	151	163	198	216	231	259	219	200	202	182	168	170	177	183	173	186	195	201	228	250	277	260	264	215	202	205	219	197	165	159	156	166	153	179	157	162	160	168	243	219	128	131	158	160	178	181	209	236	262	294	320	366	337	331	258	200	212	218	189	212	220	273	257	227	215	181	186	191	187	207	201	189	204	161	209	252	269	244	278	247	230	283	254	255	258	266	198	166	180	179	126	104	95.7	90.1	100	94.4	91.7	94.5	124	145	170	161	188	198	169	146	182	181	166	159	121	99.3	80	76.7	69.1
288	320	329	268	251	208	192	188	220	244	271	235	231	194	197	179	162	170	183	190	200	206	217	238	250	253	260	256	194	182	230	237	260	197	170	191	218	160	162	164	184	185	147	216	205	171	158	156	168	160	171	202	231	236	261	259	332	325	327	272	229	180	196	240	246	219	244	279	289	234	211	180	175	196	219	233	196	191	171	189	232	225	223	265	294	325	424	422	315	294	291	226	203	170	132	129	121	113	118	85.6	77.8	85.7	77.2	108	145	150	159	185	197	174	152	173	160	156	138	119	104	92.9	81.5	72.5
241	285	297	282	258	232	209	223	226	229	260	261	239	225	218	202	195	196	216	211	225	224	233	262	232	259	276	263	200	184	208	223	235	224	173	171	172	169	166	188	242	189	155	166	158	205	191	182	151	147	174	177	198	254	244	256	282	255	273	262	241	224	214	207	227	217	211	225	264	285	239	196	194	202	218	233	206	167	156	179	260	205	243	309	280	283	351	365	351	346	359	269	181	143	124	104	132	136	99.9	65.9	63.1	63.5	70.3	108	122	133	152	168	193	160	146	166	153	139	127	142	106	90.6	74.5	97.3
199	275	315	294	256	222	225	241	225	251	260	241	252	260	248	239	243	240	255	240	259	221	195	216	211	216	241	255	217	201	191	184	194	184	170	156	178	153	177	177	177	172	168	193	181	165	164	174	180	194	198	217	218	258	262	215	228	266	229	231	256	246	257	237	215	232	210	183	204	226	220	209	283	246	243	211	243	189	209	219	177	157	208	267	246	221	304	297	295	297	324	259	200	122	111	94.9	96.2	130	122	98.5	72.1	68.7	84.9	122	121	142	138	147	160	171	196	198	146	133	144	138	118	97.7	77.3	93.5
179	202	233	214	197	182	170	166	169	156	197	207	232	246	241	232	241	259	252	241	236	212	205	231	238	214	222	240	232	229	243	225	210	201	193	184	197	184	206	208	194	189	183	192	239	218	209	231	218	235	226	242	243	242	235	205	218	213	225	286	304	331	428	269	257	236	205	190	226	240	212	251	292	264	235	251	271	202	159	157	128	145	174	188	153	172	188	275	273	214	226	245	275	148	134	94.4	94.9	127	149	121	89	96.6	101	149	144	177	129	156	171	206	243	188	148	160	147	148	129	108	101	107
174	164	190	201	200	163	157	181	160	152	172	207	227	234	251	241	241	254	251	231	239	234	220	215	232	205	198	240	245	243	261	231	235	216	206	204	203	190	206	216	214	203	172	162	176	198	267	283	225	213	241	241	275	229	207	188	206	196	223	337	311	319	347	243	221	212	232	185	206	226	220	229	270	219	197	179	250	235	117	153	149	132	132	171	145	148	177	312	322	213	192	193	187	202	266	122	99.5	145	123	101	123	129	133	145	149	145	128	156	165	170	219	182	158	154	164	164	147	114	117	124
167	161	157	147	138	131	147	205	226	208	216	217	242	266	288	231	235	233	233	238	228	213	222	236	205	197	203	224	247	237	256	242	231	220	211	213	242	239	241	246	230	218	186	159	162	156	218	289	296	235	203	209	214	199	172	161	205	162	171	325	387	353	326	228	255	231	212	218	211	234	253	184	194	216	194	179	146	150	94.7	136	130	127	132	147	125	124	184	268	263	256	204	167	196	211	278	128	113	127	135	107	95.2	134	154	155	140	124	127	140	135	180	171	202	174	152	186	164	161	119	119	115
155	162	151	135	122	126	135	201	252	291	324	264	269	281	275	251	242	238	232	251	227	205	201	233	244	214	212	214	220	247	256	232	216	215	217	231	246	256	249	260	226	206	193	168	183	160	202	312	362	242	227	214	203	234	183	167	191	174	182	265	321	259	242	239	249	245	222	224	228	242	240	186	195	179	166	159	163	139	119	167	140	121	113	126	113	131	208	207	281	258	246	139	141	138	232	163	157	167	133	126	82.3	141	154	144	164	138	141	161	182	200	185	189	181	151	163	141	144	114	113	117
134	164	184	157	122	111	123	159	194	283	322	289	261	276	252	249	232	208	199	223	221	220	229	230	259	246	262	251	227	240	247	221	217	226	222	235	240	241	226	282	264	227	223	223	202	177	181	300	329	264	211	217	213	226	220	179	175	190	232	209	272	298	255	239	250	274	254	243	267	283	275	217	208	200	190	150	167	169	157	170	156	129	115	117	122	140	172	197	258	246	192	170	130	142	229	194	183	224	192	150	94.6	110	131	134	151	147	149	177	166	216	187	179	165	144	148	141	121	108	120	113
125	128	152	150	127	98.6	98.7	85.6	107	171	265	254	274	294	296	295	271	223	201	219	217	198	190	214	247	249	231	232	217	219	238	218	206	222	226	233	230	220	222	250	272	268	236	276	223	226	180	266	253	253	253	247	237	219	224	224	203	206	209	241	306	278	211	189	205	278	273	256	271	266	248	213	209	219	215	167	234	169	157	170	143	129	115	125	140	141	163	220	194	177	168	180	140	147	176	176	166	232	155	129	117	125	126	173	167	142	143	151	160	186	157	196	185	165	176	144	107	105	117	126
130	124	137	126	114	116	95	83.9	87.8	132	200	205	222	242	276	328	383	335	255	225	217	195	179	181	202	220	210	209	200	213	215	205	198	203	211	227	231	215	209	243	254	237	245	260	235	195	148	228	210	227	222	223	228	230	243	182	173	195	215	212	329	340	182	176	191	208	266	273	317	253	212	200	230	241	200	174	207	160	135	172	140	143	143	151	155	156	163	193	174	154	151	156	134	144	137	124	121	137	151	131	111	108	128	155	162	153	141	149	165	188	155	178	155	184	181	129	112	114	116	127
121	126	122	120	120	119	122	95.1	89.6	125	138	158	145	173	177	204	240	294	263	232	207	197	183	181	188	225	226	201	191	200	217	216	209	197	190	191	197	190	191	193	198	218	233	270	247	178	147	195	224	173	183	146	147	195	213	223	197	191	188	150	199	257	228	179	208	190	193	254	293	235	194	185	234	237	195	173	159	171	158	173	165	156	172	182	172	159	175	198	178	174	147	158	157	143	168	141	119	112	141	121	102	94.2	105	118	136	145	146	160	176	172	142	151	157	162	155	135	130	123	120	134
111	104	114	114	98.7	104	105	86.7	73.2	86.2	102	114	100	100	110	136	152	194	196	212	185	167	158	193	215	248	284	210	203	205	211	240	218	199	195	200	201	204	197	190	200	199	236	257	195	174	209	227	228	180	154	160	159	200	168	207	213	174	163	138	152	213	171	195	206	186	186	242	270	237	213	208	221	218	208	158	212	202	158	164	170	189	192	188	178	175	162	173	178	176	171	187	157	167	210	189	134	145	169	144	132	122	122	128	138	135	147	150	148	143	139	152	167	149	134	110	106	100	104	118
99.3	107	106	98.7	94.9	98.4	90.5	84.1	84.9	80.2	98.4	105	97.6	93.6	98.4	102	113	163	186	154	144	142	130	181	229	254	242	196	182	183	191	211	199	186	188	209	213	212	190	184	196	191	211	267	208	191	181	204	173	175	177	164	156	217	211	165	204	203	174	181	147	182	221	198	215	190	212	220	220	238	230	217	195	204	210	180	182	171	119	154	156	181	192	173	160	164	181	181	195	182	183	196	176	156	169	136	146	151	142	136	147	153	154	156	158	138	150	150	145	134	148	152	158	140	122	109	92.5	92.1	106	124
89.3	90.1	104	93.9	82.8	83.7	92.3	96.7	91.9	82.3	90.7	81.3	89.6	100	93.8	88.6	95.1	133	159	129	123	111	116	184	238	249	237	198	172	175	174	182	177	174	181	190	214	236	195	187	191	194	183	182	179	162	137	145	135	152	154	156	157	186	232	212	234	225	195	209	236	178	274	210	225	206	238	196	203	212	218	215	210	201	238	222	210	187	123	160	168	186	194	164	142	167	173	184	192	207	195	214	206	154	153	180	178	138	134	164	154	160	152	161	161	149	157	158	153	149	152	156	166	131	118	123	112	116	132	125
80.5	82	90.7	83.3	72.3	63	85.7	91.1	79.9	85.1	74.8	74.3	75.6	80.4	76	83.7	87.6	109	134	147	144	127	131	196	251	253	229	184	162	179	175	170	169	174	184	188	191	211	200	167	167	166	165	167	155	152	151	157	121	117	133	147	161	147	211	206	227	290	281	260	269	235	246	205	278	226	209	177	183	249	239	178	192	189	217	222	200	219	131	164	173	202	226	173	142	173	187	204	208	214	203	179	157	160	190	184	150	139	127	145	149	175	150	149	164	181	160	169	165	161	175	180	167	135	123	120	101	121	120	125
48.7	51.7	61.9	50.6	46.9	37.5	57.8	57.8	45.1	47.2	55.4	70.9	69.4	73.2	60.3	65.2	72.1	75.1	99.9	147	188	190	192	197	202	207	195	174	163	158	159	170	163	179	174	193	188	184	189	169	148	133	130	134	138	142	148	156	142	134	126	137	152	165	183	169	185	231	242	257	260	242	239	197	206	201	203	161	170	194	224	178	174	187	209	208	188	176	208	231	197	228	241	206	167	181	201	216	218	185	178	203	173	179	198	190	177	153	168	149	186	196	160	156	157	176	170	167	160	175	185	174	154	142	141	133	92.9	84.8	94	123
34.3	38.1	35.7	48.8	58.9	39.7	42.9	37.9	39	49.8	68.2	81.3	94.2	77.9	58.1	60.7	67.1	70	68.5	110	170	208	192	197	188	189	186	162	153	142	147	178	177	205	178	173	155	154	165	148	147	129	133	138	129	130	133	165	173	140	143	135	140	155	168	165	182	190	210	267	230	177	176	189	183	186	176	150	174	182	188	184	193	189	186	206	209	192	218	220	213	244	241	210	204	217	199	213	203	182	194	219	227	234	211	202	229	177	145	145	171	204	180	165	161	176	168	155	156	166	180	190	174	182	176	137	79.8	71.9	72.1	96.3
15	21.7	23.6	26.7	50.3	27.8	31.5	35.9	27.8	29.1	43.4	69.1	76.3	85.5	54.3	56.8	59.6	55.3	61.9	92.5	140	217	227	207	197	184	197	170	146	133	146	171	190	196	214	186	165	177	167	128	124	130	133	130	112	107	130	159	153	153	147	145	154	187	184	187	204	200	223	235	198	168	150	164	177	199	190	168	177	176	182	196	247	226	221	281	285	262	217	219	208	220	219	216	194	200	173	209	245	213	195	219	240	242	216	195	212	193	143	147	166	176	169	159	170	181	169	166	160	162	166	159	162	186	174	114	87.8	75.9	80.6	94.8
12	13	14	12.4	12.2	11.9	15.1	23.4	20	24.4	38.1	46	57.9	82.5	45.2	49	48	51.6	66.4	89.3	145	179	250	233	199	197	175	172	178	153	146	167	221	234	255	207	190	191	198	150	132	124	140	131	117	118	126	147	140	125	134	168	195	196	198	191	224	194	200	198	172	207	193	181	174	184	191	196	163	159	178	173	196	226	293	446	351	355	291	254	240	222	219	191	187	194	162	185	200	178	186	219	239	242	210	179	194	171	146	135	151	153	155	162	172	190	182	185	173	161	176	157	159	179	168	165	133	96.9	89.5	106
2	2.2	6.92	5.47	4.19	3.82	3.68	5.19	6.82	11.2	25.5	47	62.4	76.4	61.7	65.3	54.2	53.8	68.6	82.4	96.2	151	225	278	234	202	208	206	203	206	198	231	276	307	276	232	221	185	182	180	166	145	139	129	132	131	122	132	132	123	129	152	169	181	199	206	207	202	203	183	174	186	193	179	192	174	165	154	158	142	149	175	189	182	258	347	306	329	319	290	242	239	229	219	229	219	175	202	201	184	194	204	203	195	192	202	194	175	164	143	142	139	161	178	189	200	194	213	190	181	182	168	164	166	162	171	199	150	122	141
1.41	1.2	1.04	3.05	2.26	2.3	2.22	2.89	2.82	6.79	19.7	31.4	50.4	61.9	76.7	60.1	52.8	51.3	93.2	79.9	104	134	156	243	225	174	229	215	216	211	261	356	324	313	319	262	240	225	195	188	176	153	142	134	141	129	125	122	125	121	147	164	153	160	185	189	203	198	191	166	155	156	205	214	205	177	153	159	154	137	145	167	168	167	220	326	292	288	310	267	250	233	236	225	202	190	174	198	205	204	194	209	191	184	170	193	192	171	169	154	151	135	161	180	183	197	193	207	192	193	211	192	184	186	167	183	157	137	130	167
0.988	0.949	0.687	1.66	2.11	1.24	1.34	1.47	1.51	4.65	13.3	23.1	32.6	53.2	63.7	78.4	72.6	78.4	56	83.1	103	126	142	200	196	190	195	207	250	239	340	529	412	360	299	278	251	240	214	187	184	183	161	140	141	138	135	121	125	128	132	144	152	132	149	158	164	174	209	173	167	170	186	218	203	159	158	155	157	157	149	149	147	146	167	209	242	262	250	269	230	233	207	189	171	178	198	218	217	207	207	211	184	198	192	190	218	189	193	177	164	147	166	190	182	183	188	198	187	172	198	176	165	158	162	160	142	129	137	182
1.25	0.7	0.593	1.4	1.58	1.44	1.29	1.37	1.33	2.57	6.49	10.7	18	35.4	49.2	74.4	104	102	91.7	89.2	102	132	127	104	148	214	201	187	199	219	287	590	556	486	436	405	317	293	282	238	223	215	183	159	155	145	144	129	134	132	131	126	132	147	158	161	179	181	207	198	198	183	188	195	203	167	168	160	153	157	158	142	129	131	149	176	198	209	228	281	260	253	219	183	170	181	181	206	214	218	202	224	215	212	211	232	248	212	217	219	185	181	207	233	195	199	198	205	201	193	175	178	163	150	141	174	152	128	137	194
5.36	3.64	0.3	1.02	0.749	0.656	3.68	2	2.14	3.12	4.93	6.19	7.32	13.5	24.8	42.5	66.1	74.1	80.8	85.3	74.9	91.9	111	73.5	75.1	97.1	113	119	130	141	211	416	493	454	494	480	397	327	319	319	295	287	268	219	187	186	168	135	127	125	129	131	148	148	159	201	200	186	206	206	178	188	201	177	195	180	156	136	157	163	155	112	113	133	114	198	236	225	247	333	321	311	199	137	150	180	190	219	205	182	186	192	203	223	215	258	275	233	234	247	221	214	204	240	218	229	238	218	215	214	191	196	190	167	149	184	148	123	136	175
0.452	9.07	0.96	1.02	0.718	0.424	0.522	1.91	1.85	2.43	3.22	4.04	4.86	7.27	13.5	29	36.1	49	62.9	86.2	99	90.5	85.1	70.6	65.7	80.7	86.7	88.4	113	143	164	317	407	459	531	594	536	454	420	351	318	315	337	289	223	216	205	143	135	139	146	164	165	160	159	205	238	229	208	228	168	193	231	188	150	142	146	147	156	161	164	187	206	135	128	180	202	195	215	271	297	294	203	127	148	152	194	214	202	196	195	195	195	233	265	257	264	253	245	230	236	240	232	230	245	246	238	240	229	224	200	179	180	165	156	223	145	130	129	179
0.0904	0.482	2.49	0.663	0.796	0.473	0.436	1.39	1.56	2.04	2.51	2.92	3.39	4.68	6.89	23.1	26.7	33.7	51.3	69.6	87.5	84.3	62.3	57.9	53.2	61.3	72.7	75.3	95.2	129	159	219	301	316	412	442	398	386	405	370	327	296	315	258	211	198	201	150	147	134	151	165	158	162	172	214	228	242	225	230	182	185	199	200	152	136	131	126	155	168	169	168	180	156	157	196	175	171	163	223	274	243	155	143	169	146	176	198	215	221	211	209	212	224	277	274	271	277	248	221	223	268	238	242	237	239	249	237	221	202	207	197	208	160	164	204	149	138	149	184
0	2.59	0.54	0.492	0.473	0.588	0.807	1.29	1.46	2.03	2.27	2.45	2.68	3.73	5.55	10.9	16	32.7	37.2	55.2	85.9	99.6	92.3	61.6	53	60.1	68.4	75	99.4	127	175	252	278	271	302	292	283	281	304	304	302	289	289	247	222	203	200	156	150	147	158	167	183	175	194	240	237	247	268	244	191	198	192	207	146	135	123	115	143	153	157	193	167	222	198	211	187	188	171	222	232	210	151	150	174	162	173	204	272	251	252	227	233	257	239	256	289	272	235	227	259	266	231	264	245	225	244	217	213	213	217	222	211	202	195	238	179	150	159	188
