86.7	83.2	84.8	94.4	76.8	76.4	78.4	77.7	83.8	80.4	97	107	119	160	138	99.7	126	117	108	127	82	50	55.8	98.2	95.7	93.4	84.5	39.6	29.1	25.8	27.3	37.9	27	25.3	35	64.9	93	102	107	172	229	263	282	198	159	197	268	186	123	110	97.6	98.7	92.9	61.1	75	148	184	194	208	242	278	270	236	233	246	261	288	204	226	199	214	223	196	165	158	190	217	206	207	204	231	232	196	196	173	128	152	81.3	87.5	116	163	128	148	125	118	124	118	119	108	141	160	157	163	156	167	181	216	244	244	238	260	282	281	287	310	249	248	284	307	313
92.5	107	105	83.6	82.7	86.8	92.4	101	109	139	193	224	190	177	191	123	111	160	92.8	68.3	49.9	60	71.8	138	106	77.7	72.3	55.6	37.9	31.1	37.8	77.1	63	57.5	67.2	105	140	164	177	245	279	272	265	184	163	165	201	151	145	119	96.8	70.2	65.7	80.3	47.6	84	134	164	270	368	258	328	315	289	323	255	114	131	140	205	207	188	168	136	122	130	160	166	204	214	226	241	244	281	244	212	182	215	163	186	196	108	99.3	104	106	125	124	137	171	166	164	180	187	147	126	139	158	207	220	220	221	198	222	243	262	256	247	285	303	310
104	114	105	90.2	106	105	98.8	105	115	171	208	200	191	185	191	113	102	116	94.3	63	67.4	88.2	76.1	141	112	75.9	117	57.1	36.8	38.3	44.2	100	74.8	76.2	94.8	107	119	192	166	236	255	243	252	155	147	141	159	129	115	125	93.5	80	70.1	65.8	53.2	79.3	136	180	257	300	312	332	308	229	273	298	131	80.3	106	304	284	206	170	186	120	145	177	166	173	209	227	217	252	287	278	245	197	223	225	164	182	108	98.3	98.1	109	128	145	132	149	144	148	161	187	134	118	124	144	165	198	199	203	198	189	207	242	222	229	229	264	272
124	110	111	105	119	120	118	115	144	169	230	218	188	202	222	118	104	91.9	86.4	73.6	76.7	75.3	73.6	138	95.4	72.1	82.3	49.1	37.5	44.3	48.1	106	100	121	130	136	131	161	168	208	208	205	236	162	132	131	137	137	119	120	133	97.6	81.7	52.6	61.2	66.8	113	141	188	307	290	288	307	140	147	193	147	156	324	194	116	168	152	167	137	215	151	155	159	204	201	207	220	281	267	240	218	260	229	163	170	91.8	82.2	91.8	111	154	203	135	148	147	145	154	162	130	126	125	142	165	185	180	177	170	182	171	206	180	182	204	243	226
134	115	122	112	122	132	150	150	178	225	262	221	210	208	235	131	105	96.6	84.7	82	67.8	68.6	86.2	142	109	96.3	104	49.4	41	44.8	45.9	123	144	156	143	112	123	137	174	193	174	182	224	137	132	120	119	117	107	121	140	101	91.1	57.8	51.5	89.6	140	162	190	252	293	343	299	261	169	158	140	104	179	141	104	137	151	150	155	137	142	147	147	184	203	203	216	255	264	249	260	293	262	260	199	102	118	137	134	146	149	144	147	148	152	158	166	119	130	141	154	147	166	166	184	174	173	171	184	196	190	208	202	205
143	132	141	141	162	186	254	192	216	275	226	187	161	122	124	101	96.3	89.8	99.1	148	102	93.2	89.8	120	75.4	58.8	71.3	51.3	49.8	51.2	55.1	101	101	72.8	81.5	76.5	69.4	73.7	79.9	123	108	118	131	99.5	115	98	76	104	101	105	117	96.3	69.7	59.3	64.5	67.1	71.7	84.2	102	133	142	177	156	72.1	64.8	56.3	67	84.4	85.2	105	110	125	140	148	143	122	122	125	128	185	189	192	224	230	252	237	270	344	352	377	391	198	172	178	163	142	110	106	108	130	130	133	148	138	136	127	119	134	134	130	136	202	215	213	214	181	214	188	176	194
151	138	153	155	187	220	271	233	234	227	219	181	158	128	131	102	92.5	94.1	115	186	113	117	104	91.2	75.5	54.3	56.7	62.4	69.6	72.7	66.9	111	104	85.3	87.7	83.8	55.6	57.3	67.4	114	111	97.6	106	82.9	95	82.9	65.7	104	84.5	99.6	102	72.5	70.4	58.6	65.5	56.8	72.5	67.2	89.4	109	97.1	77.7	95.2	91.9	56.8	95.5	71.9	134	86.1	119	133	130	116	118	121	118	113	119	132	168	168	164	191	208	236	228	243	346	347	347	354	221	181	181	196	137	124	124	138	122	131	132	138	144	133	124	114	126	106	99.7	123	167	206	223	229	202	183	178	160	170
173	178	177	172	223	273	291	243	207	210	203	173	190	131	166	110	102	93.4	116	118	117	129	127	83.9	68.7	63.5	59.6	75.5	84.6	142	92.5	142	126	96.2	92.1	67.4	52.8	57.6	80.9	125	121	93.1	107	82.5	79	57.7	63.5	103	83.8	80.1	96.5	76.3	69.6	71.2	70.1	56.5	64.4	67.9	71.4	78.4	63	47.5	68.5	116	71	141	84.8	132	104	139	98.5	122	121	117	125	105	113	113	170	178	177	162	170	197	214	218	242	357	347	344	357	359	193	190	209	154	144	146	138	114	127	137	160	152	141	134	139	102	95.4	88.2	109	160	190	182	173	164	137	133	133	136
183	194	206	236	237	294	286	211	200	214	220	144	172	141	150	109	102	100	128	119	109	121	146	141	78	98.2	78.4	96.2	155	168	122	161	209	135	130	76.3	60	70.2	117	128	116	104	100	70.6	66.8	53.9	50.6	84	77.8	78.1	86.1	83.2	82.2	82.7	77.3	61.6	65.3	68.9	68.4	94.2	137	53.6	45.1	164	123	131	73.8	123	150	140	204	178	110	111	105	95.5	116	136	132	184	177	152	160	188	191	206	232	361	352	368	366	437	390	204	239	169	156	158	164	132	135	144	154	158	137	146	133	79.6	75.8	68.5	77.8	135	164	174	157	142	129	119	119	133
187	235	293	282	229	269	279	192	239	221	223	99	138	163	160	104	101	68.6	103	84.6	89.6	115	193	188	129	105	116	123	143	163	175	138	147	131	103	82	81.4	66.9	55	105	85.3	81.9	71.2	37.5	38.1	38.8	99.3	51.5	56.4	65.7	71.2	68.9	69.7	87.7	90.7	55.5	84.7	64.3	66.6	104	122	88.9	74.2	88.1	114	143	172	253	232	231	205	131	123	109	118	132	162	146	157	224	190	166	144	198	214	203	200	235	263	303	301	323	295	204	233	193	149	144	164	139	125	123	120	101	87.3	77.4	73.8	40.3	43.4	47	61.9	123	116	110	135	147	121	120	119	108
192	279	323	260	257	309	280	178	182	181	176	89.7	105	132	189	159	102	73.5	81.9	60.1	74.8	100	115	128	116	139	125	150	107	109	130	147	192	157	74.4	65.4	65.6	90.9	73.7	76.4	60	52.5	43.3	20.2	84.5	53	63.1	86.9	58	79.6	69.1	78.7	87.5	84.6	83.4	54.8	65.4	70.1	72.8	79	90.6	112	142	123	120	138	177	255	228	213	193	131	109	101	109	144	158	148	156	209	187	157	153	158	165	187	206	273	277	281	285	354	289	181	204	176	161	150	153	138	129	111	105	88.4	84.6	94.7	63.4	51.3	59.9	65.7	82.7	97.1	99.3	147	169	166	126	117	120	117
196	326	362	262	278	263	261	177	220	183	201	99.3	93.5	102	163	106	123	104	109	64.6	79.9	83.2	101	140	146	202	141	172	156	134	127	120	123	78.8	65.9	75.6	74.2	74.3	80.1	93.4	48.4	37.3	38.5	49.7	49.3	44.4	43.5	79.5	65.6	63.6	70.8	74	94.4	86.3	80	58.7	73.2	64.5	67.2	93.7	98	118	160	238	138	146	176	290	271	249	223	149	128	110	117	142	129	123	129	161	147	128	133	147	157	172	209	261	279	266	269	275	304	319	210	201	182	175	166	133	138	140	112	85.6	82.9	73.7	60.1	62.4	77.2	83.1	102	115	153	142	155	132	124	119	117	144
235	305	359	253	281	266	253	158	192	210	200	115	117	118	138	103	145	116	157	99.4	91.2	88.5	105	145	157	160	132	176	174	248	165	102	93.6	78.7	53.4	62	64.3	67.7	69.7	87.9	60.7	37.9	49.3	54	38.9	35.5	54	75	66.9	52.4	71	92.5	91.5	84.7	85.2	68.5	57.5	56.6	82.1	156	143	115	113	139	140	181	228	309	287	293	266	150	124	114	109	106	96.5	115	125	123	148	105	101	118	136	182	192	225	238	260	273	229	257	272	188	192	192	174	173	140	140	103	112	91.8	102	85.3	65.1	83.5	88.1	91.9	119	140	137	132	152	140	134	131	136	103
133	133	149	168	196	185	206	149	169	166	167	171	139	98.1	87.5	231	206	212	245	118	109	120	78.6	115	129	111	156	201	185	170	190	52.3	44.3	56.7	53.3	76.5	63.7	44.4	44.1	102	92.3	102	99.9	51.1	34.1	50.1	20.8	52.1	59.3	58.8	64	70.2	82	74.7	74.4	82.4	63	58.6	92.8	129	145	76.5	56.4	107	119	144	168	171	169	192	193	171	114	120	102	108	115	147	160	145	134	90.6	83.2	105	106	179	173	191	210	225	217	186	181	173	135	108	106	114	119	60.8	50.6	49.1	63.1	68.7	63.9	66.8	68.4	88	89.6	87.8	111	125	114	116	128	127	114	133	115	95.3
108	153	165	190	203	166	193	146	271	179	217	125	120	76.7	86	165	170	170	191	100	79.8	87.2	75	116	202	178	144	203	202	174	125	58.1	58.8	60.6	60	69.8	71.4	47.2	39.3	113	120	107	111	41.1	48.4	82.9	87.8	65.6	52.7	57.6	47.8	103	85.3	72.5	75	66.2	67.3	57.1	79.2	80.7	85.9	66.9	80	107	107	122	159	152	156	158	147	152	121	108	108	104	109	115	137	180	157	113	77.3	110	136	186	173	154	178	250	222	174	148	142	125	113	87.7	109	102	54.8	44.9	49	63.5	74.5	75.9	50.2	55.1	79.2	80.7	97.8	120	109	104	107	123	107	97.4	88.5	98.1	97.2
130	138	178	183	159	153	168	134	208	207	184	108	89.6	103	103	151	170	221	152	78.9	61.6	71.7	74.2	119	181	201	269	237	219	183	131	94.8	87	77.4	80.3	95.3	66.8	78.8	66.3	140	133	132	158	82.3	84	89.5	81.8	68.3	48.8	51.2	54.5	71.3	62.4	62.6	65.9	61.9	57.2	60	66.6	46.8	48.7	41.4	48.4	127	118	115	167	209	196	118	124	173	131	114	111	105	124	136	173	133	168	142	153	138	160	170	166	149	170	208	183	147	135	133	146	102	114	122	110	52.9	63.1	64.6	68.5	63.8	70.6	59.9	57.6	68.2	72.1	94	100	97.1	105	104	102	91.1	71.5	67.8	65	76.7
146	158	168	143	172	202	161	247	190	126	107	167	142	94.9	96.5	173	146	151	155	81.8	95.5	92.4	97.2	159	214	233	289	308	274	184	150	104	94.3	108	138	111	98.5	104	116	220	202	175	186	101	116	101	87.6	62.2	72.3	65.1	70.6	71.2	69.7	73.5	74.8	76.7	84.7	68.9	79.7	33.2	35.9	31.5	29.6	115	145	127	185	203	187	130	123	215	165	146	129	123	135	154	169	198	166	187	215	176	175	178	154	188	219	220	194	142	128	136	208	140	116	123	111	57.1	66.1	77.1	69.6	71.4	86.5	80	76.5	71.2	73.2	82.9	105	97.6	93.4	90.7	83.8	70.6	62.3	55.4	60.9	68.3
130	105	126	79.1	81.6	100	123	182	127	123	143	118	93	64.2	59.9	49.6	52	65	141	114	122	145	184	241	207	203	207	167	154	151	142	130	113	136	108	84.9	97.9	102	99.2	101	88.4	93.3	115	101	88.8	78	83.6	83	84.3	75.7	58.7	36.4	60.9	139	53.4	77.2	44.2	31.5	64.7	28	18	16	25.3	58.2	66	85.1	158	177	117	152	132	164	124	116	109	103	126	131	169	157	133	171	282	253	198	190	166	181	192	147	133	130	135	192	185	169	138	144	149	64.1	81.6	86	82.5	114	104	86.8	66	37.5	33.9	42.8	53.9	58.4	60.3	44.3	60	40.8	33.6	37	53.5	89.4
120	114	136	98.6	102	84.6	112	185	165	135	164	111	86.5	77.7	80.9	48.3	86.3	75.4	101	154	165	174	202	231	198	196	215	166	152	142	153	112	110	140	110	84.7	87.4	141	114	116	107	111	116	86.2	87	97.8	132	87.9	94.1	85.6	91.9	61.1	127	156	50.9	68.9	42.2	56.6	42.9	27.3	16.8	23	58.2	64	64.6	89.5	96.9	141	135	158	97.6	138	139	129	121	118	133	140	166	206	169	154	191	156	159	172	160	165	152	132	139	143	136	143	164	191	158	140	160	74.6	78.7	84.5	85.9	107	115	78.5	66.5	56.2	48.1	48.8	78.2	60.2	69.2	44.2	53.6	46.8	43.3	41	48.8	80.6
127	148	155	117	104	104	121	171	179	165	173	105	75.9	89.7	74.4	49.3	74.4	63	113	176	201	228	221	201	176	197	231	191	169	180	184	139	150	123	107	99.4	136	152	104	129	111	128	122	87.3	81.8	98.8	81.9	101	107	108	208	128	115	71.1	73.8	90.2	57.8	33.5	25.1	25.1	12.2	19.4	42.4	42.6	51.6	66.4	89.2	130	122	129	101	117	106	113	110	98	119	144	168	242	177	167	194	179	170	171	162	132	126	127	179	152	148	189	224	210	191	191	182	102	119	86.5	90.7	99.7	93.8	80.3	78.3	70.6	76.1	91	97.9	103	53.8	41.8	63.7	60.3	58.1	50.6	44.5	73
160	164	194	143	162	168	186	165	190	245	234	123	120	87.7	85.3	113	93.5	148	195	234	217	257	255	188	168	180	228	190	195	176	168	114	118	121	97.7	146	144	169	160	142	155	178	174	96.4	86.4	90.1	85.3	148	146	126	142	103	100	85.3	85.7	129	82	49.5	33.1	23.2	23.2	18.1	42.1	46.4	56.3	91.1	82.2	188	180	117	113	131	117	108	119	141	145	140	206	204	178	172	192	195	187	186	168	120	114	126	150	148	144	263	268	238	207	206	220	118	84.5	91.8	101	95.5	88.9	88.6	98.2	99.4	77.3	71.8	72.1	74.9	56.5	63	69.2	58.1	45.6	47.3	42.1	70.1
129	117	128	111	111	176	230	226	160	181	225	79.2	69.3	69	86.2	187	130	153	203	273	253	238	223	152	115	159	204	224	196	192	183	109	107	77.4	76.6	125	104	114	142	130	107	126	113	81.6	96.3	97	88.7	126	150	148	190	121	111	95.8	102	99.4	84	42.2	35	67	60.6	46.4	46.6	53.8	80.4	126	106	135	138	130	119	107	97.9	121	123	126	127	119	122	132	142	147	170	171	162	135	144	133	130	125	140	146	179	283	256	257	233	214	212	195	180	128	140	133	121	99.3	107	118	105	104	107	76.2	71.5	61.9	63.7	52	42.2	47.8	51.8	41.4
125	151	135	107	116	175	221	249	200	170	197	110	101	118	118	145	164	160	218	313	290	265	247	148	133	172	177	229	239	215	182	94.9	89.7	120	117	156	157	96.2	132	161	115	115	131	97.3	88.6	91.6	96.5	137	146	147	163	182	174	137	138	144	72.9	68.2	43	81.2	77	57.1	56.4	79.4	108	135	146	125	104	107	124	142	159	125	120	137	139	157	128	113	130	146	175	174	151	137	151	155	125	127	141	197	192	251	259	240	252	261	249	209	197	206	182	167	143	106	119	110	101	106	111	77.4	66.6	63.2	56.3	49.5	49.2	40.3	47.6	38.6
160	144	150	118	155	175	172	209	197	176	196	168	206	159	117	166	147	202	256	322	298	276	230	171	165	179	198	245	224	196	197	145	247	195	178	208	182	133	129	166	148	139	165	157	116	119	117	154	148	141	172	260	203	179	173	129	82.4	60	62.7	110	94.7	83.1	82.5	88.9	116	113	95.7	110	121	126	121	153	183	189	146	151	149	148	126	134	126	135	163	163	155	138	169	154	134	127	156	188	192	277	260	281	307	293	269	214	235	241	207	182	156	148	157	134	120	144	122	85.2	70.3	68	64.1	56.9	53.5	43.2	42.2	51.3
189	167	154	124	130	151	167	248	260	203	182	165	176	113	94.7	142	170	244	287	339	305	323	258	193	188	227	240	277	274	226	229	187	144	146	227	233	245	137	127	180	204	196	223	188	170	153	150	189	194	184	228	380	273	205	214	186	94.1	81	63.1	126	129	133	119	82.1	92.3	82.6	83	160	154	132	129	137	138	151	159	173	175	157	146	131	153	147	159	182	157	166	175	150	138	151	172	250	264	362	295	320	322	331	298	245	282	305	319	264	202	167	139	142	154	146	125	160	87.4	80.3	78.5	67	63.7	70.8	57.5	61.5
134	145	164	144	140	149	203	216	202	205	206	172	147	125	152	137	161	178	246	273	234	224	195	209	208	230	276	262	250	204	212	152	155	183	189	302	226	146	167	216	213	233	207	146	212	147	173	229	221	215	221	284	282	207	209	189	151	154	116	177	155	159	125	124	114	103	113	179	143	116	117	130	125	139	144	201	196	174	180	167	177	178	164	181	170	166	180	137	145	169	198	264	295	304	315	305	324	348	278	312	339	344	352	296	226	194	171	181	175	165	130	112	115	83	91.5	85.7	82.9	84.8	81	56.1
143	141	159	175	183	191	238	231	180	216	209	172	137	135	145	210	195	242	237	255	211	182	194	213	190	245	278	244	211	197	214	188	163	190	196	298	237	175	182	259	197	285	201	212	169	151	175	224	239	209	244	276	217	189	196	178	147	164	139	214	164	149	151	140	126	128	138	141	145	113	116	125	128	146	145	189	198	201	197	170	176	172	160	179	170	151	141	131	138	165	189	234	240	291	347	304	323	343	341	345	378	388	368	275	240	217	193	205	194	198	156	148	109	107	114	99.7	91.4	94.4	75.6	46.5
134	136	205	213	259	263	292	273	254	277	258	222	192	180	168	204	294	344	213	226	212	208	212	216	191	229	251	242	219	217	250	226	230	245	263	346	265	178	165	256	191	240	227	184	169	183	214	275	237	241	229	234	221	219	218	203	166	176	192	305	215	180	177	161	144	155	162	147	136	114	107	130	119	154	168	185	187	203	205	175	174	173	168	201	227	189	160	147	142	179	181	227	228	291	363	327	308	348	365	379	393	392	373	268	272	239	235	236	227	230	229	196	124	120	116	115	117	105	89.6	73.7
155	158	236	264	282	288	320	332	298	225	253	268	235	205	141	202	261	222	203	242	239	254	255	204	240	271	317	290	267	305	263	285	383	272	269	306	270	172	164	256	248	249	228	236	177	200	227	289	235	272	236	252	225	205	194	236	210	263	298	405	285	241	242	195	174	185	176	152	139	118	109	117	101	117	133	172	182	202	202	172	168	180	165	189	216	205	170	164	161	174	221	224	227	246	351	351	313	312	373	374	365	394	379	326	286	276	279	245	244	246	192	190	149	137	134	143	137	117	119	116
162	164	211	282	305	317	335	298	264	233	246	227	220	269	235	236	215	195	185	226	263	252	244	195	293	250	330	243	269	241	296	346	327	318	305	217	201	216	234	188	214	201	194	218	196	175	165	212	203	196	178	218	235	294	271	196	237	264	313	292	226	213	212	201	188	182	173	202	132	110	105	98.9	87.9	101	114	136	144	154	160	165	171	178	171	171	178	180	165	216	204	212	274	223	212	232	306	284	274	275	333	370	334	339	314	330	328	312	299	240	270	288	210	210	189	179	170	143	128	134	138	135
170	169	209	264	288	299	326	306	238	224	242	226	188	277	273	211	189	189	192	273	260	233	223	192	206	233	235	235	240	240	245	378	303	234	236	198	185	216	237	193	193	181	188	210	204	234	214	206	190	182	172	209	218	276	230	186	221	242	267	251	230	223	220	216	195	187	203	232	178	138	120	109	103	107	115	143	142	136	152	163	177	178	191	214	212	187	192	218	216	234	270	217	223	245	269	261	274	259	294	323	334	356	289	293	309	281	311	271	265	257	215	228	197	185	166	147	145	157	141	148
162	185	199	257	284	302	335	283	242	206	198	187	176	273	287	227	221	238	223	323	282	269	206	174	173	216	238	298	279	265	246	321	270	244	222	241	258	289	228	209	185	189	194	246	254	256	206	227	197	195	188	238	220	215	218	197	223	235	263	269	249	239	229	220	197	210	181	218	194	164	139	122	122	118	131	146	154	148	160	182	181	181	181	209	234	214	206	221	227	255	294	247	253	268	256	283	262	266	286	283	295	291	285	288	324	278	259	249	235	233	235	231	204	189	211	177	254	219	192	252
175	174	206	290	330	317	346	306	267	213	199	198	224	220	236	217	264	246	232	244	253	264	215	182	182	208	258	300	308	260	259	288	286	283	262	303	305	270	254	250	237	208	189	245	267	323	268	219	234	242	217	284	235	202	237	226	222	254	265	272	263	256	236	257	210	226	211	242	216	184	173	144	133	142	147	163	204	183	180	175	185	191	186	214	218	219	217	227	244	242	258	240	240	259	274	292	254	252	280	280	288	282	286	346	286	270	302	268	255	273	258	290	240	209	233	216	258	319	289	242
183	186	209	273	282	297	329	257	210	225	230	198	243	236	222	314	330	333	351	331	296	239	236	197	214	221	285	380	409	345	358	349	300	282	260	298	264	236	233	252	253	238	210	233	246	289	279	227	232	282	262	266	225	232	313	208	203	210	216	223	204	206	213	233	209	207	209	216	228	208	199	160	149	160	169	197	191	187	184	149	166	191	169	176	224	199	215	218	215	193	221	225	212	236	294	305	264	268	276	256	254	283	268	255	185	195	248	249	243	228	243	290	250	220	261	261	249	310	271	236
181	186	186	235	232	257	254	214	248	225	251	213	201	205	210	296	309	324	347	314	244	217	215	181	189	203	238	366	398	340	336	309	275	240	249	253	235	247	226	285	227	220	227	251	246	249	224	263	272	296	251	234	226	259	271	197	179	187	193	222	188	190	178	218	198	195	219	250	215	236	182	174	176	197	184	214	195	214	207	172	189	183	166	194	225	245	252	258	221	209	224	236	217	257	306	308	313	311	282	261	288	312	304	193	195	198	210	243	227	194	235	279	268	248	277	275	295	317	290	272
202	199	211	229	236	238	213	207	208	220	224	234	199	183	200	306	267	281	327	314	246	220	205	188	202	215	237	354	344	296	296	289	270	245	242	262	239	260	227	230	205	204	206	220	220	229	240	286	259	294	279	290	274	317	403	242	192	204	208	217	184	177	155	216	221	225	232	232	216	223	217	209	194	199	202	220	207	207	216	204	213	190	174	214	244	296	259	244	264	221	249	217	224	308	337	340	326	311	280	282	303	317	332	264	225	193	198	221	215	202	248	283	296	279	332	312	323	322	346	298
188	186	256	232	241	227	205	221	206	199	191	225	184	177	197	267	261	261	258	255	251	240	253	214	229	239	261	296	276	289	296	277	267	253	261	242	220	247	255	231	216	207	213	227	248	237	245	297	286	275	265	316	367	355	411	285	215	232	260	216	189	172	160	230	263	252	214	252	239	231	259	213	199	192	200	230	218	220	239	260	226	190	206	249	253	257	291	236	266	221	270	201	231	283	345	390	318	295	296	258	268	316	306	255	226	220	206	245	227	215	249	270	284	290	286	287	320	303	358	282
167	205	204	235	244	228	265	311	256	250	247	212	212	246	264	278	314	297	280	234	260	286	313	242	344	241	218	262	263	289	333	285	251	256	285	246	228	226	226	282	236	232	250	298	265	272	282	319	315	307	345	293	315	400	362	234	215	237	257	167	180	159	160	211	213	221	182	167	168	177	211	209	182	161	145	166	187	177	224	339	225	224	232	202	192	217	246	237	256	224	218	191	217	246	280	284	275	296	332	295	308	356	359	259	233	238	283	325	284	267	240	240	245	274	275	289	277	280	260	265
164	169	195	220	238	247	238	264	229	226	239	211	207	203	200	252	287	292	302	215	243	286	259	219	236	224	211	228	224	252	273	260	255	248	257	241	231	220	227	247	229	212	239	274	251	260	290	334	313	304	307	264	260	330	287	252	234	238	218	156	146	142	160	244	225	217	187	160	169	186	233	242	185	157	154	149	155	177	211	217	222	183	188	239	191	205	219	289	244	216	265	214	242	256	275	282	266	275	310	306	345	356	371	293	251	300	236	330	317	288	248	249	250	271	300	307	297	310	273	292
163	162	185	212	221	230	235	248	220	216	220	195	183	182	181	236	263	289	276	218	212	230	263	235	207	261	250	216	229	221	226	250	220	221	251	247	234	228	259	260	217	203	215	240	251	263	290	312	309	308	304	335	284	257	243	272	284	226	223	187	164	152	161	234	261	244	191	178	180	206	215	277	203	178	178	157	143	156	184	240	199	173	183	255	198	206	240	244	286	258	281	261	248	260	295	298	295	282	336	323	361	359	373	308	268	264	248	321	291	277	267	259	271	297	320	310	314	295	277	253
162	184	200	211	226	202	204	214	195	198	212	181	170	166	176	239	250	279	275	215	236	224	244	206	195	219	227	196	236	252	268	262	239	238	241	273	252	234	245	227	223	216	222	250	265	263	282	318	326	346	328	382	306	280	265	304	299	247	252	215	197	167	156	254	270	263	223	201	190	192	215	268	239	202	187	151	153	161	179	217	186	189	185	234	245	274	300	270	292	347	291	273	261	307	327	314	334	323	347	365	366	383	390	293	293	380	288	348	328	303	291	281	285	311	293	324	323	305	284	239
171	187	189	220	206	232	238	215	205	179	201	185	174	190	194	229	229	253	254	232	233	223	234	212	189	211	240	221	210	214	241	258	251	279	237	325	297	287	258	211	218	211	222	308	300	306	320	289	312	349	350	322	295	301	303	323	320	333	337	198	175	180	180	198	244	273	259	229	201	189	181	191	187	187	191	190	208	177	179	212	185	145	150	209	230	295	284	265	293	352	332	332	301	341	344	306	353	354	368	363	362	420	381	340	329	402	357	410	374	348	332	288	301	323	298	338	312	270	246	210
169	157	180	237	205	239	215	191	185	175	182	187	172	181	176	205	192	197	230	274	224	216	196	185	191	204	240	185	185	179	173	239	212	218	211	307	265	286	254	226	233	224	223	306	305	334	329	304	311	315	324	323	323	326	326	324	297	309	320	208	178	195	175	252	263	284	296	240	209	191	167	207	197	193	213	217	243	183	180	344	242	227	184	261	301	329	274	258	288	279	360	385	372	380	386	328	330	393	386	413	404	395	412	398	410	394	399	421	376	351	315	303	336	322	303	334	303	263	238	208
153	159	181	247	225	254	248	214	185	179	188	200	181	173	169	186	170	178	195	240	222	203	198	179	232	228	235	199	200	183	171	177	180	191	205	285	262	316	264	252	254	237	245	312	350	361	351	313	311	340	348	365	322	334	373	340	306	314	338	226	205	162	205	250	207	200	280	259	196	188	180	223	201	204	209	206	201	184	185	240	333	228	192	224	306	326	346	366	334	316	405	411	426	435	434	348	359	395	400	423	397	390	395	375	361	379	435	430	419	314	319	367	337	334	312	353	305	258	225	199
174	177	189	218	265	324	267	239	198	186	202	209	190	174	169	172	154	167	189	238	222	232	221	199	231	247	244	203	216	223	206	181	179	171	195	285	282	348	306	272	274	258	248	317	333	323	330	339	347	397	367	402	374	404	386	349	295	327	311	299	248	198	239	253	254	229	274	277	224	194	183	236	224	228	211	204	193	182	186	233	246	241	214	232	276	305	309	346	346	291	418	406	410	426	429	351	406	397	402	402	409	418	398	316	306	361	422	427	376	311	397	375	354	334	312	328	281	248	217	200
176	181	182	200	235	274	232	200	180	190	195	180	179	171	169	154	155	191	185	225	222	239	268	331	267	308	326	269	297	299	255	240	225	227	258	327	352	358	324	332	352	324	329	346	309	296	298	332	327	352	400	384	368	376	372	317	281	274	318	325	273	265	287	271	307	283	281	233	227	215	205	220	213	216	264	215	199	205	216	254	202	218	234	240	286	369	331	317	358	285	342	376	356	401	375	308	322	369	373	347	407	402	347	299	300	310	361	353	310	329	352	333	339	324	340	307	250	222	205	194
204	191	178	197	234	243	224	198	195	192	212	173	187	170	169	193	161	181	194	228	231	273	366	411	302	279	316	247	229	241	257	237	231	244	265	306	309	295	290	298	297	287	317	316	276	269	249	296	297	323	339	359	337	354	336	303	267	254	302	266	247	245	251	247	258	269	240	221	205	229	252	263	234	253	232	253	231	264	249	250	242	231	226	237	270	316	309	334	417	428	405	354	338	376	379	315	325	320	359	413	417	396	343	329	296	330	333	336	313	330	325	327	325	305	289	271	256	236	198	174
203	201	193	211	222	231	231	201	212	222	206	201	186	177	173	169	179	189	218	246	238	296	361	404	291	339	293	271	214	280	217	221	231	204	251	264	285	276	283	258	270	258	274	296	261	268	253	297	313	333	329	351	322	277	296	275	262	240	278	274	256	251	301	273	288	283	268	223	224	244	245	279	264	266	313	259	265	258	259	276	272	257	258	255	284	325	291	316	409	445	371	388	372	378	434	344	334	317	398	419	375	384	366	392	313	368	375	347	327	320	333	321	319	298	262	265	248	248	201	159
203	228	220	227	226	216	222	211	214	239	251	225	217	203	205	189	201	225	257	267	292	332	340	360	342	354	344	270	276	235	214	241	250	205	208	226	230	253	263	279	264	246	277	282	249	296	266	289	294	301	300	325	319	292	268	273	266	228	230	255	248	237	267	266	292	269	259	279	233	278	252	252	264	289	302	275	251	250	275	357	278	263	279	316	294	332	339	371	402	483	442	456	420	398	455	391	382	341	348	412	384	372	359	380	315	391	403	395	344	329	327	326	329	311	274	287	246	217	196	169
230	221	243	240	247	250	251	241	244	260	279	284	276	249	249	206	198	229	215	220	222	244	267	321	308	293	295	284	275	251	238	196	199	180	189	191	189	176	185	206	231	245	252	279	242	250	253	222	203	207	202	269	276	262	238	213	218	231	221	239	254	221	277	345	259	253	271	264	238	283	277	264	287	275	288	283	275	271	296	303	268	254	240	247	245	329	257	354	433	427	482	474	429	387	448	371	338	395	395	372	359	330	327	309	331	359	382	382	387	365	397	451	380	353	321	309	278	250	214	219
191	196	232	238	251	249	256	250	243	261	285	296	282	277	276	268	248	224	207	213	204	202	219	366	311	276	284	283	243	241	257	192	181	183	176	172	178	181	211	209	209	225	218	270	279	241	226	194	181	180	202	254	259	246	258	236	267	249	225	244	230	216	259	303	321	265	292	268	237	297	278	295	269	287	273	290	293	288	324	268	258	291	255	252	247	269	227	323	323	309	365	430	403	414	451	368	351	389	404	376	369	319	326	308	326	336	356	376	368	357	389	439	381	348	311	316	269	275	240	232
188	194	223	228	249	249	278	259	273	282	290	288	278	266	294	256	220	212	195	215	223	213	234	331	310	277	285	299	263	253	254	207	179	178	178	181	200	202	201	190	195	204	201	241	232	221	214	204	186	206	239	250	222	234	229	228	252	207	239	259	208	211	233	264	279	262	272	275	241	283	263	268	263	250	276	311	292	306	338	280	259	260	255	272	220	224	229	331	343	337	394	419	425	449	420	374	381	435	409	367	372	330	340	325	317	323	349	367	354	351	382	422	421	345	319	303	261	258	247	233
168	199	229	212	218	240	278	297	322	298	291	303	291	288	289	240	223	216	215	253	237	239	275	320	304	293	298	276	254	252	264	216	201	179	181	177	190	205	188	184	185	177	180	194	201	200	194	195	191	203	252	236	202	205	222	213	210	206	268	286	233	212	213	270	324	329	274	258	242	276	258	262	257	238	264	314	305	357	370	330	299	285	262	254	232	248	319	404	384	358	388	477	455	430	472	391	397	422	443	409	373	347	356	332	321	348	355	387	350	339	367	415	419	359	337	318	287	268	247	231
177	198	219	221	232	217	257	282	294	292	300	270	280	259	264	262	227	206	203	212	236	222	256	260	246	261	295	290	250	226	247	247	236	206	201	181	209	219	212	198	190	164	179	160	163	162	171	235	264	306	280	245	230	225	225	234	233	236	280	281	255	221	216	224	245	267	274	278	264	277	282	289	273	265	276	341	328	421	400	325	297	318	346	286	230	217	278	388	321	328	412	457	401	423	481	423	452	451	470	460	423	389	402	385	337	334	354	379	350	344	339	365	374	324	309	330	311	283	267	270
163	189	220	206	196	216	231	260	297	325	300	291	284	261	282	271	260	214	205	221	219	251	262	255	233	244	251	273	230	221	209	216	214	192	188	175	187	184	179	163	166	168	164	144	171	161	161	218	241	236	244	228	222	228	194	197	203	218	269	255	216	218	219	227	232	268	275	301	281	297	274	276	254	252	288	332	317	398	404	317	293	318	317	259	272	259	271	325	320	383	412	421	387	396	482	441	457	468	469	466	417	392	411	387	369	344	364	370	334	337	336	355	332	306	294	334	295	271	268	266
166	183	207	199	217	228	252	268	290	294	298	290	287	299	323	304	271	215	215	192	198	218	240	237	240	234	224	238	216	219	208	203	209	218	220	187	164	159	166	158	143	137	149	156	149	148	152	241	204	220	229	195	193	181	172	185	199	214	246	249	217	195	218	223	231	259	279	299	290	338	308	289	271	255	274	290	267	320	321	328	303	313	326	293	241	247	261	316	319	365	426	397	369	373	433	451	464	473	475	471	439	429	433	398	382	378	367	365	340	328	341	352	322	311	286	323	287	275	281	263
179	197	224	215	224	238	243	272	277	287	314	282	284	290	304	272	227	212	203	209	202	196	218	233	212	212	214	241	242	241	236	230	202	209	240	215	172	155	160	155	161	158	154	171	155	161	179	244	216	199	227	206	183	172	175	193	188	212	238	250	236	207	240	250	242	308	283	311	323	335	342	317	307	283	273	283	290	301	303	334	383	347	374	375	302	313	259	305	320	354	371	390	350	342	397	468	472	469	470	482	464	456	448	415	416	397	376	382	364	341	329	333	314	286	278	316	293	294	292	262
153	167	185	185	193	178	182	259	261	262	293	261	253	261	278	268	236	214	189	224	243	226	229	236	228	220	242	249	251	290	263	242	240	205	198	167	146	153	158	154	146	159	170	201	207	200	221	273	206	196	198	204	213	215	239	215	224	261	309	247	235	238	247	242	254	253	252	328	364	375	394	288	277	277	286	239	325	289	282	281	309	317	300	386	295	337	228	216	288	292	385	414	389	432	476	460	472	467	453	455	438	468	465	466	455	428	416	407	375	349	317	360	328	293	285	302	295	301	297	273
156	152	179	204	176	291	185	212	252	256	283	243	236	233	276	265	225	226	222	223	225	214	220	235	235	253	237	241	225	258	262	251	234	241	202	155	160	139	161	168	139	141	177	206	198	186	199	233	220	201	187	189	218	197	234	212	211	237	251	268	227	262	276	240	252	257	242	313	340	341	365	280	291	279	287	257	294	310	298	270	281	281	276	310	306	347	213	206	235	238	320	401	391	431	472	435	468	451	461	448	442	437	445	462	460	428	401	388	355	352	329	347	328	292	276	288	314	304	295	271
161	175	156	189	190	194	169	200	231	246	256	213	225	220	238	241	224	212	204	205	206	209	215	234	222	214	219	220	237	216	232	238	218	229	249	159	148	147	147	172	149	163	168	182	186	194	208	231	220	228	214	222	231	233	220	225	216	227	251	274	253	264	266	268	255	249	240	293	303	331	339	299	311	302	269	243	245	276	273	248	252	240	236	253	232	290	226	234	240	235	287	382	395	435	483	410	415	457	471	456	449	448	430	426	399	412	380	380	351	386	329	328	304	296	281	287	287	291	299	273
169	156	159	163	159	169	189	199	250	233	245	212	239	213	228	242	236	207	193	207	204	211	221	249	236	234	225	240	242	224	217	250	243	235	238	156	150	149	150	189	178	177	177	191	203	201	185	278	254	242	212	222	241	273	253	225	227	256	280	301	273	270	267	313	302	276	255	284	305	315	313	324	331	309	316	247	238	237	268	247	252	233	248	271	240	274	245	247	260	271	322	429	472	489	489	389	393	421	462	454	439	444	463	421	388	417	374	349	371	404	339	342	315	304	293	291	286	290	299	260
232	199	171	153	176	206	201	130	141	176	206	179	186	189	237	293	223	213	224	223	217	217	223	279	289	298	284	258	240	217	210	215	201	226	237	174	149	137	144	196	187	166	158	167	160	166	170	228	225	201	195	185	200	252	239	228	242	234	256	277	288	304	258	293	324	310	297	285	289	293	305	313	289	298	297	241	236	238	260	293	283	280	314	354	293	334	264	328	339	366	413	445	455	465	478	390	375	442	409	461	470	452	489	449	398	437	417	422	428	410	375	358	336	332	320	306	292	291	295	287
251	218	186	180	185	183	199	162	145	178	198	176	169	208	247	292	270	215	198	226	219	210	225	278	311	313	285	270	229	217	213	185	199	218	238	193	202	156	160	187	202	161	146	152	162	165	184	207	217	206	213	175	189	209	225	228	238	239	256	251	265	272	251	273	311	350	350	315	285	284	304	304	280	307	326	252	243	252	253	258	295	334	299	300	277	259	276	342	396	391	414	416	388	381	433	373	358	383	387	441	467	461	429	397	394	410	368	423	381	349	329	324	311	319	311	311	309	286	296	275
256	236	220	185	212	194	183	159	171	192	211	190	187	225	246	261	231	198	193	219	227	226	235	285	295	291	261	257	237	223	228	200	198	214	232	204	205	203	209	196	171	149	139	169	150	175	232	206	201	206	208	181	182	203	212	244	240	265	274	267	267	269	275	275	308	341	371	351	306	308	322	294	284	304	303	272	265	296	260	241	300	364	310	322	309	279	293	352	459	388	398	420	377	360	395	365	345	371	369	384	403	450	409	359	368	365	332	369	326	306	309	316	298	301	290	309	298	293	302	274
286	264	240	204	225	206	199	201	196	208	223	190	192	232	291	248	217	210	213	232	273	288	243	286	288	273	268	274	245	213	226	207	203	234	282	260	239	212	204	209	191	156	137	169	164	197	206	227	231	181	213	192	182	220	238	245	254	289	282	298	314	310	325	349	335	350	379	360	346	351	372	334	305	300	319	318	284	334	262	245	303	336	342	339	396	340	346	414	430	433	442	392	379	403	423	408	405	418	368	358	378	428	349	332	324	388	338	327	300	287	295	308	302	295	293	318	299	293	286	263
266	241	257	249	244	259	252	214	211	245	239	232	216	236	267	262	276	269	246	258	281	266	249	248	240	221	214	215	199	192	197	200	245	259	271	258	208	204	195	193	159	187	167	169	186	195	181	185	231	229	267	243	230	245	236	235	234	259	253	320	366	376	385	394	379	343	349	340	326	316	334	324	311	338	355	357	294	302	266	267	233	271	284	304	330	339	337	400	418	429	498	460	427	467	454	398	409	422	401	389	383	348	297	379	371	401	376	345	346	311	318	336	311	289	292	315	309	320	295	279
280	284	278	282	326	282	244	224	218	218	234	215	205	199	222	262	255	262	240	249	262	249	237	247	232	221	216	207	193	190	195	226	214	255	254	226	205	189	192	211	175	169	159	160	157	184	187	194	212	249	290	292	274	294	243	222	225	239	259	326	331	307	326	370	366	365	347	307	309	310	311	332	331	349	394	348	312	269	233	214	218	237	267	340	314	312	350	370	385	401	466	446	420	414	437	399	388	369	415	386	375	341	295	358	339	339	342	321	323	292	302	324	296	291	280	289	306	309	274	275
256	312	380	364	310	266	229	216	225	243	237	212	209	195	224	248	241	236	229	245	249	246	226	234	227	212	209	212	194	196	211	213	250	239	231	256	292	233	235	234	192	179	196	184	190	166	189	229	227	256	294	302	305	286	262	237	242	255	269	313	388	336	388	377	362	345	349	309	345	361	299	336	368	407	371	361	313	309	270	242	255	299	278	347	318	291	346	363	380	365	408	443	449	407	427	387	363	368	414	377	370	309	278	340	332	333	328	306	307	281	264	288	280	292	270	280	304	282	252	254
247	327	370	360	367	311	253	251	234	217	244	193	200	216	252	237	216	210	227	238	243	240	226	227	220	215	213	223	200	232	206	231	236	256	269	295	260	239	241	230	184	203	236	210	207	199	199	250	252	257	312	311	292	272	278	257	283	346	338	362	345	359	394	412	362	365	355	325	330	318	346	379	370	418	403	396	360	310	282	251	242	268	300	397	371	357	342	323	343	344	394	474	428	419	429	370	349	381	423	374	334	293	271	342	341	346	332	309	309	274	255	294	271	275	252	261	270	268	262	273
168	190	249	305	289	255	242	227	213	206	219	197	195	199	218	212	201	202	224	237	233	218	199	215	219	233	224	206	208	225	226	246	240	241	250	274	242	233	240	237	213	222	238	240	240	237	290	232	221	222	267	305	275	271	283	238	240	255	280	278	276	279	274	342	306	270	338	336	338	348	391	366	369	356	429	453	456	350	328	263	271	317	340	451	425	374	346	294	304	331	334	404	426	461	493	448	383	454	446	429	357	315	290	323	336	320	304	286	327	301	266	301	284	277	272	252	260	242	241	246
157	168	206	274	231	208	220	212	217	232	232	189	196	205	214	180	180	186	205	219	198	181	179	196	210	213	227	195	189	198	225	246	244	237	241	265	253	237	246	255	244	240	232	243	250	215	262	219	211	220	254	266	242	264	272	232	244	262	251	278	287	217	222	286	300	263	319	343	368	377	380	349	349	334	386	492	419	428	363	322	303	304	337	395	370	336	325	289	306	310	338	407	443	464	498	449	397	375	373	415	349	323	315	323	331	304	296	331	340	293	288	303	285	261	262	258	267	244	251	269
144	154	171	223	199	195	210	228	234	216	228	209	226	217	218	181	176	193	200	199	172	169	169	198	210	199	216	198	206	205	220	243	251	241	242	269	257	251	263	260	251	236	245	217	271	218	257	238	224	235	259	310	239	224	240	219	235	237	224	242	260	220	249	268	270	252	279	321	335	357	347	354	399	396	413	434	407	398	377	351	338	310	332	362	333	314	307	284	287	300	353	505	407	414	480	486	429	382	377	425	373	345	323	311	297	288	307	327	319	311	268	303	298	271	256	275	272	255	261	246
122	177	178	209	196	202	211	233	260	232	250	244	218	206	210	165	178	198	216	197	165	181	169	225	222	197	210	214	217	219	225	231	241	243	249	285	271	267	280	290	284	266	246	232	252	225	251	236	217	222	242	307	249	233	248	238	227	213	206	262	273	287	235	276	258	256	246	279	332	345	338	369	388	424	415	450	477	393	426	371	382	387	362	398	327	340	321	281	272	311	347	458	409	432	495	517	447	409	399	440	429	402	358	307	292	296	329	333	326	301	281	305	325	282	273	277	275	276	266	243
98.3	111	120	132	121	123	121	157	185	206	238	234	232	235	229	201	195	198	212	189	179	179	178	188	195	187	196	224	230	247	246	228	230	239	254	295	291	276	293	281	275	266	248	212	208	174	203	250	302	245	232	239	221	226	266	220	198	190	198	202	237	326	290	295	291	309	283	284	299	323	325	332	404	375	368	428	413	401	439	416	403	401	375	349	311	287	271	295	300	326	363	508	521	575	610	517	490	457	451	426	432	452	410	357	352	363	353	327	330	330	313	298	282	273	284	267	256	259	251	238
94.7	97.5	104	115	118	104	109	138	145	170	207	200	203	228	261	231	207	198	191	175	176	183	179	176	176	177	187	212	223	239	241	227	229	230	246	278	289	282	276	294	266	240	236	217	215	182	200	262	280	275	258	235	218	223	271	219	193	191	212	255	223	248	289	307	329	316	279	276	268	277	312	312	316	310	306	322	365	352	389	381	385	381	367	330	308	290	260	287	292	301	357	493	495	537	528	457	455	444	417	393	388	414	403	373	362	353	350	318	321	331	301	293	288	285	280	277	259	247	247	233
85.7	86.8	95.3	96	101	105	106	128	134	166	211	204	188	197	231	200	198	188	176	176	177	191	200	181	181	175	184	206	216	230	247	234	253	246	251	279	285	288	279	316	263	239	244	249	252	268	225	263	359	324	282	238	230	221	231	233	229	208	219	246	242	256	308	346	305	304	289	287	271	256	287	312	294	282	283	317	275	304	360	381	383	384	364	333	299	280	278	284	278	293	339	467	443	494	488	452	438	438	423	394	386	384	365	353	339	332	329	318	329	312	304	318	301	294	296	293	262	245	232	224
77.6	87.8	102	92.4	94.1	103	101	130	147	162	211	218	189	188	200	165	164	170	168	175	183	197	205	191	200	208	211	231	248	248	276	265	274	258	263	307	293	273	269	289	238	224	229	265	261	301	245	265	292	304	267	218	194	188	189	210	213	189	198	209	230	251	279	329	275	273	272	282	288	281	281	310	301	276	296	292	284	313	381	392	358	363	367	325	295	269	271	304	305	317	365	388	413	410	448	452	449	442	421	424	417	379	375	338	334	329	335	320	336	305	297	302	298	315	341	294	265	248	241	217
76	87.6	92.2	92.8	87.7	90.1	94.3	105	102	103	109	114	111	107	108	104	114	126	145	155	170	181	207	195	211	224	217	214	226	247	256	286	281	276	269	285	294	294	277	241	220	214	234	246	197	202	201	297	242	247	210	152	155	132	137	121	144	105	137	162	180	235	267	276	269	275	262	261	247	253	258	269	260	263	272	242	227	251	279	328	323	315	307	290	279	265	278	292	298	290	294	265	271	279	289	357	366	379	398	388	389	360	354	327	322	315	321	334	343	318	306	306	317	319	315	277	269	298	250	222
67.5	73.6	80.2	81	82.6	84.4	86.7	83.9	94.5	89	98	92.5	85.5	94.7	91.1	91.3	94.3	110	133	168	175	189	220	193	199	223	217	218	226	241	260	296	292	288	290	301	298	298	283	231	216	212	220	201	181	164	195	236	188	183	160	164	147	127	157	136	117	105	146	177	185	235	238	257	245	238	242	240	230	222	241	240	241	247	231	223	251	241	272	315	307	304	296	290	284	258	278	276	276	276	280	256	248	260	279	359	341	349	379	385	380	352	342	326	313	311	313	310	316	323	329	316	359	318	288	267	267	307	265	230
60.2	66.3	72.4	73.7	77.4	79.6	79.4	81.4	82.2	79.8	85.8	80.2	78.5	77.5	82.2	80.7	85.5	111	140	148	159	166	185	206	211	218	220	236	248	247	266	300	299	305	311	322	322	311	274	230	216	224	206	175	166	182	187	195	154	159	167	134	152	145	190	150	155	120	110	136	166	243	257	232	227	229	235	223	215	233	233	232	221	227	247	241	245	230	232	296	309	314	304	274	281	264	280	281	268	276	291	257	242	248	260	309	324	324	308	382	371	352	346	317	314	313	308	306	315	317	329	319	323	307	303	272	330	301	281	239
55.2	60.8	66.3	69.1	72	72.2	76.1	76.4	76.1	77.8	82.7	72.9	68.1	65.2	69.4	71.8	76	88.3	119	136	159	159	179	188	204	216	220	245	265	273	298	323	318	336	344	335	326	306	280	230	214	212	204	166	162	183	207	198	167	179	176	122	122	129	180	178	172	129	120	148	197	198	221	241	234	237	247	219	190	209	200	220	231	226	230	253	222	237	254	277	305	301	289	276	263	261	277	290	280	273	287	264	246	250	249	283	303	297	298	360	361	348	348	311	302	311	303	317	320	318	314	301	309	299	303	308	304	340	272	250
30.7	36.1	41.6	34.6	37.7	45	51.9	55.3	60.2	70.5	79.4	64.7	64.5	61.5	55.5	72.4	69.6	79.2	97.3	122	153	161	175	196	201	222	240	258	271	275	313	324	306	306	356	319	289	257	231	196	173	160	169	172	163	174	186	179	192	169	163	135	137	132	165	165	165	157	164	170	189	182	219	207	210	203	202	177	163	189	182	205	220	219	228	272	255	241	235	272	291	296	300	292	256	245	248	283	276	288	319	305	295	301	303	297	291	290	303	313	301	294	317	276	276	280	289	294	297	319	306	292	299	286	300	300	276	272	263	261
21.5	25.3	26.2	27.5	38.7	29.8	33.6	42.9	45.1	50.6	62.5	63.6	56.8	59.7	51.1	58	62	71.6	83.4	119	148	171	186	205	222	223	249	284	315	315	328	325	322	323	366	300	269	255	239	200	185	153	150	153	151	162	164	183	160	157	164	138	131	138	141	151	147	142	155	158	170	181	228	216	211	204	182	172	167	177	175	210	198	220	229	269	260	261	245	254	258	263	263	234	226	235	229	242	243	291	319	280	318	288	292	312	295	299	309	323	291	305	295	264	271	274	270	290	308	328	319	311	295	294	292	304	297	293	261	264
14.1	15.4	16.9	19.3	33.1	23.4	24.3	36.7	38.4	40	46.2	58.1	57.5	54.4	53.3	51.8	56.5	63.1	73.5	101	133	150	185	193	208	219	243	286	330	319	325	330	317	339	335	279	267	256	256	198	168	149	148	147	146	149	153	153	151	150	153	131	137	137	126	146	140	145	163	183	193	194	237	223	206	202	176	166	172	161	161	193	189	193	217	235	263	274	293	261	262	251	242	226	233	225	209	227	221	226	265	270	322	328	295	309	295	302	296	287	282	281	285	261	263	257	260	294	312	332	336	311	299	311	310	293	293	264	262	265
13.2	13.4	12.8	14.7	16.6	17.3	20.6	30.4	31.9	35.2	41.7	64.5	54.5	51.2	48.5	49.2	49.7	55.3	64.1	90.7	122	149	182	200	188	233	247	276	308	323	310	296	284	293	296	257	265	242	226	194	167	170	165	160	149	145	150	149	143	141	131	115	115	106	123	143	138	150	156	222	221	221	245	230	213	204	179	177	192	168	180	208	201	197	217	242	294	299	280	281	270	269	242	242	228	218	205	256	224	233	266	274	293	335	319	308	317	315	287	282	267	259	260	249	264	255	267	314	324	342	344	311	297	303	301	308	276	255	262	251
3.77	5.9	6.43	7.87	7.82	7.87	8.63	10.6	10.1	12.3	19	42.9	45.9	50	57.6	36.8	37.5	41.2	48	63.6	74	93	116	136	160	173	185	242	262	318	297	328	260	265	232	226	236	213	206	221	204	173	182	187	167	160	157	151	149	153	148	130	115	119	125	128	129	151	155	250	271	287	323	274	253	234	205	165	204	185	175	216	194	227	242	214	256	310	290	244	240	229	206	200	192	188	188	241	217	218	274	283	300	299	278	297	305	309	294	267	243	249	262	246	257	255	258	307	328	330	318	308	302	301	291	262	242	228	225	205
2.34	2.33	3.02	5.07	4.97	4.94	5.23	5.75	6.58	9.26	12.4	29.1	31.4	33.6	38	30	33.8	34.5	40.4	51.9	63	71.2	88.6	110	119	117	130	182	181	223	239	269	244	230	238	199	210	229	225	212	203	172	167	176	181	165	158	148	146	147	141	128	149	142	120	122	120	134	145	176	205	285	331	260	245	203	202	183	172	179	181	218	208	218	220	203	217	246	299	300	234	210	209	201	191	189	191	207	221	230	243	263	281	279	267	303	311	314	306	271	253	256	262	259	248	247	266	293	327	324	324	320	316	318	308	250	245	241	225	200
1.91	1.85	1.91	3.46	3.3	3.28	3.56	4.19	3.93	5.45	9.54	23.8	22.1	23.8	28.3	25.6	27.9	30.6	34.6	46.1	54.2	62.3	66.8	89.7	82	100	119	140	145	144	174	193	166	183	199	184	217	255	233	221	197	189	177	182	168	168	167	150	148	143	141	117	129	132	127	119	137	146	144	186	227	308	275	276	247	198	209	184	175	198	256	235	207	221	217	216	231	263	276	277	212	214	257	231	191	181	174	210	231	226	221	248	278	302	249	299	316	329	311	288	265	255	266	239	243	237	257	299	316	324	322	315	321	320	327	242	234	236	211	192
2.2	1.95	1.72	3.02	2.85	2.84	3.04	4.19	4.26	3.92	5.77	15.2	18	18.4	21.5	24.9	25.7	31.3	34.6	38.1	45	50.6	55.5	60.6	65.7	114	97.8	113	123	132	153	148	160	172	209	229	216	245	237	212	210	196	196	188	173	160	160	155	155	147	145	142	152	131	167	129	142	169	165	240	206	233	214	209	205	191	216	208	212	234	196	212	217	208	219	228	248	269	287	237	202	210	222	193	188	174	181	293	230	234	233	234	241	263	248	286	300	324	309	291	266	261	244	243	243	247	264	302	303	304	317	318	325	317	302	249	233	241	230	204
2.37	1.11	0	2.21	1.82	1.63	1.63	2.03	1.98	2.74	3.62	6.03	9.34	10.5	15.5	20.4	25.6	30.9	36.9	36.5	39.2	45.5	46.9	48	49.5	66.4	62	77	75.9	73	95	166	255	303	365	324	326	337	324	259	223	210	226	210	182	169	167	167	154	151	163	153	159	155	166	152	201	179	187	218	231	203	211	226	206	185	194	198	195	284	243	192	192	192	214	200	240	210	244	242	179	225	188	155	144	179	186	227	227	225	199	212	204	217	216	244	240	315	319	291	269	254	247	248	239	241	255	276	293	285	297	344	324	316	311	274	257	247	241	227
1.08	0	0	1.76	1.34	1.12	1.14	1.39	1.39	1.72	2.49	4.29	5.12	7.03	9.79	16.9	20	22.4	30.1	30.9	33.9	43.4	42	39.1	41.8	45.4	46	53.2	58.9	61.7	55.6	93.2	142	357	389	328	328	336	328	295	248	210	233	216	170	158	154	173	163	152	167	140	147	155	157	132	126	134	167	189	196	209	193	234	209	187	192	184	188	203	208	176	188	180	164	206	213	216	208	193	199	191	219	178	187	188	154	192	211	216	223	217	195	206	207	232	242	281	272	286	279	260	256	263	266	260	256	286	305	299	295	334	323	307	291	275	246	241	240	227
0	0.09	0.06	0.851	0.853	0.862	0.934	1.09	1.08	1.36	2.41	3.21	3.7	4.93	7.07	14.2	16.2	21.2	23.8	27.2	29.6	34.3	35.5	33.1	35.9	37.2	40.6	40.5	43.9	40	47	75.1	105	189	281	302	280	312	342	326	271	241	219	201	178	176	154	177	186	180	173	159	147	155	174	169	165	173	196	166	171	201	229	206	180	198	245	196	174	174	198	193	174	164	159	217	221	213	209	214	222	221	237	220	221	210	173	186	194	212	215	231	213	210	229	233	237	256	288	288	284	272	261	263	259	260	252	282	310	294	286	324	310	293	281	264	253	246	237	228
0	0.24	0.27	0.837	0.838	0.88	0.899	1.04	1.03	1.38	1.64	2.76	3.04	3.98	5.58	12.3	15.6	18.5	21.3	25.8	27.8	32.2	30.7	32	32.7	34.2	34.2	36.3	32.5	33.2	41.2	110	111	157	207	283	279	294	329	280	281	275	227	200	197	171	149	168	175	172	174	159	164	169	154	142	188	181	156	168	180	214	269	214	212	228	214	213	193	176	194	173	182	210	205	189	182	214	203	249	283	239	239	285	263	205	225	276	231	214	223	254	235	227	271	274	223	231	238	272	289	278	268	250	251	265	264	296	302	291	286	327	311	282	276	264	260	260	252	235
