66.1	61.5	74.7	83.5	93.2	79.1	60.2	56.7	34.9	37.4	42.4	65.2	63.5	60.1	58.1	89.3	53.8	48.8	81.5	57.7	44.6	60.5	54.3	57.4	63.5	67	70.7	53.6	48.8	54.4	58.3	83.3	34.8	16.4	12.7	36.1	75.1	72.7	105	107	103	98.4	101	142	124	74.1	75.6	82	57.5	26.1	16.7	40.7	55.6	38.9	47.9	105	103	108	138	137	123	127	115	110	107	88.1	91.7	107	102	108	113	170	172	197	260	287	281	242	232	266	225	219	267	261	197	161	158	49.7	36.2	36.8	32.6	38.9	24.7	21.6	20	23.8	29.9	28.7	29.5	34.1	36.7	49.6	76.7	129	173	142	95.7	78.6	63.4	69.3	93.4	104	107	110	138	133	108	121	152	165
80	88.9	97.7	91.8	80.9	65.7	55.3	46.8	32.2	36.6	50.6	103	102	119	53.2	100	90.8	90.4	114	125	113	104	91	89.7	77.2	74.2	65.1	50.1	40.2	41.3	39.3	42.4	33.1	26.4	27.6	46.5	54.5	67.4	110	125	103	126	136	117	132	88.6	65.5	47.1	33.2	30.5	17.7	33.2	31.5	23.7	39.5	85.5	70.8	101	131	145	128	107	91.6	104	114	87.2	109	129	112	144	179	173	191	216	325	327	315	260	246	278	278	244	227	224	217	202	202	185	178	197	196	52.8	26.6	20	13.8	16.6	22.4	27.2	30.6	39.1	64.1	49.9	94.7	124	100	95.6	80.5	72.7	72.1	81.9	110	117	129	133	165	193	189	179	188	216
99.7	116	97.3	77.8	84.5	72.2	58	52.1	41	46.1	38.8	52.8	59.4	89.8	77.9	110	101	102	175	143	129	101	94.5	99.6	106	116	86.8	54.8	49	46	24	36.9	39.4	44.1	47.4	60.1	54.5	87.8	105	119	102	84.6	104	133	124	102	70.2	49.4	50.7	47.3	16.7	24.5	30	26.9	45.4	45	49.3	104	186	135	126	114	84.1	106	166	142	151	138	156	237	240	209	266	348	352	362	327	303	245	280	279	230	236	225	207	222	199	200	200	183	181	36.9	18.6	20.2	35.7	38.6	36.3	31.1	32.6	47.9	71	52.7	78.1	69.9	66.5	74.4	69.8	81.8	92.4	91.3	90.5	87.4	111	113	137	162	172	185	196	221
137	127	104	79.3	72.9	76.6	60.9	48.6	44.5	42.8	45.1	50.8	41	58.9	65.6	114	116	115	179	129	112	119	103	89.1	91.1	106	102	49.1	51	57	42.7	63.5	96.9	79.6	66.7	87.1	77.2	95.9	113	142	105	77.8	69.9	90.9	83.6	80.3	55	49.3	43.4	28.8	13.7	52.5	26.2	60.4	27	34.4	24.1	78.6	109	113	106	122	128	146	170	210	214	227	247	266	296	236	303	330	337	347	300	298	309	323	288	271	235	208	207	222	231	206	197	179	184	29.9	36.1	50.8	43.2	28.1	28.6	46.8	62.5	63.6	68.5	58.4	51.2	67.6	82.4	70.8	74.7	104	104	114	122	108	107	129	150	181	202	211	254	258
149	126	118	93.3	82.8	81.2	68.8	52.8	55.1	46	49	48.4	33.1	40.5	44.6	94	101	123	132	127	124	130	142	131	102	93.7	95.6	51.5	46.9	43.3	54.2	105	133	70.2	52.3	75.2	109	103	97.3	110	128	84	73.3	83	74.1	58.7	52.6	31	25.4	19.9	15	43.7	37.9	41.4	28.1	27	26.9	27.6	55.8	94.2	117	158	184	199	185	154	183	162	187	218	268	275	297	324	328	332	328	291	282	303	301	319	272	232	280	282	257	256	235	205	182	42	79.1	74.7	73.1	58.8	46.7	57.8	93.9	101	94.7	65.7	59.4	70.3	73.3	65.8	86.8	120	123	141	152	165	165	181	201	189	201	232	251	252
112	124	114	97.8	107	75.6	66.7	47.8	46.2	48.3	47.9	65.7	44.6	47.5	54.3	74.5	90	126	123	117	109	110	160	102	70.9	118	120	73.7	66.1	50.2	73.6	112	116	55.7	53.8	78.7	102	96.7	95.5	121	158	98	63.2	75.9	82.5	80.4	39.4	29.2	34.5	27.2	28.8	19.6	27.6	26.8	30.9	31.9	27.3	20.9	58	137	229	261	251	227	202	138	149	157	228	283	374	335	314	377	389	360	351	300	288	259	280	282	297	298	292	307	329	342	322	321	276	152	171	156	117	103	101	109	107	142	141	129	118	126	119	140	164	164	177	182	207	213	199	208	219	231	232	205	240	242
108	123	121	123	113	89.3	78.3	65.8	62.1	64.8	64.2	91.1	51.2	45.8	56	78.9	113	111	117	133	131	122	182	117	81.4	115	102	76.5	75.9	74.1	82.6	115	81.6	74.4	71.3	85.4	79.2	88.4	111	153	174	114	64.2	80.2	62.1	54.3	44.1	30.9	34.7	30.5	25.5	31.8	49.7	53.6	56.8	48.2	31.5	82.4	111	206	195	200	196	133	158	87	111	144	170	230	336	263	277	288	350	315	252	282	264	240	241	247	249	292	278	260	327	341	369	402	374	221	160	128	132	131	148	139	144	145	137	146	158	145	131	150	216	201	196	212	206	195	207	201	197	202	196	189	218	193
107	118	127	125	98.2	102	98.5	80.4	75.9	76	59.4	72.9	53.9	67.5	84	110	158	129	108	153	130	116	184	163	111	109	99.8	128	141	95.3	69.9	70	80.2	119	121	97.1	52.1	57	101	126	137	79.5	38	64.4	70.9	53.9	52.8	29.5	21.8	28.2	31.2	53.3	57.4	94.4	83.6	81.9	94	134	168	176	150	133	154	66	63.6	78.7	81.3	107	144	165	222	282	295	297	261	285	297	319	254	193	224	206	234	222	246	267	327	358	387	411	373	273	116	139	160	140	140	156	148	118	129	131	135	131	136	161	211	180	158	166	158	180	201	186	196	208	210	206	228	170
109	122	124	112	112	109	109	103	89.7	99.7	91.2	122	101	132	107	150	176	165	156	123	108	136	189	156	113	126	108	118	147	113	89.5	93.2	112	152	151	91.6	43.4	33.1	67.2	94.3	112	75.6	63.4	78.2	83.9	63.4	42.5	32	30.4	27	45.2	54.8	54	85.9	85.5	94.5	109	103	82.9	62.4	53.3	62.1	50.1	51.2	72.5	119	94.6	96.8	174	203	205	256	249	198	250	239	282	301	291	200	239	264	216	216	272	305	330	350	341	359	384	246	267	174	179	136	123	118	153	149	139	158	154	177	169	178	175	157	148	141	181	167	169	173	189	170	177	182	170	138
60.6	85.4	75.6	79.3	95.2	100	93.1	99.6	110	162	167	158	140	122	127	169	214	177	151	123	120	121	158	95.8	120	121	90.7	76.3	87.9	99.7	103	108	139	167	103	58.9	25.4	45.1	59.6	59.7	68.9	63.3	57.7	55.5	55.1	65.2	44.7	72.3	45.5	45.6	52.5	42.6	43.2	65.8	62	47.1	37.1	43.7	50.7	69.9	95.8	67.7	72.6	75.7	85.1	136	143	176	252	269	271	236	228	234	242	228	277	318	347	318	318	295	263	226	283	319	336	396	380	396	483	411	353	269	273	239	188	192	198	231	214	242	220	207	207	199	211	185	159	149	194	165	151	137	138	146	137	137	142	131
64	87	88.8	81.4	102	97.9	85.1	92.5	101	116	129	150	150	154	168	169	187	185	169	158	169	138	130	101	166	134	99.9	90.7	99.2	132	123	102	101	97	55	58	36.6	53.6	53.1	49.2	32.2	32.1	39.2	55.3	47.1	71.3	75	81.2	42.7	34.4	47	57.9	75.4	58.5	48.4	33.9	40.9	64.4	100	124	123	82.9	61.9	66.2	39	138	188	168	189	162	144	172	166	155	178	252	314	291	290	333	295	265	227	210	257	322	337	433	421	460	521	479	344	257	261	312	264	269	239	208	193	211	197	189	179	186	158	149	153	144	127	151	141	131	144	127	121	140	157	136
46.3	58.4	78	84.4	99.6	98.6	91.4	81.6	95.4	94	99.8	153	160	176	198	239	226	214	172	167	163	142	177	166	202	133	107	127	188	178	164	99.3	84.4	90.2	105	79.6	84.2	60.3	50.5	66.6	35.6	61.5	58	37.6	31.2	55.1	62.4	67.9	57.9	37.6	35.4	48.2	47.6	41.7	29.8	72.2	62.1	91.7	95.3	115	101	47.2	50.7	37.6	56.9	107	133	207	255	216	151	144	169	172	178	204	231	303	316	252	211	257	250	211	205	283	318	461	467	482	469	355	276	364	275	329	273	285	246	199	163	167	150	131	152	113	140	158	119	112	103	105	107	101	137	114	103	127	166	121
50.6	50.6	51.7	72	78.5	75.7	60.6	58.8	84.8	107	113	184	186	214	268	268	276	287	231	209	210	203	179	157	147	123	143	177	218	220	145	110	90.5	91.5	96.6	75.2	123	82.5	31.1	60.5	63.4	45.3	39.3	19.6	28.1	32.9	38.5	54.8	47	22	45.7	47.7	39.5	64	58	59.7	95	123	107	130	83	31.5	28.8	98.4	113	148	158	240	266	245	158	161	153	133	208	188	208	285	304	230	195	194	233	202	175	239	275	256	279	306	387	359	325	369	246	261	261	246	203	179	148	184	140	110	91	99.8	116	110	125	126	137	135	139	114	107	109	125	133	141	132
69.5	47.9	50.6	51.7	72.1	71.6	49.8	71.4	96.8	143	129	230	228	238	287	271	310	280	252	212	244	208	175	160	157	181	265	179	210	170	138	91.9	71.4	68.4	76.3	59.4	63.1	34.6	31.5	68.7	69.9	36.2	24.6	21.5	18.6	30	27.6	43.6	34.9	28.1	32.2	29.1	33.7	52.7	40.8	53.3	135	139	98.3	51.9	31.4	18.4	62.3	90	114	148	197	216	192	200	120	105	92.8	126	191	179	232	269	277	265	207	215	212	242	189	268	253	211	208	251	350	339	313	370	247	293	240	294	276	244	178	140	139	108	130	109	130	107	118	127	114	138	166	150	144	119	118	122	139	132
117	75.5	82.3	62.5	102	103	96.6	109	120	119	135	247	296	357	317	315	288	248	215	226	304	251	238	169	211	215	230	169	177	186	152	76.5	86.5	72.6	56.7	59.9	46.6	39.9	35.5	57.4	56.9	35.2	6.75	17.1	16.4	31.2	30.8	47.1	39	27.1	22.4	20.1	28.9	35.5	35.7	81.3	109	71.9	48.9	21.1	47.5	50.5	54.1	83.7	110	180	197	202	211	177	136	145	77	132	136	164	176	191	235	249	193	212	249	266	201	208	280	221	206	206	273	302	246	248	199	197	212	308	303	324	249	207	191	194	224	206	206	105	96.9	121	132	142	149	176	159	135	121	112	121	121
96.3	83.7	91.8	88.8	127	163	207	183	188	168	160	218	326	348	351	333	274	246	219	255	276	291	273	206	191	256	236	204	210	224	149	85.8	83.6	81	72.1	80.2	109	70.5	67.9	87.1	86.9	49	28.3	38.2	31.8	37.2	54.7	60.5	31.8	25.4	29.7	35	44	33.1	39	68.1	46.2	33.6	21	28.4	72	99.3	108	117	171	157	141	201	150	121	97.4	95.2	67	131	144	145	135	175	240	203	244	203	246	381	313	232	290	272	219	237	272	256	234	161	161	137	242	337	296	273	233	193	252	233	183	194	165	133	118	118	146	123	143	146	135	141	122	109	139	119
110	118	110	111	157	250	296	364	255	212	185	224	286	346	359	343	276	283	293	287	354	293	294	227	192	228	261	270	265	180	109	90.9	84.8	69.9	86	127	210	164	114	112	131	74.8	42.5	34.2	31.4	27.8	30.8	42.7	34.2	25.2	22.7	29.5	44.7	50.7	40.2	70.6	37.9	30.7	37.1	59.7	126	47.3	66.1	121	188	141	116	143	133	153	47.7	74.2	120	131	152	128	143	145	135	174	164	153	191	262	248	248	303	285	208	253	226	174	193	201	200	172	287	341	287	188	205	165	197	220	196	158	130	129	118	130	142	101	119	150	141	162	130	136	151	134
141	158	136	146	144	212	351	352	301	284	262	290	300	389	350	398	363	300	345	323	315	301	300	264	302	269	273	269	310	253	164	99.6	70.8	64.9	107	145	150	88.5	80.3	129	121	82.8	49	42.3	37.8	29.8	33	44.7	44.6	42.2	27.7	19.8	45.5	60.9	71.9	58.3	17	20.1	41.3	36.9	65.4	50.2	29.6	34.7	83.5	74.9	72	97.2	99	99.9	25.4	33.7	45.1	71.3	97.7	99.3	81.1	87.5	94.1	98.8	80.9	140	86.6	134	111	145	191	222	180	183	148	126	171	260	340	257	180	217	204	210	186	167	159	198	181	107	121	119	134	130	130	98.7	106	126	123	87.8	87.3	103	115	96.7
174	175	138	142	195	263	314	375	231	249	274	301	260	311	324	374	377	369	380	370	358	323	344	344	298	235	280	258	256	219	195	97.4	53.8	66.3	92.9	110	86.8	74.3	98.9	136	123	82.2	48.7	36.4	48.7	45.7	54.4	54.7	52.3	62.2	39.4	35.6	75.8	72	144	104	34.6	29.4	14.9	37	60.9	83.5	52.9	26.1	38.2	48.9	89.2	89.4	147	115	52.1	80.5	70.6	91.3	86.1	81.6	85.5	64.9	76.1	89	110	81.6	57.9	103	118	133	173	185	247	224	165	172	210	237	283	263	230	237	242	248	180	159	135	151	157	142	133	144	164	148	147	118	100	99.6	95.4	80.3	69.2	56.8	65.2	59.8
160	153	137	143	222	297	355	328	226	202	241	263	283	302	357	427	469	410	410	419	432	416	409	358	277	245	261	234	211	215	217	106	87.2	97.8	103	118	108	211	136	174	122	80.5	61.6	57.1	62.9	66.6	80.6	82.2	84.2	65	45.1	51.4	87.4	85.7	123	150	34.9	8.25	23.3	37.3	82.5	99.2	72.2	43.2	32.7	59.2	84	117	163	112	75.2	94.4	100	101	106	113	53.5	52.8	78.8	91.2	91.7	57.7	101	127	85.2	124	188	262	273	228	154	160	168	202	236	217	210	264	216	175	131	151	83.2	137	139	126	119	141	151	100	97.4	81.4	78.4	60.2	76.9	44	29.1	35.9	29.9	31.1
173	205	154	174	243	288	319	335	247	205	219	248	298	279	361	428	484	489	434	548	512	467	441	349	293	232	271	255	219	207	181	131	134	144	163	127	222	177	241	224	145	109	68	92.4	61.6	64	73.4	82.5	83.3	66.1	57.9	38.6	71.1	90.6	100	83.9	32.1	26.7	46.5	43.9	80.4	132	126	81.3	55.7	56.5	121	163	154	95	112	138	133	103	91.3	113	93	79.3	104	97.8	99.6	84.5	153	131	74	81.2	137	183	294	199	122	121	116	203	253	301	286	185	183	138	122	131	88.5	138	127	118	121	123	106	64.5	58.7	44.9	41.4	33.2	28.2	19.6	27.2	36.4	30.7	17.1
248	246	175	171	193	238	318	318	221	226	249	245	283	327	411	440	446	476	515	641	630	480	398	426	325	291	287	311	238	246	247	204	153	135	142	170	205	202	239	213	173	134	104	96.7	61.8	59.4	50.6	56.4	62.2	60	53.8	43.7	72.8	64.4	80	90.9	50	49.2	50.4	56	82.4	108	102	68.6	59.5	53.6	98.2	134	135	107	99.3	109	82.3	61.1	61.5	91.5	128	106	144	93.5	83.6	93.3	103	108	102	83.9	116	124	140	96.8	124	136	180	192	171	178	179	116	136	123	105	104	116	143	137	122	109	82.5	71.5	56.7	50.9	21	21.1	13.3	15.7	21.8	37	34.1	10.9	8.4
312	302	264	222	206	254	239	291	238	219	303	334	313	360	412	523	503	529	567	579	571	416	459	506	365	290	329	366	305	307	295	188	172	171	197	189	173	137	155	200	204	131	81.1	88	90.7	79.8	69.4	59.5	68.3	66.9	64.1	71.7	106	99.6	105	77.6	70.5	91	106	87.6	95.6	106	107	96.6	61.7	69.3	75.7	101	112	102	92.7	107	134	110	86.5	114	130	97.2	90.3	114	95.3	97.8	70.2	80.5	87.6	99.8	101	111	103	107	153	189	194	206	226	214	199	135	137	120	97.9	105	120	152	158	135	125	99.9	74	54.4	52.7	25.2	38.4	14.4	18.7	25.4	27.3	13.4	4.11	1.53
240	283	332	296	261	279	230	300	261	262	291	368	429	388	407	538	547	547	561	484	436	382	446	405	373	373	374	316	321	350	300	209	177	168	223	198	166	147	146	198	228	145	82.6	62.2	106	126	99.4	98	98	115	97	112	168	148	141	127	104	98.1	124	91.5	98.2	105	99.8	79.5	88.3	92.6	100	127	130	127	143	125	143	134	137	102	117	90.7	72.6	91.3	95.7	80.3	55.1	65.1	102	133	159	125	123	141	174	255	267	319	345	290	283	239	154	125	105	117	126	160	163	171	131	97.6	81.6	60	40.2	21.2	33.8	25.4	18.6	28.2	26.8	15.9	11.7	8.61
245	313	344	346	302	229	201	255	210	250	271	457	370	429	400	517	619	570	488	497	410	367	420	357	401	389	358	295	378	378	336	229	220	190	155	162	168	177	170	175	129	116	91.4	81.3	118	136	111	99	110	131	151	176	223	236	168	145	131	103	127	130	133	130	116	74	90.6	124	139	175	178	177	183	166	161	143	118	89.6	88.8	49.6	111	135	137	100	86.9	76.7	151	154	146	132	150	159	210	320	353	405	328	280	269	268	197	136	132	141	141	144	142	125	110	69.5	59.4	48.5	40	19.2	15.2	36.4	32.2	17.3	13.6	9.54	10.6	10.3
233	292	328	309	339	174	171	208	243	203	244	336	280	386	409	391	413	430	419	421	345	346	315	339	393	332	321	350	414	417	385	342	309	248	215	247	145	168	163	119	99.2	101	81.8	84.9	132	138	116	124	127	145	132	184	199	206	223	124	121	125	160	282	157	125	160	153	127	127	140	198	192	177	209	171	151	151	134	106	109	70.7	78.7	100	94.2	71.4	94.8	81.4	102	159	150	196	194	183	222	311	314	420	399	253	245	235	177	151	152	184	166	152	152	128	104	64.4	48.5	39.1	36.7	34.6	30.6	31.8	25.6	21.1	19	21.8	18.8	1.08
301	335	332	316	281	171	186	228	191	236	258	314	398	441	396	383	404	435	456	468	357	349	343	331	359	324	319	382	415	426	402	433	322	235	222	210	188	202	228	120	104	99.3	79.8	105	148	145	136	169	197	190	249	200	205	205	200	99.4	142	178	188	187	181	158	183	217	158	144	159	202	208	201	235	210	199	170	129	118	95.5	82.6	60.9	65.1	95.6	70.6	77.7	84.6	112	170	159	189	181	192	284	315	267	325	333	278	235	212	173	172	182	210	209	189	185	180	125	83.9	63.9	46.6	46.2	41	28	19.8	17.4	20.6	19.4	18.8	19.6	2.19
276	301	273	302	302	233	241	307	266	265	287	382	434	416	433	422	410	374	390	417	383	407	336	301	326	351	373	330	385	431	446	484	400	295	248	209	213	236	238	140	133	123	122	134	162	212	232	264	264	299	293	308	245	265	245	139	138	142	288	197	218	213	191	202	219	244	290	186	185	238	305	263	205	181	130	140	90.4	99	66.2	64.2	74	71.7	79.2	65.1	83.6	130	125	166	146	167	211	266	189	142	188	217	189	189	187	204	196	210	217	212	200	203	137	111	101	84.6	61.9	47.9	36.5	31.9	24.8	18.9	19.7	21	20.2	3.57
280	293	256	289	265	274	244	275	296	269	381	545	517	492	472	419	410	339	347	366	396	414	370	361	354	327	350	337	384	419	436	451	423	290	257	274	308	233	211	199	154	168	197	190	209	287	305	333	247	292	327	389	346	368	297	196	163	159	214	222	220	275	278	249	323	277	278	216	186	207	210	237	198	160	122	112	111	90	62.3	63.5	61.5	73.8	82.6	59.1	76.8	102	131	197	147	123	135	147	142	99.1	161	184	213	244	288	286	249	230	210	207	192	212	167	146	161	143	110	72.3	45.9	37	28.5	21.5	21.9	22.9	21.7	1.38
317	324	287	277	299	298	282	271	295	287	353	363	385	373	363	317	324	282	283	306	335	354	331	381	306	267	298	301	339	404	405	369	300	246	243	225	250	260	216	250	198	167	186	211	270	347	314	289	258	274	288	289	310	419	330	287	270	277	329	259	267	345	436	290	285	295	212	227	190	157	166	164	158	150	141	135	113	87	51.5	64.2	78.9	82.5	84.3	72.4	73.2	84.8	99.8	127	144	140	164	172	165	177	234	226	248	265	279	253	240	232	202	199	202	238	201	206	180	218	167	99	61.9	44.2	27.4	26.4	25.1	31.1	25.3	17.4
283	270	281	290	303	286	274	236	299	344	386	406	329	366	338	329	326	360	328	317	390	356	345	331	290	312	336	351	304	360	384	306	274	235	227	198	219	230	250	252	232	192	208	226	258	288	315	292	281	295	263	308	323	323	325	321	302	303	348	249	284	286	334	337	345	268	206	181	149	137	141	155	163	175	131	120	90.5	72.8	74.3	73.3	84.5	84	103	67.6	85.1	110	94.6	116	140	163	216	237	228	294	325	273	257	248	270	251	270	238	259	229	213	216	241	239	206	207	169	114	79.5	58	42.9	36.4	44.9	51	34.3	19.7
301	296	304	320	359	307	308	311	332	395	404	437	366	384	412	348	334	305	316	271	283	315	268	280	284	355	316	339	331	361	338	303	268	243	244	238	233	232	246	260	239	213	238	242	239	271	256	294	275	294	277	306	326	323	331	289	295	300	346	299	291	262	273	289	344	217	173	158	154	135	141	160	160	160	134	100	85	80.9	117	111	78.4	82.4	85.9	68.7	76.5	105	113	142	177	195	239	298	287	385	397	312	263	258	267	261	249	238	228	244	227	230	212	220	211	190	188	123	98.2	72.7	60.7	60.7	61.6	47.9	35.2	25.6
392	352	355	307	418	457	360	347	324	347	360	374	416	434	394	306	270	260	277	309	315	380	283	270	275	317	332	370	435	376	335	322	304	309	317	293	270	232	221	254	264	262	278	305	292	260	293	325	309	297	318	283	306	319	348	280	298	304	313	345	373	330	283	273	280	230	193	175	150	132	157	134	136	173	156	111	107	106	92.5	96.3	81.9	72.1	80.5	79	77.5	108	147	173	188	222	234	281	317	356	355	297	280	286	314	284	242	232	221	241	203	189	178	172	204	175	146	153	120	98.1	99.5	90.7	83.8	60	54.8	39.2
345	378	383	457	442	413	368	310	279	324	374	331	374	335	356	274	243	239	249	311	312	305	253	269	267	299	313	348	382	385	322	305	303	287	264	238	216	209	209	283	280	328	323	329	350	332	330	346	300	274	291	290	324	305	270	275	294	336	298	318	347	274	277	306	295	271	218	198	181	134	126	124	156	183	175	129	112	92.3	78.5	76.8	83.3	75.6	81.3	73.6	79	100	120	138	156	161	200	239	290	283	281	322	278	270	251	241	217	216	183	161	131	138	145	188	232	228	181	151	113	109	140	140	103	96.2	95.8	68
338	392	394	491	501	353	276	268	318	284	303	310	337	307	311	284	268	266	266	307	316	280	279	276	286	304	327	328	342	347	311	287	287	278	283	262	197	201	220	258	268	314	334	346	325	393	352	377	316	336	328	309	339	298	255	322	307	349	315	332	354	323	336	353	323	320	261	261	234	171	157	175	169	183	186	143	117	86.6	86.8	82.9	85.5	84.8	99	107	135	119	117	131	199	184	215	260	273	264	316	321	309	272	230	227	217	190	162	113	119	121	121	141	144	150	142	121	102	132	205	169	147	127	106	81.3
316	341	381	428	450	366	304	261	240	251	358	283	312	313	325	307	276	310	309	360	293	297	292	296	312	325	333	374	367	314	293	304	360	337	357	314	246	229	242	274	282	313	308	314	314	355	351	433	415	340	322	304	310	284	302	330	354	368	333	379	426	454	325	293	297	328	301	278	262	181	157	177	212	181	176	161	126	104	109	109	90.3	87.8	97.9	97.5	118	145	155	166	224	242	254	243	298	286	302	314	285	224	181	216	201	175	150	139	120	90.6	74.4	86.4	91.6	119	102	87.8	96.9	136	175	169	180	142	113	91.9
316	338	354	399	406	437	361	272	266	230	311	279	301	311	316	327	299	326	347	389	315	293	259	297	327	349	389	394	391	356	306	315	391	373	359	322	278	284	295	301	281	302	329	303	298	349	396	431	391	391	339	329	314	306	332	367	424	405	371	372	366	379	357	277	294	275	274	247	226	221	207	197	215	184	179	159	143	120	125	157	132	126	134	102	130	154	181	149	183	210	202	218	252	272	280	264	229	176	165	207	173	180	166	169	111	95.3	107	132	92.5	99.4	95.6	99.8	110	119	152	150	137	124	116	102
315	330	380	399	377	411	380	309	335	284	338	309	317	333	329	329	321	330	326	321	277	257	262	252	221	282	372	327	319	337	297	271	350	336	316	324	287	297	310	299	253	259	284	331	371	338	337	341	361	372	381	332	299	315	304	329	365	383	370	340	365	370	381	315	298	278	255	223	202	254	228	188	196	177	181	178	154	140	137	124	145	165	172	103	114	131	124	126	135	147	157	198	265	262	313	287	210	182	189	206	193	186	188	179	175	186	247	198	118	98.2	92.4	118	106	117	140	140	123	125	126	123
314	340	352	360	364	357	341	297	317	332	344	326	331	321	326	331	338	365	335	286	317	278	242	203	216	282	312	314	311	367	324	284	308	288	276	302	297	316	340	300	249	277	306	344	363	371	388	366	382	371	374	318	297	318	323	324	312	401	327	391	409	404	419	388	289	231	259	251	223	229	201	181	204	184	180	191	170	167	170	150	172	135	148	117	103	115	109	103	142	165	174	225	279	264	256	304	250	216	198	217	219	201	217	297	268	270	227	177	152	129	94.7	119	113	134	145	140	128	134	149	151
259	329	350	351	327	314	292	262	325	336	348	321	350	345	340	352	393	394	364	322	332	296	270	228	311	322	300	292	350	403	391	345	303	298	279	324	349	282	287	304	274	311	367	379	369	409	409	466	383	378	348	320	289	314	337	327	336	431	332	386	401	416	349	356	308	254	209	202	211	209	185	207	241	171	199	205	172	185	186	226	207	149	122	122	130	147	119	172	200	208	226	234	209	215	236	295	289	250	214	236	248	277	258	300	316	314	256	156	100	99.5	89.9	130	133	131	155	165	148	144	160	169
257	329	375	363	329	334	322	278	341	407	413	371	393	375	341	350	370	391	358	342	336	358	314	277	315	312	256	283	379	371	380	332	301	324	313	352	361	292	267	299	314	341	367	394	382	395	399	380	339	335	332	288	260	268	292	345	351	317	301	341	314	348	340	286	313	276	193	179	208	238	197	225	252	205	201	183	165	164	205	239	204	176	130	130	155	160	154	230	227	226	222	192	189	194	215	226	276	309	303	319	273	263	248	265	252	255	206	164	107	83.3	97.1	126	127	117	133	130	140	154	155	167
308	360	353	339	336	366	370	357	394	479	506	454	432	409	379	348	366	384	355	315	345	327	329	264	322	286	285	256	319	334	335	305	267	298	332	384	363	292	312	341	369	423	400	406	402	462	425	403	339	323	313	247	201	247	289	321	282	259	263	274	293	342	259	227	245	205	169	182	184	188	177	183	214	179	181	186	172	221	229	269	224	243	196	206	172	155	147	174	253	310	276	244	191	178	214	196	269	405	334	310	258	260	206	195	165	171	143	140	107	83.8	73.7	81	89	99.6	85	94.4	104	134	149	133
350	364	331	310	339	357	369	356	455	481	548	475	448	415	387	363	351	349	339	342	339	335	331	265	244	255	284	317	372	342	384	339	313	356	343	337	330	375	408	396	381	441	538	423	424	415	389	365	346	363	340	267	217	234	298	290	300	380	316	333	305	317	330	272	263	241	193	198	233	185	175	188	180	210	177	175	201	267	286	308	276	302	278	262	232	210	269	208	265	327	248	197	187	172	194	193	216	220	294	259	242	240	196	200	220	169	151	160	157	117	114	95.7	95.8	91.7	77	86.4	93	124	144	131
443	413	359	335	341	353	382	386	425	466	512	469	460	434	386	372	352	346	344	366	362	361	356	260	244	290	308	354	336	311	335	328	301	344	313	364	356	364	419	426	399	454	514	450	426	451	430	393	354	365	333	360	280	273	319	294	239	323	338	254	268	360	317	262	278	258	203	188	203	223	176	190	196	229	192	185	232	261	269	312	266	264	280	289	247	242	310	214	202	193	152	156	166	176	196	196	254	206	279	282	234	248	233	201	185	220	166	147	113	107	101	103	104	84.6	74.8	82.4	89.9	107	112	119
400	441	420	369	321	399	399	359	409	459	512	433	459	434	406	359	365	367	392	407	394	395	367	297	322	331	323	404	345	333	317	297	255	291	308	340	383	364	384	428	466	480	512	467	416	464	509	477	401	356	347	439	397	376	328	244	242	291	384	278	292	365	319	239	256	275	277	231	206	208	214	223	234	238	187	210	229	305	345	284	253	259	240	225	217	236	203	171	205	198	136	187	247	233	181	175	179	227	219	245	218	217	230	220	206	162	136	103	92.4	111	118	80.6	86.8	88.3	85.5	91.7	104	98.3	97.8	116
314	384	429	311	312	339	327	304	356	347	474	444	449	420	400	338	346	378	429	451	437	413	421	321	362	394	340	329	325	362	284	254	248	266	292	325	338	348	350	408	444	496	473	487	448	504	511	451	403	394	403	455	422	413	401	267	270	281	309	266	340	308	240	197	171	206	253	250	208	276	247	267	262	236	208	288	303	249	354	312	325	282	241	230	189	168	173	216	242	198	148	169	207	168	162	158	158	167	208	191	198	216	203	186	152	135	137	121	105	104	93.7	77.9	89	89.4	73.5	73.4	87.4	79.6	91.3	99.6
309	330	327	326	321	281	285	289	314	348	412	385	458	456	415	404	381	344	391	400	447	429	401	310	377	482	329	324	306	349	271	240	256	275	310	353	348	340	359	381	397	429	491	553	558	603	556	541	524	458	444	451	430	474	411	366	372	318	323	303	330	304	274	217	182	182	192	273	240	246	281	318	231	275	254	293	260	211	249	286	362	240	246	233	209	181	196	306	243	213	237	176	201	149	142	140	155	146	167	188	254	284	235	213	213	148	143	119	105	106	127	129	135	108	104	112	104	95.7	95.6	111
266	253	290	294	300	267	249	270	296	337	349	347	424	454	474	417	359	347	367	358	369	392	402	280	309	346	364	367	300	336	280	248	232	251	277	356	379	328	339	377	346	473	566	509	477	551	465	594	529	460	412	385	411	429	376	313	309	329	409	383	350	364	296	248	250	177	183	224	215	252	255	302	284	284	237	258	186	215	194	182	248	211	256	284	296	266	228	247	245	270	240	225	222	228	136	136	181	177	205	256	288	305	260	265	249	208	145	146	155	149	171	183	180	146	143	139	137	119	121	148
265	225	226	233	266	266	238	239	286	327	368	345	388	430	490	430	351	313	299	323	381	392	399	338	316	287	341	336	297	348	347	286	245	250	269	348	365	334	323	366	382	487	532	444	493	579	521	452	531	458	437	401	366	378	371	313	256	296	329	301	346	349	345	264	275	254	227	213	252	286	255	258	325	265	249	254	187	222	182	173	244	241	261	303	307	289	261	283	259	329	301	244	210	206	174	195	256	262	264	291	335	358	269	276	229	236	185	191	172	159	184	220	187	185	184	150	150	161	145	118
191	181	195	219	227	237	224	215	241	269	290	345	379	408	421	403	399	379	371	352	425	444	406	381	380	350	358	376	337	349	346	329	303	301	305	327	326	331	326	360	365	399	359	371	429	483	440	484	610	488	494	437	400	344	364	264	291	317	381	340	337	360	301	259	275	374	309	286	304	348	289	282	330	312	250	257	262	225	239	259	317	342	299	288	283	316	306	275	219	226	242	273	230	194	182	204	264	248	255	265	294	253	228	214	179	162	134	150	147	162	173	221	194	190	172	145	149	144	141	96.8
182	181	201	224	246	221	232	222	252	280	290	305	353	380	381	388	400	386	378	334	367	442	457	358	405	401	525	443	351	344	329	322	302	297	296	339	366	352	343	358	355	363	348	406	478	404	406	494	560	537	514	391	309	453	484	335	318	324	343	307	318	301	365	323	288	289	254	263	247	283	334	316	326	276	272	248	231	253	301	319	362	356	317	320	388	324	292	299	262	236	319	287	258	204	209	202	238	265	265	267	274	265	268	212	149	147	158	173	176	178	198	210	198	148	111	136	135	143	123	127
184	189	197	237	243	212	218	226	241	261	291	299	326	338	355	370	405	387	328	309	331	420	405	321	401	364	404	364	303	344	348	309	289	280	304	346	391	385	345	357	374	377	362	389	448	424	405	441	459	411	354	347	297	318	544	420	347	270	277	225	236	233	371	360	347	315	227	245	267	296	344	316	267	283	320	218	231	280	349	359	348	357	346	329	369	353	297	239	221	371	299	270	255	235	233	227	291	316	284	283	287	270	266	204	169	187	172	215	197	180	215	238	171	125	164	165	143	125	123	111
187	182	181	207	202	200	219	221	242	270	262	266	289	303	281	305	353	361	333	324	337	357	364	323	315	322	352	344	320	350	332	311	300	300	316	365	385	408	387	385	427	419	399	404	432	447	407	452	532	370	337	353	326	353	390	362	329	288	298	256	265	230	292	289	284	285	292	302	334	361	448	416	383	281	206	207	232	228	230	312	273	349	337	386	413	410	352	314	308	404	363	310	262	221	209	275	340	339	291	290	301	284	220	218	203	216	188	214	216	207	232	228	162	119	150	128	123	121	123	117
180	182	160	158	159	164	189	209	235	241	229	252	239	235	262	305	355	415	450	450	469	417	364	316	324	346	359	377	375	368	369	355	362	329	358	401	432	447	420	395	416	437	429	398	411	450	422	401	422	407	335	336	327	371	465	389	321	320	278	229	274	257	310	313	293	285	341	329	360	359	357	385	317	272	243	286	175	224	228	236	273	325	313	310	315	360	281	277	281	271	303	291	301	254	248	301	380	326	330	302	291	262	236	237	230	230	215	226	207	204	222	271	190	126	136	104	117	133	171	143
185	182	173	144	142	142	162	196	209	233	238	223	215	227	205	301	357	389	441	441	499	444	370	309	324	410	378	379	384	389	363	302	377	371	350	426	473	453	428	409	449	443	430	407	416	451	449	411	432	392	312	293	325	409	461	356	302	259	222	234	305	309	298	342	326	302	305	340	383	410	378	362	317	310	295	256	196	257	251	262	304	261	287	319	354	355	302	268	264	297	334	289	290	275	263	315	345	372	412	314	309	262	292	295	265	242	224	241	227	234	207	250	178	168	198	196	184	196	185	146
201	197	172	137	129	139	169	182	209	226	229	216	247	232	231	304	338	372	358	381	388	400	355	267	292	332	424	463	470	415	355	331	375	379	355	429	436	446	455	446	461	429	438	445	428	437	421	363	401	377	329	313	341	395	392	435	365	329	282	377	356	360	324	348	354	320	299	355	387	395	405	374	313	318	239	240	237	288	328	329	298	294	312	301	287	300	320	298	256	263	304	325	280	309	311	305	350	428	429	306	287	260	298	326	256	264	239	262	247	261	248	252	160	166	218	214	201	222	190	154
192	199	165	156	150	155	159	178	198	206	239	227	252	249	234	258	334	317	301	263	318	327	360	279	287	345	429	483	546	461	386	344	374	398	359	397	414	441	444	436	446	427	442	503	471	460	412	366	440	423	356	347	403	326	323	375	462	393	328	338	333	317	255	312	303	283	288	324	328	356	354	349	306	290	266	278	325	354	320	381	342	426	376	370	416	302	313	292	306	297	394	376	312	336	359	368	368	395	363	303	268	264	271	284	289	254	304	294	295	267	246	331	289	214	187	184	185	199	159	152
217	235	201	162	169	156	146	181	199	187	216	284	256	275	226	228	254	281	240	268	280	290	295	254	260	331	393	419	426	416	403	347	362	374	383	395	418	458	464	414	420	432	456	449	440	437	421	354	390	408	369	325	286	291	367	375	455	321	328	308	336	327	232	251	268	276	300	292	308	330	370	331	320	309	330	360	367	371	346	400	350	357	349	382	386	405	342	327	305	351	348	344	316	319	361	362	324	303	377	311	287	258	244	275	288	281	321	393	334	341	257	310	272	234	219	171	180	168	169	135
238	231	199	169	188	194	180	187	217	197	210	233	244	258	218	215	237	244	228	221	241	298	287	257	249	274	369	390	396	374	383	372	387	354	355	407	429	448	472	425	427	435	438	466	444	441	439	352	352	355	313	370	307	298	290	355	428	311	285	269	326	351	330	293	267	263	277	262	269	271	321	306	291	324	355	394	416	401	420	420	381	393	377	383	397	375	361	269	320	416	444	334	374	301	290	291	281	318	329	363	322	280	256	238	253	309	297	336	297	297	233	233	244	245	252	186	177	182	195	199
251	238	223	202	183	204	194	202	224	213	224	285	297	290	252	236	229	249	229	226	219	271	308	279	258	281	305	291	317	353	424	466	386	379	378	395	410	439	450	415	416	428	435	487	470	463	441	311	329	390	375	463	337	336	306	312	364	298	278	246	243	397	361	310	275	258	274	280	282	260	288	301	315	341	342	442	440	415	446	443	436	487	438	362	427	358	339	308	365	395	412	400	367	364	327	276	266	313	317	373	358	316	283	265	276	340	344	354	268	260	226	222	311	288	264	217	208	344	332	183
264	265	234	224	208	204	160	184	232	269	238	260	302	301	256	269	263	239	246	256	242	292	255	228	256	306	293	259	298	369	421	481	351	380	407	378	387	411	437	408	427	449	461	469	442	440	412	286	300	320	319	409	293	310	340	295	334	298	325	336	303	320	291	287	277	262	302	320	307	329	342	330	326	344	355	384	405	428	509	517	454	468	460	352	351	336	298	369	380	358	407	334	346	335	294	271	241	272	312	341	317	306	287	266	277	350	347	398	248	256	266	302	335	318	360	341	318	238	213	150
279	229	271	232	224	169	153	174	218	271	325	303	263	283	279	279	270	250	265	240	229	244	251	215	223	248	280	274	305	343	382	450	377	343	384	330	354	383	440	399	403	456	557	395	322	315	363	351	410	404	345	353	357	333	400	366	328	263	238	247	364	263	207	252	238	229	266	293	354	340	374	326	335	348	331	391	398	395	510	510	448	514	470	375	372	282	248	246	273	315	331	341	376	271	254	279	253	249	296	329	345	277	284	321	334	350	340	358	313	285	302	300	334	303	376	262	218	188	149	141
282	236	324	239	221	201	196	209	251	242	246	273	295	239	249	222	216	240	275	245	201	221	235	209	204	243	294	265	270	286	319	324	410	363	339	315	356	385	391	379	370	368	408	391	315	278	290	310	298	380	403	459	391	308	346	368	277	255	246	248	279	256	188	221	263	254	256	275	322	347	361	336	354	350	338	380	405	365	395	398	431	508	416	394	408	334	232	192	227	288	310	338	295	291	270	308	286	299	376	308	296	259	272	303	327	370	395	379	332	275	262	295	299	303	383	220	201	193	174	150
257	270	301	240	212	232	244	246	265	241	233	237	241	283	249	220	213	230	251	241	215	219	229	201	217	240	302	271	256	252	289	313	342	340	366	312	337	347	391	334	350	333	304	335	374	334	268	284	291	364	391	454	384	312	310	241	221	210	212	207	199	237	263	247	246	261	226	256	290	300	308	352	361	350	317	461	373	374	330	296	357	390	362	372	393	305	255	221	219	213	273	324	297	333	444	433	307	321	317	356	339	302	313	347	344	388	432	417	373	337	305	315	281	306	377	232	223	184	162	222
397	275	257	293	227	249	236	263	285	293	274	263	260	267	285	221	229	225	226	258	242	222	217	204	208	231	284	294	268	244	269	312	337	329	342	347	341	304	297	256	277	291	219	297	324	336	305	308	330	323	335	347	324	317	283	214	196	239	229	313	298	270	284	249	247	244	231	266	304	317	328	362	318	353	369	416	378	329	284	342	399	374	440	387	457	324	328	304	271	231	262	303	305	332	325	351	359	353	352	375	362	355	391	354	345	388	406	423	338	372	331	318	324	325	331	267	210	194	195	164
363	301	317	381	345	343	286	358	314	296	294	262	270	223	220	253	244	284	252	259	242	246	231	208	199	207	234	257	249	247	264	304	295	315	335	339	362	301	262	183	241	208	180	205	276	343	320	310	262	262	246	303	272	267	246	201	209	211	226	308	263	263	313	345	334	323	315	275	313	325	370	357	311	347	377	371	302	293	320	363	418	375	397	391	371	296	341	307	297	233	262	390	359	343	315	333	334	335	374	456	410	422	359	341	358	357	382	374	313	324	330	324	335	316	288	268	246	206	213	179
293	322	414	438	430	463	396	399	318	253	231	222	222	213	236	242	244	290	294	274	272	275	250	220	219	203	219	211	222	249	256	255	262	250	303	300	250	250	225	181	226	269	259	232	248	278	346	276	265	185	208	260	321	289	253	235	247	253	253	290	287	293	378	384	368	389	371	345	288	288	325	395	356	293	315	337	364	368	310	386	407	387	386	312	380	400	353	319	321	366	417	423	393	342	344	395	313	321	383	442	422	415	363	352	363	358	342	355	294	247	249	310	310	320	314	309	277	240	228	196
218	332	335	337	297	320	392	374	336	260	204	213	239	288	253	262	247	264	273	285	289	284	290	259	243	238	245	220	226	227	231	231	220	213	255	277	259	232	230	224	239	320	379	262	234	232	289	279	244	204	223	272	292	387	297	230	242	279	282	330	326	355	447	496	369	338	322	349	331	298	311	357	331	305	304	317	323	361	354	406	440	364	348	273	318	393	334	302	316	493	517	459	534	367	341	448	352	358	367	388	412	429	410	360	343	371	336	368	314	218	229	339	364	289	347	348	274	316	235	218
172	279	333	405	397	457	392	397	325	342	317	283	294	287	254	269	279	267	246	275	279	296	293	289	287	263	265	245	212	220	214	234	204	202	217	240	236	219	254	315	309	333	381	364	265	264	254	241	213	189	191	236	259	256	246	223	186	229	272	307	352	362	404	426	371	331	393	417	364	271	281	285	263	300	331	296	293	301	332	413	415	319	332	291	328	320	298	249	353	448	444	396	348	408	433	459	367	385	405	381	477	493	471	376	371	378	365	375	321	232	197	351	346	348	351	320	282	281	265	217
119	145	193	343	317	383	337	337	305	280	314	466	388	421	381	354	348	371	289	293	299	276	367	303	297	282	243	201	182	200	222	218	202	194	190	185	212	212	235	226	245	251	284	386	401	276	254	212	190	167	175	193	203	205	193	162	172	213	212	267	315	327	343	363	330	363	410	389	312	247	240	237	257	276	280	276	246	241	281	354	339	292	306	348	332	284	274	316	398	474	409	301	325	352	420	485	442	367	338	381	436	451	455	392	346	405	380	372	310	287	243	305	387	362	343	305	276	287	305	274
141	133	137	212	260	234	261	311	319	320	331	383	391	397	434	490	429	418	407	412	343	271	316	292	311	278	256	216	202	174	167	180	157	166	172	180	202	210	223	209	201	231	229	336	357	316	271	253	240	218	183	222	209	199	192	183	209	194	191	243	306	281	299	340	411	391	414	420	306	218	204	214	285	288	255	257	260	282	298	327	339	339	328	320	293	280	291	322	396	499	367	272	258	314	401	395	392	328	340	380	385	435	394	352	309	318	324	332	402	292	251	298	370	332	345	303	302	287	315	279
125	144	137	155	182	183	188	244	313	334	373	452	336	308	346	433	442	429	404	419	295	265	287	263	221	223	234	205	205	173	163	160	146	144	153	178	191	203	214	196	195	217	247	249	269	293	283	288	301	258	232	210	168	194	200	222	219	206	209	236	233	275	253	257	283	271	321	362	280	239	219	216	219	226	247	226	281	307	336	313	318	362	370	323	292	337	320	337	337	435	362	275	263	278	415	425	411	347	372	418	379	376	379	324	296	324	300	372	388	304	274	288	349	367	375	326	324	309	300	293
113	124	126	133	152	157	152	194	271	379	491	529	416	436	371	349	343	361	323	319	317	324	296	232	204	208	214	178	163	153	176	150	140	129	142	162	180	219	223	202	206	195	212	229	270	292	275	305	368	285	205	173	168	197	194	175	204	227	219	212	224	292	266	240	236	187	250	294	242	241	261	292	235	248	241	242	336	455	461	391	349	339	356	287	296	359	377	311	283	310	310	245	247	227	348	358	344	321	397	386	366	393	331	308	302	287	251	262	264	258	277	270	308	302	334	334	330	322	306	309
94.6	98.3	101	123	113	113	111	117	161	313	469	684	665	583	562	478	424	349	327	348	336	380	283	207	187	210	188	173	146	139	159	151	138	131	138	149	165	177	193	204	195	192	209	195	233	236	231	292	293	233	186	175	191	197	171	176	189	206	203	224	262	264	254	231	236	207	220	265	255	260	309	307	264	240	275	279	341	379	332	340	313	305	347	331	313	350	357	350	286	287	317	254	277	278	272	254	259	294	291	326	330	346	292	289	288	260	247	252	241	246	249	258	321	312	322	345	330	305	321	322
84	81.1	95	115	122	121	116	90.9	91.9	199	312	394	708	715	736	591	515	422	418	410	369	343	280	217	197	175	171	152	141	141	136	144	149	141	148	170	172	187	216	218	190	188	201	187	187	151	186	239	261	221	199	176	217	215	173	201	211	213	199	250	270	254	235	205	241	269	315	274	283	294	306	281	238	270	319	355	295	244	283	334	318	326	337	344	324	306	289	284	279	269	304	303	345	291	264	272	251	266	304	337	303	295	266	279	280	276	252	248	248	262	267	284	330	325	338	339	338	320	355	312
85.3	81.8	89.5	84.6	91.1	110	117	102	84.8	129	200	218	252	322	475	471	523	450	485	458	404	377	262	210	193	167	157	141	135	149	135	161	165	161	158	186	183	208	223	218	187	185	204	188	174	152	161	191	232	210	207	208	249	212	218	193	224	241	205	217	266	241	201	216	244	297	279	289	288	296	270	251	278	294	311	315	322	307	316	317	330	355	352	329	338	316	266	286	296	307	350	349	317	287	264	272	259	256	282	336	352	323	280	296	298	294	279	276	280	280	348	349	366	339	352	345	347	387	403	351
72.7	77.3	89.4	101	91.8	93.6	115	104	103	108	126	149	145	166	183	267	329	333	312	273	279	252	234	195	169	162	160	150	146	142	162	178	176	172	165	194	205	209	219	205	192	199	233	189	175	169	152	171	197	253	202	183	219	193	193	203	215	208	167	160	243	218	206	235	218	230	258	259	265	266	236	231	276	358	370	330	338	371	355	340	356	351	371	399	388	316	303	282	256	302	332	334	311	264	245	304	283	298	287	307	321	297	307	327	330	327	278	284	271	245	312	380	329	314	346	367	351	331	375	336
57.4	72.8	75.6	81.5	74.6	75.6	93.1	110	80.7	85.9	93.4	121	111	112	109	135	162	166	159	144	190	183	142	155	165	232	261	215	184	174	173	192	203	217	207	198	214	222	212	209	203	203	222	233	201	180	161	170	199	207	189	153	174	189	169	181	184	202	160	153	231	205	185	250	222	214	238	210	208	221	206	198	214	287	306	306	286	296	356	310	299	286	290	345	382	312	320	323	279	275	281	340	359	304	288	262	281	302	333	302	296	308	343	324	334	325	292	285	252	241	287	369	341	343	363	391	349	365	351	355
62.2	69.7	74.7	73.8	84.7	87.6	76.9	90.6	93.7	91.3	97.7	108	123	106	94.8	104	110	144	147	133	108	109	120	146	169	225	256	253	214	193	200	210	235	252	254	227	215	235	228	194	190	202	204	200	212	225	220	188	164	180	177	172	146	165	164	178	169	164	146	169	166	181	182	223	251	251	231	184	172	199	196	192	214	218	220	239	279	261	275	280	286	257	276	325	314	280	283	279	291	276	256	315	367	349	293	258	283	393	297	263	291	315	331	332	338	330	302	319	295	249	276	306	298	335	364	400	356	350	401	387
55.9	59.9	65.7	71.5	79	79.5	72.6	87.3	107	106	107	143	150	110	109	115	98	139	147	113	106	102	132	141	148	180	203	236	236	213	216	249	268	271	267	249	241	247	229	197	190	209	217	200	227	247	221	167	187	164	151	149	167	148	180	179	148	166	167	180	191	228	229	253	273	262	234	202	180	172	182	234	219	210	222	242	261	247	271	258	252	260	304	321	318	269	272	287	284	268	244	275	343	322	316	303	297	289	301	301	330	305	305	308	323	325	305	325	298	268	269	313	331	355	379	363	365	385	372	384
46.9	50.3	61	69.2	68.8	68.1	69.8	73.5	83.9	103	98.9	99.6	107	149	133	127	109	110	128	115	133	171	147	135	136	155	155	183	210	223	251	277	285	295	295	239	252	272	255	250	227	222	220	199	246	262	211	181	220	170	138	133	151	179	181	160	190	205	212	234	231	314	376	295	278	293	238	184	178	169	182	205	198	204	238	256	242	244	264	268	247	274	309	311	293	290	348	308	276	260	252	295	311	313	333	333	326	282	268	266	294	303	274	291	321	344	325	354	349	318	314	309	345	397	392	416	403	408	411	398
24.9	28	33.9	45.1	44.4	45.9	46.5	58.4	55.4	66.1	73.2	85.7	87.4	88.6	89.6	92.1	89.2	81.3	83.2	104	132	138	124	132	140	154	162	174	199	211	243	287	313	336	308	262	268	265	267	276	271	230	217	225	247	228	213	192	197	195	175	164	154	165	228	211	214	241	242	228	209	265	312	255	234	235	221	203	189	179	189	192	183	196	218	238	238	254	239	281	266	296	308	257	275	281	328	304	273	307	276	304	311	328	354	322	335	282	303	292	270	267	282	312	312	322	353	357	327	330	350	353	371	388	412	450	435	430	429	399
14.9	16.5	19.7	43.2	62.5	41.7	41	48	47.4	47.1	72.5	79.9	81.1	80.6	66.5	65.4	68.6	71.8	71.9	89.9	119	112	120	149	144	167	175	206	213	228	236	280	305	322	312	294	221	230	238	241	234	225	228	231	246	221	193	190	181	189	172	177	167	176	187	208	226	238	248	227	234	258	257	238	224	237	241	230	217	191	201	194	193	206	232	255	235	216	250	291	270	298	297	269	288	259	244	277	263	291	263	279	319	290	282	271	300	260	268	286	311	300	305	326	324	329	336	366	342	342	347	371	413	431	467	467	438	432	428	421
9.75	11.1	13.4	26.4	61.6	22.2	26.3	42.3	41.9	44.3	54.7	71.3	72	65.5	58.6	67	66.1	68	64.6	69.4	90.3	103	123	141	145	152	162	204	225	236	255	291	302	310	298	277	236	237	231	231	209	219	224	234	212	207	189	171	187	184	159	123	130	138	141	163	208	194	215	277	254	217	232	216	227	242	243	227	235	238	241	216	221	235	258	290	286	237	275	264	271	285	260	247	240	240	212	245	265	311	314	372	340	263	274	257	277	247	259	321	312	306	315	321	328	323	340	345	348	362	359	405	439	466	459	473	494	473	440	441
7.9	8.36	8.37	10.1	11.1	12.5	15.2	33.6	31.8	41	45	61.6	62.8	67.9	59.7	61.1	57.8	60.1	65.4	65.7	114	124	120	151	155	137	145	170	204	230	240	281	299	286	292	275	238	213	193	200	209	206	230	244	235	218	186	167	156	162	152	118	109	109	113	136	156	206	171	214	229	214	228	220	215	214	245	208	212	247	248	242	239	238	240	220	289	247	287	259	252	259	282	255	229	200	190	209	239	274	301	338	285	232	259	293	293	260	278	316	290	319	332	298	331	312	319	356	342	370	357	429	460	461	463	468	471	409	404	421
1.19	1.91	1.46	4.38	3.99	4.32	4.77	9.73	13.4	21.2	29.2	40.6	48.6	47.8	52.2	58.4	54.8	50.5	55.2	61.1	62.1	115	111	126	136	133	152	146	149	184	194	237	245	281	256	239	210	187	173	211	219	236	245	256	265	213	208	167	156	160	158	131	118	125	104	133	153	181	174	195	207	219	275	249	212	226	242	213	222	227	209	227	229	238	218	223	267	310	296	263	262	238	258	217	191	156	178	202	219	266	291	291	278	245	281	298	294	268	262	296	290	270	291	292	310	306	300	344	368	377	367	379	404	418	417	457	426	391	381	392
0.893	0.823	0.901	2.23	2.18	2.31	2.76	4.91	5.47	8.03	13.7	27	34.6	38.2	40.4	53.7	64.9	51.7	46.7	56.8	62.4	74.8	90.9	107	102	114	140	172	147	188	250	291	317	349	314	255	235	210	185	221	235	243	248	269	264	218	210	178	166	155	165	169	173	139	123	138	150	184	187	183	200	250	273	272	228	205	221	211	209	211	202	217	245	263	241	236	225	269	345	248	212	215	212	216	203	155	185	212	224	232	274	313	258	255	262	265	280	273	285	326	306	275	292	312	319	319	313	343	369	395	376	357	360	378	387	386	406	369	376	372
0.634	0.607	0.538	1.44	1.23	1.25	1.71	2.81	3.64	5.02	8.79	33.1	34.5	38.2	40.2	51.6	52.9	47.6	46.4	55.2	67.7	70.1	73.8	102	82.5	76.8	90.2	107	142	169	221	324	304	313	332	262	246	240	230	270	251	246	244	262	259	234	214	176	152	147	169	163	172	130	127	143	144	178	198	212	195	203	225	207	195	191	181	180	192	200	186	208	218	248	239	217	210	231	249	238	220	208	209	190	171	175	197	229	234	240	232	255	226	223	239	259	279	297	275	268	308	281	315	320	313	326	325	366	382	419	382	353	360	365	376	382	394	382	390	386
0.635	0.539	0.488	1.21	1.07	1.09	1.27	2.12	2.99	4.63	5.86	17.4	30.7	35.7	38.7	49.3	48.9	54.3	44.4	54.1	61	64.7	61.8	61.3	65.7	114	64.7	71.8	91.6	121	193	343	371	363	337	287	284	255	223	238	246	261	250	235	231	220	194	157	145	142	149	132	129	111	115	135	148	169	173	165	179	180	219	190	181	172	176	170	189	163	153	190	213	234	236	239	247	281	283	248	232	211	195	217	189	203	208	227	238	229	248	247	233	219	212	242	264	235	253	283	313	325	331	324	312	331	344	366	373	380	386	375	331	321	322	347	349	362	359	367
0.12	0.15	0.03	1.35	1.17	1.33	1.4	3.15	3.66	5.01	7.25	9.83	14.1	20.3	27.8	44.3	44.2	52	47	46.3	54.9	55.6	55.2	46.5	47.7	57.7	41.3	37.3	38.6	59.9	97.4	128	178	201	211	231	246	253	240	244	225	234	221	206	198	200	175	166	142	141	146	150	135	116	141	142	157	172	165	171	177	169	182	174	154	150	158	152	176	161	150	87.5	144	229	219	259	283	328	298	263	306	217	150	209	203	203	197	189	174	227	238	247	244	224	208	211	216	216	213	270	319	322	344	341	331	358	377	388	363	352	367	358	331	294	284	290	302	308	288	303
0.66	0	0.03	1.16	0.96	0.966	1.17	2.67	3.06	3.97	5.02	6.63	9.9	12.1	16.3	33.3	36.8	44.3	47.4	56.9	49	48.2	49	45.4	38.2	38.3	34.3	31	32	39.6	54.3	70.2	101	184	303	386	274	234	222	228	213	216	217	210	189	170	183	177	139	132	131	129	138	138	149	149	155	172	173	172	164	157	155	136	131	138	150	143	149	151	155	123	127	192	188	198	216	245	290	329	341	300	198	188	200	171	208	220	206	220	219	253	261	249	233	244	234	226	211	285	310	331	370	378	360	376	393	388	372	357	365	342	338	292	249	287	331	309	301	285
8.61	0	0	0.751	0.771	0.891	1.07	2.44	2.73	3.31	3.91	4.65	5.94	6.69	10.6	29.1	31.2	32.9	42.4	47	44.3	46.5	46.7	50.4	40.6	37.9	31.5	27.4	29.6	33.2	40.6	43.4	56.7	85.1	137	201	224	222	186	208	214	200	191	184	174	180	179	154	133	134	127	133	137	128	137	148	134	151	151	166	178	166	144	118	128	124	159	143	129	143	133	142	169	125	158	174	181	232	257	258	268	272	264	170	203	193	251	226	196	201	232	271	263	251	253	295	271	239	234	282	318	317	365	367	358	359	357	354	374	387	377	353	309	268	267	284	303	309	261	295
4.77	0.15	0.03	0.751	0.752	0.969	1.1	2.36	2.59	3.23	3.8	3.65	3.96	5.16	6.9	16.6	21.6	24.7	38.6	43.9	42	45.2	40.7	45.2	38.2	34.6	34.9	25.7	25.8	38.2	38.4	35.1	34.9	45.7	52.1	93.2	115	130	137	164	180	176	166	162	146	149	153	134	119	122	127	122	115	116	113	124	120	136	143	181	153	155	142	156	142	131	138	101	121	154	148	133	167	149	153	206	236	260	225	204	211	213	257	244	228	228	226	235	215	207	265	318	291	267	232	232	245	251	265	358	327	302	357	358	360	354	364	345	352	371	363	381	350	313	294	273	282	289	296	318
