16.8	5.94	6.28	15.9	6.45	3.98	5.95	5.24	7.01	16.3	22.9	21.3	34.1	97.1	92.9	78.7	124	162	171	127	133	83.6	68.4	70.8	79.8	117	104	81.8	153	59.5	58.7	66.3	60.9	76.2	89.1	97.1	103	118	125	133	150	153	171	202	218	204	190	184	114	59.9	36.9	55.8	76.9	63.1	74.1	86.9	103	133	148	147	169	210	203	158	148	178	211	194	155	163	159	190	192	201	222	212	270	256	228	362	398	409	447	438	391	349	305	249	191	204	193	140	155	148	135	126	179	193	176	179	176	155	173	184	193	205	210	199	268	253	244	248	243	240	240	318	302	277	358	452
9.52	22.9	9.59	4.46	1.81	3.79	5.67	5.9	9.08	48.5	22.8	40.7	65.7	99	95.5	109	140	164	222	113	69.3	83.9	103	94.9	101	129	127	79.2	58.2	56.6	61.4	103	86.9	66.4	86.7	102	118	139	162	159	137	201	224	265	250	218	177	167	99.9	74.9	35.2	45.3	46.3	42.3	40	74.9	82.5	78.2	79.4	112	158	157	149	120	111	167	196	126	114	148	176	221	180	192	226	204	228	248	229	312	321	341	440	439	353	351	370	350	223	182	180	165	151	166	166	165	196	202	199	178	182	185	144	175	241	250	231	199	205	198	210	198	246	290	298	290	301	365	403	423
4.46	23.6	21.2	11.6	7.9	10.7	7.81	22.7	35.6	47	59.8	98.1	101	114	100	117	87.3	161	170	161	95.6	102	149	133	103	119	123	64.5	61.9	52.8	47.2	49.5	64.3	70	80.3	91.8	90.4	112	139	125	131	168	202	211	189	145	131	110	63.3	59.7	34.9	34	22.3	17	26.3	33.7	45.8	66.8	81	116	90.3	89.3	126	86.5	80.7	139	194	147	125	139	150	202	232	171	157	165	204	261	290	308	323	311	296	341	381	380	422	385	286	184	197	142	146	170	200	173	181	178	184	202	179	143	144	183	231	254	219	213	199	226	217	222	259	279	266	277	336	377	341	387
12.6	39.6	45.9	30.9	28.1	41.2	34.9	60	119	105	111	178	201	189	56.8	84.7	108	182	170	117	104	103	129	101	69.9	54.4	79.2	67.5	52.4	57.8	73.1	78.9	75.6	77.7	95.8	91.8	58.8	73.5	119	146	127	127	132	126	110	89.4	105	113	77.3	49.9	26.3	27.1	19.9	14.1	12.5	27	35.1	56.9	51.4	65.1	53.7	52.5	72	71.6	125	156	239	193	169	179	211	230	235	194	221	198	218	275	281	247	234	398	297	438	451	433	424	402	327	202	208	189	157	190	244	189	175	155	131	160	148	150	196	244	280	303	264	238	261	282	244	251	237	258	269	276	288	274	267	353
61.5	50.6	70.8	60	71.7	92	97.3	206	241	228	245	302	104	83.9	71.8	73.7	98.2	107	138	111	130	114	106	80.3	71.9	57.7	60	75	59.4	70.1	77.2	114	93.1	88.7	73.4	53	45.6	36.9	71.6	107	100	105	70.2	86.5	85.8	74	67.4	71.9	72.4	40.8	24.7	32.6	22.2	26.5	32.3	23	19.7	24.7	43.7	91.6	77.3	56.9	68.1	74.2	116	155	195	184	195	220	217	199	199	188	183	220	213	209	221	245	326	376	397	415	400	409	408	380	327	277	187	144	159	184	224	190	180	143	152	145	167	176	212	300	229	262	260	280	316	301	266	253	267	330	363	302	282	278	247	312
53	40.6	69.4	84.4	101	155	171	252	398	410	385	138	107	92.1	62.8	97.6	103	165	132	114	118	104	91.6	107	88.5	63.5	32.6	46.7	76.8	67.6	106	143	100	80.3	59.4	43.3	39.9	42.5	56.9	78.6	97.5	120	74.8	54.1	62.1	50.9	50.8	49.8	43.2	27.7	34.3	17	9.26	12.9	18.3	9.88	6.48	12.4	18.3	32.2	38	42.7	53.2	74.3	104	185	219	188	141	139	147	157	164	167	194	159	195	232	182	221	250	205	207	463	396	413	447	428	349	231	219	177	189	192	228	206	190	151	170	180	203	210	239	239	227	239	217	231	265	239	251	269	266	310	360	308	256	259	230	237
30.7	40.5	55.3	74.4	186	213	242	334	331	273	113	99	80.6	93.6	99.4	219	138	152	121	117	162	102	92.2	180	121	55.4	30.4	51.7	61.2	84.5	85.9	77.6	69.4	66.7	57.9	48.8	31.9	42	64.6	82.7	94.3	101	58.9	41.1	35.5	40.3	42.7	39.7	36.8	23.8	22.8	10.8	7.4	8.69	7.7	5.61	4.41	5.87	24.7	35.9	44.3	31.6	42.3	51.3	64.8	153	178	127	69.2	73.1	116	118	120	175	174	182	167	187	171	215	236	176	164	339	299	276	296	358	285	260	217	161	165	198	200	163	150	158	165	164	151	165	162	169	152	235	197	193	196	187	223	273	264	278	272	241	264	252	220	266
110	100	151	168	198	171	298	155	120	140	119	85.6	105	124	117	209	267	187	159	142	210	123	108	89.6	72.9	82.5	52.9	66.8	78.1	82.3	59.6	72.4	63.6	62	68.6	66.4	48	50.2	76	83.7	71.8	65.7	45	61.8	46.9	32.6	41.2	39	37.9	22.4	10.9	7.11	6.68	5.48	5.9	5.74	8.61	12.3	17.5	19.8	14.2	41	25.6	23.8	46.8	131	151	76.7	57.8	82.1	140	121	111	144	150	158	163	171	179	245	193	181	155	306	290	294	351	389	386	360	287	192	139	168	144	137	143	147	144	122	107	95	115	109	120	122	152	186	158	138	155	200	215	181	158	156	224	242	209	203
150	150	251	292	257	166	171	148	147	145	128	128	159	143	162	320	315	210	182	157	205	148	124	82.2	108	126	97.1	180	75.1	69.5	62.2	89.2	56.9	124	66.2	94	68.3	54	58.6	70.1	57.4	50.1	46.1	48.7	48.7	29.3	25.5	34.2	29.7	23.1	13.1	9.51	6.68	14.1	19	19.4	8.85	12.9	12.5	14.6	15.7	16.9	29	44.3	56.1	128	84.8	92.6	113	103	123	113	124	139	124	146	206	230	206	273	326	212	185	298	317	321	362	459	410	364	289	200	239	177	138	141	114	122	97.1	98.6	77	81.8	80.3	92.2	107	93.4	115	125	118	109	117	118	118	111	95.8	85	101	116	145	144
237	319	336	241	228	248	125	191	159	207	167	164	194	167	179	323	295	180	168	166	172	150	110	93.5	118	138	137	130	78.4	69.9	68	91.5	66.7	93.3	77.7	84.4	89	42.7	34.9	53.6	57.6	54.7	45.1	39.2	48	40.8	33.7	33.4	24.2	18.5	14.7	15.2	13	20.5	26.6	27.6	15.3	14.8	14.5	12.5	20.2	14.1	13.6	29.7	67.2	102	79	91.4	150	131	127	150	179	114	150	189	213	275	232	232	251	238	263	316	372	347	354	360	348	266	310	258	287	190	163	164	111	85.8	70.8	66.6	73.6	93.3	92.8	98.1	90.4	99.8	80	85.1	86.6	97.2	95.3	78.2	63.3	87.8	78.5	84.2	65.5	70	106	95.9
371	387	309	264	187	155	101	142	182	206	231	227	186	189	191	208	170	150	190	177	155	147	140	147	146	167	177	136	100	97.6	88.4	97.7	70.3	65	69.2	66.7	93.2	88.1	44.2	40.8	43.4	39.1	45	34.7	36.2	32.2	29.9	37.2	26.7	23.6	15.5	18.8	18.7	18.6	27.1	28.2	22.4	24.2	44.4	40.2	50.6	38.4	37.1	58.8	67.8	54.8	77.9	103	94.9	129	182	176	201	128	103	166	242	247	199	200	229	203	252	331	304	327	373	311	286	270	344	406	332	184	158	146	109	93.9	78.3	59.8	70	84.5	76.6	70.4	63.5	67.3	64.9	65.1	82.7	81.8	88.5	81.9	73.2	81.2	70.2	83.6	72.6	60.8	94.3	103
449	436	322	254	145	92.4	103	150	151	215	285	235	224	230	218	307	256	171	173	172	143	103	125	145	170	180	168	142	128	90.2	103	97.4	71.7	104	84.2	60.7	58.6	49.9	37.4	27.2	25	35.5	44	31.1	19.3	18.3	21.8	24.5	24.7	20.6	20	19.5	17	22	19.6	22.9	28.1	39	47.9	52.9	50.5	59.8	58	93.4	85.9	65.6	73.2	121	136	162	208	184	194	101	106	151	181	179	160	146	169	186	197	207	185	239	229	223	237	269	318	276	318	309	199	118	75.1	82.6	75.6	30.4	39.6	53	49.7	42.1	54.7	76.3	51.5	39.8	58.9	62.6	91	98.6	81.4	76.6	70.1	53.2	47.5	35.2	57	48.1
468	426	285	271	186	122	113	163	174	233	238	251	240	250	216	282	225	168	186	159	152	119	165	148	174	172	217	169	130	93.7	98.3	131	81.5	124	64.6	54	42.6	36.9	25.9	22.5	30.3	43.3	49.2	39.4	35	36	28.4	26.1	23.7	23	21.3	30.2	26.1	29	23.3	25.5	18.6	36.8	51.6	70.8	72.7	52.3	43.3	46.4	69.1	102	126	109	152	141	124	115	112	108	111	130	152	144	125	110	130	171	156	173	163	146	197	213	202	264	301	234	285	221	148	106	73.8	88.5	59.1	26.4	34.5	42.2	44.5	39	48.8	35.8	36.4	33.9	44	50.2	63.2	115	87.6	84.9	67.9	45.6	30.8	29.1	26.1	34.9
381	366	383	268	229	210	151	148	212	243	282	278	223	220	181	227	200	174	218	168	166	158	191	219	201	222	247	198	132	113	79.5	123	64.2	55.5	48.2	38.3	27	21	38.1	34.6	36.3	63	55.8	43.1	51.1	42.9	29.6	22.2	18.8	24	25	32.5	39.9	30.1	25.4	30.2	36.2	49.4	51.5	68.1	72.3	54.9	70.4	101	70.5	78.9	122	187	190	153	62.9	88.7	71.9	99	114	145	185	179	171	161	141	167	213	219	169	178	217	189	192	298	310	269	193	141	113	87.8	64.1	68	47.8	15.1	22.7	35.8	30.5	29.8	48.4	41.3	56.5	48.3	43.8	71.4	95.5	128	142	99.5	48.7	27.5	19.6	22.1	23.8	29.1
303	252	318	228	205	294	221	216	260	326	397	258	238	218	202	315	324	199	209	180	191	183	175	234	235	273	297	174	131	103	94.5	139	64.9	56.3	30.7	29.5	25.2	36	44.3	34.6	41.7	52.3	70.4	58.2	50.5	42.3	35.6	24	16.9	24.1	23.6	39.2	41.1	32.9	21.1	24.8	39.6	54.4	61.9	80.4	72.8	81.2	80.8	66.5	52.8	40.8	49	65.2	73.3	69.5	26.8	46.6	24.4	45.8	53.3	91.2	148	191	254	237	159	161	144	180	161	191	203	187	255	266	215	213	172	127	114	73.2	63.4	80.5	53.7	40.3	36.8	44.1	37.9	55	45.9	90.7	100	79.6	40.9	48.3	54.9	75.3	97.9	91.2	49.5	26.8	17.8	18.2	17.8	27
254	236	248	169	213	329	355	291	321	399	290	230	197	213	210	283	235	181	214	167	185	176	192	268	312	287	261	169	145	135	123	121	76.3	68.5	42.1	27.5	42.9	52.7	45.7	44.9	56	56.2	49.5	41.3	37.7	37.4	30.4	21.9	16.6	23.7	26.1	40.7	44.7	25.3	25.6	26.5	29.6	65.2	76.3	88.5	64.1	29.3	36.1	38.7	24.7	40.2	40.4	46	23.1	52.2	22.9	32	27.1	28.7	68	48.3	75.7	149	237	246	212	200	148	137	155	243	270	198	211	216	248	140	124	121	140	81.7	72.6	54.9	54.8	38.6	32.6	46.7	50.7	57.1	39.4	83.5	94	80	55.8	37.3	61	40.7	35.5	37.4	23.2	13.3	3.69	6.93	11.4	5.13
288	371	292	196	280	417	383	397	404	432	272	217	226	189	187	321	206	160	242	219	228	236	228	234	282	277	230	182	154	115	109	91.6	67.7	62.6	46.5	42.4	60.9	51.5	50.3	43.5	43.7	55.2	44.9	34.7	48.4	39.3	16.5	25.1	21.6	25.8	29.3	45.1	35.1	30.4	32.2	41.9	44.8	48.9	43.9	63	58.6	28.3	25.4	22.4	17.7	17	14.7	16.9	25.4	40.4	12.5	28.4	27.2	28	58.4	50.5	93.8	110	158	191	185	176	109	183	243	206	212	178	270	277	220	149	148	134	116	85.9	64.8	47	39.2	24.3	46.3	31.8	46.2	29.6	29.3	54.4	48.8	44.5	44.5	34.3	25.6	15.1	29	19.7	9.99	4.08	2.88	2.46	8.4	9.21
277	321	298	216	277	387	364	446	506	389	270	261	279	190	145	234	235	172	217	232	293	287	294	262	242	228	236	185	147	123	77.6	60	45.6	49.7	41.2	48.6	55.8	42	62.5	48.4	52.5	50	38.7	37.2	51.3	34	20.1	27.3	22	18.1	23.4	32.6	36.2	36.3	53.7	57.7	56.8	45.6	22.5	27.6	56.6	34.8	19.8	22.9	40.9	24.6	23.4	50.2	33.3	38.1	22.9	18.3	22.9	34.9	51.8	65.8	77.7	131	156	169	164	112	149	193	273	301	242	148	243	275	222	190	163	121	133	93.3	61.3	42.6	24.4	25.5	56.2	51.4	37.9	28.4	23.9	34.4	43.6	32.3	20.9	13.3	10.1	2.43	6.36	17.7	11.5	4.08	3.63	2.22	7.35	10.4
394	426	324	260	347	446	421	396	466	384	327	266	277	185	165	233	230	221	260	282	263	261	311	286	257	220	222	157	146	151	104	92.3	71.6	49	52	55.6	59.7	50.6	70.3	62	56.8	46.4	34.4	35.2	61.6	42.3	39.3	33.8	32	41.1	30	14.6	27.7	45.7	99.5	70.5	40	37	34.8	33.7	101	47.2	25	18.4	37.2	37.6	22.9	51.2	17.6	57.3	85.2	52.7	19.3	94.1	68.1	90.8	83.5	85.5	114	120	169	153	179	174	187	227	223	165	254	265	191	169	151	164	158	115	99.8	63.6	45.4	33.4	46.9	58.8	44.1	33.9	27.6	27.6	28	13.4	9.87	8.91	16.3	8.07	7.53	7.8	14.5	6.36	5.67	3.36	3.72	9.75
489	456	412	382	353	467	465	365	375	378	396	336	254	250	247	371	253	250	280	270	249	272	339	308	279	237	214	146	152	147	132	144	122	77.8	61.1	91	79.2	93.6	67.4	55	40	65.4	71	69.4	57.1	54.1	39.9	47.9	79.3	77.3	45	40.7	60.2	72.8	107	42.5	24	29.2	46	41.9	60.2	38.3	21.6	45.6	47.2	62.5	45	87.7	77.8	82.1	73.1	24.4	57.2	84.3	57.8	43.3	45	80.8	143	148	183	184	201	200	195	273	259	185	194	234	205	143	169	197	176	126	141	95.3	55.3	46.7	38.5	30.5	16.7	33.2	25.1	26.8	19.9	8.22	9.78	6.81	12.5	10.7	4.47	8.16	36.6	18.9	14.9	11.5	13.7	6.51
522	508	423	399	376	451	468	396	382	412	430	428	323	303	323	436	347	405	425	325	255	256	276	255	250	209	171	124	137	100	111	155	113	102	99.1	98.6	84.2	114	72.1	48	62.3	75.2	93.3	88.1	75.5	43.1	45.5	57.8	63.8	55.3	47.1	48.1	68.8	122	91.9	41.1	32.9	24.8	27.7	32.2	28.2	53.8	36.3	54	69.8	58.5	55.4	176	104	58.8	37.3	22.2	96.8	86.4	107	114	130	82.7	104	136	177	208	220	207	195	191	203	173	266	194	189	123	144	175	181	122	108	70	43.9	40	43	35.6	26.5	45	21.8	25.2	13.8	9.21	7.83	0.78	0.93	3.48	0.96	14.2	7.05	19.4	24.6	24.1	22.7	6.54
446	421	410	331	313	391	404	399	371	377	442	483	303	353	394	494	459	460	485	401	320	339	335	251	254	246	166	114	105	101	79.3	80.2	77.8	131	105	70.8	70.2	56.1	54.9	68.5	69.6	70.2	84.2	84.5	80	68.7	72.1	77.2	74.6	68.6	61.7	57.1	55.5	72.8	87.8	73.9	58.5	31.7	34	42.4	44.3	52.4	43.6	72.5	83.1	103	74.7	67.4	43.7	27.4	36.9	68	143	64.9	70.7	83.8	71.9	65.8	116	122	186	145	135	143	128	132	148	148	186	201	204	148	148	173	170	148	141	83.2	98.4	80.3	82	73	58.3	63.5	56.9	44.3	36.9	17.7	15.3	8	4.99	3.85	2.2	15.6	3.78	2.02	5.56	8.22	16.7	6.36
454	444	493	446	317	416	436	390	445	468	393	372	255	278	419	545	520	459	553	402	395	370	363	235	210	212	163	98.5	93.7	106	95.3	81.4	104	125	106	82	64.4	50.6	66.6	69	72.6	77.7	84.1	79.1	98.3	89.2	85.9	148	76.3	80.8	108	86.5	85.3	53	56	57.4	48.4	42.1	83.9	61.3	54.5	79.7	82.8	79	78.5	76.1	75.9	67.9	65.2	23.6	24.8	78.9	145	133	95.2	65	62.5	72.7	89	106	136	130	124	133	149	135	124	101	116	137	181	209	203	217	220	229	209	161	115	114	107	85.5	69.1	59	47.6	37.7	35.2	14.5	9.34	5.6	4.82	2.74	2.22	9.65	2.82	2.54	2.42	4.34	2.55	0
458	502	510	473	435	453	430	430	462	507	464	456	304	356	391	531	561	538	465	382	421	404	322	243	226	187	186	143	122	119	132	116	162	192	164	97.9	98.8	78.5	75.5	80.5	68.5	72	94.5	101	89.3	85.4	94.5	104	83.1	92.9	105	116	108	47.2	66.3	62.8	54.3	56.1	48.4	72.5	90.6	141	137	138	102	79.5	79.6	154	98.8	43.1	52.6	85.5	90.6	123	62.7	36	27.8	87.8	87.1	101	135	140	138	158	216	172	119	99.9	106	155	210	188	168	183	205	235	219	213	165	130	133	115	85	62.9	55.3	40.8	41.6	15.3	15.3	7.33	4.98	5.3	1.68	1.69	9.97	4.4	3.37	6.44	3.31	0.51
484	483	455	482	482	433	355	462	476	484	490	493	431	471	401	459	415	432	389	355	398	432	322	275	220	170	204	173	161	168	182	151	196	220	200	141	127	96.4	73.3	82.2	64.9	54.6	82.7	81.8	96.4	94	112	95	80.8	94.9	99.4	114	71.6	59.6	92.4	85.6	103	67.2	64.6	79.8	85.7	118	84.4	102	105	146	143	143	227	155	81.6	124	104	67	70.5	58.6	57.9	50.3	78.1	87.3	118	172	165	190	213	175	117	91.3	108	167	285	209	195	216	197	215	214	222	155	124	133	147	113	95.3	71.5	47.2	36.6	22.7	14.3	6	8.55	2.92	1.86	5.14	2.3	2.47	4.17	11.6	7.01	3.09
474	468	471	494	505	517	377	406	478	518	588	505	494	492	540	565	475	382	390	395	440	513	415	378	283	261	175	136	188	236	201	152	225	253	206	168	178	125	81.1	83	93.9	87.3	95.4	99.6	99.3	79.9	77.6	72.4	102	109	109	82.6	59.4	80	82.5	74.2	81.9	59.6	65.7	63	55.4	60.5	55.9	79.8	83.6	98.9	108	119	143	151	144	143	115	60.3	58.6	26.5	38.2	35.6	29.1	45.1	66.7	85.9	96.2	153	151	111	65.8	90.6	106	188	270	253	193	244	256	271	244	218	141	139	168	192	181	174	107	61.1	50	22.7	15.6	9.36	10.4	11.2	4.39	5.97	4.12	5.77	5.03	5.35	6.72	6.43
458	477	473	486	522	540	499	451	492	569	545	524	522	558	569	579	503	408	466	466	532	511	407	423	338	267	208	192	204	271	247	196	197	238	211	156	140	134	98.2	110	101	95.9	111	130	104	70.8	73.9	65.4	104	82.3	123	79.2	80.9	93.2	89.6	65.3	63.7	69.2	55.3	66.6	69.1	62.1	73.3	92.5	101	131	115	129	172	186	172	192	162	110	61	33.9	42.7	46.5	27.5	31.2	51.5	68.8	80.3	151	162	89.3	53.9	83.5	110	196	236	209	194	261	295	278	271	217	165	166	181	236	232	174	139	90	74.1	33.4	25.9	8.64	8.94	7.12	4.18	5.56	6.79	6.69	7.81	5.9	5.76	4.86
481	484	498	505	520	557	558	490	511	595	396	481	527	541	621	595	562	467	545	545	514	481	370	341	321	264	262	281	230	246	296	198	208	183	206	194	137	121	116	113	129	111	117	142	142	103	109	108	103	95.8	111	93.5	65.5	71.3	73.5	61.6	62.8	77.4	70.9	100	118	129	107	124	135	147	173	198	198	174	171	198	174	79.4	81	58.9	51	34	21.3	27.3	36.1	60.9	51.4	53	64.3	56.8	57	72	107	156	259	239	247	282	239	253	211	181	188	184	229	272	261	211	173	136	99.9	68.3	34.1	10.8	9.96	8.66	4.41	7.08	4.47	5.27	6.22	5.76	6.26	3.44
477	465	479	536	528	577	544	502	488	466	371	418	445	432	508	546	574	519	502	418	458	432	339	322	318	240	273	275	234	280	305	230	221	184	208	221	205	141	146	116	118	157	178	163	168	145	122	111	130	133	144	125	91.3	72.4	90.6	104	97.9	92.9	89.1	138	175	176	155	192	156	152	188	222	223	188	149	172	122	68	78.7	34.1	38.2	28.3	21.3	21.2	31.2	40.1	33.3	53	41.7	34.9	48.2	90.6	133	155	240	308	274	241	220	217	208	161	214	210	242	289	295	244	207	146	110	99.1	62.3	40.6	31	12.2	5.22	8.56	5.18	6.89	6.17	6.4	7.16	3.9
496	546	449	478	519	529	576	524	513	517	512	501	510	493	502	645	693	586	527	477	356	434	394	313	307	235	230	274	233	321	344	324	260	255	275	279	246	191	160	149	147	203	264	246	228	173	116	108	130	177	162	176	147	148	153	156	159	150	119	121	133	139	125	145	127	102	110	114	102	76.5	57.8	61.1	107	49.3	28.9	17.6	15.8	15.6	15	16.9	26.9	40	32.5	50.3	61.6	55.6	53.8	89.3	160	192	236	350	293	252	238	282	234	124	160	215	273	299	331	283	184	134	94.8	101	101	92.5	60.6	19.4	8.87	14.8	7.31	8.77	9.32	11.4	9.6	8.17
465	517	479	437	523	592	536	636	525	514	557	566	533	511	602	684	705	535	499	516	450	447	382	329	274	216	209	219	227	252	344	328	260	284	298	359	267	201	197	249	191	219	212	188	233	164	126	95.7	130	147	133	167	143	146	183	178	157	171	135	127	122	152	155	139	120	108	93.2	86.6	79.4	67.6	63.4	51.7	43.9	38.5	22.6	15.4	14.3	14.7	16.4	26.9	33.8	39.4	33	47.9	62.1	52.2	68.8	97.5	114	194	224	307	251	229	275	256	248	197	196	231	251	236	304	269	219	128	95.9	81.7	64	70.4	31.9	17.4	20.4	15	15.9	12.1	15.3	15.9	17.3	10.4
457	482	448	472	487	516	701	643	592	505	483	549	552	504	555	646	571	496	460	606	535	444	378	342	238	198	210	221	255	266	368	339	246	300	278	333	292	266	240	257	213	235	234	192	255	208	145	112	128	131	121	138	142	130	166	172	181	182	147	135	132	151	141	131	103	101	92.9	96.2	155	84.3	70	55.8	45	38.6	27.1	15.6	17.6	18.9	22	35.2	32.5	35.3	35.1	37.6	54.4	51.5	60.8	89.9	115	142	167	195	205	190	256	198	237	224	273	265	242	265	317	256	179	117	118	106	59.9	76.1	56.4	45	46.6	40	31.7	21.6	25.9	24.9	23	13.5
491	442	473	495	502	517	587	580	601	510	492	576	562	469	486	510	516	498	388	514	530	353	333	319	271	201	185	228	247	256	320	341	258	278	246	229	263	271	251	265	269	254	265	259	223	181	157	132	152	143	202	152	177	179	179	225	233	205	169	169	156	151	125	111	105	98.5	95.1	99.7	92.1	91	68	53.5	46.3	49.5	39.3	23.4	19.7	20.7	23.6	35.6	33.1	37.5	37.9	48.8	38.3	48.2	61.2	90	109	111	139	158	185	160	229	165	180	192	247	295	245	240	247	198	153	114	98	108	86.7	91.1	80.6	51.3	65.8	43.4	46	41.9	29.1	33.3	50.9	44.7
568	538	528	563	561	603	551	517	515	518	518	518	509	455	506	491	516	507	385	403	389	251	252	257	286	206	222	227	248	242	265	308	284	287	262	243	224	215	246	262	270	246	237	242	251	267	258	276	214	184	163	148	195	169	182	193	273	235	157	192	150	153	114	119	100	106	87.3	78.1	79.2	63.9	51.8	41	33.1	35.6	33.7	28.6	14.9	17	16.5	34.6	26.9	33.7	39.7	43.1	42.2	45.4	66	73.8	67.3	79.6	97.7	92.1	85.5	81.4	112	99.2	78.3	100	148	173	163	167	179	144	118	86.2	71.4	63.2	95.4	91.7	88.5	72.5	67.4	91.7	95.7	79.1	67.1	83.6	97.1	91.2
565	541	515	515	549	550	509	456	475	503	559	522	497	497	514	549	598	485	358	343	325	269	266	317	277	216	246	218	256	238	243	324	343	289	226	229	197	259	271	235	251	252	232	281	311	322	316	282	222	208	154	199	182	173	162	176	184	186	145	152	146	165	136	118	105	99.6	81.9	91.1	81.8	77.1	61.1	37.4	33.4	37.5	33.3	23.4	13	20.9	18.8	26	40.5	42.8	35.7	47.3	61.6	65.7	60.7	48.1	57.1	77.8	83.2	84.6	73.4	72.2	80	78.3	86.1	66.8	109	149	144	130	138	97.3	83.4	60	53.6	46.2	66.9	90.8	116	99.9	89.1	88	116	84.3	84.1	111	137	104
533	517	492	498	535	539	479	359	465	515	520	523	513	494	511	441	507	434	409	341	369	342	330	312	268	235	248	265	225	200	242	277	261	239	248	284	255	258	253	248	273	233	222	294	316	313	335	322	289	230	242	212	233	213	196	204	186	177	158	167	182	172	147	121	118	133	85.4	106	74.8	77.1	70.8	43.1	37.8	33.5	36.1	19.5	19.3	27.9	32.8	34.3	46.3	65.6	44.6	51.7	55.8	59.1	79.3	69.9	65.7	68.8	59.1	71.5	73	68.4	57.3	61.4	69.5	58.8	131	131	118	88.1	108	103	77.9	59.4	49.8	49.7	55.3	65.7	95.4	108	82.8	80.6	111	91.2	125	136	130	84.4
510	528	532	534	537	500	457	349	444	497	552	513	506	491	443	423	390	366	412	377	316	345	390	319	288	226	218	306	253	220	235	236	227	252	267	414	341	273	256	274	232	245	228	309	270	256	334	287	283	315	329	290	248	289	276	238	198	198	206	176	194	198	181	148	119	148	97.4	96.4	84.5	93.5	66	53.8	46	42.3	33.4	20	22.1	37	50.2	45.5	40.4	52.9	53.1	53.5	41	52.6	71.6	88.5	59.3	56.5	67.5	68	63	68.4	64.4	73.1	58	63.2	67.7	60.6	76.2	69.6	92.2	64.5	63.9	56.3	59.1	54.7	48.3	58.2	110	112	89.4	87.2	121	104	128	119	118	90.2
534	517	548	534	539	499	459	408	471	492	536	489	431	451	410	406	370	338	350	240	206	297	293	334	297	186	208	283	273	222	250	205	213	246	240	455	432	351	233	220	254	236	227	274	250	263	317	340	311	300	296	364	335	288	314	305	255	185	186	168	138	171	164	154	116	129	99.8	95.9	75.4	83.7	72.3	58.2	65.5	65.8	40.4	26.3	38.3	43.6	63.2	51.7	34.8	35.7	36.8	37.6	31.7	36.7	39.3	51	42.2	46.9	63.7	74.6	71.1	66.4	72.2	99.8	67.2	66.9	62	68.1	80.7	75.9	84.9	112	58.3	62.2	49.6	52.6	63.8	70.6	126	107	113	84.4	95	99.1	114	105	103	95.1
533	524	538	505	524	506	463	390	446	506	526	512	480	467	422	414	353	368	324	292	220	311	286	362	300	217	232	274	305	231	234	253	255	255	230	366	301	316	231	173	182	293	355	303	300	274	325	355	375	366	353	385	325	320	378	313	257	260	252	215	182	164	157	176	122	108	120	77.9	68.2	67.1	67.1	57.5	71.1	81.4	51.2	45.6	53.7	45.7	44.9	73.4	62.2	62.9	53.7	38.8	43.4	33	28.2	46.2	49.1	61.2	89	103	111	98.5	85.3	126	92	72.7	73.3	88.4	98.6	101	85.1	79.6	102	77.4	61.6	60.5	77.4	86.4	93.6	90.4	96.4	88.1	96	89.6	93.8	114	115	103
525	540	529	473	494	445	427	389	489	500	511	490	428	459	419	358	370	374	306	266	229	210	279	276	284	204	200	307	292	248	310	307	229	219	210	255	299	237	213	194	210	224	307	275	275	241	278	346	423	384	353	399	406	421	347	361	212	212	217	220	197	195	137	136	120	107	135	94.5	50.4	65.5	70	66.8	59	69.2	68.8	48.9	33.9	55.1	55.6	85.2	71.1	79.3	78.2	66.6	53.3	39.3	34	47	63.4	120	152	138	134	105	119	120	113	126	119	130	121	137	110	92.1	93.5	84.8	77	87.8	110	113	94.3	90.5	94.7	93.6	114	96	95.6	92.6	93.8	97.9
531	520	532	502	462	404	396	397	496	490	484	413	398	418	353	300	345	371	336	319	271	234	236	240	199	164	218	257	298	272	315	250	245	244	219	252	252	254	189	209	312	217	228	245	265	273	310	394	316	396	420	552	406	319	288	238	213	205	192	232	252	261	153	112	190	135	122	84.9	60.4	67	75.2	89.8	52.9	52.6	71.2	68.8	36.7	47.4	73	137	128	117	122	92.4	68	53.9	52.9	64.9	90.2	138	140	138	101	116	137	177	159	147	137	163	153	147	117	152	122	105	111	102	91.2	90.2	103	97.4	94	116	102	101	85.4	106	82.6	97.6
529	500	507	367	367	370	353	363	346	464	474	357	353	385	324	320	353	369	395	369	278	231	318	224	233	205	219	213	246	273	308	210	201	224	201	217	236	183	224	229	186	171	230	255	283	296	350	341	297	269	306	376	274	315	285	221	189	194	208	233	205	284	170	127	152	125	118	122	100	151	80.7	98.2	70.4	76.3	88.4	64.3	49.7	71.4	69.2	128	131	141	158	96.4	75.2	48.7	55.7	53	62.5	77.9	84.1	103	79.1	87.3	113	113	73.6	88.4	82.6	140	163	126	101	148	114	90.8	120	120	98.4	87.6	87.2	103	98	80.5	78.9	97.5	90.1	86.9	82.6	84.7
522	517	481	366	360	405	381	316	362	411	484	412	380	329	302	312	353	424	456	415	303	326	317	276	263	205	174	243	258	273	325	181	234	191	239	268	255	175	168	272	214	271	286	294	357	378	345	336	265	282	277	301	275	315	264	303	243	221	219	245	179	206	208	239	177	124	105	123	127	139	99.4	117	88.6	118	121	107	78.2	111	117	133	154	182	179	107	79	77.4	79.6	70.9	68.5	94.9	92.1	108	155	109	92.7	85.9	75.3	98	86.3	109	145	131	98.1	131	112	100	147	90.1	72.9	68.8	95.4	100	92.5	81.4	74	90.4	101	83.5	90.2	82
483	503	499	430	398	432	462	374	386	370	422	398	339	278	273	289	332	440	523	515	390	320	291	234	224	218	195	232	258	240	282	210	168	172	218	265	291	203	156	168	200	232	217	224	275	357	338	284	252	242	210	320	357	264	237	296	287	319	230	312	250	206	201	218	182	130	134	127	192	159	98	100	119	152	153	119	101	111	144	175	154	192	136	123	94.9	110	93.1	78	82	95.4	102	132	135	93.6	79.8	84.8	90.2	91.2	99.6	132	171	152	139	132	112	120	127	76.8	85.4	73.8	83	86.3	97.6	77.4	79.1	89.2	90.8	99.2	89.6	95
426	428	433	375	386	460	472	409	389	426	414	354	319	279	296	277	277	338	404	547	491	340	321	262	235	206	220	242	190	155	230	267	214	213	294	263	349	238	221	236	257	281	241	253	388	305	318	247	242	337	254	314	334	329	272	280	287	383	187	265	223	181	171	155	195	119	155	156	210	106	119	131	187	171	124	133	176	106	127	171	170	193	162	119	110	132	138	121	120	100	92.4	103	114	103	97.6	99.8	115	118	118	159	141	143	149	175	120	148	125	93.4	85.3	86.8	86.9	100	90.7	72.7	80.2	101	88	123	132	83.7
404	402	420	314	352	380	457	382	417	450	357	285	270	267	286	255	247	270	305	448	454	340	353	287	260	238	214	221	195	184	229	227	225	269	234	215	243	216	211	214	207	249	245	258	296	247	201	227	263	312	320	330	344	283	262	261	248	245	221	167	188	145	170	136	239	183	148	160	185	124	159	182	258	178	107	135	167	151	124	111	116	155	147	82	77.9	77	89.1	104	106	110	122	147	129	97.9	98.7	94.5	108	115	97.6	109	112	96.2	121	116	99.7	98.3	97.6	89.1	99.3	110	108	83.4	72	69.9	65.2	66.1	68.8	82.8	71.6	87.8
326	278	286	281	293	354	446	405	455	452	403	343	315	284	275	233	238	281	289	374	368	333	354	346	292	248	246	238	196	227	246	194	223	218	232	222	194	229	216	201	210	260	296	322	264	288	215	257	259	267	391	314	332	304	252	281	211	248	192	200	164	139	163	137	129	173	166	169	237	252	211	179	216	186	129	96.8	110	113	166	124	145	135	116	115	70.5	85.7	118	105	103	104	138	158	167	110	98.6	113	105	115	113	124	109	98.8	158	138	131	122	97.9	116	128	125	111	95.1	87.2	113	63.7	63.1	66.3	59.6	64.6	78.7
318	224	195	237	230	304	353	434	390	422	434	392	388	307	263	258	227	225	241	297	343	379	469	391	270	254	295	221	152	188	231	235	268	256	223	218	152	171	196	233	236	247	310	323	288	294	264	261	271	290	344	318	255	254	269	207	313	184	204	254	163	176	180	188	144	122	136	175	161	255	264	175	185	173	177	125	90.9	92.9	112	116	115	113	110	108	107	133	126	140	114	109	125	133	138	99.7	105	135	137	130	127	126	112	118	179	148	142	117	105	132	128	125	113	94.1	98.2	72.8	49.6	65.7	65.4	70.9	64.4	67.5
230	198	223	186	229	266	330	343	337	366	376	348	358	317	258	220	207	202	186	308	323	359	381	347	275	235	288	293	202	199	230	210	233	267	245	206	172	181	208	214	264	301	303	340	330	289	264	286	295	324	369	263	231	226	227	234	326	176	175	211	162	188	189	206	159	145	164	196	213	201	162	184	174	143	150	127	81.5	81	109	131	129	126	147	149	143	154	170	184	194	162	141	119	123	116	117	170	218	133	127	143	133	154	199	159	149	159	130	132	117	152	127	92.1	78.4	71.8	97	72.1	88	85.2	75.8	79.9
169	194	236	237	262	295	305	282	320	318	292	276	299	310	262	192	189	181	200	260	294	344	271	290	303	248	210	292	239	238	243	204	228	298	278	275	238	228	227	244	205	212	210	308	384	271	236	252	329	305	254	210	231	212	208	186	244	180	164	178	252	192	166	244	219	185	232	156	185	159	149	191	135	124	125	107	95.8	96	133	147	111	179	220	161	166	120	126	122	194	159	155	93.7	108	116	141	146	138	124	132	158	148	147	153	141	135	141	165	142	128	119	126	113	62.8	71.3	95.3	78	126	89.5	118	82.9
171	196	214	229	208	251	260	242	266	299	340	343	340	320	275	231	207	207	236	210	241	360	284	296	361	386	232	243	184	174	189	191	204	290	336	322	242	225	255	237	196	213	220	303	355	255	241	298	266	272	261	244	247	233	219	210	191	172	177	213	244	216	245	207	208	169	284	192	178	157	150	196	179	141	124	124	119	125	149	238	137	151	158	173	141	197	194	128	133	178	135	116	105	102	170	164	154	135	171	139	176	168	141	134	160	155	142	128	135	133	126	159	120	109	196	155	131	86.4	80	89.3
209	191	194	202	182	208	208	212	246	254	265	313	309	302	272	238	218	204	227	227	232	241	285	321	320	315	201	204	176	158	170	179	213	304	350	354	296	225	222	240	205	220	212	270	318	307	260	237	261	303	239	243	273	255	257	222	182	179	220	250	245	249	311	178	217	199	230	262	260	199	208	190	158	192	199	160	174	207	149	183	171	216	158	154	187	242	210	128	111	124	171	165	177	116	220	147	132	169	179	148	191	196	158	155	187	174	160	140	141	148	146	175	144	142	208	110	74.6	79.2	64.8	94.6
174	178	203	191	224	214	227	187	218	245	238	248	265	282	255	262	260	236	236	210	260	288	304	365	394	335	225	195	203	163	201	194	199	257	309	327	312	220	199	248	233	224	216	234	238	259	263	212	304	345	325	258	201	227	253	254	226	181	217	276	329	287	300	191	202	235	252	231	272	245	225	220	237	271	279	244	245	291	184	213	157	220	225	166	235	289	157	143	76.7	110	147	155	142	138	141	138	133	130	149	164	232	226	189	181	178	171	172	140	143	169	159	171	150	114	137	116	69.4	67.2	68.2	86.4
173	166	178	178	253	251	254	216	225	232	232	221	215	249	240	292	264	214	231	225	277	325	358	403	384	279	229	224	241	170	236	206	189	235	272	296	287	239	241	286	257	247	224	207	320	279	229	217	231	304	313	264	204	194	269	290	275	190	204	269	263	277	303	226	244	248	288	300	283	241	289	292	275	372	293	241	269	244	205	235	244	198	232	206	178	213	169	123	82.2	93	147	192	133	104	130	123	128	126	140	172	194	206	199	167	221	172	157	139	126	127	131	120	88.4	125	119	113	109	109	95.4	97.5
154	177	166	173	195	204	222	222	220	259	231	206	212	233	244	227	234	212	204	216	247	295	382	396	392	299	236	232	225	178	180	180	168	218	208	248	274	264	255	276	270	256	251	196	252	272	313	318	290	343	342	307	234	242	263	247	288	259	238	228	239	269	318	392	260	227	274	293	237	249	361	274	261	300	302	266	275	244	254	201	253	279	267	238	159	226	220	160	91.1	101	119	146	141	89	108	126	129	153	143	191	193	291	215	193	159	158	141	144	144	154	127	105	99.8	139	134	91.9	128	153	133	115
176	170	188	236	242	218	218	230	235	213	206	217	234	243	229	211	177	231	241	201	203	197	290	317	263	228	214	220	209	173	199	221	197	212	185	212	256	240	267	261	269	243	250	248	245	247	230	306	299	400	412	321	238	212	299	262	280	262	204	219	213	314	340	456	316	251	405	345	321	348	379	379	295	251	260	213	260	260	250	220	247	344	286	241	191	133	198	192	105	114	140	163	148	125	104	115	128	150	152	213	208	214	191	198	174	170	139	185	156	145	130	102	92.7	141	129	154	129	118	93.4	149
209	165	214	239	251	241	254	255	261	239	230	229	243	251	205	178	185	191	202	145	186	237	249	244	244	254	251	273	246	213	229	227	216	224	230	224	238	230	247	277	240	222	255	302	264	255	253	258	263	375	372	356	277	272	372	209	215	227	245	188	194	255	287	326	264	288	311	292	302	275	370	289	344	399	326	242	198	264	282	248	281	312	271	229	204	155	173	160	149	159	151	166	194	164	146	128	148	153	162	188	185	177	209	204	189	147	148	207	161	159	162	140	114	135	148	162	149	123	115	163
164	175	199	208	234	239	239	209	210	208	190	192	226	213	193	167	183	203	205	208	207	207	216	249	259	265	243	248	265	262	212	188	214	228	235	252	226	234	230	234	224	232	296	299	298	300	248	264	292	310	320	393	262	249	294	201	210	276	204	231	195	246	259	214	359	402	327	260	291	247	370	388	379	412	404	336	325	351	367	283	285	239	251	242	211	173	117	150	166	154	135	151	184	180	175	172	124	172	160	170	193	183	164	174	199	162	187	166	162	191	212	165	134	162	131	112	94.2	108	122	147
166	186	178	209	201	200	198	167	163	178	174	142	160	179	194	184	160	180	201	228	197	206	214	276	259	299	284	230	209	221	209	182	179	189	176	198	196	227	223	239	245	229	281	282	266	261	254	273	307	261	331	436	301	284	230	213	249	328	319	200	150	212	245	261	266	258	352	336	337	258	318	348	363	375	419	393	400	364	356	351	239	249	337	302	210	193	167	167	220	192	171	162	154	163	205	212	129	155	155	176	180	173	131	138	171	242	176	166	151	184	179	183	152	111	105	82	93.2	130	116	131
157	198	154	175	170	161	180	162	187	167	162	142	158	170	194	195	200	225	232	227	229	200	224	275	293	313	293	263	208	257	223	189	212	220	173	178	194	266	254	209	235	240	266	240	245	265	263	269	252	251	265	406	389	270	275	234	241	335	243	213	171	176	248	224	299	239	297	327	357	311	349	330	432	422	444	424	358	391	465	376	242	262	342	330	258	239	287	214	222	209	196	146	155	190	189	259	145	172	193	163	193	161	134	150	191	191	202	188	172	147	169	161	172	118	110	87	94.1	94.8	121	133
166	188	145	123	141	156	174	186	193	189	179	155	160	185	207	218	218	264	264	224	243	221	222	245	265	282	251	284	296	296	232	202	232	244	181	187	190	221	278	257	294	306	283	264	269	303	327	284	294	330	297	332	273	231	319	312	254	270	300	311	196	192	221	201	248	253	289	351	256	320	385	302	286	364	403	334	350	328	399	328	347	269	333	327	229	184	241	256	187	222	189	155	174	169	184	139	164	186	182	170	195	182	151	151	194	207	194	184	157	172	149	173	175	139	113	111	91.2	70	98	120
189	181	187	127	159	187	218	235	219	212	188	176	215	222	206	186	198	211	212	193	210	219	229	238	214	221	227	255	282	307	206	187	192	208	179	210	258	251	289	319	298	325	319	279	299	273	286	251	309	291	294	252	236	272	292	296	281	241	235	307	290	248	263	167	209	242	247	345	287	295	335	336	323	348	366	344	378	388	372	397	370	290	283	322	358	212	222	179	158	171	204	149	182	163	175	161	118	128	171	171	154	118	171	158	190	220	229	198	179	199	176	186	156	109	98.2	83.7	79.8	76.6	91	98.7
319	189	186	184	188	224	241	240	209	240	199	158	201	221	196	180	190	219	212	196	193	195	201	200	195	209	223	219	208	182	174	165	171	170	172	236	261	251	295	340	364	380	288	255	285	275	274	277	249	249	293	327	286	350	288	248	235	244	234	234	249	277	239	151	201	208	224	296	363	305	289	324	364	343	368	382	413	413	355	344	313	271	271	286	280	199	228	160	139	139	150	159	206	210	196	198	128	129	152	152	175	130	258	245	214	247	240	205	237	225	185	199	181	119	99.8	60.8	97.6	118	93.9	131
366	296	250	228	267	190	204	250	234	230	178	164	186	198	222	193	196	198	207	207	207	188	199	190	194	193	191	173	190	164	153	148	149	158	175	188	242	237	261	295	382	316	302	295	326	269	245	280	214	274	254	238	218	346	400	252	285	265	355	291	242	243	172	195	219	233	268	332	355	304	309	342	339	318	360	384	404	422	395	366	322	260	257	224	238	211	230	171	217	168	142	127	155	230	222	185	149	185	213	159	154	186	274	271	278	256	273	243	258	250	175	169	188	149	96.2	87.6	105	96.3	90.4	115
334	293	271	247	208	202	201	198	210	208	182	161	168	206	192	192	190	182	227	201	215	191	180	181	181	171	168	190	193	150	126	143	146	187	188	188	206	239	262	240	259	292	297	263	251	234	251	275	213	265	291	186	209	257	250	248	301	283	271	299	279	244	189	156	197	234	374	330	337	375	308	352	356	366	419	393	341	332	331	334	307	279	251	196	196	271	274	241	237	191	157	159	158	230	159	184	127	165	211	192	198	222	235	269	230	248	227	242	224	237	186	145	147	134	135	103	117	94	90.4	126
436	363	289	263	264	191	173	166	155	172	190	189	197	220	211	185	180	181	205	213	242	190	168	175	184	177	174	199	173	142	129	135	135	194	196	220	273	296	394	372	316	297	267	342	276	227	222	224	276	281	244	207	162	242	229	279	262	278	333	313	309	241	210	198	207	232	274	379	335	355	346	334	441	498	479	437	431	378	318	327	299	337	305	277	280	286	307	265	251	236	207	187	187	165	150	165	162	146	261	228	192	221	270	243	260	279	358	362	297	284	192	186	181	146	152	115	117	89.3	102	128
353	458	411	394	338	261	210	175	175	164	194	225	266	244	218	185	181	174	187	184	193	179	163	156	163	156	158	191	192	147	153	172	160	175	180	190	210	267	272	304	286	302	283	268	281	278	185	211	283	278	261	223	192	256	232	289	313	291	319	344	308	300	261	292	277	222	257	337	359	383	393	381	392	496	526	522	544	359	297	302	275	302	315	350	316	312	361	245	215	244	235	220	196	148	122	152	141	133	238	231	210	235	311	279	197	188	376	331	310	279	221	180	182	153	139	111	101	104	106	141
295	452	551	564	546	343	275	229	165	150	203	226	257	272	246	174	188	180	185	160	173	169	163	145	154	154	133	161	147	138	162	178	198	155	150	176	182	208	190	235	296	304	325	243	213	266	251	215	246	273	256	244	189	220	215	262	244	248	290	322	280	295	344	289	338	292	288	333	321	346	414	463	427	434	490	455	474	480	467	371	321	285	338	326	314	351	364	264	232	226	212	223	188	143	120	173	159	139	188	193	200	247	279	216	168	122	195	284	282	297	210	192	193	166	132	106	108	105	104	103
238	375	482	598	640	425	372	268	199	184	192	222	256	262	243	169	157	149	151	165	149	140	148	162	173	154	141	166	152	164	182	204	202	194	159	197	195	185	198	213	232	265	247	238	215	204	168	179	166	224	230	250	175	192	192	236	246	270	301	278	216	280	347	302	287	343	316	414	399	370	419	529	500	532	543	454	425	478	526	413	428	353	344	312	293	387	374	232	214	214	234	178	190	188	155	213	158	150	174	210	190	238	259	300	196	153	156	265	279	290	216	203	198	173	146	125	106	118	118	115
178	251	378	503	401	327	314	224	158	161	145	206	267	251	237	164	129	126	147	141	144	137	131	137	146	170	146	133	115	138	180	209	190	194	177	223	201	213	215	215	226	264	247	252	228	199	202	203	197	212	277	281	269	247	239	230	238	299	446	328	303	300	241	262	265	268	335	358	371	350	355	408	440	523	586	450	323	408	408	366	335	367	397	338	331	350	402	263	230	269	283	256	254	253	206	267	210	165	167	192	214	249	215	214	187	155	160	230	214	246	231	198	182	194	161	139	120	116	113	142
191	213	338	383	283	254	211	187	179	170	157	210	220	212	206	172	119	119	136	146	131	146	154	138	150	158	147	142	131	153	172	192	192	182	176	245	207	186	193	186	225	255	255	266	193	207	232	279	224	198	259	306	256	220	248	249	247	293	357	378	444	316	250	200	258	295	352	364	354	369	385	445	428	541	531	488	363	436	418	302	308	336	412	361	291	306	318	251	248	284	299	282	314	314	305	250	265	229	195	180	190	215	224	250	168	162	149	218	229	224	219	201	196	196	181	152	130	126	110	111
157	188	208	222	187	155	148	192	265	228	198	262	241	203	197	169	139	139	143	152	132	137	166	161	151	161	155	166	173	180	178	245	248	239	177	214	210	184	199	214	233	273	245	250	241	230	238	318	277	234	225	260	216	200	172	195	245	260	273	326	368	321	347	249	249	277	327	380	358	348	365	435	525	636	478	432	352	308	392	352	357	403	457	361	291	307	284	236	248	292	305	237	249	340	355	328	285	257	207	168	181	219	263	239	208	196	152	179	239	219	233	206	211	209	189	165	153	128	118	111
155	186	159	154	123	110	113	161	257	326	334	324	278	234	233	191	208	147	138	133	135	150	154	131	136	159	157	199	180	179	179	251	289	239	207	215	214	230	214	215	211	250	254	236	275	312	243	251	219	226	240	280	253	250	238	199	236	245	222	281	334	282	315	312	294	236	262	376	349	315	291	366	448	546	431	389	319	283	336	378	296	359	510	441	324	328	314	253	266	276	316	248	250	358	375	305	272	271	222	197	217	196	234	230	250	201	196	192	237	230	207	205	206	212	205	169	164	153	108	97.4
110	104	105	92.7	88.2	92.7	84.3	121	189	269	322	454	402	359	317	238	236	245	217	230	210	193	184	169	164	170	184	218	210	179	204	204	245	239	230	195	188	217	221	181	203	227	229	315	334	392	298	231	202	226	212	220	286	248	270	209	215	201	200	223	252	227	259	281	262	212	245	359	312	299	272	306	360	436	413	303	241	237	276	382	257	287	366	434	456	398	407	279	269	275	296	246	282	326	355	347	252	239	231	226	223	214	201	219	167	205	186	209	229	247	217	237	219	204	165	149	147	161	107	88
101	88.1	77.3	103	108	89	104	106	122	162	251	403	458	442	385	283	284	327	321	311	298	249	209	210	195	176	180	208	204	181	185	212	239	246	220	245	242	213	203	191	192	224	228	344	315	330	357	316	261	287	292	225	262	255	256	240	223	202	227	242	211	197	195	220	235	211	199	293	320	289	258	301	324	365	278	247	241	263	290	288	271	290	301	316	413	425	388	311	273	267	289	296	280	302	293	387	366	237	208	207	211	204	182	179	172	155	186	193	189	193	225	211	241	189	179	146	131	120	87.9	89.8
93.8	82.7	82.9	94.4	112	90.2	88.6	104	99.8	139	160	201	218	295	299	241	253	280	331	331	309	261	232	190	169	155	155	178	181	168	193	159	175	212	226	231	243	216	210	220	222	229	222	324	342	284	335	265	261	245	263	223	209	197	236	241	298	248	225	255	190	190	201	189	214	240	220	268	280	281	265	313	358	343	290	248	270	284	255	245	232	265	279	328	343	415	340	312	304	271	369	342	349	268	258	292	366	309	239	210	207	179	175	233	195	142	176	192	201	193	159	164	172	185	192	152	118	122	90.2	101
110	105	86.1	97.9	130	116	123	132	97.7	103	109	138	120	126	133	158	159	165	211	232	255	234	208	164	149	140	143	155	170	151	157	161	173	217	211	221	303	319	335	266	259	250	250	265	269	263	245	286	313	262	215	171	207	198	200	221	275	283	231	197	185	202	224	212	214	209	227	242	232	297	334	373	382	345	338	363	270	288	264	231	196	228	272	323	296	329	362	304	291	297	309	336	301	268	241	227	231	307	260	240	180	134	136	178	184	161	174	187	230	220	185	154	161	181	205	174	128	115	87.1	123
69.4	76.8	88.2	82.7	80.6	87.1	91.2	99	77.8	69.5	71.9	79.3	63.9	62.5	59.3	61	75.1	91.1	109	150	181	182	162	158	147	143	151	155	149	146	152	165	200	236	242	219	276	329	439	394	325	293	279	236	235	202	178	234	258	255	202	181	185	165	186	237	267	319	267	230	221	247	235	216	245	249	248	237	221	234	271	299	260	272	286	355	453	388	306	230	210	209	327	370	310	309	413	348	248	269	308	313	288	259	293	212	204	234	248	218	162	140	129	187	190	183	190	178	266	240	200	194	178	191	203	175	150	146	118	132
70.4	77.2	72.7	79.1	74	80.4	81.2	82.3	87.6	79.2	85.9	85.8	64.2	57.3	54.7	56.1	49.6	84	99	119	112	121	126	161	153	154	151	174	159	156	165	182	218	244	259	255	312	336	402	462	425	336	323	310	276	211	195	212	232	240	188	166	199	227	181	176	212	246	272	295	255	239	236	262	239	224	237	271	231	221	237	316	275	269	267	364	440	289	289	254	256	245	304	316	279	308	380	342	259	242	281	278	311	276	258	227	210	209	191	203	172	158	149	177	175	173	168	177	211	235	209	211	204	207	179	194	165	155	145	143
53.4	54.2	53.9	67.7	71	66.3	75.8	82.3	84.3	81.2	87.2	99.4	92.7	76.9	73.9	61.8	46	73	85.3	135	135	121	143	153	163	177	168	185	176	164	169	191	225	247	278	283	294	296	346	416	410	364	307	302	268	230	234	220	261	321	218	160	198	225	228	169	179	201	282	311	346	294	251	243	240	255	253	269	246	201	212	219	253	267	289	229	259	235	266	257	310	257	287	301	307	297	342	327	274	241	257	262	313	298	286	255	256	225	194	186	199	157	188	176	187	195	165	169	195	236	227	250	259	209	199	149	150	197	152	151
28.5	44.9	43.4	50.9	50.6	51	61.1	75.8	76.8	76.8	75.8	89.2	99.2	67.3	65.4	52.7	56.2	68	93.1	147	209	157	164	144	153	171	171	177	157	163	177	195	226	275	286	347	313	301	303	318	295	292	253	229	213	202	211	214	249	310	278	212	214	235	242	212	222	242	260	314	368	344	293	252	291	288	223	244	219	210	236	199	205	201	214	234	228	184	182	315	272	237	256	300	302	282	324	261	235	227	222	224	258	246	269	239	228	222	206	170	154	169	192	219	185	238	243	198	239	269	272	254	245	244	247	164	195	188	152	174
15.5	17.6	19.4	25.9	28	32.2	37.5	32.3	33.7	32.1	38.6	50.6	65.2	60.7	32.9	24.9	27.2	33.9	54.8	100	183	161	142	153	145	157	157	151	147	153	165	199	210	220	251	303	293	268	285	299	287	289	288	249	252	254	262	226	229	224	224	218	199	205	232	256	244	257	312	298	398	302	323	316	343	293	272	228	197	210	240	244	242	217	227	269	266	243	272	327	338	313	300	282	278	285	321	246	229	239	229	238	269	251	259	250	205	200	210	192	165	177	165	212	205	240	255	249	294	380	292	288	256	309	316	212	253	198	157	193
13.7	12.4	10.8	21.8	24.1	18.4	21.1	27.4	28.1	26.3	19.4	35.7	31.7	41.5	31.6	24.3	28	27.6	38.4	89.4	153	209	170	174	174	164	172	170	166	166	171	210	229	234	232	235	255	268	303	301	303	281	273	257	266	293	292	236	240	239	235	206	198	217	264	243	231	228	263	289	318	301	314	314	324	298	280	236	193	213	221	291	255	249	251	318	331	313	308	346	329	344	273	262	258	257	293	249	255	226	241	234	263	235	266	259	233	214	227	274	223	194	175	231	247	238	271	288	339	365	293	290	315	433	310	197	221	206	154	188
8.06	7.79	7.75	15.5	28.7	13.3	12.9	16.6	18.1	17.7	13	21.1	31.5	38.3	25.2	21.4	28.8	28.7	27.8	53.8	107	198	218	181	197	193	178	180	209	213	204	223	259	263	225	240	230	253	274	287	254	252	233	273	288	300	269	250	248	264	268	202	209	198	219	242	224	251	268	274	289	289	292	299	304	274	318	260	238	221	198	265	277	262	272	322	437	403	307	367	312	292	294	312	259	258	262	296	270	248	223	233	270	259	266	277	250	249	242	294	266	251	193	241	280	272	305	309	328	295	289	310	334	379	294	216	219	185	168	168
7.11	5.93	5.58	9.06	9.05	8.2	8.38	13.6	11.3	11.9	13.8	20.3	25.9	29.6	20.8	27.9	31.5	29.7	28.5	45.6	100	120	196	199	177	192	197	187	247	288	248	261	279	272	242	253	257	233	243	260	230	251	240	243	253	269	243	237	263	295	294	235	211	198	203	227	244	273	296	314	286	302	315	281	299	291	285	246	249	279	266	247	284	311	299	345	362	368	351	406	313	289	313	270	254	251	268	274	242	250	229	229	237	243	253	246	239	273	232	298	300	250	221	255	252	273	320	333	337	366	314	364	365	312	266	236	249	246	220	208
1.53	2.31	1.64	1.38	0.924	0.932	0.909	1.94	6.6	5.76	6.66	23.7	21.5	27.7	25.3	38.5	59.2	43.2	28.4	47.1	61.3	83.9	136	149	144	155	151	166	215	218	245	249	222	210	199	225	226	189	176	203	193	220	225	232	219	241	227	213	239	284	273	200	195	198	254	254	252	243	281	286	295	303	326	296	304	295	266	268	296	317	281	271	329	325	378	335	340	351	330	297	259	272	291	266	267	231	222	249	270	249	218	239	239	227	226	225	224	260	257	274	288	271	264	250	245	282	316	346	325	354	356	310	345	357	328	269	283	258	228	238
0.776	0.628	0.552	0.59	0.42	0.284	0.285	0.527	2.52	6.07	7.41	13.9	17.3	20.8	32.3	56.5	53.1	40	31.9	49.7	60.7	68.1	79.1	120	119	125	150	151	196	259	368	305	242	196	192	229	245	226	203	217	203	206	231	226	220	233	226	224	249	249	260	209	194	229	248	236	215	278	247	249	265	269	285	350	322	310	269	287	308	351	256	290	226	265	341	280	349	286	278	262	271	304	293	249	243	238	259	262	269	237	223	248	248	228	243	236	250	252	266	313	272	280	260	288	258	296	334	355	337	343	343	256	314	342	356	295	287	266	260	226
0.323	0.2	0.14	0.19	0.0579	0.0726	0.0454	0.3	1.68	2.23	5.01	32.4	12.8	18.2	23.4	49.4	73.8	69.8	38.2	54.7	76	80.4	74.3	116	96.1	109	121	123	145	189	219	322	279	222	218	285	259	252	244	256	225	232	219	198	194	208	228	221	227	242	244	202	187	215	202	181	205	244	255	229	249	238	251	313	309	303	282	299	395	385	304	284	272	254	271	267	295	312	277	284	327	274	275	263	236	228	251	291	254	236	266	290	255	259	267	292	276	249	286	323	287	324	307	364	309	304	334	375	382	344	344	268	286	320	303	290	311	266	279	290
0.273	0.128	0.1	0.0668	0.0466	0.0221	0.0816	0.225	0.638	1.16	0.823	6.83	20.7	15.5	24.5	34.9	44	65.7	63.1	54.2	76.4	72	62.4	70.2	63.5	123	92.9	88.3	106	152	190	265	340	321	297	427	318	309	264	255	231	212	203	188	188	200	224	221	219	221	229	212	178	170	192	178	189	192	204	240	276	251	251	277	305	279	261	309	489	371	380	295	285	306	281	277	286	293	315	360	354	315	285	231	240	217	233	256	265	259	302	310	291	280	313	346	299	301	307	324	307	366	364	340	337	354	361	355	353	370	361	308	290	293	287	306	335	315	299	336
0.0252	0.327	0.353	0.181	0.0796	0.00612	0.00661	0.0699	0.0711	0.0903	0.89	1.12	3.73	3.3	12.8	26.9	35	48.7	41.6	55	72.8	70.4	67.1	57.3	56	73.6	59.3	71.6	80.5	93.2	129	166	261	361	375	404	373	345	247	227	205	193	186	182	183	209	210	164	169	190	187	169	148	149	170	240	195	176	212	217	253	236	176	196	273	302	243	346	353	286	268	288	268	404	374	291	292	353	391	327	331	288	286	210	215	225	251	262	247	275	291	301	318	329	341	377	275	375	359	382	350	370	356	388	400	369	369	388	355	370	432	358	311	316	328	337	347	355	360	355
0.101	0.0252	0.0252	0.1	0.00304	0.00244	0.052	0.0603	0.0141	0.208	0.684	0.451	0.142	0.324	6.99	23.4	27	35.7	49.9	53.7	61.5	71.2	42.9	41.1	41.8	40.6	51.5	55.3	63.4	81.3	107	132	226	321	361	424	409	350	290	225	200	194	197	195	217	229	224	179	177	180	165	143	156	149	169	218	223	189	214	226	229	204	155	134	197	272	273	306	343	281	213	242	298	280	340	261	248	265	337	293	282	324	351	222	204	245	272	287	271	271	323	330	341	347	345	315	279	311	332	333	307	344	341	350	383	400	378	407	373	396	393	355	321	339	354	358	369	386	366	343
0	0	0.202	0.0719	0.0719	0.0484	0.0249	0.00509	0.00647	0.0807	0.00966	0.309	0.318	1.29	1.91	17.1	26.5	35.6	33.8	55.5	65.2	58.4	44.9	35.7	36.9	33.8	39	58.6	60	75.3	91	96.9	129	177	213	296	281	278	261	237	221	198	187	182	196	222	210	163	155	155	162	160	151	151	177	226	224	227	224	220	181	202	183	158	149	157	315	246	286	281	227	278	323	259	190	347	303	275	359	261	259	284	319	240	213	219	207	234	316	278	348	360	377	384	359	336	292	263	302	315	288	293	318	369	353	373	382	428	401	358	362	382	369	366	387	380	348	375	359	380
0.378	0.328	0	0.000216	0.239	0.336	0.217	0.196	0.0531	0.00572	0.00692	0.064	0.358	2.13	1.78	10.4	20	22	32.5	54.2	55.9	48.2	43.7	31.8	37.6	29.7	26.9	38.9	50.8	72.9	104	86.7	86.2	105	133	190	189	216	202	215	238	211	190	185	195	213	219	169	163	155	166	164	157	162	173	219	228	214	194	166	185	211	151	189	169	161	194	244	196	211	254	293	279	297	222	237	351	375	324	284	237	249	268	247	196	200	175	225	293	274	320	356	399	380	383	370	359	384	309	296	279	289	289	364	342	354	386	391	375	367	372	397	423	445	419	372	363	385	362	376
