88	109	111	192	195	151	132	152	183	208	234	222	264	266	217	162	179	173	165	149	131	152	142	236	138	130	143	96.9	84.9	118	89.8	73.8	63	87.4	75.8	61.6	69.9	69.6	96.9	123	143	148	179	177	206	163	142	125	87.5	55.2	42.5	89.1	89.6	96.9	121	149	143	151	171	153	152	169	160	133	126	152	146	146	155	164	177	229	186	269	314	299	285	197	224	252	247	255	241	244	262	224	202	52.8	55	46.9	37	36.5	24.3	23.1	25.7	35.7	43.9	49.7	47.4	59.7	76.6	106	124	150	153	115	109	104	80.9	70.4	81	77	109	132	147	151	137	167	192	195
120	163	166	215	155	139	149	180	191	204	213	224	270	285	223	198	193	182	175	167	192	219	196	190	235	210	147	102	95.9	115	110	91.2	52.9	61	50.7	75.2	88	120	110	159	217	207	230	211	203	165	135	112	46.5	36.3	30.1	32.6	53.2	62.7	88.4	121	105	91.6	110	147	95.7	120	116	108	126	142	182	185	194	207	208	200	183	224	291	283	258	228	183	248	282	307	312	359	342	341	212	187	132	156	156	61.8	53.5	53.7	60.8	56.7	36.7	34.4	42.6	82.2	94.4	60.6	64.2	70	71.2	58	105	90.2	79.4	91.5	110	119	159	202	186	190	159	210	196	215
142	223	234	214	157	159	155	172	214	209	219	248	326	333	255	238	238	176	170	151	140	190	188	192	332	196	138	123	125	115	130	125	83.7	74.5	52.5	75.7	67.4	90.1	116	140	167	188	186	137	131	114	101	76.3	47.3	40.9	28.9	39.5	51.1	54.7	50.1	82.9	91	92.7	111	132	114	120	117	113	125	127	171	186	201	177	193	178	192	233	267	284	254	218	199	248	277	316	351	391	374	414	325	215	168	150	148	51.2	58.7	51.4	54.9	59.3	54	57.1	61.2	67.3	62.3	58.1	50.6	38.8	47.4	51.1	94.1	87.3	87.5	94.8	118	121	156	183	168	152	141	161	190	198
168	245	272	179	172	182	196	204	220	253	252	310	350	332	240	242	234	216	154	149	125	137	179	176	214	190	194	143	135	120	168	178	159	108	82.8	78.1	58.5	52.7	88.7	121	155	159	161	126	130	104	104	110	78.4	53.3	45	38.7	40.6	39.7	36.8	71.1	94.5	91.7	121	129	135	163	141	136	122	158	137	170	183	187	176	146	158	244	226	228	226	206	206	197	264	312	339	358	311	311	260	232	239	165	155	72.7	61.6	37.3	51.6	72.7	76.9	65.7	56.8	50.5	50.7	38.9	29.1	45.3	69.6	60.8	84.7	96.8	114	132	119	108	109	149	149	147	157	174	160	162
195	254	213	169	226	228	234	211	221	233	246	327	326	263	201	147	201	212	163	116	125	169	183	192	193	203	175	172	176	149	211	220	205	144	109	99.7	61.3	55.9	110	129	131	150	156	139	138	107	118	85.7	89.3	77.4	44.7	54.6	44.1	41.3	46.2	86.8	79.6	109	124	146	163	154	184	159	148	144	105	124	143	151	135	142	139	221	210	160	170	225	203	186	266	295	313	355	331	310	322	264	242	240	136	90.5	86.3	69.4	60.1	91.7	78.5	46.9	45.2	43.5	43	36.9	43.6	63.4	71.7	76.3	66.6	88.4	112	101	113	91.7	99.6	95.9	106	137	150	141	117	127
215	214	241	200	253	277	259	229	215	217	248	239	252	213	193	181	163	140	143	145	171	224	253	269	272	227	263	287	285	190	177	174	160	139	107	92.8	63	56.5	87.8	102	135	161	155	118	124	120	134	75.7	72.3	68.1	58.5	53.5	57.6	55.6	53.4	70.2	77.2	76.6	122	199	186	181	177	124	106	74.7	57.2	79.5	80.5	104	104	109	123	169	193	175	222	204	177	179	239	257	260	262	291	292	302	361	330	308	279	91.2	96.8	74.8	91.5	63.3	69	63.3	72.1	65.5	51.4	48.7	89.5	86.7	80.7	76.7	70.2	73.3	98.4	106	109	113	107	106	101	139	109	113	120	132
191	195	241	222	277	300	288	231	184	190	249	225	229	218	198	168	170	144	152	249	255	243	342	327	292	275	258	271	286	194	157	113	108	122	118	93.8	65.2	48.9	53.8	90.6	119	119	91.2	103	114	104	117	83.6	73.8	67	63.4	52.2	53.2	53.7	58.2	66.7	68.9	78.1	111	143	180	198	148	136	82.8	51.2	60.5	67.8	78.5	119	137	146	168	234	206	182	210	224	219	189	167	175	200	203	246	279	285	289	277	264	201	135	78.1	58	30	48.5	73.8	99.6	86.9	103	82.8	86.3	93.9	87.9	79.5	80.9	79.1	61.8	65.4	86.5	116	112	129	116	113	111	119	121	111	111
180	200	230	224	258	289	227	180	173	207	292	217	200	196	193	184	189	171	177	192	219	297	341	234	227	238	271	282	240	208	178	137	123	136	137	119	81.5	71.9	70.8	83.7	109	70	63.7	62.8	70	70.7	64.9	66.5	71.8	59.8	61.3	61	58.2	59.1	60.6	65.1	65.2	78.1	96.2	143	195	152	124	150	114	78.6	51.1	65.9	67.6	105	147	204	197	195	176	177	198	186	176	160	169	189	241	245	227	275	235	203	203	251	198	144	46.1	40	6	36	45.9	74.7	81.7	69.6	63.4	52.3	77.6	73.7	42.6	44.8	54.7	51.2	67.2	60.8	99.3	121	96.9	118	119	105	122	133	99	95.8
203	208	211	209	261	270	226	186	182	204	315	245	235	242	246	197	200	225	218	178	272	280	289	188	198	255	306	362	249	196	188	182	133	165	194	132	97.9	99.3	82.8	93.7	101	69.5	50.5	67	64.2	49	53.3	63.2	56.5	55.4	64.5	65.6	70.6	60.6	56	50.7	49.5	57.9	74	97.5	108	127	197	187	94.1	63.7	62.6	79.8	96.6	93.1	132	206	167	157	170	181	162	169	196	140	149	179	256	245	236	231	204	193	222	218	219	117	68.6	36.6	57	72.9	73.6	56	61.6	76.7	62.8	46.6	59.3	34.6	37.2	44.2	37.9	46.3	53.6	54.7	66.5	76	66.2	63.6	69.9	91.9	105	79.7	75.8	109
172	194	162	208	267	232	177	189	179	207	200	171	213	231	261	231	231	268	260	260	248	249	250	174	198	261	301	353	336	225	247	238	143	167	183	122	107	126	68.1	62.5	51.5	54.5	32.3	47.5	39.1	37	42.3	60.1	64.5	60.9	73.6	67.3	65.3	55.7	48	37.8	36.6	39.2	51.4	40.2	53.6	68.8	111	134	82.9	67.1	70	66.8	91.8	84	89.7	123	168	165	188	182	160	154	140	154	172	197	227	239	217	181	172	216	237	227	178	140	97	64.8	95.9	85.1	60.8	29.8	53.6	70.2	49.5	35.4	24.4	25.2	40.7	31	29.7	61.4	57.5	68.2	61.5	53.1	52	35	29.2	50.5	54.9	60.4	41.5	76.9
150	178	150	197	230	227	199	167	197	201	183	200	254	275	327	298	266	267	285	255	284	259	346	184	188	260	353	342	295	280	292	248	158	146	133	148	137	108	67.4	76.3	40	41.8	41.3	54.2	45.7	38.1	50	61	78.5	79.6	73.3	64.5	64.8	62.8	54.8	41	35.6	41.3	52.4	58.4	59	93.6	107	133	81	64.5	60	83.2	98.8	104	97.9	128	160	198	160	157	154	145	132	142	165	155	165	174	220	253	184	207	197	231	243	168	117	58.5	69.6	72.3	57.5	39.9	41.2	57.8	34.5	22	13.8	20.7	34.7	19	19.6	34.5	58.9	63.3	31.7	33.9	30.7	25.3	41.3	45.4	38.5	34.2	16.6	32.7
152	164	116	169	230	220	197	213	215	242	215	234	263	314	340	338	317	294	277	284	269	202	215	169	155	233	346	352	375	302	282	243	213	114	112	146	110	77.8	81.4	71.1	44.8	54.9	59.1	81.8	55.1	38.4	53.3	65.4	70.4	71.4	71.6	68.1	68.4	67.2	57.6	45.3	43.7	53.9	63.5	69.3	90.6	91.2	55.9	67.7	77.8	58.4	55.3	89	81.6	108	106	156	158	151	120	102	122	149	133	124	126	104	111	184	180	186	131	157	170	186	173	142	89.1	156	72.8	54.8	42.8	23.5	27.6	39.5	32.1	14.5	23.2	11.5	23.1	10.3	17.2	28	39.4	39.6	29.2	18.8	19.9	22.9	18.1	29.2	30.3	18.7	21	26
151	134	163	229	243	234	224	240	218	234	293	282	309	327	406	387	311	317	330	313	266	259	216	169	185	257	248	234	317	282	248	199	204	113	126	150	107	84.2	79.8	69	61.3	84	88.7	71.8	50.2	46.6	61	68.6	75.5	78.1	75.9	78.8	68.3	68	65.4	57.9	69.5	89.7	94.1	133	76.8	58.5	46.5	75.9	56	57	60	84.4	89	115	134	152	157	123	105	108	121	162	111	117	73.9	98.9	125	205	192	127	165	167	133	150	178	101	129	152	28	35.9	28.4	19.3	27.8	20.8	14.8	12.9	15.8	16	15.5	3.36	10.5	20.1	25.1	22.8	13.6	17.6	28.9	13.8	12	15.8	18.2	11.1	9.39	6.87
129	176	182	215	231	246	231	232	230	240	316	315	340	299	402	394	305	259	327	244	256	278	217	214	233	270	185	208	260	209	182	218	227	127	140	146	113	116	92.7	85	77.1	73.7	81.1	77.4	56	54.8	65.5	80.9	93.4	76.4	83	76.6	63.9	59	61.5	64.6	91.6	64.4	81.4	130	102	61.2	25.8	62.6	44.1	54.7	81.7	90.9	96.9	146	151	122	103	94	95.7	95.8	119	142	135	140	110	72.9	107	134	142	120	99.3	136	180	193	151	110	108	101	65.8	37.6	37.3	20.7	37.8	27.6	23.1	22.9	21.6	22.1	10.1	5.76	11.7	24.3	12.5	17.4	6.69	17.5	14.3	6.36	11.8	3.81	0.09	2.64	6.27	5.79
128	170	207	251	226	237	275	275	298	336	361	330	245	281	390	406	334	248	251	285	342	257	158	219	152	156	215	306	226	223	221	268	212	157	140	170	171	125	112	100	80.5	69.3	77.9	72.7	68.7	81.3	88.7	71.9	95.5	105	87.9	75.1	90.2	72.5	63.4	66.6	80.8	75.6	82.5	109	57.6	23.4	34.8	66.1	53.6	57.3	99.3	86.2	103	139	127	92.7	93.1	69.5	90.7	78.2	116	116	126	135	128	115	113	155	150	101	124	165	199	168	138	148	118	89.2	39.4	17.2	19.9	22	27.5	26.4	22	8.07	10.6	13.9	10.7	6.66	16	16.7	6.9	5.49	7.83	6.03	3.06	0.87	3.36	4.2	5.31	3.81	2.67	0
132	186	206	205	214	231	239	206	296	420	360	265	265	321	363	378	296	294	257	295	269	229	149	175	183	222	216	267	274	247	266	213	194	170	155	194	233	181	146	142	120	122	122	109	79.6	91.9	85.7	67.9	93.3	90.8	92.3	75.7	108	115	74.8	65.1	55.4	59	67.8	35	22	24.1	24.6	68.3	65.7	54.2	107	110	146	117	84.5	75.8	77.3	77.9	86.3	90.7	92	76.8	84.4	123	180	136	127	164	205	127	103	98.6	147	144	118	138	80.8	62.8	49.6	15.1	19.3	24	20.1	13.9	17.5	8.73	5.61	9.9	12	9.03	13.8	15.1	7.8	7.74	8.61	3.24	0.15	1.86	4.41	2.19	1.2	11.2	8.4	3.36
181	227	230	214	234	236	221	276	355	379	347	308	333	374	370	413	353	324	290	240	208	210	205	214	270	203	192	184	164	189	179	181	175	184	153	194	272	306	264	234	197	137	99.6	92.6	89.9	106	67.8	61.6	98	116	126	77.1	79.5	74.7	73	75.1	73.7	68.5	65.2	49.4	23.4	21.1	30	85.2	83.8	72.5	67.5	93.4	80	83.6	74.7	72.4	76.2	80.6	82.8	84.3	61.4	61.3	65.4	73.1	84.4	59.7	115	155	154	89.6	95.9	88	110	115	127	92.1	54.8	52.7	32.5	9.71	21.6	21.9	14.4	12.1	13.4	4.14	3.33	13.8	15.8	10.2	6.57	19.7	27.5	4.74	4.26	1.41	0	5.85	9.27	3.78	0	3.72	6.15	8.01
268	286	285	235	269	272	343	387	383	373	326	316	368	425	413	437	418	398	317	227	218	227	241	218	286	248	281	248	232	240	212	222	215	192	192	283	286	294	270	249	176	171	139	108	103	98.4	83.3	67.4	87.7	111	97.3	78.7	71.6	62.5	77.4	87	82.6	55.7	50.4	38.5	27.5	18.2	22	40.3	30.2	19.1	22	22.4	22.6	46.4	22.5	41.4	51.6	95.5	45.7	45.4	38.5	46.3	34.5	51.2	45.1	61.4	103	83.3	127	137	104	97.2	118	80.4	88	106	60.7	32.5	24.3	33.3	25.1	23.1	26.3	5.22	9.9	9.6	9.69	20.1	15.5	2.4	2.04	6.78	14.7	0.33	0	0	3.27	5.43	15.8	7.05	4.47	0.03	3.06	7.92
321	302	322	329	305	349	378	359	388	408	407	321	410	471	402	338	294	346	271	244	254	310	229	222	244	308	267	245	208	232	218	241	236	197	216	336	288	244	241	264	244	210	162	138	145	136	122	96.8	94.6	107	99.2	96.5	85.4	76.5	112	95.8	77.2	52.7	52.6	41.5	35.2	30	17.2	45.2	19.3	17.7	22.1	16.2	35.3	71	41.3	24.7	56.1	73.5	49.4	42.9	24.6	34.8	22.2	28.5	52.3	89.9	64.7	32.8	50.9	107	83.9	116	102	71.1	67.9	60.2	57	25.7	23.8	32.3	28.4	18.9	22.3	7.65	9.42	4.2	1.2	15.4	6.57	2.01	0.51	0.81	2.85	0.39	2.55	0	0	0	1.05	3.33	0	5.43	5.52	4.83
324	324	337	384	334	336	355	368	444	414	378	343	396	440	576	393	305	364	375	342	310	320	226	224	276	289	250	249	255	226	230	266	255	237	275	308	290	230	211	220	270	249	193	184	192	173	130	107	110	110	123	129	138	196	263	187	74.8	40.7	51.9	57.9	44.3	27.5	16.4	13	11.2	23.7	26.7	37.4	84.4	16.7	22	25.9	78.4	40.5	48	29.3	21.8	82.3	42.3	18.6	62.4	69.3	38.8	33	37.3	55.5	58	70	73.3	60.5	69.5	38.5	46.4	29.4	46.2	24.2	38.3	18	17.3	4.02	0.75	4.65	0.06	3.63	0.09	1.89	18.3	6.72	0.27	0.03	1.08	4.56	0	0	0	0	0.03	5.7	5.94	6.09
318	335	425	336	291	350	348	443	402	369	354	366	349	381	523	445	412	364	370	378	365	267	225	233	255	291	301	274	265	230	265	231	243	343	351	258	226	215	170	172	205	245	218	180	185	157	135	96	104	135	173	190	183	187	159	107	77.3	38.3	40.1	26	35.5	12.5	7.29	12.2	21.5	91.8	74.3	16.5	10.9	10.6	14.2	34	67.3	25.9	23.6	19.1	10.6	10.9	10.1	6.1	30.7	23.2	23.7	33.3	40.8	87.3	72.2	80.1	80	68.3	78.3	72.9	53.7	35.8	47.1	29.6	22.6	20.9	17.8	0.3	1.05	0.12	0.15	0.93	2.1	0.27	10.5	10.6	0.09	1.47	0	0	0	6.18	0	0	0.24	0	0.18	4.74
320	356	418	330	345	373	373	388	465	392	370	376	351	394	433	405	379	372	378	380	312	264	230	280	293	286	255	251	228	172	201	176	225	236	212	251	212	211	166	133	172	198	243	160	168	145	113	94.7	116	171	209	259	237	145	145	116	90.7	44.9	40.7	24.2	21.2	14.1	24.7	27.1	45.2	83.7	39.2	32.5	29	26.4	37.9	57.4	42.3	20.6	23.9	24	15.2	13.7	25.3	28.1	15.7	18.9	33.2	41.6	61.6	87.2	62.6	71.2	93.1	83.1	77.5	43.3	34.2	27	51.6	47.2	40.3	36.1	32.8	27.1	24	17.1	15.8	16.6	15.1	10.6	10.5	5.12	4.08	2.56	2.55	0	0	4.65	0.12	0	0	0	0	0
335	333	312	282	304	326	317	389	481	500	370	366	354	342	309	377	406	344	389	309	260	271	248	286	320	361	286	246	227	207	259	240	228	233	141	174	196	236	139	180	190	204	274	218	177	159	164	147	133	191	177	222	173	102	83.3	111	137	95.1	50.7	32	24.9	23.1	45.8	35.7	43	33.9	9.86	36.5	27.2	19.1	20.4	23.6	23.8	16.2	17.5	11.7	12.7	13.4	18.5	14.8	17.7	30.6	38.6	44.1	114	46.2	42.6	70.5	70.4	79.9	72.9	48.2	36.1	35.7	34.3	54.5	50.3	36.9	33.8	26.9	22.1	17.8	16	16.5	14.3	11.4	9.97	4.78	3.56	2.56	2.55	0	0.03	0	0.03	0	7.08	0	0	1.17
447	346	293	264	280	342	332	358	407	430	323	292	302	261	306	364	383	274	288	271	253	307	311	260	249	250	224	238	226	220	316	418	251	213	187	201	275	311	178	168	214	195	207	157	184	177	162	168	138	178	213	250	125	109	108	124	137	123	190	95.5	62.3	43.4	48.3	40.2	23.8	13.1	6.72	19	23.4	16.1	15.8	19.7	15.6	19	33.6	23.8	29.3	14.8	5.75	9.55	11.3	27.5	39.1	41.4	49.4	100	52.7	85.2	74	66.1	99	72.5	43.9	70.6	78.1	68.1	72.5	58.7	40.4	32.3	26	23	25.1	22	17.2	15.4	11.3	5.6	3.9	3.4	4.16	0	0	0	0	0	6.54	0	0	4.35
415	391	364	306	355	374	328	322	368	340	290	246	277	268	334	326	264	246	295	266	225	265	299	255	234	195	179	195	255	231	245	253	209	187	221	241	318	264	212	216	186	207	203	160	162	146	142	153	136	193	231	280	114	156	139	120	146	118	139	90	95.6	73.5	64.5	48.4	23.9	17.8	16.6	22.5	21.8	20.5	15.3	14.6	24.8	25.6	36.1	58	78.5	54.1	10.6	9.28	10.3	21.2	22.1	33.2	37.2	39.4	51.8	61.6	56.4	83.1	88.3	99.4	116	93.8	54	65.4	79.1	55.5	47.1	41.6	35.7	41	40.9	35.4	27.3	18.4	14.9	7.35	7.44	4.29	5.51	0.0921	0	4.14	0.54	0	0	0	0	0
569	533	651	436	456	412	373	342	367	363	291	287	326	263	259	254	250	286	321	287	258	275	257	253	269	252	252	224	238	256	221	206	207	175	214	205	286	280	229	187	150	173	170	120	105	99.5	125	147	175	218	235	274	104	114	147	109	124	125	134	101	109	116	140	101	58.3	43	40.9	39.6	35.5	34.5	22.5	23.7	19	27.1	29.2	30.6	44.8	39.9	22.2	17.9	12.6	18.3	20	24.9	29.1	39.5	49.9	46.6	41.4	75.2	144	124	138	114	74.4	74.2	91.9	77.3	71	82.3	78.3	76.7	83.6	51.4	36.6	30.4	25	10.6	7.25	5.94	6.69	11.3	11.2	15.4	15.8	16.7	17.6	19.2	19.2	0
429	548	589	433	414	376	366	327	314	304	305	361	360	307	273	290	306	312	317	310	268	244	252	256	276	259	258	245	262	279	277	234	216	170	194	240	239	261	260	201	179	161	150	149	115	115	109	141	193	237	225	170	112	113	137	71.4	61.1	105	109	140	333	387	236	110	64.6	49.3	52.6	35.3	32.3	31.9	23.9	21.7	22.1	42.1	41.2	35.5	38	19.7	21.6	21.3	17.3	21.8	30.4	31.3	39.5	42.5	44.8	42	66.1	109	157	200	210	131	74.9	88.4	116	94.1	75.6	101	102	101	93.6	67.3	51.6	41.1	30.8	15	8.61	10.4	10.9	12.2	12.9	16	15.6	16.8	18.2	19.2	19.2	0.03
566	618	625	437	388	362	345	322	324	302	323	372	373	321	302	301	338	294	298	272	214	223	255	274	291	277	268	251	267	253	304	246	260	207	199	299	269	261	276	207	189	147	160	162	126	128	166	159	180	187	153	112	90.8	83	114	53.6	52.3	100	145	157	199	196	128	98.4	61.2	60.5	30.4	32.1	31.7	31.5	28.2	21.9	31.7	31.8	46.2	83.2	68	26.2	24.4	23.5	20.7	31.2	31.3	50	95.2	95	74.2	64.6	83	83.7	115	114	148	112	101	103	97.5	86	90.1	126	141	124	109	81.7	65.4	49	37.7	19	29.4	27	23	24	14.6	17	19.2	22.8	20.1	20.2	20.3	0.06
369	432	492	384	366	324	304	246	281	358	410	312	319	289	317	317	311	320	305	284	235	272	304	273	316	312	289	262	264	275	287	237	283	287	270	351	246	287	218	209	180	167	150	154	158	160	175	182	177	155	130	154	109	128	125	136	126	158	131	121	99.2	119	83.7	60.8	56.8	63.6	38.5	45.1	52.6	49.1	38.2	27.8	27.8	40	40	37.6	25.7	21.1	15.9	34.4	36.9	38.4	55.9	120	133	141	92.2	79.8	93.8	65.6	63	73.6	112	122	119	127	106	118	137	158	161	175	184	130	105	66.1	55.2	35.3	47.2	44	37.1	37.8	22.4	20.9	23.1	37.9	31	22.2	23.1	0.821
280	341	384	346	290	272	273	262	310	369	389	273	327	326	317	320	353	316	300	316	314	424	359	323	383	335	264	227	280	330	336	257	291	323	314	256	240	323	212	209	190	197	159	149	158	160	178	214	179	170	164	217	231	212	246	233	196	184	157	119	114	106	95.2	76	68.7	54.1	96.4	89.6	65.7	53.8	43.4	36.9	22.4	26.6	19.5	25.4	15.8	10.7	15.9	31.2	40.8	56.4	72.4	115	120	136	103	72.8	61.2	84.7	76.9	90.2	115	138	141	144	142	130	146	152	189	214	200	218	137	95.1	59.5	47.6	42.5	62.6	58.2	39.2	31.1	28.1	34.8	42.9	48.4	31.7	27.9	19.5
298	353	327	299	283	274	290	303	326	327	339	309	315	307	292	322	366	369	362	381	379	446	444	326	389	339	286	242	258	255	329	301	304	298	307	283	260	273	234	218	206	183	188	155	179	193	196	225	205	193	200	291	270	273	239	227	204	163	143	131	118	105	82.5	71.8	88.6	62.2	79	95.6	83.7	85.8	56	37.4	30.8	21.8	26.1	19.4	12.1	9.33	16.2	37.5	64.3	84.8	97.2	144	141	162	170	93.4	71.4	97.4	122	179	192	190	181	174	158	161	175	183	195	201	204	165	156	120	67	52.3	101	59.3	41.6	43.9	37.8	39.1	44.9	45	38.7	41.2	35.1	31.1
321	383	314	277	236	284	335	308	406	459	459	456	334	321	348	335	332	328	347	355	316	406	418	347	342	335	327	262	237	244	254	282	333	297	301	277	291	281	262	247	258	223	195	164	197	216	259	250	225	219	210	264	257	246	232	255	211	153	140	123	134	109	75.9	63.4	67.3	64.8	94.8	88.2	84.8	77.8	59.3	39.1	32.4	28	31.1	30.4	17.5	16.5	15.5	41.4	69.7	79.9	93	152	152	139	138	104	79.9	95.1	138	171	215	228	214	200	164	162	170	212	186	208	219	186	134	109	64.3	77.5	65.9	62.9	59.4	61.3	53.9	48.9	51.9	52	58.2	70.1	48.3	49.2
272	306	339	299	270	325	395	353	422	579	526	441	366	392	357	392	313	297	294	326	333	444	454	356	370	358	325	270	254	296	265	288	306	317	342	295	305	357	304	299	338	284	249	199	216	235	249	284	266	242	235	279	281	272	258	268	208	151	137	136	115	85.6	68.2	66.5	56	57.4	77.3	109	106	94.1	52.8	42.5	30.6	21.6	26	22.7	21.9	21.7	19.1	53.5	64.2	89.4	98.5	206	178	152	126	117	85.2	88.5	119	173	196	193	185	181	183	164	170	200	166	188	183	172	141	129	85.8	60.9	64.5	74.8	90.5	67.7	68.2	58.9	59.2	55.3	75.8	117	105	66.9
255	296	259	260	283	326	341	401	362	421	424	404	343	315	348	386	348	267	270	332	345	365	382	351	321	350	322	272	237	267	314	355	316	367	338	291	331	368	300	284	383	326	300	228	247	243	237	260	249	217	229	273	248	281	222	197	215	155	147	147	108	64.8	65.5	75.5	78.9	76.5	95.7	118	87.1	67.4	51	39.6	31.9	22.6	22.2	16.3	16.7	19.1	29.4	52.9	57.1	68.8	79.2	101	121	117	134	107	93.7	103	134	191	200	167	211	182	172	158	153	173	148	153	143	161	199	105	95.8	90.4	106	114	122	106	88.6	75.8	79.4	64.1	69.9	87.2	69.2	71.9
282	310	315	311	318	331	324	385	383	426	385	384	335	326	334	377	350	277	286	326	305	292	304	270	322	326	361	321	289	297	308	328	355	399	345	311	295	283	303	306	366	339	318	246	272	291	268	278	253	252	218	222	243	307	298	254	262	221	177	145	117	77.9	95.9	94.7	68.7	62.3	70.7	77.9	69.9	63.5	58.9	52.2	34.4	25.3	22.7	19.7	19.9	24.6	30.3	44.1	54.9	65.8	83.3	84.4	117	147	113	112	128	153	131	137	154	167	202	199	187	173	173	188	179	165	158	173	173	110	102	93.7	175	132	147	120	123	120	95.8	80.6	87.9	89.9	81.6	82.2
316	307	285	320	307	336	326	349	355	394	419	379	367	368	363	355	315	296	295	337	301	302	272	232	251	275	335	329	311	258	264	354	413	381	358	291	315	273	282	311	358	354	335	289	282	274	262	283	270	230	197	230	289	327	318	280	292	241	206	177	128	76.5	85.6	75.7	58	55.8	60.9	85.4	75.9	64.7	60.9	55.9	39.3	30.4	33.8	21.5	24.4	28	31	38	57.3	67.2	77.4	65.9	88.7	98.8	130	125	141	160	146	154	166	168	165	203	219	194	178	184	186	182	175	175	147	132	93.3	84.5	170	112	127	127	109	108	98.6	88.2	93.2	104	92.6	75.1
321	321	282	289	301	331	377	372	349	367	396	408	377	344	361	341	296	305	319	379	342	309	272	232	243	278	319	311	316	316	308	312	384	411	437	325	335	313	284	333	364	382	386	371	285	269	268	333	264	252	230	270	368	338	338	349	295	251	227	194	132	97.1	83.5	77.7	80.4	73.4	71.2	91.3	82.8	73.3	53.7	48.3	41.1	38.2	43.4	35.3	41.7	33.9	32.5	43.7	59.2	68.2	70.5	76.1	95.6	131	159	160	165	189	203	197	204	179	185	233	276	220	255	216	199	206	164	188	189	127	124	107	123	106	95.3	90.4	105	129	104	88.9	89	81.2	80.2	76.5
283	301	272	271	285	285	400	344	304	322	300	327	315	282	286	290	256	258	305	340	364	321	278	218	266	272	291	293	354	411	318	287	363	393	454	390	377	366	395	362	365	337	377	356	348	323	299	326	302	289	325	322	348	316	379	297	269	261	228	190	136	110	111	105	91.5	70.9	60.1	75.6	76.4	78.4	79	67.6	57	42.9	30.5	47.8	43.9	41.4	43	55.6	52.3	62.5	58.3	89.5	114	130	148	157	158	199	225	174	188	187	209	205	221	239	257	214	180	180	165	163	149	96.4	81.5	93.4	88.5	77.7	74.4	68.1	79.6	82.4	71.1	74.1	64.2	62.4	70.8	76.1
266	283	258	259	273	248	297	338	294	327	304	345	332	288	255	268	263	285	285	351	394	343	293	316	349	315	341	396	332	343	322	293	332	426	439	343	389	413	457	369	352	372	449	437	439	371	343	364	344	333	294	353	375	356	320	307	302	262	219	196	147	123	118	142	164	100	72	77.9	75.6	108	116	96.3	70.8	61	30.1	45.7	47.2	56.3	60.3	69.9	68.3	61.8	76.6	106	118	124	122	176	182	220	188	157	180	194	207	209	259	276	267	235	215	188	163	157	181	127	106	109	106	74.1	68.9	64.5	68.5	79.3	85.8	87.8	83.3	75.1	74.3	82.4
233	224	220	249	227	253	268	269	274	272	258	299	313	296	260	303	297	325	313	372	450	382	277	256	321	338	413	352	348	290	325	370	332	351	374	330	367	481	490	374	375	370	386	373	381	390	369	360	337	405	327	363	390	393	407	400	328	249	246	178	144	112	118	158	162	123	75.2	87.9	83.2	114	117	102	85.9	69.5	43.9	54.8	57.9	42.1	67.6	81.6	74.2	81.7	89.1	93.4	110	126	153	149	177	256	222	182	203	214	220	256	313	322	302	262	212	188	170	190	193	167	115	94.3	87.3	79.5	75.8	72.1	71.8	87.9	98.5	118	97.6	94.1	97.9	104
245	240	238	256	247	237	258	238	240	243	228	276	266	277	281	317	332	333	340	389	382	350	307	256	278	353	408	381	426	328	278	465	361	366	356	360	434	473	446	372	399	396	405	344	364	401	382	392	364	358	332	373	368	365	394	412	386	280	238	190	149	121	136	150	116	152	118	95.5	76.1	102	124	128	107	104	62.4	90.2	76.2	60.2	73.6	74.3	91.5	128	138	129	156	137	154	193	207	274	206	210	248	295	300	308	324	338	329	277	211	224	192	196	209	193	132	107	94.1	85.5	83.8	84.7	74.8	96.7	104	110	120	119	126	122
186	212	205	201	233	227	204	192	183	193	208	265	279	300	302	340	340	363	356	325	289	306	326	353	261	332	323	373	392	337	311	404	367	342	364	453	483	428	418	408	436	494	417	344	382	458	462	559	428	401	345	342	318	319	368	425	389	255	286	219	154	150	281	238	143	125	135	104	77.1	106	110	169	164	124	80.3	77.4	85.2	91	69.6	62.4	78.7	112	91.8	118	143	131	106	163	145	215	191	193	242	283	314	271	293	310	302	214	167	216	176	132	138	137	106	93.5	81.2	85.4	80.8	68.9	72.9	87.9	106	124	127	122	127	124
160	173	226	213	231	217	183	193	180	218	249	269	283	286	312	343	346	358	356	377	345	356	359	367	308	354	390	284	291	324	322	385	315	246	324	405	453	443	402	429	559	491	413	349	424	418	463	491	402	394	359	358	327	320	324	381	387	249	260	218	188	183	198	245	144	108	104	109	130	112	126	177	131	91	64.2	84.2	88.3	117	92.1	118	135	99.5	89	144	134	115	162	227	170	230	211	213	236	263	308	240	223	212	192	173	154	153	138	147	148	141	121	101	88.2	88.6	79.2	80.9	85.1	102	126	138	131	127	130	140
213	170	212	230	259	267	319	209	185	221	248	268	290	297	315	348	355	343	361	420	402	360	368	384	247	248	268	274	283	372	420	402	354	266	277	347	404	428	384	409	459	480	442	323	382	413	419	487	427	405	371	349	331	340	353	362	323	279	302	284	237	206	213	255	187	125	131	145	167	123	150	153	112	86.2	73.2	67.9	76	94.5	94.9	145	136	114	123	126	151	160	159	220	241	246	234	232	242	272	272	251	253	220	182	211	179	169	164	164	157	139	126	120	98.3	95.1	93.9	104	112	122	132	178	132	133	126	141
212	192	195	234	247	206	224	203	182	213	228	300	292	332	327	349	350	350	347	364	379	377	338	327	264	295	313	233	257	348	350	332	345	266	309	305	349	391	389	415	435	470	408	328	365	371	405	447	412	423	419	411	471	406	367	309	257	264	280	322	337	210	233	268	210	159	178	123	146	128	137	120	134	109	115	99.9	87.1	150	93.3	167	147	108	164	162	142	189	150	176	266	264	278	236	254	298	253	240	230	201	190	183	162	166	165	159	147	144	151	119	117	120	98	108	120	140	132	147	134	138	134	172
259	284	247	244	250	231	223	217	211	245	315	343	298	307	353	360	346	325	303	331	351	347	322	326	325	293	289	235	257	324	265	272	273	239	290	230	259	341	377	497	476	487	393	353	367	378	411	494	540	543	491	419	464	410	316	226	233	230	219	274	292	222	244	203	198	194	226	158	156	145	123	128	131	130	147	134	102	103	117	135	152	124	146	154	152	151	170	139	177	214	232	216	233	215	195	169	166	182	200	162	152	145	172	158	137	145	154	149	142	132	130	149	153	148	135	129	122	137	128	147
201	231	220	212	199	189	196	208	229	259	305	308	303	305	319	366	359	338	302	343	355	369	335	421	416	325	281	279	267	305	293	287	256	215	267	208	236	280	352	459	449	479	437	410	384	362	374	478	517	552	544	441	407	374	318	250	241	275	266	289	242	175	211	221	227	242	205	141	142	138	132	140	116	142	156	126	131	132	156	136	118	154	149	151	197	186	186	162	222	220	295	250	193	165	176	162	152	176	192	162	165	170	180	169	161	165	187	172	141	134	148	197	164	150	134	134	149	132	121	119
194	205	191	183	181	186	200	223	232	245	266	290	308	352	341	384	417	394	332	315	381	404	359	386	387	355	332	284	240	285	281	224	221	201	258	251	258	264	340	459	524	491	440	455	443	373	370	438	484	587	605	473	425	380	368	268	201	223	289	342	211	181	204	233	256	242	193	179	192	172	176	176	134	133	108	146	162	171	205	219	203	206	243	157	220	235	212	237	300	263	302	245	216	195	164	174	149	187	197	185	198	205	233	195	160	171	197	200	172	175	191	202	185	167	147	156	144	130	107	94.7
189	193	211	185	208	196	207	255	269	276	277	298	337	369	357	431	399	403	355	349	351	374	391	356	364	412	319	235	192	239	221	243	235	234	257	277	324	327	375	501	466	530	519	565	510	447	412	451	476	605	633	506	449	390	366	270	254	209	230	250	250	294	267	242	238	204	183	196	177	169	166	198	182	137	132	171	194	160	149	164	172	184	167	164	144	228	247	286	289	360	307	270	257	235	192	189	211	186	195	199	210	229	232	228	186	195	210	192	191	190	237	198	206	177	147	153	131	116	91.5	87.4
185	197	210	341	323	294	344	303	333	338	346	297	340	350	353	343	372	348	352	351	369	429	383	319	319	304	346	350	227	210	245	323	314	290	256	285	339	369	410	527	476	523	534	554	550	539	487	606	622	702	671	582	456	430	395	394	362	224	214	271	321	390	340	369	303	241	209	194	176	197	211	222	243	146	115	149	197	144	149	143	174	137	170	156	134	150	158	228	255	310	291	282	280	211	196	235	210	200	196	207	250	283	244	282	238	252	260	227	189	207	197	211	217	190	171	142	123	93.1	80.5	95.9
201	210	198	217	286	377	324	247	264	307	335	317	348	375	365	334	356	356	421	498	460	380	318	320	373	293	287	274	227	223	213	273	301	280	228	276	348	362	366	501	497	502	484	506	518	534	524	690	664	554	693	634	605	641	473	408	292	245	258	298	367	381	382	427	361	317	244	179	195	225	218	201	244	199	135	136	169	194	238	186	204	183	164	147	181	231	234	233	318	355	357	275	300	276	224	253	251	247	232	240	245	253	233	274	260	295	224	218	222	211	199	191	210	195	182	143	109	106	113	100
236	220	222	223	307	338	304	235	244	283	346	291	335	356	340	387	376	410	394	422	398	358	326	351	370	380	296	239	233	245	265	226	259	253	249	308	363	351	348	449	495	458	461	504	634	534	491	623	672	519	626	602	710	577	608	477	320	275	344	337	385	294	346	412	322	338	285	218	277	306	195	193	215	192	170	184	200	201	248	219	223	188	226	217	194	317	301	308	367	389	401	354	360	332	273	299	331	288	279	268	252	253	233	280	235	215	214	220	212	197	202	208	221	204	152	125	102	115	118	111
259	246	218	282	322	357	337	245	225	252	292	283	280	319	343	343	363	428	415	452	451	410	359	361	330	279	258	290	271	271	255	257	275	293	260	345	393	352	331	422	493	481	472	588	624	612	552	713	694	617	547	564	489	446	393	404	370	383	349	352	364	321	440	463	371	340	302	283	248	280	237	209	235	201	181	218	216	261	217	253	274	287	282	263	209	246	260	316	288	315	364	374	344	341	267	297	352	335	306	277	261	247	239	237	226	229	241	244	244	250	217	200	188	194	126	127	108	104	119	122
200	200	191	211	237	265	251	207	216	236	232	227	284	302	301	308	343	378	378	431	425	343	289	318	295	288	316	327	294	295	292	310	361	342	268	372	412	388	362	424	512	502	490	532	517	534	585	613	647	577	508	537	472	430	397	454	491	433	469	458	404	429	502	523	459	455	410	407	302	316	318	259	245	243	288	255	222	180	163	196	261	268	229	256	272	297	243	248	273	275	305	345	343	361	311	360	377	355	327	289	289	266	263	265	268	280	289	273	283	262	224	204	185	189	196	169	152	109	116	117
175	173	189	217	243	256	278	232	215	219	221	239	288	304	312	302	311	328	333	285	274	275	249	331	253	279	238	326	280	294	281	264	298	352	321	355	377	397	371	425	500	532	542	482	510	503	514	532	530	599	589	550	467	428	466	485	524	454	453	462	404	365	418	441	441	446	507	487	406	356	342	281	283	301	272	297	226	193	184	242	267	242	211	269	291	244	232	266	268	263	272	342	338	336	422	346	367	350	319	324	361	290	278	297	289	296	281	262	241	258	238	212	208	208	202	178	151	110	119	118
168	182	198	194	224	246	261	230	206	212	229	256	278	290	286	279	301	294	269	232	223	248	255	277	226	250	232	266	238	290	284	256	291	306	337	377	402	412	400	441	457	475	534	518	529	541	490	571	570	536	589	560	511	496	509	461	431	400	375	385	381	368	402	446	465	497	573	513	520	432	368	291	279	281	287	309	280	216	303	296	370	301	327	310	322	272	283	267	226	283	275	311	287	286	290	337	359	368	364	353	368	322	292	310	268	262	260	284	251	235	226	218	223	231	217	176	156	115	114	111
173	194	191	201	224	234	275	239	215	216	219	237	250	276	310	285	301	291	277	273	198	223	269	276	276	233	256	231	232	265	306	299	293	272	311	367	375	380	382	438	470	439	474	479	466	526	520	583	502	415	459	530	466	540	476	398	400	439	373	344	467	525	655	557	483	547	531	451	447	417	416	322	333	313	304	310	328	272	391	433	459	411	377	409	311	284	262	253	261	311	337	272	275	261	260	326	325	366	354	341	341	296	324	318	281	254	259	286	276	257	227	240	242	240	201	161	148	134	120	109
157	139	190	184	177	220	269	247	234	239	257	283	271	294	319	324	321	281	252	286	211	216	244	251	233	334	276	239	262	308	272	283	263	279	303	330	348	376	412	402	423	427	444	445	468	453	449	488	445	391	381	456	492	454	475	489	542	412	429	485	521	480	525	557	454	450	484	416	450	437	451	358	361	371	368	357	374	353	406	450	438	394	307	336	333	395	397	290	318	296	268	286	287	287	265	314	363	365	331	325	348	338	346	295	292	277	234	262	251	236	223	280	237	225	208	161	146	122	124	121
134	153	164	161	168	220	318	262	247	262	271	280	274	270	295	296	306	288	249	305	198	212	267	271	235	289	226	230	256	254	289	392	390	330	258	310	311	342	428	382	427	427	406	407	403	373	396	477	385	368	348	439	414	419	470	389	380	405	471	523	620	508	476	538	440	434	427	386	401	431	408	438	452	433	456	388	437	470	463	418	403	372	320	343	350	395	448	348	349	286	284	299	315	265	290	315	370	330	309	341	322	265	260	257	301	243	218	244	277	272	260	264	229	217	186	164	148	130	138	134
126	149	167	164	187	257	301	234	216	225	257	273	299	273	265	270	268	272	225	220	212	231	294	272	231	248	232	230	250	239	264	361	366	363	337	348	328	293	361	368	390	422	371	372	383	372	382	397	375	327	287	341	373	462	484	409	338	376	513	594	491	465	448	359	365	363	477	389	419	417	394	395	419	446	447	414	412	457	495	472	481	353	364	357	401	472	502	407	375	320	334	397	406	293	312	336	326	302	318	311	311	266	227	247	267	227	238	301	279	270	240	254	270	221	173	168	164	148	156	142
141	138	155	167	199	259	250	196	205	225	247	252	281	243	219	225	233	248	212	249	224	310	245	218	216	211	239	255	250	248	255	337	346	281	371	336	337	370	354	346	348	352	336	358	383	383	364	286	278	282	280	426	476	489	486	462	486	485	441	563	594	516	507	342	346	389	488	391	391	435	328	319	352	389	424	425	392	438	407	463	481	389	329	423	449	542	640	411	366	355	354	400	386	379	345	293	279	292	325	305	341	257	220	208	236	242	253	320	311	301	232	261	273	238	202	194	188	174	147	131
179	151	138	132	154	194	182	150	180	201	219	228	245	240	212	210	218	265	275	265	248	249	256	246	243	234	229	254	261	252	281	319	260	272	277	331	288	293	339	263	274	296	308	308	343	302	257	280	261	297	253	386	370	400	398	439	544	542	449	508	633	437	419	372	406	398	351	345	382	349	285	305	308	362	358	401	408	392	382	393	422	400	391	503	502	527	545	456	366	366	397	441	483	596	492	252	324	424	386	282	252	250	225	203	243	249	252	317	338	329	251	290	273	291	250	240	216	193	158	157
202	135	134	148	143	147	151	145	172	186	186	218	218	230	246	233	243	275	312	285	238	239	241	254	242	243	217	211	232	263	247	258	237	222	227	304	257	219	288	222	212	295	314	338	300	298	261	352	329	355	326	325	293	340	340	401	504	457	428	464	484	476	476	469	432	364	384	322	371	338	328	343	343	351	325	385	379	414	348	339	394	478	426	513	477	561	509	441	390	450	389	374	457	580	377	273	274	409	419	292	273	335	236	249	280	336	306	325	322	332	301	297	258	258	259	238	205	188	175	159
207	155	135	165	188	156	158	177	190	189	204	224	208	229	220	225	230	272	305	286	233	227	231	260	243	235	210	214	213	226	218	225	217	252	215	261	260	239	260	234	264	288	276	276	298	297	292	329	297	333	317	353	380	346	280	326	360	382	386	364	362	494	485	565	381	396	403	325	333	311	355	366	349	349	329	333	335	370	370	398	442	461	450	450	475	558	470	368	303	400	376	344	413	501	348	279	282	311	370	257	231	255	228	271	291	289	274	299	341	314	301	267	236	237	266	245	228	186	176	159
195	161	150	181	197	158	175	217	225	214	212	213	203	212	210	254	280	281	281	313	264	236	222	234	221	230	218	266	258	226	231	232	218	213	259	248	278	260	255	217	216	257	232	198	236	281	338	305	243	253	292	314	317	331	287	299	305	364	404	376	379	417	408	387	380	389	443	345	334	332	315	347	336	366	343	330	306	363	389	404	468	497	440	464	458	538	403	286	278	368	358	404	372	501	399	288	286	313	281	229	202	171	232	280	290	239	226	287	296	263	257	269	253	234	249	246	230	206	183	165
258	254	179	163	155	164	173	181	200	209	181	191	215	210	204	245	311	289	281	253	260	228	218	234	225	231	219	217	234	207	194	182	237	183	234	234	293	286	248	183	203	225	180	183	232	250	277	283	246	254	279	317	322	319	288	295	288	358	362	405	444	441	400	313	276	261	324	302	358	348	335	351	320	305	317	380	356	361	389	418	471	421	396	421	445	436	389	289	294	311	375	355	420	457	464	326	306	328	299	252	201	202	236	273	263	267	287	354	289	263	267	246	272	260	259	253	245	206	193	168
202	232	173	165	181	178	205	187	191	183	156	198	214	208	188	226	274	283	267	263	254	244	237	244	244	211	218	186	166	185	177	188	198	206	212	203	221	215	225	169	204	229	215	203	230	186	214	262	246	237	249	311	314	270	287	307	298	306	337	357	369	389	398	316	258	257	313	331	416	417	357	395	319	306	342	343	383	397	410	408	404	371	377	405	380	371	410	344	340	351	401	349	308	384	344	294	316	375	331	234	203	209	244	253	251	236	265	320	269	253	232	263	297	285	293	283	217	186	242	191
162	201	217	207	237	247	289	240	233	189	173	201	192	190	191	241	263	287	265	270	256	234	209	235	257	216	243	210	187	177	180	204	202	221	201	193	202	186	180	177	207	174	220	191	195	152	202	290	275	245	225	282	321	332	308	333	283	291	296	383	414	373	331	305	284	264	300	362	404	406	355	338	301	307	315	338	339	387	442	442	404	371	330	326	377	394	480	381	332	301	285	266	226	286	343	344	325	338	304	286	233	230	241	229	265	239	248	336	301	246	219	276	275	265	268	265	214	185	179	189
128	185	241	222	262	244	274	276	248	220	188	187	189	208	204	253	255	288	274	266	246	238	225	213	217	224	212	188	195	177	212	225	250	235	198	184	221	189	181	184	221	200	210	228	212	174	182	236	232	217	258	345	340	302	339	282	261	253	291	420	415	418	353	327	376	296	328	367	388	369	313	281	283	324	333	336	332	368	433	400	409	370	332	294	383	368	360	328	342	279	209	268	258	336	329	281	327	275	241	263	209	260	245	224	251	239	247	325	309	271	225	247	251	247	276	239	202	184	191	207
107	120	205	176	188	179	184	189	183	172	168	190	218	238	230	271	265	266	308	305	252	250	245	225	205	218	230	176	185	212	261	226	222	207	209	202	222	216	198	194	228	208	219	298	288	275	227	247	250	228	242	324	324	269	306	275	268	243	259	368	358	355	422	298	326	286	307	282	354	355	336	313	294	309	303	370	401	431	409	367	390	301	317	304	340	329	356	321	343	290	296	315	238	285	280	267	332	320	291	269	222	304	286	241	312	296	292	330	378	281	223	257	241	256	262	238	207	203	205	181
94.3	96.8	125	127	157	161	167	148	152	209	221	214	245	267	244	285	330	295	267	293	274	291	276	227	233	234	280	238	176	219	262	220	290	196	210	229	214	211	198	257	251	230	235	273	276	281	247	250	251	251	226	282	320	251	258	290	256	358	351	314	320	331	312	293	332	306	287	250	282	311	342	371	301	264	332	410	395	522	438	348	382	307	310	317	339	323	339	318	333	318	329	279	259	274	248	293	342	322	321	283	285	286	254	263	277	286	258	254	287	287	252	254	236	219	221	227	206	208	216	198
83	95.8	103	96	111	137	129	108	142	182	230	237	246	262	255	280	298	280	278	265	289	323	309	287	268	236	252	234	218	254	236	214	209	206	202	197	221	247	267	245	250	248	226	247	229	238	266	242	273	271	301	310	311	273	298	365	319	335	369	367	312	309	294	274	315	294	285	227	223	252	292	341	305	300	340	403	399	415	382	367	344	353	341	340	357	386	392	348	387	382	394	294	285	257	234	249	266	327	298	307	333	320	265	224	227	229	271	248	245	284	278	229	216	211	221	214	200	200	218	210
98.4	113	115	95.1	93.4	102	103	84.7	125	212	292	325	295	277	263	281	298	254	262	333	326	318	318	296	276	243	248	211	207	211	273	259	200	207	204	185	199	236	320	272	271	268	241	252	217	231	294	240	257	273	323	330	311	272	301	396	360	328	378	370	356	272	369	326	318	351	320	265	234	260	353	333	336	320	312	383	373	403	349	402	385	348	329	328	376	442	419	355	380	347	358	323	328	266	270	209	287	306	313	282	274	320	275	240	244	237	239	249	235	248	220	218	219	218	224	210	197	202	199	186
90.3	101	95	92	76.5	84.9	81	83	99.2	144	200	277	263	272	258	294	298	271	250	319	357	360	316	280	284	280	262	252	218	232	264	237	213	211	220	205	204	210	239	258	257	282	270	247	195	227	271	215	215	258	307	281	306	294	260	280	287	312	324	287	297	233	255	294	300	337	347	294	257	263	302	322	299	314	316	288	323	378	315	359	359	349	354	385	389	411	397	387	436	366	369	361	339	257	235	212	260	268	262	272	268	294	232	256	261	235	214	226	237	228	226	217	205	203	203	194	166	154	155	162
79.4	82.7	83.3	88	87.7	77.9	72.5	60.2	69.4	94.4	158	199	242	282	288	306	308	274	270	287	359	360	364	302	292	312	307	260	214	220	257	224	208	207	209	196	207	220	222	243	251	222	213	163	166	226	235	226	210	223	269	279	301	300	275	247	282	270	270	249	208	234	221	248	289	319	341	296	286	274	293	340	331	315	337	356	342	350	338	389	389	372	359	361	386	419	430	398	386	379	338	319	312	269	218	200	210	226	239	249	299	347	248	257	275	253	209	205	222	213	228	213	203	198	201	205	168	155	160	170
75.8	83.8	86.9	68.6	64.1	75.9	71.6	70.2	56.4	72.3	119	160	158	211	234	298	334	259	257	272	311	281	286	273	274	297	280	268	232	225	236	222	216	208	203	200	202	208	230	258	259	218	198	151	193	229	225	245	232	209	223	239	264	296	274	252	273	255	256	223	189	197	218	270	315	337	309	285	317	278	296	357	356	346	378	424	437	394	330	405	401	401	427	354	355	426	429	366	357	384	338	333	303	309	264	236	198	233	222	248	287	407	349	284	308	259	211	193	195	233	242	208	211	190	198	194	154	153	158	165
63.6	79.9	87.1	69.7	67.3	74	75.8	69.9	53.6	67.5	101	118	110	128	145	202	259	236	254	260	269	267	264	251	269	263	276	249	229	250	244	238	232	227	214	210	228	227	254	274	225	205	216	200	195	183	216	199	194	210	231	257	234	232	234	208	243	276	254	289	312	204	263	313	281	322	301	303	333	290	332	372	412	374	345	418	452	402	363	457	414	381	406	340	350	399	422	370	345	307	360	341	306	307	260	245	232	244	235	224	288	305	350	295	292	255	225	198	192	203	214	202	224	206	184	157	151	158	159	156
50.8	66.9	64.1	63	60.5	56.2	62.8	54.2	62.9	65.3	66.9	72.8	79.1	82.3	101	116	136	163	168	163	173	197	190	226	227	241	252	247	252	241	238	264	252	241	235	224	230	236	284	261	254	229	231	211	216	210	245	210	192	215	288	290	224	206	218	189	214	277	286	270	272	293	348	319	297	307	307	325	317	305	324	365	388	368	380	416	413	391	372	424	429	387	400	364	350	333	334	364	321	303	329	311	259	247	258	285	247	227	214	233	271	247	271	295	297	286	243	203	200	229	219	197	212	197	180	165	150	148	158	157
53.5	55.2	56.1	46.6	56.3	58.3	55.5	51	50.1	51	60.4	57.7	60.2	72.7	78.4	85.4	84.6	103	150	138	126	141	161	207	211	219	223	250	264	246	240	256	249	232	243	230	235	260	285	301	259	240	234	210	225	226	221	210	229	238	213	256	202	174	199	218	212	266	260	278	303	272	319	322	316	338	341	394	381	363	341	345	371	390	410	479	440	401	353	402	439	429	410	414	352	341	320	350	324	317	320	324	264	243	261	277	222	222	210	239	239	251	267	274	269	276	229	200	191	205	217	230	212	202	183	169	150	146	154	150
46.8	47.3	48.9	48.2	50.4	51.5	56.2	49.6	48.3	43	57.3	51	57.8	64.4	67.7	64.8	62.8	86.6	123	108	116	124	135	206	206	205	209	245	254	253	237	250	263	253	262	250	239	256	273	300	260	240	226	205	203	190	182	204	183	197	256	231	201	196	236	207	191	232	281	289	311	318	397	340	333	325	330	373	377	363	362	348	365	395	401	481	486	379	368	407	417	431	429	416	364	304	276	307	296	283	298	306	274	257	283	313	253	239	220	240	231	244	239	237	230	228	216	196	192	193	213	222	214	198	202	179	171	173	165	154
35.5	41.9	46.7	43	43.4	44.4	47.9	48.7	44.7	39.6	46.9	46.6	46.9	50.1	64.6	58	59.2	70.6	88.5	96.3	144	134	138	208	221	222	252	270	253	256	242	253	251	255	259	262	235	248	253	244	264	222	214	172	189	170	163	199	163	167	231	258	243	245	270	179	205	250	288	274	280	343	468	385	359	317	312	313	315	324	394	364	369	385	377	444	456	364	404	425	436	422	435	395	360	321	311	298	288	283	285	241	267	249	274	292	259	256	264	216	210	237	253	224	219	235	216	186	190	191	205	203	200	202	218	210	203	200	184	178
20.4	23	24	20.2	23.1	29.4	34.8	35	42.6	33.2	34.1	42.3	54.4	55.8	59.8	61.3	62.3	64.1	80.9	90	127	148	152	186	241	210	212	241	243	240	248	243	247	243	256	259	225	247	290	297	266	216	210	171	193	218	165	174	171	186	187	226	236	239	251	209	221	240	229	246	281	334	382	350	309	297	292	300	324	352	354	355	386	412	405	405	415	431	450	470	474	465	441	437	406	357	345	354	319	296	303	343	325	284	320	325	275	269	248	226	208	222	220	221	226	225	206	186	190	208	214	187	191	195	207	235	234	230	216	212
12.9	25.1	15.9	25.1	48.8	26.4	25.9	27.9	28.7	31.4	40.1	44.2	57.7	56.9	52.7	57.5	60	59	61.6	78.3	106	145	151	213	191	192	210	251	251	267	258	279	266	255	263	261	248	255	279	316	240	194	180	176	214	189	163	174	170	182	163	207	169	200	191	173	219	230	214	248	293	342	364	336	355	315	295	305	370	346	354	349	358	378	397	445	471	487	459	490	485	429	409	425	417	377	318	330	337	329	323	359	325	299	323	277	279	264	259	240	213	232	222	219	229	218	219	204	202	204	201	171	179	206	212	228	253	270	256	239
8.69	11.6	11.8	17.1	52.2	19	17.6	23.8	24.9	26.2	30.5	39.1	48.4	48.6	44.8	50.1	51.4	54.2	57.5	70.7	94.4	126	155	176	181	194	194	219	250	256	259	304	293	292	272	275	259	265	259	251	201	193	179	176	171	170	176	190	186	206	186	201	205	231	202	177	195	203	233	241	263	324	399	303	332	339	297	304	329	347	334	328	337	353	413	498	520	514	491	493	491	459	421	433	428	409	359	338	343	338	367	364	334	308	303	316	303	254	255	240	217	221	228	228	228	231	236	210	201	198	191	168	179	190	199	232	270	259	255	248
8.17	9.3	7.43	8.65	10.6	11.3	14.7	19.6	17.4	20.5	23.9	36.9	33.5	47.4	38.7	46.8	47.2	50	51.9	62.8	107	124	138	168	169	202	174	190	230	252	273	352	362	296	258	243	236	234	227	280	223	187	176	166	166	159	145	159	174	205	203	252	202	141	137	166	163	203	225	254	274	288	288	286	319	320	300	337	362	372	327	326	344	380	431	499	522	519	507	523	501	493	460	446	441	424	395	390	371	380	390	369	346	316	329	334	299	238	238	247	222	209	222	227	235	238	249	211	206	209	204	182	189	197	201	223	233	246	249	259
3.34	2.55	7.3	3.08	5.93	8.17	8.98	6.13	5.37	7.36	10.4	27.4	28.1	41.5	43.1	46.8	46.1	46.2	49.5	55.3	62.7	110	119	156	171	167	154	154	195	249	287	340	341	297	238	237	226	227	235	255	220	199	182	183	167	163	152	165	151	144	187	209	160	148	166	169	200	193	182	238	255	240	270	268	290	292	293	336	349	362	319	332	347	381	440	428	451	480	497	504	501	489	459	430	431	425	416	371	345	362	344	359	359	331	314	291	278	253	234	237	223	230	246	238	227	234	255	246	245	233	228	201	216	211	202	180	178	198	220	263
1.12	1.33	0.629	1.7	3.95	1.87	2.19	2.86	2.62	4.27	8.52	20.5	24	27.5	34.1	44.3	41.1	43.6	44.8	49.8	63.3	76	96.3	133	135	140	147	152	161	187	255	310	333	314	272	256	234	218	182	166	172	170	164	166	163	155	145	148	181	149	132	154	182	192	162	169	168	175	163	175	242	233	271	240	248	273	260	322	285	283	341	343	372	396	436	401	387	473	469	490	505	478	429	425	442	399	366	381	352	345	347	344	310	317	286	279	256	246	241	245	232	238	242	237	248	253	273	279	262	246	243	214	217	203	202	205	204	205	209	238
0.502	0.936	0.928	0.75	0.808	1.24	1.15	1.87	1.48	2.69	5.13	27.1	24.8	24.1	31.9	39.2	40.4	42.2	44.6	51.5	58.8	68.4	77.8	135	126	136	128	118	122	158	218	294	315	322	270	273	213	218	162	152	153	133	128	143	143	139	136	128	137	140	131	151	178	159	151	184	177	168	164	172	228	230	215	228	234	225	251	300	292	296	301	329	367	402	435	400	373	436	464	473	466	433	412	417	432	398	368	370	342	321	326	307	267	281	282	261	268	269	280	265	245	255	256	258	279	267	270	295	259	253	260	226	240	201	203	227	227	216	216	223
0.503	0.391	0.333	0.658	0.518	0.7	0.74	1.25	1.25	1.93	3.18	10.5	23	26.2	32.3	36.9	45.3	39.9	43	50.2	58.7	81.3	73.3	71.5	96.1	189	103	101	97.7	120	162	209	291	348	317	273	246	207	169	149	144	129	142	142	131	130	131	118	114	130	130	137	159	119	126	160	150	133	158	174	234	227	216	193	186	204	221	239	259	311	322	343	342	364	382	371	434	406	418	450	449	403	430	462	454	426	352	379	389	337	308	297	271	268	273	271	276	299	286	271	268	249	299	299	293	275	275	269	262	274	261	239	249	225	206	237	242	240	236	239
0.12	0.09	0.06	0.514	0.399	0.362	2.23	1.95	1.94	2.84	4.29	5.7	9.94	19	20.6	34.4	34.3	35.4	33.5	61.6	59.3	74.5	71.9	66.2	76.6	119	78.8	77.6	85.7	101	108	134	219	290	292	228	209	186	158	141	113	106	121	132	99.7	98.9	101	107	111	139	136	108	118	104	106	122	129	131	170	185	200	213	222	191	165	173	179	196	215	263	325	295	313	323	304	393	408	348	363	425	418	422	424	467	481	459	399	374	412	323	308	292	292	266	249	277	287	275	278	277	258	271	304	291	295	272	307	341	362	291	271	260	257	263	230	244	285	334	293	282
0	0.03	0.03	0.392	0.276	2.28	5.82	1.33	1.59	2.17	3.03	4.05	6.09	8.22	14	26.4	28.4	32.7	32.9	54.8	53.5	54.6	64.9	66.8	66.8	70	66.9	73.6	91	92.9	93.1	94.2	132	186	245	221	206	194	165	140	114	103	113	102	83.3	87.7	91.6	113	130	123	126	106	92.3	87.1	98.5	129	115	117	141	174	174	192	174	158	170	174	180	189	202	261	305	228	259	287	273	336	442	383	331	461	443	449	426	448	461	366	327	344	361	335	306	325	289	270	285	292	274	268	271	263	265	285	296	284	313	279	300	317	339	310	292	276	278	265	258	259	286	326	291	275
0	0	0	0.134	0.134	0.618	6.34	1.1	1.36	1.88	2.29	3.29	4	5.08	9.74	20.8	15.8	21.7	34.2	56.2	44	38.9	46.5	55.4	59.4	65.1	60.2	67.3	81.9	87.3	82.6	83.1	89.3	112	151	148	152	149	152	127	108	95	92.2	90.6	76.3	71.3	80	105	123	103	127	96.4	94.9	90.3	101	108	103	108	125	147	147	168	172	139	146	156	173	173	194	215	217	172	184	214	253	331	358	378	377	421	470	442	464	441	374	362	344	349	340	331	301	303	309	301	276	266	266	266	291	276	276	312	302	302	318	305	292	319	353	344	314	322	263	262	278	272	299	337	290	264
0	0	0	0.134	1	1.59	5.53	1.07	1.25	1.77	2	2.51	3.12	4	7.05	14.6	13.3	23.5	31.3	55.3	39	44.2	45.5	48.2	53.6	58.4	58.2	57.5	59.3	79.1	89.2	77.4	92.2	90.3	86.6	84.1	96.6	99.3	97	102	95.6	91.2	87.4	87.2	80.2	71.7	68.3	70.7	85.2	101	86.1	92.4	96.4	80.1	85	106	106	110	119	132	153	173	188	169	164	148	167	178	188	183	189	177	186	180	228	225	286	326	481	404	353	353	327	348	344	354	348	377	400	321	330	308	287	285	259	264	260	275	275	282	288	303	301	318	327	298	280	312	315	307	308	275	254	271	273	286	315	345	288	265
