28.2	32	51.7	41.8	26.7	19.7	18.4	9.35	7.75	6.47	8.66	8.5	6.37	12.2	17.9	33	29.5	29.6	31.9	33.2	23.2	16.4	22.1	24.2	38.9	60.8	38	21	24	23.7	19.8	28.9	11.8	14.5	17.6	24.9	47.4	62.1	72.5	95.3	54.2	60.9	31.6	37.4	45.4	40	30.5	31.5	17.3	13.9	18.4	60.5	84.8	84	74.4	110	143	142	151	139	148	129	127	174	168	195	134	146	136	207	266	197	254	280	272	240	242	244	245	255	259	269	257	259	236	261	288	233	199	209	214	182	188	167	189	144	156	166	164	182	194	195	221	206	180	211	236	181	175	162	159	167	151	183	187	217	176	172	192	195
27.6	39.2	52.9	31.3	22.3	12.6	12.7	8.97	7.65	6.18	9.56	9.27	9.79	25.7	32.9	39.8	33.5	38.4	62.4	38.4	43.5	34.1	26.2	44.6	51.8	71	59.1	32	31.4	19.4	15.2	19.6	12.4	8.98	11.6	33.6	53.1	53.7	68.9	67.7	49.5	54.1	48.2	55.7	75	97.6	69.5	36.9	11.5	9.78	13.6	49.2	58	39.9	37.8	52.2	64.5	53.6	67.9	94.4	110	147	132	174	154	243	203	146	157	175	257	244	240	266	274	216	221	181	193	196	208	214	191	205	216	215	225	282	209	236	250	159	131	117	151	97.4	106	103	97.3	124	156	167	150	159	164	179	194	167	169	173	165	165	201	195	206	187	180	185	199	174
36.1	43.6	47.3	33.3	33.8	15.6	12.2	10.2	9.53	10	17.3	12.2	16.6	53.7	38.9	27.1	56.4	39.6	61.9	50.4	49	44.6	26.8	55.7	61	91.4	58.7	42.3	30.2	24.9	23.3	33.5	24.7	7.52	17.2	36.1	57.7	51	64.4	55.1	68.7	65.2	70	79	94.8	98.1	54.2	40.4	34.6	16	19.1	58.5	69.5	40.4	29.5	46.3	37.4	43.5	81.6	114	90.5	113	185	189	188	312	213	166	226	229	370	277	279	236	236	201	219	219	215	208	227	264	249	249	267	247	276	316	291	221	229	109	115	128	132	133	137	135	107	142	135	144	155	168	165	173	182	163	162	177	205	221	245	254	254	269	206	226	233	219
52.5	51.5	51.4	44.5	35.1	13.6	14.6	9.33	8.04	13.6	35.9	19.6	19.5	25.5	26.8	29.3	55.1	48.6	80.1	50.3	45.4	44.9	43.4	63.3	70.7	51.3	42.2	37.3	36.6	33.8	37	73.3	64.2	29.6	18.6	27.4	66.4	47.1	52.8	53.8	44.8	63	75.2	71.3	86.1	40.7	31.7	14.7	13.6	22.6	25.9	42.2	56.3	44.9	32.4	57.2	49	60.9	84.7	96.7	135	147	178	163	168	189	184	167	231	228	284	254	260	241	271	221	263	222	240	257	233	274	269	309	303	281	301	361	322	232	233	134	143	138	173	168	164	177	157	160	152	166	209	190	179	166	147	207	201	229	264	240	260	268	295	319	271	267	248	217
47.6	40.6	48	41.8	23.6	28.2	23.8	11.4	10.4	16.2	21	23.5	26.8	35.9	29.3	39	57.7	54.5	83.4	52.8	55.7	43.2	34.8	57.4	68.3	50.1	36.9	46	48.5	53.6	55.3	89.4	80.3	49.8	37.2	24	26.8	41.9	44.9	45.4	45.2	35.8	49	44.6	36.8	26.9	13.2	29.6	36.1	26.4	15.2	39.6	59.1	32	33.7	48.9	65.7	90.6	107	153	161	153	157	199	181	159	187	217	257	261	382	267	280	292	281	254	292	274	263	218	213	217	242	280	283	288	274	324	334	323	235	132	154	171	170	185	172	197	201	190	182	188	223	225	201	198	211	234	205	224	266	258	254	249	286	272	245	214	264	270
24.4	26.5	32.8	27.7	25.1	40.7	33.8	22.6	22.6	34.7	38	19.5	43.7	57.5	39.7	44.8	51.8	64.8	64.3	53.7	50	43.7	43.7	66.7	57.7	44.1	44	55.1	68.3	66.2	80	73.6	54.3	43.1	51.7	27.2	19	34.4	35.4	60	49.7	42.2	41.2	26.4	29.1	23.6	4.26	8.34	9.31	16.3	15.3	21.7	26.2	24.9	45.8	66.1	85.3	128	112	99.3	134	123	139	189	185	201	239	226	263	288	289	180	228	263	301	245	316	340	226	169	166	187	224	252	236	287	283	316	297	299	265	115	151	205	233	202	178	160	219	234	232	184	191	180	190	196	213	202	198	237	213	236	252	262	261	284	252	289	343	328
17.4	19.2	21.1	22.7	21.9	50.7	43.5	32.9	36.5	53.1	46.4	21.6	43.1	75	66	59.1	57.5	59	55.2	63.5	60.5	56.3	55.7	75.5	77.6	61.4	52.1	60.6	73.5	82.5	92.8	90.7	69	32.8	39	20.6	19.1	25.6	34.4	50	40.9	35.6	30	18.9	13.7	5.98	7.28	9.07	10.7	12.9	17.2	19.9	45.1	50.8	52.8	67.9	95.8	139	102	130	151	175	244	293	275	313	298	216	194	221	233	160	192	216	263	234	325	266	237	202	218	215	224	271	287	296	285	309	333	312	258	140	193	207	241	257	233	187	167	196	231	211	172	191	185	220	182	178	170	216	212	218	250	261	216	220	229	253	309	316
35.1	32.4	33.2	11.1	26.8	62.5	71.3	61.8	50.6	50.8	57.8	54.4	77.9	88.6	123	102	96	113	90.7	74.1	65.6	74.4	71.5	75.7	95.4	83.1	71.4	87.5	97.6	91.9	88.5	95.6	62.5	49.5	38.4	13.8	18	24.2	29.8	39	28.2	15.2	24	24.8	11.8	14.9	7.42	10.1	15.5	25.3	41.2	37.2	59.2	70.9	64.7	98.8	79.4	122	102	107	128	162	254	322	309	417	434	278	211	204	204	171	220	216	236	271	237	219	245	246	240	221	253	268	264	261	256	286	315	333	298	301	186	232	245	221	230	209	172	207	250	253	239	250	217	203	191	193	173	196	189	186	223	221	247	213	219	218	199	211
58.2	50.1	49.3	20.7	38.8	85.2	114	81.1	65.3	74.4	76	65.4	82.2	71.8	102	139	143	125	110	94	80.9	98.9	75.9	65.4	78.3	67.8	66.7	112	88.1	75.4	53	71.9	55.6	42.2	31.8	26.1	16.4	31.1	24.9	29	24.1	18.5	32.4	18.3	18.5	21.3	20.6	12.6	17.1	18.1	45.5	41	47.2	50.7	59.2	89.7	87.7	98.6	76.2	113	139	108	167	235	350	382	378	280	209	235	218	185	261	253	257	268	249	247	236	243	225	233	236	275	249	262	260	325	323	371	378	322	345	200	218	199	197	231	197	229	250	261	285	306	269	278	289	221	184	221	213	218	245	215	248	239	222	231	192	194
76.7	61.2	69	48.1	51.9	99	122	95.4	66.7	75.9	63.3	60.8	97.2	105	110	128	116	99	106	115	116	96.3	90.5	95.1	90.5	75.9	74.8	119	71.9	58.5	36.4	32.8	29.7	67.8	23.6	26	11.7	11.6	11.8	16.5	16.1	12.8	12.7	24.4	22.8	23	14.5	16.5	17.9	18.4	36.6	37.8	29.4	40.4	41.8	81.8	80.2	49.8	52.3	86.9	112	111	128	211	370	386	324	212	186	201	231	190	182	231	280	235	266	276	228	178	203	225	243	294	276	252	219	299	294	354	383	400	385	170	193	231	255	231	274	313	308	302	291	309	307	311	319	282	245	241	240	249	256	255	249	243	255	269	235	225
58.5	75.3	97.1	64.2	64.4	92.8	118	107	92.2	98.5	111	88.3	102	140	135	136	121	98.6	105	130	122	105	106	112	109	104	92.3	115	83.4	82.4	55.5	39.7	29.5	62.7	25.4	30.4	19.9	26.7	21	27.2	18.1	21.6	23.9	24.5	27.1	25.1	17.6	16.8	19.9	30.3	39.3	33.3	42.3	45.7	49.4	55.6	54.5	49.9	53	93.1	123	127	168	231	363	347	277	230	231	222	234	150	174	240	295	226	270	280	220	187	183	220	254	242	207	218	210	245	277	344	437	440	392	197	213	276	292	268	249	284	294	327	333	352	313	273	254	248	256	231	263	272	258	245	244	301	253	246	262	230
61.4	61.3	86.5	69.6	121	105	127	124	87.1	51.3	115	121	125	164	159	128	111	89.7	104	108	125	114	122	150	178	138	121	110	107	94.2	87.5	61.5	46.3	107	33.6	35.6	25	25.9	24.1	23.6	16.2	17.3	8.62	15.1	18.3	32	18.4	15	30.4	28.8	43.5	38.8	28.1	25.1	37.7	31.7	32.5	40.4	53.8	96	156	138	205	310	417	262	238	280	277	270	239	173	164	228	291	188	200	208	198	176	174	225	219	197	151	147	176	208	247	362	453	483	436	351	251	288	292	289	254	260	252	293	282	312	291	279	239	261	223	191	197	211	226	243	270	300	298	281	269	276
64.4	89	80.7	89	109	98	107	103	96.4	79.9	148	150	149	150	151	133	112	112	111	130	127	133	144	178	216	214	159	147	141	138	93	69.6	67.8	38.5	22.8	39.8	21.3	15.7	19.9	26.1	14.5	8.47	13.3	9.73	15.2	16.3	18.8	18.7	16.7	21.2	29.1	35.2	29.8	18.5	20.3	20.2	38.4	37.5	65.9	114	159	133	208	264	238	217	237	326	301	263	231	198	186	199	180	112	125	130	141	127	136	177	188	235	179	155	188	190	215	295	374	436	370	403	257	254	279	281	266	239	244	237	243	284	250	237	209	199	193	159	138	152	164	161	186	185	203	244	301	318
72.7	108	99	88.4	101	110	123	106	73.9	102	123	116	148	156	109	106	104	110	108	124	125	118	146	157	198	195	175	177	159	125	86.7	70	49.1	22.1	15.2	16.9	13.3	19.7	24.7	18.5	13.3	5.27	11.6	8.84	7.01	5.84	16.5	15	15	21.3	27	30	26.8	15.6	19.2	20.6	38.2	42.8	47.8	77.7	129	110	94.4	140	94.2	136	204	341	347	265	299	295	278	198	153	113	154	149	162	136	161	141	147	178	207	175	200	241	233	294	299	335	354	342	187	184	235	240	203	181	186	190	182	228	210	239	163	179	173	144	134	147	162	154	184	216	218	252	258	285
59.1	71.3	111	78.5	68.3	87.3	114	110	131	137	128	115	153	155	110	105	96.5	99.3	93.1	123	141	122	195	215	229	258	243	195	179	170	122	67.4	41.5	21	19.1	15	13.2	16.2	7.17	6.85	13.8	7.52	13.1	7.06	3.72	9.95	23.3	15.7	11.4	15.3	20.5	24.3	24.8	19.8	19.5	37.5	43.3	32.4	56.8	75.7	65.2	78	84.4	81.5	65.6	107	105	194	229	201	317	260	250	216	160	118	138	169	199	154	149	146	141	177	197	172	155	233	264	267	290	342	309	301	234	229	220	198	188	203	166	175	192	184	163	186	160	152	132	149	121	108	118	115	118	134	151	172	206	187
52.6	84.1	111	79.1	90.5	113	123	136	150	164	149	97.6	119	162	142	107	95.2	116	89.8	115	168	161	187	193	238	275	290	277	209	193	108	62.4	39.3	26.9	20.8	24.7	21.3	14.2	10.7	13.5	19.4	15.6	16.4	21.1	27.2	24.6	15.4	15	17.1	21.7	16.3	15.9	19.6	25.4	33.6	36.8	23.4	38.6	32.6	47.7	19.3	40.3	44.5	83.1	84.4	73.3	111	163	208	225	219	193	229	153	134	109	134	172	183	152	133	117	141	157	168	152	147	206	286	229	252	293	260	264	305	224	172	162	159	212	168	171	119	120	135	168	107	99.2	118	110	96.3	86.8	95.9	81.7	121	95.2	93.4	116	129	152
74.1	77.6	98.8	82.6	119	156	208	162	163	205	158	103	108	152	148	121	112	99.1	94	120	149	165	186	192	210	261	282	259	211	179	100	51.3	50.8	28.1	24.9	29.7	19.7	16.3	14.2	18.6	25.9	16	27.6	29.2	27.8	15.9	12.4	17.6	27.6	22.2	14.7	23.9	19	19.7	27.1	23.3	11.5	18.9	24.7	35	32.2	39.6	41.2	51.5	60.8	73.5	79.8	132	175	232	244	158	110	89.4	91.5	104	141	151	141	113	112	105	125	135	126	126	133	180	258	250	243	291	214	225	242	174	149	181	138	146	132	101	68.4	59.6	91.1	85	72.5	89.5	120	120	82.7	76.4	61.9	59.8	67.9	76.6	71.9	83.7	97.6	183
81.3	97	114	152	129	186	253	148	152	152	115	99.7	161	105	107	116	105	79	96.1	146	195	247	230	232	243	316	364	277	197	167	96.5	69.3	44.1	51.2	41.9	64.2	37.7	37	32.9	28.5	23.5	24.6	20.8	21.3	21.1	20.8	20.9	17.8	17.3	36.5	17.4	23.5	21	20.3	21.5	22.3	17.3	20.2	17.3	24.4	21.5	12.1	17.3	39.5	31.3	52.4	59	113	94.8	132	137	87	102	96.3	125	110	136	142	160	156	155	154	152	132	147	152	201	196	222	245	215	185	166	159	184	163	111	108	77.8	79.5	73	50.6	34.1	50.1	58	44.5	35.6	61.8	62.8	93.4	77.9	53.5	49.4	38.6	50.8	74.3	64.6	98.6	77.8	66.3
104	133	169	189	168	214	271	194	160	149	122	99.8	90.9	128	146	149	146	114	118	198	275	299	294	262	290	352	407	266	181	181	123	68	43.3	53.4	50.2	51.3	50.4	46.7	61.2	31	39.4	32	29.9	17.9	18.6	30.9	35.6	33.3	32.2	28	29	30.5	29.2	25.3	27.3	30.8	28	26.1	24.6	33.9	34	29.9	23.7	33.5	42.1	62.3	50.9	132	133	141	113	96.5	135	93.3	116	137	150	207	199	163	164	153	158	114	129	149	206	230	207	202	180	181	164	169	159	131	97.9	85	73.4	68.1	53.3	46.9	39.4	50.6	68.6	51.1	36.9	37.2	51	62.4	61.6	40.6	37.9	36	45.1	63.1	73.1	63.8	66.4	40.9
210	220	216	266	223	237	268	206	156	176	166	145	109	134	120	136	238	144	161	226	259	310	320	303	309	323	282	204	169	165	135	94.8	63.7	50.6	49.9	50.8	61.2	56.8	55.7	63.9	40.4	50.5	65.4	27.6	28.9	32	43.8	56.9	40.9	35.4	36.1	34	34	38.4	45.4	44.6	42	37.8	26.8	25.5	34.1	32.5	29.4	40	55.6	90.7	89.8	160	162	158	215	150	133	127	151	203	300	272	202	153	140	132	140	126	111	128	187	204	222	203	151	160	154	188	187	95	111	77.2	61.5	56.5	54.3	53.8	45.6	56.3	48.4	51.9	47.2	36.1	45.1	53.5	48.8	38.4	32.9	34.2	35.1	54.7	58.7	54.1	64.9	52.4
248	247	233	204	234	261	243	213	204	217	191	234	157	153	116	123	130	140	153	238	240	333	354	339	284	283	254	171	139	139	98.3	73.5	70.4	58.7	50.6	70.6	82.6	57.5	67.4	85.7	59	77.2	90.6	54.5	55.2	66.9	66.4	64.2	50.7	55.7	56.2	51	82.7	75.4	60.9	57.2	57.1	65.8	55.4	46.7	44.2	38.7	29.4	43.9	68.2	76.6	70.8	138	125	161	206	139	200	206	195	190	240	196	176	154	145	130	123	105	85.5	99.7	147	190	206	202	152	138	176	193	151	104	56.1	63.1	75.9	63.5	52.6	52.2	47.8	52.4	58.4	61.9	57.4	55.9	58.4	32.3	36	31.8	22.2	22.4	29.3	41.9	31.9	31.7	24.7	31.3
286	267	209	218	228	189	201	197	213	267	281	171	180	129	84.5	108	154	154	136	236	235	360	393	362	318	276	286	234	173	119	86.4	73	76.4	72	74.5	73.3	80.3	65.7	84.8	84.7	76.1	84.7	86	73.5	75.4	86	95.1	74.7	88.4	79.7	89.2	84.7	127	108	98.7	94.6	109	135	102	73.7	64.8	53	67.9	46.9	55.4	64.4	68.5	71.1	69.3	82.5	103	165	197	193	195	307	254	299	278	213	195	179	178	110	92.2	142	243	181	155	182	197	141	139	153	114	89.2	64.1	68.1	72	52.9	36.9	38.5	41.3	59.5	68.3	69.6	64	51.5	51.1	39.2	37.6	21.1	15	13.6	9.22	8.86	7.44	11.6	8.9	16.2
239	249	241	216	209	192	209	247	262	219	240	174	225	163	123	139	141	154	127	223	294	352	412	399	379	302	260	239	162	111	102	87.7	118	111	89.9	108	101	98.8	97.5	99.2	105	100	92.6	86.3	87.4	98.8	108	86.8	99.5	103	106	114	138	131	142	133	155	165	127	111	75.9	70.8	84	66.4	63.9	72.1	62.3	74.9	55.8	76.4	87.8	135	151	205	201	222	184	258	303	242	257	238	178	106	99.7	184	264	170	140	204	173	154	176	188	190	182	124	93.3	94.1	72	59.1	37.2	39.2	61.9	69.6	69.7	72.2	54.7	51.6	45	44.7	34.8	22.8	18.4	15.3	8.49	4.15	1.84	4	17.7
270	255	252	194	202	220	197	205	282	318	291	170	233	171	171	195	142	127	127	215	283	374	364	366	352	264	245	210	139	127	113	117	108	116	116	160	115	98.4	110	123	115	92.7	74.6	68	96.7	109	109	84.4	90.5	106	87.7	139	201	173	180	171	194	198	171	149	127	105	101	77.7	82.4	105	91.9	89.7	82	93.3	95.9	103	105	162	165	159	184	252	333	320	285	216	156	115	145	159	207	170	160	226	213	196	251	244	271	213	154	114	103	96.7	88.8	51	56.5	74.5	77.2	74.1	68	52.7	51	43.3	46.3	34.6	35.8	28.3	13.6	11.1	4.55	5.89	6.5	12.8
322	307	272	199	208	194	192	220	253	292	290	209	177	192	193	209	214	172	157	233	303	334	360	296	346	300	266	216	154	144	132	141	159	151	124	144	154	127	123	109	94.1	91.8	102	73.1	69.5	83.9	107	117	123	121	97.6	150	213	195	222	209	193	180	180	194	177	158	137	102	106	142	149	125	108	103	128	161	113	132	141	142	171	208	221	265	290	237	167	104	151	146	171	171	217	248	273	209	242	306	395	270	189	132	108	79.9	92.1	98.4	95.2	96.2	81.4	72.5	68	55.7	46	40.5	35.3	31	40.9	21.5	9.71	7.56	7.04	4.87	18.6	8.58
345	311	395	289	247	229	216	259	266	282	286	232	156	185	206	231	177	186	160	224	255	224	198	269	348	293	258	206	154	151	144	153	173	179	161	123	145	128	130	90	89.5	88	83.1	75.5	70.6	82.7	100	128	155	140	114	171	190	209	232	270	199	215	220	230	221	192	178	123	130	147	141	122	140	113	152	165	89.6	87.6	97.8	198	200	205	201	242	241	222	225	182	215	218	225	152	171	205	211	193	230	299	353	225	199	164	135	104	119	136	140	112	86.3	82.2	77.5	51.6	44.8	36.1	30	23.8	19.6	16.2	11.4	11	4.91	4.38	5.43	2.75
361	328	285	298	248	243	254	234	271	303	311	182	152	178	175	174	170	198	174	216	226	187	208	260	329	294	267	209	169	176	169	159	176	190	191	140	149	140	110	105	99.5	78.8	84.6	82.9	90.7	98.8	112	151	155	193	182	222	226	211	229	314	224	221	228	246	299	245	211	164	159	141	136	137	159	160	210	216	108	128	157	251	248	220	205	224	202	199	202	194	227	261	221	148	168	197	213	235	276	304	344	250	236	180	134	123	138	157	158	128	111	106	83.6	53.5	45.6	39.7	35.3	31.1	22.2	19.1	14.9	8.68	4.54	5.43	5.43	4.56
331	316	281	221	234	274	305	256	287	265	264	202	232	184	172	205	222	210	191	235	235	228	235	242	246	253	219	203	206	175	194	169	215	210	212	187	142	136	148	128	102	95.3	89.7	86.8	100	130	147	194	218	248	212	268	225	188	225	309	242	258	245	250	295	276	246	180	168	208	209	158	182	182	162	180	146	143	170	227	245	257	221	222	161	195	196	153	179	223	216	164	177	182	204	177	188	202	232	219	209	188	200	168	176	181	176	141	125	109	89.8	58.7	44.1	40.1	50.4	46.6	34.5	26.9	15.2	12.4	6.11	5.97	7.47	1.88
335	360	361	330	315	335	325	265	296	271	272	221	220	279	216	196	246	235	216	248	294	326	280	254	233	232	203	187	185	209	165	180	262	249	228	198	166	133	175	170	132	129	115	111	136	164	182	268	253	259	260	291	252	233	234	268	272	293	302	274	283	281	272	248	299	270	211	155	191	181	168	143	170	204	169	206	220	286	221	216	185	166	193	185	184	198	222	195	191	168	179	141	153	163	207	216	202	212	230	207	240	279	234	151	125	108	101	72.1	58.2	49.7	63.5	43.6	27.2	25.1	16.4	12.7	8.44	9.47	8.34	20.4
369	406	488	426	341	336	318	269	290	292	373	263	192	257	234	238	268	238	228	232	210	242	233	210	194	181	168	159	151	180	149	149	183	208	177	183	184	148	156	196	178	148	128	116	146	185	237	294	265	222	223	290	245	262	212	231	258	319	254	364	343	322	288	248	235	257	224	163	139	132	123	135	154	137	140	176	180	155	143	138	153	158	173	177	190	196	213	178	179	176	199	145	178	173	276	283	318	329	352	310	335	311	286	216	194	167	143	92.3	86.6	59.6	49.8	51.4	30.1	25.2	21.9	12.2	10.2	10.4	10	14.7
460	512	461	362	341	375	326	306	269	315	253	158	189	182	208	221	226	195	215	272	208	204	219	214	162	191	187	168	151	155	154	155	168	198	197	186	165	166	182	210	188	173	185	168	195	248	258	313	264	215	233	289	262	211	233	264	270	269	254	300	323	328	320	265	264	267	230	189	202	182	144	148	144	151	168	145	128	127	131	164	210	243	209	186	198	227	246	219	201	190	219	195	197	199	271	272	314	404	408	378	363	353	296	240	223	203	180	117	103	87.1	66.7	46.3	29.2	29.9	21.2	16.1	12.2	9.57	13	13
439	574	537	381	368	421	311	318	304	253	191	189	213	205	240	192	182	207	256	329	268	256	274	265	202	196	217	209	195	182	180	175	165	192	199	181	195	179	186	173	178	200	209	203	234	273	272	336	289	230	223	310	305	245	296	285	276	267	269	254	294	279	263	238	227	226	223	232	212	184	212	166	150	109	93	135	149	136	131	192	209	191	171	196	223	252	261	234	217	235	259	213	212	243	291	311	317	385	356	339	377	293	286	254	205	205	221	119	105	102	85.4	56.2	46.9	37.5	29.6	20.7	17.1	20.4	19.6	30.5
368	424	497	437	414	469	349	344	294	203	230	212	200	200	228	204	195	231	298	327	309	260	300	296	253	217	255	227	210	211	222	204	189	182	189	204	220	220	202	187	203	268	283	245	299	275	269	347	337	264	258	321	315	262	266	247	267	291	253	218	241	252	246	222	241	222	233	236	189	129	124	157	121	105	114	135	143	139	158	230	208	238	255	226	263	264	274	234	243	260	282	268	253	337	408	411	444	402	326	326	364	329	256	257	233	219	217	131	123	116	96.5	70.2	59.9	56.1	55	43.3	37.4	44.3	51.6	60.2
293	359	388	376	400	412	412	367	311	263	292	281	275	274	288	270	269	291	301	332	316	288	301	277	269	221	211	225	182	219	213	210	193	175	182	222	224	203	221	267	232	293	296	253	255	273	305	326	278	223	187	252	308	268	211	237	261	244	226	198	244	245	258	259	299	248	226	184	234	160	167	166	154	109	123	114	131	126	92.1	82.7	118	189	209	207	201	213	227	283	283	312	314	332	334	415	520	452	376	360	316	281	230	254	255	208	234	224	200	154	151	146	126	115	105	122	98.8	88.7	83.1	78.8	78.7	83.5
348	342	403	349	364	374	359	344	360	317	288	349	366	310	269	267	269	263	293	340	353	306	309	267	279	260	231	251	243	253	243	215	217	205	185	198	230	216	250	271	266	308	315	323	299	323	375	400	305	230	216	259	227	227	215	196	196	219	200	232	263	245	252	294	279	301	248	199	196	184	172	133	121	93.7	102	122	117	116	101	116	153	167	205	219	210	234	276	318	325	333	345	383	361	457	524	451	412	362	320	226	205	234	233	194	213	183	146	114	113	107	94.3	87.1	94.2	125	146	126	108	82.3	82.6	96.2
343	389	422	395	457	399	352	319	344	403	327	372	407	328	290	267	262	270	297	315	318	266	289	281	250	273	318	262	283	315	292	231	210	198	212	231	202	198	233	263	276	323	320	341	336	329	359	402	312	267	244	256	297	277	246	241	220	214	219	254	256	260	240	262	266	284	204	232	219	189	165	140	132	129	134	117	152	125	122	151	192	213	204	208	206	220	234	282	324	353	390	387	394	425	451	459	452	384	386	300	208	190	201	176	161	155	147	116	110	110	131	120	111	112	129	136	125	102	91	107
413	361	453	440	481	468	453	332	294	326	254	335	332	312	311	276	279	286	320	381	398	319	263	273	261	286	303	288	293	302	322	264	233	216	251	271	255	228	251	276	254	254	283	333	347	330	330	338	285	287	308	376	393	375	369	361	318	235	244	248	259	263	240	258	241	228	246	252	247	201	189	173	183	170	146	157	190	141	167	192	168	185	162	218	232	210	249	317	326	357	377	391	409	465	455	394	407	390	350	259	206	190	189	149	134	128	130	110	104	95.2	99.5	119	119	113	110	118	127	114	113	123
385	448	464	469	512	464	426	364	293	282	265	312	334	302	331	338	331	339	355	409	490	375	325	316	299	303	280	290	260	355	414	364	247	236	229	230	250	236	262	279	262	303	342	340	328	289	311	338	347	374	349	412	412	449	372	485	310	227	251	238	236	247	258	241	208	188	302	313	203	252	251	168	213	126	113	138	188	150	153	155	171	155	153	179	166	220	228	289	311	324	275	330	386	395	405	359	366	365	329	257	233	215	177	140	108	104	118	131	127	112	83.1	123	132	132	129	120	99	104	130	153
319	348	398	385	375	377	352	353	289	280	370	355	362	324	327	334	331	325	333	412	381	327	301	310	395	358	326	311	324	362	346	396	276	250	253	203	242	267	287	290	291	347	385	393	341	287	298	382	353	374	365	501	449	447	348	384	301	281	272	290	297	299	306	255	230	197	217	304	211	242	188	172	203	205	129	128	185	157	182	188	184	187	168	190	184	215	246	268	269	287	279	284	307	305	321	332	354	372	346	285	273	214	188	136	138	141	124	139	129	107	86.6	112	110	122	126	116	129	128	140	176
326	328	355	374	334	334	384	356	331	472	471	380	358	410	365	353	317	353	416	461	431	359	356	371	427	429	365	329	366	366	391	368	274	276	292	272	315	334	318	290	303	368	411	393	340	310	323	338	299	328	422	519	492	552	387	443	359	350	363	389	381	404	360	243	233	220	229	369	236	271	250	201	179	150	147	141	202	184	199	229	189	217	228	236	208	198	197	259	267	279	262	299	292	285	300	300	353	368	358	295	267	262	207	157	148	139	116	109	94.4	88.6	72.8	111	119	122	127	128	140	144	161	184
340	335	329	308	301	340	346	385	335	410	432	419	414	457	386	369	373	348	371	389	432	484	405	374	419	451	413	410	399	336	342	361	303	310	335	300	354	355	314	309	348	340	343	360	369	359	348	350	372	330	383	540	618	519	529	499	545	457	477	477	440	484	431	325	282	254	327	321	280	347	318	248	204	150	150	141	178	236	244	270	281	243	259	285	295	192	192	282	317	298	272	280	285	290	330	326	316	332	374	272	251	268	239	195	167	152	130	126	91	81	77.2	131	129	127	128	130	138	141	155	171
372	391	368	305	251	203	238	343	333	362	405	455	484	498	486	399	394	441	362	402	450	520	493	476	498	435	398	421	397	390	386	391	367	301	304	324	306	310	382	341	355	339	324	289	275	288	323	330	413	363	342	415	497	472	494	665	602	501	482	480	357	466	494	528	336	252	260	337	416	377	417	315	264	180	152	123	202	201	262	308	253	236	229	272	279	185	207	217	224	229	214	217	228	268	321	321	307	353	382	294	306	314	253	202	169	167	158	125	87.4	82.7	86.2	126	117	120	135	150	163	190	193	201
345	421	452	340	334	288	248	312	382	445	393	389	435	452	472	419	314	392	417	458	440	599	538	550	567	470	354	386	377	428	409	388	406	364	368	336	293	305	333	311	341	328	288	269	261	306	366	345	362	368	408	464	463	550	548	618	654	538	521	503	371	481	518	528	369	316	385	357	438	406	370	348	314	214	184	148	186	214	269	293	265	260	265	235	231	221	227	254	229	197	193	205	242	269	309	330	238	247	283	256	308	281	257	208	166	165	152	135	113	90.4	145	156	156	136	154	205	170	192	233	218
465	512	488	383	357	280	265	268	380	461	397	420	397	412	410	406	356	331	355	348	393	467	519	506	528	470	425	415	417	445	379	330	336	375	365	333	312	309	346	274	242	278	287	278	292	376	402	403	348	355	425	478	452	537	598	607	541	493	508	459	417	444	434	435	390	387	453	433	440	486	481	395	286	233	184	196	209	221	271	295	317	258	253	212	211	239	203	220	249	202	165	175	235	230	298	266	192	209	250	236	226	203	243	237	173	184	145	153	142	103	140	158	159	168	185	204	190	188	225	226
397	391	327	281	347	349	247	284	349	388	361	429	419	399	418	464	430	418	359	361	361	418	546	438	456	425	411	426	408	414	422	361	359	321	331	357	332	328	341	282	233	292	314	346	301	329	392	368	336	365	420	464	452	478	527	675	564	526	515	476	482	421	347	343	370	391	356	555	525	688	491	375	398	274	221	212	277	296	293	231	248	209	192	182	230	253	242	188	212	217	220	253	218	227	249	228	203	224	198	203	203	187	239	206	202	196	208	176	125	119	135	171	183	171	186	224	195	182	207	200
288	272	277	259	313	319	240	244	327	324	387	446	458	492	469	430	441	430	392	306	349	453	621	494	461	420	422	416	363	393	402	437	377	331	337	339	387	369	326	268	272	284	297	320	336	331	319	362	353	454	480	508	493	516	502	574	551	523	494	423	416	370	323	330	259	278	253	318	280	322	303	335	380	329	236	217	236	275	271	225	233	207	211	185	158	235	188	160	195	233	193	199	208	230	240	226	212	171	182	209	186	207	221	235	211	295	263	201	159	180	151	169	209	199	154	171	189	197	212	235
184	201	241	212	170	204	248	287	376	423	383	426	436	472	464	477	493	433	376	302	348	494	539	533	548	483	429	410	360	427	474	481	434	342	329	388	421	328	309	306	279	288	286	301	368	312	297	342	404	450	516	511	504	500	469	525	564	564	490	455	482	373	353	322	272	304	296	383	293	288	334	378	368	332	281	261	246	269	251	264	306	265	250	197	168	171	184	167	147	187	209	211	181	224	230	256	233	214	228	260	224	215	202	209	216	316	349	214	188	177	157	142	178	170	137	184	277	275	260	277
139	155	210	231	227	205	260	281	323	395	405	432	424	461	521	546	547	491	417	375	333	454	507	489	508	469	462	457	416	435	429	434	446	352	330	333	312	289	314	349	355	342	364	351	363	355	378	362	405	405	455	523	417	419	420	531	572	474	482	421	398	294	328	327	309	326	311	354	374	341	401	376	391	450	334	366	338	333	314	281	298	299	262	206	219	191	159	169	178	224	244	235	201	208	226	194	184	213	259	310	311	242	238	242	235	320	303	240	236	205	175	156	147	167	154	207	244	273	269	269
139	134	150	185	240	233	221	255	307	363	393	397	421	467	521	538	529	497	453	423	391	452	489	446	411	480	495	465	417	386	434	425	441	411	335	273	253	268	280	325	365	360	346	294	331	444	456	405	386	343	415	471	378	415	428	500	543	453	449	420	351	272	284	282	308	316	343	437	435	426	437	446	433	471	369	378	372	369	374	318	334	303	273	230	288	249	212	201	195	235	252	274	182	163	181	175	205	206	216	290	331	326	280	268	290	271	313	304	272	234	189	153	139	135	151	208	190	212	183	221
115	143	141	204	221	200	193	268	303	320	352	403	442	485	501	483	482	477	470	443	490	451	559	527	416	394	479	458	410	446	515	549	509	405	409	314	238	294	291	274	302	357	367	273	258	348	408	427	339	316	352	366	353	386	466	533	457	405	366	322	267	273	286	354	346	339	384	450	438	494	478	488	467	455	470	415	432	391	383	393	286	286	289	246	222	236	220	237	190	195	334	354	206	160	162	186	206	217	238	319	292	278	384	346	371	393	398	345	302	263	252	210	173	155	141	183	183	153	154	202
125	160	137	175	188	149	163	235	276	330	354	347	386	434	480	506	501	450	404	346	416	466	454	437	404	370	418	399	420	496	494	472	513	352	328	308	302	256	283	293	301	358	337	261	301	359	367	408	372	313	288	313	330	373	451	489	374	429	417	343	277	296	328	346	356	317	377	463	451	460	486	523	434	399	370	360	346	329	389	357	350	310	251	276	210	250	211	131	119	269	283	285	235	159	153	176	193	213	208	228	267	265	309	309	371	397	417	372	314	315	251	240	192	158	176	181	160	165	151	175
101	141	129	129	162	157	186	251	304	314	278	348	365	423	441	490	513	439	375	323	327	349	360	369	391	379	368	364	413	447	464	435	461	398	323	331	318	288	278	326	358	301	305	285	399	402	422	434	353	305	314	346	355	323	334	384	382	344	345	317	344	332	319	283	347	430	339	396	455	423	400	383	384	349	269	282	359	358	377	283	337	364	341	342	270	242	238	133	139	306	336	280	195	215	225	172	210	171	167	197	237	262	237	268	322	371	425	342	298	282	256	216	177	165	167	194	153	169	150	179
85.9	97	127	136	151	167	182	227	260	275	270	344	368	415	429	491	465	493	394	391	401	325	361	366	429	382	422	376	391	402	395	395	449	390	341	371	389	333	319	332	348	295	308	279	393	369	414	449	372	330	320	378	355	277	339	437	453	391	313	318	342	365	331	320	340	437	390	330	347	343	389	466	455	368	336	289	321	342	323	278	297	279	330	278	261	270	235	211	282	252	207	204	218	208	322	234	215	189	182	226	224	237	199	224	280	345	362	366	304	290	266	227	211	200	199	221	188	179	151	176
117	108	127	152	180	198	212	240	265	308	365	377	375	438	481	493	464	480	403	381	307	313	419	405	427	404	355	379	433	370	371	430	462	445	424	459	443	402	360	364	350	334	368	343	401	431	412	404	421	444	395	395	352	263	354	392	378	365	313	322	315	330	339	246	297	360	343	337	388	378	362	407	437	449	392	308	314	294	266	241	275	258	284	295	331	311	320	251	296	241	251	250	229	198	342	309	265	254	289	267	235	231	212	221	291	337	335	318	274	276	254	256	237	264	254	161	200	194	166	175
120	126	141	154	175	208	246	262	257	297	339	399	408	454	468	498	479	426	415	320	303	350	374	472	451	368	449	407	448	383	404	363	415	433	460	470	493	504	450	374	314	337	382	322	364	427	399	434	437	497	385	392	388	308	343	320	332	395	414	334	302	326	337	298	269	349	370	348	400	387	421	364	370	439	395	306	399	340	273	265	255	266	298	329	324	407	442	362	369	228	306	317	293	280	265	194	280	281	254	226	229	290	250	266	316	377	377	279	314	288	258	274	230	248	243	217	287	217	166	171
138	135	142	152	173	206	243	288	325	261	279	309	364	465	466	498	480	482	472	415	375	371	386	401	338	376	406	420	450	398	407	364	404	438	472	494	483	506	478	447	407	372	374	401	396	382	332	366	417	378	342	281	285	379	306	270	314	426	461	422	354	325	372	297	278	296	424	414	403	466	449	440	338	344	338	336	346	287	247	254	264	296	354	440	360	467	446	287	316	253	251	319	273	241	217	201	202	205	238	233	216	260	249	257	264	300	350	317	312	318	253	258	250	197	220	198	273	203	167	171
153	168	169	190	218	226	228	247	264	278	283	320	339	415	412	437	375	404	445	479	404	372	393	413	440	446	440	475	398	358	403	386	411	476	448	494	551	564	593	542	454	425	390	366	342	336	320	368	324	312	347	280	288	311	233	294	335	372	440	444	346	345	348	274	278	334	389	423	440	410	540	477	418	380	411	401	327	260	236	288	274	362	532	542	466	547	459	357	311	255	273	246	276	217	196	200	189	229	216	233	236	242	226	257	260	260	292	390	313	276	257	270	260	211	178	196	201	177	163	138
159	196	210	250	265	220	226	272	295	278	312	395	375	369	430	485	486	494	508	491	429	473	478	438	450	396	438	430	419	362	339	362	427	479	429	446	534	478	514	650	640	617	488	434	365	369	362	447	447	369	374	318	322	334	243	243	283	296	333	369	353	341	370	357	359	466	457	433	476	396	433	430	485	500	470	425	368	321	316	358	330	330	443	521	527	521	483	415	374	314	279	276	248	213	254	247	223	208	237	247	242	268	257	252	236	261	282	330	246	256	264	286	255	200	184	163	156	170	197	159
161	198	213	253	228	244	238	272	246	301	359	448	425	382	390	446	510	460	500	472	479	500	502	459	423	373	393	329	355	301	281	299	311	395	421	361	387	427	496	658	564	550	534	522	503	420	349	415	399	318	382	304	280	245	223	275	285	265	290	299	346	347	350	347	364	438	496	410	447	420	441	442	493	508	526	475	407	347	366	298	288	335	403	460	614	538	474	403	356	294	341	291	304	249	249	259	247	229	249	239	240	279	283	262	246	240	258	247	215	190	248	270	226	224	163	186	205	201	217	212
164	165	180	192	225	249	289	307	321	288	322	405	442	433	435	391	402	489	504	478	505	467	429	434	360	354	379	336	319	371	348	314	308	366	368	344	363	379	469	526	448	469	496	514	511	446	362	494	440	320	379	265	238	255	251	267	275	244	291	297	334	360	339	312	384	430	481	437	395	427	605	431	417	451	428	434	432	384	352	276	264	306	396	384	518	498	480	445	342	304	304	319	305	281	288	219	242	208	228	256	263	241	275	249	264	256	248	233	194	181	210	251	215	182	204	238	226	190	225	212
129	161	165	180	208	247	297	280	282	308	337	341	362	363	397	413	404	475	520	534	506	472	450	402	415	356	371	374	305	354	389	362	410	372	423	333	312	383	364	443	446	508	488	514	520	560	414	392	385	409	391	291	273	288	264	276	289	233	230	272	307	299	294	317	339	305	447	461	443	495	502	436	394	349	389	425	413	357	386	313	287	271	309	332	487	440	452	356	326	354	438	380	365	342	300	221	192	164	202	256	265	220	280	261	221	199	204	204	177	220	237	238	189	179	211	254	216	180	155	140
157	191	170	189	195	259	337	316	363	349	430	378	394	387	402	468	509	503	499	548	562	518	496	448	413	384	376	336	314	347	384	378	389	370	360	340	297	425	369	474	385	469	507	503	432	511	431	384	315	372	396	367	348	304	249	325	292	282	303	278	318	309	268	319	369	339	390	465	454	513	410	385	379	417	423	425	408	380	399	368	340	374	319	365	442	430	398	365	332	352	381	321	296	350	298	238	193	194	232	231	219	210	276	272	253	208	195	225	209	226	293	306	239	208	276	280	183	206	160	141
188	203	199	197	185	224	251	287	323	371	386	393	385	374	425	541	556	529	496	506	565	493	487	421	376	375	306	264	265	311	305	300	311	364	334	286	261	353	376	339	439	436	408	418	384	439	490	456	377	387	411	318	317	316	305	257	265	342	339	333	295	244	224	358	353	369	444	483	451	439	402	370	376	416	464	420	406	383	378	380	339	323	314	368	417	428	386	325	316	315	318	307	293	277	268	277	237	225	260	221	213	211	252	248	230	243	220	233	253	254	261	239	196	202	258	258	262	167	192	166
275	213	199	180	215	223	226	261	325	352	402	414	395	394	385	476	552	562	490	532	519	499	481	439	421	395	372	277	245	247	264	277	283	327	272	254	266	284	353	478	304	302	298	334	345	374	425	430	378	370	420	349	286	323	372	321	308	294	360	333	272	255	224	294	295	328	442	470	415	380	373	384	387	396	435	365	364	366	362	369	378	327	360	349	384	358	316	296	265	291	293	293	306	257	276	276	248	246	242	219	214	213	293	292	259	291	286	280	282	274	262	211	199	216	230	225	225	162	143	171
371	294	232	212	249	270	242	265	292	308	332	369	381	379	356	428	430	454	459	505	465	488	520	457	457	382	368	311	255	223	285	291	282	266	253	285	320	273	302	328	255	243	246	267	341	334	359	378	298	316	372	326	316	394	337	364	323	328	327	349	307	286	270	354	314	316	347	358	406	347	349	354	366	386	417	399	368	380	368	383	412	320	372	313	338	354	294	247	249	222	240	225	293	307	326	245	241	228	222	203	216	218	275	341	318	302	337	328	265	261	267	259	231	247	193	186	189	129	119	162
364	454	441	360	316	317	285	219	236	243	260	306	344	358	348	416	409	409	450	469	451	446	476	499	477	392	387	354	301	237	264	333	325	283	257	233	226	246	310	251	242	277	268	251	348	386	323	410	348	336	306	290	310	384	386	304	308	278	264	302	299	300	276	283	305	302	263	306	361	411	347	349	371	357	419	469	494	494	398	354	380	338	349	325	343	391	336	262	264	197	186	248	346	363	353	271	258	248	236	209	230	224	253	275	321	298	284	310	296	299	255	242	210	216	174	149	152	153	125	141
247	407	460	378	358	359	265	221	252	259	220	329	360	318	375	405	414	427	453	486	510	522	520	519	492	409	441	421	325	255	280	297	329	291	271	250	236	209	234	223	238	203	243	254	319	346	315	356	386	411	432	331	337	358	264	239	264	282	276	243	284	296	328	388	363	338	352	310	311	374	320	339	348	307	330	396	495	496	388	320	332	321	298	304	352	408	341	324	248	210	206	230	297	380	326	263	265	250	224	226	243	218	230	263	269	246	267	281	347	362	257	247	222	222	188	207	199	190	171	194
164	298	339	391	368	337	321	287	220	223	207	284	344	321	358	427	375	372	419	479	507	499	450	434	433	389	387	434	419	335	357	393	360	298	257	229	245	191	204	208	231	293	322	317	268	316	243	294	356	426	465	345	310	330	293	234	200	216	233	253	315	296	260	360	378	370	402	331	320	344	336	377	391	332	300	366	420	462	375	313	316	352	347	320	341	348	307	280	291	240	210	285	305	336	305	284	247	237	251	236	208	215	223	230	237	223	269	316	305	282	205	246	239	215	214	206	190	215	191	177
115	212	276	353	359	347	366	283	213	236	248	251	273	305	300	363	384	366	401	469	480	451	440	436	456	442	441	431	412	379	411	401	391	357	258	208	220	252	226	233	252	293	309	314	245	352	291	288	217	289	352	361	328	276	270	202	195	191	211	222	317	288	239	327	345	370	411	399	351	297	341	347	363	380	317	319	367	384	361	315	299	305	326	393	377	348	300	292	280	283	261	291	325	322	303	256	240	240	237	225	218	258	230	201	196	222	238	279	261	261	175	224	242	212	208	234	219	238	207	155
119	159	223	329	326	317	247	178	170	174	193	204	207	195	232	309	353	388	432	399	384	375	373	368	413	354	367	376	405	446	463	353	357	428	342	317	314	317	307	290	289	279	287	266	255	224	185	231	171	194	247	210	190	203	190	175	181	229	211	205	228	239	261	300	359	329	357	348	333	307	280	377	349	336	277	309	377	408	331	341	387	335	341	375	399	416	366	334	293	298	306	342	351	307	296	237	234	224	202	181	184	258	230	228	225	248	264	282	230	252	176	167	193	188	226	257	249	219	225	183
121	152	209	296	258	205	199	213	201	116	147	164	190	216	221	295	287	306	382	363	364	370	321	355	374	360	337	433	445	432	434	398	375	373	366	368	408	351	318	283	329	302	290	273	245	223	222	341	256	193	220	188	223	218	185	187	175	199	207	211	208	249	313	362	291	348	369	354	269	251	313	348	352	294	246	303	366	385	432	395	400	329	311	323	375	443	378	378	346	320	312	319	332	302	279	290	249	215	218	226	236	230	212	234	282	244	222	241	212	254	200	182	179	195	227	232	240	214	204	184
127	178	204	206	211	186	206	325	334	199	162	161	197	248	239	276	271	289	334	323	361	474	398	328	342	347	359	466	527	499	439	385	390	346	394	362	421	379	306	278	301	280	261	230	244	256	209	252	288	210	206	165	161	155	150	152	170	208	221	244	258	302	349	350	346	360	383	328	276	302	328	335	350	315	302	355	345	339	395	407	427	356	345	346	366	417	405	442	392	310	297	336	331	340	310	307	299	260	281	245	227	232	210	260	281	207	177	210	212	228	197	187	197	239	242	210	226	241	207	193
138	151	178	155	152	135	148	205	323	359	306	295	266	299	247	299	383	322	273	282	334	448	388	338	355	359	395	451	532	530	460	406	378	339	354	347	367	346	324	294	291	251	246	222	269	297	221	197	186	177	195	171	177	170	176	147	163	195	220	238	217	258	313	366	352	348	427	374	344	338	333	294	326	363	358	343	376	364	368	366	396	357	356	355	332	367	408	444	442	359	330	324	310	295	286	287	306	298	273	242	226	283	253	234	250	192	192	219	226	219	201	210	217	230	248	220	201	230	220	201
100	96.4	115	96.1	91.3	89.5	95.6	129	253	401	471	544	442	403	304	302	287	244	264	342	421	327	303	293	295	315	334	354	372	379	383	375	332	290	290	277	323	288	267	240	222	195	221	231	217	242	184	153	154	141	187	159	167	205	181	155	146	154	192	215	206	214	248	267	288	316	306	372	388	405	378	355	340	393	356	343	373	385	373	433	376	349	332	326	357	384	410	436	415	363	346	359	356	352	369	365	357	319	257	239	261	345	376	285	250	214	261	232	267	241	213	228	229	251	291	277	211	218	198	208
76.3	64.6	82.6	86.3	84.5	83.2	103	139	155	227	344	585	534	569	496	420	372	301	293	290	340	269	252	256	260	246	275	292	321	327	342	334	296	298	291	280	270	260	270	239	256	213	193	190	219	221	216	169	144	151	139	128	143	129	139	131	148	179	199	197	226	233	227	244	285	312	317	331	370	401	354	364	391	419	365	356	312	354	357	395	408	380	368	344	420	402	419	445	428	365	379	392	365	328	305	368	333	323	279	228	349	361	345	306	286	256	221	239	253	252	230	248	209	206	244	285	245	212	184	193
113	70	71.7	77.7	86.4	88	99.7	122	141	169	201	313	332	434	547	576	547	499	435	362	296	290	224	210	229	219	209	235	253	245	275	291	262	296	288	284	299	275	276	224	222	233	225	203	202	182	169	196	170	199	167	128	128	125	128	136	140	165	187	205	233	255	205	244	317	292	320	319	345	343	330	370	410	420	392	368	382	374	377	449	456	442	388	340	342	425	441	444	454	432	385	354	321	271	245	317	372	326	314	267	316	372	363	369	301	222	193	236	258	282	255	260	229	239	269	250	262	213	195	202
99.6	86.5	89.3	84.7	84	91.8	94.8	98.5	110	140	158	230	188	200	257	443	535	531	500	369	308	264	202	172	202	207	185	198	237	234	254	282	256	264	266	301	310	293	273	239	242	218	258	203	199	181	167	163	188	182	164	129	146	130	135	159	142	136	188	186	198	225	217	271	284	253	235	319	317	327	317	354	368	365	371	403	451	414	408	422	474	444	381	352	336	426	435	462	478	458	418	375	304	316	318	336	339	344	332	332	264	278	269	280	345	229	227	228	255	261	238	269	273	271	263	244	267	243	233	237
87.8	106	95.4	90.4	86.5	81.8	87.4	100	89	116	119	132	114	118	88.8	130	232	295	287	226	200	222	176	175	184	194	186	210	243	256	239	222	225	219	229	229	264	280	270	237	240	210	184	177	181	185	157	165	138	144	175	152	173	179	163	204	162	162	160	208	231	247	224	240	258	271	260	316	346	367	334	354	398	382	380	345	387	340	381	430	438	339	372	325	339	355	388	441	466	442	427	371	354	305	305	330	356	351	381	293	225	251	286	258	286	222	193	218	263	256	223	249	273	243	247	260	268	258	281	277
83.5	102	88.1	91.6	91.2	90.4	100	121	111	128	116	144	115	66.6	64.2	65.9	83	156	194	185	157	188	217	232	259	217	204	212	231	257	242	241	241	230	228	220	234	272	234	234	283	204	181	164	183	194	176	210	148	160	175	151	258	190	202	171	135	119	138	187	211	253	257	251	288	299	300	354	393	369	346	347	369	380	460	424	403	401	412	461	465	411	373	340	371	382	437	456	480	471	464	383	410	379	379	388	421	403	412	353	248	243	273	268	193	215	208	218	261	272	229	242	277	279	260	284	271	267	289	272
56.9	62.9	65.1	66	74.3	88.1	83.8	110	126	135	125	150	119	87.6	73.6	62.8	56.8	82	103	167	157	220	244	258	258	240	222	241	251	252	279	282	262	232	247	228	236	272	232	198	229	223	228	263	207	246	181	164	152	138	133	150	187	255	197	172	122	136	141	185	211	264	285	273	310	338	379	403	380	353	377	339	341	339	383	424	409	356	361	388	377	407	443	380	403	440	463	469	471	467	473	404	448	392	434	419	481	399	396	314	302	314	258	304	242	248	202	240	294	284	271	274	270	266	288	323	307	261	277	270
52	46.8	49.3	50.2	49.4	59.1	62.3	77.7	115	157	153	155	106	98.5	87.8	73.6	65.8	69.5	97.9	174	261	212	247	233	266	255	271	288	264	256	272	264	271	256	243	235	260	245	229	191	216	212	238	244	252	287	274	210	154	143	105	128	206	235	271	146	115	140	161	207	215	254	260	266	249	318	328	363	370	352	389	399	327	359	377	415	438	360	374	342	350	407	475	467	473	479	432	479	489	473	468	459	442	448	452	486	377	331	330	264	290	277	242	328	282	270	292	279	292	290	287	292	301	277	293	309	318	286	263	253
18.3	20.7	25.3	25.1	23.8	27.5	32.4	53	71.7	94.5	87.5	108	79	71.9	56.3	57	65.3	82.8	101	140	227	219	193	168	195	218	299	286	274	251	273	255	260	269	240	199	206	230	226	230	204	214	261	312	395	415	322	209	145	159	144	134	151	180	218	148	124	142	170	164	186	217	213	240	250	241	241	276	291	286	319	350	319	334	348	390	407	407	407	331	333	365	414	445	467	438	456	481	487	469	448	465	482	470	465	488	410	439	372	310	273	267	275	250	233	268	347	300	285	279	258	274	273	284	292	330	330	292	258	240
18.1	17.1	13.1	22	18.6	21.5	22.7	40.3	45	54.5	57	82.6	97.2	94.6	74.5	59.2	64.2	74.7	85.1	125	211	340	140	176	200	195	228	266	287	281	250	234	246	271	248	198	199	216	227	253	239	230	279	510	536	454	336	262	191	127	138	169	206	161	151	143	122	118	134	174	176	176	200	189	218	209	224	272	299	310	308	357	365	306	293	353	386	390	393	379	380	408	429	463	465	453	471	487	469	461	452	445	485	484	451	459	416	441	411	291	273	292	279	229	255	257	326	294	294	290	271	307	283	311	304	331	326	313	298	264
11.5	10.5	9.13	14.4	19.5	13.9	15.2	26.5	31.5	32.4	43.9	84.4	92.8	78.2	66.1	47.8	66.8	66	79.5	90.1	138	306	222	243	249	183	208	284	302	264	242	235	225	228	222	182	202	220	216	197	204	235	271	452	418	442	382	308	264	195	153	156	141	148	164	142	147	126	125	151	161	184	211	232	214	220	241	246	310	375	364	372	398	367	341	389	399	418	393	366	399	395	451	459	454	476	474	480	446	419	465	421	499	502	475	444	429	443	417	341	302	315	265	248	231	260	313	289	294	283	282	297	292	312	283	341	331	307	312	282
10.5	7.67	6.74	9.17	7.6	8.5	11.2	17.3	16.6	21.5	29.8	66.4	84.2	86.1	76.6	47.4	60.2	63.4	69.9	64.7	92.8	143	264	324	238	228	188	229	244	259	222	216	227	207	218	196	195	209	197	188	158	153	188	308	362	328	328	258	239	218	197	146	135	141	142	141	146	166	144	154	167	218	225	205	185	192	234	279	328	426	449	405	373	451	400	400	426	470	454	417	407	398	454	444	457	461	422	438	422	461	466	477	506	518	472	455	454	446	415	355	328	277	292	248	248	242	263	299	269	264	321	293	312	326	318	321	327	331	329	287
3.81	4.07	3.13	1.67	1.31	1.23	1.39	4.2	7.99	9.23	15.9	41.8	63.5	90.8	82.8	68.3	50.9	43.5	49.7	70.3	72.4	107	145	249	183	228	186	177	171	220	188	164	176	195	176	195	189	158	160	164	152	122	138	179	195	237	204	188	203	174	167	111	99.6	114	119	110	102	142	166	144	148	174	229	208	169	177	207	228	246	285	328	293	279	314	316	377	350	370	408	431	418	427	419	368	437	459	438	414	391	416	443	486	496	516	453	475	433	423	410	339	313	269	284	248	265	236	293	366	352	332	357	340	339	351	297	314	349	336	304	280
2.46	1.95	1.62	0.835	0.656	0.902	0.775	2.8	3.43	4.81	13.6	28.7	50.8	70	88.9	95.5	60.2	52.7	63.1	69.3	64	73.7	101	128	143	125	154	186	169	213	282	209	229	207	216	265	239	168	134	122	111	117	136	155	153	152	122	117	112	103	84.8	83.7	97.7	132	131	113	92.6	93.4	121	152	166	215	242	218	193	180	228	218	255	305	286	311	277	300	317	391	386	373	397	413	419	440	456	396	434	440	436	447	390	380	393	453	499	465	409	463	412	438	433	327	272	276	288	290	272	254	295	337	367	382	355	353	341	343	316	344	340	330	334	303
1.59	1.07	0.837	0.371	0.329	0.271	0.305	1.06	2.93	3.81	8.75	53.9	21.7	39	73.6	99.3	91.6	70.8	88.4	74.5	74.3	73.2	78.9	112	100	110	112	146	160	190	246	284	294	276	288	338	276	232	180	193	169	142	121	161	157	131	99.8	126	149	151	109	91.8	135	178	155	130	110	106	135	143	166	172	291	220	178	233	272	265	268	278	282	293	293	276	317	357	351	357	352	384	383	386	363	370	409	416	431	459	367	392	397	411	421	448	372	389	395	395	396	373	352	324	315	285	292	304	351	393	407	429	370	340	340	364	308	337	350	349	350	303
1.24	0.783	0.62	0.323	0.209	0.163	0.226	0.709	1.14	3.09	3.62	6.99	14.1	18.2	28.6	79.4	96.9	105	87.7	87.1	87.2	86.9	85.1	78.9	85.9	104	98.3	86.1	94.3	133	166	268	328	339	312	346	311	293	231	263	214	214	167	213	226	198	132	124	95.8	111	107	123	106	162	144	138	177	165	160	158	157	161	235	254	238	245	302	315	282	254	267	260	250	246	281	336	358	365	355	324	395	387	361	397	390	430	423	459	359	352	354	360	377	411	363	378	438	405	409	418	401	334	325	292	292	335	389	449	442	400	327	319	394	345	302	311	301	334	340	345
0.45	0.476	0.0499	0.326	0.223	0.217	0.309	0.31	0.564	1.65	1.51	1.65	3.19	4.66	8.99	41.9	73.5	94.1	98.2	111	97.4	140	80.1	94.8	103	94	100	95.9	91.9	99.2	131	215	255	395	343	435	416	337	292	264	244	202	173	169	183	171	125	115	87.5	92.8	75.8	109	124	131	125	134	124	136	160	144	135	181	235	288	267	277	332	287	277	220	201	218	208	199	187	246	248	244	255	256	335	356	347	394	328	392	384	388	353	303	292	281	306	377	358	346	389	400	371	385	386	360	353	367	337	361	407	442	446	430	342	330	371	362	315	301	303	316	321	318
1.61	0.601	0	0.165	0.152	0.17	0.245	0.309	1.41	1.58	1.75	0.736	1.18	1.57	5.53	28.1	46.6	70.8	104	198	190	113	85.9	91.1	91	85.7	90.8	85.9	98.6	86.4	80.5	99.4	152	274	428	502	428	319	302	301	272	225	168	184	174	149	97.7	84.4	81	79.1	87.1	128	138	140	134	98.9	94.4	126	131	124	153	186	241	226	194	308	309	233	213	199	185	193	207	225	184	253	246	218	243	257	292	362	372	396	317	275	312	349	347	321	298	314	341	422	403	385	365	356	383	382	344	319	310	342	348	397	414	441	448	405	362	368	378	336	326	315	288	316	307	299
0	0.652	3.65	0.0814	0.133	0.165	0.161	0.745	0.694	0.45	0.516	0.156	0.166	0.551	3.2	18.6	32.3	53.1	96.9	158	179	111	89.7	98.4	101	97.4	86.6	76.5	102	109	87.9	88.3	102	156	275	402	381	315	283	281	222	189	161	150	131	117	78.8	60.7	76.8	94	123	149	137	138	118	94.8	124	122	136	136	129	186	207	232	214	294	322	254	206	192	186	186	231	217	187	256	270	302	281	303	406	440	440	363	298	272	300	312	328	345	328	346	397	445	428	384	354	330	356	392	359	330	356	386	355	346	401	451	452	431	397	376	355	353	311	316	286	280	287	265
0	0	0	0.0771	0.0975	0.133	3.71	0.944	0.842	1.01	0.328	0.112	0.118	0.41	2.17	11.4	19.9	32	55.6	90.1	88.8	102	89.4	95.9	99.5	100	90.6	81.8	109	130	132	133	109	102	158	221	214	200	191	185	189	165	135	164	121	95.9	68.1	77.9	83.1	105	118	156	158	133	138	103	150	140	158	216	154	186	206	226	267	231	280	253	205	177	195	204	267	207	208	239	256	291	291	312	402	401	434	340	317	325	331	337	281	291	329	388	376	380	400	381	331	324	333	363	333	340	344	344	300	338	388	426	454	435	404	396	341	325	330	318	289	263	278	262
