90.6	74.9	91	191	152	105	97	48.2	38.1	35.8	22	183	72.6	108	162	98.9	88.3	117	85.9	70.1	52.9	49.1	52.3	84.5	95.5	99	93.5	53.3	41.3	34.7	28.8	27.1	34.4	28.6	25.1	20.6	36	45.1	44.4	56.9	65.3	81.7	101	117	122	93	119	125	134	97.2	83.3	81.1	70	61.6	45.1	63.9	94.4	119	103	87.6	85.8	108	103	99.7	112	157	156	116	132	123	117	90.1	98.4	109	107	109	124	107	102	109	187	196	194	236	70.5	69.3	72.3	61.2	56.7	54.7	43.7	49.9	33.5	22.3	27	9.96	14.1	20.9	42.3	48	28.7	15.2	5.55	10.1	12.6	35.7	32.4	38.3	60.4	38.3	44.1	66.7	48.1	47.4	65.9	92.6	71.9	77.9	109	100
91.2	127	164	229	126	118	110	57.9	80.2	94.9	65.7	71	79	101	151	131	110	116	131	149	78.6	61	48.2	65.1	99.3	152	158	73	68.1	38.7	29.3	16	19.3	24.4	10.7	26.6	48.2	54.3	62.1	85	112	127	114	114	102	116	124	166	104	125	81.3	61.2	49.6	42.4	30.3	32.7	32.6	23.2	33.8	65.6	87.3	102	109	97.6	77.5	59.5	52.8	111	103	126	132	100	90.8	72.3	74.9	73.2	87.7	97.5	91.2	105	153	134	119	181	194	135	74.7	82.4	77.3	83.1	70.4	21.3	27.8	18.3	28.1	9.6	6.36	22.3	37.6	45.6	38.7	34.4	8.67	5.73	6.99	13.7	12.1	17	28.6	17.4	12.9	22	20.5	14	25.7	90.8	97	99.9	97.7	75.7
113	159	200	161	120	121	134	135	181	140	120	89.1	102	136	125	146	171	133	233	133	77.3	53	76.2	87.8	97.7	143	185	75.7	77.7	39	36.8	21.3	24	27.6	19.8	24	56	64.2	64	81.6	86.9	76.4	81.8	102	124	147	136	146	115	98.7	77.3	60.2	65.2	54.7	49.1	26.5	18.7	29.2	30.1	58.1	62.1	88.5	107	113	88.5	85	107	148	116	114	117	101	89.8	75.6	97	80	77.5	81.6	98.6	94	117	130	127	121	181	193	153	82.4	94.5	68	74.2	38.3	36.5	24.1	19.8	5.28	6.54	13.4	19.2	43.4	38.2	24.1	9.69	15.4	3.93	15.5	13.1	15.5	11.8	11.8	7.8	20.8	15.8	18.7	24.3	52.2	75.9	95.2	126	92.3
146	209	227	161	162	142	134	157	166	154	123	88.5	134	198	177	149	168	156	164	75.2	93.2	129	112	109	90.9	98.9	151	67.4	35.2	35	37.3	42	81.8	68.9	45.6	52.9	55.8	45.1	43.6	85.6	115	68.8	75.5	117	143	165	171	119	91.5	72.8	61.8	60.9	54.6	60.7	46.9	22.6	13.9	48.2	50.8	64.5	40.1	47.9	56.3	105	96.1	92	121	164	120	112	100	105	84.2	70.7	87.7	79.3	81.5	77.7	97.6	123	118	109	127	111	99.9	87.3	166	274	148	85.2	71.4	31.3	37.3	23.9	11.4	10.4	9.45	25.9	19.1	30.2	27.2	37.8	27.4	10.8	2.13	0.21	3.72	10.8	7.17	8.82	7.2	21.2	19.1	28.5	43.1	60.3	68.5	112	141	108
211	254	260	221	222	204	185	178	282	203	144	110	130	221	254	297	186	159	147	107	118	74.8	60.7	122	85.9	39.6	67.6	59.2	40.5	45.8	58.6	88.5	126	107	85.3	72	41.4	40.5	45.1	81.5	140	84.9	70.7	116	124	86	97.1	73.3	54.6	81.8	58.4	49.4	42.3	45.3	57.3	37.9	17.9	48.3	44.6	37.8	141	36.6	162	97	101	106	130	135	125	162	142	102	98	94.5	103	85.6	78.5	105	110	134	153	154	120	130	122	114	101	244	227	228	76.4	33.4	20.4	17.5	9.15	10.6	12.3	13.6	9.06	17	15.3	15.8	13	5.52	0.12	3.15	1.86	3.06	6.54	13.3	16.3	10.9	30.3	45	60.8	77.7	83.3	95.7	109	102
218	310	272	286	323	219	218	246	232	225	307	168	232	246	312	227	173	145	134	126	190	94.2	108	109	74.8	114	125	65.1	98.4	111	154	128	105	112	143	79.9	30.9	29.4	48.2	58.4	85.1	74.2	49.7	66.8	63.2	54.2	52	55.6	55.4	50.3	47.6	34.2	30.7	29.7	33	30	13.2	14	19.3	8.78	13.4	12	49.3	211	102	60.1	65.2	74.4	95.8	129	129	69.6	80.3	85	76.3	71.3	76.6	136	161	159	129	150	146	172	132	139	111	160	231	263	119	14.6	5.82	11.8	8.94	8.25	6.72	2.73	3.96	4.65	3.93	5.97	4.29	1.08	4.35	3.03	4.08	4.44	11.8	8.34	8.37	6.99	10.5	26.8	50.6	51.4	71.1	86	108	79.3
190	255	215	277	323	323	262	248	294	243	169	155	272	224	193	112	100	108	165	213	193	68.4	55.4	53.3	72.1	61.3	77.7	182	142	133	146	108	85	105	118	126	84.2	50	64.6	70.8	87.4	55.2	57.5	50.4	46.7	37.8	47.1	35.4	49.4	33.1	42.4	28.7	22.1	21.3	30.1	26.8	14.8	10	16.6	13.5	17.3	32.3	38.5	155	142	58.3	64.4	77.6	96.2	94	84.4	110	79.8	70.4	68.4	63	86.1	109	115	119	108	116	149	166	108	112	106	124	120	228	123	61.6	18.5	16.3	16.6	13.1	7.26	2.82	2.22	3.42	6.96	0.54	1.11	0.72	6.81	4.53	12	4.77	6.9	7.35	13.7	11.2	12.8	21.3	13.4	13.4	32.2	51.1	53.4	66.4
200	267	252	243	325	430	301	266	253	221	155	163	177	313	317	121	128	251	221	187	190	101	67.5	87.4	55.3	91.7	75.8	90.5	70.3	101	79.9	75.6	59.5	76.5	114	143	94.5	61.7	79.4	86.5	77.6	55.8	44.4	41	33	32.4	61.3	31.8	36.1	25.5	24.6	23.9	16.6	15.3	15.7	18.9	13.3	12.1	23.6	49.1	45.7	26.6	37	54.4	74.4	51.6	59.9	88.4	83.4	79.3	83	78.2	90	67.7	67.4	66.4	99.2	158	163	187	170	108	117	126	80.2	85.9	119	118	104	215	154	141	58.1	58.7	40.7	21.3	16.2	6.87	1.83	1.68	4.98	1.35	5.07	2.28	3.27	5.22	3.21	3.96	12.6	16.3	20.8	17.8	11.7	18.6	12.3	8.79	14.3	45.7	35.6	62.1
219	221	239	313	424	411	316	263	299	270	282	181	168	212	173	273	275	312	206	151	157	113	113	107	87.7	81.6	69.7	62.3	52.6	69.3	96.2	61.5	66.6	71.1	102	161	115	98	58.6	63.6	82.7	75.9	56.1	54.9	45.8	66.8	70.3	43.9	42.1	27	25.8	18.8	20.5	13.5	16.2	13.8	19.5	10.7	26.2	34.1	39.7	26.6	32	70.9	91.5	63.2	71.2	74.2	65.5	83.4	76	57.5	67	64.6	76.5	92.2	118	137	117	185	179	111	94.6	87.8	114	104	108	104	102	180	208	109	89.5	64.7	41.2	17.7	18.6	5.79	1.59	0.09	0.33	1.98	8.37	5.07	7.38	5.07	5.25	5.88	13.5	40.9	37.4	17.3	8.79	13.8	15.4	14.2	13.6	31.3	42.6	33.7
216	230	198	360	284	298	264	222	235	343	329	188	154	203	185	214	315	290	137	100	70.3	122	128	136	110	115	124	122	77.3	96.9	88.2	90.9	67.9	69.8	109	137	159	115	67.3	32.5	29.3	40.7	54.5	59.8	58.9	56.1	39.5	38.7	33	24	14	8.95	10.2	8.74	6.98	9.04	15.5	22.7	27.8	35.1	52.5	55.9	61	75.4	69.8	65.1	57.3	59.8	57	44.5	38.5	41.8	47.9	47.5	62.7	85.3	117	172	184	150	137	136	80	48.1	63.9	70.3	83.6	80.3	103	144	183	114	116	83.3	61.2	30.6	23.3	6.57	4.41	3.03	4.14	3.6	4.44	3.99	4.44	4.29	4.89	2.1	19.8	34.4	40.7	30.4	31.6	30.8	31.9	10.4	4.17	24.7	25.8	7.35
196	182	339	242	159	196	286	267	304	303	352	168	166	161	217	281	209	188	227	190	134	145	127	169	147	157	174	159	111	99.7	79.3	99.3	89.7	76.7	134	156	135	108	80	29.4	26.2	45.2	62.3	56.1	43.3	35.1	21.7	17.7	18.1	18.9	17.4	13.8	7.6	7.03	12.8	14.3	24.4	45.7	46.9	52.7	117	64.6	42.5	62.4	58.1	60.8	73.4	70.6	52.2	50.4	37.5	51.4	44.5	48.3	56.7	74	93.9	140	151	152	120	87.1	84.1	63.2	57.2	68.4	137	106	91.6	84.9	158	94.8	90	70.7	78	48.8	40.8	15.2	22.8	17	5.82	3.18	6.42	1.65	0	0	2.55	5.58	18	27.1	46.3	47	54.8	48.4	17.2	6.3	8.22	18.1	16.4	18.6
116	356	224	119	173	285	360	341	320	322	256	135	175	261	292	278	236	226	297	260	177	177	137	149	214	210	113	128	118	99.5	84	102	109	89.7	97.7	97.4	121	106	84.3	54.6	48	37.2	56.5	37	42.2	24.8	20.1	24.3	20.6	21.1	16.2	8.58	8.29	4.97	5.46	14.7	24.6	58.8	77.1	70	51.3	32	43.6	80.6	96.7	133	100	54	59.1	52.6	33.2	55.8	51.7	49.9	59.6	77.7	75.1	64.1	64.4	136	80	54.4	98	61.4	58.8	84.3	124	96.8	67	53.7	140	204	75.4	76.6	83.6	61.9	49.4	26.5	29.4	21.3	11.5	2.34	1.62	1.74	0.96	0	9.39	21.8	24.1	43.2	45.1	54.4	72	55.3	19.1	6.12	6.69	6.15	20.2	21.2
94.6	170	256	168	159	234	368	384	214	151	187	157	170	200	237	256	201	241	203	173	163	158	166	123	183	134	108	87.3	68.9	75.7	100	108	134	95.9	82.2	123	128	123	61.1	43.1	43.1	39.8	37.9	56.1	58.1	39.6	29.7	33.8	26.7	16.6	15.5	15	23.2	8.2	9.42	12	21.9	42.9	65.1	67.1	50.5	38.9	59.3	83.8	111	143	110	79.5	60.9	56.3	41.7	44.5	46.3	58.4	91.6	76	66	40.7	88.5	73.5	56.8	46.2	66.1	67.1	55.5	57.7	63.8	58.5	77.8	117	143	116	56.7	72.6	71	61.9	50.2	34.4	24.9	23.8	16.5	4.68	0.12	0.06	2.64	9.51	11.3	22.9	22.8	64.4	53.9	38.6	68.9	48.6	20.7	9.6	10.4	17.1	22.7	26
88.3	91.5	104	160	161	201	297	293	192	204	172	144	143	215	215	225	201	209	182	117	148	131	112	120	192	116	94.9	98.5	96.5	107	234	128	121	104	112	89.4	88.3	86.1	47.7	41.6	41	42	43.9	46.2	26.5	25.5	32.4	36.4	28.9	21.3	25.8	22.6	21.2	10.3	8.59	8.22	14.1	31	37.4	66.4	46.9	36.6	44	71.5	76.8	90.3	95.1	82.5	70.1	56.2	45.1	50.7	35.7	53	81	98.9	68.3	24	36.3	46	25.6	27.8	27.3	55.4	46.2	52.9	59.1	61.3	46	61.9	63.9	107	67.1	47.6	57.9	49.6	46.2	50.8	27.8	11.8	13	4.56	0	0.24	6	12.9	6.66	15.8	29.9	39.2	24.9	19	28.4	22.6	25.3	29.6	11.2	12.2	14.5	13.2
88.3	129	151	240	274	333	373	350	198	199	190	162	132	190	205	191	222	151	174	106	95.3	72.3	92	122	133	117	108	137	164	188	272	141	152	127	74.8	69.8	85.1	76.4	48.7	49.6	39.8	43.6	42.7	45.5	46.4	29.9	43.6	46.2	37.2	31.2	28.4	19.6	18.3	11.5	13.1	9.3	16.8	14.2	27.5	50.6	67.1	86.3	48.8	59.1	65.7	63.8	51.9	59.6	55.5	33.5	45.1	59.3	81.6	72.8	70	99.5	67.4	52.4	25	25.3	55.5	43.2	26.6	38.9	47.5	50.7	71.1	72.3	63.8	71.9	59.8	84.4	72.5	64.2	56.7	55.6	45.3	59	46.8	22.3	12	3.87	3	11.9	2.19	9.21	2.28	6.69	17.3	25.1	24.7	36	50.6	57.2	13.7	16.2	11.9	21.9	41.3	26.2
144	164	163	284	351	270	348	227	207	248	213	171	178	225	276	248	188	162	117	116	120	72.4	89.6	131	177	206	204	172	263	213	231	164	178	142	101	73.4	67.9	64.7	62	53	32.7	41.9	55.2	43.8	56.3	49.2	48.3	49.4	46.8	57.6	51.6	18.1	21	20.1	33.1	24.3	17.4	17.9	14.3	31.1	64.5	54.3	31.2	44.2	57	61.4	59.3	60.6	46.2	34.1	72.3	89.4	88.7	73.5	67.9	74.8	62.9	32.9	47.9	36.6	76.8	71.7	67.4	77.9	62.3	42.8	65.8	116	125	96.8	68.7	88.7	85.9	111	96.7	38.7	32.9	42.5	45.4	23.8	20.1	11.8	13.1	17.6	14	3.48	7.32	12.5	26.7	31.3	38.6	46.5	43.7	48.3	9.3	13.4	16.3	28.9	31.7	23.3
218	196	252	367	305	332	360	279	272	326	278	196	164	289	329	308	246	214	105	126	145	141	121	134	309	223	212	179	212	313	231	149	137	106	90.8	77.4	75.2	59.9	72.8	86.6	70.9	66.8	74.7	58.3	55.8	48.5	64.5	47.9	45.2	63.6	35.6	27.6	32	17.9	29.7	22.3	17.9	21.3	20.5	40.3	34.4	24.5	23.7	38.2	41	57.6	48.5	56.6	49	42.5	74.6	79.3	76	66.5	50.4	55	52.8	43.2	73.1	46.8	49	109	85	75.7	67.4	52.3	55.2	113	95.9	141	108	84.1	104	104	88.5	31.2	28.4	23	25.2	8.1	13.1	23.6	21.3	21.8	16.3	5.88	10.3	10.7	36.8	45	54	29.1	28.5	17.6	12.6	14.9	16.3	10.1	7.35	11.5
150	127	173	232	244	282	280	235	239	208	204	194	198	292	293	169	137	151	120	145	167	127	124	126	125	119	134	172	151	200	142	121	122	105	110	83.4	56.6	72.6	89.1	119	100	92.5	55.4	59.5	54.2	52.6	57.8	93.8	98.3	130	47.9	39.4	61.4	40.2	64.4	50.4	53.3	65.8	54.4	52.2	36.6	31.9	29.2	39.5	34.1	41.1	21.5	28.8	23.9	28.4	57.1	52.9	35.1	35.3	20	31.5	35.4	28.4	37.8	40	60.4	75.5	72.2	54.9	90.1	66.1	61.5	67.3	103	108	98.5	89.2	92.3	56.7	62.7	84.3	52.4	44.6	45	20.7	18.8	30.2	30.2	11.6	4.05	6.66	2.31	1.44	9.6	16.5	27.3	6.33	10	14.3	11.2	16.1	5.55	5.16	4.98	8.49
153	158	199	225	222	250	227	255	232	186	169	161	210	276	281	179	144	131	155	164	144	141	147	155	121	106	120	185	190	174	126	116	133	113	101	104	75.3	99.8	65.2	81.7	94.7	66.8	59.2	54.6	47.7	58	54.4	99.8	164	115	71.9	63.1	70.3	61.9	53.3	52.9	61.2	81.9	42.5	42.4	47.7	50.9	54.6	33.2	38.3	20.7	21.3	25.8	29.2	40.3	40.5	51.9	43	35.3	34.7	27.4	21.8	23.7	42.2	52	40.6	55.8	59.7	61.4	95.8	73.7	62.4	64.5	120	91.2	95.1	103	63.9	55.1	101	117	57.9	40.1	40.9	35.5	28.4	24.8	32.1	16.8	8.25	5.97	2.19	5.25	12.4	19.7	11.7	6.54	16.5	8.04	7.68	1.89	3.99	7.83	9.21	7.92
177	209	158	188	188	191	171	187	178	161	208	164	218	224	224	158	141	140	244	176	160	182	191	205	178	156	156	154	183	158	140	143	171	142	128	98.2	79.5	113	92.7	80.9	84.3	66	72.1	72.3	72	76.1	60.5	125	163	124	92	67.9	86.5	100	89.6	67.4	71.3	58.2	58.7	44.8	55.4	71.7	52.6	50.5	57.5	32.3	27.3	69.1	29.9	28.1	37.7	45.8	57.6	44.1	29.4	19.9	23.9	55.2	101	124	68.2	53	37.7	56.9	79.5	70.9	61.4	66.1	91.7	77.9	93.9	64	47.3	82.2	107	117	80.1	53.3	42.6	42.8	32.5	39.4	32.6	34.2	25.7	5.88	3.81	7.26	31.9	16.2	12	9.51	9	9.57	6.54	6.18	9.66	9.48	12.5	7.95
201	178	165	212	220	240	190	164	194	204	207	187	205	193	172	152	190	161	199	173	154	221	244	234	228	178	158	153	140	135	148	162	166	137	110	88.8	61.2	90.9	134	73	61.5	63.5	61.2	72.1	83.4	78.3	94.8	140	137	93.7	94	76.1	112	100	93.8	96.8	84.8	84.8	78.3	79	76.2	95.7	78.7	85.2	74.7	50.4	40.1	88.5	33	32.1	33.3	28	49.6	31.6	22.8	17.5	18.6	57.1	141	133	92.9	100	72.4	62.8	73.1	70.9	63.3	65.3	85	72.2	76.4	54.6	67.6	82.4	96.1	128	77.1	69.9	67.7	28.2	43	46.6	40.9	20.5	7.77	15.1	24.5	19.8	56.5	23.6	19.2	11.2	10.5	8.76	10	11.6	9.27	6.12	10.1	10.4
180	170	149	233	228	172	153	192	200	196	249	220	196	184	176	121	125	125	119	156	135	159	191	179	184	143	131	142	175	129	211	205	184	137	120	121	98.6	106	91.9	107	102	98.2	79.6	61.6	72.1	83.2	96.3	119	103	69.6	60.6	86.6	104	107	114	111	92.4	87.2	101	100	106	73.8	98.1	108	90.6	92.2	59	83.6	40	27.7	26.3	19.6	38	52.3	36.3	16.8	15	38.2	76.7	97.1	116	124	92.4	87.3	109	91.6	97.1	80.1	81.3	96.8	105	91.4	80.5	98.4	106	165	134	114	102	70.6	65.4	61.8	64.8	70.4	65.6	68.5	77.6	63	53.2	42.2	39.9	24.4	21.2	12.5	13.4	7.68	10.3	6.69	10.6	5.76
183	142	158	255	226	154	141	167	224	281	269	225	221	221	179	140	132	123	148	126	162	155	160	155	155	162	127	141	131	156	167	183	169	174	191	135	140	129	132	126	128	140	114	102	60.4	57.6	57	97.5	113	68.2	90.3	76.4	91.6	119	123	104	85.9	105	105	87.8	77.6	67.7	78.6	88.3	103	127	91.3	157	70.3	51.8	43.8	24.5	19	21.9	26.5	21.7	23.1	37.3	66.4	95.2	110	116	96.3	106	98.4	91	78	108	92.8	89.6	122	119	143	183	191	236	202	174	150	99.2	81	66.1	63.7	69	66.7	71.9	68.1	45.6	49.2	42.5	47.8	22.2	19.1	11	13.6	14.8	13.4	9.75	8.85	1.89
234	212	230	299	282	218	175	216	253	303	320	309	229	257	214	152	146	162	162	150	182	179	176	143	161	149	135	144	146	154	156	120	164	262	239	149	132	131	87.3	95.1	90.4	109	128	166	114	80	70.9	109	96.1	81.6	86.7	100	119	119	94.5	89	108	106	123	98.1	86.7	85.1	135	83.6	93.1	115	93.2	65.8	74.8	51.3	35.4	30.1	26.6	25.9	25.1	22.5	22.6	30.2	40.6	67.3	78.6	92.6	94.3	103	106	70.8	112	101	110	101	116	160	213	233	224	241	243	260	225	141	110	81.6	70.7	72.8	79.5	81.6	78.1	48.5	48.3	39.6	34.7	23.4	8.7	2.31	9.57	6.69	3.81	1.74	2.43	0.06
225	250	287	318	334	276	250	248	272	354	392	360	235	240	200	134	126	142	155	170	165	159	145	143	148	165	141	181	155	147	138	114	117	221	211	144	102	103	92.5	97.6	85.9	94.5	131	176	126	112	107	116	66.3	75	106	93	81.3	64.7	71.7	113	170	131	136	157	115	85.7	101	65.1	68	91	91.5	51.7	68.5	87.6	53.9	48.3	61	47.7	36.5	38.3	37.7	33	42.2	65.6	82.6	145	114	113	109	114	118	118	128	128	125	184	219	251	213	248	244	278	247	167	127	125	111	129	130	127	93.8	53.2	59.3	36	29.8	7.08	2.67	1.47	7.56	8.85	2.49	0.42	0.81	0.24
232	299	366	368	338	336	296	300	309	357	344	384	311	268	248	140	96.5	140	119	150	202	158	150	179	159	179	157	181	199	168	127	152	122	174	157	161	152	135	146	106	111	117	150	114	111	78	64.1	88.3	96	96.1	106	80.7	72.8	63.2	83.4	152	214	148	156	160	148	109	90.4	68.1	67.8	71.4	91.1	31.2	53.9	46.4	70.1	95.5	91.2	62.5	104	115	68	70.6	58.8	92.9	129	166	146	123	135	144	133	226	212	246	233	270	273	242	242	239	288	290	288	203	163	295	233	154	113	109	99.8	98.6	100	89.3	48.2	25.5	15.8	8.87	11.3	12.8	8.15	6.06	5.75	0
268	332	373	377	370	329	277	339	337	352	337	365	399	291	280	128	113	161	150	166	164	170	169	175	158	195	195	209	203	158	142	162	163	172	149	182	176	231	190	149	130	196	130	87.9	116	96.7	76.8	120	121	111	132	119	86.6	74.6	97	167	153	139	163	157	158	111	102	114	114	101	68.1	43.9	88.7	77	103	125	96.2	86.9	114	150	107	127	74.9	116	107	103	92.7	116	153	123	162	244	217	219	161	140	155	155	188	226	253	274	231	163	179	258	232	151	141	125	109	66.8	118	84.9	74.2	52.8	22.6	11.8	10.3	9.7	7.24	5.91	5.37	0.99
201	233	300	328	345	312	275	327	302	332	283	263	319	267	308	168	136	165	169	170	189	186	164	206	209	199	163	208	190	227	172	193	148	129	182	166	172	218	161	137	138	163	148	137	126	124	148	152	169	163	162	190	134	111	99.3	123	151	165	177	168	146	116	152	169	117	83.3	75.1	38.3	56.2	75.2	111	131	75.8	84.7	92.5	143	107	132	97.7	97.6	79.3	102	101	102	114	97.1	118	210	167	169	140	135	197	136	228	214	237	230	219	161	199	243	198	153	159	130	112	76	75.5	44.8	40.4	51	30.6	19.7	19.1	11.3	6.55	5.5	5.37	0.78
199	195	221	316	321	301	303	323	344	370	346	332	378	280	298	177	155	153	153	163	180	156	140	165	181	176	145	171	214	244	175	183	185	167	182	144	172	192	189	154	147	138	131	125	116	136	166	149	167	172	177	179	214	210	133	127	143	175	177	180	149	134	121	122	108	123	64.1	71.5	37.1	69.7	74.8	67.8	74	61.6	75.5	130	123	84.4	97	104	83.1	110	109	91.7	101	109	157	170	103	152	162	171	191	141	142	197	220	198	210	198	168	174	182	172	154	125	109	81	84.9	63.9	34	26.5	17.1	23.6	28	29.7	10.5	5.39	4.93	1.51
252	257	254	311	320	387	371	403	314	415	397	337	267	272	318	210	207	176	204	219	230	201	178	178	171	164	150	146	168	183	168	136	139	158	187	170	174	170	175	149	140	153	140	123	157	172	191	167	171	178	174	187	180	149	152	172	142	135	153	143	132	126	107	128	103	102	76.7	108	70.6	62	63.2	66.6	65.1	57.6	63.5	77.2	71.8	77.5	132	102	83.2	110	105	80.4	81	120	175	123	142	174	135	121	112	101	110	153	188	155	169	142	160	155	188	184	166	135	118	81.5	68.8	55.3	77.7	30.6	20.4	36.2	12.7	55.8	41.4	6.81	6.29	4.1
319	339	310	412	364	418	482	417	284	275	316	320	277	275	336	248	209	187	215	220	260	251	238	210	189	161	135	115	179	182	186	158	141	173	143	152	165	194	202	155	150	161	170	163	209	180	210	203	196	195	204	203	217	155	143	172	169	151	147	115	117	128	134	130	114	83.7	89.4	140	91.3	68.1	99.2	66	63.7	68.4	64.1	64.1	74.2	76.9	133	88.5	106	125	144	129	87	105	169	173	167	169	151	140	124	131	122	146	181	168	137	130	159	155	163	169	155	136	113	91.8	75	51.6	43.6	37	27	45.5	12.8	53.1	46.7	6.35	3.72	4.8
313	305	328	393	363	381	372	448	332	347	306	275	265	247	281	268	254	225	221	251	244	209	218	226	203	210	165	155	187	202	186	155	183	187	143	172	196	222	244	169	168	197	202	205	208	203	196	260	263	206	219	184	193	178	157	175	177	151	142	120	110	124	166	156	119	91.2	102	137	109	60.5	48.9	52.7	58.4	79.2	52.1	69.7	133	139	146	124	126	121	115	115	82.6	81.7	117	169	191	208	183	146	141	148	117	141	160	155	114	111	117	148	157	151	146	137	102	78.4	56	52.4	42	31.4	24.9	24.8	24.9	52.8	33.7	25.6	14.7	38.2
245	267	279	378	398	428	400	480	389	423	334	301	314	304	310	262	261	269	208	241	195	196	178	221	234	174	220	190	169	158	163	165	156	163	166	199	229	256	239	178	189	188	199	197	232	197	212	256	231	210	221	172	155	170	181	198	161	136	125	143	109	113	116	147	124	112	113	109	135	72	59.6	51	41.1	54.8	49.8	71.3	136	140	194	114	96.2	89.2	89.5	96.8	90	77.4	101	137	174	214	195	129	140	163	143	156	148	124	118	110	124	147	152	158	145	138	101	55.3	47.5	47.6	50.1	31.3	23.9	20.6	17.9	49.1	39.2	52.5	49.8	62.2
276	261	291	337	359	400	488	492	388	368	284	260	320	307	265	226	205	214	204	204	196	200	202	214	189	197	255	206	164	158	145	157	165	143	123	145	156	193	182	167	196	197	223	209	235	248	290	237	230	191	179	161	148	146	144	162	164	154	135	107	92	89.5	82.6	111	107	110	144	83.3	78.5	59.4	56.7	51.2	47.4	54.1	65.3	57.2	76.9	99.2	110	98.4	96.6	102	105	91.7	82.5	91.1	96.1	118	149	183	164	111	116	121	151	127	90	95.2	101	86.4	106	125	130	256	123	129	77.7	35.8	35.3	51	106	54.9	29.9	24.9	47	56.7	47.3	47.4	27.6	21.9
292	301	331	372	406	386	389	479	428	318	283	287	298	265	227	269	241	249	236	234	216	215	221	236	201	214	225	205	156	141	146	169	177	172	140	156	140	141	165	159	176	200	204	208	233	312	292	246	230	207	182	222	212	168	174	181	198	159	122	117	91.7	72.7	77.2	96.8	110	96.5	148	91.5	70	79.1	65.6	61.6	50.2	51.9	60.1	57.4	63.3	111	110	102	110	116	110	117	86.3	118	132	142	141	126	110	143	140	124	117	95.5	74.6	78.8	92.5	88.8	139	226	173	231	192	128	92	22.5	17.2	41.7	75.5	77.3	31.7	24.7	68.4	92.1	70.2	34.6	28.2	27.8
274	298	352	328	393	374	363	339	336	318	350	302	287	303	248	259	240	231	200	179	180	205	189	226	208	218	205	188	156	134	137	179	188	179	162	155	157	185	200	182	197	208	204	186	216	285	299	232	235	228	198	263	225	249	286	193	163	164	133	94.1	76.6	86.7	77.8	101	112	106	169	104	73.3	74.6	63.6	56	51.5	61.1	56.6	64.3	67	84.5	82.2	115	117	105	106	115	69.4	126	137	140	124	141	141	133	112	118	104	79.9	68.4	76.8	73	83.1	111	159	125	136	163	109	56.6	29.5	21.1	34.1	41.5	41.8	33.7	37.2	43.7	74.7	66.9	44.3	37.7	40.6
316	291	368	295	296	332	409	356	386	349	352	326	302	344	282	279	256	238	196	195	199	183	185	211	216	260	245	197	181	163	146	190	203	194	185	147	159	173	212	215	213	223	192	204	253	259	283	228	262	276	258	309	288	286	187	185	182	172	137	98.4	95.6	94.6	86.7	102	116	113	94.1	99.8	106	97.3	95.9	65.8	70.3	62.3	53	65.2	76	75.3	86	113	112	96.3	92.3	109	125	139	136	107	173	132	104	111	111	121	112	93.7	100	83.2	78.6	121	128	173	220	109	78.8	72.5	46.5	43.1	32.9	31.8	26.3	35.8	42	33	52.1	77.6	113	59.3	40.1	50.7
317	275	291	305	335	323	345	284	267	297	295	284	278	290	247	279	249	210	200	210	216	200	198	183	219	266	219	200	152	143	162	168	196	177	166	142	152	197	225	208	205	219	232	222	224	295	250	240	253	282	306	254	276	176	148	161	134	122	115	131	121	100	84.8	113	105	82.6	76.9	94.5	86	70.8	63.3	78.2	81	54.7	49.1	67.1	81	75.5	90.7	104	76.5	81.6	110	80.1	130	125	137	127	179	171	132	137	195	160	145	141	139	118	124	141	155	184	144	85.6	64.7	66.5	51.8	54.5	53	29.7	46	59.8	38.4	41.2	42.5	60.3	73.7	51.7	41.2	45.6
297	295	272	271	346	373	316	332	300	384	332	320	275	212	199	246	241	230	250	234	202	202	230	209	240	234	199	200	163	172	183	187	184	157	182	154	160	184	211	208	185	219	239	244	211	219	238	258	296	271	242	188	255	190	175	161	153	135	125	108	116	118	108	127	122	106	114	116	96.4	64.9	62.9	92	74.2	71.6	82.6	92.7	103	90.1	85.9	105	99.3	78.7	87.2	99.8	121	136	153	140	156	148	127	155	179	145	148	170	192	169	147	148	180	170	131	136	101	108	127	106	57.4	37.5	48.6	53.8	50.6	49.3	69.8	67	69.5	48.3	45	44.6
317	264	242	268	345	341	316	312	283	361	371	306	277	240	202	226	221	233	298	264	239	191	213	268	278	237	193	191	204	212	194	188	180	164	183	172	179	187	169	188	191	198	219	228	209	208	201	275	336	287	254	230	233	187	178	167	139	125	134	135	118	125	111	116	134	106	89.9	78.9	84.4	76.2	75.2	76.9	68.1	82	100	146	120	108	107	85	95	76.8	82.9	130	135	152	149	152	142	102	118	146	193	151	139	189	194	252	197	248	197	226	171	138	132	126	114	103	93	60.7	57.8	77.4	70.8	76.9	57.9	62.7	67.6	69.7	46.4	38
274	289	220	234	290	339	313	360	317	297	314	279	310	246	229	215	213	195	204	194	185	188	202	269	300	305	228	198	204	193	196	191	183	188	205	168	156	155	159	181	222	218	229	220	203	196	205	222	284	264	233	198	191	183	139	171	140	145	140	114	102	101	106	123	124	126	103	98.9	96.8	89.9	93.7	84.6	75.4	119	144	188	176	135	104	87.7	96.1	90.8	89.1	155	117	130	108	148	151	151	107	156	213	203	191	269	188	244	301	311	231	282	178	208	181	227	214	104	103	72.9	124	109	80.6	73.7	59.9	61.6	62.3	59.6	83.7	47.6
148	181	212	187	217	283	324	337	257	261	241	286	313	282	229	193	235	198	199	192	196	208	245	269	243	237	192	186	204	164	148	157	164	157	157	137	115	119	137	138	175	206	225	190	172	183	214	289	272	221	207	176	189	159	124	112	117	156	125	70.5	90.3	118	146	145	182	195	124	96.3	92.1	82.3	92.2	104	80.9	99.3	125	132	141	130	106	126	149	99.9	94	113	75.4	92.9	131	122	165	135	105	146	177	190	201	176	181	206	206	251	364	197	198	279	143	133	140	112	108	90.9	151	96.3	78.9	60.4	53.8	57.4	51.8	65.6	58	49.3
132	156	206	189	265	301	258	185	173	188	217	264	295	279	233	204	186	227	173	192	212	226	229	235	205	190	188	175	189	173	145	143	158	125	131	170	162	150	145	186	187	202	227	281	203	180	194	203	228	193	133	231	169	144	139	169	219	116	124	110	158	226	249	165	169	165	161	114	81.4	75.5	100	101	101	98.9	95.5	110	122	123	138	167	139	110	134	127	102	149	153	173	161	105	86.1	156	173	182	195	183	281	297	175	171	227	189	147	131	126	129	132	138	154	175	124	118	86.5	63.4	63.8	66.2	60.2	61.9	58.4	48.4
139	150	169	200	277	246	193	194	157	185	219	224	246	224	225	205	173	180	154	173	228	253	228	221	217	220	230	202	167	144	133	160	153	147	149	196	187	182	189	182	184	175	200	199	193	225	180	216	150	138	134	182	150	146	134	219	181	108	152	183	201	209	252	175	158	158	183	107	95.4	89.1	98.3	107	112	98.3	99.5	130	115	133	132	136	112	114	166	204	137	134	152	161	189	117	91.4	132	165	169	198	200	278	213	150	152	144	134	137	136	154	126	124	182	213	233	195	165	97.9	81.1	68.5	69.3	64.8	70.4	65.4	50.7
144	157	202	197	235	235	245	227	201	202	271	279	282	197	187	180	174	164	164	162	219	243	222	202	209	247	222	185	179	146	121	127	130	123	134	173	168	178	188	210	205	208	191	194	203	194	205	187	133	143	146	169	132	126	145	236	181	187	195	194	310	241	208	218	192	139	119	129	119	96.9	90.1	117	97.7	88.7	97.2	132	135	172	139	133	182	192	142	199	203	167	197	137	135	129	156	187	166	223	239	265	279	280	136	122	146	131	117	123	143	133	186	224	201	205	227	174	123	98.8	74.4	72.1	68.7	74	71.8	61.8
158	179	203	231	253	244	208	198	231	200	254	388	362	268	180	154	185	207	181	169	182	225	250	201	204	241	211	227	185	154	137	137	120	112	116	114	131	132	154	228	200	165	170	210	210	253	293	190	148	156	152	153	146	137	153	178	211	244	203	191	241	228	226	191	226	147	150	167	162	138	138	187	155	84.1	99.6	179	227	251	175	165	185	225	165	188	189	210	213	166	92.3	80.1	120	121	142	194	193	183	156	148	127	145	148	143	144	153	140	160	163	202	221	203	187	178	177	159	118	88.3	106	79.9	77.7	98.4
187	166	191	210	268	237	160	154	178	198	198	283	264	268	182	145	156	200	219	179	180	237	236	223	236	251	219	184	179	140	139	158	140	124	140	117	136	143	144	202	226	210	213	200	199	227	220	220	172	165	140	165	169	195	245	218	256	263	336	219	175	158	178	140	176	209	172	160	164	169	179	213	150	123	122	182	221	187	206	194	222	179	128	153	172	221	256	182	117	110	106	127	140	136	143	140	132	106	112	138	140	142	141	151	156	169	141	187	204	244	197	166	174	128	107	133	86.4	85.1	85.7	118
199	167	192	203	236	226	181	180	168	215	173	274	215	262	170	143	142	164	194	182	185	209	243	233	246	268	228	242	156	143	175	177	158	189	150	114	152	177	173	225	265	229	203	175	155	169	162	226	200	183	164	172	172	236	330	284	255	240	261	216	217	282	279	219	196	226	214	252	228	164	156	154	124	132	139	165	223	205	195	199	268	194	151	181	170	165	204	142	169	159	135	109	116	88.8	105	134	118	86.6	85.6	116	146	156	159	161	155	172	169	196	194	231	220	182	190	133	142	131	112	89.5	100	123
205	211	182	187	170	198	249	206	176	183	215	265	221	241	196	156	161	180	195	192	200	198	217	234	226	224	225	243	186	152	207	190	174	168	136	121	123	150	186	229	225	257	234	186	143	167	181	234	229	212	174	198	209	270	273	259	238	198	192	225	307	335	311	300	256	245	247	278	274	191	149	150	129	128	124	221	263	238	235	246	255	220	177	174	206	206	182	177	325	271	175	153	168	147	129	106	117	92.9	71.5	96.5	122	151	166	148	163	165	177	190	183	194	176	200	168	153	152	141	125	128	119	131
244	245	229	187	194	202	224	214	196	197	241	267	240	246	225	192	196	174	191	189	198	224	201	244	240	228	219	188	223	208	234	193	163	136	113	133	155	182	161	169	182	256	227	219	199	178	215	216	277	253	245	265	293	275	221	263	243	195	241	221	361	469	620	477	368	248	223	280	248	183	197	194	169	141	173	264	256	251	251	280	435	306	252	260	251	236	208	237	271	199	189	154	136	143	116	93.2	103	102	99.1	121	130	141	145	158	199	203	228	211	209	171	157	160	125	118	168	140	124	140	136	135
250	242	263	287	216	156	195	200	181	178	199	247	265	213	186	174	184	157	179	166	153	178	196	227	233	217	223	205	235	204	201	196	178	161	150	153	147	162	180	153	176	259	207	195	191	201	212	220	227	277	289	275	330	295	350	325	270	221	276	238	323	484	578	398	274	219	262	193	233	221	152	187	189	163	205	262	295	330	276	276	350	400	251	228	285	299	235	211	234	289	259	175	143	131	114	105	110	114	121	149	154	145	163	184	187	239	238	278	216	200	180	163	141	137	156	141	137	141	113	106
226	219	240	259	212	188	169	177	157	184	187	242	265	195	200	188	185	189	206	200	185	165	176	215	204	213	185	189	212	172	178	169	188	160	128	139	144	180	172	179	208	214	181	215	236	236	232	241	220	242	322	352	284	282	319	399	343	309	250	221	240	372	469	230	135	144	165	181	208	202	153	174	195	192	200	285	360	342	292	343	341	425	336	273	263	244	249	209	245	235	233	179	156	143	120	112	137	144	139	165	159	156	177	209	218	225	227	218	172	236	273	175	175	172	151	123	128	150	103	123
224	176	193	223	251	241	196	186	186	200	203	257	283	223	179	243	203	197	187	233	228	181	159	144	154	199	181	160	183	211	175	149	160	164	152	180	162	196	199	194	199	186	192	225	250	216	241	252	254	249	298	415	344	340	341	313	487	328	290	236	227	310	415	275	153	178	331	185	194	226	204	186	190	237	259	334	323	336	313	425	411	351	345	269	254	239	197	209	230	252	283	186	175	168	160	131	143	152	164	172	177	178	185	196	216	256	219	183	185	230	280	224	171	161	149	142	129	117	107	122
234	195	196	223	224	258	235	213	219	229	238	312	291	236	212	204	190	193	273	215	307	191	169	183	181	164	150	191	205	335	233	197	198	222	178	188	205	231	176	179	184	204	190	223	216	188	156	180	221	276	253	322	306	314	302	292	288	281	300	381	309	314	378	321	276	299	298	239	246	259	253	256	232	277	325	323	321	302	330	361	407	357	391	379	356	326	203	233	237	314	280	171	176	157	149	134	152	184	177	135	148	179	181	188	186	229	222	193	197	207	165	206	201	223	165	143	99.1	123	127	103
211	204	202	227	238	257	264	202	225	225	210	243	223	233	213	200	183	170	186	193	183	174	200	206	223	165	157	203	233	267	316	219	197	230	162	171	193	191	182	183	171	170	174	203	235	217	180	219	247	233	240	303	346	273	275	321	293	234	290	420	385	291	352	290	278	281	331	311	279	281	329	342	267	301	310	280	314	309	366	414	376	372	412	394	372	257	273	215	226	242	264	174	182	139	153	125	162	147	146	136	138	154	171	203	210	231	242	225	237	227	190	213	232	223	153	120	130	123	125	106
181	200	188	204	170	177	204	193	245	244	219	235	234	271	241	235	220	267	233	200	207	268	271	250	154	168	150	173	235	226	198	183	199	264	259	179	210	185	179	191	204	176	186	208	226	187	187	236	229	231	243	288	342	267	271	322	304	275	266	303	291	364	275	288	277	279	273	243	265	271	337	301	262	313	301	258	216	293	377	469	374	419	431	390	343	275	234	216	218	299	303	169	168	155	172	117	134	148	126	145	134	191	180	201	199	253	179	229	219	173	176	195	194	187	123	123	147	124	128	89
180	177	180	197	246	168	250	222	230	234	218	224	255	256	263	328	249	199	207	229	211	299	356	193	142	147	177	210	285	229	191	154	158	225	208	175	222	206	197	173	180	188	201	264	198	196	205	190	223	218	224	309	392	344	307	324	295	303	266	291	330	388	382	289	377	335	312	298	254	251	356	317	280	295	259	243	200	273	289	353	411	385	419	335	285	278	340	322	311	384	317	187	182	151	143	131	171	140	124	139	148	179	154	182	217	238	199	214	237	185	210	217	220	179	137	127	171	139	99.1	89.1
163	199	185	164	184	173	213	257	255	220	233	213	236	267	229	242	218	230	209	240	237	217	226	210	172	182	187	193	210	195	181	166	170	181	153	197	199	212	214	220	221	219	233	264	241	219	179	180	199	293	269	322	419	333	321	336	298	289	291	271	263	381	347	356	446	306	293	282	287	235	310	279	313	330	289	296	245	289	320	320	398	305	339	308	279	320	398	319	299	226	239	160	164	156	156	158	157	173	161	149	159	160	162	173	185	194	184	255	193	167	184	192	164	158	137	121	164	132	81.9	71.8
173	187	205	222	197	158	180	213	238	222	198	186	246	254	238	180	182	216	239	254	210	197	204	194	200	201	243	215	191	199	195	172	176	188	215	227	217	203	220	222	202	227	244	194	211	207	223	163	195	289	277	281	313	281	370	338	310	398	353	359	293	450	268	300	312	303	301	342	327	293	318	317	320	339	330	322	261	269	286	276	329	349	277	300	296	282	394	340	275	251	171	200	238	201	219	136	149	193	183	164	177	159	152	179	178	233	186	286	222	153	133	157	157	150	152	131	128	157	81.1	55.2
176	232	231	227	190	179	190	186	205	177	180	176	196	187	180	162	172	193	266	241	216	217	184	169	200	215	239	211	225	213	208	209	171	198	221	235	212	194	191	180	192	226	245	201	214	198	222	227	296	265	297	261	280	274	319	334	338	413	388	371	403	372	276	253	329	316	329	344	367	410	365	391	375	322	344	324	329	301	273	261	283	358	301	243	242	278	312	389	358	261	228	226	249	216	212	135	160	215	196	180	196	172	163	179	185	188	204	248	236	151	159	130	136	139	154	177	112	127	121	45.7
149	166	204	251	219	217	229	204	159	159	156	199	206	180	207	219	211	204	252	233	211	200	212	195	213	199	169	156	176	196	209	208	212	237	227	200	215	221	200	199	223	225	202	231	266	244	227	273	233	265	309	309	271	338	347	318	393	443	344	321	394	437	367	308	305	407	359	367	388	432	419	385	406	296	351	398	449	323	257	253	319	326	332	285	254	333	335	414	424	320	292	281	235	247	231	174	189	224	190	180	206	172	175	186	197	199	196	233	252	193	165	128	124	129	147	142	106	78.8	96.7	52.3
159	186	198	224	244	276	262	224	177	127	141	198	174	163	145	156	195	198	202	182	178	190	180	180	185	183	150	136	177	171	194	193	217	243	247	165	184	271	219	228	264	284	281	289	354	361	290	306	260	229	305	312	258	450	430	285	309	323	313	382	436	554	492	384	408	471	383	396	369	421	424	410	405	328	366	413	445	292	235	252	320	345	329	221	232	249	252	338	297	317	263	232	226	241	189	173	170	200	193	181	166	142	165	164	178	199	228	404	317	172	127	147	162	148	133	96.5	109	65.8	83.4	76.8
214	218	234	217	195	251	263	259	188	173	154	140	165	193	130	136	178	141	145	175	169	176	182	192	178	170	180	130	130	171	197	219	241	228	216	174	168	177	196	223	254	286	223	293	312	269	234	276	303	332	264	323	243	300	357	278	316	324	286	401	484	464	486	408	449	408	391	420	453	393	374	369	408	391	390	445	439	371	279	239	245	324	328	323	351	345	325	262	303	291	238	198	204	239	162	157	173	237	194	204	169	145	186	163	180	217	254	309	196	153	151	191	181	176	113	110	95	68.1	91.8	89.4
241	211	220	235	211	183	182	205	183	178	159	172	129	110	120	167	175	124	143	156	151	156	175	173	164	152	153	143	127	151	181	256	262	244	204	191	200	176	222	267	281	269	234	292	249	267	211	219	216	293	235	256	294	314	379	297	295	212	211	345	493	371	366	353	377	395	443	450	370	391	373	305	375	405	423	447	517	422	354	267	283	333	388	359	424	501	464	383	379	317	235	184	201	177	172	180	205	207	206	182	188	163	191	176	190	199	209	309	209	180	202	184	176	170	98.2	109	125	122	70	65.6
307	239	231	236	204	164	177	162	200	132	118	131	159	144	142	129	156	155	152	177	157	169	177	174	163	132	139	162	134	134	155	199	248	276	246	228	223	209	234	260	302	287	270	334	369	326	317	210	213	251	186	231	291	421	372	266	254	211	209	304	361	360	362	326	437	439	464	492	430	316	314	317	359	388	373	413	513	457	408	467	297	287	320	281	337	464	443	383	384	302	225	162	184	181	172	158	157	191	232	231	239	236	189	174	175	185	195	204	173	180	113	176	180	157	132	140	142	109	77.4	54.9
253	220	234	267	209	173	161	146	144	135	129	119	130	138	146	143	145	145	121	133	136	141	137	162	153	139	131	118	120	143	174	192	174	219	308	275	253	192	203	188	228	334	286	292	325	308	380	307	302	246	277	351	378	405	381	338	310	297	272	283	289	327	364	348	446	396	398	480	440	265	261	356	392	384	327	353	419	429	444	369	252	227	302	300	309	328	313	258	239	189	240	145	163	169	138	173	179	222	282	249	245	238	182	181	222	187	182	188	133	126	150	147	140	114	93.8	121	108	102	74.3	53.6
267	239	283	251	273	210	153	132	126	136	137	137	121	117	129	151	154	161	149	148	142	150	138	175	157	149	135	110	112	160	208	185	210	227	266	283	249	190	157	162	231	398	325	288	347	455	287	295	298	259	301	362	384	337	343	337	293	319	305	301	302	340	382	411	389	337	319	385	387	326	275	352	430	411	349	321	366	352	380	289	289	295	327	338	382	246	190	205	178	186	224	160	181	203	136	173	190	215	265	258	264	216	195	201	215	198	198	246	174	127	167	118	104	97.4	86.3	114	129	97.7	67.4	62.2
264	316	332	310	266	227	194	133	118	111	137	128	117	121	107	185	182	195	201	155	165	171	207	194	185	182	169	113	109	160	190	193	196	189	217	245	207	194	196	201	243	244	290	279	337	354	336	359	305	297	314	362	381	360	341	291	298	303	295	309	267	273	353	373	358	388	317	316	293	328	274	416	418	368	380	364	351	315	323	296	273	290	292	284	386	284	260	203	196	191	211	235	277	224	137	173	190	227	232	293	282	223	194	215	203	179	171	148	158	126	114	112	106	97.5	107	127	216	106	72.9	88.2
229	280	332	390	378	263	184	116	90.7	89.4	89.1	95.8	145	191	158	186	191	281	251	201	173	179	172	190	209	216	170	122	110	132	157	181	201	201	215	201	213	231	255	239	242	224	264	322	340	328	452	443	373	324	312	397	404	380	409	374	343	314	322	287	331	307	310	380	452	435	352	332	332	346	263	363	462	423	381	475	392	292	305	254	243	303	328	285	252	222	224	207	221	187	196	219	335	250	174	197	206	227	238	259	281	245	205	207	190	175	156	124	149	111	89.4	105	108	104	100	118	128	107	81.1	85.1
155	180	229	287	249	196	158	88.8	83.4	76.6	85.7	125	150	228	213	213	236	230	261	221	183	198	168	189	200	215	199	164	166	153	154	235	248	248	300	278	308	319	322	340	382	343	375	498	457	455	473	466	461	403	350	400	507	483	495	466	426	417	463	404	418	400	465	347	463	462	413	369	271	237	252	285	360	395	371	302	332	285	286	249	246	276	283	238	210	186	219	218	212	265	203	207	181	196	164	206	284	289	218	239	264	224	222	199	168	148	137	150	177	100	85.9	117	127	118	116	137	145	141	129	108
165	173	204	238	145	118	113	111	105	151	149	159	175	180	176	186	258	280	271	295	201	202	179	166	168	198	205	187	195	192	182	245	260	265	261	274	306	299	312	369	420	380	374	514	436	481	553	553	502	414	398	409	463	472	469	506	424	413	476	454	421	368	485	341	402	463	464	301	287	278	264	288	334	330	303	312	284	276	284	255	239	290	280	259	204	202	217	278	218	246	221	167	195	187	154	205	299	221	212	245	228	206	191	167	139	141	117	113	129	118	88.6	128	125	158	127	143	146	162	159	127
206	191	196	167	114	105	104	115	150	205	277	196	216	271	230	245	280	282	262	261	244	196	191	188	160	171	189	189	207	208	200	255	265	260	288	272	292	324	330	379	467	493	426	453	465	420	461	524	513	398	422	484	461	462	360	444	424	406	467	455	417	404	493	384	359	410	408	387	306	278	243	293	326	305	273	271	313	287	280	256	240	251	296	257	207	214	231	271	239	246	243	209	242	226	166	209	228	197	197	245	231	194	160	141	118	135	131	112	144	157	96.9	99	113	136	122	159	155	147	139	167
161	179	173	150	121	101	103	120	220	324	313	233	232	280	341	316	327	327	302	261	286	235	237	272	190	191	185	167	220	205	219	289	296	275	271	277	308	356	370	424	408	425	405	478	421	352	316	519	475	394	406	449	465	411	329	381	363	362	493	482	423	382	421	364	297	305	313	387	334	273	237	235	283	268	318	336	263	272	293	258	283	222	246	236	232	230	230	314	302	257	249	225	250	216	254	230	202	259	246	247	197	178	167	147	136	147	191	159	164	153	116	114	125	154	134	171	141	151	138	131
134	134	135	131	100	86.5	89.3	94	136	192	297	337	301	303	369	418	392	377	328	286	288	247	248	237	258	225	228	222	238	273	258	297	306	323	340	325	379	392	441	502	448	386	384	386	419	395	445	508	608	457	391	448	404	325	298	370	364	388	453	489	416	364	353	335	346	388	354	356	337	318	275	236	250	264	289	326	260	271	367	333	274	238	261	282	256	282	290	254	303	376	318	254	299	290	302	337	219	208	250	246	230	203	258	188	181	184	191	175	161	145	134	124	136	151	152	184	148	129	133	125
145	136	129	125	119	115	94.6	82	87.4	124	220	266	457	426	542	469	544	435	447	327	258	289	314	284	302	262	273	246	250	306	282	306	313	309	330	384	385	367	389	439	405	400	374	399	366	305	342	443	516	547	471	378	411	278	272	305	348	431	398	373	394	359	352	279	256	321	332	281	272	272	245	228	205	211	249	277	316	287	293	289	261	229	228	238	249	280	309	319	331	260	261	257	284	314	287	268	212	195	246	285	209	210	214	200	169	164	169	171	169	162	121	134	143	149	151	249	181	130	130	131
140	143	144	126	132	140	113	77.7	85.8	118	165	164	257	271	311	322	383	484	469	353	276	338	304	280	295	254	249	267	255	294	262	331	313	313	310	348	347	353	407	428	419	399	404	449	385	388	344	402	434	486	515	409	406	305	309	311	382	384	383	261	246	298	313	242	222	242	263	235	225	251	217	224	197	203	235	253	339	344	304	253	252	257	260	223	230	254	278	293	328	255	233	233	220	271	239	202	234	264	353	206	201	188	190	178	192	165	166	182	172	183	118	120	125	148	133	175	176	154	166	156
127	147	141	122	130	149	134	102	94.9	125	154	157	119	123	164	233	256	315	311	277	309	328	321	264	264	260	273	270	268	283	290	306	314	314	298	329	334	352	394	456	461	411	420	529	536	508	488	418	346	445	435	436	314	298	341	348	488	464	339	260	324	335	307	213	205	210	240	244	197	217	254	213	174	174	207	291	354	393	317	269	277	271	284	210	214	252	246	257	303	257	263	229	187	223	212	250	225	244	219	249	218	164	162	164	159	189	187	168	170	187	119	126	125	144	146	173	149	163	154	156
105	115	114	88.5	89.1	112	131	108	98.6	86.2	104	103	87	81	89.2	120	173	193	222	226	243	247	304	299	260	284	287	284	282	332	286	320	308	301	278	310	325	352	354	437	401	408	411	574	620	560	544	465	349	452	390	396	323	303	371	337	378	375	318	346	392	447	388	224	189	197	201	256	248	261	239	217	232	243	229	252	321	288	215	225	249	262	289	223	203	214	231	248	266	297	293	203	167	215	226	289	280	224	197	200	195	182	187	201	175	216	208	178	184	187	160	161	168	173	180	197	164	152	166	139
99.2	111	125	101	98	84.6	117	110	95.7	89.9	83	97	82.4	77.4	86.1	92.1	101	154	247	212	177	211	278	297	314	292	271	300	305	296	279	315	293	279	255	312	314	318	330	385	423	400	403	516	575	681	631	489	328	447	281	340	340	289	335	284	346	375	293	300	399	419	376	242	201	192	197	212	191	202	213	207	213	218	224	207	225	260	280	223	212	220	242	232	237	237	223	213	268	326	274	200	180	169	183	214	215	230	198	207	246	250	196	194	185	193	226	187	170	178	190	188	188	177	190	248	198	176	189	158
113	118	118	110	93.5	75.6	87.8	97.7	91.8	82.2	78.6	81.5	67.9	63.5	77.6	101	93.7	136	216	230	224	219	277	273	299	331	304	296	304	295	283	313	332	271	258	291	273	268	294	346	390	361	375	454	462	606	545	488	413	395	386	324	327	355	344	262	293	401	384	354	317	472	386	243	222	191	221	224	228	235	299	247	225	230	233	221	214	225	269	223	214	233	249	220	229	248	211	199	226	279	267	205	164	179	222	212	230	234	177	195	238	309	262	208	195	235	256	206	205	196	210	234	201	184	166	246	269	210	178	157
83.8	88.3	91.8	82.9	77.4	69.4	72.3	64.4	63.4	70.5	83.3	92.5	79.2	65.9	60.7	84.9	84.4	90.4	162	209	268	238	225	226	255	286	322	367	348	298	300	311	352	279	264	297	255	256	255	290	331	353	374	445	382	440	434	442	310	332	491	386	253	341	407	291	314	439	408	306	298	358	365	279	216	192	189	222	243	229	270	245	206	228	202	194	211	209	179	223	218	221	253	210	233	205	200	225	199	219	263	211	184	172	190	205	206	208	202	224	221	270	274	204	220	224	226	211	260	228	184	206	221	223	199	248	244	214	193	172
43.2	40	46.6	44.2	50	44.3	42.1	43	38.3	45.8	48.7	77.3	67.7	57.4	50	55.6	58.8	73.7	96.8	190	316	257	252	235	246	271	317	338	373	326	292	290	308	302	308	265	257	289	249	324	356	360	371	330	314	308	286	288	250	252	282	273	249	276	319	297	265	326	295	325	279	283	260	226	202	208	249	206	217	229	218	225	226	257	213	207	222	202	172	274	270	210	208	212	218	216	204	215	210	195	234	264	254	216	211	228	258	259	246	242	236	262	262	234	260	285	290	260	273	237	240	238	262	250	215	190	163	182	171	190
28.5	29.2	30.8	37.2	50.6	29.2	33.5	34	34.6	37.3	36.7	63.1	65.1	58.1	42.8	48.9	52.6	69.6	94.6	133	254	288	256	240	245	273	301	338	353	338	295	279	301	301	282	360	352	357	276	316	379	375	359	322	288	255	245	250	244	260	258	255	245	288	333	295	330	309	238	263	203	204	228	191	220	225	208	206	216	214	241	234	240	208	219	236	275	230	240	264	280	199	167	184	261	244	193	201	211	175	213	263	270	224	254	216	196	246	228	255	251	260	248	240	239	258	285	294	271	233	247	257	287	254	238	189	140	177	173	185
18.4	17.2	18	29.1	51.7	27.8	21.5	29.2	27.1	33.6	35	50.3	46.5	47.6	39.7	46.7	47.1	51.4	68.8	104	161	296	311	237	235	255	289	380	386	316	286	257	322	264	252	308	345	328	375	319	334	341	345	299	280	299	317	269	244	244	255	222	239	308	340	325	266	255	209	222	238	189	205	204	230	207	204	198	223	265	268	262	290	201	207	267	310	254	271	285	265	207	170	187	197	240	208	184	192	204	215	238	218	186	259	261	209	230	252	275	252	264	264	256	244	238	256	266	292	287	281	282	276	243	247	226	201	206	242	208
24.7	13.3	12.8	13	13.5	14.1	17	23.2	18.3	22.8	30.9	47.7	55	48	42.8	40.8	41.7	49.8	53	75.9	135	169	261	224	220	249	256	321	385	398	326	246	287	230	266	275	259	307	329	334	343	363	384	371	293	281	342	261	233	226	260	221	247	302	423	364	322	260	209	209	226	191	188	251	203	173	202	247	291	277	276	233	241	257	273	205	221	289	288	274	239	210	176	169	167	188	193	181	204	191	205	218	192	219	218	228	233	243	273	281	300	353	297	315	256	282	302	283	303	316	295	293	278	244	256	224	223	248	258	235
7.78	17	15.9	9.73	6.71	6.52	6.82	8.74	11.5	15.8	25.8	40.9	43.2	52.5	63.6	57.3	48.9	48.6	48.7	50.3	59.2	89.6	118	189	200	192	202	298	335	390	402	367	281	242	288	311	258	259	284	385	317	281	283	280	236	235	259	241	227	222	237	286	314	318	349	304	279	264	231	255	275	243	223	226	196	193	189	210	223	203	220	215	229	228	214	170	171	253	279	266	320	195	178	177	169	154	190	206	170	188	227	243	219	251	242	309	268	295	285	300	311	295	296	326	322	340	371	336	351	333	334	321	313	312	284	243	314	336	284	261
1.5	1.65	4.63	13	12.2	5.42	4.11	5.51	6.51	9.45	19.2	28.9	33.8	40.6	58.2	69	50.3	51.9	43.1	47.6	54.3	46.1	72.5	134	135	122	159	197	171	214	376	390	305	302	340	317	336	309	278	327	292	259	241	225	224	222	226	214	229	217	235	229	248	270	316	311	285	273	249	312	305	267	266	189	192	199	211	223	205	205	226	230	265	215	191	161	151	160	188	227	199	176	199	191	193	180	198	216	189	258	254	269	258	232	238	341	335	342	298	260	287	294	336	361	392	376	358	339	353	355	341	342	345	360	346	299	327	281	306	273
1.46	1.1	0.995	3.37	3.33	8.92	11.8	6.86	4.22	5.71	10	24.5	28.3	37.6	45.9	64.3	53.1	43.3	40.2	55	61	48.4	59.5	90.5	83.5	112	103	91.9	106	134	232	365	369	370	327	351	366	344	338	292	280	246	239	202	205	194	211	230	220	205	242	270	280	256	296	335	308	326	290	363	289	246	244	227	224	218	211	219	191	198	244	237	228	186	181	162	173	196	170	198	185	215	248	253	243	229	165	194	203	226	234	262	241	238	228	228	272	271	285	270	259	311	304	360	361	353	341	350	354	372	394	382	383	351	311	292	295	258	320	333
1.17	1.29	1.12	2.73	2.53	2.66	5.37	13.7	6.29	4.87	6.53	14.5	22.1	25.8	37.8	56.4	62.1	56.6	39.5	45.3	54.4	58.6	58.9	44.7	64.3	134	73.3	60.8	90.1	107	161	303	397	405	309	373	432	368	277	257	295	274	224	193	189	192	205	204	214	193	246	239	288	303	305	352	287	296	305	330	266	187	231	258	272	262	257	192	178	188	214	205	199	182	186	154	196	192	193	203	225	298	259	276	269	195	157	173	199	222	232	259	252	251	275	294	312	304	337	307	284	293	312	394	377	339	372	392	368	370	387	366	368	353	299	298	336	283	332	390
0.3	0.24	0.9	3.78	2.99	2.73	2.58	5.43	9.24	21.8	11.9	9.93	13.4	17.2	21.1	42.1	62.7	66.5	59.5	57.7	55.9	57.7	53.3	46.8	63.2	76.2	53.2	50.9	78.7	85	97.1	135	258	386	293	306	401	344	280	287	278	249	220	193	185	181	202	201	175	164	189	206	237	295	268	301	266	255	292	261	211	185	203	204	225	242	271	197	148	149	186	173	172	163	176	178	248	210	254	305	291	350	353	230	260	274	182	179	241	220	201	262	245	278	246	301	321	360	327	336	344	367	379	383	371	360	400	438	408	346	363	360	372	355	322	339	329	371	380	329
0.27	0.45	0.45	3.72	3.09	2.56	2.23	4.26	4.38	18.1	32	7.81	8.52	10.9	14.2	32.6	52.7	61.1	59.3	59.4	53.3	49.7	42.9	41.6	49.7	47.8	52.5	65.8	86.8	93.5	86	92	122	162	209	220	304	248	220	234	234	243	235	217	191	177	174	167	152	175	155	163	202	277	304	261	277	225	239	241	231	175	157	163	188	248	246	214	157	155	168	130	177	181	277	254	216	178	237	410	352	321	387	265	360	311	265	202	209	194	213	240	221	195	270	278	338	360	338	331	344	348	383	364	381	387	407	401	424	374	350	367	370	374	375	370	360	349	366	328
0.27	0.3	0.42	2.48	2.94	2.78	2.22	3.78	4.11	6.67	22.4	25.3	11.2	8.23	10.8	24.5	42.6	48.6	45.8	43.1	66.9	48.9	42.5	38.9	40.7	42.6	43.4	59.4	74.1	85.5	98.5	98.7	111	105	96.3	119	147	181	151	171	203	216	237	230	182	170	166	142	145	166	179	186	209	224	237	257	235	202	224	238	206	173	141	142	163	185	173	168	141	147	155	135	168	180	197	185	179	198	220	317	331	344	278	300	316	347	273	216	220	190	223	218	250	241	241	335	344	268	271	307	364	337	286	322	350	379	407	404	426	402	361	353	386	366	375	346	369	378	380	371
0	0.03	0.09	1.96	2.11	2.41	2.34	3.95	3.93	4.41	4.35	11.2	20.8	6.52	9.19	18.4	26.6	34.1	33.3	44	46	38.2	60.6	35.7	44.9	39.2	34.3	38.3	46.8	70	95.7	84.2	90	107	89.9	77.3	84.8	111	115	150	167	193	200	181	171	170	172	155	149	173	240	214	180	180	194	234	229	193	212	216	182	158	146	153	142	182	135	134	137	130	147	132	142	156	187	175	166	186	201	345	418	319	253	298	348	320	360	290	295	213	265	252	233	302	282	304	300	293	271	286	248	245	289	300	344	411	417	397	400	364	364	352	395	368	372	336	336	368	383	377
