124	138	145	176	159	147	175	150	126	99	123	123	96.1	82.9	90.3	57.9	76.4	58.1	82.4	83	101	95.8	124	106	126	126	116	96.5	93.7	96.4	107	75.7	64	54.6	55.7	74.2	73.9	79.1	94.6	145	139	149	144	125	146	125	185	130	107	88.4	137	111	91.7	74.5	85.9	80.9	73.2	74.5	71.6	86.8	89.2	101	109	90.8	84.7	82	89.3	107	119	136	172	147	170	162	183	196	219	244	283	322	354	367	401	497	463	470	472	257	203	162	122	83.5	69.2	84.2	75.5	87.3	79.2	84.5	99.2	158	171	161	184	174	177	172	164	185	168	153	144	149	116	112	103	78.1	64.6	67.2	56	46.8
105	107	112	108	108	109	118	167	122	109	89.4	93.3	92.3	149	108	99.3	91.4	116	110	109	108	105	124	154	145	137	138	101	96.8	101	99.9	76.6	64.1	46.9	50.1	78	68.7	80.5	68.3	125	130	178	177	197	197	208	167	145	118	107	120	119	95.6	89.3	100	42.8	45.7	42.9	53.7	87.4	76.4	80.4	80.7	72.2	67.9	67.7	82.9	130	159	169	207	201	211	202	211	242	266	290	309	273	278	293	329	391	381	410	394	382	317	320	324	96.7	95	103	112	90.9	81.5	111	107	150	144	146	176	207	223	227	250	264	263	234	232	212	209	189	164	88.1	86.9	77.6	68.9	48.6
113	115	113	97.9	95.3	96	111	211	151	115	88.1	79.1	87.4	124	107	100	108	178	119	123	124	131	130	166	154	120	129	125	111	105	104	68.5	54.7	59.6	51.7	83.6	77.2	73.6	70.3	140	142	147	219	176	222	206	152	142	106	117	115	180	149	113	121	54.1	40.6	44.8	64.1	77.6	73.5	65.3	69	73.3	70.7	69.4	118	148	191	206	236	230	228	225	243	264	282	301	313	289	291	303	337	383	410	421	404	395	387	320	335	119	132	120	117	102	102	125	126	143	132	147	178	218	238	233	262	278	266	277	264	247	250	210	172	115	108	105	117	73.7
141	129	122	98.8	101	123	131	82.3	85.6	89.7	86.6	98.1	74.7	99.7	128	119	108	119	103	137	163	153	151	154	175	126	146	189	135	122	118	85.2	70.9	64.3	67.2	75.5	78.8	92.9	58.2	148	151	137	183	162	150	193	192	123	140	121	123	140	166	147	112	47.5	46.2	57	76	82.8	80.1	60.2	61.4	60.7	99.7	106	132	177	208	224	249	245	252	263	267	307	322	317	339	292	285	299	334	368	387	410	416	412	398	330	327	162	161	167	151	149	146	149	130	156	151	161	184	239	265	255	283	280	265	285	305	278	255	211	184	130	125	126	154	125
161	144	162	117	125	129	157	164	91.5	97	80	102	99.2	85.9	153	157	121	111	130	154	206	180	173	163	170	142	168	190	158	144	143	112	86	71.7	73.9	71.6	93.3	79.3	81.5	151	149	141	186	168	171	197	156	143	135	131	133	148	149	156	129	58.9	45	39.3	65.7	90.2	62.5	60.3	69.4	69.8	101	107	129	196	225	244	266	249	267	283	292	303	313	325	346	282	280	298	326	375	402	408	424	448	443	437	345	176	203	176	189	187	167	157	181	194	194	195	215	277	272	272	278	285	282	310	305	326	295	234	220	173	174	160	173	122
150	140	153	143	128	124	121	109	92.5	93	83.2	111	116	94.6	123	162	153	166	165	180	203	158	185	135	164	128	181	247	192	179	196	161	121	107	105	75.7	81.4	74.8	77.2	131	111	112	145	169	160	175	184	159	139	169	154	186	195	175	177	121	93.4	84.3	86.2	43.2	42.7	36	44.9	101	96.6	98.4	117	169	212	224	226	252	254	285	305	321	318	315	324	322	314	314	322	344	395	385	407	467	462	472	462	166	178	171	201	203	162	164	194	215	206	193	194	228	264	288	288	244	244	258	243	308	301	307	300	278	305	279	269	186
207	168	161	126	118	126	207	97.5	85.9	112	104	152	113	113	129	166	177	155	168	155	148	121	129	150	151	136	145	179	165	178	214	173	139	120	97.5	86.5	79.6	89.1	101	155	131	112	116	181	158	191	199	156	153	141	149	183	223	169	169	115	94.2	88.5	96.5	44.1	39	48	44.5	101	123	120	143	158	189	224	218	249	264	298	300	316	314	333	327	320	321	299	328	363	359	370	417	471	459	458	453	235	177	193	230	219	170	167	206	242	234	195	171	216	259	253	235	258	236	208	221	271	312	306	350	294	322	344	314	217
169	169	206	115	118	123	128	88.2	76.7	102	98.2	113	187	146	130	214	160	170	207	163	144	129	132	138	135	138	147	177	180	193	212	199	168	147	115	109	82.9	96.1	92.7	131	122	99.7	117	210	196	207	224	163	152	137	160	184	178	166	172	110	96.8	95.9	103	55.8	48.6	53.3	60.5	146	155	186	170	165	183	205	218	246	264	296	308	315	340	335	344	326	313	307	346	360	368	370	408	458	452	440	437	360	207	214	225	247	216	189	211	250	232	220	205	210	212	205	220	231	230	225	211	253	302	327	359	378	386	344	361	265
179	204	229	132	118	115	109	88.7	122	125	88	109	143	133	151	263	214	210	210	167	166	142	148	143	154	170	177	241	239	220	249	208	183	149	138	115	80.4	82.6	86.1	117	139	121	135	212	221	231	206	170	153	147	155	172	164	154	153	108	101	101	99.9	60.4	79.9	79.2	80.5	153	144	171	172	175	182	200	223	252	266	281	291	319	325	331	351	352	330	319	358	359	364	402	406	452	445	442	448	413	405	265	268	290	269	252	246	270	250	233	228	215	200	215	223	215	208	232	251	247	263	339	380	397	368	376	395	309
138	165	166	101	93.6	91	75.3	96.5	240	134	86.8	129	141	171	167	208	257	302	247	220	218	191	215	203	218	253	296	293	251	239	193	189	179	133	110	89.5	65	65.6	76.6	104	99.6	127	135	194	215	212	205	167	158	139	142	144	132	126	124	99	110	100	117	69	82.2	96	113	146	137	137	142	149	151	171	183	210	210	225	246	296	295	301	319	359	331	310	337	324	331	350	350	389	391	414	424	435	439	356	363	265	255	227	221	199	206	199	168	172	154	169	169	199	170	169	210	188	193	240	323	259	273	356	378	327
113	120	110	96.3	101	92.1	132	113	122	169	125	185	146	202	178	192	231	248	243	244	231	195	212	213	279	311	351	267	278	213	183	197	158	126	109	84.4	87.1	74.8	76.7	111	109	117	139	202	188	175	177	148	146	153	143	153	134	126	123	107	117	107	123	75.3	90.8	112	140	132	135	148	150	153	160	169	175	196	192	202	225	243	288	300	296	278	286	311	326	361	332	327	322	377	401	426	443	446	422	328	362	271	271	236	209	212	196	195	181	184	177	187	215	225	188	169	186	171	196	261	294	231	262	316	368	333
109	127	127	103	102	121	108	103	108	150	146	211	188	204	226	212	236	232	251	263	260	226	245	201	216	276	340	240	220	221	200	178	148	117	113	77.2	71.2	77.8	84.5	106	98.3	124	151	180	162	136	136	135	140	155	146	155	149	140	136	115	115	120	147	97.1	107	129	134	143	141	164	180	168	159	154	158	175	185	198	214	271	283	314	268	242	278	293	330	361	345	331	318	350	340	371	394	448	427	446	354	303	258	256	218	215	266	257	225	195	159	193	240	245	203	196	192	173	200	217	287	256	273	262	322	311
128	178	135	166	132	91.1	72.2	99.4	111	133	158	238	231	243	287	279	245	260	280	288	276	285	278	264	296	300	342	269	275	224	197	197	153	127	117	83.5	77.7	79.1	83.7	115	94.6	91.6	111	147	133	112	113	135	133	137	141	162	145	146	152	131	121	130	149	113	123	135	147	165	169	184	203	172	175	173	180	210	192	210	217	258	273	271	262	262	265	285	325	348	317	294	308	342	340	346	384	458	460	462	363	345	302	292	272	293	336	309	248	206	164	192	192	247	232	231	210	170	179	230	262	243	268	285	334	301
134	150	145	218	150	82.3	89.1	214	206	225	254	248	213	259	252	187	199	200	235	275	256	296	310	297	341	357	368	357	318	292	312	166	126	121	105	97.6	76.3	68.9	77	115	103	103	109	135	118	110	107	126	129	136	143	168	137	131	141	146	119	131	149	155	189	221	242	192	229	187	202	187	175	171	186	191	168	187	198	243	254	254	244	313	335	347	322	351	360	324	334	328	337	359	380	402	406	437	338	316	310	316	349	303	328	295	202	153	143	149	147	176	218	185	171	189	183	201	237	224	229	250	274	261
114	144	161	244	198	91.8	84.6	214	230	248	277	247	221	240	264	208	177	178	209	260	238	259	332	291	275	334	370	353	299	250	245	159	126	121	103	111	95.7	80.3	80.5	105	109	112	117	141	121	123	109	128	138	134	139	141	129	126	132	148	134	139	156	162	191	226	279	211	226	196	213	188	193	184	217	190	174	181	186	236	274	288	291	320	301	259	283	305	329	337	364	333	326	337	387	397	390	418	366	321	304	331	347	292	293	282	230	156	163	136	154	239	258	195	179	167	197	210	202	181	200	242	255	258
151	140	171	124	101	102	136	226	245	247	281	261	261	222	258	196	193	205	212	272	245	290	356	260	328	397	423	395	288	244	228	157	131	124	113	115	103	95.1	89.1	126	127	131	134	160	148	128	117	131	146	138	146	125	122	131	131	137	141	154	178	179	209	235	287	211	215	232	225	194	191	180	187	183	187	198	210	192	207	216	324	332	262	270	263	262	281	276	291	304	304	339	377	380	379	388	462	347	325	373	370	320	311	288	225	154	133	116	131	193	180	179	165	172	200	206	230	218	196	238	271	236
180	149	170	137	110	124	210	266	272	295	325	277	298	295	300	168	208	218	233	314	280	267	318	290	298	366	363	388	295	245	177	163	149	135	119	131	127	101	93.8	153	178	165	216	194	174	141	114	144	147	146	173	127	142	161	148	151	155	174	211	198	221	275	327	216	219	228	236	203	188	197	190	181	218	217	209	194	210	213	234	267	258	228	243	244	268	275	251	304	307	336	370	371	375	390	451	354	334	375	382	365	312	272	204	173	162	130	137	175	171	167	170	178	199	216	292	240	215	263	347	262
218	210	223	193	189	187	236	265	251	271	251	269	247	258	248	212	225	218	248	253	251	264	314	399	357	321	364	254	239	188	175	160	141	144	167	149	157	149	127	164	162	170	176	197	198	169	167	172	163	161	143	161	154	226	180	193	214	222	269	217	215	236	247	242	225	249	250	220	198	214	222	218	257	240	257	255	278	275	263	257	236	240	223	219	238	282	278	314	269	281	322	313	338	376	429	455	361	363	385	303	279	266	227	217	225	222	191	212	203	171	171	164	188	193	216	219	214	255	348	375
171	205	200	185	226	228	220	244	231	250	247	262	285	270	227	230	214	191	229	226	234	263	299	352	306	295	353	209	215	177	166	178	177	152	155	197	181	153	186	160	174	165	172	200	200	198	203	180	181	155	149	196	160	199	246	231	233	271	304	229	232	229	248	232	228	234	253	216	198	189	208	237	248	204	263	332	330	306	255	258	231	191	231	226	239	261	262	245	266	255	272	326	335	391	433	469	478	381	389	330	273	261	238	245	248	294	259	243	224	181	188	215	231	244	208	213	200	231	307	311
167	200	285	250	330	363	278	234	227	261	281	299	307	277	237	196	208	180	215	238	231	266	308	399	296	294	337	234	248	188	192	171	179	157	156	230	213	173	212	179	170	158	171	220	219	217	263	207	245	180	161	203	194	213	248	260	281	328	369	274	270	265	307	248	244	229	377	265	217	206	228	252	227	227	263	298	346	327	321	279	266	270	241	238	225	251	250	254	264	257	258	353	384	434	490	465	482	463	410	363	275	263	275	277	320	337	294	303	248	223	251	242	211	230	231	231	172	212	283	263
221	210	264	296	300	369	359	273	289	289	315	302	320	290	237	186	166	191	256	241	246	317	378	378	297	268	285	197	222	236	233	203	190	157	154	204	205	172	203	177	176	167	179	242	211	237	278	251	253	183	161	226	239	252	324	309	348	419	518	379	370	341	333	282	279	263	311	263	244	233	236	258	288	273	261	286	279	321	394	251	266	317	276	213	196	193	222	232	230	247	271	334	359	430	447	530	461	478	513	409	349	294	301	363	370	387	414	394	329	329	313	251	220	218	241	226	183	225	243	238
211	218	205	293	296	372	380	305	292	245	301	443	351	333	304	227	206	235	293	305	274	299	339	265	257	214	291	223	210	242	308	297	210	168	161	156	159	171	208	159	156	144	148	189	185	190	207	261	214	209	220	289	277	276	319	387	435	438	470	440	447	432	430	375	341	385	351	281	259	263	272	245	249	236	229	227	258	207	228	266	277	252	259	253	225	217	229	238	249	266	300	363	427	485	504	531	498	509	542	534	506	456	452	426	399	376	379	341	320	301	279	254	207	199	215	190	187	191	179	164
262	226	229	348	346	401	393	307	233	235	282	384	331	341	299	268	246	257	311	312	288	278	293	227	202	202	216	204	218	236	258	251	190	168	163	171	166	182	211	163	159	149	147	187	189	184	210	255	235	221	248	324	314	296	356	396	387	396	446	347	406	388	444	422	367	338	347	267	251	243	269	245	233	229	226	192	176	180	218	284	232	223	223	224	225	209	218	238	268	276	321	366	394	440	452	456	458	461	482	538	510	514	484	467	427	369	381	341	336	299	289	266	219	209	170	179	193	177	165	166
236	252	254	350	419	399	417	297	257	319	318	384	323	324	345	269	266	262	278	280	299	281	291	233	206	196	237	235	215	236	273	303	207	203	173	165	174	210	245	191	184	156	150	205	197	213	229	279	274	266	284	355	346	320	379	397	374	438	457	346	352	408	449	409	407	343	340	279	276	255	282	258	255	246	251	201	193	189	271	324	269	247	212	215	217	219	224	240	295	279	319	344	369	386	432	441	447	420	413	508	539	468	451	454	412	423	410	362	357	310	268	262	223	205	176	196	187	171	171	158
255	271	295	354	421	423	423	304	282	272	344	390	343	321	369	280	280	228	271	247	275	264	278	239	211	195	233	255	247	259	306	332	248	236	204	219	211	238	295	224	216	169	172	211	213	229	275	391	369	342	381	409	351	351	405	409	400	438	464	360	391	442	455	402	425	404	357	324	347	321	288	306	330	294	239	221	278	205	272	321	298	247	223	223	247	283	250	259	280	282	313	348	390	414	443	429	429	410	412	515	465	451	473	461	431	425	416	379	336	344	347	341	253	227	264	216	179	160	181	177
270	286	276	330	356	308	289	391	318	333	393	337	343	308	311	280	237	232	253	256	251	239	235	211	196	209	222	319	325	289	303	280	242	254	223	235	237	219	268	201	184	180	177	222	210	195	211	355	337	329	334	401	333	313	335	368	376	400	448	344	371	415	435	355	312	296	284	314	353	333	292	265	256	266	234	250	266	241	265	295	249	228	267	221	194	204	203	236	289	312	317	378	362	362	421	386	385	385	394	384	371	379	385	394	380	355	368	299	302	324	331	334	322	323	324	309	297	291	289	169
295	327	310	322	294	293	290	417	370	338	386	354	345	310	252	243	236	245	264	281	262	241	206	204	201	222	244	314	294	288	320	299	254	251	249	259	266	216	226	183	178	188	178	240	230	219	220	320	327	324	327	390	316	329	358	368	343	404	456	358	384	450	402	356	341	287	307	318	295	271	294	265	237	249	215	256	271	257	257	311	262	247	262	239	182	186	214	225	266	305	312	338	367	362	369	372	384	411	410	377	383	372	380	359	345	337	347	328	294	296	300	355	350	339	341	310	306	300	293	170
341	434	436	367	285	293	293	381	395	341	366	333	335	311	251	243	262	262	270	268	278	245	226	209	202	220	247	319	309	314	366	317	279	271	254	259	312	212	179	201	204	209	210	277	253	254	244	324	321	337	360	448	388	398	404	449	417	403	445	369	344	399	421	367	366	302	308	309	276	233	237	272	269	237	235	299	274	262	276	295	268	251	257	241	213	191	231	217	271	284	333	327	307	346	372	377	383	454	439	378	393	378	371	380	368	352	372	363	349	348	303	349	343	346	360	344	341	313	297	207
403	446	455	423	328	288	281	350	353	369	373	322	337	308	247	283	323	294	286	261	268	251	245	243	217	215	239	334	335	352	348	300	297	299	295	300	299	220	212	202	229	233	244	282	286	323	280	352	351	363	395	450	393	426	456	491	431	416	439	327	295	321	399	355	339	316	275	293	285	269	249	257	267	254	246	281	278	282	289	322	283	252	244	240	239	207	242	233	246	267	326	350	343	333	402	430	419	462	456	436	415	405	410	405	397	386	398	391	369	352	322	360	352	345	369	397	352	354	336	236
396	397	410	399	345	338	334	271	298	327	299	314	341	305	309	339	382	307	307	261	240	262	244	265	210	224	242	262	309	304	275	266	273	267	309	289	309	305	300	258	260	285	303	343	312	338	312	341	322	320	342	410	377	398	413	401	398	394	414	376	378	374	374	409	390	376	372	390	364	335	325	333	316	303	300	314	288	289	273	247	244	244	263	248	241	227	243	276	256	269	283	345	365	394	450	418	408	460	517	492	455	397	389	356	364	378	376	343	331	334	350	381	376	374	389	379	379	364	337	296
396	379	355	368	325	300	274	309	311	264	271	349	294	297	320	320	310	308	286	228	232	318	265	270	204	208	211	231	289	301	285	242	239	253	283	308	296	300	314	282	257	276	279	329	340	332	315	327	337	330	338	414	388	418	426	398	398	411	420	393	392	383	396	391	372	411	394	426	422	364	371	357	348	335	317	309	301	278	260	256	245	249	273	261	240	218	222	251	274	270	269	328	374	393	432	403	392	426	435	451	425	422	406	409	400	447	378	354	324	322	340	402	384	384	388	375	382	381	345	301
342	339	338	386	342	323	282	308	344	294	252	350	330	352	390	382	365	325	302	262	278	316	272	264	202	202	199	213	248	305	304	269	256	286	305	304	302	284	305	276	276	276	280	338	340	303	283	307	307	322	323	403	403	410	438	418	398	378	413	438	428	403	405	394	408	425	421	451	437	390	388	378	366	361	330	327	322	322	330	262	245	242	282	253	263	232	251	248	273	254	300	330	344	377	432	402	396	410	422	473	419	402	398	375	379	354	344	340	338	326	344	412	419	417	410	389	423	402	379	340
320	309	332	401	321	315	292	324	301	301	286	412	389	423	416	404	401	355	360	310	297	297	324	297	225	219	222	245	260	305	339	324	303	319	299	280	291	296	291	291	300	298	296	318	337	316	278	309	327	321	338	408	411	414	445	450	410	400	412	431	444	451	442	386	406	421	411	428	445	415	402	381	375	419	377	369	346	334	288	265	256	247	270	253	276	271	313	240	273	241	269	317	341	383	419	393	433	412	431	465	458	458	379	365	366	362	393	367	355	364	383	432	435	435	428	431	426	400	368	342
275	274	305	360	312	281	276	297	290	287	331	337	332	337	357	368	339	299	324	337	301	264	310	288	210	202	187	219	271	341	382	375	333	336	334	286	303	295	329	297	320	325	307	322	343	345	323	314	316	363	367	388	345	339	354	376	371	392	409	430	424	440	453	386	383	400	405	415	410	360	363	379	370	369	385	368	337	322	309	325	319	264	274	273	332	310	271	251	264	264	282	337	341	374	458	433	397	428	454	391	451	448	532	398	359	372	375	372	341	378	365	394	415	417	430	375	336	345	345	336
250	259	266	330	300	303	277	280	275	287	279	310	317	347	358	337	293	297	308	345	276	246	263	262	226	194	172	222	286	342	385	387	357	336	334	316	300	298	311	314	346	346	344	363	358	387	356	355	344	359	340	372	364	359	367	386	350	388	394	418	377	407	404	361	359	384	397	371	337	398	368	412	396	390	391	367	355	344	322	320	299	281	238	225	227	287	294	268	252	259	263	293	274	316	443	420	383	395	442	386	394	375	430	466	370	335	351	366	378	336	367	421	426	402	397	363	327	327	336	333
250	243	258	328	275	269	268	253	279	319	277	304	312	351	367	324	298	300	309	331	275	271	251	243	259	234	201	258	298	313	376	379	354	351	349	331	315	306	323	348	355	350	348	349	360	386	379	372	374	403	388	417	412	402	395	387	363	374	386	360	383	442	413	368	346	362	377	350	355	352	379	396	392	386	386	376	349	377	324	309	276	286	257	248	236	250	251	249	231	236	250	264	290	326	408	362	396	406	371	336	344	359	399	407	452	404	334	349	364	377	401	415	414	405	390	363	346	342	320	342
278	298	263	342	298	261	294	289	295	350	256	347	359	381	404	368	341	310	317	362	309	338	324	234	220	211	230	261	304	321	369	319	315	349	365	347	341	336	363	365	365	359	372	388	401	413	379	409	400	432	423	458	437	416	419	418	399	392	391	379	403	428	416	357	351	379	382	405	393	400	381	386	401	389	383	381	370	322	324	336	309	305	298	248	233	227	245	230	228	238	283	302	285	321	357	331	344	343	391	369	348	370	388	445	382	339	331	319	335	384	468	424	393	426	391	362	345	335	323	344
249	275	268	313	294	281	309	288	288	282	293	367	390	397	423	386	388	355	336	350	329	345	345	241	219	201	232	276	293	418	434	295	312	338	414	357	370	364	384	363	371	407	415	423	413	405	394	374	373	404	414	418	409	410	411	395	358	386	365	326	340	390	425	350	324	346	337	367	369	431	381	361	358	354	326	342	368	321	292	315	294	270	280	296	258	246	245	220	225	246	260	304	269	271	328	337	367	401	512	348	371	405	450	455	417	387	335	315	296	310	344	388	377	352	347	313	313	275	273	250
231	250	261	319	286	288	323	297	319	293	333	384	402	416	437	367	385	350	339	378	404	378	380	297	244	227	283	323	286	269	294	285	280	336	371	348	351	344	357	364	383	410	420	434	426	419	391	377	389	394	406	418	409	416	412	398	360	359	387	367	330	395	423	389	325	375	375	382	384	375	377	383	372	353	334	320	352	319	304	312	287	286	247	264	232	270	237	208	244	242	232	251	243	244	297	291	296	366	418	285	294	339	367	370	329	347	314	287	272	281	307	308	302	284	297	257	264	261	261	230
248	234	264	339	319	319	343	326	363	375	381	435	444	430	442	361	338	364	335	366	418	390	341	354	312	313	354	369	423	332	258	279	282	310	340	332	337	335	354	364	380	407	454	424	426	425	411	421	408	414	412	419	412	413	445	414	392	375	379	358	383	391	429	379	349	350	331	374	397	386	373	385	360	344	353	331	345	352	389	346	278	261	230	249	213	216	250	225	290	242	243	234	216	201	229	257	257	310	366	285	293	313	309	298	301	303	324	272	263	273	268	274	278	284	279	250	232	239	231	220
294	280	252	339	331	333	369	390	372	368	390	449	452	439	446	396	383	363	360	372	417	389	384	398	372	402	359	258	327	429	356	330	318	352	379	349	346	354	355	374	386	407	416	423	420	425	422	452	415	418	420	436	415	412	435	438	399	400	406	386	394	397	411	393	360	368	381	414	399	403	413	423	387	362	345	331	305	314	359	344	316	315	259	221	205	203	238	228	236	227	231	231	218	192	208	231	251	264	370	308	303	286	281	278	306	272	247	242	254	258	275	267	254	262	254	234	224	222	233	217
247	303	245	258	256	278	387	402	380	402	450	465	451	444	446	445	442	428	428	415	421	428	423	440	445	451	445	391	372	416	394	400	396	363	378	299	294	324	361	382	390	412	432	419	397	386	406	413	420	424	431	431	415	404	429	446	413	419	420	373	367	385	398	401	393	386	391	445	425	447	445	434	390	379	387	326	269	267	303	267	250	326	219	151	138	167	189	223	278	211	214	207	169	151	164	177	181	195	230	296	301	267	273	210	216	202	184	217	231	215	240	207	203	186	196	201	211	208	214	209
245	254	329	287	259	264	305	356	373	404	426	453	444	432	439	441	440	424	424	406	437	436	407	433	431	413	433	407	428	418	422	382	354	350	379	317	300	313	369	398	381	418	431	415	411	414	414	430	421	414	393	423	379	404	412	440	402	393	390	348	366	376	358	307	332	353	379	439	407	423	410	385	372	362	364	313	282	261	244	208	227	254	234	127	120	163	165	215	252	186	178	159	138	132	147	159	155	173	217	220	225	262	220	213	249	181	173	198	200	191	205	195	211	188	171	181	184	196	200	192
266	362	289	307	268	270	276	336	367	394	395	444	445	429	429	456	443	423	429	418	391	377	403	425	394	397	428	423	408	417	416	380	422	417	413	350	347	341	364	410	394	419	436	419	385	397	405	431	413	416	423	425	394	382	405	417	402	353	381	391	383	351	315	246	290	280	349	427	399	391	401	383	356	368	356	300	300	244	236	198	196	279	175	140	124	142	162	172	195	192	185	170	137	144	140	152	168	177	201	194	188	243	192	187	198	170	178	185	194	194	207	178	199	176	166	173	171	181	199	188
261	317	335	408	313	305	353	348	341	359	387	436	439	413	414	442	430	427	433	421	407	395	373	413	424	439	422	439	431	423	450	390	399	420	409	397	400	399	418	435	424	436	462	402	398	384	351	363	385	408	406	399	402	389	365	407	365	337	351	429	377	354	277	262	276	267	301	414	384	394	402	382	372	373	341	346	320	264	236	191	172	145	144	164	155	187	170	197	197	202	201	145	136	156	155	165	204	173	197	200	174	194	196	160	161	165	185	190	198	188	189	171	164	163	162	161	166	173	189	186
328	321	361	385	405	395	369	413	377	400	428	405	403	403	370	426	408	412	434	433	389	389	320	273	326	342	304	283	292	308	351	333	338	367	346	340	377	404	424	426	411	429	435	358	354	352	305	335	338	362	325	312	309	335	332	360	383	362	390	398	401	356	294	302	296	212	215	330	339	340	384	393	355	353	366	312	306	272	242	218	180	135	165	133	201	176	212	184	182	178	176	159	165	135	141	140	129	121	115	176	161	169	186	208	207	194	187	180	185	173	160	146	136	123	129	135	147	146	166	170
323	336	351	380	398	408	345	367	381	414	394	419	403	385	369	429	420	394	434	416	402	374	345	278	257	235	264	236	264	293	338	330	339	351	372	353	366	347	399	414	425	441	437	398	361	341	333	347	320	300	285	274	265	280	310	365	388	400	403	409	423	292	268	357	292	259	251	317	257	264	321	355	324	326	332	257	287	287	232	252	163	155	256	122	146	155	201	183	161	159	183	177	189	139	144	121	131	116	108	139	151	174	168	186	194	172	170	172	170	178	163	127	112	102	126	134	120	123	136	150
311	360	372	371	420	379	352	340	338	341	373	421	376	363	328	418	414	394	409	407	416	344	353	285	221	192	222	234	228	342	275	318	342	333	319	348	373	382	412	439	420	426	428	427	410	379	380	342	284	279	294	298	260	271	279	285	307	384	420	400	393	373	391	323	241	265	243	326	253	230	253	340	306	301	291	232	279	255	212	251	203	160	169	189	192	179	194	241	205	160	178	203	170	159	165	125	120	128	109	143	152	156	162	183	189	164	174	163	154	158	154	115	114	122	141	109	111	113	116	130
318	359	384	347	374	361	328	325	329	318	311	365	399	332	322	404	415	380	392	417	469	393	381	265	201	206	221	263	226	218	286	287	310	313	332	405	401	420	413	437	423	408	413	434	412	398	375	321	278	286	307	278	278	287	329	334	352	373	439	420	439	378	317	293	219	277	271	299	285	252	303	366	337	328	286	234	226	227	203	250	207	188	173	178	206	173	171	266	218	202	270	206	178	158	159	126	128	139	112	139	145	145	148	146	162	158	160	153	149	158	157	128	143	127	137	115	109	116	110	129
274	288	293	306	340	311	310	295	296	289	269	294	313	316	359	418	414	415	416	407	431	390	389	264	259	298	321	289	217	210	222	309	322	359	393	412	414	424	426	433	438	436	425	410	417	400	393	270	238	297	351	391	357	369	413	449	437	429	430	338	379	296	280	358	301	315	311	358	339	292	336	375	347	372	399	235	267	261	287	238	250	247	281	246	270	209	204	215	160	191	284	203	161	155	138	107	117	110	115	139	148	157	160	156	161	149	149	135	154	137	142	111	105	82.9	77.3	89.2	92.1	98.4	89.2	120
262	270	298	314	291	263	266	265	276	307	260	281	295	321	344	414	405	399	401	389	382	327	287	240	262	264	293	238	193	248	221	279	301	363	348	390	404	405	427	444	430	438	439	428	411	370	378	325	232	310	337	355	320	388	414	429	402	425	398	347	290	341	307	343	339	243	230	307	277	323	340	344	296	306	319	312	270	259	304	242	375	291	276	239	274	192	182	204	163	148	203	165	149	169	141	105	117	122	110	144	141	159	174	153	151	147	152	156	170	141	142	120	93	76.9	65.5	92.4	95.9	93.5	84.3	115
279	288	284	247	237	246	244	254	258	269	263	289	287	317	336	401	400	398	389	342	355	348	304	231	213	232	240	219	204	267	288	278	307	313	336	370	406	407	417	439	438	441	433	415	406	370	379	278	253	312	317	337	308	333	348	299	295	371	326	315	312	295	242	325	350	277	288	371	292	346	382	288	285	253	284	278	269	303	303	279	355	329	285	254	241	217	183	171	162	144	169	153	135	151	158	114	133	135	129	146	146	159	164	155	164	159	173	167	152	141	142	141	117	94.5	91.8	120	131	123	96.6	117
305	287	289	257	251	256	229	232	247	256	278	291	290	314	337	406	398	389	376	358	335	331	318	261	238	232	226	239	224	271	294	335	339	330	339	381	418	427	432	443	445	436	438	440	415	355	384	288	255	243	234	286	290	282	239	243	260	267	246	252	305	281	254	228	251	286	288	311	288	413	433	348	294	232	242	343	401	443	415	274	334	363	302	388	336	264	248	162	263	161	172	157	142	156	156	138	143	130	167	160	148	165	175	179	195	168	170	177	175	161	155	135	134	104	89.8	112	102	95.9	110	118
346	385	336	304	230	226	224	224	227	230	241	283	294	335	357	391	374	349	327	372	357	351	325	316	323	299	270	300	328	308	322	385	389	372	404	422	465	440	466	449	468	422	425	369	359	341	335	295	258	271	320	348	293	298	341	354	359	287	314	311	280	317	293	244	222	248	287	352	331	388	403	366	292	298	305	390	429	485	455	363	345	370	341	258	229	313	214	116	172	212	219	141	107	122	134	130	138	133	150	162	177	184	192	221	219	183	177	188	169	165	175	150	174	158	143	158	145	132	141	156
286	303	288	263	247	214	207	241	230	237	232	267	311	331	345	378	329	340	325	358	332	324	318	299	342	303	290	331	361	316	310	376	320	335	398	407	459	465	439	477	434	420	393	313	307	339	330	242	267	266	294	310	323	281	251	319	292	255	293	253	252	270	264	250	220	255	288	296	328	344	392	281	256	292	375	429	391	427	447	300	410	449	280	225	232	224	264	123	102	144	223	170	122	112	142	131	166	159	178	167	178	189	195	196	181	196	179	183	167	170	189	173	174	165	166	175	148	145	148	170
274	280	268	233	244	228	213	240	235	236	233	260	304	323	343	380	363	337	329	373	362	349	324	301	318	270	248	294	311	310	307	333	334	372	376	393	406	434	456	427	420	398	377	317	311	386	376	277	248	293	363	324	282	247	242	329	274	250	262	264	251	255	264	280	261	245	265	295	287	276	321	299	279	296	359	418	401	390	444	383	413	439	375	258	200	257	267	208	206	160	184	160	141	134	111	159	158	209	213	197	194	194	190	183	172	174	183	202	183	203	210	196	210	171	188	168	158	180	147	157
265	282	263	222	230	219	205	243	244	241	252	278	298	286	311	346	330	318	315	384	365	306	301	294	287	278	280	301	334	325	283	317	332	361	370	387	402	405	420	406	412	388	380	329	336	374	409	272	286	307	365	391	313	268	295	333	292	272	248	233	258	242	244	261	243	237	294	361	341	321	366	366	317	317	307	375	317	411	455	358	334	370	400	276	248	224	328	239	249	220	174	168	135	128	134	139	163	204	233	187	205	211	198	189	202	194	186	190	196	224	234	247	203	179	193	164	159	161	138	159
263	251	228	206	173	181	209	296	300	301	340	321	338	306	335	356	315	321	325	314	305	267	264	258	256	251	294	278	320	345	315	368	384	383	387	345	357	373	408	369	350	355	383	360	347	362	378	371	352	343	342	303	329	336	378	269	243	232	192	177	193	244	236	235	251	255	324	372	357	364	399	410	398	392	389	422	392	426	440	405	360	450	450	359	377	274	254	219	287	219	209	194	172	161	175	166	172	222	232	188	192	197	193	210	203	189	174	169	178	226	288	272	261	214	179	176	169	177	196	175
244	246	221	199	145	150	221	300	305	312	325	317	312	322	310	345	331	314	304	280	272	248	255	239	248	252	266	252	270	303	301	368	351	408	366	328	333	355	374	363	312	318	343	343	362	354	324	345	355	376	368	314	289	278	340	259	199	202	171	162	159	240	251	259	272	256	300	334	308	357	390	412	405	376	392	435	355	341	363	362	377	385	317	233	228	190	200	162	135	172	209	159	183	164	183	164	171	196	215	178	197	180	185	191	199	188	171	159	178	236	272	256	221	216	210	174	174	186	198	146
313	258	221	167	164	204	214	302	300	294	295	311	296	325	310	315	316	295	265	265	256	261	250	231	236	247	243	259	266	288	306	402	346	331	316	304	322	322	315	306	295	289	304	308	328	319	298	317	362	374	357	292	367	330	306	290	224	181	191	158	142	161	222	251	243	265	280	311	306	383	395	399	402	398	398	432	350	333	356	277	308	337	304	184	188	151	147	152	139	142	181	176	209	178	188	176	193	201	193	174	187	183	187	191	176	166	172	180	166	200	233	240	209	196	192	167	158	183	154	129
236	230	199	186	178	181	189	255	278	292	282	291	290	295	284	269	269	273	268	263	253	231	235	253	234	240	243	283	292	293	315	413	331	319	331	316	373	322	311	294	284	291	314	297	296	297	279	285	348	362	344	267	305	296	251	256	184	171	168	153	146	173	198	277	274	274	273	343	351	374	413	405	391	390	409	454	399	366	373	331	331	332	286	273	241	150	148	184	212	255	182	194	217	194	206	187	199	203	214	170	176	205	213	212	176	163	161	214	198	189	254	230	196	197	179	167	162	170	153	122
202	221	206	219	203	203	211	239	277	259	250	240	275	293	287	296	308	317	393	330	302	283	323	238	239	293	320	271	266	281	292	325	323	324	313	338	345	285	254	304	345	264	297	365	309	312	344	333	296	309	272	205	259	263	260	234	179	177	184	160	152	181	222	288	299	304	305	293	316	299	397	356	296	276	361	324	309	305	292	362	316	372	331	222	224	216	179	184	182	234	254	174	232	201	214	232	226	238	236	190	173	192	206	220	176	159	147	174	168	184	214	182	180	171	173	177	185	165	178	170
197	200	188	212	238	268	240	208	215	220	318	234	237	241	258	271	267	281	308	284	282	278	281	234	240	259	301	319	317	289	318	338	298	292	301	290	296	315	270	234	246	263	303	325	291	285	330	358	335	278	249	175	230	287	298	210	191	179	201	176	179	197	235	290	348	335	309	318	313	292	334	357	308	267	293	332	327	323	303	336	356	347	303	214	185	195	194	186	148	171	182	159	205	207	204	226	217	209	213	173	168	167	198	216	153	149	128	145	156	187	176	165	146	126	148	148	157	139	146	166
199	191	194	206	241	235	223	206	190	201	231	221	211	231	247	266	247	239	257	272	266	254	257	253	242	259	275	303	289	304	355	377	340	296	307	288	305	327	296	320	242	251	254	316	323	294	325	374	365	327	316	197	196	310	336	198	180	166	176	170	191	204	224	275	314	345	339	322	286	265	307	362	305	279	254	274	341	363	315	363	348	392	306	236	208	190	195	162	162	165	205	169	206	202	229	202	205	207	204	169	171	180	213	211	165	162	133	131	141	155	175	137	131	128	137	135	131	143	139	170
229	193	193	208	230	233	239	210	199	199	196	217	192	214	255	262	227	213	217	272	258	236	253	251	238	269	282	280	273	312	315	361	351	326	318	323	376	412	336	351	328	304	280	318	306	330	352	379	351	356	349	226	173	215	254	206	174	175	184	196	277	216	254	294	298	340	341	339	262	268	313	317	330	335	300	259	307	292	297	320	401	364	350	292	223	212	220	209	209	173	253	187	231	214	212	188	200	222	193	158	150	164	174	195	141	139	152	164	155	163	175	168	143	129	129	127	136	147	157	159
317	329	299	216	184	184	187	209	201	186	198	222	228	224	241	210	204	192	204	194	197	188	221	216	196	208	218	238	283	322	337	374	342	282	275	356	335	366	335	325	328	284	245	275	316	278	266	300	288	302	320	272	238	240	269	201	188	192	199	207	233	244	289	361	319	349	401	334	328	363	408	291	304	301	279	228	249	256	231	299	318	344	374	375	337	349	363	213	173	156	150	145	146	150	149	183	189	207	171	175	173	180	169	163	166	160	195	237	204	223	225	210	159	141	140	163	165	168	176	136
346	347	356	275	217	188	188	226	232	214	207	214	223	260	249	224	202	191	193	203	191	202	217	197	256	246	251	232	292	361	361	397	363	339	311	329	294	324	325	314	300	298	275	284	285	273	286	300	287	289	289	300	301	250	255	202	186	183	205	208	209	252	288	339	355	349	390	346	385	398	409	325	281	277	246	209	187	221	236	310	278	304	426	371	347	418	323	199	153	160	148	150	153	156	178	176	168	181	172	173	167	160	149	151	163	167	185	208	222	244	222	177	142	154	130	144	146	151	133	115
400	394	393	362	243	223	240	276	261	243	186	208	213	230	259	250	220	205	207	208	218	213	205	181	223	229	211	231	290	349	351	376	387	337	364	332	254	285	332	343	298	326	301	294	305	324	335	302	303	304	297	304	304	333	296	237	207	196	195	200	219	244	256	335	378	374	385	395	412	403	404	306	280	277	245	190	181	203	224	297	307	306	372	386	353	371	346	185	146	136	151	132	132	169	167	167	157	158	148	157	174	162	154	158	158	164	178	219	266	263	205	160	156	153	120	146	139	144	139	123
396	402	446	404	326	312	298	384	330	298	295	245	214	218	234	235	218	200	207	217	211	200	197	161	176	197	229	323	330	334	340	383	395	386	307	340	323	382	348	376	363	353	319	313	338	347	385	336	311	311	315	302	296	320	316	276	250	233	254	253	260	277	284	342	389	379	396	417	415	416	417	319	299	300	280	244	212	245	225	279	320	343	341	393	372	367	350	170	151	159	144	123	177	198	177	195	155	142	133	156	170	167	167	170	167	175	198	213	229	228	244	156	155	151	123	151	143	130	154	131
250	287	351	310	305	283	266	310	323	295	285	241	233	229	222	224	217	217	237	216	211	196	194	160	192	223	264	228	310	283	278	281	277	374	352	332	303	304	348	279	267	269	270	330	345	353	394	368	358	363	378	305	285	330	328	266	255	247	271	275	272	273	282	308	361	353	388	316	286	320	311	281	285	295	268	235	221	192	199	236	232	249	223	294	287	260	300	198	177	178	172	123	163	164	190	155	146	144	145	172	180	156	165	196	210	212	225	235	216	244	245	170	147	129	125	132	132	119	122	137
226	237	274	281	262	242	233	296	309	290	293	260	247	236	226	235	209	216	231	203	213	218	212	166	199	263	360	235	315	265	258	236	200	288	318	324	286	269	266	268	249	219	259	314	307	318	339	377	374	363	385	321	306	320	327	312	251	234	264	281	260	286	307	341	306	320	345	289	274	244	271	280	305	311	277	244	215	163	174	228	249	230	233	310	292	268	270	208	193	186	175	115	131	147	147	151	157	135	151	233	209	180	162	175	183	200	199	208	188	196	219	172	143	129	123	126	129	120	121	131
245	257	256	258	254	247	242	327	319	324	317	315	295	253	254	269	249	247	230	197	202	235	219	182	198	226	331	246	258	206	295	243	239	228	289	346	345	222	225	251	267	243	226	302	306	291	313	368	409	373	377	342	315	288	269	249	239	242	302	313	265	298	326	327	308	287	336	347	302	255	240	257	259	270	281	235	202	184	163	207	226	221	246	315	308	277	273	213	210	214	182	146	143	121	114	136	135	125	133	204	208	188	175	177	169	201	196	216	170	181	225	162	137	130	129	131	133	132	139	142
276	304	271	256	291	257	251	346	337	323	352	325	322	305	286	321	282	265	264	214	250	226	253	211	266	235	293	209	217	234	324	288	289	256	266	339	340	261	287	289	244	263	246	287	282	291	327	359	374	379	380	361	330	288	265	254	251	244	273	370	346	333	349	329	315	293	298	247	271	260	250	258	268	277	274	254	215	191	175	202	207	216	238	349	334	299	289	211	198	190	187	120	121	107	117	154	142	126	131	188	188	160	194	189	165	209	170	179	153	207	200	161	131	127	144	137	125	134	140	155
194	202	190	169	178	167	170	221	250	303	355	390	350	356	366	391	350	314	283	275	257	277	303	210	252	253	199	179	192	215	243	256	225	215	105	125	198	90.9	140	244	283	278	325	233	204	214	264	307	313	373	317	291	279	280	279	215	225	224	261	317	320	336	362	322	326	270	273	244	243	245	246	258	257	268	274	225	191	167	185	223	229	238	265	308	283	275	267	203	207	199	196	161	158	154	126	163	159	143	171	211	194	209	228	200	194	198	185	153	144	147	170	149	133	119	125	120	120	120	121	147
163	171	182	168	155	149	157	207	201	234	301	377	422	410	378	389	397	328	307	280	260	283	286	229	224	201	203	164	185	207	193	193	145	112	89.2	92	151	106	188	204	257	225	263	222	221	201	231	262	298	348	287	275	271	266	255	252	250	233	244	248	272	277	329	312	341	295	261	250	268	247	259	255	263	278	272	201	172	178	176	230	236	232	256	280	253	267	249	202	199	183	176	160	150	181	142	155	138	161	180	197	207	260	272	191	180	178	192	145	126	132	130	138	143	121	154	119	118	117	114	128
158	160	158	150	152	154	156	204	205	212	244	290	289	318	339	381	365	330	308	286	311	338	299	217	207	213	217	144	160	192	183	154	137	181	150	156	162	107	205	275	261	233	198	208	231	229	280	246	220	250	290	284	252	231	254	316	268	232	244	266	265	281	339	326	288	290	266	272	269	272	283	260	261	303	286	196	170	172	173	214	228	228	247	262	243	243	244	227	209	192	180	178	155	135	142	147	169	261	199	217	222	218	240	182	184	162	157	129	122	123	132	140	144	126	120	115	113	114	114	124
154	147	142	147	130	137	167	200	209	226	243	260	243	246	249	350	327	338	301	301	319	328	309	268	185	195	227	160	156	227	201	128	93.7	151	210	211	138	92.4	132	298	317	301	280	242	276	278	239	207	198	191	218	261	233	218	220	283	266	276	266	364	331	359	349	300	272	280	306	279	255	279	349	273	231	246	255	205	184	190	173	232	227	214	259	250	246	223	240	218	193	199	187	238	189	152	150	141	154	245	205	243	221	209	218	195	182	158	144	115	124	139	143	140	148	132	124	110	112	114	121	127
137	144	141	131	130	120	128	127	118	117	120	135	120	125	127	162	190	258	249	286	273	286	312	277	264	282	331	202	154	126	162	159	123	159	197	256	240	148	169	182	281	298	274	307	292	292	261	187	154	133	152	133	157	148	146	192	223	227	233	304	345	392	399	275	249	258	268	256	280	306	268	245	207	224	234	162	168	162	179	244	208	186	214	219	237	228	263	236	163	161	174	245	194	151	132	137	141	179	177	193	168	154	166	159	145	141	128	109	133	127	135	162	160	151	147	123	123	121	123	120
132	137	143	129	125	126	124	116	108	113	110	115	107	109	98	127	130	179	227	259	255	268	327	300	257	279	323	282	163	122	122	159	140	142	162	197	166	141	153	173	258	324	321	256	196	197	333	233	196	143	108	117	141	143	130	172	178	191	208	303	353	389	375	294	252	297	253	274	263	254	244	199	202	205	200	154	142	143	203	212	215	210	216	214	176	176	223	218	159	172	188	221	194	147	124	145	144	159	174	174	164	163	182	147	132	146	124	110	132	144	134	162	165	166	158	137	136	133	124	124
137	138	136	126	126	127	125	123	107	99.1	98.7	102	99	98	97.5	104	110	152	164	276	270	264	288	260	292	331	293	295	176	118	133	175	174	193	189	214	170	172	164	210	249	275	294	264	243	204	256	197	255	144	112	114	118	124	131	155	150	163	192	286	344	341	341	291	277	266	268	290	266	244	242	200	188	219	197	143	124	147	139	198	178	179	190	198	162	173	178	182	167	160	166	188	205	144	130	152	149	147	166	180	159	155	154	138	134	146	126	114	120	134	138	165	171	167	160	147	148	134	125	123
141	149	140	132	131	134	135	126	116	109	104	80.4	75.8	73.6	67	92	94.5	106	128	255	282	229	264	264	360	330	265	233	191	146	157	210	213	236	236	234	168	153	156	271	282	296	298	249	248	206	175	122	140	118	91	129	141	105	112	145	153	153	176	288	365	393	353	269	258	264	301	262	267	252	222	195	185	189	206	183	186	155	178	223	166	169	179	198	195	207	213	189	184	173	178	217	218	203	174	167	159	167	172	175	165	158	153	146	142	139	127	118	123	124	137	175	184	180	159	153	145	130	127	123
131	157	172	112	111	118	133	128	111	103	89	59	54.4	52.7	56.1	57.2	53.7	57.1	94.3	182	235	241	274	272	234	203	207	179	136	138	178	200	225	225	222	188	186	214	282	281	299	363	414	235	211	195	154	75.1	59.8	86.4	54.4	105	90.3	62.9	88.1	129	120	161	186	194	195	310	244	191	202	247	284	273	228	272	284	226	218	203	217	207	173	177	199	202	177	140	148	211	213	239	256	208	211	231	209	209	218	209	223	179	172	176	182	177	164	174	157	133	135	139	123	122	134	135	144	155	164	159	167	176	158	142	139	130
94.7	111	121	118	126	104	111	130	108	92.6	83.8	54.6	47.3	46.3	45.2	44.4	43	49.7	55.1	149	174	175	231	234	230	205	188	141	140	122	186	199	265	306	261	232	176	195	270	301	292	324	367	227	239	182	144	67.1	65.4	77.9	93.6	94.4	80.3	84.5	110	124	118	164	184	175	167	232	258	161	199	193	209	240	215	228	245	243	253	223	185	233	139	126	167	151	177	167	166	205	224	226	187	175	190	197	235	220	206	211	222	197	176	168	177	163	156	165	153	132	125	134	140	128	137	146	151	152	158	158	175	164	148	142	133	130
60.8	70.9	88.3	95.3	143	89.5	102	138	102	90.5	79.4	54.4	42.8	40.3	38.1	38.3	41	40.8	47.2	110	152	209	216	202	204	176	161	143	215	202	314	279	209	233	286	341	314	242	220	305	303	301	327	245	171	168	164	78.1	89.8	109	81.8	107	110	106	96.6	125	106	131	165	203	205	238	275	146	165	148	160	224	224	223	236	247	231	250	194	149	132	96.6	157	199	178	165	164	208	205	227	276	187	186	204	227	240	214	195	213	186	170	164	165	168	166	153	161	137	127	126	126	136	139	146	153	148	162	152	153	148	138	136	131	128
50.5	50.3	63.5	85.4	76.3	76.2	80.1	137	99	89.1	79	58.5	48.5	45.3	38.6	39.7	48	45.4	46.9	100	179	160	252	203	211	189	159	123	123	183	279	219	125	190	220	354	349	270	202	202	249	193	282	235	142	136	108	79.2	116	111	102	91.8	119	101	96.1	112	124	113	155	263	224	281	274	156	145	137	160	198	211	248	267	266	243	215	193	125	153	140	146	158	203	182	145	183	204	213	221	185	190	174	177	221	214	200	202	177	168	168	172	157	151	147	150	153	125	131	133	137	137	151	153	154	155	148	152	138	135	131	132	129
12.8	12.7	13.3	56.4	55.1	58.3	67.5	86.1	84	80.7	94.9	56.2	64.1	41.2	45.3	48.2	44.9	46.9	43.4	55.1	73.1	100	110	175	156	171	150	145	151	233	366	229	163	114	106	175	155	132	131	79.3	83.5	89.9	123	131	116	140	137	129	131	190	170	148	143	161	121	112	150	148	182	156	147	179	157	194	184	155	122	163	186	182	238	240	232	177	169	125	130	120	147	192	191	188	162	198	142	159	186	163	159	192	177	205	205	196	199	196	188	181	174	153	142	137	146	139	129	127	133	142	149	153	154	147	144	143	142	128	120	113	106	123
12.2	12.5	11.3	48.6	47	47.2	50.1	66.8	73.1	65.1	74.5	52.7	45.7	40.3	37.9	39.2	41.8	35.6	37.7	45	48.5	51.9	73.1	128	120	123	136	151	146	159	238	430	241	122	114	127	132	122	101	78.3	67.5	67.6	85.5	67.5	72.6	115	127	176	170	187	244	219	163	203	131	113	121	113	152	144	139	162	148	164	175	138	140	127	142	152	178	242	226	180	178	115	128	135	136	205	206	190	212	185	158	141	223	183	148	165	157	186	185	229	202	196	192	177	172	160	147	135	142	140	128	124	136	157	153	157	155	140	143	134	129	103	122	111	98.1	116
11.1	11.3	11.2	43.9	41	39	40.2	60.6	56.3	60.8	54.2	60.2	47.2	38.2	36.3	38.5	34.1	31.7	32	34.6	41.2	39.8	57.5	134	104	108	123	129	162	149	185	248	236	237	217	175	170	138	121	84.4	70.1	65.8	60.7	51.7	43.7	47.9	59.5	170	187	273	337	249	207	220	178	145	132	113	142	141	132	219	252	194	118	78.6	97.5	139	142	158	191	186	166	171	183	133	95.8	81.3	98.4	180	190	164	189	141	123	126	196	169	167	173	192	184	184	180	175	186	184	186	173	157	142	174	145	142	132	125	135	161	163	160	159	140	139	133	125	105	108	112	96	99.5
11.3	10.7	10.2	39.2	36.6	34.2	32.9	53.5	49.6	44.6	47.4	44	43.6	35.9	30.5	40.8	34.9	29.1	29.5	38.4	37.9	40.8	39	75.3	91.5	159	129	122	121	137	193	238	261	260	241	202	246	252	219	143	110	88.8	74.3	57	52.5	45.7	78.4	199	212	260	293	252	234	256	264	150	131	119	140	125	112	146	248	217	134	105	145	211	180	190	220	190	162	157	161	158	110	93.5	115	225	210	180	144	174	181	162	196	178	181	162	154	173	161	157	159	185	189	167	154	148	155	152	147	139	141	141	136	163	176	163	157	138	136	138	127	103	97.2	99.2	91	91.5
0.0603	0.151	0.422	33.9	31.7	29.8	28.1	43.9	40.9	37.3	39.8	33.3	29.4	47.3	56.7	52.4	47.6	43.3	47	53.1	36.9	40.5	30.9	29.1	41.8	63.9	55.6	72.2	75.5	106	161	239	236	225	231	176	264	343	323	149	185	125	120	114	105	114	186	217	246	251	322	310	263	263	296	161	175	126	116	137	121	122	241	258	162	144	92.8	109	138	219	353	129	130	133	166	156	99.6	100	120	159	201	173	139	151	203	183	160	163	157	154	154	138	134	135	128	143	156	159	148	145	143	161	158	138	139	158	166	187	179	157	156	141	144	131	115	93.4	82.7	80.1	79.7	93.5
0.301	0.0904	0.121	31.7	29.5	27.3	25.1	38.5	36.4	33.6	27.2	22.2	23.7	25.1	42.1	62.2	42.8	41.9	48.1	58	38	39.3	35.4	16.1	21.8	27.3	35.7	57.4	79.4	103	119	195	181	206	254	197	186	196	163	99.4	90.8	122	118	114	105	104	124	164	212	270	299	304	247	250	213	182	177	145	137	132	126	118	152	185	136	121	71.3	96.8	123	200	249	108	97.5	106	139	124	106	99.7	116	141	141	151	150	191	175	125	127	157	156	137	130	141	135	135	126	137	142	148	144	147	136	149	150	140	136	148	155	164	169	157	161	137	141	132	109	87.2	82.2	81.7	74.5	90.9
0.783	0.392	0.362	27.5	27.1	25.7	23.6	35.7	35.6	26.5	21.9	18.2	15.4	20.8	21.6	95.4	58.5	51.1	48.1	78.7	44.2	35.2	34.2	11.3	12.5	19.1	29.7	45.5	61.6	86.1	97.4	204	155	180	225	157	146	149	116	102	69.6	72.2	74	94.6	91.9	87.5	240	258	159	211	285	293	294	302	223	181	185	155	172	156	127	125	116	140	107	86.8	65.8	83.6	114	161	196	101	90	102	145	104	84.1	90.4	135	139	125	164	135	156	195	139	134	153	148	132	122	139	143	128	116	134	139	148	148	149	137	142	143	140	143	153	164	183	173	166	163	144	148	136	107	88.1	86.8	84.6	80.7	96.9
0.482	0.301	0.121	27.4	27.3	24.8	23.3	36.3	36	22.7	21.5	14.8	13.8	13	17.2	69.4	64.4	69.7	70.2	87.1	60.1	47.1	30.8	14.8	9.62	11.8	14.9	38.9	57.1	77.4	113	177	187	199	220	169	135	115	103	76.3	45.8	47.6	52.4	79.7	207	180	204	141	137	173	238	269	304	276	227	144	185	179	175	159	151	130	127	131	125	94.2	74.2	86.7	90.7	112	174	97.9	106	93.8	181	188	108	106	128	126	119	152	139	158	163	188	158	162	144	128	129	134	131	128	117	135	135	151	139	143	144	142	143	142	154	167	169	195	192	189	165	156	146	145	116	107	85	97.4	88.3	106
