8.83	7.1	3.06	7.99	7.08	3.76	3	4.9	14.4	10.6	20.6	20	18.3	20.6	25.4	38.7	38.4	27.8	14.8	23.4	27.6	32.6	45.3	72.5	62.3	89.3	56	33.2	30.8	26.6	23.2	15.8	26.5	20.5	22.5	21.7	11.5	28.8	84.4	112	144	121	110	141	228	320	320	196	172	167	141	164	157	92.7	79.6	90.9	112	120	199	250	288	244	242	202	254	255	226	286	278	267	245	237	227	251	243	171	179	203	208	216	246	277	297	376	351	355	393	312	290	303	290	222	245	216	211	238	261	262	261	263	255	241	246	209	212	217	243	256	207	179	226	232	228	276	317	337	336	280	288	287
9.87	6.36	12.8	13.9	6.71	11.7	8.8	8.66	16.9	14.6	16.7	18.9	17	15.8	24.8	30.7	26.5	31.7	34	26.2	31.8	52.8	70.5	86.7	83	154	86.7	72.5	14.2	20.5	8.18	14.2	21.5	13	16.9	19.7	26	39	72.2	133	155	219	214	194	247	299	309	259	209	199	137	120	65	69.7	37.8	72.5	90.1	112	198	208	196	232	207	190	232	249	265	278	240	252	251	186	144	190	132	138	178	210	166	236	208	282	321	464	431	470	448	425	328	300	304	260	271	299	318	301	305	277	257	251	228	201	221	236	232	252	250	275	212	198	227	215	261	295	325	351	351	342	452	371
9.82	12.5	14.7	8.23	6.64	11.2	7.54	8.44	18.7	14.9	22.8	21.4	23	33.9	53.4	44.5	36.3	39	39.1	51.1	39.9	39.1	79.1	148	149	136	86.7	107	14.1	14	17.4	23.7	33	27.9	35.3	35.5	45.7	63.3	82.9	122	146	164	195	256	281	238	258	282	252	205	192	90	66	69.6	36	59.4	64.9	114	176	194	218	255	225	161	251	231	258	239	186	175	190	177	225	203	159	162	195	260	223	271	329	394	393	494	497	511	477	434	458	311	303	247	242	295	364	337	370	288	283	272	274	260	275	287	284	237	230	239	266	266	260	256	279	309	369	405	411	394	405	322
7.72	7.28	12.5	13.5	19.1	13.6	3.31	9.78	26.4	18.8	11	18.3	26.4	40.3	53.8	61.1	50.7	50.3	71.1	77	51.7	64.4	103	217	197	120	112	84	30.4	27.5	39.1	61.5	65.4	47.6	56.2	61.9	100	110	104	125	147	135	215	270	252	208	224	219	177	151	88	55.5	52.3	42.5	35.2	41.3	48	96.9	148	228	223	216	193	208	260	259	247	172	123	137	201	239	267	306	301	281	279	308	327	350	358	395	396	453	438	472	499	465	435	327	290	219	221	263	328	365	323	335	287	343	326	315	286	322	266	223	241	223	204	228	260	290	322	330	422	458	391	328	355	288
10.2	7.84	12.6	14.6	35.2	21.9	8.83	10.7	28.7	24.4	17.4	31.2	32	32.3	44.7	37.8	76.9	53.7	70.2	82.8	74.2	101	112	177	226	162	110	105	71.7	42.9	79	118	140	147	131	101	106	137	144	157	192	182	218	251	229	218	194	184	172	97	77.9	45.2	43.9	33.6	33.6	30.2	38.1	46.5	106	199	230	184	219	225	272	215	180	207	257	227	302	331	334	376	366	338	326	350	393	404	401	424	405	418	425	433	442	445	433	419	317	255	244	259	287	322	303	304	294	324	328	335	310	265	250	243	227	214	232	246	310	362	326	289	310	323	353	348	390	296
14.4	14	13.4	14.3	31.2	32.5	30.8	21.3	48.9	41.2	23	13	16.5	25.2	45.2	51	65.9	86.1	99.7	87.6	90.5	86.7	82.2	123	195	129	92.6	87.1	77.5	63.1	78.6	89.5	112	139	117	96.3	89.3	131	133	179	173	171	200	250	206	194	211	151	82	33.6	38.7	43.9	47.3	40.5	27.3	13.3	33.1	39.5	109	156	121	157	169	203	238	185	224	251	250	246	300	308	328	345	417	361	332	378	461	444	418	412	344	342	359	352	373	445	412	374	376	262	270	265	357	343	340	299	286	301	312	306	297	261	264	247	238	234	251	253	294	289	248	235	237	233	279	355	342	261
24.9	39.9	20.8	16.8	22.7	40.9	24.8	27.6	47.1	52	26	14.7	26.3	45.4	59.4	61.7	87.6	87.2	109	119	124	138	115	141	121	148	99	97.3	85.9	101	117	116	122	155	109	113	87.3	129	127	133	141	175	174	168	177	194	235	113	48.6	29.3	32	26.9	37.3	32.6	27.6	23.2	36	47.6	103	155	184	207	211	187	236	234	281	260	243	283	339	302	334	354	390	421	415	413	427	389	355	340	330	382	395	412	378	399	415	411	397	323	303	306	357	349	341	306	330	352	316	335	334	287	271	264	239	236	231	238	261	239	220	228	249	234	287	345	297	249
60.7	38.5	34.8	27.6	38.9	55.7	60.9	67.1	74.9	73.1	53.8	38.1	42.1	49.8	68.7	59.8	77.2	102	106	106	143	149	136	142	91.2	119	101	81.3	83.2	125	138	118	153	162	121	125	137	130	116	147	140	158	163	140	164	195	188	76.7	38.2	39.2	53.3	49.6	24.6	21.8	19.1	30.5	35.9	70.4	121	225	248	238	216	199	243	256	264	300	349	341	376	357	297	354	416	436	457	423	407	390	386	372	351	364	376	376	418	422	421	425	463	471	375	382	423	380	355	381	376	372	363	387	400	331	299	275	226	218	217	236	252	222	214	168	208	253	260	249	226	218
41.8	23.1	37.9	54.4	50.6	106	106	74.9	81.2	75.2	56.8	46.2	58.9	50.2	91.5	75.1	90.7	147	111	119	138	156	132	183	166	137	115	122	132	189	169	154	179	184	155	169	151	133	112	95.2	103	132	144	164	178	159	115	50.6	34	57.8	77.7	51.9	24.9	16.5	26	33.9	36.2	66.3	109	169	200	180	204	218	278	286	262	347	354	322	305	281	321	327	382	386	402	444	412	416	431	319	297	336	359	417	429	439	448	470	476	477	475	404	418	421	472	429	401	374	343	383	359	311	261	265	241	218	213	206	207	218	197	158	237	228	248	219	209	229
40.6	48.7	116	92.3	81.2	91.4	96.2	58.4	61.4	66.6	70	54.8	102	90.1	137	73.4	116	119	127	92	125	117	132	201	160	117	115	177	154	143	146	160	154	180	160	146	122	111	75.9	53.1	74.2	110	102	132	166	131	58.2	50.3	49.1	74.7	85	45.7	28.8	35.2	41.4	29	40	40.7	57.6	69	92.3	95.6	158	213	243	229	215	291	315	280	252	274	273	269	279	393	409	480	477	399	417	331	318	362	419	435	438	444	474	470	481	532	546	409	407	429	446	391	392	334	347	370	324	249	243	215	218	203	190	198	208	227	211	199	232	237	252	246	276	263
63.8	80.7	120	135	102	87.2	121	123	117	110	104	79.2	151	141	174	61.4	100	112	141	117	103	119	124	178	158	151	138	179	142	134	144	136	206	177	156	144	130	99.7	66.1	42.7	61.9	90.3	87.7	98.9	96	88.5	65.5	79.6	53.5	65.7	50.4	34.7	36.7	38.8	32.4	24.7	43.6	65.8	85	77.8	93.5	119	184	231	238	269	257	306	312	314	260	278	264	252	250	332	326	371	368	381	375	321	340	390	430	445	442	456	460	467	476	479	475	316	314	353	380	348	346	317	324	276	253	210	207	189	172	156	173	178	181	183	175	175	237	257	246	298	325	261
75	113	91.9	104	101	124	181	175	157	133	145	111	112	148	166	106	150	138	181	166	113	114	135	166	138	189	174	160	152	144	151	162	173	136	127	142	110	95.1	63.3	43.3	63.7	60.5	81.5	90.2	97.2	57.2	64.3	66	53	38.5	36.6	40.8	36.4	42.6	32.9	28.2	35.7	60.9	105	115	119	129	177	210	259	335	349	359	351	319	321	301	262	209	186	247	311	341	353	383	381	367	377	387	418	426	438	431	427	466	465	444	429	429	299	329	316	349	339	272	269	242	207	193	195	159	120	132	136	154	158	153	142	159	220	248	257	270	302	363
49.7	71.6	147	110	119	162	197	214	158	153	169	128	143	181	254	164	156	156	171	139	110	107	123	153	143	149	213	151	160	189	180	194	229	158	147	143	119	93.5	75.3	54.4	63.3	66.9	90.5	79.9	85.1	74.9	71.6	53	47.1	41.3	57.5	40.4	40.2	39.5	45.1	51.6	35.2	58	94.1	120	142	150	169	222	281	328	369	385	395	391	335	312	330	252	222	245	313	311	332	385	437	422	450	440	389	361	362	395	400	425	449	437	422	340	281	308	321	304	321	285	269	237	206	198	173	138	150	157	167	204	176	171	142	135	225	241	265	318	280	304
53.6	55.9	95.2	154	149	151	225	175	150	151	190	151	235	199	196	166	144	172	167	142	126	163	181	158	130	114	227	176	158	195	164	185	179	133	145	111	113	80.2	80.9	86.3	72.3	102	98	118	97.5	80.5	78.4	71.3	63.8	44.9	36	44	46.6	45	48.6	46.8	27	43.6	79.4	77.4	106	145	158	217	260	300	342	281	302	315	302	275	265	236	218	273	349	366	379	416	455	464	464	424	397	376	347	395	407	395	418	415	357	399	304	322	343	312	349	316	305	261	234	187	178	160	161	160	183	193	163	136	136	164	208	227	189	181	219	244
65.1	79.3	92.5	162	182	226	248	243	273	212	204	185	215	185	189	167	179	221	232	183	167	163	144	165	128	141	196	198	237	238	180	161	128	101	82.9	91.5	126	108	110	121	127	130	137	159	135	130	116	67.6	57.4	44	44.4	48.5	38.8	58.7	52.7	49	46.3	74.9	98.2	86.1	98.1	126	203	217	276	280	280	242	234	192	229	240	213	172	166	255	356	405	429	458	462	445	425	375	338	355	335	372	383	333	327	308	310	381	274	269	328	311	322	324	326	335	279	180	172	189	187	187	207	192	179	144	160	157	177	194	154	178	213	225
202	103	146	171	240	289	293	255	312	307	311	269	204	215	196	169	173	217	303	250	175	137	154	189	139	189	178	262	255	230	203	185	155	110	89.1	116	153	164	160	126	137	153	162	136	127	145	120	66.4	60.4	45.8	42.7	44.5	43	61.9	72.4	70	61.3	99.8	128	114	89.4	102	189	269	240	199	239	209	160	137	152	232	215	169	115	175	235	348	426	454	436	334	320	313	361	353	340	347	298	344	345	318	280	311	305	245	287	277	276	292	268	337	291	189	182	182	222	204	186	167	185	145	139	154	165	163	153	174	193	239
255	183	149	182	237	301	442	321	326	328	361	243	263	266	210	178	182	193	229	215	181	192	265	194	211	224	211	224	194	221	184	168	160	118	119	124	112	159	119	123	151	147	179	182	129	112	119	83.7	81.1	89.1	72.7	58.6	58.2	89	75.6	69.5	96.1	127	144	138	134	116	164	201	186	199	229	182	141	124	149	166	139	176	134	170	216	284	406	425	422	322	303	291	367	338	309	298	294	373	324	284	241	307	289	241	252	254	285	288	275	287	278	202	190	161	179	183	181	181	174	177	177	186	157	166	149	173	210	214
141	125	99.6	171	207	226	294	229	282	273	289	257	241	230	215	265	255	181	158	195	201	202	283	242	332	363	220	253	208	209	191	155	175	161	169	157	150	144	121	157	169	188	189	177	119	76.9	87.7	74.4	96.3	125	131	93.7	119	114	99.9	58.8	93.3	128	137	134	109	119	162	154	139	144	165	130	123	106	109	84.2	69.6	116	95	222	268	234	335	381	376	312	345	328	323	405	317	309	292	317	365	313	236	284	273	356	246	224	210	215	273	296	295	249	238	220	243	159	184	182	193	168	159	222	200	185	181	176	186	199
130	154	153	204	213	230	240	347	339	306	280	260	247	246	221	253	258	267	163	158	172	186	304	238	300	317	287	271	238	253	211	202	182	163	159	191	186	222	188	225	250	283	247	186	112	72.6	81.2	89.5	91.8	120	141	135	137	133	92	84.5	109	130	105	127	118	127	183	132	131	178	195	156	141	96.9	97.3	93.1	76.8	90.7	118	267	240	218	255	301	330	421	462	338	289	357	415	334	340	327	306	291	265	271	315	426	281	261	250	261	241	267	298	293	288	257	234	176	178	198	220	165	150	176	194	182	184	185	182	208
171	287	310	254	181	217	301	433	399	322	284	280	232	209	251	235	216	237	249	206	198	254	252	235	273	316	242	247	240	250	216	259	270	210	188	220	237	249	274	359	372	409	345	209	110	73.9	86.3	84.7	112	125	115	132	121	138	113	141	160	145	132	161	142	184	183	204	229	223	195	142	105	93.7	123	113	83.6	90.3	117	205	190	248	283	289	293	414	437	286	302	318	368	349	310	399	318	247	290	312	416	448	443	381	327	316	277	277	303	273	301	299	283	187	196	195	212	178	171	177	208	194	195	181	167	173
201	330	202	317	251	283	362	330	395	330	321	310	267	299	248	257	270	238	287	322	305	377	220	183	226	221	250	313	295	284	246	291	292	219	210	283	303	312	288	344	343	400	354	192	137	125	110	105	104	109	122	106	111	134	144	191	187	183	142	154	169	147	193	218	233	189	200	157	139	118	136	134	109	120	122	184	244	325	257	243	267	325	294	241	343	347	454	407	308	311	245	239	333	357	414	449	418	420	457	332	329	394	352	289	302	311	336	194	199	219	211	192	209	180	168	160	153	142	145	173
254	320	221	224	184	272	294	288	327	296	264	267	356	321	330	282	293	267	266	354	278	273	260	239	284	272	279	327	362	308	272	276	251	178	196	305	328	304	280	292	294	318	270	217	179	162	140	128	105	110	134	147	134	134	176	231	250	235	208	188	203	205	226	218	184	225	281	156	119	121	140	132	104	119	111	126	136	159	161	200	271	239	245	355	366	450	493	369	291	226	232	292	391	373	356	331	340	344	315	356	417	395	412	599	644	664	637	475	442	405	370	204	182	176	149	150	133	124	130	120
294	428	303	253	146	199	248	333	325	315	283	350	399	371	369	306	269	295	300	328	273	266	297	287	289	296	312	278	313	375	327	256	250	216	237	253	256	246	266	289	293	318	228	198	171	168	151	137	117	114	141	156	148	160	211	224	252	234	235	244	257	215	188	191	165	195	210	181	147	152	237	164	127	116	112	133	147	149	145	245	238	321	328	376	414	391	369	285	218	240	294	260	383	323	371	348	326	279	281	368	430	458	477	642	773	707	652	480	464	408	355	201	165	167	143	125	124	135	138	103
209	254	354	320	158	238	224	341	356	344	334	317	409	340	379	317	333	338	373	479	407	302	278	295	319	291	344	313	272	303	372	299	285	294	276	269	241	271	352	330	291	281	189	180	180	183	204	164	117	160	173	175	163	174	201	201	211	226	202	198	247	202	186	161	183	252	234	222	206	214	235	196	149	144	146	158	159	168	171	310	258	278	308	285	407	418	349	252	243	298	293	319	370	362	385	396	393	293	287	356	369	408	417	657	727	701	673	474	458	396	332	174	171	140	120	115	125	168	168	145
248	244	296	250	182	189	289	354	342	313	305	271	349	314	358	358	372	419	364	448	378	349	313	314	314	260	251	266	267	273	328	265	298	257	266	263	250	268	318	302	314	237	169	173	192	213	235	183	141	207	273	213	204	206	236	233	256	204	213	189	247	202	189	160	193	220	270	264	293	314	282	270	225	215	189	173	202	170	160	287	258	255	257	258	379	315	309	274	334	307	361	373	389	383	420	414	372	378	358	329	338	374	429	614	666	632	601	437	378	368	337	220	156	138	131	122	136	148	155	180
277	290	207	158	211	271	304	332	363	267	237	263	292	374	355	390	437	429	317	360	354	326	348	338	329	241	231	255	257	304	281	291	264	288	285	298	286	229	320	283	253	224	188	171	171	188	184	158	156	171	261	193	204	213	234	273	277	332	278	232	278	244	224	187	226	249	309	244	300	311	317	285	272	246	203	172	142	125	111	144	164	163	206	240	265	261	305	270	296	292	355	323	369	365	386	386	347	400	372	369	370	435	436	531	538	524	508	394	345	311	269	272	272	203	171	123	144	142	148	152
263	220	216	198	216	336	398	273	303	275	232	258	284	380	427	425	355	368	302	280	469	335	299	304	301	285	250	296	261	310	271	232	226	240	331	272	291	276	306	290	220	216	215	199	209	215	207	154	155	158	162	184	204	236	242	284	297	323	254	240	285	287	256	207	235	286	332	234	288	348	312	301	272	310	235	197	178	129	117	128	138	163	212	218	235	247	254	281	291	306	408	399	421	396	384	348	382	415	365	398	374	424	415	477	494	507	490	440	369	313	255	206	208	280	217	133	165	163	146	135
318	346	255	190	225	281	328	304	328	348	332	378	343	405	464	482	375	263	229	285	423	365	278	320	291	301	314	338	309	323	275	267	297	253	311	359	307	313	277	227	212	219	236	219	222	247	249	205	165	175	212	242	253	265	278	370	307	318	297	269	294	330	285	216	263	237	223	250	259	237	229	218	222	247	195	158	166	128	115	159	182	186	131	207	228	221	287	300	303	306	439	368	357	382	436	310	319	405	407	358	323	373	406	468	460	549	495	453	363	300	276	237	184	169	177	207	244	184	131	120
439	366	223	190	241	301	311	326	345	373	393	355	350	384	403	359	314	245	264	342	353	435	354	312	252	218	237	352	329	337	267	320	362	394	389	419	304	309	317	267	215	240	242	270	282	287	279	244	198	180	186	240	237	250	305	388	424	350	267	247	318	340	305	222	245	214	226	220	204	183	155	143	146	162	138	126	128	129	107	153	167	175	179	209	214	209	262	299	273	281	300	341	352	383	381	380	376	450	420	357	374	422	440	457	464	463	441	409	385	318	341	325	273	198	226	244	238	266	228	251
391	272	239	190	259	334	343	376	350	365	464	355	349	356	395	366	326	308	358	464	258	362	293	222	211	218	182	302	341	305	290	307	355	391	347	338	336	334	314	277	283	229	262	336	318	293	249	252	198	213	173	235	272	249	288	328	359	309	284	244	275	295	284	265	297	255	221	192	198	148	136	127	130	203	127	111	114	107	104	136	137	145	199	210	216	203	204	218	258	280	288	298	371	444	441	425	330	393	392	379	389	434	457	452	460	402	423	427	386	383	408	327	304	224	216	229	239	298	250	283
405	266	258	209	282	298	353	370	335	323	436	321	303	370	363	318	356	325	343	454	300	278	236	257	247	208	187	286	259	277	289	304	348	373	348	363	384	398	351	315	297	258	250	269	282	226	241	312	257	211	192	244	254	305	325	347	374	363	288	291	246	214	227	211	234	251	254	190	164	125	113	110	127	132	117	138	124	124	126	140	154	154	182	208	202	193	205	229	256	289	326	335	333	449	574	453	412	373	431	434	382	354	432	414	348	364	446	377	399	391	424	390	353	270	287	261	307	331	332	329
399	289	269	232	267	333	399	408	388	376	381	352	320	372	299	273	367	417	332	463	414	265	211	257	204	189	219	231	228	240	270	276	307	343	321	296	347	398	388	376	338	314	296	259	241	225	259	345	305	243	243	281	283	286	301	356	332	298	284	288	272	264	256	222	240	248	182	195	142	144	153	138	134	119	114	168	157	168	142	167	173	190	171	206	227	241	251	216	240	254	304	327	374	487	556	476	437	364	367	404	396	351	388	395	335	276	311	372	429	453	543	387	373	294	273	289	306	298	308	324
400	300	285	300	300	370	366	363	334	386	366	304	275	305	295	304	356	388	345	364	313	302	235	177	193	170	200	232	233	218	255	284	294	288	302	248	273	322	346	377	400	292	292	267	232	258	300	338	408	322	267	307	271	201	233	303	315	279	249	242	243	215	287	200	186	178	167	153	170	172	176	190	140	133	132	189	187	166	152	202	167	185	158	224	238	272	289	251	243	257	316	370	409	439	517	447	444	439	401	365	349	351	399	383	439	317	312	339	362	422	393	362	346	250	282	278	333	358	377	442
358	335	357	400	384	413	441	362	352	367	337	288	277	319	292	311	300	304	388	363	321	240	201	212	201	202	222	242	234	221	242	276	251	258	233	179	203	231	288	273	311	295	208	227	239	276	281	256	286	334	238	299	336	225	212	266	264	284	221	193	188	162	187	171	178	175	170	152	183	184	190	183	184	158	161	227	215	180	160	173	179	218	186	196	201	256	269	234	259	244	290	383	341	394	457	409	404	368	323	329	308	280	317	358	447	373	280	265	275	247	382	346	293	267	298	288	277	373	351	326
296	332	370	406	369	363	359	408	456	347	353	301	305	317	296	299	304	297	331	332	383	247	191	211	200	210	240	256	246	259	281	268	272	340	247	202	201	253	244	236	260	262	241	268	245	285	331	340	300	290	231	281	286	256	260	276	238	252	226	214	186	165	173	184	172	182	189	186	202	236	248	269	227	179	183	251	197	227	192	214	208	182	194	214	212	280	267	221	230	243	310	362	371	469	455	415	377	343	298	274	291	236	257	315	382	353	279	306	263	260	293	311	272	276	309	286	298	290	283	299
337	302	356	432	427	334	348	410	413	349	356	288	294	308	322	288	305	345	338	340	302	269	264	247	236	249	265	223	225	233	305	298	294	303	294	286	226	244	221	217	251	277	294	284	284	313	361	345	309	289	265	291	313	297	298	298	248	204	216	202	201	247	256	253	203	247	220	188	212	271	308	323	261	201	235	264	210	237	197	200	165	159	223	222	283	267	208	222	261	213	300	394	419	429	446	414	415	369	324	273	240	253	299	365	357	363	305	299	322	296	258	260	294	283	336	328	331	328	324	302
385	402	353	449	511	386	387	408	390	348	362	284	297	289	280	306	307	339	342	369	385	287	316	328	256	209	245	224	245	261	311	293	339	333	283	290	248	235	248	209	259	278	283	308	332	354	356	297	340	340	290	354	307	327	276	244	281	232	207	218	253	329	311	246	237	281	253	230	231	270	339	282	235	237	267	321	242	198	197	207	176	167	188	187	244	256	227	216	267	289	323	333	341	391	426	395	386	372	351	267	261	233	289	332	337	332	366	312	286	224	230	271	256	260	377	333	334	383	368	367
449	434	361	429	488	428	385	351	405	383	396	335	364	320	312	344	358	386	351	431	402	354	405	441	295	264	258	208	212	250	321	263	285	340	283	231	200	224	227	248	242	267	281	356	408	412	392	406	470	399	354	412	304	249	222	232	231	179	199	211	211	280	250	218	209	312	301	273	219	256	295	271	249	260	284	283	218	179	185	211	237	252	198	206	209	227	225	246	252	236	253	279	302	318	352	352	318	343	316	322	277	239	254	268	249	325	354	338	245	213	225	278	317	327	343	320	341	355	347	290
296	281	342	404	385	360	309	363	380	407	361	314	314	323	294	324	325	342	317	418	376	371	389	366	345	315	266	215	200	222	249	243	243	274	258	219	228	232	255	270	235	270	316	428	480	451	393	353	330	357	342	381	315	260	261	246	210	175	212	257	267	275	268	254	267	233	228	214	204	227	259	239	236	244	237	309	223	177	181	228	274	288	202	216	216	224	255	254	232	179	203	275	331	391	342	301	374	379	386	346	299	263	268	287	271	271	277	314	281	272	240	301	334	330	329	299	318	321	292	240
264	274	313	360	344	413	388	350	350	414	382	297	298	347	316	299	295	328	374	439	380	353	356	368	378	328	237	203	210	218	202	206	304	282	288	234	272	251	231	257	277	306	329	391	437	439	383	358	369	438	380	342	314	240	268	271	219	167	261	338	293	253	250	239	302	198	202	234	258	277	297	309	256	262	260	320	259	241	231	259	274	268	240	242	222	222	205	206	181	184	214	293	312	386	332	340	412	383	337	301	251	287	276	295	277	252	239	238	264	282	265	278	299	333	295	269	292	270	258	224
273	298	299	331	365	370	409	367	333	300	286	258	277	326	303	284	301	306	377	411	333	390	441	344	269	241	237	237	253	229	234	197	272	326	298	247	309	297	243	280	345	372	353	395	397	412	427	422	430	464	404	436	438	392	321	356	313	266	311	271	244	262	249	260	373	192	204	260	365	398	327	286	270	290	276	325	335	226	256	306	310	271	288	289	310	280	211	222	216	197	207	268	282	339	308	356	418	388	362	346	328	325	308	297	298	270	284	252	275	250	219	271	285	276	262	252	285	255	234	211
313	346	310	318	372	347	280	282	274	253	281	315	297	299	311	292	307	314	341	373	320	309	327	307	280	216	262	240	249	259	239	183	231	255	246	231	247	258	232	210	330	393	389	421	426	379	432	427	467	532	504	458	446	458	436	314	295	267	318	288	320	359	238	248	279	259	289	305	356	452	449	358	284	279	232	250	286	210	221	245	260	274	320	255	279	294	262	227	250	259	244	203	259	243	256	291	318	310	366	363	340	301	320	367	288	233	251	282	262	252	204	215	239	203	216	215	201	163	160	187
321	345	290	296	286	303	332	293	237	222	236	316	326	360	316	304	294	289	310	287	311	291	258	283	295	247	266	260	234	265	260	188	192	291	280	225	204	236	253	212	250	300	344	439	423	426	428	485	525	534	571	414	400	446	438	369	345	326	288	248	360	295	264	241	290	244	258	328	436	417	445	315	317	247	219	244	298	284	243	255	238	242	279	306	275	227	202	198	248	253	252	178	173	207	202	237	266	304	309	324	326	343	334	348	254	211	205	214	181	196	212	185	209	207	199	189	208	182	151	181
284	340	282	351	332	284	323	312	255	219	237	267	303	328	317	277	295	307	253	260	273	259	335	281	303	358	290	240	172	228	300	225	218	279	246	192	180	202	220	267	242	281	320	412	437	486	480	528	505	532	564	465	412	468	382	438	394	408	284	299	350	286	371	258	293	250	288	395	435	422	452	378	322	242	227	235	244	303	292	295	236	210	233	259	232	227	223	234	179	232	216	179	168	163	151	266	254	286	317	290	262	279	284	233	273	214	157	145	183	157	185	195	209	226	206	211	208	180	171	223
289	313	320	300	375	323	324	307	285	269	261	304	304	278	299	279	271	291	278	275	265	234	281	302	307	335	337	270	203	234	306	254	278	252	205	169	158	175	213	223	233	247	283	436	456	512	549	472	504	563	643	577	574	538	414	387	462	331	312	297	331	392	336	274	254	264	312	390	455	413	431	381	268	209	205	226	258	347	269	239	270	303	298	300	258	229	264	280	218	165	151	127	135	136	132	237	230	315	328	287	252	265	321	252	236	179	163	192	175	153	177	213	254	257	234	247	210	168	152	210
357	361	339	281	290	260	291	318	297	279	291	314	287	261	220	240	245	242	253	239	201	212	225	263	291	278	307	337	212	251	335	303	289	250	202	174	182	193	284	274	281	289	318	397	513	510	521	443	491	640	684	625	575	573	435	471	530	470	361	389	397	348	316	430	343	338	347	388	449	453	461	390	352	335	262	226	315	313	279	337	275	310	322	235	279	284	250	246	246	196	156	146	147	148	140	213	216	281	246	260	254	286	296	257	219	214	217	257	193	215	204	201	244	261	251	241	191	160	179	235
368	366	326	260	272	315	317	360	314	283	315	286	311	276	238	244	238	265	246	223	219	297	260	249	309	344	374	418	266	200	313	253	223	220	184	141	149	174	284	271	273	246	255	356	375	431	497	475	553	643	685	793	607	525	459	425	475	432	415	400	453	346	318	347	433	462	405	357	507	536	457	426	408	400	332	252	382	375	298	338	273	296	318	249	326	266	272	243	251	223	254	209	197	279	176	191	236	241	269	300	364	330	262	228	219	222	230	260	197	169	173	172	202	261	223	228	211	173	189	192
295	340	328	276	308	329	402	372	340	308	307	308	293	273	257	280	192	240	251	251	297	334	336	323	418	462	414	349	279	174	217	176	204	194	163	145	164	177	232	275	250	229	278	317	385	459	530	564	579	628	680	701	584	561	463	406	550	531	464	479	452	394	332	361	427	443	406	403	479	478	412	364	331	381	414	300	338	370	320	291	321	261	306	409	389	360	367	272	329	334	245	215	259	273	261	255	235	227	292	389	376	343	268	225	257	217	209	216	171	175	177	180	225	214	182	172	163	149	147	181
269	284	289	245	270	305	309	313	301	349	322	290	284	253	252	308	248	224	261	280	279	284	298	345	381	469	391	376	322	227	203	205	223	204	192	178	165	168	211	243	222	221	272	360	356	380	453	500	488	562	548	540	508	541	472	434	521	597	506	474	486	526	455	421	449	461	428	447	466	442	434	325	309	328	365	309	380	410	306	290	311	312	318	284	336	367	376	261	373	296	291	323	288	222	293	274	246	219	302	353	343	325	363	308	260	215	218	196	185	190	175	225	241	220	163	134	119	108	119	173
284	270	254	243	245	273	278	256	261	328	304	246	252	225	233	239	205	203	246	281	262	260	270	272	303	298	319	353	287	227	276	226	261	243	209	205	182	167	182	188	214	262	236	289	304	332	360	432	407	451	531	542	451	499	488	470	496	504	548	566	548	604	555	452	458	464	451	461	457	408	390	369	342	323	296	387	302	380	344	382	412	368	320	263	330	375	366	306	217	289	306	253	264	216	192	193	195	173	296	291	291	283	276	293	236	196	187	229	200	196	187	211	223	216	140	161	148	119	126	158
305	268	239	236	223	270	284	266	240	249	232	200	179	194	237	248	229	217	251	325	292	290	359	320	307	276	320	327	329	280	280	279	223	223	202	191	196	193	217	214	206	198	204	240	229	278	363	344	348	355	437	434	438	418	426	474	469	512	662	524	534	486	491	472	479	484	477	460	447	428	399	375	345	325	312	424	295	281	307	382	458	419	441	372	390	374	307	253	314	397	310	259	293	237	143	206	163	168	201	253	278	258	260	302	222	167	171	243	204	198	192	220	229	201	157	207	180	149	165	178
273	263	251	247	204	241	291	238	225	234	190	165	161	162	189	193	180	196	238	312	252	272	295	316	301	307	321	315	309	309	337	286	241	234	219	255	228	281	294	281	278	260	256	274	258	291	368	413	332	353	396	445	464	503	458	417	403	476	409	475	466	449	458	449	450	455	453	447	419	422	432	405	307	297	244	345	314	397	308	311	425	371	422	416	400	377	356	245	375	353	336	242	267	219	170	181	214	237	246	248	207	262	266	260	201	177	161	172	168	149	154	217	229	205	155	200	185	174	173	184
249	232	240	207	208	218	274	266	280	228	188	177	170	165	165	160	158	178	199	209	199	248	282	306	317	304	254	216	233	275	322	307	301	267	286	272	276	298	277	323	313	321	252	272	292	277	317	332	374	356	394	429	487	482	592	477	429	440	427	473	471	462	452	394	467	480	436	435	361	332	337	353	340	298	301	331	350	384	329	413	415	385	392	413	448	403	390	212	342	290	371	271	271	286	223	257	249	191	291	325	268	272	252	238	214	244	226	208	183	167	189	236	171	182	167	186	171	141	146	132
255	232	237	211	237	258	271	232	243	199	168	153	146	157	166	129	122	128	135	172	215	223	281	311	330	329	277	232	244	285	332	298	289	252	253	284	298	292	288	308	238	288	296	289	290	304	326	296	375	365	375	450	479	510	699	552	503	430	461	488	479	494	479	429	475	475	449	469	384	336	297	358	335	370	318	292	333	409	375	462	433	410	397	348	459	447	402	253	193	248	238	221	266	242	235	204	192	190	266	297	244	248	249	253	254	279	253	235	203	233	184	198	196	241	232	214	164	118	124	112
231	268	233	248	266	258	250	223	206	187	177	151	151	144	194	153	112	113	121	169	193	223	294	291	293	288	320	301	258	256	280	270	243	232	244	271	286	295	349	335	244	257	313	351	356	341	411	389	308	326	337	364	333	447	602	532	515	473	407	452	478	532	520	476	469	471	463	468	426	362	362	354	357	365	287	301	348	346	369	341	448	386	407	390	381	371	445	305	248	326	325	294	260	169	186	225	244	211	194	245	235	204	259	273	288	242	291	270	205	230	167	253	257	280	232	222	190	220	201	154
224	252	244	196	219	246	230	199	186	210	217	175	153	149	192	186	145	131	162	177	161	171	224	265	268	289	313	320	270	218	287	245	237	252	273	252	260	261	277	260	244	246	330	303	255	300	413	397	394	326	299	295	318	439	521	499	584	479	378	359	469	472	455	420	450	473	389	421	439	409	445	469	424	381	373	333	359	241	293	393	460	477	423	412	321	337	442	351	334	360	394	374	234	203	173	283	266	206	257	236	246	207	267	267	264	284	325	294	244	197	204	228	212	290	224	179	139	156	204	235
209	231	232	174	172	194	206	195	197	210	226	196	188	187	200	178	154	148	159	194	193	230	227	242	221	217	235	247	247	291	279	250	280	253	265	249	227	223	213	233	248	231	268	215	187	294	367	434	431	391	369	295	361	383	506	485	451	412	468	413	420	418	398	362	376	381	428	391	440	449	475	537	550	472	408	352	361	413	446	463	354	356	381	402	378	339	361	384	362	368	301	317	296	212	202	327	278	247	274	237	226	183	230	203	219	263	242	290	189	199	208	214	319	285	287	162	120	218	177	237
220	219	209	167	166	158	190	194	199	203	217	215	196	204	205	192	173	178	143	183	211	245	250	234	197	214	228	230	263	283	277	278	366	301	211	218	225	228	228	243	264	272	267	265	257	336	434	469	504	428	336	326	358	322	386	462	412	391	454	442	428	375	339	346	362	393	457	501	496	499	498	511	526	491	443	402	418	413	451	375	373	339	413	377	399	374	354	347	367	283	362	341	420	354	215	256	345	384	367	287	198	195	239	222	215	230	226	227	240	218	166	208	350	205	174	137	153	219	163	238
200	182	171	150	154	160	199	197	208	201	249	229	201	238	256	271	199	138	134	164	214	199	227	214	189	199	201	219	262	276	316	264	294	196	254	259	254	291	267	309	272	266	252	252	353	427	455	463	417	369	363	398	306	254	290	332	401	418	459	476	471	483	452	446	416	430	473	518	502	510	494	526	498	468	426	393	365	315	325	416	348	356	434	399	383	370	407	358	347	297	349	338	380	409	264	333	357	323	411	336	228	236	227	219	205	231	216	279	255	207	172	214	255	168	133	162	167	136	109	135
168	144	138	150	165	163	202	194	206	211	222	238	252	239	233	223	201	174	171	178	209	202	205	207	230	253	266	230	230	263	257	212	208	209	209	210	231	269	241	278	260	269	276	344	437	474	478	451	408	430	426	396	386	324	395	329	327	340	408	406	467	483	489	471	457	469	465	514	515	498	498	510	478	468	457	446	407	391	335	204	248	394	457	436	302	322	375	390	351	292	281	327	377	362	228	359	395	433	412	312	276	267	207	217	222	234	273	289	247	205	222	205	244	201	180	163	161	127	131	148
172	188	167	133	142	151	224	195	181	175	205	254	261	227	203	206	193	223	189	200	220	254	230	235	211	265	260	251	217	196	224	242	236	217	190	202	215	260	254	318	348	313	304	408	404	417	459	434	435	452	472	449	447	553	483	352	322	373	388	391	458	481	479	473	466	469	452	475	478	497	508	493	470	477	459	462	448	475	415	305	248	342	420	423	317	361	405	385	324	213	232	312	284	296	276	351	397	446	398	317	272	206	180	218	212	223	221	192	209	187	180	251	213	202	205	163	155	134	207	166
211	185	168	159	138	147	146	153	185	168	184	238	287	220	213	235	248	254	264	291	291	327	276	293	252	305	246	258	235	247	305	336	302	240	221	243	288	266	280	330	384	367	330	387	410	327	321	373	385	378	402	340	424	417	364	336	318	344	309	371	440	442	446	464	454	445	389	451	455	446	488	498	472	479	445	411	431	457	445	382	337	366	413	429	390	396	383	334	276	251	213	224	270	349	397	372	373	383	365	281	274	195	216	192	230	214	320	229	202	187	167	177	214	140	155	167	141	146	144	158
226	191	193	160	162	160	169	158	204	202	209	227	260	286	237	230	226	250	237	267	250	254	237	281	290	253	236	245	242	241	300	307	272	220	210	224	270	277	303	302	315	336	334	383	424	325	360	399	343	397	425	326	336	399	407	321	299	340	334	401	393	423	433	462	473	469	408	441	455	452	472	470	456	451	442	424	406	447	455	445	410	410	398	375	374	388	374	365	388	341	240	234	278	322	365	389	307	351	353	338	288	202	232	192	251	229	240	248	209	178	170	159	221	176	145	178	173	220	162	158
220	199	210	175	165	160	169	150	179	204	205	199	211	212	208	223	240	288	258	239	242	250	238	260	274	317	297	272	277	277	270	233	241	216	233	207	205	263	309	315	388	354	308	326	335	367	399	397	357	354	384	307	328	370	428	345	371	425	368	330	345	399	363	443	460	471	415	425	419	408	422	415	398	430	432	442	389	422	428	418	434	396	390	353	347	362	410	343	371	356	261	256	270	344	399	379	232	263	285	334	217	220	225	251	265	232	207	220	171	162	173	151	173	171	146	195	192	230	153	141
263	231	223	224	187	185	188	166	207	214	199	217	209	225	251	232	251	314	311	284	285	287	273	228	261	269	302	285	335	310	258	184	186	268	275	245	196	204	272	342	336	295	275	292	304	397	390	372	319	352	322	278	349	361	371	374	335	325	339	320	301	335	340	417	438	404	386	379	409	380	396	401	365	419	432	435	427	433	418	415	428	392	388	408	379	346	414	343	296	301	303	260	285	345	317	329	294	273	299	292	224	198	216	304	253	304	289	199	159	163	258	221	205	204	158	187	171	138	136	162
403	288	236	206	209	210	202	230	248	254	168	184	212	250	237	279	254	276	305	303	299	310	275	259	250	265	273	325	320	361	292	228	212	233	258	224	238	226	263	368	395	307	287	231	274	325	293	343	352	355	325	298	291	388	398	395	432	408	337	333	328	317	345	383	439	403	387	403	411	401	349	393	377	404	430	450	451	458	448	428	434	422	414	400	402	404	404	350	309	260	250	282	287	288	316	364	330	372	270	288	216	193	209	335	270	249	267	211	160	177	222	165	164	171	146	171	129	112	120	134
538	458	393	265	233	239	241	236	279	247	207	138	168	216	186	248	240	258	290	356	317	262	250	325	342	332	404	325	324	304	263	238	250	261	251	256	268	255	273	315	348	337	331	246	281	288	304	345	399	362	311	297	284	367	437	432	391	370	363	318	332	306	340	406	404	399	411	362	375	412	379	415	408	392	434	453	454	487	503	491	455	419	424	400	431	393	376	368	373	315	282	297	273	336	391	375	323	313	281	279	215	218	233	245	227	205	192	209	154	177	138	145	145	149	151	167	126	114	190	208
475	557	493	406	382	318	330	316	296	225	215	169	188	244	215	242	242	249	298	334	314	305	291	336	352	382	423	337	274	277	276	276	231	249	245	236	274	264	198	244	348	335	383	341	242	241	249	281	336	389	311	318	314	368	415	411	326	382	393	349	375	358	389	411	423	406	421	415	362	376	411	412	416	403	413	450	462	517	482	469	457	443	428	411	417	428	419	363	328	287	308	306	413	319	380	371	332	318	297	279	258	286	266	285	210	179	158	149	178	144	102	115	125	134	133	151	118	96.3	164	176
352	517	610	475	509	566	390	383	330	334	309	222	198	202	221	259	273	324	336	337	367	374	332	392	359	322	365	327	272	259	269	286	246	243	233	184	166	182	170	164	239	244	249	270	252	237	233	231	311	341	322	309	331	358	328	353	306	343	405	335	358	417	423	439	437	426	409	391	417	397	381	403	412	400	428	439	437	466	454	453	427	428	419	428	425	380	334	377	329	333	302	236	294	280	307	311	290	264	219	249	246	291	259	273	220	207	213	192	163	117	108	105	136	127	133	141	142	95.5	122	117
255	378	446	525	718	771	585	408	393	390	344	255	248	232	222	252	368	366	336	348	347	361	294	377	297	243	223	291	263	249	213	265	263	231	206	184	178	205	187	209	189	226	219	269	288	234	241	259	282	382	422	367	374	390	365	340	327	346	373	395	368	344	347	375	418	431	378	340	400	434	404	415	416	431	420	415	371	412	439	457	470	456	448	416	418	415	430	427	391	373	344	303	285	358	305	290	263	248	218	239	228	234	273	264	241	232	226	155	125	125	137	130	139	111	115	101	106	118	130	114
212	238	323	400	550	373	256	289	387	431	348	294	265	269	264	292	339	367	282	309	285	293	257	326	277	205	188	227	268	240	224	206	215	213	175	202	199	189	198	180	196	207	240	212	232	248	291	260	313	432	362	345	371	362	315	312	307	331	371	430	406	363	424	367	375	393	423	395	404	431	414	431	433	423	420	412	402	413	431	445	464	448	387	438	408	414	426	411	395	374	346	257	308	348	346	332	272	250	249	248	232	224	264	283	208	197	163	154	161	144	141	136	150	122	107	95.1	97.7	105	123	120
209	189	237	248	290	185	160	282	512	487	413	359	396	374	412	357	378	322	291	307	292	312	276	237	220	201	194	212	255	251	218	205	211	175	140	162	164	181	210	195	173	168	206	252	200	248	289	297	301	323	329	327	357	302	295	290	270	325	328	328	323	341	292	317	371	366	411	410	403	416	379	427	418	424	442	435	435	421	427	446	480	447	416	421	365	387	441	390	337	319	293	189	247	344	380	314	276	234	209	247	230	182	213	214	176	179	195	177	188	129	132	121	131	123	106	95.5	112	114	97.3	106
176	186	200	208	189	201	167	218	415	558	485	382	498	592	479	437	413	306	289	266	287	325	258	214	188	205	221	245	268	306	252	232	239	183	171	175	173	199	201	187	181	175	221	290	258	239	265	240	298	324	294	281	312	297	309	328	305	308	294	275	323	288	270	277	435	429	409	367	383	399	391	423	404	398	431	448	454	435	435	457	464	448	405	419	397	410	389	372	327	324	342	229	246	355	365	292	286	264	251	286	289	277	215	166	148	135	154	205	214	143	109	107	146	143	104	90	101	116	93.7	81.3
139	132	148	151	139	135	143	158	232	341	433	432	469	566	519	375	327	300	309	297	273	249	267	219	170	180	212	237	242	261	229	237	238	215	213	182	190	190	168	171	184	203	206	279	305	294	254	262	367	311	317	319	343	310	343	366	372	353	316	238	243	240	283	253	294	271	239	318	359	390	391	392	355	399	378	443	446	468	467	437	396	407	368	431	428	438	385	403	352	313	383	322	284	346	419	361	291	290	344	308	290	285	242	208	206	176	178	182	235	176	155	140	161	175	140	107	89.2	105	98.2	90.1
140	112	177	157	151	137	131	131	138	175	274	354	381	444	472	322	317	285	288	339	344	275	221	188	164	188	159	188	215	243	259	266	298	244	232	205	227	216	186	175	182	193	192	260	288	276	266	224	260	382	400	324	333	311	358	305	320	271	262	219	222	253	250	237	261	259	267	307	335	363	378	378	311	309	375	419	459	452	439	419	417	408	391	415	418	417	376	378	355	280	338	399	424	375	388	389	332	359	361	370	282	319	193	265	237	185	170	155	185	210	150	126	152	183	181	131	102	110	113	83.8
116	135	138	132	142	155	140	114	128	136	164	172	239	271	283	289	336	319	322	306	229	237	222	167	157	145	150	198	191	210	257	291	310	273	253	224	219	202	202	197	194	215	221	230	294	336	346	333	353	394	468	363	309	332	309	261	272	265	239	196	242	225	187	190	271	264	282	306	330	366	324	320	275	279	348	383	384	362	312	349	351	379	396	383	394	461	368	319	295	241	275	413	393	345	344	403	354	326	350	395	281	263	228	256	285	252	160	148	142	194	164	149	157	168	186	148	120	96	89	77.2
128	130	133	167	143	166	143	123	138	135	123	137	138	124	120	176	204	213	217	213	195	200	188	133	144	156	150	193	181	182	209	282	327	295	281	235	237	255	243	208	212	267	270	271	308	286	343	367	366	369	365	327	279	252	252	222	224	210	238	231	274	238	205	162	191	247	354	337	328	285	242	274	283	291	402	390	349	392	308	321	374	439	381	367	383	450	422	301	286	225	226	276	294	321	315	350	305	328	339	396	269	245	249	226	211	236	176	138	158	240	218	149	151	166	147	143	134	102	76.2	117
149	150	131	131	139	160	132	120	130	113	104	93.6	97	92.8	73.1	81.2	107	122	110	111	134	150	160	170	167	153	151	145	161	190	232	265	296	303	280	264	253	255	255	206	218	243	255	274	269	263	322	302	271	306	356	308	294	213	199	190	190	156	203	233	274	207	185	149	153	208	259	273	269	268	251	306	311	333	392	476	396	403	438	317	417	373	403	298	299	349	303	264	276	256	221	259	355	365	275	324	427	321	311	311	284	246	246	356	275	207	189	156	150	209	252	173	181	157	149	121	107	76	70.9	114
174	183	157	147	172	158	142	145	149	109	99.7	77.9	64.4	76.4	67.8	63.9	58.1	99.9	102	97.8	94.3	128	177	169	157	140	133	135	140	173	245	333	350	324	310	306	300	260	243	220	224	240	284	203	271	328	413	381	251	225	247	268	278	177	141	141	151	137	189	222	257	201	174	138	131	165	179	202	206	240	228	344	331	314	352	454	430	363	425	273	270	298	285	284	278	297	286	279	253	252	239	238	283	266	321	295	314	242	253	259	360	285	240	301	261	232	164	155	138	159	196	159	156	140	134	92.7	86.4	70.3	77.1	106
147	141	147	145	170	146	153	140	121	111	100	79.1	70.4	67.2	70.9	64.5	56.5	67.5	108	129	134	119	148	158	137	141	134	131	137	162	207	294	310	332	348	297	302	322	271	318	308	250	287	197	244	318	340	320	249	204	149	158	191	227	177	151	165	140	175	213	248	202	219	174	153	155	173	180	196	213	192	225	248	294	353	411	426	356	323	256	249	281	281	279	240	237	244	295	296	223	237	209	298	314	427	414	402	248	201	293	271	284	262	228	237	216	184	165	162	160	175	147	152	120	90.4	88.3	78.9	75.8	63.8	92.9
147	186	130	110	120	123	109	113	106	101	94.6	90.6	77	88.4	62.8	81.5	67.9	59.7	87.9	138	148	140	157	159	140	146	156	151	147	159	197	265	303	330	343	348	343	333	317	307	328	258	251	196	210	261	259	261	220	204	131	135	167	193	178	147	136	115	151	212	209	225	196	150	142	158	182	206	230	247	202	190	171	246	297	324	386	277	378	280	266	278	322	263	242	221	193	231	264	199	206	289	262	241	320	376	332	253	204	321	232	269	257	256	242	249	219	167	182	160	142	124	137	113	81.6	65.7	82.5	63.8	44.4	81.7
135	81	63	65.3	75.1	68.9	68.4	62.3	75.9	81.4	75.3	96.4	64.3	60.5	43.4	44.8	51.6	50.6	68.5	84.9	167	141	152	135	137	121	132	119	109	127	164	221	260	295	311	325	321	288	293	258	228	183	202	222	204	227	191	186	208	178	161	128	148	149	127	120	105	112	132	174	211	231	196	199	198	189	200	179	202	184	193	212	230	268	310	264	314	300	355	337	283	274	240	228	256	293	228	247	209	222	207	261	292	296	376	305	265	254	262	245	197	246	267	275	197	194	187	159	142	121	122	121	115	102	145	64	53.7	60.4	54.2	61
65.3	64.2	67.5	87.5	81.8	57.9	50.4	50.4	67.3	65.1	67.4	100	76.7	71.5	52.1	35.1	34.2	41.4	41.6	67.4	124	131	108	121	128	151	194	112	130	152	193	268	284	288	325	308	356	298	280	265	243	197	193	218	239	185	175	171	160	161	174	168	159	144	116	102	145	115	103	176	202	223	177	168	170	173	161	169	162	171	180	219	184	197	203	328	402	360	334	322	318	303	238	216	248	301	240	225	198	197	205	234	284	318	286	279	284	286	259	255	249	265	268	240	194	166	181	175	114	109	113	108	102	91.9	86.9	91.5	65.4	42	46.2	59.3
22.4	25.4	35.7	62.9	64.6	42.5	43.8	70.8	60	50.1	59.1	78.4	58.7	54.5	42.4	36.5	32.7	34.5	38.7	51	103	170	149	165	123	124	106	151	159	173	215	236	277	275	266	268	293	330	279	282	288	230	221	215	215	214	180	198	225	157	141	140	145	136	113	89	109	123	107	150	201	188	178	164	191	196	162	159	174	158	149	176	234	184	248	258	305	280	275	275	315	262	247	231	269	241	231	223	208	255	213	215	257	252	266	244	272	274	259	282	308	290	242	193	168	157	184	138	100	97.1	106	93.8	98.1	69.5	83.3	92.7	76.7	48.9	53.4	81.2
18.3	15.6	15.5	22.3	20.7	19.2	36.8	49.7	30.6	47.5	51.2	45.5	80.4	47.2	61.3	44.9	37.8	42.1	38	29.8	101	149	192	161	132	102	80.3	107	200	198	242	286	273	271	276	269	251	255	257	274	276	263	257	223	207	207	194	153	166	146	129	129	104	98.3	116	93.5	112	126	117	157	174	192	177	206	214	217	178	166	200	199	187	203	203	244	277	228	298	264	301	308	338	281	224	216	232	225	208	197	193	256	236	236	282	299	291	246	232	282	237	292	302	259	210	194	189	170	157	126	104	83.8	92.8	79.3	90.1	87.6	92.4	93.6	71.8	72.4	87.6	90.2
10.4	9.86	8.74	15.3	13.9	13.2	13.3	17.9	26	30.7	31.3	33.4	41.2	41.3	40.5	49.1	34	37	24.4	34.2	44.7	96.9	107	142	139	105	105	94.8	122	183	193	243	263	257	234	212	201	225	271	300	243	216	216	186	189	190	153	139	161	204	221	169	121	130	146	103	102	133	147	160	162	184	230	237	219	229	190	156	222	247	237	203	188	215	200	247	247	240	272	261	264	261	211	229	216	215	198	212	182	246	244	240	274	293	288	248	264	265	265	290	288	233	199	196	193	183	166	174	163	151	96.4	86.1	90.2	89.7	94.6	91.3	93.3	123	99.4	87
8.06	7.52	6.77	11.8	10.7	10.2	10.2	11.4	13.7	20.1	23.3	34	42.5	50.6	63.6	56.6	53.9	41.6	25.9	37.6	44.5	71.8	89.7	131	127	134	141	141	147	200	268	262	291	280	228	236	269	285	321	327	247	193	200	156	151	160	161	161	160	147	155	195	188	174	154	128	134	115	122	134	134	168	210	230	219	222	195	167	207	262	283	199	175	179	155	185	227	218	239	266	268	248	219	252	223	244	220	246	221	233	282	276	311	271	299	292	319	295	297	297	272	251	249	213	195	177	185	177	156	130	124	107	119	92.7	84.8	92.4	95.5	104	108	111
6.65	5.95	5.85	9.77	8.92	8.52	8.52	9.6	10	12.3	15.8	45.6	43.9	56	59.5	71.3	63.9	54	36.1	37.3	54.9	54.8	67	154	144	157	156	178	193	227	280	336	386	319	267	246	247	246	241	260	279	224	200	170	133	115	133	202	243	254	252	159	159	195	191	150	135	138	102	136	150	136	175	191	195	178	176	181	181	224	259	208	189	158	151	179	190	241	242	248	264	272	270	225	195	205	220	252	266	197	244	259	325	291	320	320	297	332	358	296	280	255	258	235	226	204	207	180	160	182	148	114	93	103	93.3	103	112	99	126	123
6.12	5.52	5.17	9.06	8.36	7.93	7.79	8.61	8.38	8.5	9.69	23.9	67.7	48.4	52.8	74.9	64	50.3	40.8	45.8	63.7	51.9	56.7	73.1	77.5	164	134	105	118	148	208	293	396	477	428	351	280	246	242	254	223	220	202	194	164	148	123	179	239	210	279	207	194	268	279	144	118	97.9	116	158	172	152	155	203	188	154	142	147	160	176	222	208	193	172	169	193	239	271	305	317	260	273	293	216	211	230	267	317	309	255	227	263	340	328	286	300	316	364	303	299	294	269	261	261	237	209	236	226	208	173	151	108	95.8	95.1	99.7	117	115	104	121	123
4.39	3.69	3.42	4.27	4.08	3.78	3.63	3.42	3.24	3.17	5.45	9.3	16.2	14.6	23.3	39.7	42.5	35.6	22.8	40.8	54.7	39.6	41.1	51	58	76.3	61	84.4	90.1	112	150	208	319	479	555	417	326	204	195	199	198	179	181	193	174	152	135	114	151	165	185	172	165	185	231	237	199	110	111	146	182	196	177	231	243	141	135	126	176	210	216	250	267	163	187	181	239	249	275	302	261	249	264	251	233	252	316	416	333	327	252	262	291	297	302	324	332	324	313	299	295	280	265	250	262	240	250	255	236	193	133	124	115	109	118	131	129	128	138	120
5.92	3.54	3.12	3.94	3.71	3.48	3.26	2.98	2.76	2.51	3	3.63	3.34	5.14	10.8	41.9	47.2	56.8	39.5	46.6	45.2	32.6	45.7	30.1	38.4	37.4	48	68.1	89	112	114	133	193	313	442	471	413	284	221	216	207	152	141	143	148	139	124	101	96.6	105	108	127	134	183	191	207	161	163	142	147	170	196	178	180	195	146	134	112	195	191	189	243	261	151	142	178	167	158	203	231	254	237	221	216	216	267	293	340	338	336	313	291	291	303	298	311	293	309	306	279	317	307	293	259	264	231	230	272	232	181	158	135	126	127	147	147	148	141	146	121
6.09	4.35	2.98	3.81	3.69	3.27	2.89	2.56	2.29	2.2	1.68	2.13	2.01	2.43	6.2	30	39.8	47.9	41.4	57.1	36.5	28.9	29.5	29.4	26.3	36.4	48.5	69	78.2	86.3	104	113	117	150	204	275	338	269	223	191	195	185	136	134	138	139	113	101	98.8	127	113	99.7	121	131	166	206	167	178	153	191	247	165	142	148	131	116	138	119	153	169	136	207	244	165	133	151	202	188	190	222	179	222	226	226	215	235	295	319	323	338	318	272	276	294	300	320	297	315	310	295	320	325	321	243	240	226	262	238	226	192	172	157	147	139	158	159	167	148	128	129
5.3	4.63	3.1	3.82	3.68	2.97	2.62	2.16	1.85	1.59	1.3	1.54	1.32	2.05	2.03	16.5	23.9	28.3	27.3	34.9	27.4	27.9	29.7	25.4	24.2	25.9	29.9	56.2	89.7	80.7	101	113	101	92	82.9	94.1	101	123	138	165	191	157	140	131	116	110	107	92	99.1	94	125	115	116	134	118	128	160	158	178	213	243	215	168	131	159	123	149	115	109	130	106	152	187	158	115	120	201	244	238	291	206	235	228	266	241	237	272	330	340	355	339	272	250	290	301	362	357	328	323	323	320	353	337	257	285	285	286	228	228	220	187	173	166	170	173	178	176	178	152	167
