8.13	5.85	7.57	5.1	19.6	13.2	5.23	14	5.92	3.28	9.24	10.7	20	16.6	12.1	10.7	16.1	10.9	10.8	14	29.5	31.3	20	27.4	32.7	49.3	32.4	15.3	13.2	11.3	8.78	9.43	4.86	0	0	0	0.0467	0	8.55	4.69	6.65	4.14	8.52	11	27.8	83.1	54	12.8	9.63	13.1	10	5.12	9.66	16.1	27.4	17.5	41.3	46.9	63.8	34.6	21.3	24.5	14.6	23.8	22.8	20.9	28.1	35	27.8	32.9	34.9	32.2	43.7	44	49.8	67.6	42	38.8	43.3	38.1	58.2	47.7	46.9	56.2	54.2	71	93.3	85.2	63.1	68	59.2	45.4	24.8	24.2	18.7	29.6	38.3	20.1	14.3	13.7	17.4	13.7	31.9	7.32	33.5	3.93	1.86	5.97	20.8	19.1	20.6	27.7	43.2	61.1	109	115	106	110	81.5	97.7
3.79	5.26	6.79	2.55	6.87	7.02	3.41	10.1	5.78	4.47	3.72	5.19	10.6	21.1	10.2	12.3	22.8	12.7	12.7	26.2	36.1	35.3	28.5	35.8	32.7	37.4	38.2	21.1	9.28	9.2	5.02	2.98	2.18	0.477	0.131	0.106	3.23	6.73	6.94	4.5	3.24	9.95	20.8	26.9	25.7	34.7	63.3	23.7	15.2	10.4	10.7	4.82	11	11.4	2.58	3.29	28.1	44	38.6	13.3	24.2	45.2	36.8	30.8	24.9	27.9	54.6	28.8	24.4	33	31.4	37.5	34.7	40.2	46.7	48.5	57.2	59.3	61.2	62.8	65.5	59	55.6	47.6	67.3	71.1	82	93.3	101	85.4	105	71.4	61.3	74.1	50.6	39.7	30.6	16.9	16	6.42	17.4	11.6	9.48	9.78	10.4	3.81	2.37	3.84	12.1	8.31	16.8	28.3	44.1	65.8	108	120	120	92.8	116	139
3.1	4.41	3.85	5.24	3.92	2.54	2.79	2.39	3.7	3.82	3.94	5.1	6.92	10.9	6.79	16.2	16.6	29.5	17.4	5.79	41.6	27.9	45.2	47	32.1	38.4	38.2	10.4	6.06	3.75	3.52	4.67	5.19	2.61	2.91	11.1	13.4	6.05	0.267	0.18	9.38	8.8	17.9	11	8.14	15.9	29.3	31.1	11.8	1.25	0.468	4.31	0.329	4.97	9.19	3.81	20	39.1	35.5	46.3	30.6	43.8	42.7	16.6	12.9	12.8	23.9	27.1	17.2	29.8	32.9	37.9	45.6	45.4	39.5	44.3	57.6	61.3	64.8	71.7	56.1	48	49	63.5	69.6	62.6	81.6	87.6	75.2	89.9	121	98.3	123	127	85.9	50.2	36.6	23.6	10.8	6.69	12.3	8.31	6.93	9.09	9.21	2.82	3.75	3.96	7.05	14.1	22.9	42.1	53.1	90.2	112	133	138	151	152	147
3.07	3.2	4.6	5.63	5.39	3.62	3.24	2.58	11	3.56	6.55	8.18	53.6	30.5	4.26	13.5	7.18	12.7	9.29	10.4	18.3	25.1	46.8	40.7	37.8	37.2	10.3	1.11	0.272	2.04	14.6	21.7	19.3	12.1	4.75	4.93	3	0.205	0.127	3.73	10.3	8.95	11	5.79	7.14	12.4	12.8	12.6	9.9	2.78	0.348	3.84	3.1	4.7	5.44	4.03	20.2	35	49.3	36.6	40.9	37.7	33.1	32.1	23.6	17.8	18.6	28.8	29.9	22.4	45.4	49.5	41.6	36.8	50	67.9	56.1	62.3	85.2	73.8	65.9	73.5	62.7	63.7	66.9	79.9	89.4	90.5	82.6	93.3	90.1	127	131	158	159	103	83.8	59.6	32.6	8.28	10.6	15.6	17.1	21.3	10.3	12.6	11	17.2	44.4	30.8	44.1	55.7	71.4	85.9	86.5	103	144	150	173	142
2.98	3.39	4.41	3.99	2.91	6.86	5.48	4.98	6.34	13.4	21	11.8	26.5	12.3	5.1	4.98	6.58	8.78	7.19	16.1	18.5	18.5	55.6	31.5	32.8	29.8	2.96	7.28	7.79	4.69	18.1	42.4	49.1	29.9	24.6	3.96	0.272	4.8	9.29	3.49	7.05	7.98	6.43	7.77	12.4	2.68	0.162	4.57	1.91	4.92	1.14	0.531	0.378	4.28	2	3.96	17.6	33.1	43.8	25.8	35.9	38.8	44.5	44.9	26.2	17.1	24.2	21.3	31.7	31	51.6	70.3	26.3	26.1	70.9	60.4	35.1	74.7	82.6	75.2	88.8	82.2	82.4	76.9	78.2	79.5	64.4	75.5	94.7	89.4	94.9	101	140	139	141	87.9	68.2	53.1	34	45.8	48.8	42.5	31.3	26	24.6	12.8	18.4	38	46.9	31.5	34	59.3	73.7	79.6	93.5	95.5	126	152	167	150
4.64	6.71	14.1	17.4	9.97	8.34	3.88	4.63	12.5	21.6	22.4	23.2	8.8	8.88	4.3	9.81	8.4	6.71	17.5	17.8	21.6	54.6	31.7	33.3	46.6	23.6	6.04	5.29	13.7	19.5	27.7	50.5	56.1	40.9	24.1	7.46	1.06	0.389	4.29	4.34	4.79	1.75	4.95	14.4	9.63	1.28	0.873	3.3	2.36	1.02	0.962	1.16	0.759	0.853	1.09	0.891	5.2	10.5	18.1	19.2	43.4	36.8	46.5	36	35.1	29.1	26	15.9	24.5	52.3	56.2	43.7	49.3	58.7	66.7	79.4	51.4	75.6	107	97.2	116	98.9	96.4	156	191	132	110	89.6	136	166	138	105	223	201	152	81.1	69.5	66.1	59.1	53.6	69.7	107	65.8	33.6	25.7	19.2	35.8	40.7	39.5	33.7	46	40.9	73.2	72.1	78.1	111	139	148	143	143
7.41	13.5	17.4	36.7	12.7	5.42	4.94	1.73	9.79	20.1	25.3	16.7	14.1	17.2	13.2	11	9.12	16.3	33.5	30.9	52.6	55.7	43.2	29.1	35.7	22.2	13.9	13.2	11.6	31	34.2	42.6	42.4	22.7	27.6	6.7	1.38	0.545	4.4	3.62	2.46	1.93	5.37	11.8	15	2.81	6.43	1.71	3.56	1.05	0.98	0.81	0.735	0.878	1.06	5.07	8.62	19.1	19.1	28	50.3	44.9	39.6	48.1	61	45.5	20.5	15.9	14.9	27.5	47.5	49.9	58.4	80.7	69.4	74.2	62.4	105	121	122	118	97	132	194	182	187	206	192	193	224	141	124	227	213	176	88.3	95	94.4	81.6	81.3	78	88.5	91.2	88.8	54.9	45.8	52.2	71	58.2	59.6	66.4	51.8	74.9	68.7	74.9	102	144	132	151	158
3.13	9.16	6.61	9.98	8.66	16.6	19.4	11.4	13.7	39.3	32.8	24.9	18.6	9.54	4.14	19.3	18.3	23.9	25.4	24.4	36.6	49.6	45.7	49.2	28.7	21.3	20.9	23	24.8	40.7	28.2	31.2	18.5	13.8	19.3	9.29	4.91	1.17	6.82	8.83	7.49	10.1	5.68	3.17	4.57	0.486	0.572	1.33	1.88	1.15	1.06	0.861	1.48	2.99	2.02	6.5	14.1	27.1	28.3	33.6	40.8	30.5	54.9	50.9	61.6	33.6	18.6	14.2	29.5	32.1	38.5	43.7	55.3	76.6	90.8	77.7	70.6	106	121	169	124	110	127	207	293	267	240	265	257	248	201	126	161	162	154	92.1	93.8	108	101	92.5	82.8	117	141	172	121	74.5	61	67.4	64.1	70.6	65.6	54.4	86.3	101	98	110	163	137	135	126
4.99	3.91	3.43	5.54	6	9.42	11.8	10.5	12.2	43.1	64.5	34.5	40.1	15.1	12.5	15	20.3	24.8	16.6	22.4	32.9	40.1	76.4	74.3	35.3	29.1	18.3	22.9	27.7	12.6	18.9	31.7	15.9	5.64	13.8	8.78	2.5	3.99	7.45	10.1	16.1	33.9	5.97	6.26	3.02	1.06	0.632	1.53	1.41	1.31	1.21	0.978	0.96	2.01	0.985	2.76	14.6	27	26.2	40.8	37.4	58	56.4	67.1	76.2	54.6	36.3	48.3	34.7	34.5	73.5	108	84.3	91.7	75.5	77.7	103	228	156	208	195	157	113	219	261	262	293	308	311	302	228	210	283	146	119	95.8	143	104	159	139	137	199	194	162	147	113	93.8	79.1	51.9	71.6	72.3	49.3	95.9	104	107	117	113	122	140	129
11.5	17.9	12.2	20.2	23.3	14.1	7.1	1.36	1.71	7.47	14.3	9.28	16.4	12.6	13.1	12.6	18.4	13.1	9.03	10.3	16.4	29.5	26.4	27.6	26.6	37.5	29.6	40.5	39.7	19.4	16.5	23.2	18.1	3.05	7.37	5.28	14.8	19.8	22.5	40.7	35.4	20	9.27	7.93	1.52	5.26	1.22	2.33	4.98	1.97	1.8	1.61	1.45	1.43	1.5	0.551	6.96	9.09	20.5	32.2	37.5	43.2	85	141	142	85.3	54.1	73.7	55.2	69.1	82.1	104	101	85	92.3	115	120	149	214	180	145	102	117	127	163	144	198	236	236	197	152	172	279	230	137	111	175	184	246	195	188	200	181	154	201	145	151	141	108	88.8	108	105	128	185	152	133	129	161	175	159
21.1	14.2	12.9	21.9	29.9	18.8	9.03	3.06	6.34	20.5	18.1	16.6	14.5	15.9	28.6	20.4	31.8	17.2	17.2	19	24.7	40.3	27.8	38	23.5	22.9	27	67.3	42.1	30.9	31.2	37.1	24.9	8.85	5.92	13	55.8	39.2	33	48.8	29.3	9.85	4.79	10.3	2.16	4.35	4.6	5.75	5.39	5.25	2.05	1.79	2.45	2.27	1.62	0.55	5.56	13.2	19.6	49.1	36.9	82.7	124	207	160	74.5	47.2	59.8	48.1	62.7	69.6	98	55.2	78	114	126	110	148	206	167	159	130	145	127	172	178	196	207	281	256	238	159	299	303	284	178	209	221	302	248	250	237	226	223	232	233	229	267	195	177	157	196	199	179	173	175	204	251	289	218
30	25.3	15.6	21.3	22.9	15	10.3	4.3	12.5	41.1	34	34.3	32.9	28.7	29	21.1	31.4	20.3	37.7	21.4	85.7	45.1	30.7	39.9	38.7	39.4	33.8	51.2	29.9	38.9	33.7	47.7	31.7	13.6	8.67	18.7	33.5	37	39.3	19.2	8.89	3.17	8.91	1.03	4.49	8.58	6.5	6.81	6.06	2.61	2.39	2.14	1.91	3.23	2.84	2.58	4.57	11.5	35.3	58.1	77.5	90.2	85.6	159	132	55.8	49.8	31.7	39.7	57.7	61.1	63.4	90.1	97.1	118	112	115	144	193	179	175	185	210	160	166	169	222	203	250	306	273	233	255	271	257	223	233	229	248	239	226	269	250	221	259	297	284	303	219	229	240	224	250	226	200	219	304	305	243	233
41	28	22	18.9	18.9	8.6	21.5	12.6	8.31	39.1	74.5	75.9	85	60.2	23.4	44.4	20.9	20.8	49	32.3	59.3	42.6	38.4	48.1	54.5	36.4	29.4	29.9	27.5	26.5	23.1	33.8	30.9	15.1	18.4	28.2	30.2	49.2	44.9	12.4	5.66	5.56	7.7	1.43	1.95	0.995	5.05	4.15	3.61	3.23	11.1	11.3	5.99	3.34	3.83	4.39	4.78	14.7	34.2	50.7	82.9	112	89.2	128	115	115	58.3	65.1	64.8	95.3	112	133	114	122	123	151	177	255	247	197	167	162	184	216	178	165	242	257	239	415	378	367	254	220	220	209	239	237	265	252	250	293	257	216	235	243	215	214	199	220	275	282	239	245	258	308	315	320	254	228
40.9	33.4	18.6	21.6	13	11.7	24	37	29.8	62.3	65.2	74.5	66.2	44.2	31	46.4	37.7	23.7	43.3	26.6	52.7	41.1	38.9	50.6	55.6	42.6	33.8	30.7	31.6	26.8	30.1	18.2	14	9.88	11.4	33.7	37.8	60.9	54.6	19.5	11.6	3.23	7.06	3.56	2.14	2.38	2.47	3.58	6.96	2.81	2.55	10.4	8.25	2.12	13.1	6.06	7.1	36.9	63.2	77.4	103	116	140	147	135	129	87.9	83.8	69.2	76.4	106	95.5	82.4	91.9	104	132	198	189	230	193	167	163	160	198	177	149	184	227	263	404	420	380	265	246	259	266	307	294	335	257	244	281	270	235	225	203	198	260	195	294	317	374	316	256	238	211	198	255	220	169
27.6	17.2	19.4	15.7	27.5	26.3	25.4	34.5	54.8	105	112	59.4	96.7	48.2	78.1	60.8	48	39.4	56.3	36.7	50.6	43.3	31.3	49.8	57.9	55.8	36.1	43.3	28.8	26.7	40.9	21.8	13.7	11.9	13.2	44.1	47.3	43.1	21.7	14.6	10.6	16.2	5.92	16.7	14.5	21.6	20.7	11	6.55	5.64	8.19	8.34	15.8	7.44	15.8	10.1	22.1	34.5	53.5	52.3	82.6	113	121	127	128	130	85.8	76.7	93.3	116	142	94.1	111	103	120	128	190	189	222	175	163	185	192	214	174	163	154	173	286	393	449	311	203	316	320	328	298	306	335	255	214	213	261	237	258	235	199	197	212	254	338	282	253	251	221	171	156	167	178	129
18.8	8.37	11.1	21.3	33.4	39.7	37.9	28.6	77.4	93.9	131	147	81.1	60.6	68.3	61	42	44.5	96.3	45.9	68.8	58.2	29.5	51.1	105	83.7	54.6	41.7	22.8	21.8	37.9	30.3	26.3	17.1	17.1	39.2	38.6	51.5	22.2	14.1	22.4	28	29.8	47.7	45.9	45.3	16.1	5.17	5.51	7.11	13.7	14.7	12	14.8	22.6	12.6	23.6	41.3	52.9	68.1	58.3	93.6	197	144	116	131	90.5	104	80.7	107	104	100	117	112	102	128	190	217	242	168	180	185	183	185	151	168	189	256	237	287	373	313	238	391	440	274	267	260	288	231	229	219	249	299	299	272	244	218	249	240	253	165	212	207	221	147	172	158	150	134
19.6	27.1	31.7	39	76.4	88.6	73	37.5	58.2	63.3	158	152	69.8	91.9	79.8	40.3	14.9	22.7	49.5	59.3	89.9	49.7	48.4	39.7	64	96.3	42.1	34.3	25.7	18.1	18.2	22	34.6	26.6	24.6	65.7	57	63.4	49.8	39.1	83.4	33.5	49.5	41.9	28.6	23.9	23.3	8.35	12	15.4	30.5	33.1	15.8	18.6	16.8	15.7	41.2	72.6	66.6	115	107	112	121	155	137	147	131	130	125	133	98.8	78.8	103	109	117	203	216	256	213	209	263	222	172	164	190	195	195	276	214	234	303	284	271	431	509	235	253	285	302	217	251	232	286	276	261	316	280	269	256	274	261	202	193	266	217	204	198	189	171	129
13.2	40.5	35.2	34.8	74.7	94.4	103	65.6	59.7	41.2	80.3	79.8	51.9	49.1	66.3	46.8	22.5	38.6	72.2	77.5	72.3	51.5	44.5	42.2	50.6	44.7	37.7	46.2	31.1	26.6	23.7	30.4	16.5	17.6	20.8	37.8	41.9	47.6	49.1	57.5	51.8	33.3	24.3	40	38.9	20.1	29	20.6	14.6	19.9	23.2	22.8	37	84.8	71.9	63.9	84.3	175	173	159	157	183	225	134	140	141	111	98.5	68.9	73.8	72.9	77	83.6	101	91.9	149	198	209	171	179	220	199	154	122	165	157	157	193	171	193	228	255	292	336	372	387	301	299	325	388	338	369	331	286	372	412	382	313	300	317	321	291	208	200	207	238	248	222	180	146
33.7	38.5	44.5	44.4	48.4	91.2	121	81.6	74.9	50.4	82	64	36.8	28.5	49.6	53.3	38.3	39	50	51.3	36.4	36.9	55.4	50.6	42.8	49.7	45.7	46.1	40.6	25.9	32.3	29.4	20	15.2	26.8	83.5	85.7	65.5	67.7	66.3	83.3	53.7	25.9	26.5	33.5	9.29	23.2	41	17.2	20	19.3	18.9	37.3	80.7	91.8	145	190	208	195	211	268	183	119	100	119	141	141	83.4	75.9	75.6	126	122	98.2	100	114	162	177	193	157	177	227	201	156	126	162	164	175	163	196	183	209	269	241	309	406	472	482	310	321	361	343	287	307	286	322	359	414	319	331	328	418	405	234	235	266	255	248	215	191	148
50.3	40.3	48.3	65.3	66.5	96.5	125	84.5	83.2	55.3	48.1	39.6	22.1	25.7	39.5	57.7	36.5	43.3	73.1	57.9	36.9	28.5	33.9	47.3	40.9	52	55.2	53.8	49.3	31.2	26.7	23.4	35.2	30.1	31.8	95.6	131	106	69.9	84.5	112	72.5	60.6	33.1	24.9	21.1	28	30.2	32.7	34.2	13.5	27.1	42.2	65.7	70	62.2	110	145	135	155	175	190	154	95.5	118	119	138	115	87.5	99.1	143	139	109	104	94.1	116	175	206	191	157	232	186	146	146	205	163	149	176	181	189	179	198	205	265	328	439	458	455	390	339	345	291	295	300	404	402	400	350	350	318	374	350	291	264	249	231	212	157	174	147
76	51.4	55.2	67.4	73.8	96	106	89.4	87	55.6	88.3	60.7	21.5	21.2	48.8	99.7	45.4	53.4	85.8	95.9	57.2	56.1	63.4	35.3	33.2	36.8	37.7	53.1	51.8	41.2	34.1	55	34	21.4	20.8	44.7	91.6	80.2	81.4	137	125	110	83.9	46.5	27.2	54.4	54.3	36.5	40.7	34.7	26.6	41.3	58.2	93.4	72.3	59.9	92.7	126	104	109	136	171	155	78.3	99	145	136	137	154	139	180	154	140	165	147	144	162	222	206	162	195	170	159	177	163	137	123	193	182	178	151	158	225	254	293	329	366	393	457	355	409	357	372	383	402	474	342	320	390	460	444	387	331	281	263	198	174	161	174	164
46.6	48.2	56.6	52.3	68.1	111	82.1	85.7	86.2	90.5	86.7	91.8	40.1	35	48.2	63	55.2	72.3	123	109	96.6	106	74.4	40.2	51.3	57.7	45.3	53.6	61.1	50.7	49.5	61.1	43.4	20.7	20.2	48.4	67.8	58	62.1	66.1	91	102	69	50.3	30.8	52.3	59	40.9	32.9	53.6	35.4	43.3	72.3	114	123	104	85.9	114	104	116	160	141	143	69	119	124	150	122	134	143	167	143	114	143	120	118	123	151	171	155	160	154	142	135	124	123	128	194	186	213	186	242	207	225	279	403	440	459	492	553	532	460	550	560	503	475	425	556	582	579	498	429	339	287	235	192	179	176	168	178
47.3	48.5	70	92.5	76.2	76.4	81.5	83.4	87.1	105	81.5	98.8	64.5	57.7	60	71.9	74.4	95	112	146	118	96.3	80.9	67.2	57.3	42.7	40.7	41.9	37.1	39.4	49.2	51.2	33.8	14.4	12.8	34.7	56.5	65.8	52.9	44.3	33.6	97.4	80.9	46.4	30.6	53.9	75.6	53.6	42.7	38.5	32.3	69.3	113	132	155	157	122	125	136	144	157	221	190	188	129	120	177	149	132	120	173	168	119	143	152	130	109	137	177	171	158	134	124	130	159	154	174	242	233	218	241	344	302	324	331	451	460	484	481	527	531	531	598	534	582	527	514	710	581	387	395	333	325	256	235	221	242	204	224	189
63.5	61.9	60.8	74.3	58.3	102	138	83.6	77.1	86.9	86.2	97.3	98.6	93.7	53	81.2	105	133	121	159	98.1	96.7	92.1	73	82	58.5	41.5	51.7	43.3	35.6	38.1	52.8	38.3	23.6	19	33.8	65.2	35.7	28.3	38.5	35.2	48.3	56.1	56.6	52.6	57.9	71.7	72	80	71.3	81.6	113	113	137	153	168	208	140	167	190	168	177	222	190	165	115	160	142	213	209	172	177	133	110	130	124	149	149	190	216	160	158	120	151	216	195	183	206	200	229	279	338	336	396	426	457	451	530	497	523	497	526	582	524	573	566	614	585	478	463	366	285	282	246	249	281	258	229	226	217
67.9	61.4	57.3	56.7	51.7	64.5	78	75.4	111	166	162	110	93.4	80.4	57.7	90.4	184	170	136	117	107	130	110	112	102	58.7	41.5	84.1	54.9	43.1	39.2	43.7	43.6	39.2	32.9	40.7	61.3	45.6	35.2	37.4	31.2	40.6	43.8	41	56.7	79.3	71.3	77.3	105	116	91.9	124	138	182	192	187	164	149	208	178	186	170	248	264	209	163	167	172	258	251	208	165	263	125	155	163	168	184	179	212	173	139	183	186	206	234	169	223	219	211	264	380	360	390	407	454	436	471	489	504	483	518	614	509	516	516	508	446	482	439	403	432	342	326	312	348	335	351	283	249
66.2	68.8	76.8	72.1	70.1	77.8	89	113	133	151	99.6	94.8	109	111	81.7	73.8	108	154	117	88.9	111	107	92.7	140	105	79	83.1	77.1	70.8	51.9	43.9	34.9	33	48.6	37.3	32.4	32.3	52.4	49.4	37.4	30.2	36	43.9	32.7	46.5	51	38.7	58.8	98.7	88.8	82.2	126	124	126	193	187	149	160	196	252	193	158	222	215	204	168	181	133	196	212	213	194	160	143	159	207	170	196	218	202	142	153	227	260	198	178	174	196	194	251	292	336	355	348	407	443	400	455	477	451	398	398	481	511	511	515	508	493	433	375	346	346	370	309	282	277	270	228	214	224
101	84.1	78	88.8	112	144	128	105	123	127	96.3	85.1	109	121	105	93.7	91.7	154	134	79.7	93.5	134	135	126	122	71	78.6	53.4	68.6	60.2	46.5	47.8	46.9	38.1	49.6	46.1	30	36	33.7	41.8	37.8	33.6	37.9	39.9	28.7	47.3	51.2	65.5	91.4	102	96.6	111	139	121	167	192	172	197	210	232	196	187	228	257	286	211	219	185	136	224	287	230	179	160	194	239	190	194	215	236	152	180	247	214	169	173	188	197	216	269	277	300	332	367	419	439	458	469	377	344	327	399	465	495	492	457	481	409	389	420	350	275	355	350	275	212	218	210	206	207
95	57.7	64.3	93.3	146	168	116	106	134	105	71.5	73	102	108	100	137	139	145	174	90.8	89.6	138	137	115	97.2	69.5	69.6	49.1	46.2	62.3	77.3	52	46.8	37.7	50	51.4	45.7	29.8	33.1	40.3	42.7	53	42.2	41.3	39.2	47.1	67.7	80.6	83	111	101	119	139	149	207	170	225	270	213	176	165	161	160	176	220	174	219	193	197	284	226	230	257	193	190	252	206	187	203	236	194	212	232	201	177	194	215	212	293	282	279	302	387	413	377	383	411	438	401	346	366	450	456	479	485	476	457	379	373	418	376	310	334	338	307	273	271	239	210	219
72.1	85	72.1	64.5	150	126	87.3	116	104	96.6	82.1	92.1	101	113	99.2	159	144	140	176	128	115	125	133	94.7	85.1	84.2	59.6	36.7	35.5	35.6	46.4	38.6	52	49.2	75.8	72.5	56.1	41.4	28.8	37.1	48.6	80.5	62	65.5	43.2	63.3	54.9	67.4	82.5	77.7	69.2	111	135	185	200	164	206	221	181	144	117	124	165	189	167	257	262	212	208	218	196	234	221	173	206	238	243	245	193	180	192	204	234	278	252	236	253	248	259	255	326	393	411	408	403	398	399	456	490	457	461	493	484	456	457	497	478	398	441	436	434	399	352	327	367	306	290	279	301	352
79.7	118	76.8	61.9	82.1	98.1	85.2	88.8	106	109	92.5	101	106	78.2	70.6	85.6	99.4	113	204	118	107	122	117	139	105	96.9	65.7	36.2	29.4	27.7	32.4	34.9	39.5	41.1	67.4	55.6	60.3	61.9	46.3	36.6	82.6	57.6	35.9	44.4	32.7	42.9	41.7	67.1	49	58.3	75.2	128	142	187	215	181	179	174	150	149	116	140	171	168	178	241	233	235	223	271	240	237	273	261	265	218	217	257	218	228	275	299	335	350	336	311	313	270	241	278	388	350	401	427	450	444	411	432	466	467	501	458	462	452	455	549	457	453	411	455	416	340	301	251	332	330	274	270	295	306
88.3	85.9	83.6	63.5	64	81.5	97.4	87.9	99.8	139	117	149	160	124	120	118	95.1	123	133	152	149	138	89.4	73.1	69.3	52.4	45.1	25.3	22.5	22.3	26	37.3	45.3	54.2	54.8	70.7	52.4	68.1	68.7	64.1	68.7	43.5	44.4	41.1	41.5	56.7	57.5	80.2	78.1	99.6	107	133	197	206	235	222	182	166	166	143	147	167	192	144	140	163	187	211	237	328	260	276	297	266	246	227	213	215	228	237	314	351	397	388	375	355	354	335	294	324	387	395	440	463	486	450	454	450	466	534	517	486	463	444	426	499	456	460	407	381	353	370	303	286	328	407	342	296	332	329
90.3	102	112	76.3	70.6	68.2	89.3	119	153	140	114	148	212	159	154	164	124	124	155	166	165	167	92.4	57.5	42.5	38.2	34.6	57.4	38.7	33.9	41.1	43.1	41.5	68.6	84.5	86.7	63.3	69.6	70	45.3	48.7	30.8	36.7	36.3	52.4	58.6	61.6	101	149	162	150	151	189	189	226	193	184	173	176	174	158	159	156	184	175	169	187	208	259	337	355	343	349	330	282	268	284	283	314	307	307	336	373	391	388	398	409	394	349	363	382	404	420	444	454	446	454	437	431	463	514	469	458	452	420	412	434	440	415	385	402	360	379	362	392	434	411	398	408	373
91.1	108	136	94.5	75.3	75.7	83.5	136	150	159	155	169	184	151	183	185	204	176	197	186	174	141	90.3	73.6	50.1	57.7	51.5	57.4	41.7	45.2	47.5	50.4	43.3	74.1	58.4	62.5	98.9	88.9	73.2	44.9	38.9	31.4	37.9	46.9	81.3	93.6	45	79.9	111	129	169	136	162	203	218	220	198	193	204	182	158	122	112	186	186	214	211	249	273	286	301	313	352	337	264	290	312	317	343	323	323	343	362	404	396	387	414	409	402	399	415	448	453	446	446	439	436	458	451	460	506	493	494	461	462	457	479	452	443	421	433	406	391	399	405	406	497	484	500	416
122	126	121	105	113	93.2	109	177	206	180	174	175	196	182	245	249	248	279	213	144	136	86.1	86.5	71.5	55.9	66	50.1	50.8	39.3	43.7	47.6	43.6	58.5	80.4	75.4	65.4	63.8	120	117	83.4	66.5	65.8	67.6	79	110	136	95.3	40.2	64	80.7	98	143	150	168	183	200	231	187	200	192	181	136	135	160	164	189	202	274	325	326	369	371	391	355	309	316	332	349	368	349	336	370	391	387	410	418	417	417	424	422	427	456	441	454	437	432	433	482	489	476	472	454	465	458	460	456	521	427	416	416	407	345	357	305	300	392	440	409	371	408
105	112	123	102	114	116	115	180	194	161	180	194	202	208	196	230	228	194	169	117	119	83.9	96.3	92.7	84	67.7	46.1	53.2	57.7	57.2	54	48.1	47.1	76.1	87.8	74.1	59.1	122	109	92.4	121	75	67.4	79.7	126	128	69.3	61	93.7	102	71.7	108	136	168	233	259	272	262	248	189	155	186	195	210	214	249	233	287	304	315	347	361	389	358	352	326	335	370	394	365	338	347	385	394	390	436	429	418	439	425	432	451	445	492	479	463	429	470	494	477	474	443	469	446	414	454	465	421	410	406	413	354	346	345	363	376	386	385	390	417
89.8	68.7	75.4	101	140	117	121	170	167	204	213	192	242	219	209	189	205	198	219	182	161	163	135	107	82	66.6	61.9	64.4	67.1	82.5	80.1	70.2	72.5	65.8	77.9	78.4	59.3	76.1	81	85.3	82.7	70.5	73.9	79.5	157	104	76.7	84	138	131	85.6	114	132	165	212	317	272	264	285	273	185	172	221	227	255	264	298	339	346	362	371	377	382	392	378	378	375	395	388	345	333	308	329	374	402	426	439	435	434	439	436	459	469	489	480	454	466	474	485	469	475	449	470	457	420	446	458	424	379	398	404	366	378	390	386	363	370	406	434	463
133	89.2	83.8	92.7	107	105	132	164	193	205	203	185	238	245	233	176	199	190	226	185	169	219	168	86	69.2	79.2	89.6	67.5	65.1	107	109	74.8	97	92.9	87.1	103	87.5	135	92.6	89.4	113	66.1	65.1	75.3	108	85.7	75.9	102	135	134	182	177	152	174	224	266	234	231	250	214	175	207	275	232	258	264	270	368	372	389	394	405	400	399	385	397	389	380	371	369	383	351	349	337	394	436	446	431	430	439	452	447	465	448	470	413	434	485	492	473	471	473	471	446	456	473	504	423	409	424	426	466	409	398	381	365	394	420	415	482
124	121	98.9	95.1	107	114	128	199	200	199	237	202	263	241	224	182	187	199	203	166	156	166	149	93.3	77.3	98.7	80.5	58.7	68.2	77.1	100	90.6	132	161	173	150	124	139	151	131	140	82.7	66	95.9	95.5	79.4	77.1	84.1	111	140	168	141	138	147	182	196	183	158	154	204	232	229	243	230	266	276	254	349	328	342	391	384	363	383	364	281	272	304	293	375	347	328	373	407	375	414	453	439	440	415	441	454	407	409	461	459	482	544	521	486	483	476	474	453	453	458	451	443	434	448	482	425	396	386	385	302	340	395	373	414
91.9	117	136	101	118	116	131	197	152	163	169	183	216	203	193	173	175	175	202	179	214	216	210	136	95.2	91.2	82.2	63.2	49.4	76.4	91.2	89.2	111	179	218	224	151	143	174	169	109	85.8	104	138	114	82.9	99.7	95	119	143	178	188	198	169	239	243	245	189	164	208	258	264	283	254	243	234	226	300	309	331	393	420	384	389	379	279	282	318	284	332	366	369	347	378	388	419	486	452	432	407	402	443	458	480	473	490	565	524	495	558	495	479	480	472	465	452	439	434	444	439	459	395	392	411	393	351	331	375	383	399
89.7	86.7	132	116	106	127	139	205	146	114	148	224	206	184	190	172	183	174	172	181	183	193	216	147	104	90.7	89.4	99.4	60.8	72.2	85.1	95.1	117	176	231	194	160	150	181	119	164	127	141	138	129	114	106	104	102	160	161	177	214	223	278	286	290	227	181	272	283	246	280	265	229	233	243	345	316	336	389	399	404	398	393	374	332	354	348	350	350	377	316	343	383	404	433	411	434	393	377	454	480	481	473	487	495	484	500	638	541	514	545	605	511	456	446	426	422	436	470	404	403	360	357	343	370	318	352	402
94.4	89.2	100	119	113	131	137	204	181	158	124	178	185	173	194	194	170	171	194	184	153	171	146	134	114	123	120	83.4	96.6	97.9	84.8	99.7	133	127	207	178	182	162	148	126	140	135	165	99.8	96.6	108	103	118	107	148	152	191	245	241	271	291	271	295	239	244	293	277	276	312	271	245	266	286	312	332	396	401	399	379	378	389	347	343	347	353	331	326	358	362	367	416	431	406	412	392	369	453	480	490	477	490	487	486	497	519	559	588	539	576	462	459	461	442	435	435	445	413	406	349	353	328	388	388	347	344
109	87.9	97.7	166	167	179	160	158	170	188	170	161	184	207	210	239	187	263	275	193	190	159	122	132	176	129	115	79.3	83.9	92.6	92.6	94.7	130	146	152	152	135	135	121	107	127	168	154	96.8	80	99.4	123	122	123	151	192	191	217	207	245	273	282	292	293	259	274	249	250	275	284	264	219	222	247	329	369	353	306	349	356	352	319	283	332	341	360	313	292	354	354	416	414	445	420	382	386	439	476	456	464	469	464	465	493	518	540	596	523	513	467	421	448	436	440	442	479	438	431	425	427	427	436	425	360	342
117	104	98	125	166	173	172	182	153	164	166	160	164	173	202	242	188	184	210	167	162	164	122	193	233	158	129	120	128	106	103	125	147	157	190	168	137	125	132	99.9	110	138	117	83	124	161	122	115	118	138	181	194	214	220	204	199	229	289	291	228	226	216	223	227	354	286	231	211	224	242	326	336	371	324	337	353	385	314	291	309	367	357	318	415	395	380	404	413	391	359	411	450	461	445	458	458	464	476	483	512	549	502	481	473	470	415	440	435	423	442	434	433	417	437	436	392	398	287	323	352
110	130	125	126	148	192	259	250	169	168	174	187	155	184	154	171	127	132	179	143	136	136	175	181	197	189	156	134	143	150	117	136	142	159	172	223	162	138	146	146	133	130	133	112	252	240	135	148	156	155	178	194	211	237	207	222	171	262	273	226	231	251	207	195	258	378	286	217	227	275	392	322	383	356	311	284	297	279	286	300	350	335	318	385	361	358	337	372	362	327	386	387	444	451	461	439	455	505	551	517	510	509	489	560	542	439	463	457	445	367	356	335	317	418	358	306	284	300	298	333
120	129	130	169	198	197	270	291	240	147	184	157	147	230	246	186	148	138	155	121	161	127	170	164	183	174	175	137	156	170	138	131	126	151	186	216	200	140	140	158	140	129	130	120	227	252	144	152	152	174	188	203	252	254	188	183	178	252	252	236	227	242	268	258	270	428	335	262	272	346	429	384	403	357	340	303	319	312	348	368	370	338	280	324	354	340	338	339	353	352	352	345	334	414	412	390	429	486	517	510	497	529	530	528	477	442	459	483	445	359	413	345	333	295	342	269	252	303	311	355
118	132	140	163	175	145	138	173	211	156	171	167	140	146	168	171	149	119	124	112	125	118	121	101	145	143	165	135	140	160	183	151	133	160	161	200	209	163	139	138	137	143	124	128	156	199	142	168	165	159	200	206	210	258	213	188	187	246	299	288	238	218	250	287	262	307	303	303	271	307	384	333	341	339	373	356	360	336	352	411	409	415	366	393	379	376	380	391	408	388	405	344	336	347	356	394	400	505	474	449	465	507	467	475	477	482	470	525	466	372	405	306	281	268	259	251	244	260	300	324
115	135	148	167	200	172	140	149	202	201	143	135	108	80.5	89.8	102	117	110	88.2	101	119	114	141	89.1	88	114	139	120	155	209	210	179	151	184	193	195	215	197	178	156	154	140	150	149	148	197	166	161	148	149	188	195	205	245	262	284	251	252	355	311	268	207	230	264	288	285	339	356	342	312	344	366	373	373	371	411	408	388	393	423	413	434	408	438	437	412	409	428	423	390	411	382	321	372	321	325	382	451	459	459	453	462	450	473	487	560	547	478	470	410	375	324	324	312	247	255	285	264	267	306
119	112	109	126	145	133	131	156	195	202	173	142	141	109	99.6	103	120	118	108	115	94.9	95.7	115	82.9	93.4	105	120	117	123	137	169	164	156	190	205	191	198	217	207	171	168	164	173	179	183	171	171	153	151	161	176	173	179	208	244	320	264	287	328	341	268	233	274	312	325	317	334	329	347	377	388	387	397	381	376	388	403	419	387	441	427	426	448	448	438	408	415	444	435	389	397	379	422	402	315	293	371	410	441	450	437	439	442	476	526	563	647	472	463	446	382	391	323	301	315	271	231	225	211	276
109	98.7	109	134	126	131	125	127	140	156	170	188	151	145	149	143	174	132	126	159	138	104	75.2	102	103	111	121	105	116	138	143	161	196	207	201	226	211	196	191	197	139	149	180	193	215	160	156	151	178	198	194	214	202	191	229	288	269	312	351	334	315	288	360	344	414	422	425	386	407	414	419	373	399	395	401	389	385	392	395	435	442	438	459	450	431	424	427	437	434	434	411	387	397	370	377	379	329	359	453	438	439	438	428	480	483	483	474	469	471	466	463	352	297	302	337	284	244	231	217	271
124	119	151	185	167	144	137	155	147	161	157	162	158	168	153	148	161	164	137	156	170	152	116	118	127	129	169	104	135	143	147	156	183	207	178	194	168	161	189	215	172	177	160	191	211	236	250	258	263	244	273	275	335	330	337	318	334	361	423	370	384	365	363	310	333	386	415	398	429	431	399	406	410	428	446	405	385	418	426	448	417	431	424	429	372	381	390	411	409	417	413	341	318	309	380	393	321	340	369	352	353	405	414	457	428	437	473	451	470	433	450	402	371	319	353	303	289	282	296	364
131	143	168	218	171	151	135	158	151	169	184	169	177	188	217	199	182	224	171	217	156	170	142	109	95.9	163	219	132	134	155	136	156	171	164	167	178	159	188	219	217	176	165	188	214	218	218	262	283	278	231	219	243	318	412	429	360	410	433	436	399	380	366	372	348	359	366	387	390	418	418	414	439	431	424	444	437	397	395	446	459	424	398	411	391	352	369	380	415	441	439	406	360	383	338	357	329	326	311	375	388	327	325	385	433	449	473	481	471	431	417	410	396	398	392	341	319	338	335	261	318
142	150	178	181	135	134	121	152	157	179	188	187	196	230	245	253	206	181	180	207	155	143	163	151	152	181	180	127	114	145	134	152	162	159	131	148	185	227	215	229	222	196	203	254	239	268	273	336	306	245	223	243	326	403	394	341	389	399	381	397	415	424	397	393	426	414	380	378	395	423	427	451	439	435	440	446	438	413	401	460	439	407	408	419	412	404	386	420	428	424	416	393	360	401	383	307	345	415	423	372	333	396	381	428	455	474	473	467	474	474	430	437	435	401	376	332	326	271	293	317
130	162	172	169	159	149	139	141	157	173	178	180	202	206	210	229	208	151	193	204	214	201	198	163	165	160	150	142	166	170	154	160	156	152	152	154	177	208	173	193	191	209	237	234	269	263	244	290	334	297	280	259	359	424	363	314	344	365	346	379	426	430	409	390	445	459	428	404	377	435	418	420	414	403	404	430	450	428	413	433	412	419	407	427	434	437	399	397	426	399	389	370	386	373	396	296	362	408	405	344	339	414	414	443	467	469	471	458	458	479	464	426	394	409	387	315	298	383	380	329
126	144	157	166	163	162	125	148	186	160	173	188	254	292	247	242	231	180	212	295	286	307	216	182	206	235	178	186	190	198	186	187	169	178	186	202	224	197	201	200	199	217	261	202	230	274	239	305	290	336	355	363	426	394	361	356	353	380	380	380	418	394	413	431	428	445	443	415	401	405	370	386	401	349	355	401	448	421	424	446	434	380	390	419	413	451	442	406	411	393	377	346	393	325	341	319	349	387	412	356	318	407	415	378	441	472	461	398	392	460	444	416	453	461	413	370	377	396	423	414
155	150	151	171	162	169	153	128	203	176	167	173	222	222	232	236	243	215	225	288	288	323	237	221	240	223	182	167	187	231	253	231	200	209	248	240	232	190	180	219	254	289	264	224	212	272	281	302	333	294	332	378	416	402	389	395	400	447	438	423	418	375	430	446	451	458	445	434	393	394	346	330	372	387	382	396	434	427	397	425	390	379	380	374	395	420	441	431	400	372	395	411	419	358	392	338	348	369	397	351	323	396	393	416	421	467	471	444	426	407	432	443	465	462	410	423	361	375	410	401
162	157	147	173	167	182	166	144	156	217	181	170	185	186	198	211	223	247	226	239	248	279	255	268	241	227	187	183	179	201	236	233	221	217	310	275	227	231	248	260	283	284	341	342	257	225	238	299	323	265	247	314	353	343	363	358	409	466	537	462	436	418	454	439	447	452	452	405	425	434	416	328	326	342	374	372	384	429	424	436	417	383	349	347	343	402	421	402	383	382	380	410	444	423	345	344	378	386	408	392	393	381	406	430	418	438	440	437	441	431	379	452	463	437	400	440	417	431	404	360
185	178	184	163	178	198	200	148	189	243	199	175	191	227	221	186	198	214	245	242	216	239	250	259	311	302	256	240	243	247	234	193	203	240	260	238	236	264	256	242	278	308	346	373	266	175	214	231	240	206	227	233	289	313	361	359	351	414	496	457	417	440	452	431	440	438	440	392	407	435	416	412	339	360	369	379	353	391	403	459	455	437	415	362	370	418	431	410	385	358	387	333	330	348	348	417	420	403	365	317	407	361	365	352	369	417	420	426	422	392	380	448	517	444	409	428	436	449	422	292
167	155	153	144	167	172	178	182	193	241	226	220	194	190	195	192	165	147	166	211	221	215	238	257	300	340	307	266	293	308	259	237	238	221	235	248	271	292	283	302	284	310	279	313	265	207	240	192	169	180	187	161	208	256	275	311	306	357	399	433	424	443	438	433	433	415	451	429	434	441	455	475	474	465	450	434	430	441	449	437	449	452	469	438	401	427	419	407	380	300	280	243	295	292	312	378	445	431	364	318	360	302	287	342	386	400	406	421	417	414	419	414	436	356	322	363	412	412	401	372
134	149	187	203	165	124	139	187	235	286	264	164	170	156	202	216	150	132	150	228	261	240	248	254	253	263	260	233	268	306	300	242	211	214	261	250	246	292	305	352	325	307	244	251	226	252	248	211	191	228	210	137	177	219	250	285	282	346	419	441	422	440	419	426	448	413	438	443	424	430	436	456	471	488	475	433	418	434	432	399	420	450	461	456	439	408	368	372	374	346	292	226	253	274	327	367	429	421	372	379	319	370	307	335	392	363	440	428	428	424	436	439	385	406	355	332	373	352	312	392
170	180	184	193	100	117	180	189	199	256	328	187	182	157	132	161	238	188	163	216	216	222	259	252	243	211	213	221	252	330	276	289	267	256	239	229	230	284	299	394	393	344	267	255	269	272	249	258	195	253	208	148	197	229	233	262	327	400	445	382	381	437	444	438	407	409	401	439	424	441	446	475	474	478	480	455	455	423	403	405	437	432	455	462	454	417	380	355	336	300	271	292	295	282	314	319	378	379	323	321	329	356	371	393	381	396	453	423	409	426	425	416	416	369	358	367	364	353	376	344
190	176	172	149	139	133	189	187	208	219	263	191	180	141	153	152	158	174	178	189	190	200	209	181	203	230	257	197	242	296	322	325	263	269	231	239	240	248	279	347	399	358	315	303	323	239	245	254	205	182	221	195	187	264	300	273	333	363	426	405	375	430	410	404	410	391	373	438	432	428	426	456	479	476	472	463	459	460	414	409	459	445	461	438	436	455	403	403	402	332	279	322	315	281	306	400	389	416	391	378	401	394	401	406	407	394	398	392	402	413	393	375	372	378	424	351	371	347	327	333
213	163	145	163	166	190	190	216	252	236	329	277	232	221	234	177	199	210	219	255	221	204	227	231	223	245	301	253	268	282	304	303	308	320	280	276	284	274	258	304	381	442	367	328	300	303	365	238	202	229	242	238	220	246	259	308	352	388	355	383	327	411	424	397	453	466	419	453	443	450	462	480	470	493	491	492	478	472	467	428	438	459	470	433	449	465	436	406	407	342	308	325	379	425	404	400	413	383	392	401	414	421	437	476	428	405	377	389	368	376	358	370	312	302	287	355	361	299	347	350
257	186	152	152	178	216	227	232	284	286	288	283	288	282	315	222	231	232	231	311	279	209	215	247	251	251	291	264	237	260	269	299	333	341	327	346	330	305	297	375	413	431	366	298	286	275	314	258	196	214	239	232	248	264	273	316	318	416	412	400	430	432	410	420	448	450	418	416	393	414	473	499	480	459	486	479	477	439	460	443	416	427	441	415	462	516	457	439	405	351	305	298	420	438	408	360	393	372	368	410	427	421	430	450	430	360	328	341	372	360	335	300	281	310	327	414	315	277	350	322
208	193	158	138	186	228	248	259	308	298	312	313	298	282	305	245	229	207	202	317	322	237	237	255	243	242	271	243	237	233	273	327	335	338	337	344	334	318	315	291	306	315	294	261	273	297	407	395	277	214	248	236	223	291	292	361	385	427	403	394	412	457	444	422	438	471	428	407	399	445	485	514	492	494	504	466	493	441	461	451	456	457	405	422	414	452	449	441	374	328	345	309	458	440	419	390	405	415	410	439	422	399	422	435	416	375	316	356	406	417	334	285	269	245	259	299	293	301	330	334
132	131	144	127	181	250	269	307	337	346	277	231	225	244	294	256	245	207	207	260	282	233	224	225	227	247	276	232	242	249	260	278	304	351	348	342	315	309	319	321	327	283	267	282	291	280	303	384	355	299	259	207	188	230	252	322	362	394	402	440	435	457	437	410	415	427	420	449	436	436	465	486	477	472	480	454	474	467	462	459	456	453	452	449	440	428	449	424	377	290	274	309	439	414	415	360	396	447	362	379	406	387	373	393	387	338	348	415	356	396	337	284	251	249	279	303	252	270	294	332
197	151	110	133	186	235	260	246	252	246	234	191	237	271	300	316	255	208	201	215	214	228	197	196	214	251	247	223	246	241	250	272	272	336	332	370	370	307	329	322	344	428	329	345	366	320	332	319	372	335	337	272	288	269	290	337	385	415	412	445	423	439	451	455	457	463	470	482	496	467	465	481	479	483	464	439	457	496	464	461	452	464	488	461	459	476	472	462	439	390	336	330	386	434	508	395	353	382	323	365	383	351	295	362	383	339	308	355	330	345	274	260	263	257	267	278	231	233	280	281
177	167	168	162	171	298	283	259	238	212	281	315	228	279	278	272	242	224	207	236	208	203	176	168	207	220	225	239	246	246	250	264	268	308	326	346	379	339	354	364	282	321	338	416	439	394	444	342	324	368	383	344	327	312	382	379	384	386	411	426	425	434	431	477	483	483	508	559	521	487	466	482	491	495	483	465	448	472	470	488	471	459	475	455	436	455	474	481	461	429	406	411	425	413	428	394	331	373	335	338	341	301	318	339	312	345	399	329	310	304	247	253	265	251	247	280	272	239	284	330
124	203	289	210	259	402	439	252	273	301	284	288	272	219	180	216	214	236	256	294	257	191	185	153	152	189	201	218	233	258	245	254	257	282	296	309	332	332	325	295	278	334	305	386	381	380	428	360	319	413	352	328	343	362	304	297	356	389	404	406	422	456	450	468	503	468	493	567	568	498	481	485	484	505	507	475	466	474	481	505	465	452	476	462	451	463	452	472	525	467	459	431	407	379	412	397	349	345	316	323	332	279	265	294	335	413	416	351	302	318	281	251	235	255	255	324	310	288	326	376
120	178	319	287	321	506	371	258	344	246	385	276	230	226	192	209	246	267	341	341	284	270	240	188	181	186	180	214	227	245	225	251	262	301	305	307	312	328	333	268	267	322	296	283	405	390	374	362	396	299	367	371	307	321	280	287	350	409	417	430	439	462	465	461	475	467	504	506	510	508	498	490	486	506	507	482	490	529	475	455	434	428	434	426	430	440	447	480	484	486	468	415	392	406	426	400	382	340	349	331	327	276	311	326	354	409	428	337	324	307	241	250	236	246	253	321	359	354	363	379
178	166	337	314	286	268	232	207	223	287	405	359	312	285	254	265	273	309	337	399	365	294	281	324	318	288	226	203	320	207	218	264	280	258	278	304	293	266	256	311	243	258	287	342	344	451	373	426	428	445	426	374	338	374	408	295	300	341	357	452	445	441	470	484	443	444	480	489	493	496	511	491	509	534	522	525	550	573	540	478	453	460	442	485	495	480	486	508	497	611	611	465	418	452	428	418	399	394	388	343	389	326	368	417	398	364	387	325	348	271	292	294	263	252	306	380	347	295	331	379
184	215	222	224	201	146	141	141	159	195	367	368	492	366	331	333	318	372	325	344	339	294	321	351	285	407	357	360	329	239	218	231	240	274	294	276	275	260	246	271	295	284	304	414	440	493	390	366	516	405	352	435	464	377	416	329	316	341	365	412	389	398	393	440	423	439	456	485	490	486	495	509	514	518	504	485	495	502	473	449	443	455	457	487	472	459	455	478	502	598	496	447	462	450	451	424	415	400	376	331	341	315	390	402	360	344	284	284	286	296	245	278	273	273	286	360	332	302	355	363
177	260	230	206	166	126	128	129	165	218	317	364	421	410	374	373	354	379	405	526	426	447	330	326	270	400	414	339	406	386	284	225	256	283	273	270	277	258	258	261	316	343	306	348	405	447	352	395	490	446	379	421	427	396	417	291	331	338	339	325	357	371	332	419	442	466	472	505	497	500	511	519	513	508	475	442	468	491	466	410	440	406	435	492	463	428	457	470	472	481	478	432	481	466	463	425	440	405	379	345	346	318	273	323	267	307	301	262	265	261	249	273	271	298	306	316	325	327	310	293
111	156	160	161	155	126	93.7	120	168	188	307	363	415	475	444	452	494	442	538	633	601	506	359	326	295	275	302	355	403	439	390	266	294	279	252	269	274	274	269	246	296	308	253	346	292	251	252	313	355	359	314	348	425	428	412	321	344	315	319	280	275	279	331	403	470	457	412	496	479	458	469	474	488	486	463	449	409	415	441	435	424	395	400	464	447	446	465	471	468	443	415	439	456	440	486	445	473	423	403	351	378	272	238	261	233	287	279	265	250	254	227	223	252	351	347	396	364	313	275	339
85.6	97.8	109	103	89.5	77.2	81.7	91.9	131	185	334	510	511	541	533	469	457	508	541	612	581	547	502	385	314	285	276	321	326	389	352	282	276	233	233	272	278	269	263	291	272	238	235	301	319	235	183	154	169	239	419	427	384	447	485	318	310	295	299	235	262	291	293	350	384	389	361	422	438	430	434	463	461	454	447	462	413	437	431	403	430	403	385	429	414	452	477	465	429	428	379	424	444	425	455	471	453	449	424	347	329	290	268	284	247	305	318	279	266	258	238	205	232	296	363	404	383	305	329	256
89.7	86.1	89	91.2	85.8	96.1	90.8	78.9	79.6	132	206	358	471	496	446	426	474	575	666	575	588	637	657	506	381	311	308	278	348	364	394	279	252	214	217	225	267	282	280	302	287	251	214	269	369	368	306	261	250	271	314	340	385	394	359	316	313	256	310	239	219	274	285	346	312	332	326	384	408	445	419	445	467	452	446	439	428	427	433	417	402	399	408	433	422	471	488	469	436	423	412	420	446	432	442	439	436	445	455	365	333	323	310	262	328	326	256	246	215	247	264	254	338	338	297	315	307	294	270	259
101	95.6	98.8	83.8	88.7	103	105	82.8	70.1	94.5	116	135	296	302	365	335	404	558	540	577	644	598	595	469	406	318	318	339	282	307	360	252	250	212	200	216	243	283	292	288	291	286	268	421	445	396	325	288	336	404	341	289	284	330	365	222	258	215	255	224	174	188	236	284	305	302	302	404	390	411	404	435	428	427	462	456	449	450	461	450	410	437	441	439	451	470	482	487	482	460	465	453	517	490	455	447	437	433	414	358	356	311	328	286	327	298	250	257	241	264	250	266	285	261	279	253	278	325	335	264
119	160	122	95.1	105	93.3	107	103	79.7	86.6	88.2	114	105	130	184	225	270	372	415	426	526	504	437	430	341	326	320	320	268	289	274	267	269	222	203	226	232	235	253	274	267	325	308	435	410	366	369	278	273	307	355	288	393	379	262	204	227	191	186	188	200	190	267	341	320	295	301	424	414	392	383	427	427	446	452	422	439	424	430	454	387	387	423	445	463	475	475	469	472	507	458	455	486	459	448	427	435	426	405	378	337	217	280	295	290	284	263	257	255	244	241	306	263	268	276	248	262	332	335	291
82.1	111	110	107	109	91.7	93	154	142	97.3	116	76	91.5	98.5	93.9	95.3	145	213	246	306	319	352	337	298	302	324	308	296	278	278	335	291	271	243	238	222	204	243	240	223	248	261	283	353	353	393	336	229	272	266	297	280	277	370	163	165	198	168	214	166	181	223	331	420	333	334	343	413	400	408	363	418	422	431	410	378	368	385	381	407	375	356	403	406	412	433	443	427	439	446	403	423	430	454	410	410	434	412	398	369	303	217	200	255	290	248	255	263	254	242	242	266	212	250	242	305	338	376	406	379
74	87.5	108	114	97.8	85.8	103	129	142	119	108	57.9	98.5	78.2	83.3	61.1	85.2	135	185	214	217	247	273	245	276	324	326	320	296	304	315	279	267	258	264	250	244	261	241	221	238	218	259	324	267	236	243	252	262	351	330	311	261	312	241	178	226	233	218	152	184	241	346	406	396	394	371	433	431	412	371	423	408	376	341	340	346	353	395	402	408	372	396	386	388	381	427	407	396	442	394	434	448	417	393	411	431	410	360	366	359	263	269	281	231	289	260	240	271	228	230	259	255	298	259	287	329	334	381	392
88.3	96.3	96.4	117	100	93.4	101	126	144	126	130	72	72.7	63.4	59.3	56.5	57	94.9	131	182	200	204	319	297	281	368	376	379	346	327	330	285	256	251	262	268	288	227	206	211	206	181	212	258	213	197	198	212	231	291	300	412	343	324	303	255	224	244	208	186	188	244	336	413	396	406	412	446	423	396	382	419	397	330	343	311	351	353	368	370	357	378	401	365	336	316	331	340	395	388	367	395	423	449	424	426	437	410	355	379	344	287	279	263	227	267	231	254	274	258	268	294	237	275	254	328	350	362	376	417
100	105	103	86.5	81.7	97.8	80.7	62.5	60	77.1	66.3	65.6	71.4	37.4	30.2	43.1	49.1	56.5	96.2	159	191	193	268	284	291	285	311	371	392	382	355	326	300	274	278	292	259	238	229	180	169	194	211	245	208	190	195	242	235	241	291	326	353	367	390	347	300	300	281	204	199	243	337	360	352	403	396	406	353	325	326	381	368	309	275	275	288	284	365	399	369	343	335	369	323	349	348	363	350	374	308	318	331	384	446	451	419	370	307	301	273	293	302	237	225	255	241	260	239	244	270	372	280	294	291	367	403	438	442	407
63.1	61.6	61.6	61.6	66.3	68.5	74.6	52.7	52.1	48.5	45.6	53.9	43.9	39.5	26.1	26.3	27.5	25.2	58.6	95	138	171	190	227	241	244	272	304	337	341	330	347	329	314	274	283	288	304	244	233	230	229	196	189	174	185	216	214	218	188	197	210	247	337	346	353	390	393	297	192	176	221	262	256	309	308	299	322	249	257	287	318	291	283	241	191	203	207	314	346	337	347	351	365	333	367	359	373	344	367	338	332	332	367	427	446	405	365	353	278	278	256	293	255	262	287	262	273	260	232	244	318	343	323	349	392	451	496	484	413
50.2	58	54.2	69.7	67.7	60.5	58.7	51.6	43.8	48.3	36	39.7	33.9	24.8	13.1	17.4	17.2	24.4	42	77	109	152	166	200	222	217	247	308	327	344	323	366	427	395	351	301	285	298	282	230	195	235	224	203	199	190	215	239	198	174	190	196	207	275	333	366	313	304	280	187	164	174	214	211	256	265	255	266	251	264	306	367	342	266	196	181	204	201	243	289	331	359	383	337	366	354	379	394	388	379	373	349	339	386	427	420	397	363	348	289	305	231	240	281	251	296	294	331	269	238	295	400	338	313	327	436	485	584	525	454
27.2	25.5	22.6	44.5	57.4	52.3	53.5	69.1	55.9	56.6	42.6	35.7	25.8	20.3	13.3	9.88	11	17.8	27.9	54.3	105	156	174	173	190	189	215	284	301	321	315	382	438	416	364	399	360	299	273	227	202	238	204	176	203	218	216	186	196	178	201	191	183	198	201	225	238	232	181	148	143	174	226	204	232	200	227	225	245	279	356	352	293	240	208	186	186	217	236	257	313	296	323	321	312	349	385	365	415	399	385	383	337	351	387	396	399	385	357	363	339	268	267	310	274	283	338	368	340	287	301	409	360	320	350	408	452	475	482	455
17.2	14.6	13.1	18	15.3	15.1	37.2	46	31.5	37.8	40	32.6	30.8	25.8	14.3	11.9	12	16.6	21.9	39.5	117	144	217	194	175	173	183	222	270	292	281	313	298	328	363	380	342	293	244	208	214	227	203	167	187	200	227	192	170	163	164	150	140	129	122	154	211	172	167	141	139	176	229	214	207	213	194	207	260	302	369	371	343	302	253	218	173	184	174	223	311	297	357	350	325	349	351	378	388	382	384	400	390	392	381	385	381	349	364	374	360	352	269	283	279	342	380	395	354	313	305	392	383	324	398	434	412	407	433	414
8.21	7.48	6.02	7.43	5.64	4.98	8	12.6	23.3	22.1	21.6	29	22.5	39	30.1	23.6	18	20.8	22.9	36.6	66.7	95.8	124	165	156	148	141	156	204	257	268	290	234	265	253	277	295	319	273	282	242	227	194	177	179	192	183	165	147	139	134	127	108	116	119	149	191	145	96.9	141	158	167	174	212	223	223	197	224	271	306	229	322	337	304	285	245	201	202	237	239	315	367	381	399	352	400	383	367	368	359	349	406	387	414	375	383	359	335	323	329	337	314	309	285	282	357	397	407	393	403	378	343	326	292	308	373	385	375	358	372
5.59	4.63	3.92	4.66	3.38	3.21	3.31	4.36	6.47	23	23.8	36.2	33.6	25.5	34.1	28.8	35.1	26.4	25.9	39.1	54.1	80.7	99.3	116	132	114	126	135	147	166	223	269	194	251	299	302	294	313	282	243	227	219	188	175	151	164	163	142	142	135	122	94.8	85.7	117	150	118	102	92.7	96.5	147	153	153	164	199	203	185	157	197	260	263	228	244	290	252	281	237	215	213	215	249	299	336	382	375	358	402	419	394	382	341	345	362	350	361	360	355	335	309	292	301	312	314	294	315	312	338	377	397	403	374	367	365	329	322	320	336	345	297	318	388
3.99	3.1	2.74	3.11	2.31	1.66	1.64	2.42	3.04	7.38	15.2	47.9	31	25.8	37.5	35.8	36.7	32.2	25.3	40.9	56.2	68.5	89.1	116	91	103	115	105	125	135	158	287	290	222	263	372	295	273	253	226	210	187	172	155	145	137	132	127	129	126	124	138	107	95.9	111	124	77	92.5	138	144	140	149	128	156	185	163	149	181	197	257	234	206	229	216	226	208	238	202	192	231	251	278	376	348	348	342	389	400	364	330	345	322	343	344	320	330	275	260	274	277	283	301	299	330	356	352	385	393	390	337	362	383	317	303	307	331	327	300	297	368
3.42	2.56	2.15	2.45	1.84	1.65	1.39	2.05	2.31	2.03	3.08	24.1	63.6	43.3	32.1	41	44.2	36.1	41.7	50.8	58.5	71	64.6	63.1	75.5	113	81.8	78.9	94.4	114	157	239	402	357	285	353	353	305	264	215	202	174	152	164	164	144	127	124	133	119	126	100	94.5	89.5	94.3	111	89.5	101	134	139	144	134	129	132	198	179	139	145	181	202	199	225	246	235	214	196	190	195	181	194	216	251	313	317	396	400	388	422	392	351	305	323	290	371	369	340	282	295	285	278	284	297	314	364	372	368	388	387	381	369	342	308	264	283	307	300	288	289	287	350
1.55	1.16	0.997	1.5	1.21	1.03	1.49	1.16	0.938	1.68	2.1	5.33	20.8	33.6	20.9	31.4	42.9	39.1	44.3	52	58.2	54.6	67	60.6	74.4	84.2	73.7	82.4	83.4	86.2	129	317	333	453	374	311	288	296	273	242	237	235	205	179	171	154	129	105	104	98.4	113	87.2	75.8	79.1	97	104	96.4	95.2	99.4	123	150	98.1	109	114	225	200	174	138	193	228	260	258	279	315	213	172	158	170	181	176	212	237	277	349	357	414	393	415	393	378	334	383	308	360	352	333	268	256	305	296	288	280	343	380	369	392	383	389	355	348	352	311	276	282	303	269	311	314	256	280
3	1.86	0.718	1.18	1.03	0.915	0.837	0.811	0.978	0.837	0.654	0.451	0.829	6.98	29	45.4	29.3	36	44.5	46.5	47.5	50	67.9	48.2	51.4	51.4	57.8	75	97.3	94.6	106	151	193	308	369	464	346	307	290	248	243	246	224	186	170	164	142	115	106	101	92.3	76.6	66.8	64.6	74.4	78	92.6	92.9	94.3	87.4	101	85.5	89.5	121	101	132	120	120	143	258	296	261	257	244	170	118	125	151	201	216	274	287	275	355	317	292	383	417	405	405	361	325	306	291	246	242	237	247	296	257	255	268	313	312	343	380	374	367	328	294	342	297	260	274	283	229	249	283	216	215
2.72	1.01	1.55	1.02	0.933	0.812	0.728	0.684	0.604	0.514	0.542	0.39	0.159	0.811	10.2	43.3	33.1	25.4	32.7	49.3	42.5	40.3	49.5	41	38.4	39.2	45.9	65.2	86.4	97.4	92.1	99.1	105	162	222	393	394	362	340	261	262	253	226	196	187	181	167	140	149	96.5	90	68.2	61.9	65.1	73.5	78.9	77.2	85.7	102	90.4	103	88.1	86.3	125	80.8	80.3	87	149	190	193	233	302	248	209	177	154	137	152	185	211	234	257	247	278	268	270	284	311	315	385	400	331	313	292	269	250	243	229	240	246	236	214	262	289	311	329	311	359	264	256	265	295	299	195	181	181	186	225	189	174
2.03	1.02	0.568	0.986	0.955	0.738	0.629	0.577	0.481	0.395	0.593	0.17	1.68	0.405	6.4	24.3	35.7	37.7	26.6	34.5	46.8	49.3	55.4	55.7	42.4	39.5	42.2	60.7	72.8	89.2	104	91	96.3	116	133	195	280	320	300	268	272	246	215	194	196	197	189	181	140	111	92.8	77.6	67.4	59.8	71.4	98	78.7	79.4	92.3	85	86.5	129	133	142	91.2	121	108	113	151	222	304	312	231	171	251	170	129	129	149	178	238	219	243	305	250	246	306	302	309	360	324	349	298	253	260	271	223	261	291	252	222	232	265	303	385	324	314	304	265	234	228	241	194	174	171	159	191	220	192	170
