36.7	42.8	50	45.1	43.1	46.2	54.5	64	53.8	48.1	56.2	63.9	72.8	84.2	91	96.4	90.1	109	121	62.9	69.5	71.6	68.3	84.1	85.6	93.9	86.2	62.2	62.6	57.1	51	30.7	21.9	12.7	19.1	18.2	17.6	12.5	23.8	41.2	36.6	29.7	31.6	18.8	19.8	22.3	83.8	31.3	11.4	7.65	9.85	16	12.9	13.8	16.4	11	16.3	47.7	17	22.1	28.8	47.1	36.7	24	29.6	26.9	30.3	41.1	45.5	45.3	45.4	32.3	33.3	40.7	39.1	51.9	56.8	60.8	65.8	56.1	71	67.9	77	59.5	50.7	53.7	66.6	33.6	52.9	30	32	24.3	30.4	46.6	47.6	46.6	45.4	47	43.7	50.7	61.9	47.8	42.6	37	31	31.4	32.5	25.3	32.4	25.4	26.1	31.2	33.9	35.6	31.2	46.1	39.9	46	48.7	56
41.9	46.4	52.8	55	54.9	62.2	77.6	70.8	57.7	51.2	46.1	40.4	30.7	37.6	54.2	58.9	54.1	52.2	49.4	51.6	53.3	61.6	65.3	74.4	72.5	77	79.3	98.3	83.7	66.7	58.7	33.5	25.8	22.7	24.5	32.3	24.4	26.9	46.2	51.9	47.3	43.7	54	34.4	33.2	33.6	41.6	26.8	11.2	15.6	13.5	16	8.48	7.31	6.95	1.52	1.62	1.48	1.92	8.74	9.67	30.8	11.4	15	15.2	18.8	28.2	33.5	30.1	29.2	29	46.2	48.1	45.1	48.2	53.3	60.9	64.9	64.6	60.8	65.7	71.8	77.3	76.7	89.6	80.8	80	71.4	70.1	71.5	80.8	26.7	30.6	33.4	38.8	49.9	41.3	43.3	42	50.8	56.9	45.6	41.7	23.7	29.2	26.5	27.2	15.5	16.4	21.2	18.8	20.9	38.5	44.9	43.5	50.2	60.3	63.3	64.4	62.6
51.2	53	54.9	55.7	56.9	65.1	76.2	66.4	53.6	50.8	63.8	73.8	41.9	31	62.8	74.8	63.6	52.8	47.5	46.9	62.4	70.2	79.4	64.5	66.2	70.3	81.9	105	99	77.8	72.6	46.8	34.1	25	20	28.6	22.6	21.3	40	68.6	61	48.7	72.9	30.6	32.9	23.9	21	13.1	9.56	9.69	12.4	14.2	8.49	7.34	7.73	1.52	1.35	1.41	2.12	11.3	9.32	10.5	11.5	22.6	14.2	34.5	35.9	34.5	29.3	30	30.6	44.3	51	56.3	56.1	52.1	54.4	68.8	62.4	58.5	62.8	69.9	83.1	76.9	80	81.9	82.9	72.7	69.4	65.5	74.9	31	31	31.9	32.3	40	37.3	43.7	39.7	50.9	47	53.9	48.1	33.4	35.7	30.4	32.8	27.3	25.6	37.3	28	28.8	36.4	42.4	41.6	57	59.4	72.6	67.1	63.8
53.5	56	57.3	58.5	64.4	65.5	77.3	69.8	77.1	48.4	56.8	75.8	55.8	43.2	65.8	91.7	74.2	49.4	49.3	56.5	76.5	78.1	80.9	82.9	81.4	81.4	88.9	110	95.7	80.7	73.9	85.7	75.1	31.5	32.3	30.8	35.3	43.7	51.3	62	56.1	67.7	57.4	60.6	29.5	25.4	15.6	12.4	11.8	11.2	12.9	17	9.41	9.23	8.23	1.74	1.41	1.61	6.44	12.1	10.2	13.1	15.1	15.4	16.5	17.8	28.1	38.2	34.4	37	43.8	55.1	51.5	71.1	69	61	54.1	64.3	61.8	67.3	61.7	66.3	74.6	79.8	86.7	79.2	81.5	72.5	72.1	65.9	70.5	29.4	44.1	45.9	50.7	45.9	42.8	37.1	40	49.5	57.1	62.2	58.1	45.1	49.3	51.7	50.3	37.8	46.7	51.1	48.5	62.2	58.6	59.6	57.7	87.9	88	86	88.5	85.4
53.1	56.9	63.8	75.6	78	69.2	79.5	58.2	57.2	55.2	63.3	93.8	92.7	64.2	76	119	100	65.5	72.8	70.7	91.1	96.2	104	91.7	92.7	104	113	133	105	92.3	87.6	143	109	77.8	52.6	44.6	46.6	55.5	54.4	74.2	57.8	47.4	60.6	46.3	45.3	34.2	23.9	23.4	15.2	13.5	12.7	20.2	11.1	10.7	10.7	2.87	1.65	1.58	2.54	11.8	14.1	16.3	26.3	40.9	23.6	24.6	36.2	54.1	49.1	45	52	58.1	60.9	64	66.7	61.4	57	63	71.6	64.6	64.3	68.7	85.7	93	92.4	98.1	95.4	72.4	73.4	76.9	69.1	39.8	61.4	55.7	69.6	75.7	70.6	51.6	59.6	55.9	59.5	59.2	70	76	89.4	88.1	84.1	64.5	62	55.7	58	76.8	65.4	70.2	76	96.2	90.8	121	127	116
53.3	59.6	64.6	57.3	57.5	56.5	56.6	36.8	42	40.8	39.2	50.8	44.2	42	41.9	66.3	54	54.2	63.5	75	79.5	78.3	85.4	126	116	127	145	160	127	129	164	207	189	150	106	51.5	36.8	49.1	83.7	40.6	28.7	25.8	33.1	20.9	20.3	25.3	22	9.49	7.45	5.76	4.62	4.06	4.19	4.7	5.54	8.08	7.56	9.95	12.5	18.4	25.2	30.7	33.5	62.6	73.4	67.6	72.5	96.9	87.8	72.6	69.3	59.6	64.5	61.5	70.7	78.2	67	84.4	92.4	114	91.7	89	107	84.5	92.8	82.1	77.7	66.2	63.1	64.8	64.9	30	51.5	50	54.4	64.8	53.2	49.9	60.6	77	70.9	66.3	76.4	97.6	98.6	85.4	83.3	81.3	75	55.8	70.2	79.7	79.5	74.8	73.7	105	101	106	131	124
59.2	66.9	68.8	73.6	67.3	60.4	64	38.6	39.4	40.5	42.2	40.7	38.6	34.6	35.9	70.7	62.1	66.1	76.9	79.8	81.3	88.7	88.1	120	127	124	133	171	129	126	157	190	150	148	113	58.3	71.7	78.8	70.7	58.9	33.5	38.1	32.3	18.8	21.1	17.7	18.1	11.6	9.52	7.3	6	4.37	4.48	4.95	5.71	7.52	7.12	8.47	12.6	25.6	55.4	63	59.7	81.8	71.5	88.5	60.7	101	96	76	66.8	75.6	64.8	63.1	69.3	70.4	69.7	98.5	111	140	90.7	100	116	85.9	94	85.8	79.1	65.6	64.4	75.4	75.3	81.5	56.5	65.9	79.3	90.8	74.6	87.2	93.5	93.3	84.4	84.3	92.2	107	92.7	78.5	77.5	70.7	65.2	62.7	69.5	79.8	101	103	95.2	111	122	134	163	143
59.6	65.4	78.2	77.7	68	69.4	61.9	48.7	48.7	35.7	42.7	34.9	39.7	36.1	43.4	82.5	79.4	94.7	104	96.1	89.5	90.3	103	120	143	131	131	185	143	140	152	195	151	155	133	76	86	82.5	81.8	40.9	44.4	39.5	36.3	36.9	34.8	40.9	27.9	14.4	12.7	10.1	7.89	4.7	4.8	5.23	5.99	7.58	7.4	10.7	15	57.2	59.6	48	56.5	103	73.8	73	73.1	101	101	83.7	75.3	74.4	78.6	67.1	71.3	74.3	76.5	71.4	115	124	108	109	140	122	98.7	103	101	82.3	74.5	87.1	91.7	92	53.2	94	98.8	108	98.5	124	123	114	106	104	114	106	96.3	88.8	84.3	73.4	73.2	79.5	76.9	86.4	113	120	116	123	157	147	166	169
60.5	67.2	76.4	78.6	67.9	75.3	74.6	63.2	55.3	38.8	44.1	53.2	45.9	39.8	52.2	88.3	90.6	103	121	114	106	101	130	170	164	132	137	226	195	180	194	231	201	185	166	95.6	98	94	92.4	44.4	49.1	57.9	54.6	48.7	46.3	94.5	46.1	19.7	15.4	12.8	10.4	4.99	5.08	5.56	6.41	9.9	7.97	12.5	19	48	45.2	42.7	46	95.3	107	95.1	82.4	104	108	81.7	79	92.9	75.8	73.1	69.4	83.7	98.4	110	109	130	135	136	164	165	129	117	110	96.6	93.2	108	107	93.3	145	119	103	119	124	124	128	127	111	112	117	103	93.5	94.1	93.6	95.6	99.7	95.8	102	133	122	128	127	130	141	148	159	165
52.5	58.8	61.4	94.5	81	78.8	79.3	59.6	50.1	48	57.9	79.1	67.9	84.5	86.9	84.6	93.5	86.1	79.2	82.4	83.2	83.4	98	126	140	119	117	180	167	158	173	245	188	119	129	98.1	85.2	71.7	69.7	55.8	59	78.8	106	79.5	60.7	75	68.3	29.5	23.3	20.9	18.4	14.1	10.9	10.7	12.1	22.5	23.3	28.5	35.3	56	69.8	71.5	65.1	96.4	92.1	90.1	91.8	77.6	77.7	78.5	72.3	108	107	99.9	104	130	146	155	190	183	198	219	223	151	144	163	162	110	134	139	145	149	177	134	132	138	145	135	138	156	137	126	121	142	149	140	130	135	143	136	164	191	181	170	152	167	158	156	153	154
52.1	50.7	48.7	90.1	82.8	75	91.1	78.5	68.5	72.8	71.3	89.7	84.6	89.1	99.6	86	93.6	83.4	81.8	75.1	69.5	79.8	88.9	113	118	134	127	182	167	175	258	363	215	153	161	139	120	60.3	71.1	60.1	57.7	64	80.7	75.6	70.6	61.6	68.9	33.7	26.8	23.9	21	17.2	14.8	14.8	17.5	26.9	26.2	31.7	35	57.8	84.5	75.9	68.5	97.5	95.2	108	87.4	83.8	84.9	85.6	82.9	104	113	97.5	108	142	147	156	208	186	183	196	207	147	160	175	172	133	148	153	167	170	241	167	176	167	158	153	161	158	148	142	135	153	153	156	152	170	162	152	172	206	203	169	178	182	171	176	165	144
45	50.9	49.9	90.9	86.2	61.1	71.5	62.1	75.6	74.1	95.5	103	104	113	134	93.7	106	106	89.3	81.6	69.3	72	83.4	110	115	127	136	217	199	223	276	303	245	180	190	128	177	62.2	65.5	70.6	52.4	51.4	74	62.5	58	48.7	40.1	37.5	32.6	30.8	27.6	22.7	18.5	18.9	17.6	30	33	37.4	40.6	70.4	71.6	77.9	74.6	98.4	110	114	105	96.9	103	97.6	96	111	111	112	107	164	195	183	177	171	188	180	212	196	189	204	212	146	159	179	213	220	272	270	207	187	201	202	176	176	169	166	176	193	176	183	191	214	206	184	211	233	224	179	179	192	187	182	178	150
49	51.9	52.7	87.1	89.2	67	68.3	66.9	74.6	87	121	131	130	131	155	134	176	152	124	91.9	79.9	86.6	96.9	119	115	125	151	249	254	228	232	250	213	193	193	161	185	113	102	85.9	65.7	70	74.6	54.5	53.3	45.9	43.8	44.3	40	36.5	29.4	27.6	23.9	30.3	23.2	39.8	40.1	42.3	49.8	77.4	75.1	79.9	79.9	116	121	123	129	116	105	118	97.4	138	138	116	118	154	163	206	194	191	183	188	242	273	240	273	242	168	175	210	267	288	319	300	223	228	265	220	205	194	192	202	214	216	208	210	235	217	209	200	200	228	206	191	187	205	210	217	199	169
36.8	35.1	40.2	90.3	84	89.2	66.9	82.4	83.8	97	118	134	121	106	143	134	136	131	127	100	90.3	95.5	121	131	130	137	192	276	269	270	313	217	203	160	186	130	117	111	91.7	111	92.3	81	86.9	61.7	58.4	51.3	48.8	45.2	41	37.9	27.1	46	42.4	44.2	43.8	38.3	32.1	39.1	44	94.2	116	122	109	143	150	150	165	158	128	135	135	148	115	106	143	185	193	223	230	195	183	223	257	180	196	207	222	169	176	218	268	288	262	256	197	156	179	173	167	168	180	181	186	181	155	160	135	145	140	128	118	166	177	165	162	200	188	180	180	166
37.2	36.3	37.4	79.8	75.3	78.3	69.4	92.5	83	102	134	141	117	109	124	123	122	113	118	107	103	125	128	139	137	139	187	274	291	240	241	208	145	113	106	73.9	102	99.7	78.8	86.5	90.1	100	82.7	75.2	68.3	58.3	55	47.5	42.8	41.1	34.8	48	47.6	41.8	41.6	35.7	33.3	42.4	45.9	108	147	195	131	183	166	151	135	118	118	126	171	157	131	161	196	224	199	161	158	194	223	199	236	179	179	195	214	178	180	231	249	278	260	253	198	139	135	158	170	214	203	233	267	209	164	154	132	135	129	110	113	151	165	160	137	168	168	158	147	149
43	41.8	41.1	71.7	72.3	77	84.8	121	94.6	117	126	129	151	122	136	122	128	125	128	137	128	132	143	144	134	146	162	291	254	224	209	173	115	106	99.6	73.1	90.7	86.1	64.4	82.7	106	105	101	109	89.4	74.4	73.2	55.4	52	43.5	41	56.5	54.5	47.9	50.9	40	38.5	43.2	58.7	125	135	166	162	213	145	135	105	124	101	105	110	162	159	155	169	217	189	197	238	189	199	180	207	170	185	182	218	196	194	219	246	267	253	241	272	144	130	177	166	202	172	202	221	212	189	157	146	146	128	134	139	149	144	150	127	154	156	145	130	125
48.5	41.9	48.3	81.9	79.6	78	98.8	116	98.3	117	135	128	153	146	162	128	133	137	150	174	152	130	156	163	201	209	216	288	276	247	236	153	129	101	102	86.3	66	51.5	98.7	86.4	98.9	92.9	101	118	115	91	102	74.8	67.4	61.4	53.4	60.8	57.5	56.3	56	48.5	49.6	49	60.7	157	152	142	156	201	164	136	140	117	113	99.3	99.8	112	125	147	115	157	148	230	314	205	203	173	245	172	195	204	208	189	205	201	248	259	238	243	253	173	159	164	182	173	154	176	198	196	195	168	165	153	132	159	134	135	158	132	133	159	151	140	130	111
65.1	58.3	63.8	65.6	69.6	73.4	80.4	100	106	124	131	153	150	170	183	163	162	141	151	182	168	180	215	219	178	177	190	235	188	139	160	102	130	86.5	89.2	119	93.7	110	91.9	125	125	124	120	149	154	145	141	153	120	122	99	94.3	81.2	67.4	66.4	76.1	81.7	88.5	91.2	78.1	73.7	71.5	60.8	44.1	36.9	32.1	28	45.3	42.4	31.2	26.6	58.1	109	102	65.8	134	132	128	175	141	121	124	139	130	144	161	174	212	206	218	231	235	235	229	276	288	219	208	212	149	144	175	211	185	167	143	100	89.8	95	104	69.9	107	107	102	82.5	90.2	98.7	92.1	91.5	87.2
74.8	53.1	65.4	69.3	66.2	80.3	87.9	105	107	105	128	162	183	172	187	166	137	138	151	150	152	160	174	169	165	163	177	227	191	147	157	121	129	135	105	107	116	156	104	145	148	152	123	163	155	150	148	172	145	133	115	90.7	75.4	73.2	77.4	83.7	87.4	89.6	83.2	70.3	71.4	57.2	49.7	34.3	26.7	42	44.7	40.6	40.5	41.2	40.8	120	139	132	67.5	118	122	106	134	126	135	144	135	125	147	165	177	209	222	227	236	226	225	268	304	305	291	225	224	174	205	196	196	178	128	101	87.2	84	111	71.9	64.5	91.9	83.4	58.8	58.6	91.1	77.6	71.4	78.1	89.5
82.1	70.5	75.6	88.6	87	90.4	96.4	112	116	111	136	175	214	184	201	164	150	160	160	139	150	166	162	154	155	166	185	228	180	167	165	165	169	162	166	198	149	140	122	167	149	162	142	188	191	193	201	208	174	156	145	104	90.7	90.9	86.9	67.7	82.9	81	98.3	67.8	50.9	39.4	52.7	57.2	44.2	54.5	37.3	66.5	51.2	51.3	47.4	102	143	130	142	135	168	209	192	154	155	119	97.5	131	141	150	164	198	213	232	238	218	249	329	353	320	286	265	224	163	168	162	172	144	117	126	84.9	87.9	97	60.2	58.5	78.5	78.7	65.5	70.1	88.6	69.7	70.9	74.3	84.3
87	92.5	110	121	113	120	128	131	145	123	143	184	215	233	258	163	165	192	181	139	142	155	166	190	151	164	198	244	207	189	201	236	290	204	210	266	269	172	218	218	172	160	171	225	227	272	234	243	218	194	182	132	129	130	117	103	80.2	115	86.5	64.3	51.4	37.5	60.2	49.4	53.7	52.5	54.4	89.6	86.4	78.6	77.1	105	144	169	186	137	160	172	113	125	109	81.6	74.6	119	128	137	176	224	239	235	243	229	270	287	341	364	338	307	300	164	158	127	143	164	124	108	96	98.4	89.4	68.8	62.5	85.2	66.5	65.7	60.2	76.7	52.5	53.9	66.9	83.2
80.3	103	98.8	128	155	167	167	214	221	219	243	236	239	223	238	192	183	204	210	135	138	158	177	153	145	173	216	237	216	250	285	296	209	202	286	327	349	244	247	207	157	141	149	220	199	213	241	294	191	186	201	184	171	180	187	103	105	101	70.9	43.3	39.9	60.5	76	80.7	94.4	99.2	104	135	124	125	124	117	116	109	98.9	72	70.9	70.1	75.1	63	71	71.7	98.3	118	140	182	234	296	279	295	322	304	320	324	391	368	385	384	342	276	265	219	212	215	206	183	162	129	121	117	114	73	56.3	49.9	39	38	34.8	36	51	65.7
74.8	90.6	100	142	146	154	156	248	237	225	250	248	227	217	233	187	175	200	215	164	205	139	185	150	137	186	212	238	247	293	307	348	227	220	232	283	256	289	270	203	184	163	169	206	199	202	207	254	206	202	217	206	206	141	195	108	109	83.4	83	72	69.8	89.9	91.4	100	132	117	125	158	153	151	149	128	107	101	101	82.2	61.3	69.9	76.9	74.5	86.8	79.6	83.1	125	163	204	228	246	254	260	284	296	316	304	346	326	346	348	333	313	285	283	252	236	210	197	181	138	122	126	111	72.2	69.5	57.2	38.5	48.2	38.4	41.9	45.6	55.6
89.7	109	108	151	130	151	160	240	266	243	257	227	220	238	290	198	190	173	191	142	204	138	147	134	152	187	249	215	223	290	333	338	271	241	243	387	288	259	184	241	267	213	212	218	212	210	225	221	220	205	216	158	164	159	141	121	118	94.2	93.2	81.4	90.8	111	112	145	186	176	181	219	241	256	219	149	102	95.4	82.3	76.7	59.5	67.1	73.3	85.3	99.7	90	104	146	162	190	224	251	277	255	280	304	288	315	363	327	321	335	299	315	327	288	258	231	214	217	183	140	126	108	95.1	82.9	91.7	95.9	56.5	56.2	45.8	50.8	42.1	65.2
86.7	80.1	98.1	115	134	164	174	259	270	273	271	240	214	249	269	185	165	166	178	142	136	142	147	151	170	189	265	217	255	268	293	327	242	239	318	429	377	286	154	250	284	229	248	249	243	219	251	227	209	212	209	156	159	178	152	137	129	110	142	129	114	134	142	199	197	225	292	294	282	240	263	167	145	122	118	68.5	67.6	55.6	68.5	87.1	107	111	130	158	167	183	209	259	267	260	287	317	337	330	350	321	344	350	351	319	320	265	287	263	221	208	195	169	116	105	90.3	64.2	65.1	57.5	43.3	68.7	60.4	53.3	46.1	47.7
87.8	93.2	108	155	169	183	208	247	241	247	231	194	198	248	238	176	160	158	160	143	135	121	123	141	144	144	158	162	186	175	220	203	137	170	206	161	210	210	220	222	205	218	194	184	163	155	137	174	194	186	167	108	110	113	148	170	131	145	171	198	176	247	260	208	201	215	271	258	239	251	252	204	170	146	151	105	94.1	76.5	77.4	80.2	70.3	76.7	126	125	94.6	134	137	189	177	197	209	248	306	293	338	304	308	281	258	275	286	286	272	259	252	239	222	199	159	147	127	140	123	100	94.7	78	72.3	65.9	75.3	32.7
94.1	103	99.9	149	188	189	186	226	235	241	256	225	193	208	235	238	147	149	159	128	132	110	120	144	149	155	158	155	145	158	215	262	152	195	180	135	123	152	225	207	173	182	178	182	163	147	144	170	198	182	162	133	165	129	138	178	167	186	219	233	207	214	222	218	203	195	218	287	265	247	250	209	171	142	128	105	86.5	76.4	67.5	72.4	72.4	77	102	95.4	89.2	124	163	183	206	237	223	248	313	322	360	263	261	229	206	249	293	280	268	250	250	245	214	182	166	136	132	142	122	97.9	89.1	79.7	74.1	68.7	69.9	38.1
114	136	124	139	187	181	180	214	215	226	229	212	175	170	205	197	151	131	180	123	115	101	125	147	151	170	178	156	152	149	172	204	199	194	147	117	105	118	159	186	180	162	168	175	162	150	168	206	181	171	162	147	156	166	141	171	162	212	272	204	210	224	223	233	197	190	205	257	256	231	225	182	160	149	128	102	90.2	68	63.7	63.7	74.8	78.1	98.6	94	103	120	144	180	166	257	203	233	240	271	272	218	212	206	204	260	275	293	297	254	258	237	208	187	155	142	145	153	126	110	95.7	82.3	73.2	76.7	80.1	43
136	147	172	154	162	175	185	211	212	210	208	171	175	157	172	163	185	149	145	127	115	114	153	186	174	183	188	174	142	195	156	122	146	149	169	167	148	149	165	190	204	177	172	174	183	191	180	234	205	201	174	160	182	162	236	222	223	272	331	233	219	229	263	227	211	203	221	247	246	231	209	166	172	133	115	88.3	80.7	71	67	63.7	73.6	88.4	90	66.8	124	151	156	189	184	217	185	190	191	213	242	236	190	200	241	280	279	293	305	279	240	232	218	196	169	156	147	158	137	111	101	95.3	87.1	88.3	84.2	41.4
157	161	166	141	141	138	147	187	185	180	169	144	139	150	168	158	162	147	143	116	108	107	146	155	165	189	171	137	127	154	130	142	145	140	154	166	160	154	171	197	224	216	209	207	255	264	216	208	186	185	178	190	191	205	212	202	209	211	218	199	184	175	173	225	202	200	205	186	168	152	144	134	143	107	97.6	79.6	71.9	68.3	67.6	69.8	78.3	89.1	103	146	171	189	180	188	198	199	189	168	178	214	250	172	189	182	231	300	284	285	277	299	257	246	228	224	201	165	164	157	129	121	108	97.9	99.5	99.9	107	114
149	136	142	137	140	153	152	169	179	172	163	155	146	139	167	147	156	143	144	124	133	117	127	130	149	160	146	130	116	117	125	137	138	142	156	161	178	151	159	214	236	225	201	218	219	271	257	211	195	181	174	181	192	191	204	203	197	205	202	189	187	167	167	203	189	190	178	155	139	129	124	124	115	103	99.4	80.2	70.8	68.1	70.5	74.4	83.8	93.8	117	165	200	194	207	202	206	195	171	186	206	235	260	183	195	188	225	282	286	278	265	267	250	240	225	210	187	174	158	148	136	120	106	101	102	105	115	125
140	129	138	131	139	142	144	176	171	182	183	177	162	154	146	146	155	142	169	147	131	124	119	124	144	140	124	133	126	116	123	136	138	144	149	129	136	139	151	234	193	215	202	209	222	234	207	212	206	188	187	190	188	168	186	196	212	195	192	187	181	173	169	187	185	175	181	141	138	123	119	121	112	108	95	89.4	78.1	71.5	79	82.4	96.2	112	139	193	211	232	241	216	209	248	228	240	265	255	300	213	186	222	224	309	269	259	252	242	223	213	213	208	178	176	169	166	140	117	111	104	110	115	125	120
136	132	130	143	150	153	152	176	185	203	190	187	187	178	168	169	180	159	208	193	135	133	129	126	139	143	127	129	134	128	137	142	146	149	163	134	202	153	150	234	226	182	186	210	224	232	248	219	232	205	209	202	191	176	186	206	203	196	197	192	192	188	167	191	186	178	172	134	164	132	114	118	110	103	94.3	92.7	91.9	92.3	92.5	106	116	132	158	227	215	234	286	226	268	274	242	265	226	282	302	239	252	268	253	308	270	249	227	238	220	223	204	209	187	175	172	170	149	133	138	111	105	110	125	143
97.5	104	116	138	139	138	155	162	154	161	160	176	168	173	190	162	169	167	200	181	158	147	158	155	148	166	149	148	141	139	162	163	165	160	179	166	182	175	166	184	190	183	187	196	192	202	220	279	295	266	274	226	232	221	198	211	213	229	246	255	245	229	194	162	152	197	156	128	125	128	120	118	112	104	98.8	85.1	97.6	104	99.8	126	142	150	157	186	182	204	255	222	257	259	278	251	226	218	253	330	361	342	271	310	285	219	202	283	200	237	228	200	193	199	212	169	163	169	160	136	137	140	151	134
102	101	112	141	158	142	159	163	165	168	152	186	178	179	211	155	152	152	154	147	153	160	167	151	149	158	158	155	152	138	150	152	155	157	185	167	157	165	153	164	174	181	177	189	201	201	207	253	277	268	270	215	221	217	195	206	191	204	216	270	246	223	195	157	144	172	154	133	128	124	121	120	114	103	98.5	87.8	89.4	95.1	88.6	119	146	160	172	172	174	193	212	223	231	250	268	237	211	211	252	300	322	298	276	295	250	193	196	187	154	147	162	191	173	198	210	171	179	169	164	148	150	150	158	151
111	108	127	158	158	156	175	171	156	166	162	198	201	189	185	158	146	147	147	137	156	160	161	153	153	159	167	172	165	152	153	154	154	152	162	161	153	146	143	158	168	154	158	194	223	209	207	256	273	284	269	224	234	217	219	214	197	200	210	238	239	241	201	161	144	140	143	133	143	127	126	129	110	105	101	88.8	88.5	92.7	95.4	123	154	165	191	174	188	208	218	238	236	250	269	246	250	236	240	274	260	271	266	274	193	199	213	171	150	153	138	185	169	184	186	171	168	158	160	158	160	165	173	179
123	131	156	193	175	170	205	236	193	175	180	211	210	194	198	169	155	158	163	145	153	162	176	160	170	172	171	197	203	178	185	152	147	152	169	174	157	149	147	155	177	160	156	226	210	209	230	273	287	281	291	243	247	237	223	207	206	232	201	229	219	209	206	160	149	150	163	135	125	133	136	137	122	116	103	97.5	93.9	87.9	111	143	161	175	183	181	222	216	254	284	261	260	255	240	275	244	276	283	258	292	300	323	237	239	212	186	163	145	155	155	162	165	177	167	170	162	170	178	178	179	190	213
133	141	168	187	180	206	235	251	234	213	204	209	203	198	210	191	184	192	215	175	160	166	185	179	170	169	187	203	239	223	219	220	179	182	174	187	196	195	192	182	167	176	201	210	224	232	230	237	258	254	265	228	222	208	206	191	193	195	185	182	220	186	176	142	147	133	145	122	126	126	133	141	144	105	87	104	91.8	96.1	115	147	144	148	156	182	189	202	222	249	232	248	224	214	239	266	314	340	286	304	329	296	268	235	222	165	153	130	116	112	106	105	114	128	126	123	123	135	136	139	156	159
145	137	146	168	177	221	239	199	208	203	198	209	207	203	203	187	201	195	192	175	167	161	183	187	187	198	184	187	252	263	245	208	194	177	176	196	198	186	175	182	169	173	191	222	234	220	229	245	283	250	239	224	203	192	188	180	175	192	177	176	158	178	159	139	142	141	143	152	131	140	129	134	117	104	82.8	93.9	89.2	103	119	145	165	172	180	201	200	187	164	231	213	231	199	239	234	234	242	313	279	334	362	306	266	241	242	166	138	115	100	104	92.9	95.6	100	112	110	117	117	134	135	145	153	150
175	149	200	182	170	213	216	195	202	228	212	218	203	211	232	200	207	214	205	192	174	177	207	244	238	235	228	227	215	230	293	207	176	183	176	214	241	227	192	190	186	222	205	239	228	222	240	257	270	274	255	225	210	177	191	199	185	196	194	179	157	161	162	140	130	139	140	146	125	145	125	122	105	88.3	102	119	109	133	122	127	163	186	196	272	203	168	166	207	211	215	230	229	218	266	240	290	303	410	357	277	272	275	289	172	136	121	88.2	94.1	94.3	96.2	102	116	102	114	138	134	131	147	153	152
177	174	192	221	181	183	216	203	201	197	209	212	206	209	226	220	230	229	229	212	196	202	220	298	298	286	264	277	227	223	234	190	174	170	199	216	216	251	214	219	237	271	273	267	229	219	259	266	264	303	279	234	222	199	197	213	203	216	222	163	162	165	149	148	146	134	163	160	125	141	155	130	107	97	103	127	118	116	110	129	143	161	181	179	192	164	168	203	197	211	224	225	221	236	241	296	295	286	291	299	277	251	267	172	133	141	121	112	93.2	92.4	115	106	103	108	111	121	127	133	142	150
196	192	217	167	152	169	208	191	197	222	192	200	220	207	226	231	236	235	224	234	236	224	232	312	381	327	408	417	309	332	307	225	226	232	303	272	266	294	298	288	274	296	259	226	224	226	266	265	248	274	248	201	184	189	172	211	185	179	220	135	121	183	152	143	117	126	190	171	134	175	163	135	105	93.6	98.7	116	117	114	103	116	186	147	216	215	187	175	213	163	152	175	156	195	193	201	242	274	252	254	281	208	194	183	164	110	109	89.2	77.3	84.4	80.1	80.7	83.4	89.4	91.7	98.6	97.2	113	115	119	128	136
200	155	154	155	161	141	159	190	175	193	246	219	242	222	214	237	260	230	233	265	242	235	229	322	329	402	372	308	324	374	303	239	252	271	291	266	234	256	283	301	262	259	253	222	225	226	224	238	257	250	241	191	159	180	162	179	197	171	211	130	143	172	152	103	149	172	140	155	142	202	167	139	105	132	103	125	114	133	101	112	125	154	220	251	227	241	260	193	188	204	151	174	181	226	270	273	237	240	252	211	203	188	159	96.2	95.1	79.8	79.2	95.8	91.3	80.9	85.4	104	108	110	102	117	120	120	123	130
155	152	175	168	169	138	157	184	172	195	208	207	210	208	210	234	227	216	242	289	262	247	238	265	308	338	403	336	293	335	343	294	279	267	280	287	248	236	282	261	226	234	252	219	204	215	215	256	248	246	231	227	163	153	164	176	199	189	198	155	145	138	117	112	143	142	165	162	173	194	190	151	136	124	115	124	138	138	129	132	104	158	246	242	296	300	281	218	195	126	109	182	189	223	241	236	246	229	230	240	208	211	149	83.3	88	80.6	72.5	81.8	72.8	80.6	91.2	108	111	116	108	117	123	119	118	126
175	154	168	176	162	163	170	203	215	183	184	194	198	200	220	235	229	219	243	265	248	249	231	271	263	312	429	328	288	292	319	363	346	352	323	292	267	244	267	289	232	211	228	217	218	223	216	264	256	265	249	220	180	165	161	169	197	236	265	196	154	162	157	137	156	173	165	155	172	165	182	167	132	114	127	136	141	145	168	172	119	152	173	281	270	316	291	244	271	139	124	193	194	182	197	226	237	241	246	245	214	205	169	110	146	88.1	78.3	83.5	81	92.6	110	110	127	109	112	112	114	113	111	121
187	201	213	240	235	244	273	251	236	211	175	173	187	209	230	240	234	222	237	228	240	239	231	310	311	292	347	338	377	365	438	378	401	405	407	305	268	228	238	237	229	216	224	235	236	242	240	248	248	293	289	195	170	190	204	182	172	188	196	171	166	186	207	201	161	198	185	165	172	213	225	200	193	149	158	120	115	145	152	185	160	135	187	297	255	315	284	195	172	159	145	163	170	163	193	213	198	245	249	220	199	185	178	106	96.4	80.4	92.3	95.3	98.1	101	106	93.5	84.7	76.1	87.1	95.8	94.3	98.2	110	107
190	180	188	230	221	254	257	260	240	214	177	166	176	194	212	229	230	211	227	219	228	229	212	274	274	265	268	280	290	359	388	353	352	354	340	291	257	246	254	215	195	216	281	238	228	234	221	251	225	230	234	201	190	222	339	276	201	294	189	181	174	195	168	185	173	168	183	167	159	155	148	185	172	150	145	133	140	108	182	212	158	189	219	286	302	311	263	213	241	189	142	151	162	193	201	244	202	225	307	207	203	180	164	114	94.7	99.5	145	98.7	94.5	91.6	96.7	87	80.4	83.1	82.4	90.8	97.2	95.2	112	93.9
159	170	167	204	209	234	257	250	245	221	192	169	187	200	198	218	230	211	214	211	214	221	207	250	264	255	256	268	301	354	309	313	318	315	301	272	246	277	285	217	199	208	259	255	215	232	220	243	237	211	216	246	247	242	301	332	217	221	196	179	180	221	231	239	186	208	213	187	195	211	147	167	169	177	188	178	137	111	140	234	198	188	207	281	335	313	292	244	281	220	176	158	162	199	208	226	222	233	247	224	198	185	204	153	119	111	112	95.1	90.6	86.5	88.6	90.7	92	89.7	75.8	94.4	95.2	88.8	87.5	83.1
154	170	169	179	190	219	249	242	243	233	200	178	196	191	197	224	219	205	214	213	203	225	209	263	271	231	205	263	257	345	269	293	303	316	283	263	283	301	311	238	235	235	241	238	235	227	217	229	221	216	209	254	266	253	234	242	199	200	209	231	287	229	223	271	241	259	247	164	162	167	206	136	157	168	155	160	155	133	106	175	194	171	205	356	416	365	358	276	274	248	224	186	197	210	208	247	256	274	371	255	211	235	232	151	178	115	113	100	90.3	94.5	114	89.2	85.6	79.5	81.8	85.3	79	79.7	82.1	77.4
193	189	201	186	198	211	211	209	195	195	197	177	161	162	172	196	197	184	204	256	239	272	287	301	289	291	281	263	285	379	348	277	281	334	330	293	283	283	284	251	277	300	298	240	248	244	224	180	200	227	207	217	268	292	283	226	222	218	250	252	234	224	245	280	242	237	197	139	180	172	197	108	128	159	102	94.2	117	147	123	128	139	155	191	270	304	265	290	263	246	220	220	195	210	213	203	254	246	265	294	274	234	237	232	158	165	140	159	148	115	86.8	95	74.3	70.4	50.8	62	71.2	68.2	62.9	62.4	59.7
166	171	189	174	184	193	202	190	175	172	175	150	148	155	166	185	199	188	196	251	239	254	243	261	243	248	267	237	277	320	318	274	264	306	321	321	306	303	316	271	268	290	277	248	288	275	235	152	187	185	240	262	255	282	242	269	258	207	260	254	251	240	234	308	222	200	178	136	180	188	152	138	109	136	140	104	116	136	146	153	179	167	246	315	262	254	251	234	197	180	235	211	188	196	210	241	254	242	268	268	244	240	227	161	128	147	150	148	110	84	72.2	55.5	56.5	53.3	62.4	73.1	70.3	64.3	66.1	60.9
168	166	172	160	172	181	184	177	163	159	154	140	144	159	178	182	190	185	188	239	233	241	225	257	236	247	257	239	271	286	306	275	260	288	308	307	321	314	339	293	311	283	268	269	277	276	235	164	162	191	259	344	286	231	229	260	267	233	242	261	248	250	269	267	240	232	191	168	152	167	171	188	120	147	153	175	133	166	146	169	171	192	228	277	262	254	202	214	210	171	233	197	203	208	223	248	252	240	269	278	244	248	234	174	154	155	160	173	123	92.6	90.8	53.6	45.3	47.7	73.4	89.3	76.7	83	62.5	64.3
185	174	168	142	150	163	188	171	176	169	153	137	140	151	165	185	175	185	191	241	216	225	225	256	239	246	270	262	268	278	290	255	271	289	313	292	303	302	338	279	292	302	286	289	252	276	257	226	204	182	198	251	243	271	344	275	331	283	274	274	293	243	244	247	281	208	209	210	187	200	224	185	162	147	137	160	185	228	215	190	197	201	244	273	222	221	224	220	194	298	339	210	225	237	261	302	246	251	271	304	283	262	268	235	193	201	195	195	142	121	103	55.9	49.4	59.7	84.4	93.2	89.3	72.4	70.8	68.5
200	182	180	141	150	171	145	160	151	166	178	132	140	173	182	202	192	201	210	271	251	229	251	252	233	233	266	238	253	260	249	230	237	252	281	289	299	306	351	295	284	286	275	233	238	279	278	317	303	301	290	275	242	316	282	233	278	246	289	321	305	262	233	171	178	197	188	199	188	200	217	224	184	192	210	249	231	223	303	302	250	243	281	252	192	217	235	212	178	221	251	246	269	231	234	236	247	257	286	297	271	273	286	298	249	215	230	246	210	181	147	98.3	98.7	87.2	87.7	109	102	88.5	91.9	84
174	183	181	133	141	150	144	154	149	159	182	150	137	142	170	220	209	207	223	282	274	241	233	241	232	252	257	241	248	260	250	244	247	267	270	300	307	332	366	319	320	292	282	223	247	233	281	339	302	305	295	261	259	266	227	212	215	270	290	347	283	280	208	176	200	241	201	208	199	213	205	188	178	188	182	222	198	228	251	328	260	269	256	257	211	233	222	226	224	284	253	241	217	252	290	223	256	255	283	280	280	288	279	293	234	222	258	310	232	205	144	114	111	95.3	89.5	109	97.5	98.6	111	96.8
180	178	179	136	127	130	148	160	156	162	171	144	143	143	153	226	249	224	226	247	260	249	249	245	239	242	251	235	237	237	254	232	232	268	268	326	319	336	373	352	382	303	287	244	241	253	280	268	261	268	278	250	274	221	246	221	228	310	292	342	258	239	274	207	226	248	205	211	249	224	226	208	246	216	213	196	175	221	235	338	283	316	246	232	201	190	243	248	292	280	187	222	234	249	272	278	241	242	274	273	290	252	253	262	231	244	253	250	204	160	141	127	136	141	99.3	120	113	113	127	106
184	172	171	139	137	137	155	184	161	163	183	151	170	158	155	249	253	235	246	245	231	251	243	264	241	229	251	255	228	250	265	247	247	271	291	314	307	317	350	316	319	304	298	253	261	265	282	278	225	246	211	194	217	197	226	286	234	252	298	347	252	243	257	218	243	265	240	243	223	219	248	214	291	302	250	225	182	200	316	311	269	277	286	339	265	196	214	254	213	241	193	224	240	270	264	271	237	263	305	272	233	247	282	331	259	264	285	244	189	150	127	102	98.5	108	104	132	120	131	134	106
150	153	156	137	147	147	165	195	199	196	213	265	231	189	192	226	225	245	225	219	220	219	221	228	235	232	244	255	258	286	313	277	298	329	348	337	322	312	324	284	309	247	246	297	277	291	302	283	239	251	248	201	191	186	243	246	240	262	249	231	230	192	203	208	252	248	245	236	214	201	241	247	256	319	375	205	205	245	275	242	224	256	276	329	270	253	285	242	208	178	197	210	215	215	241	263	254	277	243	246	254	230	239	247	204	229	197	208	147	139	146	101	94.9	92.6	108	141	131	130	122	87.7
142	142	150	151	140	147	154	194	181	188	208	244	228	188	201	204	187	194	188	209	201	197	202	220	224	239	239	254	250	265	292	297	280	294	353	321	311	296	308	267	258	239	257	277	262	266	288	290	242	240	247	209	200	206	232	230	202	236	277	257	190	199	215	231	250	242	250	266	276	286	224	246	229	278	338	247	215	235	210	215	212	225	223	229	209	256	317	213	210	186	207	204	222	184	183	239	264	263	246	235	233	214	232	218	211	202	176	168	131	183	164	122	117	108	105	140	125	114	108	81
151	150	179	158	144	152	170	212	219	187	204	210	193	183	172	167	161	166	167	180	177	191	199	214	225	226	239	258	250	249	266	259	270	301	361	343	308	292	296	250	243	250	250	249	256	251	321	245	284	262	268	286	249	193	212	222	219	242	286	263	201	176	189	243	271	295	263	294	320	232	206	247	237	263	363	298	212	212	192	214	220	233	208	222	196	246	232	212	202	176	187	193	207	183	186	237	234	278	285	258	244	235	221	217	211	188	192	173	141	116	161	146	173	112	111	121	120	120	107	79.2
171	162	157	170	158	177	202	217	228	203	199	236	191	165	164	153	149	163	165	176	174	200	187	216	228	237	242	256	257	243	256	259	278	280	322	339	326	312	303	267	263	261	275	256	254	255	260	239	270	275	280	244	267	207	219	219	209	264	237	224	187	164	156	227	235	258	265	272	306	237	215	301	301	301	313	252	228	221	203	218	225	240	224	269	194	181	209	222	204	202	227	216	217	195	188	234	231	250	322	263	276	271	249	210	208	194	193	197	147	132	144	122	137	114	113	128	141	137	118	84.7
178	190	178	201	166	163	174	225	244	205	230	256	239	212	200	139	130	126	155	169	173	181	187	234	252	261	272	258	264	249	256	230	208	222	254	291	281	278	284	327	285	293	304	274	262	238	266	255	242	257	241	266	279	274	256	193	177	280	205	178	181	139	140	204	213	216	219	248	227	245	254	309	333	293	299	262	258	222	224	217	229	256	246	222	209	184	243	253	226	311	303	323	280	197	281	265	239	239	236	245	249	229	254	258	212	194	166	144	181	151	139	112	102	105	108	122	120	116	120	101
156	170	173	192	167	147	147	193	215	183	221	256	234	222	218	150	145	118	137	156	159	165	176	230	243	264	265	247	248	248	274	217	204	217	240	232	263	263	283	318	285	295	297	256	241	248	249	313	218	224	238	247	299	296	271	238	189	235	213	156	146	131	139	204	203	223	236	259	232	255	280	322	312	272	276	258	223	209	222	221	238	256	267	221	218	189	198	204	219	308	336	293	258	236	292	214	225	234	232	256	237	237	264	237	242	189	187	174	150	155	176	124	105	106	141	144	136	129	126	104
157	162	158	217	183	148	147	159	179	185	215	240	229	237	243	137	160	120	108	147	151	161	171	220	234	247	253	248	235	231	232	227	205	215	234	213	239	235	268	297	278	287	329	287	242	265	245	194	194	207	250	253	238	278	258	225	189	209	216	196	196	166	167	215	211	224	241	240	254	276	320	321	309	287	280	249	217	235	237	249	247	217	222	210	224	177	152	183	273	349	321	345	291	247	307	218	234	235	235	254	231	282	250	207	201	174	178	196	188	144	156	135	111	123	151	148	149	135	122	116
147	155	175	226	195	167	153	175	176	210	228	253	222	215	212	159	145	158	144	155	151	157	171	213	229	240	241	244	233	231	226	233	223	228	247	215	223	224	240	285	290	272	320	328	276	316	309	169	175	216	267	267	219	268	275	233	220	240	243	220	223	186	186	248	237	237	237	263	269	289	301	336	345	319	297	231	204	228	255	271	260	243	216	279	251	224	192	248	353	402	363	323	292	281	268	227	286	260	270	258	242	252	272	243	221	172	186	171	185	126	130	132	141	156	166	147	154	144	123	123
175	225	237	220	207	205	198	170	162	178	189	212	196	204	206	177	170	180	167	148	145	150	157	194	202	202	203	211	207	205	222	213	220	225	243	214	212	227	215	276	303	347	289	303	278	269	293	188	181	196	218	211	202	209	221	204	213	232	245	206	202	200	207	262	288	286	301	282	286	309	327	314	321	311	265	224	236	238	247	249	250	276	243	341	382	331	273	275	315	350	414	424	311	325	345	262	279	237	256	267	246	251	274	223	204	190	208	231	183	166	165	156	161	162	170	178	169	172	152	162
184	195	223	188	178	184	186	162	169	183	170	186	184	190	193	184	183	180	161	152	151	151	163	185	196	191	191	190	201	201	225	210	217	214	229	223	207	218	218	232	240	271	315	263	234	211	223	175	202	209	198	209	189	193	191	189	200	206	233	242	233	214	196	256	300	297	283	287	262	277	296	299	294	285	264	240	236	269	268	250	251	283	277	410	400	318	288	299	317	400	370	447	376	338	388	283	249	248	249	256	232	241	275	227	239	201	205	217	203	170	166	162	156	163	175	154	157	136	144	159
176	203	227	190	191	195	189	177	179	194	171	179	185	186	181	196	194	195	191	166	163	159	152	176	182	193	190	188	185	197	221	229	219	215	226	239	221	212	240	272	238	283	271	219	209	197	184	177	187	205	192	205	185	181	188	185	197	218	211	199	219	207	197	266	261	291	297	292	271	232	245	280	286	267	276	271	273	225	267	258	247	292	321	427	457	422	318	276	344	343	386	409	374	364	411	272	256	258	259	258	233	245	254	227	207	207	216	206	205	186	178	171	169	172	161	166	156	126	134	156
188	227	231	209	222	197	190	215	194	191	178	187	181	185	185	217	216	218	238	189	193	184	163	177	180	196	199	193	197	205	219	225	223	240	243	279	243	244	253	293	270	308	271	235	208	205	188	198	178	192	202	229	191	178	188	198	187	220	211	193	210	196	214	273	252	242	264	264	246	245	249	282	270	285	268	288	283	248	244	270	269	296	384	401	425	373	295	264	272	281	294	375	373	387	452	281	270	288	273	275	240	251	275	217	204	214	204	176	182	203	232	189	186	197	156	145	142	133	144	158
187	218	238	204	203	187	169	173	189	196	204	211	210	209	222	261	269	268	269	222	218	211	221	194	185	186	204	251	252	245	257	231	231	236	270	286	267	272	299	314	334	297	295	324	292	251	243	160	149	154	189	232	208	203	182	186	170	203	209	225	246	248	281	248	249	222	230	228	211	274	273	291	309	318	326	355	292	316	321	310	290	303	364	434	411	367	265	240	245	289	254	307	391	330	391	311	324	388	355	373	314	320	310	260	246	249	213	175	186	176	189	193	179	173	152	140	135	138	140	142
191	221	268	214	192	167	154	177	188	195	198	232	233	231	241	281	274	269	265	225	223	213	224	199	183	181	186	239	259	257	261	242	252	251	263	261	268	268	287	326	318	289	292	309	349	272	328	223	174	167	177	205	191	186	175	180	173	186	228	225	265	321	286	258	231	203	205	231	209	225	246	279	301	338	385	350	281	326	352	315	316	339	329	379	377	338	259	332	264	274	266	321	356	406	328	291	301	326	303	350	294	272	293	260	223	220	227	172	193	199	192	183	199	194	151	148	138	139	141	137
186	213	237	218	177	164	157	187	211	245	232	252	260	267	282	300	283	273	277	238	234	236	238	212	198	193	192	233	269	299	281	231	241	282	276	314	285	284	301	331	332	311	286	330	348	279	269	227	217	185	174	193	189	199	190	198	187	185	210	193	264	270	266	282	244	232	235	218	201	220	226	263	291	360	402	385	382	370	361	367	379	375	360	367	357	335	314	292	297	318	290	386	435	398	317	245	263	303	292	339	274	251	252	261	230	223	238	187	193	224	188	194	173	200	167	170	152	140	155	148
204	219	227	207	188	168	169	192	231	294	324	306	308	291	282	316	288	287	288	255	240	254	267	228	206	191	202	269	284	340	299	242	242	250	283	323	325	291	302	317	317	332	302	254	319	302	282	241	276	196	174	196	195	213	219	244	220	202	210	208	280	312	273	307	304	300	281	233	213	245	246	285	349	407	409	434	442	424	366	417	428	410	400	409	391	375	313	322	367	282	304	343	372	348	324	289	241	229	274	342	296	246	246	262	241	261	268	206	205	219	187	201	176	178	180	174	157	154	137	154
110	130	137	126	117	118	125	142	165	211	315	327	340	336	341	361	314	272	282	257	249	247	270	235	216	203	207	227	237	250	276	276	266	275	300	305	284	283	316	342	340	346	314	262	265	314	319	262	267	259	233	200	183	196	239	227	217	189	197	213	256	245	288	310	261	327	306	261	256	296	286	288	285	319	317	361	405	380	345	430	437	454	451	335	331	319	300	357	355	297	255	323	401	440	427	267	225	193	196	225	212	188	196	222	223	248	264	244	251	271	221	213	200	198	190	155	134	133	129	134
96.7	97.9	103	112	108	103	129	137	146	179	246	306	292	293	316	380	334	282	265	259	247	244	241	226	211	206	219	228	236	243	255	265	289	296	294	281	267	292	316	316	302	291	312	331	230	219	250	241	253	260	210	192	182	200	225	237	221	197	173	181	194	224	300	256	246	267	273	275	254	252	285	304	259	269	308	355	353	387	392	449	446	452	441	326	322	299	275	319	338	263	250	270	317	376	411	285	230	215	215	225	202	191	186	217	234	240	262	271	283	254	224	231	204	192	198	147	125	121	122	136
109	104	103	98.2	101	104	131	143	158	189	228	238	241	257	276	327	294	256	245	253	245	241	239	211	203	212	214	237	247	255	265	284	301	307	295	280	290	279	296	310	318	345	295	262	275	239	240	217	222	234	209	187	193	200	184	212	230	240	201	213	201	173	209	240	238	263	277	277	269	255	274	308	283	274	292	344	322	355	399	442	444	448	427	347	326	307	290	305	324	266	301	269	260	276	311	291	231	205	203	244	215	194	200	225	242	244	260	252	248	236	218	222	213	197	212	166	137	123	117	118
110	110	110	96.3	101	115	142	169	187	213	236	239	219	231	252	308	279	242	209	248	243	228	230	207	206	219	231	258	255	264	281	295	319	320	327	310	293	285	277	303	343	350	324	261	263	223	255	243	211	179	177	210	209	182	192	237	254	265	276	220	240	252	264	249	252	248	264	322	287	280	275	315	319	303	306	394	355	375	406	427	445	456	448	355	306	294	293	289	286	300	286	235	229	255	296	311	257	211	200	249	204	192	196	233	248	283	275	291	239	235	221	231	226	210	215	173	139	128	119	110
101	113	127	101	107	118	142	145	139	138	149	138	137	144	143	158	153	145	128	145	148	162	173	194	197	218	237	255	266	284	306	344	379	373	369	326	300	280	274	281	272	311	324	282	224	206	253	193	153	90.9	146	202	149	155	188	268	287	287	270	287	289	259	292	284	257	284	283	273	268	284	271	273	264	270	267	258	287	313	381	408	422	414	415	393	372	376	349	328	316	313	343	287	285	329	351	306	280	251	248	205	176	171	179	225	242	262	268	272	269	288	272	251	236	229	215	175	137	124	118	117
85.6	99.8	114	94.9	98.2	99.8	114	130	127	130	128	118	117	113	118	128	114	117	116	136	131	141	159	184	198	217	245	259	271	282	315	368	383	393	383	339	297	294	281	275	266	287	305	274	228	201	227	195	158	91.6	121	170	113	141	197	242	249	232	281	342	314	301	361	288	262	261	291	266	272	260	278	262	268	260	262	275	324	282	330	374	388	412	392	400	401	399	356	321	325	305	296	340	322	357	397	318	292	258	250	215	174	164	173	224	230	240	267	265	276	292	272	252	239	221	201	177	153	135	127	127
84.7	89.4	103	89.1	94	102	105	108	111	111	114	109	99.7	98.6	102	125	105	106	115	148	134	133	152	176	190	204	232	246	266	284	318	402	418	407	404	343	296	288	270	259	251	263	286	312	210	204	246	173	136	142	109	136	124	140	209	226	246	289	330	353	363	306	366	308	273	260	304	306	271	291	300	274	284	255	244	236	265	279	292	363	351	364	363	381	405	391	356	373	333	301	316	396	366	363	338	298	276	254	245	219	178	156	172	219	231	242	271	267	274	282	274	248	239	223	214	176	164	140	139	144
88.1	88.3	106	84.6	92.6	91.7	104	111	107	103	104	108	101	93.6	92.4	127	101	97.5	101	139	136	145	155	176	183	199	221	245	270	294	319	410	423	421	404	338	300	284	268	265	251	275	294	291	234	216	246	148	130	136	142	137	132	158	188	244	239	299	338	379	386	393	354	301	269	275	333	269	249	258	281	277	279	264	250	258	274	269	267	360	362	363	376	390	375	385	351	379	313	284	287	325	322	393	327	307	279	303	249	238	206	162	162	205	237	231	248	278	272	272	281	248	226	205	189	174	145	172	177	167
64	81.6	107	48.2	50.5	53.4	63.5	69.3	81.6	75.6	83	78.9	76.4	78.8	82.7	95.5	90.8	97.4	101	125	142	160	188	193	200	211	237	270	298	326	339	357	402	381	362	330	302	282	272	253	260	250	277	261	231	253	253	208	205	204	224	189	183	192	211	223	247	278	287	294	341	327	314	267	254	242	264	223	241	266	277	261	255	244	235	251	289	279	295	374	334	333	345	322	316	316	290	294	279	361	377	270	246	243	239	226	209	210	212	199	172	165	171	178	203	201	199	214	220	206	208	193	184	172	174	168	158	199	188	150
45.3	56.2	62.2	44.9	49.1	42.3	44.5	55.1	54.7	55	64.9	66.7	68.9	72	70.5	92.4	86.2	87.2	91	126	139	161	172	186	195	214	243	285	308	340	335	366	380	378	347	318	307	273	280	262	258	246	251	248	250	247	245	202	195	203	212	177	171	186	237	244	215	223	222	274	324	366	327	246	253	232	220	211	230	253	263	291	255	250	254	325	383	323	300	335	319	312	346	312	276	270	252	262	255	263	310	235	215	225	218	232	202	229	202	182	166	165	163	164	165	171	172	207	195	192	196	201	177	168	181	162	157	151	143	142
27.5	28.6	39.2	32.5	65.7	21.4	30.2	45.6	34.9	40.5	45.5	63.1	65.5	57.2	60.6	79.3	82.5	77.6	78.9	114	126	146	174	188	197	212	238	267	297	313	324	343	341	347	325	313	291	274	273	250	234	237	232	227	202	202	235	210	198	205	211	197	176	191	195	218	218	214	225	277	331	314	295	231	235	268	220	196	204	229	269	262	259	261	272	379	402	335	327	335	310	299	334	303	306	262	236	247	263	261	253	227	214	254	243	234	221	235	209	181	167	172	162	157	157	165	177	195	170	173	177	200	166	153	178	168	133	121	129	133
17.4	20.9	25.3	20.2	18.6	17.2	19.8	34.2	26.5	28.2	33	55.1	50.6	52.5	54.5	75.1	69.4	67.6	73.1	111	139	148	178	185	190	203	221	240	258	283	291	316	312	305	307	316	289	278	261	249	238	245	232	209	191	197	225	218	198	199	224	298	208	204	191	222	244	239	275	309	302	327	268	231	223	232	219	212	227	215	247	250	236	235	243	373	361	318	324	349	340	300	283	294	279	263	229	229	229	249	271	266	223	207	200	267	254	262	240	206	190	179	180	173	168	176	188	201	184	170	165	173	161	140	136	140	129	115	113	130
2.21	2.05	2.08	6.03	5.72	5.64	6.36	10.2	16.2	16.9	19.9	34.3	40.1	43.8	56.2	67.5	65.6	67.5	78.7	80.7	83	95.2	116	161	169	180	211	203	192	236	255	275	284	311	330	273	269	271	255	221	216	225	217	202	183	186	206	217	211	218	258	271	237	218	227	249	267	253	258	311	289	304	265	219	214	208	207	243	241	260	267	248	258	263	314	363	336	331	388	321	303	254	259	269	271	250	249	232	228	222	257	230	238	214	232	275	277	279	269	261	227	218	228	193	185	169	157	183	175	159	159	146	138	130	136	144	121	123	116	138
1.52	1.35	1.21	3.71	3.41	3.39	3.63	6.2	6.96	12	26	24.9	32.2	34.1	41.9	54.3	57.9	60.8	68.6	70.8	69.4	81.3	87.4	137	129	138	164	173	182	226	253	316	298	323	337	269	255	245	245	211	204	204	212	187	177	188	196	200	205	208	217	224	247	239	209	232	240	268	256	301	274	267	277	215	204	217	204	242	238	244	257	236	295	285	308	382	347	332	363	277	270	262	283	305	323	325	286	218	210	240	221	228	195	211	292	294	277	304	293	278	257	252	229	192	206	193	158	160	149	152	149	142	141	142	158	146	123	145	126	137
1.1	1.01	1.3	2.5	2.11	2.22	2.36	4.06	4.65	6.71	9.68	30.2	22.8	27.1	32.1	41.9	53.6	48.7	63.2	68.3	66.5	70.1	75	116	101	116	131	160	165	181	245	322	333	347	356	285	259	254	234	205	193	194	184	182	168	174	183	198	205	217	213	191	207	213	222	221	211	218	273	265	283	257	243	211	209	208	202	234	224	227	227	239	258	284	276	401	340	285	328	255	249	279	321	328	307	340	308	221	219	256	219	208	200	215	208	262	289	332	346	285	258	258	240	211	190	177	147	150	138	140	157	144	161	161	145	127	125	130	127	141
1.32	1.49	1.26	2.63	1.97	1.96	2.3	3.64	4.06	5.37	7.98	18.4	22.9	22	24.1	35.1	45	41.9	60.2	70.9	65	60.2	70.5	93.3	90.3	133	120	145	157	175	239	374	413	439	368	317	280	249	224	205	191	187	182	193	173	174	171	194	197	206	205	182	206	190	212	198	200	209	220	236	249	244	233	216	220	193	195	251	225	230	220	229	220	222	252	355	296	323	380	289	261	267	316	347	302	306	279	211	204	230	259	239	243	246	224	276	324	306	317	316	278	256	242	209	194	168	153	143	137	148	162	158	160	160	136	143	140	139	155	142
0.96	0.18	0.9	3.32	3.12	2.74	3.04	5.04	5.44	6.56	8.39	9.79	11.8	13.7	16.4	24.4	31.9	33.7	43.8	76.2	49.3	55.4	57.7	65	70.4	89.6	84.3	85.7	88.7	109	174	279	359	515	544	346	274	250	234	182	174	176	173	180	167	159	168	167	161	169	189	174	145	137	174	182	198	202	210	221	225	214	228	230	227	219	218	182	206	206	210	155	136	139	204	260	193	290	345	306	279	295	319	308	252	235	212	207	205	202	251	249	232	242	259	287	295	297	276	274	286	281	262	223	191	168	156	129	126	128	135	143	166	155	135	135	125	145	142	131
0.48	0.03	0.03	2.94	2.58	2.63	2.78	4.48	4.79	5.45	6.46	7.17	8.13	9.75	13.2	21.8	24.5	27.8	38.5	44.5	46.2	44.5	47.6	53.9	55.4	66.2	68.7	69.6	82.3	102	137	216	262	360	428	330	267	220	222	172	169	171	174	180	167	161	156	155	145	158	195	177	121	131	204	178	175	187	217	223	203	231	219	211	208	210	209	168	164	173	189	131	129	119	176	171	170	298	337	333	305	283	289	292	285	200	260	204	210	185	217	234	228	268	257	272	278	301	267	278	298	278	261	238	210	167	155	135	120	129	149	137	121	131	140	135	122	128	135	137
0.21	0.21	0.27	2.3	2.26	2.46	2.56	4.24	4.43	4.77	5.22	5.4	5.82	7.12	9.32	19.5	19.1	25.3	33.1	55.7	63.4	52	45.4	50.3	52.5	56.9	56.2	69.9	78.5	114	136	172	220	267	318	278	279	221	196	167	166	164	166	182	171	155	147	144	143	140	177	178	138	131	137	178	188	182	177	179	196	240	247	182	174	204	216	186	159	160	189	129	118	105	135	178	155	245	306	423	391	312	288	313	275	251	286	207	203	210	208	213	232	255	253	265	259	268	264	300	292	272	291	245	205	176	184	162	155	132	146	126	116	134	136	139	136	127	135	148
0.18	0.18	0.06	2.31	2.25	2.42	2.53	4.4	4.62	4.54	4.65	4.54	4.68	5.68	7.65	15.7	17.5	21.5	32.2	32.3	38	41.8	43.4	54.7	48.7	51.4	58.4	64.2	95.5	108	152	182	206	232	265	254	223	228	201	182	172	166	160	168	160	151	144	135	132	138	162	164	185	234	134	159	206	167	156	161	191	208	182	180	165	175	205	216	182	206	179	146	110	178	272	155	145	182	295	435	443	320	260	300	287	257	223	214	216	233	230	236	237	249	266	276	255	251	256	282	275	261	272	240	214	190	193	188	174	151	148	138	124	139	140	155	146	145	137	148
