42.8	74.5	101	195	147	120	142	164	195	199	186	256	330	336	383	264	246	240	251	254	306	328	333	311	281	266	258	351	484	518	428	357	476	447	466	480	448	470	506	433	409	442	406	464	429	360	369	400	373	337	329	278	208	179	205	297	280	409	490	439	385	339	375	331	242	285	307	350	415	398	371	341	400	406	306	388	387	299	309	360	316	270	332	302	294	336	292	214	247	242	270	184	183	150	147	142	156	177	173	174	163	141	121	137	189	189	228	218	206	267	295	270	265	290	306	293	294	301	273	269
73.8	127	156	132	136	103	109	133	147	199	266	318	276	251	291	285	236	246	255	261	277	364	321	331	300	276	273	357	436	390	422	484	549	475	425	464	438	493	495	425	371	435	465	413	385	376	353	369	294	233	238	225	131	138	181	203	236	341	408	312	324	357	353	326	250	320	293	340	460	428	453	429	434	438	377	384	502	405	345	364	319	295	294	399	409	375	274	318	219	231	197	155	148	127	116	86.2	117	114	136	128	162	140	98.5	107	126	122	154	199	247	234	229	219	244	250	279	302	287	315	281	276
92.8	118	139	139	110	96.6	106	155	218	230	270	319	319	281	305	240	189	223	235	259	337	408	364	333	337	319	341	456	556	432	412	443	480	485	427	424	382	380	348	320	360	388	364	403	373	315	293	275	255	213	282	276	188	183	187	197	282	387	382	317	356	349	349	301	330	351	328	406	494	499	499	438	406	470	365	356	387	310	283	278	259	216	405	447	446	432	346	324	287	188	178	99.1	113	87.7	91.9	76	76.7	82.7	109	96.6	121	112	71.5	110	111	113	157	202	237	215	203	226	292	255	310	365	354	328	321	260
124	107	123	141	108	125	138	211	277	285	243	278	349	381	306	239	228	232	266	304	352	442	359	369	375	340	362	483	600	505	393	332	362	404	380	320	310	294	302	274	235	255	239	262	256	247	262	328	333	339	395	352	297	262	245	266	335	361	364	359	351	329	351	315	340	315	336	388	434	368	402	352	388	411	407	354	314	305	287	301	252	230	418	421	436	445	405	360	311	168	182	99.6	104	104	84.9	49.1	46	75.8	111	103	95.3	101	93.6	123	116	123	135	199	203	245	271	272	249	255	287	311	313	280	290	284
121	113	121	140	153	150	166	190	226	268	251	283	331	373	276	219	235	284	285	260	316	391	356	440	371	345	333	453	392	418	448	362	318	273	264	261	261	267	262	250	180	134	169	207	184	173	229	311	340	343	359	356	335	318	321	277	300	312	324	337	369	420	359	326	277	268	275	447	414	353	313	325	332	324	354	314	283	287	320	338	234	322	357	434	367	428	410	351	363	278	169	84.9	93.5	98.7	74.7	31.7	49.4	54.6	79.6	92.9	81.4	125	155	131	111	116	108	126	138	177	228	218	208	224	233	213	246	230	221	257
134	160	191	216	205	182	269	324	265	259	283	274	271	294	241	211	265	344	318	218	305	370	429	471	360	378	372	445	401	397	444	297	291	273	260	212	190	192	210	193	179	157	173	150	195	161	215	273	321	391	377	365	365	529	455	311	287	254	342	317	336	348	364	415	345	340	338	413	398	297	287	296	315	288	306	317	322	282	295	281	219	246	268	350	321	256	250	277	236	149	104	89.5	76.2	88.6	70.9	55.2	52.3	59.2	81.6	76.7	91.8	133	161	153	105	124	138	148	138	177	198	235	244	252	203	208	230	225	235	189
132	156	195	185	196	191	274	338	288	279	302	249	354	363	266	252	263	231	268	258	299	385	397	398	316	339	380	408	364	329	372	255	253	293	250	196	143	145	168	162	169	157	173	146	174	207	264	239	321	391	393	396	541	517	450	323	261	292	412	303	301	303	375	366	337	334	353	355	324	230	283	301	267	263	283	335	365	290	273	278	288	272	237	256	260	257	255	315	235	158	92.3	74.2	116	90.2	67.7	61.6	54.9	54.5	93.8	99.7	79.4	115	125	128	99.1	105	120	109	121	128	152	190	213	191	227	234	216	233	241	225
110	130	161	171	172	177	206	225	246	244	217	195	270	319	280	307	243	250	265	233	260	324	337	356	355	359	384	369	369	335	309	302	340	321	225	164	169	164	155	171	175	174	155	173	206	214	281	272	303	307	393	433	537	473	412	384	314	315	323	275	296	362	405	319	318	248	235	292	253	224	277	286	293	320	338	298	314	309	325	341	290	275	201	255	231	288	297	270	293	205	87.6	128	125	133	102	36	44.8	86.9	119	117	108	121	96.8	97.9	87.2	97.9	88.7	120	102	115	151	123	112	127	198	219	217	268	270	282
126	136	141	175	171	187	207	242	237	235	252	217	290	304	300	256	196	239	226	237	262	277	337	386	371	332	365	419	389	438	453	397	367	338	234	193	206	192	168	133	151	139	188	212	164	233	280	257	307	365	398	376	354	364	326	336	342	315	335	291	327	389	357	382	332	247	255	230	221	177	234	280	274	279	289	280	273	288	306	298	263	227	182	181	266	334	323	417	334	320	150	118	147	92.4	82	56.2	81.9	88.2	108	92.3	99.7	84.4	60.9	82	82.5	87	88.3	105	93.9	104	117	87.1	107	145	219	239	214	229	272	296
156	136	158	172	180	186	219	224	237	206	242	246	289	317	312	237	218	230	233	233	276	269	284	307	379	431	405	368	383	437	417	372	386	278	278	247	214	175	146	118	117	120	194	188	174	204	222	278	305	309	293	279	349	355	456	358	326	316	415	384	447	385	388	393	342	312	311	278	225	207	206	213	231	292	294	273	268	249	301	237	208	174	175	223	271	331	297	330	295	286	211	281	189	118	107	137	159	125	111	87.6	79.7	70.5	83.5	103	79.2	83.6	109	107	68.5	71.2	87.3	105	119	118	121	151	150	180	181	186
178	167	201	191	188	182	217	231	230	159	204	264	266	321	310	241	236	267	205	245	261	284	293	313	353	485	408	370	349	377	357	299	322	246	240	250	226	180	134	111	96.9	107	152	221	214	172	193	282	291	302	313	368	456	500	466	405	377	364	469	417	383	363	392	396	386	347	340	296	269	234	222	228	263	280	260	221	252	261	303	294	241	224	211	236	298	267	246	304	271	300	308	257	192	173	146	152	148	113	86.9	67.8	54.3	66.5	96	89.3	67.4	83.3	126	129	115	78.3	87.3	157	130	88.4	96	141	157	176	148	145
182	230	187	189	142	224	191	197	192	166	205	236	224	250	261	257	269	268	261	279	269	308	328	305	374	469	442	341	335	344	356	360	300	236	180	223	177	150	155	134	109	119	155	208	267	224	223	267	294	284	294	378	340	374	379	367	375	435	544	429	391	366	451	431	424	381	423	340	300	246	220	250	255	243	219	189	207	270	295	387	215	217	208	239	281	242	223	286	301	387	278	208	244	242	191	153	90.3	70.4	80.4	43.5	28.4	55	70.7	66.6	53.7	92.3	73.2	115	98	108	123	117	102	98.7	105	125	142	159	161	154
196	224	214	163	155	178	169	205	207	185	198	224	200	214	229	215	291	250	251	265	286	311	333	305	367	342	429	418	329	324	360	377	279	202	215	242	214	155	180	178	209	181	186	243	296	255	206	266	300	312	327	373	363	366	340	350	418	439	527	421	381	400	439	400	364	372	403	304	274	299	219	206	235	220	208	214	214	260	257	286	207	213	231	247	279	267	240	279	317	330	358	370	286	320	127	144	108	61.1	60	20.3	20.3	45.1	33.6	28.4	57.7	78.8	70	84.6	99.1	105	83.7	65.6	88.4	97.2	79.3	88.6	125	146	142	137
182	172	166	170	176	197	195	242	226	202	224	224	214	276	309	242	230	251	251	261	275	272	318	302	344	383	422	312	265	263	282	287	219	208	186	165	157	189	195	206	247	222	242	252	249	307	232	287	335	371	377	310	284	366	369	376	366	394	407	443	370	436	413	357	289	279	259	268	226	218	187	184	211	266	214	227	238	302	274	241	220	264	259	277	264	309	281	313	304	294	254	316	295	254	139	90	117	61.7	40.3	16.3	19	28	42.7	43.4	40.7	64.4	63	62.8	90.4	62.8	53.5	40.7	45.3	52.2	60.7	71.7	113	128	98.1	87.8
161	138	186	219	191	189	210	238	217	242	243	217	233	277	269	248	238	253	287	282	275	270	278	309	337	354	423	304	250	263	254	245	209	218	187	138	143	211	231	265	265	192	183	191	329	302	241	261	350	398	276	266	314	400	345	358	356	367	343	360	367	393	325	286	297	275	202	217	205	187	172	182	201	214	222	210	214	234	268	203	202	218	235	315	239	223	220	236	306	352	266	299	260	216	76.1	59.2	67.1	57.5	49	26.2	19.7	17.8	28.2	36.5	45.8	35.5	41.6	54.3	67.7	74	52.8	40.9	45.3	39.6	55.6	66.8	63.2	70.9	72.6	48.3
139	143	179	184	173	161	174	260	224	243	217	188	221	229	232	195	224	236	305	264	248	249	243	304	374	332	365	291	248	265	251	208	198	186	149	174	176	237	241	200	175	197	208	276	391	364	285	269	413	397	272	289	312	322	314	334	309	343	321	327	351	273	208	292	359	267	216	212	205	201	190	183	206	248	243	223	241	199	234	190	169	161	213	226	221	210	208	282	307	345	246	229	202	234	117	47	55.3	77.3	64.3	53	48.2	38.4	37.9	35.9	46.8	40.1	29	33.2	51.7	63.2	64.2	47.5	43.8	39.2	50.7	64.4	55.2	66.9	57.7	44.9
157	146	176	204	170	155	188	196	224	253	235	216	248	272	271	251	240	237	250	251	300	324	308	311	259	198	259	251	189	190	171	172	166	131	163	213	233	277	315	225	214	257	258	245	327	346	270	240	288	315	258	288	306	294	283	303	243	232	192	198	253	244	229	263	279	246	245	237	191	187	169	184	178	188	208	199	188	175	207	186	140	140	163	195	210	178	167	252	320	280	246	276	282	277	178	61.9	68.9	70.1	97.6	65.3	67.9	48.3	49.3	41.7	31.1	29.8	30.6	24.9	37.8	51.3	57.2	70.2	62.5	38.9	41.8	42.1	43.6	49.5	35.9	64.2
191	187	201	211	188	204	227	225	274	275	263	239	246	282	293	282	266	236	264	248	283	304	254	248	201	201	235	229	231	190	168	208	182	168	181	217	307	356	435	289	258	255	323	253	268	382	220	227	213	235	233	222	322	454	371	279	222	187	189	203	226	259	220	273	316	302	256	235	191	174	150	150	143	140	188	195	158	189	246	190	146	167	185	197	197	238	237	290	333	285	284	298	242	249	191	207	139	127	124	78.9	88.9	93	140	113	102	105	102	29	32.9	46.5	47.1	47.2	64.4	46.9	41.5	29.3	29.4	30.6	24.5	37.6
185	192	185	216	208	232	254	256	262	254	230	253	295	286	306	244	252	240	239	242	302	284	257	239	210	193	204	205	213	217	203	196	186	159	196	290	374	366	379	353	322	254	239	249	258	244	330	273	228	205	251	258	360	461	369	306	217	226	183	208	219	179	190	218	268	273	267	236	198	160	147	142	118	113	127	151	136	177	175	140	146	197	204	147	187	240	230	275	319	297	270	273	328	328	239	234	303	171	149	111	102	145	154	136	123	124	105	46.1	27.3	30.5	26.5	23.7	14.5	20.2	26.9	20.6	17.5	23.7	11	15.2
160	211	213	208	212	241	228	278	236	223	238	213	276	273	263	201	213	209	208	243	254	255	249	241	228	170	179	218	198	225	212	197	180	193	201	221	364	330	253	295	237	278	196	175	180	222	365	311	301	249	275	323	393	418	364	322	273	314	207	198	182	164	174	172	220	200	204	229	209	195	183	139	141	121	111	126	122	168	156	131	153	139	114	152	173	187	182	276	283	305	254	314	371	336	247	315	354	291	153	141	131	147	150	140	137	117	119	46.2	43.7	19.8	4.86	10.3	5.58	6.03	8.31	5.64	13.3	7.14	17.5	12.8
169	185	197	192	238	250	278	274	247	231	226	227	229	228	250	193	221	216	213	211	190	243	253	220	185	188	213	235	198	228	238	208	205	235	191	194	209	183	225	247	191	241	236	174	180	213	404	300	313	260	270	297	280	303	314	285	281	275	222	172	153	166	170	189	202	182	200	212	202	173	156	123	134	109	78.8	75.9	79.7	116	125	167	161	144	132	220	261	213	223	241	243	268	268	247	333	387	311	315	311	274	304	160	132	164	148	123	135	117	131	76.1	66.8	48.7	12	12.7	10.6	0.3	1.65	1.95	0.15	2.73	3.54	1.95
224	192	236	231	270	269	264	275	232	230	220	220	197	185	197	182	219	202	195	215	217	241	264	221	225	235	205	171	227	259	216	239	219	215	192	227	204	208	205	218	219	240	234	236	230	288	311	266	294	327	297	291	262	322	265	212	196	187	165	168	181	166	158	225	238	230	245	246	197	162	175	103	86.6	82.3	67.2	87	94.1	122	170	222	231	222	192	295	333	291	297	297	234	258	270	254	267	357	324	257	260	238	251	231	232	199	234	442	522	542	505	345	319	262	239	71.3	53.6	30.8	30.9	26.4	20.2	21.4	23.1	13.4
256	258	241	265	199	180	228	290	283	250	224	222	179	180	205	204	224	253	234	211	198	254	239	197	193	245	204	181	233	242	198	203	172	188	233	216	185	263	198	172	167	202	226	235	250	284	297	299	327	345	302	295	257	269	198	138	171	182	157	205	203	149	138	176	190	179	216	151	173	144	155	97.1	82.2	65.1	58.4	92.9	90.9	114	189	213	211	284	281	307	333	372	427	378	318	296	269	323	357	342	369	283	260	299	284	209	193	215	304	515	600	576	530	351	321	265	233	55.8	49.1	32.8	28.9	23	24.3	21.7	19.6	12.1
277	284	254	239	210	188	240	272	264	246	253	244	210	177	182	201	225	282	262	223	197	212	195	199	211	250	220	230	275	256	204	198	199	196	248	218	213	247	238	225	232	274	284	319	259	273	299	325	290	269	259	228	267	240	210	130	156	245	192	147	183	126	101	130	124	198	122	129	135	96.1	123	127	95.8	60.9	57.9	72.3	67.3	93.5	116	161	145	218	224	266	378	422	436	378	314	294	265	367	374	327	311	249	274	268	226	169	217	238	300	493	570	604	575	379	345	307	232	74.3	44.7	44.2	29.7	25	20.1	23.2	20.2	3.39
219	231	251	256	212	246	226	225	210	290	296	265	225	190	165	193	206	263	230	247	203	199	185	245	204	214	215	247	217	231	203	186	243	261	273	237	212	192	234	227	238	236	267	245	252	217	262	264	241	244	220	188	178	174	193	229	154	133	164	170	130	104	86.1	70.8	92.1	91	78.8	77.7	67.2	84.3	107	100	68.2	63	53.9	66.3	105	105	126	126	104	151	173	257	320	342	377	352	346	315	294	332	383	311	261	229	203	243	186	197	239	270	279	457	553	610	555	412	351	304	267	155	58.4	49.9	31.1	23.4	21.6	29.7	21.6	5.7
254	295	290	233	184	232	196	195	178	229	233	219	221	195	171	177	205	205	208	231	200	176	188	200	189	201	208	192	155	168	185	197	189	243	242	225	192	205	243	241	233	196	219	257	222	221	261	217	197	205	206	173	138	144	192	278	174	175	147	133	98.5	49.3	102	59.3	47.3	54.1	47.5	44.5	76.4	87.5	66.5	72.7	104	75.8	59.1	67.6	91.9	72.5	80.2	81.5	91.5	111	134	151	184	225	227	239	216	210	255	244	250	274	214	170	165	221	182	176	222	245	342	412	466	489	461	440	346	288	239	168	183	87.8	67.1	74.7	51.3	44.7	41	18
251	228	256	213	190	165	184	211	228	212	208	240	246	227	183	176	178	183	179	189	146	156	194	144	152	152	153	151	157	228	221	202	196	258	237	222	241	257	284	245	271	236	241	258	233	226	244	184	134	162	226	177	214	173	128	163	129	149	152	148	92.7	75.2	84.5	64.1	77.1	60.6	57.3	71.2	58	81.6	68.4	69.8	115	90.7	41.5	62.4	74.6	56.2	62.1	78.8	109	87.5	95.6	89	97.9	136	175	155	126	124	156	174	156	166	151	120	197	203	205	172	177	194	293	375	413	400	410	378	345	294	248	222	228	248	165	62.6	67	50	41.2	16.5
239	235	207	189	215	177	186	223	219	210	247	260	253	228	200	204	129	142	152	166	163	169	183	147	158	142	198	149	130	165	185	186	188	247	246	244	255	225	221	256	255	254	247	261	271	240	243	164	128	172	174	193	226	186	126	89.7	77.5	102	176	112	119	105	75.8	51.4	59.4	62.1	48.5	46.8	39.6	38.3	35.8	73.3	74.2	50.3	48.7	54.1	59.4	54.1	71.2	68.6	63.9	107	119	92.1	89.6	113	131	154	129	120	140	90.4	80.6	79.2	76.1	127	149	131	140	155	190	198	223	321	328	328	337	317	254	225	256	319	294	255	244	142	136	77.8	66.3	32.8
206	217	179	194	218	161	196	213	186	202	235	194	199	155	175	182	158	148	166	176	189	206	168	125	180	171	203	131	118	158	145	129	155	212	277	288	257	240	238	257	240	245	201	240	266	220	234	164	129	174	152	156	183	161	105	144	136	87.2	91.2	106	51.6	48.9	84.4	74.9	74.5	41.3	27.6	22.9	20.8	32	44.9	52.6	45.8	47.8	44.1	45.8	48	67.4	61.8	62	131	145	107	90.9	84.8	126	132	129	117	114	114	78.5	126	105	133	146	129	96.8	162	181	191	217	189	246	256	251	297	277	254	242	197	244	252	270	208	164	170	152	128	99.7
216	190	203	241	248	177	174	173	171	185	188	154	153	126	154	164	135	157	189	191	165	149	175	175	165	202	178	140	155	177	124	139	157	165	226	212	201	227	200	194	201	226	192	269	248	182	187	229	209	152	192	188	238	120	106	228	211	138	97.1	97.3	90.9	73	100	110	88.6	88.6	78.9	51.7	48.7	61	58.9	63.9	78.2	52.4	58.4	57.8	54	55.4	85.7	62.4	132	128	85.1	74	68.8	76.1	82.5	91.7	81.8	91.7	102	112	165	65.1	72.2	63.1	62.8	64	157	170	173	168	171	158	130	138	197	226	226	188	177	246	208	302	266	222	223	141	139	133
168	165	211	221	231	191	179	196	171	133	138	119	125	115	132	165	132	142	164	192	170	166	179	209	156	176	146	142	141	134	127	137	142	163	197	177	183	197	181	213	193	160	178	270	207	135	138	152	153	137	217	124	161	209	129	169	158	181	162	131	90.6	82.3	73.6	102	84.2	105	107	99.7	98.7	88.6	130	87.9	74.8	47.8	40.8	60.1	57.4	102	117	107	117	78	71.9	85.3	64	51.4	46.8	57	70	74.8	109	93	94.7	98.4	87.6	55.4	63.8	72.9	105	139	175	141	168	133	106	108	147	162	155	184	184	216	213	281	256	256	228	180	173	196
170	200	177	151	158	179	175	197	162	152	178	135	124	109	132	128	117	127	148	160	155	151	157	175	143	149	174	139	158	129	107	135	130	147	152	153	149	176	201	205	193	143	120	141	140	105	91.1	108	90.4	85.8	117	95.8	127	197	230	126	142	182	168	143	82.7	88.6	81	92.2	77	120	113	107	60	83.8	113	51.5	66	40.7	61.9	70.8	69.4	84.4	85.4	132	105	49.1	63.2	65.2	59	49.2	41.9	48.7	38.4	44.1	62.1	94.2	149	119	70.6	71.3	65.9	56.8	84.2	98.1	109	83.7	106	117	94	77.9	103	113	114	135	174	236	214	230	186	207	155	136	163	161
173	217	192	131	154	177	160	191	195	145	178	145	116	119	120	110	115	114	132	171	150	154	122	146	168	122	140	150	168	171	144	144	126	124	131	126	143	153	126	167	159	167	151	139	129	102	90.6	162	138	77.6	100	71.1	90.4	145	185	95.2	189	186	126	89.8	55.8	91	150	121	125	99.9	142	156	92.2	48.4	103	72.3	51.1	59.1	61.5	106	80.4	66.6	71.1	62.4	62.3	48	49.5	43.4	54.8	45.3	38.9	40.3	40.8	65	59.5	60.6	91.4	85.8	56.7	52.5	42	49.6	47.2	61	57.4	65.9	86.3	79.6	86.2	63.7	69.7	64.1	97.9	109	171	152	150	166	186	137	125	122	141	126
150	170	161	135	161	169	126	187	168	152	170	130	143	129	129	136	112	91.8	103	148	115	120	88.6	131	199	125	109	122	123	140	131	140	142	109	124	97.7	84	91.4	96.8	97.7	101	125	114	113	77.9	90	63.2	121	145	90.6	96.1	94.9	125	151	135	101	86.1	157	75.5	73.5	49.7	109	131	171	164	138	150	86.8	64.1	66.3	75.9	54.1	50.5	66.4	70.2	63.4	53	44.7	42.6	30.9	50.9	29	39.5	27.9	30	40	45.2	44.9	47.1	75.9	66.4	37.9	42.4	66.6	42.4	26.7	34.9	30.8	38.5	35.7	40.7	43.4	51.3	67.1	58.5	60.1	71.5	61.6	75.9	104	113	111	129	106	96.7	97.9	84.4	100	91.1	95.9
151	147	113	117	145	176	152	113	110	132	110	132	134	151	127	111	111	119	99.7	112	84.7	89.4	93.3	146	187	156	155	101	102	96.6	113	146	133	103	103	93.1	84.5	76.5	74.7	84.4	109	121	101	68.8	94.3	66.5	86.5	92.3	97.4	83.7	75	89.5	123	132	130	140	96.3	91.9	85.5	109	79.3	63.5	119	127	201	128	110	92.2	67.9	62.5	88.1	72.9	73.1	112	85.3	51.8	36	42	59.6	76.7	44.9	22	17.5	27.6	36.2	36.2	38.3	41.4	54.4	119	74.9	51.2	30.6	30.5	69.7	25.7	30	28.3	29	39.7	53.4	53.3	48.4	49	80.1	53.2	55.6	61.7	72.9	60	73.2	77.2	77.6	96.5	78.7	75.7	93.6	70.4	75.9	85.1
175	128	114	124	164	170	156	142	148	116	118	101	115	120	117	101	120	139	120	116	87.6	138	121	164	159	123	116	83.3	89.5	76.2	89.5	117	110	102	96.7	101	80.5	76.3	68.2	48.6	69.5	88.9	76.5	73.9	58.8	70.4	63.5	83.1	75.8	67.5	101	105	117	174	202	194	170	131	149	140	168	88.9	88.7	136	213	132	108	82	72.7	66.7	66.7	61.3	58.9	106	78.3	36.2	43.2	57.8	40.6	47	38.4	29.2	37.5	26.3	25	31	38.3	40.8	36.1	40.3	57.9	49.2	28.8	28.4	56	67.9	33	26.5	27.7	57.2	42.4	52.4	48.4	61.3	61.7	48.1	60.2	53.7	50.1	72	70.6	77.9	81	79.3	54.5	76	61.7	56	63.7	69.5
154	133	99.3	109	134	154	181	153	99.2	93.2	107	113	110	111	108	92.9	138	128	126	99.4	103	132	112	100	138	99.4	84.6	80.9	80	75.6	83.8	85.8	89.4	92.2	94.7	118	90.4	84.6	78.2	48.5	40.1	32.8	45.9	52.6	37.7	38.1	28.2	69	83.5	79.9	111	149	106	99.3	90	74.4	81.7	74.4	93.1	169	181	120	79.7	102	170	124	107	106	102	70.4	52.7	61.3	73.4	79	67.7	45.9	49.5	30.2	24.8	40.1	32	10.4	29	31.2	23.9	22.3	23.2	35.3	39.1	29.4	21.5	18.3	53.3	58.7	14.3	23.3	42.2	55.5	45.8	52.9	28.7	32.8	39.9	43.6	38.2	40.4	43.5	46.3	46.8	64.6	60.2	91.4	87.3	95.8	54.1	52.3	50.2	54.2	42.7	46.8
127	95.5	102	105	125	155	184	200	195	138	106	114	113	119	140	100	123	125	131	80.4	87.1	86.5	60.1	125	127	106	75.5	80.4	59.4	71.1	76.8	48.3	52.6	58.3	69.8	93	90.4	78.9	58.2	40.5	32.7	25.3	53.3	58.4	45.8	27.8	46	93	63.3	59.3	88.8	84	67.8	57.9	47.7	60.7	41.3	66.4	64.5	105	164	155	108	129	95.1	79.4	99.3	88.9	76.7	88.8	67	74.7	76.8	76.1	62	45.3	13.8	10.9	18.8	27.4	16.2	24.2	19.1	26.3	27.2	10.9	17.6	36.4	69.9	18.9	16.9	25.3	26.2	16.3	17.4	32.5	65.4	60.1	68.3	52.5	33.7	37.4	53	24	27.4	25.9	29.4	37	34.5	46	49.5	70.6	74.8	50.5	37.1	53.5	57.9	56.8	38.4	38
155	107	141	136	119	147	154	178	209	153	139	106	107	110	107	114	106	124	117	77.5	111	118	58.3	85.7	85.6	83.4	69.1	71.8	111	64.5	54.4	47.3	58	107	87.3	76	61.1	60.2	59.7	40.7	27.7	30.8	73.9	81	57.4	32.7	59.3	66.7	44.5	49.2	56	107	56.7	33.4	35	41.3	33.7	54.8	40.1	97.1	130	81.4	52.9	114	86.2	132	70.6	98.4	82	75.4	65.5	92.9	68.2	59.7	89.1	36.1	19.5	13.4	13.1	15	14.3	19.5	19.4	18.7	33.8	21.9	14.4	23.1	29.3	17.1	13.8	16.9	14.7	12.8	16.1	29.4	45	44.1	48.8	21.8	26.1	57.7	58.3	70.7	45.5	24.6	19.4	22.1	22.7	23.2	35.2	45.6	50.6	40	35.1	59	58.6	48.2	31.2	15.1
125	121	131	134	109	102	125	215	190	167	136	90.9	107	80.7	90.3	99.8	90.7	100	81.3	61.2	96.4	102	68	39.3	36.9	53	64.1	79.7	79.5	44.7	57	62.4	60.4	69.2	68.5	65.3	87.2	73.7	63.4	48	47	36.9	59.1	68.4	62	46.1	43.5	59	42.8	51.2	51.9	132	82.4	35.3	44.4	34.9	18.4	26.4	74.7	123	123	49.7	59.8	91.1	79.6	78.7	53.3	42.2	57.9	141	78.4	95.9	67	47.1	46.2	45.6	26.5	18.8	33.1	70.4	31.4	36.7	25.8	31.6	13.7	19.8	23.7	16	80.1	26.4	16.4	17.5	14.1	18.2	13.1	16.5	21.8	14.6	10.8	17.9	18.5	41.2	28	21.8	17.2	12.6	15.2	14.7	15.5	16	27.7	44.2	51.8	20	20.5	27.2	33.5	27.9	26.4	10.4
91.3	127	132	135	113	109	121	184	243	177	142	108	113	90.4	83.3	73.6	65.5	77.5	88.6	67.8	70.9	74.1	64.9	42.1	46.1	63.7	65.7	73.7	85.8	38.5	33.4	51.5	62.4	59.4	58.4	70.8	74.8	54.6	42.1	45.3	37.7	37.1	32.8	63.8	57.3	54.1	43.2	49.7	31.8	38	56.7	127	180	73.7	37.2	28.1	38.4	42.4	43	66.7	52	33.2	33.2	52.4	76	38.4	23.2	33.8	42.5	91.7	91.4	51.9	37.1	38.1	39.6	33.7	32.4	24.3	39	51.9	43.5	35.3	28.7	28.1	17	16.1	19.4	27	66.3	33.8	13.6	29.5	26.2	13.2	16.8	19.7	16.2	11.5	9.79	8.66	8.55	13.3	8.74	9.02	9.73	9.61	10.1	11.2	11.8	12.1	20.5	32.4	41.6	29.3	15.6	19.1	20	16.4	13.8	7.65
90.6	103	111	109	118	128	152	134	176	154	150	139	143	107	98.1	79	95.6	111	125	57	63.1	66.9	66.7	52.7	42.3	49.8	75.2	46.8	67.1	62.2	21.9	28.1	30.4	41.1	45.1	76.6	50.2	66.3	42.6	24.2	46.5	31.4	52.2	52.3	47	34	33.1	45.2	35	17.5	31.2	30.6	57.9	46.8	35	31.4	34.4	23.6	16.9	23.7	24.9	28.3	20	45.1	23.8	30.3	27.9	23.8	19.1	42.8	41.6	37.2	39.4	37	28.9	71.2	37.5	25.3	25.2	40.1	28	45.5	17.4	38.4	21.9	35.1	29.3	80	38.3	20.1	22	12.6	27.5	12.5	16	30.7	22.3	9.61	8.8	8.1	7.63	9.13	6.13	7.26	9.19	7.6	7.92	9.02	9.43	9.58	9.7	9.1	9.82	49.5	9.72	16	10.7	10.1	8.65	5.87
101	104	74.7	65	97.3	110	143	134	156	122	121	101	90.3	107	77.1	45	57.8	73.4	88.3	46.4	55.3	42.5	49.4	53.6	34.6	30	36.9	26	38.1	44.3	45.2	26	20.3	26.7	29.7	44.6	35.1	34.1	28	22.3	43.2	36.6	42.5	38.7	46.3	27.9	52.6	68.2	54	17.9	25.1	32.8	23.9	25.4	23.5	21.5	38.1	23	6.31	11.3	36.8	38.6	18.2	22.7	11.9	11.4	35.5	30.2	23.7	19.9	28.4	36.3	32.9	32.1	34	33.3	32.9	29.8	25.7	27.6	28.8	19.2	18.2	77.1	49	33.3	17.8	20.4	14.4	17.8	13.2	11.9	11.6	11.6	11.9	18.9	15.1	8.53	7.81	10.5	8.88	12.6	5.37	6.03	6.03	6.2	6.98	7.14	7.43	7.49	7.48	6.74	6.78	7.46	7.2	15.2	17.9	7.51	6.46	4.29
96.1	84.6	61.9	68.9	98.2	102	129	145	107	96.2	109	98.3	56.5	96.9	66.2	47.6	67.4	73.3	59.9	50.6	46.4	48.9	52.3	60.9	32.4	44.5	64.1	13.9	12.5	39.8	54.1	23.9	23.2	32.9	18.4	32.5	29.8	42.4	18.6	40.8	36.1	31.8	54.9	39.1	17.5	8.29	9.56	25.4	29.3	7.87	7.32	16.5	16.1	14.1	11.8	6.31	20.4	6.14	13.5	10.1	20.6	19.5	21.2	33.5	10.3	23	37.4	15.8	22.3	14.8	24.4	19.9	22.3	29.8	40.1	39.6	38.5	37.3	33.4	41.3	26.3	20.1	19.3	40.4	24.4	20	36.9	36.5	14.6	13.6	22.5	15.2	11.4	11.4	14.6	13.4	8.63	7.82	7.15	6.83	5.44	4.72	5.52	5.16	5.09	5.11	7.16	5.75	5.92	5.86	5.71	4.96	4.94	5.02	5.26	17.5	20.3	5.49	4.79	3.14
98.7	105	88.1	67.5	73.4	73.8	123	108	87	98.3	127	102	102	75.7	89.9	58.5	75.4	67.6	71.2	43.5	55.7	51.7	41.4	47.8	38.6	53	39	15.1	14.9	40.3	23.9	22.7	18.2	22.2	14.9	22.4	25.4	19.5	20.4	45.2	32.4	29.2	40	28.9	11.3	9.2	25.2	18.2	10.3	20	7.81	8.86	16.8	21.2	10.6	9.21	4.4	9.48	17.2	15.5	15.1	18.7	19	29.6	9.69	9.86	16.1	10.3	35.4	16.4	18.6	27.4	22.7	23.8	31.3	25.4	29.5	51.7	47.2	21.7	21.2	23.4	19.8	35.1	47.2	35.2	49.5	24.9	14.2	13.1	12.4	11.3	10.8	10.7	14	8.23	7.63	6.87	6.21	5.39	5.58	4.88	3.79	4.57	4.44	4.41	8.18	4.79	4.89	10.8	4.61	3.99	3.97	15.4	18.1	4.44	21.4	12.9	3.83	2.54
97.3	120	128	85.6	46.9	67.7	67.8	56.1	63.9	101	105	66.9	107	76.4	40.2	70.5	52.2	41.8	44.2	41.8	57.7	45.7	53.9	42.7	69.7	57.8	39.6	32.4	17.7	18.3	17.3	32.9	34.3	27.4	12.7	14.9	19.8	16.6	24.3	28.3	39	16.4	22.8	11.8	17.2	6.6	19.5	13.1	5.62	3.53	6.12	6.13	5.81	12.1	5.69	11.3	2.89	11.1	6.73	17.9	14.1	14.3	20.7	11.7	17.9	14.1	15.1	20.6	39.7	25	35.9	30.6	26.5	27.3	28	27.2	26.3	33.1	25.4	25.5	24.9	24.3	22.8	27.6	29.9	24.4	17.2	19.3	15.2	12	11.6	15.4	15	14.7	9.27	9.38	8.72	7.57	6.74	5.98	5.39	4.82	4.53	3.59	3.6	3.64	4.22	4.33	4.41	4.3	3.88	6.06	5.86	5.82	4.19	4.28	8.1	11.3	3.91	2.67
92	113	143	93	58.3	94.7	77.2	52.8	52.6	65.4	43.8	39.5	72.3	64.5	38.6	32.4	40.5	28.9	56.2	29.5	22.9	49.3	59.5	36.1	52.9	42.1	66.7	15.8	10.9	8.68	7.35	16.1	16.1	17.2	24	29	17.4	11.7	27.7	26.3	29.7	15.3	15.2	7.37	9.28	13.1	9.28	7.96	6.76	3.32	3.43	3.58	10.2	5.17	9.19	5.24	6.65	6.7	3.5	13.9	7.21	13.5	17.2	10.6	12.5	24.7	16.5	36.9	23.9	20.9	22.4	26	27.3	27.8	28.2	26.8	26.5	26.1	25.9	26.1	25.5	24.6	23.1	22.1	20.3	24.5	16.9	13.7	12.6	11.7	16.1	9.33	8.7	8.28	8.07	7.68	8.53	6.54	5.47	4.82	4.32	3.91	3.72	3.03	3.13	3.17	3.2	3.4	4.02	3.27	4.68	3.7	3.39	3.36	3.49	3.65	3.77	6.97	6.95	2.38
71.2	85.3	97	53.3	49.4	64.7	89	87.5	51.5	29.4	38.3	49.6	47	70.1	61.2	52.6	38.5	59	116	167	54.4	60.7	49.5	56.5	60.6	25.9	51.6	18.8	6.98	3.71	5.24	11	11	15.1	31.6	32.9	15.9	19.8	58.9	9.56	15.2	12.3	16.6	4.92	9.03	9.58	8.41	6.43	5.35	5.13	4.11	7.32	10	4.91	9.22	6.23	9.33	3.67	2.82	4.94	10.4	13.7	16.1	15.6	13	15.3	32.9	22.4	20	21.8	23.3	26.2	27	27.4	27.8	26.6	26.4	25.8	25.6	25.8	25.2	24.1	23.1	21.2	19.4	17.6	15.9	17.9	16.9	11	17.5	8.37	7.59	7	10.7	9.69	6.74	4.78	4.05	3.43	3.09	2.76	2.58	2.21	2.34	2.36	2.38	2.34	2.81	2.23	2.11	2.87	2.58	2.6	2.75	2.97	3.14	3.19	3.04	2.08
58.6	63.8	81.9	61.2	69.8	56.7	66	76.8	75.3	55.2	57.7	52.6	45.6	44.7	69.6	38.6	50	81.8	101	129	88.8	64.2	57.4	31.7	25.6	23	24.5	14	15.2	10.7	6.13	7.5	7.74	11.4	18.9	31.8	15.7	11.3	24.9	10.9	5.86	11.1	7.43	5.6	3.91	9.74	6.18	6.59	6.57	3.91	7.18	11.5	3.48	4.96	6.18	6.09	1.87	1.91	2.37	8.56	4.66	16.9	18.2	10.7	13.1	15.1	23	18	19.9	21.3	22.6	24.9	25.5	25.8	26.5	25.5	25.2	24.5	24.1	24.1	23.3	22.1	20.6	19.2	17.7	16.1	14.6	12.3	11.2	10.2	14.3	7.49	6.67	5.98	5.58	5.61	4.41	3.65	2.99	2.41	2.04	1.71	1.55	1.45	1.54	1.54	1.97	1.5	1.69	1.39	1.33	1.58	1.62	1.69	4.77	2.06	2.27	2.37	2.88	1.64
62.5	67.8	96.9	75.8	60	57.6	78.4	74.8	79.7	68.9	62.2	40.1	47.6	51.8	54.7	59.3	37.5	51.3	70.3	87	74.8	36.5	57.2	54.6	38.8	44.4	31.2	58.3	48.1	30.3	20.1	16.9	12	31.5	27.4	19.3	29.2	15.1	13.8	5.57	8.29	20.3	16.5	8.03	3.6	3.4	3.12	4.56	2.34	3.3	3.23	3.88	3.82	1.3	3.1	0.936	0.951	1.05	1.22	5.67	2.45	4.16	15	8.23	9.92	11.6	14	17.1	19.4	22.5	26.5	21.1	21.6	22.6	26.7	23	22.8	22.1	21.6	20.5	19.9	18.9	17.7	15.2	14.3	13.2	12.3	10.8	9.9	9.09	8.22	7.7	6.81	6	5.46	3.32	2.82	2.27	1.8	1.45	1.21	0.989	0.921	1	1	1.12	0.938	1.39	1.32	0.81	0.759	0.823	0.864	1.98	2.99	4.25	1.43	1.58	1.6	1.15
60.9	56.6	55.5	52.7	68	60.7	65.9	53	59.1	54.4	55.4	44.5	42.5	44.3	47	70.3	84.4	75.4	71.2	86	78.3	53	58.5	59.5	56.1	52.4	46.3	50.5	29.8	69.5	52.4	33	6.3	8.23	28.6	22.2	24.8	16.4	15.6	5.17	5.86	5.38	5.21	5.46	4.03	3.8	3.48	2.9	2.6	2.48	3.74	1.51	1.42	1.28	1.26	0.864	1.31	2.47	3.92	5.01	5.97	7.36	23.2	11.2	12.7	14.1	16.3	18.5	19.7	20.5	21	21.3	21.6	21.6	21.8	21.9	21.8	21	20.4	19.6	18.8	17.9	16.8	14.4	13.5	12.6	11.7	10.6	9.59	8.74	7.88	7.32	6.38	5.54	4.93	2.92	2.43	1.88	1.46	1.14	0.905	0.695	0.612	0.691	0.678	0.765	2	0.553	0.502	0.449	0.39	0.245	0.314	0.449	2.75	3.59	0.835	1	1.05	0.792
43.8	39.4	38.2	43.7	45.6	67.9	61	44.6	38.7	38.1	47.1	52.1	39.4	46.3	39.3	39.9	59.3	86.1	120	97.8	72	61.1	60.6	89.5	65.1	58	53.2	28.9	36.1	74.8	13.4	27.2	17.1	13.9	19.3	9.74	17.4	20.1	15.8	17.3	14.3	11.8	5.76	4.56	4.45	4.23	3.91	3.31	2.95	2.69	2.46	1.67	2.19	3.03	3.63	4	4.44	5.45	6.7	7.49	8.29	12.6	12.3	13.1	14.2	15.4	17.2	18.7	19.7	20.3	20.7	21.2	21.4	21.3	21.1	20.8	20.5	19.8	19.2	18.6	18.1	16.8	15.7	13.4	12.7	11.8	11	10	9.04	8.17	7.31	6.71	5.78	4.95	4.31	2.48	2.02	1.52	1.14	0.921	0.667	0.464	0.368	0.443	0.483	3.72	2.88	3.39	0.618	0.739	0.48	0.201	0.171	1.22	2.52	0.0546	0.26	0.393	0.483	0.414
37.2	43.1	47.7	50.6	42.5	38.3	35.3	53.3	48.1	36.1	40.7	44.5	44.8	28.5	42.1	40.2	45.4	65.2	82.1	82.2	67.4	64.9	64	74.7	75	84.9	39.2	33.2	35.3	50.2	19.6	21.7	22.2	16.2	23.3	12	11.1	39.6	26.3	9.99	6.62	15.2	6.21	4.99	4.89	4.67	4.45	7.26	9.33	3.13	3.61	3.58	4.39	5.17	5.71	6.26	6.53	7.4	8.5	9.08	9.78	10.8	12.3	17.5	14.8	15.7	17.3	18.4	19.4	19.8	20.2	20.8	20.9	20.8	20.6	20	21.7	24.4	18.2	17.7	19.5	18.8	14.9	12.7	12.1	11.3	10.6	9.58	8.64	10.7	6.95	6.4	5.54	4.75	8.18	2.38	1.94	1.49	1.16	0.928	0.718	0.53	0.434	0.48	0.478	0.502	0.504	3.7	2.87	0.677	0.553	0.216	0.191	0.157	0.115	0.0115	0.12	1.97	0.388	0.389
39.3	43.2	50.5	42.4	44.3	33.2	31.1	31.8	37.7	33.8	46.7	61.1	59.7	37.6	40.2	31	19.5	26.9	37.2	62.8	63.1	62.3	77	63.4	77.2	86.1	85	48.2	20.4	24.1	17.7	21.3	24.4	3.58	8.93	25.4	14.2	35.7	27.9	12.1	15.8	12.7	12.5	5.53	5.46	17.8	16.5	22.2	3.84	4.32	5.15	5.18	6.05	6.96	7.45	7.87	8.19	8.86	9.69	10.2	10.9	11.8	13.1	14.7	18.1	15.7	17	17.6	18.5	18.9	19.8	20.2	20.3	20.2	19.9	18.9	18.4	17.8	17.1	18.1	16.2	15.3	14.4	12.3	17.3	11	10.2	8.93	8.08	7.28	6.53	6.05	5.25	4.53	7.27	2.27	1.88	1.47	1.47	0.863	0.737	0.671	0.614	0.604	0.581	0.549	0.517	0.315	0.307	0.297	0.275	0.313	5.22	4.59	1.69	0.0347	0.169	0.309	0.331	0.404
52.5	44.7	64.9	33.7	32.5	26.8	36.3	32.8	40.5	29.9	35.3	42.9	50.9	45	34.7	13.5	11.6	12.9	19.1	48.1	69	42.1	52.5	81.6	77.4	73.4	103	85.1	30.4	10.7	38.1	25.6	38	25.5	4.16	24.8	12.4	38.3	26.8	13.1	13.5	13.7	13.5	5.94	5.86	17	18.6	21.3	6.1	6.58	7.35	7.27	8.01	8.7	9.12	9.5	9.73	10.3	10.9	11.2	11.7	12.3	13.3	14.6	15.2	15.7	16.6	17	17.7	18.1	18.7	19.4	19.5	19.3	19	17.8	17.3	16.7	16	16	15.1	14.2	13.4	11.4	10.8	10.1	9.33	8.14	7.37	6.65	5.96	5.53	4.82	4.15	3.56	2.03	1.67	1.32	1.09	0.806	0.695	0.613	0.598	0.551	0.536	1.96	0.506	0.319	0.311	0.304	0.286	0.334	5.99	3.87	1.34	0.0878	0.18	0.257	0.324	0.405
44.7	50	41.5	38.3	33	34.1	40.1	39.4	32.6	31.3	35.3	35.1	57.7	57.6	36.2	33	26.9	12.8	23.5	21	39.5	50.6	46.5	43.7	48.7	67.5	87.2	63.2	60.1	41.7	40.2	38.9	50	44.8	13.9	24.4	23	32.1	20.8	20.1	15.7	14.2	14.1	6.87	7.54	30.2	24.1	23.6	8.11	8.51	9.31	10.1	15.5	15.4	13.2	10.7	10.8	11.3	11.6	11.8	12	12.5	13.3	14.5	14.9	15.3	15.8	15.7	16.3	16.5	16.8	17.8	17.8	17.6	17.3	16.1	15.7	15.3	14.6	14.5	13.7	12.9	12.2	10.4	9.68	9.02	8.32	7.24	6.57	5.92	5.31	4.92	4.28	3.66	3.11	1.74	1.41	1.11	0.942	0.726	0.633	0.563	0.553	0.47	0.45	0.469	0.479	0.305	0.309	0.303	0.285	0.332	0.31	2.35	4.2	0.167	0.172	0.256	0.331	0.425
60.6	68.8	61.8	46	42.5	45.9	52.9	33.3	47.3	37.7	26	27.2	30.8	45.3	35.1	25	15.4	17.5	17.7	17.3	29.8	30	31.3	40	43	47.5	36.4	55.4	46.1	40.3	32.5	15	46.3	37.7	6.59	16.1	12.1	14.8	17.9	32.6	14.5	14.6	15	7.93	8.63	9.3	19.2	8.67	9.14	12.8	10.1	11.2	16.5	15.6	16.4	13.1	10.7	11	11.3	11.3	11.4	11.8	12.3	13.4	13.6	13.9	14.3	14.1	14.5	14.6	14.8	15.8	15.7	15.5	15.3	14.3	14	13.6	13	13	12.2	11.6	10.9	9.31	8.66	8.05	7.43	6.45	5.85	5.28	4.71	4.35	3.8	3.25	2.8	1.53	1.23	0.969	0.827	0.694	0.612	0.556	0.518	0.424	0.431	0.455	0.464	0.296	0.3	0.489	0.303	0.308	0.28	2.07	3.81	0.0928	0.206	0.31	0.4	0.514
44	63.5	52	42.5	36.8	45.2	64	28.2	44.9	36	31.1	23.4	24.8	41.4	35.8	28.8	16.3	23.1	42.3	34.6	30.7	27	28.3	39.9	37	31.7	30	33.8	28	26.6	9.44	5.14	18.2	17.3	16.4	12.7	11.6	12.7	13.5	16.8	14.5	15.8	16	9.18	9.91	10.3	19.3	10.1	10.5	14.9	11	10	10.6	10.5	12.6	13.7	16	11.4	13.2	11.5	13.7	10.4	10.7	10.8	10.9	11.1	11.3	8.75	8.98	9.08	9.23	8.31	7.57	7.31	7.21	8.82	8.61	8.37	8.04	10.6	10	9.46	8.91	8.42	7.83	7.28	6.71	5.53	5	4.52	4.01	3.7	3.22	2.76	2.32	1.72	1.36	1.06	0.844	0.627	0.518	0.458	0.418	0.391	0.425	0.446	0.455	0.351	0.41	0.554	2.94	0.252	0.222	0.64	3.22	1.4	0.242	0.392	0.512	0.672
30.4	35.1	30	29.4	33.4	28	43.3	22.3	48.6	42.4	23.9	17.1	20.1	47.5	38.1	26.3	16.1	20.8	26.7	25.1	26	24.8	33.3	30.7	35.8	35.8	35.7	31.3	25.5	23.9	16.7	13.5	13.5	9.94	17.6	10.6	11.1	14.8	13.1	17.7	14.6	15.7	16.4	9.64	10.4	10.8	11	10.8	10.9	11	11	9.87	9.94	10.1	10.1	9.32	9.18	9.18	9.16	9.03	9	9.12	9.24	9.27	9.3	9.37	9.52	7.3	7.46	7.54	7.59	6.1	6.09	6.03	5.97	7.33	7.21	7	6.75	8.93	8.41	7.93	7.48	7.05	6.56	6.09	5.62	4.63	4.17	3.75	3.32	3.05	2.65	2.25	1.86	1.37	1.08	0.836	0.649	0.517	0.438	0.432	0.375	0.381	0.411	0.432	0.44	0.338	0.346	0.331	0.325	0.231	0.196	0.19	0.21	0.329	0.398	0.52	0.67	0.863
40	21.2	26.7	32	19.7	21.5	46.1	30.6	34.6	43	24.2	30.5	43.5	24.8	27.2	26.6	38.3	28.9	18	24	29	36.6	34.3	31.6	32.6	34.2	45.7	37.5	28.7	30.3	27	32.8	13.4	3.18	6.73	18.5	20.5	14.4	16.5	14.8	14	15.1	16	9.71	10.5	10.9	11	10.5	10.7	10.8	10.8	9.57	9.55	9.63	9.46	8.68	8.42	8.3	8.16	7.97	7.86	7.85	7.86	7.81	7.75	7.73	7.81	5.92	6.41	8.49	6.29	4.88	4.88	4.83	4.8	5.92	5.81	5.68	5.43	7.29	6.87	6.48	6.12	5.75	5.36	4.98	4.59	3.76	3.41	3.06	2.76	2.48	2.14	1.79	1.48	1.14	0.861	0.668	0.514	0.424	0.37	0.325	0.325	0.339	0.367	0.383	0.392	0.302	0.306	0.291	0.264	0.219	0.245	0.29	2.21	0.533	0.53	0.71	2.21	1.12
31.5	23.7	32.2	22.4	17	22.8	29.4	49.5	40.7	49.1	25.9	21.1	19.2	17.7	25.1	46.8	36.5	28.9	20.4	22.2	33.1	36.2	31.6	31.1	31.8	29.1	32.4	32.4	34.8	24.3	22.3	24.8	26.6	8.12	9.51	14.9	40.8	30.3	19.4	12.5	25.3	13.6	14.6	9.2	10	10.4	10.5	9.9	10	10	9.92	8.95	8.83	8.84	8.63	7.85	7.55	7.35	7.12	6.83	6.64	6.51	6.41	6.29	6.15	6.05	6.06	7.86	11.4	5.22	4.6	3.66	3.65	3.61	3.59	4.45	4.37	4.28	4.11	6.55	5.25	4.96	4.68	4.38	4.07	3.77	3.46	2.83	2.55	2.28	2.02	1.84	1.57	1.36	1.08	0.795	0.623	0.487	0.37	0.306	0.263	0.267	0.251	0.267	0.316	0.304	0.308	0.235	0.238	0.224	0.219	0.195	0.235	0.306	0.378	2.03	0.642	0.848	1.58	1.33
26	28.2	26.8	32	29.3	26.8	31.6	31.6	29.2	26.8	36.8	17.4	31.3	42.5	24.9	56.7	46	45.3	32.3	27.4	32.4	32.2	31	30.7	35.8	49.2	31.4	23.7	20	12.8	10.2	9.47	6.02	3.61	5.18	29.1	4.16	9.46	12.1	18.4	34.7	8.25	9.2	8.91	9.98	10.4	10.3	8.64	8.67	8.63	8.58	7.48	7.45	7.47	7.26	6.82	6.57	6.35	6.04	5.7	5.47	5.19	5.01	4.8	4.61	4.44	4.38	8.44	5.1	3.17	3.18	2.44	2.42	2.38	2.4	2.93	2.88	2.83	2.72	3.67	3.45	3.25	3.06	2.85	2.64	2.43	2.23	1.82	1.62	1.45	1.27	1.2	0.971	0.795	0.649	0.364	0.286	0.228	0.207	0.271	0.0923	0.198	0.0891	0.0849	0.0944	0.0984	0.0984	0.106	0.106	0.101	0.118	0.0841	0.154	0.258	0.372	3.99	0.741	0.968	1.21	1.15
17.6	25	35.4	28.8	38.3	23.3	36.8	33.5	36	29.6	32.4	26.1	23.2	22.9	29.2	63.7	52.3	50.9	29.1	24.3	22.6	24.9	30.7	28.1	42.7	59.6	33.5	25.7	18	10.7	10.6	9.92	5.22	8	15.6	32.8	19.7	24.8	29.8	7.2	16.1	7.82	12.1	11	18.6	9.89	9.84	8.2	8.1	7.94	7.82	6.91	6.84	6.72	6.5	6.12	5.8	6.11	5.13	4.71	4.37	4.07	3.81	3.54	3.28	3.05	2.92	2.05	2.01	1.95	1.95	1.47	1.45	1.43	1.43	1.77	1.74	1.72	1.66	2.26	2.12	2	1.87	1.74	1.6	1.47	1.34	1.08	0.952	0.842	0.734	0.655	0.546	0.483	0.356	0.199	0.157	0.128	0.0967	0.0761	0.0429	0.0719	0.0523	0.0523	0.0604	0.0631	0.0613	0.064	0.093	0.0555	0.104	0.0602	6.01	0.252	0.391	0.58	2.75	1.05	1.9	1.28
21	19.7	42.3	50	25.2	33.9	23.1	26.9	23.6	52.8	32	25.9	15.3	15.5	17.3	24.7	28.1	39.3	26	20.9	21.4	27.4	40.9	32.6	32.3	31.9	29.7	18.5	20.3	16.6	10.9	2.62	3.93	7.54	16.5	20.1	3.69	22.3	33.9	11.3	7.1	5.92	7.43	8.89	8.18	8.6	8.45	7.2	12.3	6.93	6.79	6.09	6.02	5.86	5.63	5.28	4.91	4.56	4.19	3.83	3.51	3.16	2.85	2.52	2.21	1.93	1.74	1.16	1.13	1.02	0.996	0.77	0.718	0.698	0.711	0.883	0.862	0.859	0.833	1.15	1.12	1.01	0.934	0.914	0.784	0.708	0.634	0.5	0.425	0.367	0.311	0.264	0.21	0.151	0.121	0.0673	0.052	0.0455	0.0309	0.0222	0.0172	0.897	0.891	0.0315	0.0378	0.179	0.0726	0.0375	0.0348	0.0298	0.0226	0.00515	0.0812	0.21	0.359	0.562	0.847	1.07	1.36	2.34
25.7	25.1	40.7	43.3	34.5	37.3	36.7	28.1	24.1	33.1	29.9	23.6	41.1	33.4	23.6	19.1	22.7	28.2	25.2	21.3	24.2	23.5	33.2	29.5	22.2	17.8	18.7	16.4	15.8	13.7	14.7	2.33	2.03	4.58	5.18	23.2	12	4.95	5.38	6.02	8.24	4.34	5.2	5.33	8.13	8.48	6.7	5.87	21.8	5.77	5.7	5.2	5.22	5.1	4.88	4.53	4.13	3.84	3.5	3.21	2.93	2.55	2.26	1.85	1.52	1.22	1.07	0.654	0.587	0.517	0.499	0.37	0.351	0.346	0.366	0.464	0.452	0.492	0.45	0.627	0.63	0.543	0.504	0.467	0.419	0.369	0.328	0.255	0.253	0.175	0.146	0.118	0.0909	0.0576	0.0452	0.0262	0.0201	0.0212	0.00923	0.0101	0.0123	0.0159	0.0212	0.0548	0.027	0.0284	0.0605	0.0268	0.0249	0.0214	0.0161	0.00369	0.296	0.227	0.386	0.61	0.867	1.15	1.47	1.45
33.4	21.6	24.8	44.9	44.5	48.3	41.1	26	19.1	24.9	17.7	23	50.6	44.2	32.2	16.8	18.3	24.7	23.4	16.7	20.9	21.8	16.5	14.4	13.7	8.95	6.7	8.98	8.45	11.3	12.4	2.53	3.4	2.87	2.62	10.4	11	5.48	3.91	15.3	19.2	7.01	1.59	2.03	4.63	3.2	3.42	11	11.7	4.08	4.24	4.3	4.51	4.48	4.3	4.41	4.07	3.23	3.97	3.72	2.35	1.98	1.64	1.29	0.991	0.701	0.508	0.297	0.238	0.175	0.162	0.159	0.143	0.145	0.185	0.258	0.258	0.259	0.265	0.274	0.251	0.233	0.217	0.215	0.187	0.16	0.141	0.111	0.0824	0.066	0.0526	0.0364	0.0276	0.00789	0.00474	0.00104	0.0242	0.00172	0	0	0	0	0	0.924	0	0	0	0	0	0	0.192	0.0016	0.303	0.266	0.643	0.88	0.691	0.917	1.18	1.49
67.5	38.4	17.6	26.6	32.1	36	32.6	23.4	28.8	18.5	41.3	24.2	24.6	19.5	37.1	32.1	22.6	32.1	32	14.4	21.4	21.7	14.8	12.2	17.3	10.4	7.17	6.03	2.25	2.33	5.18	2.86	8.66	3.19	2.8	9.56	15.3	14.1	6.35	6.03	8.46	3.67	0.481	8.73	2.4	3.48	2.49	2.93	3.25	3.53	3.7	3.85	4.03	4.03	3.9	4.35	4.31	3.81	2.55	5.69	2	1.67	1.28	0.923	0.644	0.929	0.169	0.055	0.00359	0	0	0	0	0	0.00395	0.0426	0.0938	0.054	0.0677	0.0761	0.0627	0.676	0.673	0.112	0.348	0.0366	0.0315	0.0202	0.00245	0	0	0	0	0	0	0	0	0	0	0.0205	0	0	0.0687	0.235	0	0	0	0	0.171	0.5	0.276	0.00431	0.186	0.399	0.258	0.512	0.728	0.969	1.25	1.59
37.4	41.1	20	21.5	21.4	27.3	43.5	42.2	26.4	30.9	36.5	31.7	23.5	26	11.1	22.6	27.1	27.3	26.6	20.1	25.7	26.9	23.3	15.2	15.3	10.8	7.56	3.98	2.3	3.22	4.85	3.62	3.28	2.87	2.65	3.5	13.5	15.2	11.4	6.68	4.72	0.0109	2.14	0.246	5.44	0.905	1.4	2.02	2.4	2.73	3	3.18	3.39	3.46	3.39	2.98	2.66	3.11	2.23	2.02	1.75	1.4	1.06	0.714	0.44	0.16	0	0	0	0	0	0	0	0	0	0	0	0	0	0	0.0971	0.106	0	0.138	0.13	0	0	0	0	0	0.0281	0	0	0	0	0	0	0	0	0.0204	0	0	0	0	0	0	0	0.067	0	0.341	0	0.00702	0.069	0.286	0.274	0.577	0.773	1.03	1.33	1.69
21.4	26.3	18.1	27.7	33.3	50.9	42.5	29.2	18.9	25.5	28.8	21	20.1	19.9	16.5	16.1	15.6	26.3	26.2	17.4	21.8	23.6	61.5	18.2	19.7	7.12	6.61	5.56	3.99	4.85	3.57	1.5	3.61	4.98	3.54	5.37	13.7	8.42	3.27	4.13	0.156	7.19	12.5	3.24	4.81	0.0529	1.65	3.86	1.37	1.79	2.12	2.43	2.7	2.91	2.92	2.59	2.31	2.19	1.95	1.75	1.52	1.24	0.908	0.598	0.34	0.121	0	0	0	0.0111	0	0	0	0	0	0	0	0	0	0	0	0.0442	0.0511	0.0723	0.0787	0	0	0	0	0	0	0	0.031	0	0	0	1.05	0	0	0	0	0	0.0163	0	0	0	0	0	0	0	0	0.0087	0.195	0.294	0.537	0.574	0.819	1.16	1.4	1.79
16.7	9.01	14.3	15.7	29.7	35.5	19.5	19.3	19.9	21.2	21.1	19.5	25.6	19.9	20.6	22.5	26.7	26.3	21.9	25.8	22.9	16.2	25	28.9	31.3	13.4	11.7	10.7	13.2	11.7	3.47	0.661	0.384	7.5	1.84	1.53	1.16	0.0497	0.00543	0	9.59	9.38	18.7	20.8	3.95	1.38	4.72	5.79	0	0.851	0.89	0.969	1.19	1.48	3.02	1.79	1.4	1.4	1.25	1.52	1.29	1.04	0.74	0.471	0.236	0	0	0	0	0	0	0	0	0	0	0	0	0	0	0	0	0	0	0	0	0	0	0	0	0	0	0	0	0	0	0	0.257	0	0	0.344	0	0	0	0	0	0	0	0	0	1.24	0.837	0.0108	0.0759	0.272	0.392	0.616	0.836	1.11	1.43	1.83
11.7	5.47	8.4	29	19.7	7.89	8.33	10.8	9.11	14.5	11.7	21.7	29.1	23.2	9.28	18.6	15.5	12.4	18.2	20.1	15	22.6	19.2	28.5	24.7	18.6	7.16	5.06	7.67	13	3.36	2.53	9.1	15.2	6.26	5.76	0.224	0.00331	0.696	6.56	10.4	3.26	4.82	12.9	6.24	4.85	6.78	1.48	2.46	0.178	0	0.149	0.541	9.84	1.14	1.07	0.976	1.12	2.6	1.32	1.1	0.857	0.576	2.46	3.87	0	0	0	0	0	0	0	0	0	0	0.00406	0	0	0	0	0	0	0.137	0.0264	0	0	0	0.00795	0	0	0	0	0	0	2.18	0	0	0	0	0	0	0.396	0.0977	0	0	0	0	0	0	0	0	0.00582	0.0731	0.274	0.618	0.602	0.865	1.16	1.5	1.91
10.1	3.33	5.56	9.47	5.38	3.21	5.33	5.26	7.11	16	10.6	17	29.8	38.1	33	32.5	17.7	11.4	16.2	17	11.5	18.5	13.5	11.5	13.7	19.4	9.36	3.56	4.73	10.5	11.2	3.51	4.22	10.4	3.79	0.675	0.105	0.0131	0.00966	1.81	1.79	0	0	1.39	2.61	4.31	3.94	0.0315	0.937	2.03	0	3.68e-06	1.71e-06	6.38e-07	0.429	2.96	3.05	0.596	0.751	0.93	0.834	0.711	0.424	2.05	0.0613	2.14	1.27	0	0	0	0	0	0	0	0	0	0.00405	0	0	0	0	0	0	0	0	0.0033	0	0	0	0	0	0	0	0	0	0	0	0	0	0.0147	0	0	0	0	0	0	0	0	0	0	0.395	0.000101	0.164	0.393	0.305	0.613	0.894	1.2	1.55	1.98
6.08	6.84	8.22	8.36	5.79	6.7	4.77	2.72	13.4	28.5	14	19.7	19.9	24.2	38.8	36	27.5	27.9	17	18.6	14.4	27.6	18.1	10	12	19.5	16.7	15.3	6.53	9.59	22	4.32	11.7	2.59	1.15	0.839	0.127	0.0327	1.69	2.78	1.6	0	3.54	3.22	0.809	1.82	2.55	1.14	0	0.25	0	1.1e-05	5.12e-06	1.91e-06	2.2	2.99	6.57e-06	0.221	0.731	0.623	0.601	0.487	0.292	0.138	0	0	0	0	0	0.00679	0	0	0	0	0	0	0	0	0	0	0	0	0	0	0	0	0	0	0	0	0	0	0	0	0	0	0	0	0.66	0	0	0	0	0	0	0	0.0167	0	0	0	0	0	0.0691	0.203	0.311	0.627	0.952	1.24	1.61	2.06
2.62	1.79	12.4	32.1	16.9	14.8	7.44	6.57	4.59	18	29	57.6	69.3	53.7	37.1	31.1	24	32.4	30.1	43.3	24.9	14.9	16.9	27.5	29.5	26.6	23.2	18.9	25.5	17.4	12.7	2.88	5.83	1.68	2.21	1.34	0.219	0.13	0.0971	0.00633	0.594	0.00365	0.00818	0.0658	1.05	0.996	0.518	0.882	0.113	0.0827	0.0258	0.0279	0.00364	0.497	0.21	0.000366	0.0269	0.000103	2.19	3.83	0.219	0.186	0.0434	0	0	0	0	0	0	0.147	0.0855	0	0.00316	0	0	0	0	0	0	0.0256	0	0.00427	0	0	0	0	0	0	0	0	0	0.00659	0	0	0	0	0	0	0	0	0	0	0.336	0.0391	0	0	0	0.00987	0	0	0.0639	0	0.0859	0.234	0.411	0.803	1.18	1.6	2.1	1.8
1.19	1.12	9.12	27.3	24.7	5	3.53	3.92	2.15	9.26	27.6	23.4	40.6	54.2	57.9	35.7	22.4	19.3	25.5	24.1	16	17.3	16.4	37.8	31.5	34.6	27.5	25.1	27.4	21.7	20.3	14.3	11.2	5.4	2.77	3.5	1.55	2.09	0.134	0.00872	0.583	0.00511	0.0115	0.519	0.124	0.166	0.114	0.545	0.432	0.334	0.831	0.011	0.0051	0.00191	0.0225	1.25	1.8	0.000144	0.000103	3.89	1.22	0	0	0	0	0	0	0	0	0	0	0	0	0.00317	0	0	0	0	0	0.0255	0	0	0	0	0	0	0	0	0	0	0	0	0	0	0	0	0	0	0	0.0061	0	0	0.832	0	0	0	0.00941	0	0	0	0.0197	0.0282	0.233	0.228	0.409	0.81	1.24	1.64	2.16	1.9
0.9	1.23	1.3	2.41	1.73	1.44	1.79	1.49	1.16	23.1	24.6	17.3	32.1	23.8	30.5	34.4	19.8	28.2	20.6	22.2	20.3	23.9	20.5	31.1	28.5	28.2	25.5	21.2	22.4	26.7	23.7	21	6.51	4.96	3.45	3.26	1.96	3.46	0.622	1.51	0.0575	0.0612	0.071	0.45	0.455	0.447	1.04	2.1	0.595	1.55	0.355	0.0412	0.0273	0.0186	0.0151	4.73	1.51	0.00288	0.00206	2.13	1.32	0	1.81	1.89	0	0	0.0148	0	0	0	0	0	0.00317	0	0	0	0	0	0	0	0	0	0	0	0	0	0	0	0	0.0127	0.00317	0	0	0	0	0	0	0.00405	0	0	0	0	0.0298	0	0	0	0	0	0	0	0.409	0.0286	0.0816	0.235	0.423	0.833	1.23	1.69	2.24	2.01
1.08	3.13	3.19	1.89	1.75	1.99	1.3	0.786	1.21	6.56	8.92	45.3	23.4	44.1	26.8	9.79	11.5	14.8	14.4	20.8	20.3	33	19.4	30.3	31.6	25.1	24.2	19.4	22.9	24.4	19.7	15.6	8.18	3.81	3.86	2.11	5.29	1.51	1.56	1.84	0.163	0.171	0.186	0.975	1.71	6.03	1.5	0.934	0.421	0.706	0.28	0.625	0.0702	0.0514	0.042	1.87	1.32	0.00831	0.755	4.82	0	0	1.05	1.78	1.45	0	0	0	0	0.00557	0	0	0	0	0	0.00406	0	0	0.00503	0	0	0	0	0	0	0.00329	0	0.00317	0	0	0	0	0	0	0	0	0	0.0284	0	0.068	0	0.115	0	0	0	0	0	0	0	0	0.0619	0	0.0899	0.244	0.431	0.848	1.29	1.72	2.28	2.07
0.853	0.902	1.04	1.67	1.31	1.32	1.21	0.879	0.971	1.46	3.29	7.33	9.39	7.24	12.9	13.4	6.78	5.12	7.16	8.44	11.3	14.3	15.3	28.1	30.4	28.4	23.3	25.5	22	22.4	21.2	15	13.3	12.2	12.5	9.25	13.7	8.7	8.31	10.7	3.49	4.88	9.99	15.7	32.5	29	8.02	2.44	1.87	1.44	1.2	2.96	3.92	0.436	0.345	1.29	1.73	0.512	0.135	3.57	1.09	0	0	0	0	0.0148	0	0	0	0	0	0	0	0	0	0	0	0	0	0	0	0	0	0	0	0.00329	0	0	0	0.0254	0	0	0	0	0	0	0	0	0	0.0511	0.0765	0	0	0	0	0	0	0	0	0	0	0.00873	0.106	0.255	0.438	0.663	0.971	1.36	1.84	2.06
1.59	1.84	1.06	1.65	1.75	1.48	2.34	0.885	1.52	1.44	5.25	11.2	4.66	3.25	7.56	15.3	8.1	20.7	18.5	6.46	8.87	9.62	21	33.5	28.8	25.6	23.4	25	23.9	23.5	19.2	14.3	13.8	13.6	22.8	12.1	19.8	21.2	16	10.7	4.67	11.6	26.1	23.8	30.7	20.4	4.32	3.24	2.46	4	1.6	1.02	8.38	4.52	0.49	1.87	1.98	1.32	4.77	4.15	2.96	0	1.74	0.719	0.0146	0	0	0	0	0	0.00503	0	0	0	0	0	0	0	0	0	0.0121	0	0	0	0	0.00329	0	0	0.0158	0	0.00316	0	0	0.281	0	0.0232	0	0	0	0.107	0	0	0.0128	0	0.0334	0.0551	0	0	0	0	0	0.0268	0.126	0.276	0.458	0.686	0.995	1.4	1.89	2.14
2.55	2.61	1.77	1.76	1.75	2.01	1.88	1.36	0.87	1.52	2.9	5.2	1.13	1.28	1.81	12.7	9.56	28.5	31.3	6.05	12.3	10.9	15.2	23.8	23.3	21.8	21.8	28.6	30	25.3	26.5	17.8	18.3	15.2	25.7	13.7	19.6	22.5	14.7	13.7	8.12	19	16.1	10.3	17.5	5.59	7.93	3.59	2.73	6.78	1.82	1.19	3.95	3.28	0.84	0.475	1.89	1.44	2.89	4.36	3.81	2.41	0.0294	0	0.98	0.761	0	0	0	0	0	0	0	0	0	0	0	0	0	0	0	0	0	0	0	0	0	0	0	0	0	0	0	0	0.00424	0	0	0	0.167	0.0639	0	0	0	0	0.0469	0.0862	0	0	0	0	0	0.0424	0.145	0.294	0.478	0.704	1.01	1.41	1.91	2.11
2.29	2.12	3.34	1.8	2.08	1.47	2.28	1.39	1.57	2.15	2.36	5.14	2.42	2.16	1.98	3.93	5.5	13.3	36.4	12.4	18.7	13.9	16.5	22.3	20.4	22.1	20.1	23.7	26	25	24.8	32	30.4	21.5	18	9.66	12.9	18	20.7	22.9	7.35	11.1	19.7	13	9.25	5.36	6.7	3.55	2.97	6.41	1.91	1.99	2.57	2.75	4.9	0.592	1.44	1.4	2.12	6.62	5.57	1.46	0	0	0	0	0.83	0	0	0	0	0	0.0402	0	0	0	0	0	0	0	0	0	0	0	0	0	0	0	0	0	0	0.0254	0	0	0	0	0	0	0.00388	0	0	0.0767	0.12	0.315	0.452	0.678	0.777	0.037	0	0	0	0.0469	0.152	0.301	0.484	0.707	1.01	1.39	1.87	1.95
0.529	1.76	0.682	1.2	1.7	0.528	0.647	0.88	0.302	0.417	1.28	0.842	0.602	0.111	0.035	0.357	0.528	1.6	3.36	5.21	5.98	6.68	8.03	12.3	16.5	19.1	13.4	17.8	19.7	18.8	21.8	36.2	21.9	25.4	24.8	30.5	23.8	20	30.9	27.8	22.8	19.8	18.2	25.4	21.8	17	14	8.62	6.53	4.7	4.49	3.6	3.57	3.55	3.59	1.16	1.45	1.09	0.482	0.0589	0.0207	0.284	0.00104	0	0	0	0	0	0	0	0	0	0	0	0	0	0	0	0.0165	0.0163	0	0	0	0	0	0	0	0.043	0	0	0	0	0.00306	0	0	0	0.00572	0.00287	0	0.0178	0.0179	0.0386	0.0229	0.028	0	0	0.0791	0	0	0	0.00366	0.0858	0.225	0.418	0.653	0.711	1.01	1.36	1.78	1.88
0.457	0.365	0.377	0.773	1.37	0.417	0.387	1.21	0.665	0.547	1.52	0.747	0.734	0.166	0.0923	1.68	0.265	1.32	1.21	5.22	3.36	5.61	18.1	14.4	20.1	16.7	12.7	19.7	22.8	22.3	20.9	29.1	24.6	26.7	31.7	26.4	35.7	29.2	45.5	29	26.5	23.3	22.6	16.5	15	18.8	19.6	9.66	7.58	4.69	4.45	3.88	3.72	4.19	3.88	4.21	1.06	1.33	1.07	0.0714	0.0254	0.00203	0.0692	0	0	0	0	0	0	0	0	0	0	0.0133	0	0	0	0	0	0	0	0	0	0	0.0621	0.0411	0	0	0	0	0	0	0	0.169	0	0	0	0	0	0	0.0387	0.0178	0.00454	0	0.0489	0.0683	0	0	0	0	0.0327	0.141	0.282	0.471	0.702	0.744	1.04	1.39	1.8	3.02
0.277	0.261	0.236	0.446	0.983	0.237	0.176	0.386	0.91	0.563	1.62	1.61	0.744	0.187	0.285	0.357	0.157	0.42	1.45	2.22	27	12.5	10.5	28.1	18.1	11.3	11.1	20.7	27.2	25.6	25.3	29.8	27	27.9	39	38.1	37.9	25.1	51.7	54.2	37.7	32.6	35.1	19.6	14.3	13.2	13.9	9.39	7.81	4.81	4.4	6.42	4.91	4.63	3.48	2.53	1.56	0.846	0.644	0.0758	0.0268	0.0094	0.00145	0	0	0	0	0	0	0	0	0	0	0	0	0	0	0	0	0	0	0	0	0	0.0635	0	0	0	0	0.00238	0	0.00305	0	0	0.116	0	0	0	0	0	0	0.0179	0.0309	0.00625	0.00922	0	0.222	0	0	0	0.0488	0.163	0.303	0.486	0.709	0.742	1.04	1.38	1.78	1.87
0.278	0.2	0.174	0.258	0.21	0.164	0.918	0.217	0.193	2.43	4.74	3.73	0.926	0.659	0.377	0.268	0.166	0.395	1.24	2.3	18.9	20.3	4.95	11.3	14.1	9.06	11.3	14.4	20.7	32.7	36.1	34.5	33.4	45.8	40.9	41.5	36.1	33.6	44.6	52.7	22.2	21.4	46.4	30.5	15.6	12	9.85	8.09	6.69	5.7	5.26	5.31	4.15	3.79	2.98	2.92	1.74	2.63	0.589	0.0719	0.0251	0.00145	0.00103	0	0	0	0	0	0	0	0.00694	0	0	0	0	0	0	0	0.0128	0	0	0	0	0	0	0	0	0	0	0	0	0	0	0	0	0	0	0	0	0	0	0	0	0.049	0	0.0854	0.113	0.000647	0.00864	0.00874	0.0596	0.172	0.304	0.477	0.684	0.712	0.993	1.73	1.73	1.82
0.137	0.108	0.262	0.052	0.0141	0.011	0.0429	0.059	0.0551	0.411	1.23	1.38	1.23	0.573	0.24	1.6	0.347	0.587	2.21	1.71	2.69	3.99	5.05	3.41	4.51	6.36	9.57	15	9.49	13.6	22.7	29.7	29.3	28.7	40.2	56.6	42.5	45	53.9	60.9	20.3	19.9	46.5	36.9	16.6	19.6	12.2	6.01	4.38	3.99	3.6	5.21	4.85	3.47	2.91	2.65	0.849	0.62	0.452	0.0452	0	0	0	0	0	0	0	0	0	0	0	2.62	0	0	0	0	0	0	0	0	0	0	0	0	0	0	0	0	0	0	0	0	0	0	0	0	0	0	0	0	0	0.449	0	0	0	0	0	0.00967	0.0177	0.0135	0.0519	0.135	0.232	0.359	0.513	0.534	0.744	1	1.32	2.18
0.0597	0.0482	0.0701	0.195	0.124	0.0142	0.00327	0.0225	0	0.37	1.83	0.74	1.15	1.24	0.404	0.397	0.65	0.634	2.95	3.48	1.81	2.14	3.9	8.45	2.92	2.8	4.05	13.4	7.15	7.64	11.4	14.8	13.5	19.2	18.3	29.5	38.9	33.8	20.6	25.8	19.8	15.7	36.5	25.5	9.98	10.8	9.33	5.09	3.62	2.84	3.09	4.33	5.8	3.45	3.58	2.31	0.821	2.03	0.429	0.108	0	0	0	0	0	0	0	0	0	0	0	0.686	0.0822	0	0	0	0	0	0	0	0	0	0	0	0	0	0	0	0	0	0	0	0	0	0	0	0.00238	0	0	0	0	0.0345	0.0369	0	0	0.0136	0	0.0137	0.0251	0.794	0.055	0.133	0.224	0.339	0.48	0.498	0.698	0.947	1.25	2.07
0.0418	0.0256	0.019	0.0375	0.00162	0.0344	0.167	0.157	0	0	0.103	0.793	0.879	2.28	2.95	0.918	0.686	1.89	4.38	3.91	3.02	1.79	1.99	11.1	2.53	4.05	1.87	6.45	6.96	7.61	9.68	5.07	5.95	9.92	13.5	17.9	22.5	35.9	42.1	37.9	49.2	40.5	21.9	12.9	9.45	12.5	10.6	4.28	3.73	4.45	3.35	3.39	4.89	4.15	4.88	9.98	5.31	2.54	2.42	0.647	0	0	0	0	0	0.321	0	0	0	0	0	0	0.031	0	0	0	0	0	0	0	0	0	0	0.1	0	0	0	0.00475	0	0	0	0	0	0	0	0.0024	0	0	0	0	0	0	0	0	0	0	0	0.00888	0.0213	0.0145	0.0491	0.124	0.21	0.312	0.437	0.46	0.655	0.904	1.19	1.99
0.0283	0.0184	0.0181	0.0027	0.00115	0.000334	0.0373	0.345	0.0507	0	0	0.548	0.362	2.15	0.785	0.961	1.22	2.69	7.19	5.06	3.09	1.43	1.43	1.34	4.32	35.3	1.72	1.71	25	27.3	7.78	9.12	7.86	13	9.53	13.4	30.7	25.2	47.1	37.6	32.5	40	36.7	15.3	14.7	17.6	20.3	7.78	5.74	5.49	5.72	3.89	5.2	7.36	4.31	3.99	11.4	4.79	1.65	1.12	0.668	0	0.0392	0.00541	0.0547	0.0164	0	0	0	0	0	0.00806	0	0	0	0	0	0	0	0	0	0	0	0.0188	0	0	0	0	0	0	0.00327	0	0	0	0	0	0	0	0	0	0	0	0	0.0188	0	0	0	0.00656	0.0193	0.0129	0.0461	0.103	0.175	0.267	0.383	0.407	0.588	0.831	1.14	1.89
0.151	0	0.302	0	0	0	0.0234	0	0.0164	0.558	0.105	0.246	0.0595	1.25	0.94	1.93	4.04	1.84	1.66	2.8	1.59	2.68	1.56	4.33	2.06	2.22	1.79	0.532	12.6	11.2	4.17	2.21	4.7	8.19	8.42	29.9	35.2	24.9	38.3	46	41.1	34.6	32.4	26.2	20.6	22.5	22.6	11.3	9.19	13.5	9.77	4.51	6.49	5.83	4.29	3.27	6.15	3.31	0.816	0.109	0.137	0.0381	0.255	0.181	0.193	0.225	0.293	0.153	0.148	0.134	0.112	0.0634	0.0903	0.098	0.0253	0	0	0	0	0	0	0	0	0	0	0	0	0	0	0	0	0	0	0	0	0	0	0	0	0	0	0	0	0	0	0	0	0.0129	0.0296	0.0152	0.0453	0.0732	0.128	0.178	0.28	0.488	0.712	1.02	1.41	2.23
0.303	0.151	0.631	0.0239	0	0.005	0	0	0	0.332	1.35	0	0	0.253	0.164	0.643	0.614	1.08	1.39	1.44	1.57	3.13	1.29	3.59	5.38	5.51	4.76	3.96	6.07	4.61	4.96	6.02	13.2	8.22	11	33.9	34	26.9	15	34.8	39.3	31.8	30	25.3	26.5	22.1	23.7	6.81	5.12	8.11	5.89	5.4	5.36	6.67	5.81	3.62	0.996	2.25	1.32	0.639	0.204	1.43	0.148	0.206	0.244	0.312	0.255	0.213	0.206	0.187	0.157	0.0886	0.0672	0.0494	0.151	0.0243	0	0.0285	0	0.098	0	0	0	0	0	0	0.014	0	0	0	0.00295	0	0	0	0	0	0	0	0.00287	0	0	0	0	0	0	0.0142	0	0.00772	0.0253	0.0163	0.0496	0.0766	0.118	0.163	0.252	0.542	2.82	3.23	1.56	2.46
0.303	0	0	0	0.0238	0	0.0239	0	0	0.0393	0.383	0.253	0	0.147	0.169	0.353	0.629	1.4	1.67	2.6	2.07	1.98	1.69	1.21	0.953	4.46	3.91	5.67	6.16	6.42	1.91	5.27	32.8	2.12	3.84	12.3	15.4	7.87	15	34.5	31.7	30.9	28.4	17.6	20.1	22.9	18.1	8.49	9.73	11.2	10.2	10.2	8.38	4.95	3.33	3.96	1.93	0.318	1.08	1.84	1.92	7.55	3.58	0.956	0.399	0.385	0.34	0.285	0.277	0.254	0.216	0.125	0.0981	0.0742	0.053	0	0	0	0	0	0	0	0	0	0	0	0	0	0	0	0	0	0	0	0.00296	0	0	0	0	0	0	0	0	0	0	0.0149	0	0.0129	0.0371	0.0304	0.0626	0.0843	0.104	0.128	0.215	0.648	0.93	3.34	1.74	2.69
0	0	0	0	0.0239	0	0	0	0	0	0	0.011	0	0.0557	0.0893	0.211	0.674	0.593	0.609	1.01	1.77	2.07	1.15	1.3	1.5	5.93	2.83	5.05	7.26	5.39	3.02	5.88	2.71	1.77	1.97	3.63	5.21	5.97	14.7	29.9	44.9	47.4	37	20.6	21.2	16.8	14.7	10.2	9.02	9.96	10.1	8.45	10.3	5.43	2.4	2.07	1.28	0.542	0.863	1.75	2.35	6.29	9.22	0.437	0.506	0.502	0.437	0.37	0.362	0.335	0.29	0.172	0.14	0.109	0.0786	0.00599	0.147	0.197	0.188	0.128	0.149	0.122	0.0388	0	0.0344	0.000755	1.3	0	0	0.00811	0	0	0	0	0	0	0.00287	0	0	0	0.106	0	0	0	0	0	0	0.0166	0.0536	0.0892	0.0875	0.106	0.128	0.157	0.253	0.889	1.2	1.58	2.01	3.76
