14.4	11.8	11.8	9.6	6.88	6.8	6.78	6.21	6.61	9.8	12.9	13.1	16.1	11.6	8.42	8.47	12.2	12.8	20.5	11.9	12.9	18.1	20.1	15.4	50	57.7	69.6	66	35.5	19.4	19.5	21.8	15	10.7	3.87	1.84	9.21	34.9	39.2	62.6	82.3	91.7	102	108	140	125	148	179	90.5	44.9	52.5	67.1	70.8	87.9	114	129	153	184	166	156	160	143	132	119	123	137	135	151	141	147	147	167	195	189	180	184	199	202	216	225	258	288	335	364	414	373	400	264	260	275	341	328	263	269	266	303	292	291	310	258	202	268	280	283	270	280	216	179	207	265	291	337	375	390	381	320	273	264	279	300
9.6	8.5	8.31	8.51	6	5.97	5.99	7.69	10.3	7.41	7.58	6.31	10.5	7.8	7.04	8.49	12.1	19	28.2	13	22.1	21.5	13.5	13.6	39.7	69.8	49.2	46.1	28.6	11.8	14.7	3.74	8.14	3.39	5.07	14.9	15.1	23.6	37.7	55.5	65.8	113	138	120	143	153	156	144	42.7	57.1	37.5	45.1	51.3	69.9	89.6	104	114	152	167	173	134	99.3	116	111	112	117	124	125	134	120	126	141	165	157	165	168	168	180	207	219	215	224	256	314	358	397	405	384	315	320	375	251	197	238	296	212	194	206	190	228	246	263	280	263	231	210	196	181	219	253	310	347	373	319	342	338	322	307	341	420
10.4	10.8	8.7	5.83	7.44	5.83	6.17	6.04	13.5	10.8	7.57	7.53	10	8.16	13.9	9.17	14.9	19.2	30.9	24.3	37.2	52.7	64.9	36.2	33.7	35.5	35.8	39.5	34	10.1	9.65	5.75	4.5	17.8	35	19.5	18.4	23.8	60.6	80.3	76.5	93.2	77.4	57.9	85	111	101	75.1	67.4	35.7	55.9	36.1	31.7	55.7	58.8	49.8	59.9	169	180	148	129	99.1	91.4	84.4	109	154	156	139	139	137	132	145	151	147	160	163	152	163	160	184	195	204	244	268	328	353	393	474	447	307	281	171	174	245	331	245	237	222	210	252	254	232	231	216	172	183	196	229	237	274	291	309	311	347	379	383	391	379	446	458
10.9	9.83	9.08	9.94	6.85	6.69	7.8	6.5	9.23	16.2	7.63	9.02	9.71	9.41	15.3	14.2	23.9	24.2	33.2	29	43.4	68.7	146	63	46.3	47.2	57.1	60.5	45.6	17.7	18.2	31.5	34.5	34.8	27.2	26.1	24.7	24.2	83.6	127	67.1	82.6	61.5	75.4	89.3	83.4	95.9	109	60.2	53.2	62.6	43.5	28.2	34.2	39.9	41.8	33.6	135	143	131	158	113	109	95.8	146	147	153	144	145	134	156	157	148	146	165	172	157	157	158	169	181	196	224	220	268	323	400	472	489	309	278	197	208	260	323	280	262	255	277	242	214	208	214	212	214	215	219	261	234	256	250	258	329	362	391	416	438	472	509	486
9.16	10	8.41	11.5	5.43	6.22	5.58	7.78	13.3	23.6	15.1	8.45	12.8	11.5	18.6	26.7	35.6	32.1	38.6	28.3	27.9	103	102	55.6	62.6	50	52.6	72.4	74.6	43.3	23.7	78	66.2	42.4	14.2	5.45	7.4	21.9	60.5	37.2	47.4	126	101	52.2	63.1	71.8	56.7	74.4	98.8	28.8	23.9	30.6	33.9	30.3	28.6	31.6	31.3	59.3	83.8	92.8	106	91.3	91	93.6	118	110	141	135	147	173	165	190	162	162	189	177	173	175	171	165	176	193	211	210	245	281	323	435	440	425	267	200	254	270	328	308	286	282	267	239	218	230	229	281	280	285	272	238	244	234	262	262	310	361	421	517	519	499	458	479
8.34	8.78	8.25	10.3	8.17	9.79	10.6	11.4	11.6	10.4	14.8	15.1	11.4	9.03	11.1	33.1	44.5	48.8	42.4	40.1	57.9	126	126	74.6	59.9	60.3	62.2	61.9	83.5	55.1	42.3	68.5	52.1	43.6	35.9	2.93	7.57	18.9	22.9	46.6	52.5	46.3	34.1	33.3	22.7	38	30.4	52	64.7	31	34.1	21.9	19.9	20.8	22.2	15	13.1	22.7	47	53.6	45.9	41.3	66	88.3	137	110	112	94.9	154	179	156	141	140	141	140	141	146	175	163	176	179	188	203	229	228	234	249	267	298	326	337	194	218	234	287	253	274	295	266	275	257	253	247	302	304	292	260	238	222	259	247	288	316	366	381	362	326	315	350	378
9.61	7.28	7.14	12.3	9.79	12.1	10.1	9.56	5.38	11.7	14.9	12.8	10.6	9.3	11.4	38.4	41.1	49.7	57.7	79.2	91	106	84.5	80.7	74.8	89.6	84.6	81.6	84.9	72.2	56.2	31.2	20.2	41	42.5	23.1	15.7	21.8	38.1	75.6	108	47.9	32.4	32.6	15.2	14.7	10.3	32.9	34.8	31.8	23.3	21.5	17.1	17.8	14.7	8.15	14.7	15	25.2	45.7	50.1	47.9	43.9	71.2	114	113	95.3	74	98.4	106	130	138	166	156	187	146	159	149	138	171	193	212	222	231	255	268	269	274	313	291	310	250	224	236	293	270	303	292	290	302	311	267	303	322	313	318	340	314	302	370	359	352	341	375	374	356	312	292	313	344
11.6	8.74	19.1	12.5	9.67	7.55	6.42	12.3	10.1	12.3	14.5	13.2	11.1	14.8	15.2	27.3	54.1	86.4	87	111	106	106	108	101	110	83.3	96.9	83.4	84	99.2	104	61.1	55.6	37.7	37.7	67.3	36.9	35.7	42.6	44.5	35.2	24.5	17.2	12.9	10.5	14.3	15.5	31.3	31.1	41.1	22	14	10.6	9.4	8.12	9.3	20.1	15.6	17.3	30.1	37	33.2	55.3	74.3	92.1	126	103	106	92.2	97.4	116	139	172	233	214	179	200	170	153	171	209	206	201	210	255	293	319	299	350	321	304	305	260	275	310	283	297	276	292	346	328	314	384	405	308	339	342	380	417	385	333	320	297	350	360	332	330	332	294	344
12.5	14.1	24.3	17	14.3	8.39	7.69	8.24	11.3	20.1	18.8	11.3	15.8	27	33.2	26.8	74.6	97.6	120	98.5	118	156	156	110	95.5	107	109	111	130	103	79.4	73.3	74.8	42.3	38.4	58.6	51.8	44.7	54.9	34.3	8.35	5.41	14.3	18.2	18.4	12.9	24.3	18.6	16.6	43.7	26.3	11	12.5	20.9	14.2	30.4	18.7	22.6	16.6	24.4	35	30.6	58	69.5	84.5	107	113	87.6	108	114	119	139	164	236	202	180	180	189	198	215	213	215	219	232	288	291	316	295	307	330	381	354	414	304	305	269	276	273	284	323	307	340	381	338	300	298	317	342	334	309	294	265	250	280	310	338	341	355	320	353
1.43	16.8	35	35.5	17	6.96	5.18	1.39	7.45	19.5	14.3	8.99	13.2	20.7	25.7	72.9	83.7	121	151	135	132	160	168	168	153	158	157	145	159	130	61.5	66.4	69.2	45.1	56.8	86.4	46.3	53.2	42.9	40.3	11.6	12.5	18.7	49.8	38.5	10.7	16.3	26.3	15.5	29	27.3	8.38	46.8	53.7	34.8	18.6	11	16.5	23.1	20.9	20.8	20.7	27.2	48.1	77.5	80.1	118	84.5	106	127	149	133	156	200	197	187	196	190	183	174	201	205	194	233	257	239	232	235	299	359	442	323	319	258	291	270	270	290	307	330	325	322	336	301	249	265	283	272	260	247	254	299	246	254	299	280	285	295	307	312
6.07	8.31	38.4	23.5	29.6	30.8	4.03	2.59	7.79	14.5	11.1	13.2	25.8	31.3	36.8	106	136	185	210	165	149	157	152	135	121	164	188	132	111	105	83	73.8	92.9	78.6	66.5	71.5	94	87.8	42.8	24.5	17.9	10.4	13.7	47	41.2	19.5	11	25.4	16.7	9.74	22	14.9	40.7	59.8	27.3	7.44	36.2	19.6	27.9	26.6	21	18.9	28.4	53.1	83.4	82.3	83.7	55	65.6	82.3	136	148	157	166	206	243	208	157	163	167	171	190	253	268	285	255	234	246	253	358	456	441	311	272	292	297	297	287	302	357	322	279	294	255	218	242	240	216	212	214	214	234	234	225	244	282	250	301	361	355
14.5	27.5	11.8	26.1	35.7	30.9	13.3	13.7	13.2	8.03	14.4	10.9	23.5	44.4	64	125	189	208	201	186	145	127	133	130	135	165	183	130	119	142	121	96.9	92.2	81.5	83.8	72.1	91.8	92.8	37.6	58.4	23	7.37	3.1	30.7	34.1	10.2	13	13.9	17.4	9.08	31.7	11.1	8.53	10.2	4.27	2.37	9.61	15.2	25.3	33.2	32.6	32	29.3	50	73.1	59.3	88.2	66.7	77.2	103	168	167	186	175	223	231	211	169	159	153	159	217	279	238	272	252	225	230	248	304	335	324	353	393	269	272	274	303	295	276	237	236	252	230	227	246	221	217	200	192	219	231	225	248	262	279	303	293	318	318
31.6	41.4	31.8	26.3	31	66.6	60.8	20.7	20.6	14	24.1	24.9	38.7	65.1	102	153	147	189	169	148	156	180	175	181	188	193	187	143	131	146	124	102	107	104	86.3	82.2	71.2	52.2	26.8	21.4	11.6	6.98	26.9	22.5	18.2	8.29	19.4	16.8	16.3	26.7	35.7	20.9	8.86	7.47	8.6	2.16	1.62	8	20.6	45.3	53	39.6	40.5	53.3	71.5	75	96.3	81.7	150	153	157	148	141	148	180	188	181	162	177	176	192	232	225	245	263	247	226	202	257	329	331	373	431	457	261	269	325	306	281	246	209	221	239	246	214	190	198	209	208	198	206	212	219	243	295	286	283	281	263	259
12.5	64.7	91.9	13.4	38.9	35.5	39.1	24.2	19.3	18.2	39.3	62.5	61.4	60.9	99.9	153	166	132	112	150	192	177	205	237	247	229	194	160	160	172	190	135	121	127	83.8	78.4	51.7	28.9	34.8	27.7	16.4	15.1	20.1	20.9	25.4	22	23.7	29.7	41.6	19.4	39.1	13.7	7.49	8.44	9.88	3.93	5.35	11.8	17.9	25.1	25.2	28.7	27.6	35.8	49	74.4	82.9	88.9	112	193	210	134	131	119	111	177	205	245	212	144	146	200	228	218	221	252	253	211	278	344	329	365	330	415	248	299	346	330	314	246	221	223	220	168	148	155	132	127	132	135	152	168	166	193	290	282	255	222	203	236
28.9	59.9	93.8	36.8	40	29.8	28.6	32	32.6	51.2	62.7	81	68.2	73.1	90.1	157	188	162	135	168	185	174	203	269	231	218	205	173	195	195	214	148	130	101	62.2	74.4	45.6	36.8	68.2	81.9	52.7	38.7	38.7	47.2	27.1	25.5	12.5	39.1	33.3	19.6	24.6	10.7	14.7	9.45	8.34	6.24	9.1	12.4	14.2	22.2	21.9	31.3	44.3	41.1	55.5	80.1	91.7	154	131	188	149	167	146	113	119	196	192	227	191	134	147	184	209	214	257	276	248	219	244	297	327	279	278	290	235	246	285	304	282	240	216	215	193	169	167	142	135	135	139	136	140	186	152	177	231	262	242	207	200	205
60	87.2	166	60.3	59.1	36.7	53	43.9	47.1	89.7	82.1	68.2	55.7	93.6	112	155	170	164	224	213	173	170	196	243	243	196	168	191	234	232	238	214	180	101	75	90.3	72.4	60.4	66.2	86.6	73.8	61.4	58.3	62	57.8	43.2	48.3	55.9	46.6	29.6	11.9	11.4	12.1	9.96	15	9.71	12	10.2	11.7	13.6	19	30.3	52.6	58.4	68.9	79.9	112	196	198	181	163	160	152	134	137	204	180	188	206	188	170	168	168	213	292	277	254	284	260	262	272	280	288	271	310	224	254	280	270	215	227	230	202	191	173	164	147	121	105	154	163	171	129	157	196	231	233	194	195	195
62.5	137	147	29.2	40.9	48.8	58.2	62.3	61.6	80.5	77	65	64.5	72.6	97.8	159	157	188	217	241	229	206	244	294	294	219	221	196	229	249	191	191	160	114	109	124	103	83.4	60.5	79.7	67.7	59.5	79.4	86	103	134	106	82.7	59.2	38.4	22.3	13.2	13.8	15.8	27	14.4	27	14	13.5	20.7	30.1	37.5	50.4	78.4	89.3	112	149	218	232	180	183	169	144	146	117	166	163	151	181	211	170	161	157	188	245	239	231	286	293	259	262	285	277	228	275	252	259	280	294	246	253	268	238	210	188	174	160	137	181	173	162	143	138	141	182	193	188	192	193	187
18.3	67.7	79	37.2	44	44.4	71	41.5	75	90.4	113	61.1	76.7	77.2	142	139	144	181	228	249	258	217	250	275	257	239	247	243	272	243	186	144	138	137	144	185	172	134	77.7	119	131	103	103	106	120	131	177	114	52.5	40.3	24.3	8.31	18	22	39.3	15	14.1	25.2	15.2	24.8	39.7	41.4	62.3	78.3	144	135	181	205	163	157	227	257	172	192	168	195	146	182	205	183	177	190	178	188	221	248	243	264	248	291	285	300	288	275	348	380	335	350	368	265	267	349	283	265	246	201	154	142	197	186	151	153	163	155	187	187	165	192	185	206
12.5	30.9	74.8	53.1	44.8	56.1	83.3	80	148	163	152	74.6	104	94.4	137	133	136	127	190	253	259	216	234	263	299	327	277	325	327	250	210	134	121	150	166	167	192	142	127	135	117	102	92.5	116	94.2	109	135	138	92.8	54.9	41.3	24	33	36.1	21.5	29.7	8.94	15	24.5	29.3	65.5	56.7	72.2	80.9	177	183	168	150	143	160	195	215	204	183	174	188	258	196	145	180	210	217	204	176	186	239	226	235	263	288	291	260	268	332	351	459	467	374	402	281	249	289	279	252	229	196	140	137	174	183	143	148	166	167	172	178	146	169	174	197
18.1	9.94	44.5	37.7	47.9	73.5	130	130	184	168	140	71.1	106	96.7	137	151	181	188	286	289	263	250	263	261	314	325	309	272	280	268	262	183	164	180	196	215	151	174	123	168	118	89.8	99.5	138	83.8	81.9	90.2	92.6	101	96.4	59.5	28.8	27.2	43.3	34.4	32.6	17.9	15.1	25.7	30.2	36.3	98.3	112	117	194	229	207	119	97.7	112	150	185	158	132	227	256	234	150	122	136	204	224	230	188	188	200	226	272	313	333	304	301	268	298	391	472	499	529	449	282	274	293	285	244	215	178	168	156	171	192	145	163	156	128	128	117	129	136	158	196
38.3	50.6	53.5	64.4	55.6	71.5	213	213	195	118	154	140	167	173	174	203	196	216	247	267	282	285	250	289	323	307	306	227	257	320	247	254	236	244	264	285	166	151	122	168	127	110	108	114	80.1	89.4	69.1	70.3	88.8	115	112	37	31.9	46.2	42.7	41.1	31.6	30.9	39.3	48.1	43.5	68	86.7	100	120	222	215	208	114	108	116	202	185	160	205	211	187	143	98.9	132	165	187	234	230	218	209	256	274	303	301	258	264	231	248	363	375	444	513	512	298	317	314	296	221	214	184	184	188	212	149	157	169	156	155	149	142	130	134	154	195
52.3	110	173	227	85.7	96.2	193	242	207	133	189	166	208	233	199	186	195	272	360	242	279	274	290	261	258	284	264	219	225	246	184	198	197	212	220	250	183	148	138	191	164	142	157	122	82.6	88.3	58.8	62.1	90.2	104	100	52.2	57.7	34.3	61.1	59.5	56.1	69.7	83.1	109	75.7	86.9	110	115	176	187	223	179	181	201	153	182	175	154	165	152	138	87.9	106	104	114	136	169	250	252	285	365	301	287	265	255	254	307	354	318	372	434	462	445	440	462	414	392	341	328	303	321	301	273	258	258	193	167	173	172	152	156	154	152	180
55.5	143	200	285	186	95.3	175	226	215	169	214	203	226	225	242	262	298	361	367	238	236	287	308	283	280	307	248	246	244	191	148	130	115	131	209	186	156	226	144	216	185	205	171	149	98.8	85.7	77.8	79.9	109	121	132	84.7	90.4	84.1	118	91.3	70.3	77.8	104	137	112	122	117	166	176	139	134	163	216	212	193	161	141	164	145	111	109	104	136	137	132	116	130	203	228	302	320	263	245	260	257	305	357	334	397	411	436	373	394	424	458	433	400	349	339	302	282	247	263	279	297	245	216	172	168	174	173	165	173	214
124	110	250	260	177	127	129	161	136	190	234	242	253	224	273	277	355	414	376	287	255	317	320	329	319	318	273	274	250	177	166	119	120	138	122	159	140	140	142	208	189	170	149	138	143	147	95.9	113	141	160	144	150	133	108	167	114	112	134	110	172	166	168	220	166	121	153	135	234	238	292	275	197	163	170	163	205	125	99.2	121	157	157	135	162	213	234	315	273	220	219	242	219	241	285	370	439	432	446	429	407	445	497	436	413	379	339	311	319	297	297	327	292	203	193	184	180	178	159	169	190	232
223	193	340	323	246	208	203	189	309	291	292	298	277	283	281	266	278	369	392	343	345	355	369	341	277	254	267	277	243	165	175	128	163	217	129	176	155	182	163	230	173	187	195	262	264	210	157	140	199	182	206	189	196	148	215	111	132	140	185	236	253	238	147	136	129	157	167	226	325	376	452	279	193	181	224	223	151	99.2	120	149	183	247	252	338	319	253	224	211	255	257	255	243	329	342	403	482	446	427	408	453	562	451	507	432	405	360	358	339	297	286	301	227	177	170	169	148	153	173	189	249
229	231	327	274	218	204	198	182	242	220	252	266	272	306	280	230	226	289	360	330	303	312	292	276	244	222	246	217	200	198	158	163	156	143	115	169	214	206	167	178	172	198	183	258	237	166	158	211	240	289	347	270	222	240	239	261	220	262	209	268	295	258	168	203	238	192	263	296	286	408	435	328	288	206	216	202	166	148	130	145	167	204	228	344	368	280	204	236	346	359	380	373	434	441	542	435	430	398	378	421	432	481	541	442	428	416	377	366	329	343	318	319	300	278	288	278	296	303	304	198
264	255	239	239	223	223	205	218	232	212	271	276	289	314	322	267	250	300	387	324	299	323	315	267	237	225	247	244	194	172	155	144	144	170	119	153	179	216	286	235	243	208	254	322	228	165	191	303	294	277	369	229	165	210	249	208	204	255	270	247	325	406	385	259	229	254	307	286	314	390	356	325	331	282	253	218	190	180	161	163	152	183	225	249	253	217	178	229	390	405	386	428	451	515	654	407	387	395	437	382	405	449	467	462	449	431	403	382	329	319	301	330	331	308	297	267	269	302	307	199
367	339	257	264	298	335	255	182	193	204	202	230	226	274	302	308	261	317	373	361	342	285	278	243	255	233	242	225	173	144	154	137	132	128	124	153	171	216	288	279	245	221	242	263	254	288	304	356	315	301	329	294	220	191	237	158	162	153	176	218	260	320	362	263	228	219	285	349	362	382	395	359	332	292	271	237	206	222	171	153	150	183	196	181	168	198	171	411	453	415	427	460	439	536	666	453	383	465	436	381	446	515	470	439	451	441	407	393	368	363	328	338	354	348	333	324	295	288	315	262
365	296	290	258	278	293	266	213	190	268	203	187	202	223	251	334	369	386	346	314	390	359	328	283	267	223	205	184	161	147	151	148	151	152	127	189	182	214	204	219	263	273	243	274	211	255	299	381	344	351	332	292	245	209	184	162	165	136	159	178	245	254	331	270	208	255	336	375	344	403	381	327	266	240	257	221	219	210	146	143	145	169	179	167	192	186	174	361	404	424	462	439	493	631	583	470	405	515	469	400	499	541	471	430	459	442	382	368	376	414	384	377	396	382	377	357	318	319	335	321
259	250	241	255	261	274	267	243	236	221	225	186	222	258	270	321	311	356	401	270	333	336	330	324	283	222	223	182	160	174	151	145	159	202	159	173	154	206	186	188	233	245	239	212	191	215	198	362	388	417	432	397	327	354	283	242	229	203	215	174	207	210	262	258	247	327	336	409	397	430	409	294	256	239	268	258	272	227	167	161	167	173	177	182	169	187	225	277	317	380	391	413	417	472	580	506	482	547	539	416	390	420	431	428	433	369	372	358	395	443	421	412	437	407	395	349	323	375	359	358
252	252	270	262	264	274	270	265	218	210	219	238	282	301	269	263	253	354	417	292	330	343	302	296	296	259	226	182	165	158	141	136	120	147	207	158	146	160	152	210	229	246	243	194	231	241	216	391	440	491	579	512	495	427	387	252	242	211	256	196	165	190	193	205	214	274	305	378	383	386	356	292	287	277	270	237	219	204	156	178	189	201	185	182	192	236	297	318	306	442	408	425	398	414	469	494	543	517	464	439	440	450	451	393	363	338	383	426	457	427	426	409	427	440	408	385	368	382	362	333
311	310	295	272	298	338	328	255	257	266	253	294	343	363	292	300	299	336	381	273	309	330	336	310	292	288	233	246	182	203	216	138	136	132	172	144	144	152	196	271	246	247	260	274	231	231	210	328	331	463	453	510	509	517	356	261	222	303	245	194	166	196	188	192	198	233	235	320	338	351	260	259	274	284	282	215	194	190	195	207	194	190	183	195	220	279	326	317	310	380	434	442	406	415	482	473	553	538	543	524	469	452	457	413	378	422	437	357	402	443	406	400	426	432	447	404	418	469	448	375
291	299	299	300	373	368	318	365	306	308	326	329	344	312	296	290	284	291	287	275	310	311	299	284	282	283	254	275	279	210	183	148	160	126	150	169	166	174	219	250	224	261	266	228	230	257	302	358	387	509	462	436	479	428	371	276	256	244	246	205	171	161	168	160	170	200	219	328	320	333	257	239	222	269	270	221	201	232	256	214	205	211	191	204	217	299	312	317	332	367	375	377	361	416	457	455	584	526	486	479	479	455	459	419	409	420	425	372	393	401	400	422	415	431	441	420	422	481	477	454
263	308	264	244	329	329	321	284	320	356	356	353	356	318	370	332	325	322	315	308	312	291	276	279	260	233	220	281	289	197	178	197	147	135	139	145	148	160	183	224	192	181	205	202	218	235	296	377	371	361	418	375	395	359	260	216	189	193	188	149	157	139	137	144	186	218	223	253	262	279	299	259	242	237	238	222	216	225	257	259	252	252	237	223	211	294	334	347	307	341	387	400	348	421	512	445	518	488	488	439	457	442	408	411	489	451	455	373	393	355	396	477	424	466	436	415	417	448	461	423
242	256	230	187	238	326	326	325	331	361	382	357	374	366	328	327	357	369	350	314	270	266	270	259	233	192	204	224	220	198	190	195	172	161	127	141	155	139	170	191	195	189	204	199	265	237	281	357	418	410	355	261	292	381	281	227	204	196	205	159	153	132	174	183	216	228	244	230	230	283	294	280	257	244	228	214	236	232	256	259	261	265	269	267	260	266	318	332	338	326	298	300	363	351	427	412	494	457	408	439	419	419	466	499	501	514	492	413	384	357	386	485	469	475	435	425	418	417	447	393
187	204	223	192	231	293	296	272	287	301	340	385	387	367	324	338	368	355	358	367	324	296	333	265	237	222	256	220	222	202	198	229	230	143	157	164	196	186	196	223	199	175	187	229	275	255	267	343	351	333	274	253	263	288	334	257	224	194	198	178	182	164	206	214	217	238	237	229	210	228	253	269	275	246	232	236	275	257	230	271	290	308	304	303	267	261	306	376	364	321	322	282	296	299	304	276	284	344	335	372	383	464	469	486	500	612	491	418	401	442	450	491	494	442	412	437	436	415	457	455
188	207	245	208	246	319	294	233	268	267	298	369	367	382	371	353	360	326	334	352	307	326	289	253	227	254	300	292	233	193	191	236	198	171	192	251	284	255	183	201	164	172	177	195	258	274	266	383	378	416	460	314	306	327	248	292	261	214	213	178	222	231	243	238	223	231	256	245	217	214	209	239	285	254	250	245	280	275	236	293	353	312	301	331	286	270	298	398	360	338	301	326	354	282	291	263	267	327	443	345	402	465	518	510	510	521	521	416	444	417	493	485	459	447	426	456	468	475	473	497
156	216	255	255	294	350	358	253	231	244	246	324	350	395	437	364	338	334	329	382	341	338	310	247	262	364	377	325	234	200	199	193	194	214	216	257	268	192	195	192	181	176	211	251	211	228	232	259	337	277	289	320	267	286	257	246	282	225	218	211	239	237	223	238	245	240	228	223	204	223	207	213	293	295	273	245	244	262	206	242	329	342	359	376	333	304	299	254	274	287	339	382	375	294	275	282	320	376	423	341	363	444	513	524	465	469	449	433	438	396	494	485	467	448	482	456	464	491	458	453
188	210	250	278	324	353	348	328	289	274	252	283	301	330	363	398	372	356	407	356	375	357	354	272	285	309	355	352	248	179	218	238	214	185	202	221	221	201	246	257	244	239	253	260	247	239	241	266	268	282	292	381	294	292	263	247	249	275	255	240	207	216	231	267	252	233	226	201	199	259	217	225	239	274	255	251	259	253	232	248	282	317	375	357	347	322	342	272	255	295	330	454	396	372	370	328	380	384	399	357	361	401	490	502	414	324	332	432	477	415	463	455	473	446	481	433	459	437	414	389
184	230	281	326	307	310	296	320	339	288	272	276	288	299	311	368	348	337	389	372	363	424	430	313	290	282	430	393	335	277	242	345	282	192	204	203	252	249	226	255	275	330	294	262	268	253	263	354	304	375	318	370	386	305	298	249	266	282	271	236	225	232	233	263	275	232	225	223	210	247	232	257	275	322	272	267	313	290	275	249	255	254	268	302	305	341	370	290	319	354	360	411	432	478	443	369	319	310	347	337	296	367	440	428	340	292	299	421	433	445	425	464	475	424	448	395	378	369	390	370
209	296	360	358	345	305	272	293	271	237	289	280	294	318	303	353	361	320	350	414	417	394	469	349	296	291	279	298	324	333	323	378	384	234	198	174	183	213	236	230	288	311	317	266	279	293	271	364	379	397	347	366	362	349	353	306	293	308	299	251	229	236	236	276	252	234	221	223	231	268	243	250	291	344	298	328	348	354	311	285	278	259	271	327	325	357	323	304	323	342	396	481	462	501	511	431	321	326	330	326	314	347	350	394	359	366	324	413	420	364	373	437	482	403	340	364	369	403	397	363
316	324	368	383	413	304	242	247	242	225	266	311	333	360	329	316	399	339	331	348	385	393	395	329	332	308	263	204	221	262	352	310	282	267	214	185	194	175	178	249	248	253	266	300	340	326	281	284	312	327	328	335	383	347	329	309	327	306	278	258	263	245	248	293	306	296	321	270	263	249	256	290	248	293	319	350	406	365	345	286	302	265	275	333	351	317	281	246	254	232	251	436	449	393	448	455	297	312	321	297	269	287	302	343	308	461	419	341	325	293	338	377	381	321	286	326	359	388	388	351
358	317	344	289	290	297	253	268	262	302	353	343	354	353	336	324	363	349	356	387	344	405	457	363	375	340	315	284	316	386	413	296	294	227	242	247	311	203	241	303	296	263	265	402	418	375	339	318	343	357	319	337	324	345	332	329	398	316	306	253	255	323	246	271	298	323	333	282	296	259	244	266	261	292	311	350	377	336	343	325	305	340	271	293	356	328	277	254	331	344	290	378	427	376	349	360	335	326	333	304	324	322	305	353	414	454	414	333	339	356	378	367	375	344	318	348	385	382	365	367
264	266	310	325	319	316	313	309	312	299	296	327	333	316	316	341	330	349	368	371	380	381	387	334	302	399	377	326	323	316	282	284	282	270	285	219	329	244	207	282	313	255	365	381	395	411	359	394	360	461	388	368	344	310	340	379	352	367	403	258	244	260	277	266	281	297	320	320	264	252	252	275	298	274	323	399	449	412	409	406	374	393	334	325	373	341	279	268	382	444	326	386	349	365	346	387	371	368	342	287	307	377	346	407	481	383	362	371	428	469	431	397	393	385	372	365	389	385	373	368
306	276	326	315	308	334	314	317	329	325	309	308	304	321	311	326	325	324	351	351	380	301	340	310	325	296	291	281	333	296	258	279	271	321	269	228	303	278	223	252	248	275	441	343	355	395	412	418	477	529	466	425	423	346	329	299	349	413	425	306	288	267	277	314	255	328	295	244	256	268	264	245	224	242	301	332	373	455	372	402	352	360	362	393	354	319	275	235	368	309	375	384	336	327	345	345	403	378	297	262	272	404	471	496	496	466	431	422	439	523	441	405	346	389	394	361	364	377	392	380
232	260	286	287	307	332	349	309	350	351	330	341	317	349	319	283	292	326	364	435	351	282	301	304	327	318	264	231	261	248	233	204	225	238	216	264	222	175	171	207	203	204	254	296	314	356	497	442	519	497	425	426	484	379	341	262	331	389	376	374	337	407	333	351	236	304	278	247	256	257	269	226	218	228	303	367	294	244	286	322	291	323	342	351	381	339	312	262	241	273	317	305	299	266	274	356	349	354	329	313	283	347	457	478	448	479	523	462	441	380	380	319	343	329	342	313	336	307	325	358
180	205	246	271	281	353	332	330	334	334	353	304	315	308	310	283	286	320	342	326	283	313	308	293	299	307	267	206	246	228	248	222	249	235	233	242	217	184	154	242	212	214	215	214	317	313	343	371	509	648	463	432	429	406	344	311	349	422	366	371	363	366	361	403	295	274	305	300	282	317	308	286	315	307	324	334	263	275	359	335	300	336	322	323	316	366	358	275	292	392	340	309	272	245	259	295	350	343	333	374	339	339	426	479	480	472	614	484	468	417	398	348	332	338	327	312	307	273	300	359
160	240	215	255	237	295	262	276	336	330	347	337	325	370	352	324	280	279	326	311	306	290	290	303	310	302	396	245	279	247	239	238	230	252	237	251	364	234	212	252	233	237	204	224	244	275	222	272	420	521	504	476	478	389	390	361	327	322	330	311	289	295	311	331	280	276	339	259	204	235	303	279	308	345	282	350	298	300	368	338	319	359	269	250	259	250	333	240	271	338	294	323	292	247	276	322	341	343	352	339	379	359	362	387	404	424	474	420	466	450	413	372	376	342	355	349	307	316	329	401
169	216	261	299	298	260	269	292	319	317	319	268	269	305	306	327	354	313	319	306	313	350	297	256	299	294	272	258	282	232	222	191	190	215	234	265	280	225	228	220	190	197	223	280	302	348	252	265	361	383	455	552	605	405	348	331	284	290	266	293	256	281	289	276	226	211	249	213	193	223	251	303	325	393	366	357	303	306	318	359	293	238	302	303	328	238	228	246	256	295	272	302	304	317	332	380	343	299	309	320	380	417	407	389	413	487	481	424	419	390	395	408	412	442	422	369	330	325	315	402
183	205	273	283	329	245	261	259	339	325	317	276	253	246	287	280	283	283	308	288	268	337	323	255	249	225	224	174	200	177	158	166	184	196	230	245	209	210	202	231	204	213	239	321	345	308	300	271	251	257	381	394	413	362	285	335	267	244	259	277	238	234	269	261	191	169	203	197	186	224	227	292	363	313	322	306	239	238	251	291	265	215	248	293	376	284	227	228	223	259	271	306	332	298	323	363	359	333	311	349	414	425	437	471	447	477	468	458	413	354	416	462	491	449	417	372	337	295	268	350
176	197	243	251	270	224	239	214	242	272	296	244	264	289	332	277	269	295	310	340	298	386	332	299	227	189	184	156	171	168	181	167	172	198	237	223	230	216	209	227	194	218	217	307	366	343	379	347	323	255	283	302	406	451	422	441	345	247	223	303	268	323	299	306	199	190	252	208	204	249	248	273	296	373	315	316	247	249	227	243	305	294	203	220	317	328	236	212	192	273	238	288	339	322	332	418	458	424	356	451	468	427	448	481	466	464	470	439	420	392	478	503	470	490	529	436	407	332	270	299
184	171	214	243	228	206	207	234	252	264	275	243	227	268	306	296	282	273	266	309	351	351	351	336	298	208	218	168	187	218	243	184	171	175	210	221	202	191	234	244	269	229	219	303	377	383	410	389	315	240	319	313	351	413	351	322	277	237	238	260	327	284	345	269	243	166	185	219	243	240	237	224	266	330	289	310	343	275	240	252	250	282	243	207	295	341	272	239	235	292	310	316	304	336	345	394	429	441	439	457	492	464	455	463	465	459	512	489	477	406	454	595	466	457	578	474	425	339	256	295
213	203	258	277	286	225	166	164	182	184	241	235	239	271	303	269	253	241	275	284	350	339	294	288	298	273	277	243	225	194	257	200	177	188	199	211	201	193	208	242	238	246	240	279	368	379	419	434	461	317	285	254	235	250	228	276	263	233	228	274	373	307	332	236	186	196	218	236	273	266	224	217	222	253	289	310	277	284	249	256	270	266	354	341	393	367	288	215	230	246	240	344	342	343	359	388	400	441	461	440	473	468	460	468	445	439	480	488	480	473	487	576	431	401	470	432	393	310	269	282
212	222	225	229	271	251	194	177	177	180	226	226	226	230	248	205	194	233	259	331	371	279	247	253	308	319	318	329	265	249	232	212	205	217	228	238	231	221	218	238	237	245	278	276	288	385	390	415	342	278	297	241	208	241	230	237	240	318	305	302	276	220	241	226	221	205	241	255	270	314	280	244	246	244	279	305	345	304	275	242	237	273	315	361	375	343	304	230	259	246	274	359	400	420	368	394	431	443	473	473	466	459	465	482	486	485	453	510	489	520	485	493	448	379	412	363	324	290	274	318
202	225	234	201	240	255	184	174	184	203	231	228	229	230	241	193	203	206	217	247	265	253	259	272	297	332	370	304	309	280	251	211	208	244	227	237	231	213	223	249	223	227	233	255	276	303	410	411	326	277	297	221	197	195	222	246	244	239	296	276	257	186	170	244	248	201	233	253	297	316	283	269	246	216	256	306	324	327	290	278	265	277	311	331	381	303	258	230	275	244	248	307	368	460	403	394	440	446	480	478	446	453	461	481	565	472	449	468	481	462	475	487	463	389	362	347	360	344	311	296
255	239	191	187	246	245	173	174	151	161	193	175	195	240	245	211	204	191	169	213	250	266	294	315	300	290	303	281	270	268	255	216	212	236	241	243	232	214	229	258	267	224	220	226	271	288	440	383	309	268	254	228	233	254	254	235	228	253	285	197	159	154	177	233	225	204	210	236	279	280	277	263	261	227	231	247	306	319	291	260	319	320	297	325	342	343	307	225	244	215	224	305	331	417	434	443	439	437	481	492	471	462	462	475	478	473	481	485	479	444	448	502	428	329	336	379	356	359	358	288
240	226	216	193	205	229	188	192	170	146	167	167	206	230	172	185	193	169	192	206	240	254	280	297	290	281	325	292	233	225	232	199	212	224	218	259	230	226	218	218	213	204	219	242	248	264	401	461	370	274	237	285	258	283	287	310	293	279	303	248	217	171	166	222	239	277	236	242	294	302	305	263	270	280	241	259	285	312	348	317	351	341	354	383	361	303	266	218	188	194	224	344	334	349	384	432	464	473	476	483	461	466	474	477	473	485	477	461	424	421	469	500	405	322	358	405	364	364	336	298
235	208	240	221	182	180	182	226	198	142	156	171	189	195	178	188	205	174	206	218	231	247	242	290	328	294	318	255	231	219	213	247	251	284	256	275	229	235	201	179	183	188	220	233	224	233	290	335	328	245	216	215	245	215	200	249	251	218	234	225	213	185	192	222	278	300	283	289	320	356	290	242	222	260	288	294	319	348	361	411	391	377	392	417	372	316	310	224	183	221	321	361	344	358	396	416	447	481	483	471	445	449	469	481	484	489	472	453	417	405	454	498	494	368	449	418	406	384	362	321
228	200	255	256	220	221	219	208	181	172	191	173	246	188	177	165	169	159	200	211	206	239	240	288	298	279	298	273	234	240	216	229	282	335	339	295	256	212	227	203	247	203	209	225	208	233	302	449	295	241	223	183	194	214	175	208	184	166	202	223	216	238	223	266	275	295	339	365	338	313	275	244	236	236	255	321	369	364	379	473	463	439	463	410	369	348	316	276	194	231	251	293	290	332	357	408	424	484	482	493	484	463	465	459	479	474	473	479	428	445	386	461	487	392	415	363	406	362	341	289
235	248	257	298	223	216	232	202	204	172	189	171	170	188	161	149	164	199	240	192	199	222	220	271	290	286	265	261	234	231	244	261	271	286	286	328	300	215	241	210	214	230	242	240	231	246	336	367	312	266	232	219	206	214	322	224	205	195	232	211	177	274	275	264	279	290	351	356	388	342	301	283	261	257	250	299	361	377	386	432	468	456	461	431	374	336	302	298	291	228	233	282	289	324	340	380	425	456	470	488	486	468	462	446	454	462	471	480	408	402	364	406	442	449	438	375	391	342	306	276
255	206	188	232	285	228	222	230	206	179	175	146	162	180	161	167	187	183	200	234	206	339	236	277	266	259	269	259	248	247	243	259	226	216	229	296	240	205	201	215	225	233	254	259	259	272	289	318	295	274	242	269	275	198	246	210	205	232	246	274	197	280	353	267	292	304	335	341	359	347	306	319	291	290	287	290	355	350	342	369	412	419	373	396	416	408	390	324	355	250	278	293	291	321	343	393	417	437	454	468	452	449	442	497	475	466	451	474	422	376	350	426	441	442	434	423	392	370	336	294
309	251	213	205	272	253	239	244	217	214	206	171	152	143	151	175	216	209	167	200	210	227	210	238	250	250	256	306	298	284	292	253	218	221	248	293	293	258	233	241	317	292	260	264	325	286	282	283	250	297	300	287	246	210	232	184	191	270	297	286	199	201	277	269	281	340	333	398	390	341	333	288	288	320	332	317	298	321	337	346	382	399	362	329	370	362	322	298	345	322	299	225	258	301	341	381	426	402	473	492	477	475	507	500	485	477	481	607	457	396	408	388	401	410	386	417	417	342	316	343
274	250	261	240	244	253	275	270	239	253	214	142	129	139	169	200	296	256	178	192	186	192	202	213	223	218	232	282	261	292	296	253	275	270	268	313	299	306	251	228	252	227	239	258	380	376	303	305	282	314	315	322	271	241	216	164	168	204	226	215	175	178	291	292	323	312	332	445	425	397	352	307	311	339	356	360	338	326	400	367	388	355	389	253	248	388	360	292	346	400	302	308	370	369	429	440	452	442	502	520	488	494	511	496	496	472	463	502	507	420	399	409	329	354	378	345	361	297	306	369
211	229	208	203	271	318	290	283	248	328	239	176	167	188	179	229	290	216	187	204	192	180	183	196	190	198	214	271	279	278	279	249	246	237	261	308	227	276	277	252	230	199	204	269	301	341	260	222	352	321	300	354	312	246	204	168	253	251	222	226	222	223	311	352	340	379	366	432	427	380	311	355	383	388	377	390	348	386	436	434	376	308	383	364	317	301	391	266	291	391	409	402	440	461	477	485	507	514	515	525	524	495	494	493	482	477	476	488	415	329	273	267	232	280	375	316	298	250	284	374
187	204	186	226	309	348	360	288	235	236	216	177	167	201	210	290	273	239	242	243	220	194	199	208	207	209	226	263	271	253	264	226	236	257	249	242	218	196	239	184	185	195	234	244	316	321	284	230	335	320	250	291	269	255	196	206	308	243	202	238	299	265	254	326	401	448	443	410	450	365	360	391	426	431	415	410	406	374	432	367	315	251	321	392	382	346	337	300	254	336	352	387	478	474	499	501	514	601	511	518	500	503	483	455	468	488	476	420	366	309	242	216	249	271	365	295	306	273	325	419
234	226	216	216	256	271	283	227	166	169	166	197	219	241	245	264	276	243	277	290	273	226	215	232	238	216	260	331	309	246	241	252	281	242	235	229	218	235	204	186	184	216	220	202	243	276	303	212	257	271	195	227	241	224	214	228	256	245	211	276	324	361	262	308	365	394	407	393	355	359	363	407	379	440	450	457	439	365	379	313	278	247	265	258	333	374	338	323	295	359	329	381	457	497	473	456	500	522	541	503	494	491	480	448	468	467	431	437	394	363	288	228	247	266	316	264	272	278	348	395
349	400	343	268	272	249	203	177	178	176	189	241	221	214	209	225	248	270	277	259	271	269	272	241	203	198	232	314	300	281	273	247	273	229	195	193	201	206	198	157	169	212	236	219	236	212	192	190	218	317	262	229	254	238	254	232	238	268	290	326	377	342	298	304	322	323	342	391	333	367	353	320	341	389	387	399	433	389	366	277	269	316	266	285	299	326	344	323	330	401	325	369	452	468	367	416	472	482	489	523	524	475	463	478	471	441	398	369	349	327	262	233	217	220	243	249	240	285	338	370
334	377	406	317	307	271	218	203	187	207	235	205	210	173	172	195	245	254	268	253	243	235	271	244	205	204	226	255	284	259	249	222	238	213	210	181	163	161	163	155	158	200	195	222	231	191	182	169	162	215	187	208	230	272	255	244	211	227	281	284	335	326	261	310	299	296	302	367	372	328	303	309	335	388	353	406	346	366	366	328	253	221	224	316	312	324	276	313	298	367	355	354	432	345	279	375	465	464	475	481	495	481	454	477	464	415	379	320	325	304	258	235	275	207	214	261	265	312	409	420
221	250	307	311	351	329	226	176	181	187	185	203	205	173	181	238	255	277	274	269	251	237	258	255	217	198	227	252	270	259	267	225	210	218	215	177	169	167	168	132	136	164	173	195	228	239	209	140	115	132	157	292	244	219	270	253	207	205	238	229	288	331	250	274	262	317	321	347	352	357	354	323	355	344	337	332	305	362	428	370	283	205	221	237	260	384	373	301	300	420	340	333	334	335	308	360	435	469	465	443	449	453	457	464	440	397	366	324	323	264	244	246	237	255	204	198	272	335	404	452
154	169	193	251	283	272	203	199	210	232	177	182	220	231	282	338	292	302	321	292	296	282	260	225	211	190	203	184	185	244	298	267	251	250	233	223	241	235	205	164	170	182	203	196	216	249	252	188	138	144	225	245	225	217	258	317	255	212	223	234	267	316	269	245	260	299	279	307	322	350	351	309	339	312	296	266	367	357	369	335	264	252	258	267	288	361	367	313	302	368	310	265	300	381	343	394	457	453	453	451	427	452	439	444	443	419	355	303	318	281	268	230	221	229	219	207	238	260	302	336
154	182	182	205	245	243	223	229	246	245	199	206	239	237	231	290	337	276	276	284	255	244	221	219	202	163	167	178	176	208	237	256	251	260	252	229	215	228	218	174	185	191	223	232	209	245	245	167	125	140	155	167	185	215	239	248	216	182	192	222	211	226	251	233	235	257	264	274	280	318	338	320	280	276	255	281	312	346	333	302	274	258	277	369	368	405	410	356	329	365	398	414	337	360	448	454	447	404	394	391	392	435	413	414	431	407	360	320	316	287	239	217	199	222	217	211	212	220	263	249
145	164	162	170	179	181	197	245	307	294	235	266	274	252	228	263	276	290	279	268	251	237	208	218	188	167	156	161	177	191	176	209	223	247	266	239	195	218	218	157	186	197	198	204	249	326	236	168	157	134	125	146	181	196	200	211	176	142	160	169	167	193	186	234	246	238	242	301	320	303	341	299	253	256	297	273	279	352	339	323	256	266	310	370	429	356	393	285	277	311	378	373	404	374	416	453	390	348	392	420	394	387	383	388	372	391	405	366	358	280	243	240	213	209	207	201	204	197	199	242
147	145	144	154	148	166	162	221	308	312	270	313	282	270	296	292	261	273	307	273	254	252	224	228	209	196	168	135	137	151	156	178	188	224	243	223	208	179	197	167	188	173	184	213	243	268	227	226	242	195	142	135	149	149	151	173	187	166	217	211	214	176	211	235	228	237	241	274	300	369	373	309	261	252	271	255	302	280	297	300	259	294	299	315	346	334	352	230	235	264	339	388	382	389	347	378	364	361	333	386	424	409	394	380	391	365	377	368	343	327	293	264	229	245	226	193	208	197	192	237
134	126	134	163	142	146	142	152	220	265	332	360	309	259	257	309	324	284	289	314	295	265	245	192	191	172	172	169	162	172	179	193	192	203	212	241	252	210	180	149	173	186	177	165	168	187	185	266	205	195	171	172	142	126	166	199	194	207	226	217	250	242	237	241	243	266	273	260	280	307	315	299	260	253	252	244	219	258	320	270	266	268	271	263	302	320	326	230	215	255	307	334	350	367	318	385	336	350	358	366	374	385	410	358	359	368	384	377	330	318	308	277	245	224	220	192	188	178	180	204
119	96.5	108	154	170	146	150	132	148	192	279	318	341	301	259	326	349	316	303	280	267	265	242	185	182	185	168	166	153	161	157	188	197	205	198	221	209	191	167	166	162	164	170	183	191	202	214	206	158	172	180	172	143	109	122	163	167	183	184	181	229	223	196	274	278	286	302	276	285	299	305	309	266	285	290	281	249	242	353	299	272	246	280	257	288	332	333	262	243	269	285	302	369	430	353	355	341	327	341	374	352	368	347	356	386	357	340	318	308	316	317	332	273	219	210	175	166	169	170	193
104	93.1	93.7	91.8	111	133	162	130	137	148	217	236	246	259	269	321	357	279	278	275	273	267	241	187	187	184	158	159	150	150	144	184	184	199	202	205	212	189	190	160	163	166	188	208	173	228	199	205	171	181	167	161	136	139	119	129	147	154	175	172	164	158	163	253	280	304	289	278	308	300	336	320	282	283	291	273	245	268	323	281	278	251	254	260	249	284	358	295	255	272	326	327	391	407	421	382	377	315	343	374	343	367	305	332	384	353	343	336	318	306	306	268	256	235	204	159	158	165	169	195
88.7	83.1	97.7	89.6	94.9	124	150	139	135	144	165	202	168	183	178	244	266	266	244	255	276	254	230	187	180	169	158	163	154	154	152	184	184	197	193	188	200	198	185	154	169	180	212	201	185	155	147	164	160	165	147	168	156	123	124	154	156	155	159	160	149	168	181	220	260	276	268	310	295	279	330	315	324	317	289	260	224	258	244	262	288	256	232	265	313	315	370	337	283	277	295	352	297	311	361	441	385	316	283	334	316	327	312	304	327	338	344	330	337	310	304	254	246	228	206	177	184	180	186	213
70.2	80.8	90.5	81.3	81.9	95.5	106	111	103	95.7	108	134	132	116	112	150	191	223	199	203	220	213	207	208	191	173	161	153	156	161	165	182	195	192	183	204	205	194	181	148	146	162	181	185	166	179	148	117	133	133	120	122	152	117	115	173	174	178	201	213	215	192	229	221	248	266	288	288	290	304	323	305	322	321	289	263	283	280	246	267	253	237	236	261	295	329	346	309	284	283	277	299	353	327	338	363	377	346	275	312	273	277	284	279	291	283	313	307	322	328	279	249	249	228	198	190	202	235	235	248
65.8	74.4	91.5	84.4	93.1	89	85.4	102	122	95.6	99.2	124	107	96.1	97.2	116	131	145	162	174	178	192	196	226	223	203	191	175	181	172	195	195	194	187	180	183	197	172	167	154	137	140	146	172	172	185	168	113	96.5	123	135	140	147	170	108	164	167	177	182	206	244	204	228	219	236	260	292	281	305	322	317	324	327	326	291	289	289	275	268	264	265	264	263	295	277	345	322	271	295	307	305	320	388	363	397	450	447	338	270	273	288	275	250	247	233	269	284	297	282	313	287	252	209	230	221	181	222	269	252	232
70.6	74.3	87.1	80.5	91.7	90.8	91.4	84.6	107	104	97.2	106	99.6	109	114	117	102	150	193	159	163	175	203	232	208	243	203	194	182	189	192	196	188	202	183	192	192	192	190	157	137	140	143	145	148	163	149	121	90	124	131	159	156	139	115	169	195	194	172	244	334	247	271	210	225	259	281	286	322	353	322	335	320	330	315	278	293	287	274	285	295	327	282	284	285	331	313	277	289	307	327	327	296	316	297	315	353	336	290	277	311	268	234	252	258	253	278	291	295	306	279	279	227	232	245	190	218	282	281	276
73.6	82.6	82.1	82	79.7	73.5	72.9	79.1	85.4	91.9	104	110	99.4	109	106	118	115	133	167	181	207	173	200	249	242	246	214	198	178	176	175	195	204	205	205	204	222	214	197	195	164	133	148	127	120	126	98.1	89	92.3	109	105	152	108	114	150	134	139	174	196	263	303	246	300	221	239	263	288	298	326	346	329	310	298	312	301	315	298	293	286	294	281	291	282	304	317	308	309	279	286	316	317	303	294	309	258	322	306	304	318	297	294	291	286	285	284	251	265	275	294	292	272	277	237	223	228	205	221	278	322	333
58.7	56.3	56.1	61.9	49	48.1	55.4	59.7	58.6	75.9	85.4	118	105	85.5	109	128	106	108	121	165	234	185	200	193	202	222	217	205	201	193	208	201	203	221	220	221	245	203	215	166	152	121	114	96.3	85.7	86.5	89.5	74.3	82.3	87.6	102	85.6	76.8	105	120	90.8	117	150	203	266	236	237	301	215	221	260	250	248	261	292	300	302	281	316	292	261	236	257	285	269	241	279	292	329	327	313	315	286	288	309	328	333	309	339	269	300	329	318	308	297	276	257	279	245	246	229	249	275	262	272	253	234	221	237	224	225	279	382	414	349
44.7	36.3	41.4	75.1	93.7	48.2	43.7	59.7	91.5	80.8	74.2	103	100	86.6	93.9	106	88.2	94.9	95	135	175	186	178	174	179	178	177	205	232	211	215	218	193	198	215	211	201	188	187	154	128	120	116	101	91.1	75.1	72.8	85.9	72.6	101	70.6	63.7	76.4	80.9	70.6	86.8	102	125	145	201	240	238	280	208	202	254	238	221	235	245	256	284	264	269	291	285	278	266	297	252	222	274	312	293	287	321	342	347	300	286	294	314	295	333	286	296	298	307	307	282	255	235	264	276	232	209	224	246	236	261	245	241	224	254	252	250	295	387	421	324
23.8	22.3	35.6	55.3	74.5	36.1	37	54.7	69.4	78.1	85.2	72.6	69.2	85.6	81.5	89.2	74.4	79.3	83.1	107	143	210	209	173	167	176	170	216	234	216	235	223	222	229	226	191	168	182	167	136	114	114	118	88.8	84.5	75.8	80.5	78.7	66.9	70.9	64.1	47.2	42.8	53.9	62.7	83.2	100	162	152	151	243	214	309	207	246	221	227	207	218	233	258	275	290	259	283	319	301	254	256	235	242	259	283	280	269	336	302	337	299	276	277	278	281	284	272	294	304	288	290	276	246	242	245	250	225	189	205	218	219	241	240	233	224	216	236	272	334	362	377	292
15.7	16.6	16.9	21.3	24.2	29.2	26.6	45.9	49.8	61.1	48.9	64.9	87.4	100	76.1	71.4	79.4	77.8	73.9	91.2	165	189	200	188	166	200	154	164	215	206	191	209	197	214	215	179	154	151	159	131	108	105	90.4	83.6	76.6	76.8	65.7	58.5	71.9	56.1	56.6	39.5	25.6	32.6	77.3	95.2	94.3	112	150	169	198	277	306	205	225	196	200	209	228	237	247	260	271	301	305	386	341	278	289	263	268	234	250	285	311	373	334	342	292	269	270	264	272	281	257	302	281	286	319	315	262	242	238	214	209	191	191	199	205	219	263	314	297	237	256	291	304	314	289	278
2.98	4.32	5.43	13.2	9.39	10.4	14.6	25.8	42.4	49.4	66.1	66.5	55.9	73.7	60.5	60.1	67.4	62.1	79.3	76.8	94.6	137	154	173	140	160	167	172	151	166	231	210	159	147	158	157	127	114	120	101	97.2	96.3	79.7	88.1	100	94	99.3	61.1	52.8	45.6	46.4	38.2	40.3	37.2	62.1	98.3	107	107	137	141	173	173	224	215	211	174	195	218	226	238	236	222	244	294	320	374	346	274	252	263	253	227	211	252	321	357	342	341	312	271	269	287	298	332	316	263	268	297	306	306	290	268	251	223	208	237	230	195	189	211	265	257	280	238	253	266	293	300	260	254
1.57	3.91	3.82	6.06	7.12	5.11	7.72	16	25.6	34.4	71.2	54.3	54.1	73.7	62.6	70.8	65.5	57.2	55.8	77.4	88.1	98.1	115	140	121	108	122	138	175	184	212	204	188	141	108	112	109	113	110	104	83.5	91.5	78.4	75.4	90.6	104	96.1	65.5	62.5	45.3	40.9	32.8	47.6	57.9	102	120	141	139	134	121	155	179	212	219	209	141	163	192	243	252	221	216	249	300	302	335	352	318	248	248	245	237	248	252	305	284	272	280	289	275	255	280	326	334	306	287	265	280	289	278	294	266	246	234	246	247	255	210	205	210	221	218	231	234	249	313	333	288	269	280
1.09	1.39	3.52	3.52	3.44	3.37	4.13	10.5	17.1	20.7	45.1	62.7	51	63	72.5	71.4	60	53	50.1	76	85.3	88.1	96.1	146	99.5	94.9	111	124	149	160	174	214	234	208	131	107	101	99.8	101	88	80.9	79.9	91.4	97.7	78.6	85.9	68.5	62.1	57.9	54.3	61.3	48.6	56.7	69.8	126	123	175	145	147	121	137	179	227	202	227	154	139	161	225	259	238	233	250	263	282	275	253	237	213	210	227	205	255	296	256	244	238	250	260	243	251	295	341	337	328	303	282	302	306	265	242	248	208	215	212	224	229	216	217	218	207	200	201	200	245	320	373	303	288	297
1.22	0.993	0.955	3.19	2.97	3.14	4.47	8.03	8.47	7.89	21.2	33.2	73.7	95.3	73.4	77.9	55.9	56	64.9	61.8	77.9	98.3	85.9	82.3	86.9	164	86.4	90.2	103	130	156	230	321	268	237	153	115	97.8	86.7	82.2	71.7	69.9	66.2	76.2	72.9	63.5	58.5	50.7	50.3	69.5	49.7	49.4	62.7	79.5	92.9	109	194	131	190	191	144	156	201	148	159	174	168	165	211	246	268	240	253	257	287	251	229	226	217	227	234	200	202	225	209	203	225	245	236	234	240	307	319	324	300	299	313	295	282	270	236	221	205	202	211	217	199	206	212	207	209	200	198	212	247	303	346	280	280	298
0.06	0.03	0	3.49	3.25	3.32	3.32	5.4	5.49	6.23	7.87	20.6	38	34.7	33.7	39.9	40.9	38	59.4	58.1	57.6	79	67.7	66.2	64.4	90.1	59.5	54.1	82	95.8	119	160	215	250	217	141	117	97.2	81	83.5	79.5	72.9	67.1	74.8	74.4	64.5	55.6	48.3	41.2	44	42.5	41.8	52.4	54.4	50.6	71.2	101	93.6	117	132	126	136	150	166	121	146	178	183	211	255	242	169	208	199	231	256	284	245	247	262	195	205	163	185	230	267	235	202	226	223	225	280	310	319	275	282	312	286	252	229	223	225	204	205	198	207	193	185	198	190	178	164	167	178	194	198	221	225	269	261
0.18	0.33	0.12	3.37	2.94	2.88	2.84	4.56	4.61	4.96	6.09	9.32	15.8	19.9	19.9	42.8	37.7	40.9	66.9	52.3	53.7	52.2	51.1	50.5	48.9	56	55.7	46.8	70.6	72.4	99.7	110	156	184	179	134	119	87.7	77.8	93.9	85.7	69.3	70.1	68.3	73.7	66.9	62.9	51.6	42.7	40.4	38.9	37.6	52.5	50.1	48.8	87.4	114	89.1	102	143	145	153	170	151	140	190	185	180	163	218	211	111	148	233	270	305	270	236	271	276	217	240	205	180	233	271	235	209	208	223	223	262	314	313	265	255	262	250	251	243	252	244	223	219	221	200	188	200	204	193	173	152	159	169	206	184	201	217	249	253
0.15	0.24	0.03	2.65	2.63	2.7	2.59	4.15	4.12	4.06	4.58	4.18	4.38	6.04	12.1	31.7	38.4	35.3	40.1	49.7	48.3	49.6	46.1	48.7	53.8	53.5	53.9	40.5	62.1	63.7	88.8	86.2	91.7	92.1	100	136	91.7	70.6	70.2	88.3	84.7	70.5	71.1	69.5	70.4	70.7	68.2	51.9	56.2	53.4	48.6	43.4	50.4	70.1	50.5	88.7	136	116	96.8	126	134	138	132	161	140	126	124	165	199	218	223	117	100	145	182	296	360	299	310	307	264	197	149	181	183	187	237	265	320	289	281	329	375	339	319	278	254	239	223	240	236	280	278	249	253	223	220	209	200	203	196	190	169	166	179	214	204	219	230	268
0.03	0.09	0	2.62	2.62	2.71	2.67	4.16	4.13	3.75	3.67	3.29	3.23	3.82	5.26	13.2	23.4	33.8	37.7	43.1	43.6	45.5	49.7	45.9	42.1	44	43.1	41.5	54.8	68.7	70.9	65.1	54.7	61.5	65.8	71.2	59	49.4	49.2	70.5	70.2	73.5	83.9	78.9	71.9	74	82.7	60.4	54.3	57.4	51.7	44.2	42.3	63.7	71.6	97.6	87.7	106	89.4	95	129	129	112	104	96.8	94.2	101	145	182	201	170	126	93.3	98.7	100	172	287	221	205	229	187	181	175	190	188	231	332	343	348	309	297	335	348	320	312	294	261	232	263	240	236	310	313	279	270	244	239	227	245	216	195	185	170	176	172	203	204	269	271	273
