93.4	120	170	260	301	288	298	347	369	436	380	337	333	348	408	445	399	377	389	335	371	461	453	451	453	420	338	314	356	365	311	258	333	365	277	391	415	490	532	484	494	466	527	567	481	354	313	286	170	181	157	263	232	228	193	232	268	379	368	346	275	314	270	206	187	182	199	214	191	191	227	220	189	183	214	245	245	261	245	236	264	248	289	305	274	249	217	216	235	262	246	174	172	160	160	146	146	160	133	155	152	161	151	124	83.6	101	119	101	98.2	108	102	102	116	144	147	175	166	158	160	158
160	197	263	241	243	238	268	314	425	468	489	422	372	370	420	468	465	370	367	376	427	442	454	472	498	394	262	249	385	435	267	269	295	373	347	471	475	620	665	616	587	535	661	519	452	294	274	263	221	142	122	124	148	117	78.9	156	148	200	218	254	256	268	251	218	177	147	156	188	229	250	223	223	189	226	219	293	313	337	294	288	303	248	287	361	311	342	314	325	249	273	280	150	145	172	167	146	150	167	185	175	177	181	141	117	95.2	116	131	87.4	80.8	93.4	75.8	91.7	124	173	157	199	167	174	174	164
197	245	262	211	215	235	251	269	393	498	491	385	430	481	451	480	474	423	444	463	467	473	479	461	457	370	257	327	407	314	286	326	307	329	307	384	432	483	537	553	472	485	485	398	340	290	245	252	209	160	131	115	114	95.4	95.8	128	159	154	199	242	291	239	243	214	214	154	172	200	289	288	248	237	247	272	272	284	294	282	252	281	299	319	250	279	329	391	364	348	347	259	283	172	172	190	175	143	147	161	171	165	168	166	144	95.4	114	143	173	176	138	114	112	127	140	164	179	222	202	183	209	192
235	266	273	255	264	318	319	289	345	303	346	345	369	438	388	474	468	400	457	460	472	480	494	457	402	368	357	420	470	307	235	291	272	221	240	323	325	332	409	412	379	362	392	396	346	280	260	308	232	194	127	140	108	94.7	106	139	180	217	241	304	285	233	200	174	162	174	190	248	285	301	285	264	231	281	320	308	355	329	312	363	341	310	265	269	330	399	418	370	362	312	275	196	262	164	212	158	159	190	182	174	164	143	117	96	105	142	140	142	138	138	142	140	139	145	153	212	192	194	201	193
311	284	310	276	306	379	330	342	297	287	349	346	379	421	429	410	414	389	420	461	463	467	473	465	388	377	474	416	444	439	415	427	375	276	209	195	219	286	342	293	302	270	224	288	287	310	280	272	266	254	189	184	147	114	120	146	146	198	318	340	238	234	217	199	195	236	266	293	322	308	331	304	308	361	372	370	360	301	307	354	371	356	257	336	306	305	394	359	355	399	289	199	239	218	232	164	186	162	137	137	146	123	111	92.2	82.4	116	129	154	133	138	140	151	160	150	153	169	146	148	174	182
304	295	314	273	313	384	287	268	260	231	299	311	393	428	415	412	416	410	472	447	475	464	468	466	435	383	372	376	385	412	394	383	296	336	273	219	222	252	316	277	232	242	203	213	304	362	359	273	259	280	210	195	181	171	126	111	105	155	260	231	229	187	171	127	179	181	193	209	216	248	246	253	257	297	352	379	353	328	287	306	323	339	329	324	262	262	312	420	420	387	320	186	215	246	239	170	141	171	152	139	161	204	163	128	116	119	136	150	135	139	134	144	182	165	143	160	135	135	144	181
315	314	323	288	364	361	358	272	302	227	266	311	372	355	296	362	402	393	449	454	471	465	454	390	412	404	314	351	480	477	414	327	300	320	238	209	212	234	279	296	234	232	209	250	366	392	370	266	239	248	253	211	200	167	123	148	182	174	223	231	228	209	234	200	200	195	168	184	214	213	197	271	232	292	313	304	301	321	290	346	363	360	411	384	323	331	351	403	524	484	426	241	225	255	226	183	144	128	176	186	206	199	167	157	152	163	140	141	113	158	166	151	136	172	171	164	170	166	154	182
293	347	356	378	330	296	316	314	281	246	222	226	307	295	375	407	444	494	479	468	481	476	418	415	453	471	317	329	483	559	555	475	392	324	301	274	216	228	280	308	286	226	204	266	270	344	305	295	292	250	234	206	182	146	134	217	205	207	241	235	252	229	277	304	238	194	171	195	228	232	227	294	259	269	290	326	296	291	322	438	430	425	372	369	340	292	386	436	481	495	458	420	299	297	281	219	229	203	220	193	219	211	234	192	177	167	176	169	165	180	188	231	205	208	178	186	216	217	198	214
273	324	338	270	245	258	273	259	261	293	246	268	269	274	379	393	408	494	481	447	440	433	417	379	353	372	278	303	420	497	513	489	358	329	316	292	305	284	256	250	271	206	235	262	262	288	303	337	300	296	235	230	198	157	132	163	187	177	226	312	407	298	321	239	223	197	209	233	204	175	172	216	234	286	293	337	364	339	378	422	401	360	362	390	334	336	366	378	415	477	463	411	406	304	304	232	223	257	255	261	275	284	261	216	221	196	196	176	175	166	193	281	295	306	289	311	293	251	255	282
238	247	234	220	200	266	296	297	249	340	364	289	290	327	377	352	399	478	366	344	357	368	386	370	267	264	274	302	311	406	416	464	399	351	330	351	348	268	241	247	250	235	311	319	336	299	284	318	310	285	292	266	246	223	200	186	175	195	265	273	323	250	277	246	225	236	203	219	186	159	177	232	287	311	318	328	320	314	345	428	405	403	457	424	332	315	340	402	364	317	365	442	318	188	244	249	248	256	286	257	279	283	302	259	268	243	199	200	200	217	244	275	293	298	286	245	257	263	259	297
202	191	241	272	239	238	313	326	300	321	324	314	355	444	411	359	436	427	317	294	358	328	315	310	270	283	321	301	344	443	381	449	384	408	329	334	377	295	240	293	244	213	263	281	317	343	337	319	283	265	279	292	279	257	199	205	204	228	263	216	253	242	268	285	322	228	185	181	166	162	179	282	321	318	274	291	273	289	297	375	350	398	325	274	277	351	408	423	458	466	449	409	353	300	317	258	221	263	241	203	284	286	338	246	248	236	251	237	224	239	268	298	303	314	312	240	232	230	238	285
168	225	282	320	231	260	286	293	311	319	275	296	431	464	447	448	387	380	327	304	249	241	291	361	327	310	412	390	405	390	351	393	328	370	311	329	357	335	261	290	238	209	249	281	289	335	324	330	293	278	315	281	269	240	248	240	251	239	245	199	222	262	279	253	280	294	238	193	192	201	189	258	281	289	265	296	302	328	309	349	363	320	272	303	317	333	382	413	422	458	470	359	330	337	305	248	271	300	283	229	236	254	280	217	243	286	276	258	220	225	250	280	285	297	305	274	234	203	207	236
203	206	204	209	265	225	264	269	287	299	268	284	377	395	365	468	372	319	328	244	219	260	347	387	354	384	429	355	351	291	274	343	312	312	244	295	301	332	256	259	252	221	275	291	311	371	346	321	325	296	278	276	280	253	225	226	227	224	238	210	209	231	241	273	271	210	217	247	246	257	279	261	272	301	252	270	266	300	308	355	368	351	325	377	409	472	368	322	477	470	468	405	382	307	265	266	302	285	372	350	284	339	304	232	256	237	273	254	245	248	236	220	253	244	218	202	202	211	185	159
161	150	168	173	253	269	275	216	256	287	316	306	299	317	356	405	340	350	417	440	415	445	481	483	412	481	489	459	343	297	314	350	296	238	192	226	209	186	202	237	265	278	290	289	321	415	393	407	367	324	321	340	347	312	289	242	229	219	260	189	207	209	236	287	275	262	261	353	368	396	318	312	323	348	253	233	278	272	259	304	331	328	320	287	391	363	280	259	354	346	426	461	434	324	291	316	343	343	344	285	288	285	314	273	336	292	218	263	266	258	230	246	235	211	179	187	192	169	151	130
176	168	202	158	209	219	195	208	228	292	352	284	307	342	321	412	347	403	473	468	477	491	602	584	450	439	440	401	380	315	351	307	296	228	211	204	183	213	254	279	264	309	285	299	327	317	273	369	344	352	339	360	368	325	345	273	233	224	326	277	273	190	218	221	216	201	243	327	407	417	326	361	346	289	258	290	260	285	329	316	378	329	309	257	314	374	357	300	311	321	297	389	446	431	325	335	326	284	251	220	215	233	245	238	269	244	194	211	220	262	266	273	265	236	206	193	217	178	139	142
196	198	201	180	214	270	214	200	212	282	260	244	305	354	333	348	379	415	486	518	513	521	559	573	489	477	444	425	375	307	324	252	225	227	188	198	236	277	277	255	273	276	286	309	322	345	311	411	360	324	339	401	382	368	349	310	311	296	316	285	293	264	252	244	226	229	283	344	327	298	255	397	305	318	335	340	271	267	361	427	412	336	322	293	289	295	351	313	299	274	323	361	362	400	460	339	385	332	296	229	201	253	306	266	256	256	216	203	217	229	230	247	251	237	275	238	208	206	229	234
250	216	193	196	184	191	200	216	262	337	233	271	268	276	329	337	457	460	459	486	493	529	520	561	487	475	462	474	465	337	259	206	197	243	300	303	300	299	301	270	284	256	282	314	301	335	359	388	390	343	348	431	411	396	356	356	343	295	331	241	250	235	274	212	203	239	280	327	260	219	235	276	321	335	354	339	273	269	382	467	435	345	377	319	328	333	352	340	311	302	294	344	381	510	464	320	315	284	283	261	294	294	315	288	259	264	240	245	222	223	234	245	246	272	299	257	256	214	249	265
258	223	197	180	216	272	275	287	281	316	272	287	242	276	341	385	396	455	423	412	459	468	467	444	439	416	440	455	463	365	267	228	218	257	373	329	306	310	325	347	377	385	381	348	321	325	293	353	398	397	356	421	432	335	331	409	400	416	391	265	257	244	214	212	242	287	293	320	364	258	261	296	338	320	302	353	355	277	299	326	307	291	240	242	346	286	265	295	248	256	248	235	309	528	512	542	412	337	302	249	239	283	327	344	321	325	355	327	264	274	300	274	266	287	298	279	271	243	213	238
227	202	201	233	308	301	302	242	300	276	331	320	256	226	317	400	390	444	432	435	450	424	437	386	428	444	513	467	441	345	282	238	228	237	354	405	451	331	329	437	521	488	434	425	405	350	318	340	394	371	335	410	428	373	384	420	418	428	422	309	255	250	232	209	254	268	259	276	268	246	254	320	305	280	262	288	366	295	235	245	238	271	239	203	205	213	222	279	246	217	212	233	357	447	520	561	460	309	344	280	250	291	346	337	331	336	313	270	255	292	337	279	285	251	255	247	259	254	210	214
179	239	198	227	303	255	266	237	328	297	240	332	287	248	307	442	390	402	390	469	462	427	358	316	397	429	466	408	377	348	301	289	328	284	325	366	445	356	368	415	442	445	468	416	412	361	345	395	382	354	318	419	452	459	440	443	470	449	437	330	288	237	240	245	277	274	243	232	343	290	311	325	313	330	257	261	299	283	243	237	246	250	216	233	220	221	211	326	265	219	211	228	327	423	527	493	467	346	245	252	283	276	285	306	308	303	280	259	253	266	289	244	261	243	231	220	221	210	193	208
238	394	293	306	300	291	215	189	268	283	198	237	261	300	311	308	349	341	356	446	465	456	413	360	364	376	398	362	351	325	285	272	313	320	293	351	381	314	337	454	489	401	438	389	374	292	290	392	415	347	358	492	480	511	475	480	516	450	434	315	270	240	305	311	275	270	258	221	369	421	480	394	256	280	290	251	285	346	254	202	258	228	193	204	183	189	196	238	216	191	181	213	274	350	413	471	434	437	395	254	254	236	258	296	319	278	260	219	255	241	241	237	236	232	227	241	210	193	171	212
249	393	310	267	292	308	301	290	266	337	201	209	263	283	275	287	315	382	302	331	446	444	453	427	432	349	378	399	362	327	267	237	233	240	277	282	322	257	342	411	410	395	359	430	416	424	346	362	311	287	322	454	503	541	477	478	572	544	479	357	268	278	381	313	321	291	286	275	312	362	373	347	268	189	208	261	263	258	218	204	239	222	208	180	220	228	199	212	191	211	217	256	267	303	311	378	411	398	440	392	329	305	338	436	498	481	474	403	371	365	355	265	250	235	239	230	231	211	201	210
240	248	308	319	395	469	424	388	273	300	229	297	290	343	331	296	309	398	346	358	446	417	376	395	392	328	346	336	357	328	288	276	195	192	239	306	246	242	323	385	341	400	367	384	333	355	345	365	305	314	308	374	385	484	440	507	483	488	431	341	285	274	306	316	280	285	300	307	348	332	340	324	244	183	214	253	209	178	198	204	210	237	208	212	211	252	264	244	214	262	213	217	278	403	317	391	429	444	376	336	357	405	389	487	534	495	473	400	356	347	333	233	230	203	231	205	190	160	174	221
170	214	311	306	349	419	468	444	333	259	280	358	272	331	359	278	332	324	361	440	437	400	354	318	258	268	330	304	331	313	311	337	268	239	284	260	260	290	370	364	317	313	317	371	357	340	367	335	310	348	335	406	323	383	387	435	340	370	440	292	276	233	261	296	263	294	296	300	331	334	348	365	297	305	239	238	264	252	302	254	232	243	260	351	279	305	372	342	331	375	312	319	307	387	356	433	433	419	405	354	378	406	397	498	535	542	516	437	453	423	328	204	236	198	180	157	135	197	192	155
221	245	338	360	386	462	457	380	347	308	293	255	294	342	369	287	315	324	344	416	434	397	373	345	295	296	270	294	277	295	354	368	235	228	271	307	342	343	427	422	408	410	325	328	365	328	313	260	255	336	315	351	430	316	360	372	284	261	323	255	219	203	230	260	254	265	277	269	275	330	299	336	283	307	264	237	207	248	252	218	236	206	258	233	235	254	295	371	470	447	327	350	382	280	297	410	423	402	429	412	359	381	411	511	565	513	511	471	418	393	379	297	220	224	163	139	101	103	134	131
343	324	288	335	344	378	342	371	363	329	295	258	428	439	317	317	313	365	341	344	386	386	379	361	368	282	252	244	204	215	251	286	277	242	252	343	394	375	350	361	425	409	350	297	276	339	260	268	274	302	283	302	281	255	245	279	217	230	247	248	263	259	269	271	241	237	276	305	300	323	272	334	315	310	311	205	211	206	249	211	215	191	267	302	268	256	247	359	377	324	329	396	394	399	385	394	389	338	401	366	311	320	366	467	461	458	428	403	375	368	340	374	413	239	178	149	131	113	120	116
408	463	411	318	319	311	282	273	256	351	311	278	326	404	415	387	364	366	310	344	420	403	334	340	299	268	296	263	267	235	228	333	430	294	246	313	341	324	313	409	373	343	307	305	290	282	235	226	213	257	278	235	175	217	154	150	140	187	218	217	260	365	255	201	213	218	245	276	297	262	241	284	266	297	244	179	176	201	261	251	265	255	270	296	294	249	224	285	329	354	338	393	378	399	447	411	405	388	385	312	276	285	315	429	424	448	457	408	330	316	316	334	313	236	207	156	123	116	130	113
324	379	280	285	343	338	381	281	290	359	346	316	419	313	384	421	411	386	316	305	359	363	298	256	278	278	284	326	354	319	321	375	405	346	311	354	386	389	351	351	377	333	272	295	293	332	258	228	235	208	222	232	151	192	162	157	159	188	235	216	213	262	254	189	189	212	226	239	257	237	229	289	232	229	209	194	189	220	239	199	191	216	216	264	312	294	300	302	366	440	377	396	376	345	372	409	402	409	378	313	337	335	319	360	369	343	366	328	353	330	381	367	305	246	296	230	181	136	128	142
299	322	255	238	228	184	274	267	299	349	297	334	353	377	437	452	411	381	369	365	363	372	298	231	298	232	252	312	311	309	340	342	327	301	295	369	426	403	362	325	343	395	319	248	219	260	248	219	260	198	175	170	153	187	163	187	171	181	315	241	269	278	219	193	161	169	218	209	210	187	176	180	180	148	130	160	179	160	168	153	175	188	193	244	290	291	297	344	429	429	399	330	307	280	319	388	435	395	382	342	340	358	317	316	351	343	308	281	291	285	303	369	351	263	297	359	206	198	182	204
234	292	307	200	173	168	226	273	229	256	240	308	378	399	391	393	395	363	364	393	427	412	312	258	268	282	258	302	292	293	341	292	280	273	274	369	390	321	313	364	356	403	353	300	258	286	271	260	234	218	182	195	221	164	150	191	186	164	221	183	205	234	207	188	171	160	162	126	154	142	157	148	161	159	124	157	157	146	147	143	188	216	241	262	251	287	307	292	355	329	380	343	332	296	315	306	366	394	304	262	241	264	262	251	287	257	265	251	230	219	238	349	336	296	281	246	219	211	167	134
201	225	264	239	205	163	207	216	264	265	235	327	408	422	355	360	368	365	371	351	382	435	329	265	278	260	300	297	255	247	306	286	250	266	270	309	329	314	299	375	333	374	358	353	277	277	313	281	255	209	181	184	184	150	126	153	204	184	158	166	193	222	180	159	159	149	124	121	173	170	162	175	189	209	205	207	179	174	182	176	189	189	184	211	245	258	271	312	352	305	319	328	344	397	341	326	297	301	245	212	249	228	219	205	208	208	276	285	200	194	215	368	336	321	275	263	224	193	171	143
159	208	228	241	199	147	173	195	254	262	262	369	382	395	352	362	357	384	397	397	344	334	331	294	260	261	300	277	254	237	269	276	251	262	255	260	263	269	269	345	343	338	355	385	385	276	279	289	309	242	196	151	178	171	122	129	174	245	278	177	196	200	195	148	159	118	124	123	153	180	171	186	226	199	200	233	215	226	200	186	183	225	248	232	215	263	274	307	315	334	317	299	299	292	285	334	305	274	235	226	186	161	143	137	158	154	178	203	165	200	179	263	232	256	249	238	290	230	208	233
201	244	200	209	200	160	189	174	200	246	301	328	312	298	312	357	395	393	415	433	384	350	290	300	265	289	300	277	255	218	242	256	225	233	244	252	234	198	243	321	321	354	381	333	290	318	262	252	265	247	201	188	153	135	129	128	209	185	189	187	200	227	203	177	179	148	158	137	124	142	149	173	234	227	164	213	230	195	204	180	207	222	227	242	263	297	254	281	295	331	284	256	326	312	265	230	249	251	276	221	184	180	162	152	148	99.7	87.3	154	164	179	128	177	228	275	223	209	190	221	212	191
221	194	141	130	155	140	160	123	197	189	217	364	385	368	426	494	461	493	485	421	425	388	370	309	315	337	343	321	245	210	208	211	194	193	208	244	188	194	229	268	299	296	309	289	265	294	290	285	226	239	217	189	156	165	196	132	98.7	106	112	136	196	167	178	177	197	178	168	141	122	127	133	170	170	175	158	218	221	189	172	167	240	199	228	237	271	252	221	234	248	235	249	278	348	286	278	196	258	260	266	276	223	142	132	123	103	84.6	90.8	133	119	120	114	218	200	196	203	158	158	193	191	154
170	175	134	106	205	212	153	132	172	172	166	311	360	413	422	455	442	460	494	438	444	379	333	318	313	355	364	328	274	233	235	218	213	182	175	187	171	158	184	204	252	236	240	247	235	277	291	257	242	204	190	196	198	203	239	157	118	111	112	137	135	154	184	168	176	190	185	167	146	138	134	158	162	162	181	140	179	210	218	210	218	193	187	229	276	245	196	187	183	191	215	256	250	200	256	234	235	216	239	216	181	156	166	134	91.6	90.5	115	106	129	142	121	189	149	157	138	132	150	180	153	115
164	128	112	194	212	244	199	201	311	327	310	312	340	391	393	425	424	463	500	434	405	372	358	313	362	407	406	330	253	246	255	227	214	194	179	191	190	170	141	153	177	218	194	230	223	246	227	285	207	188	182	168	175	167	162	143	137	123	135	145	165	163	191	157	160	192	213	175	154	147	118	121	135	169	156	143	163	180	235	262	192	206	162	172	197	171	170	190	213	203	165	190	188	191	236	267	189	214	194	206	132	150	157	129	76.2	55.7	80.7	94.7	97.8	98.9	113	133	166	143	127	90.2	103	144	139	123
194	165	214	218	124	154	184	184	185	197	221	288	325	344	376	395	406	473	471	426	341	353	376	314	345	388	402	359	269	244	235	202	226	190	196	205	198	185	142	146	171	187	221	285	255	237	196	218	178	215	179	135	167	168	162	138	146	129	143	169	205	202	202	170	154	185	221	196	204	162	118	163	174	188	173	195	202	186	214	204	162	134	165	169	155	145	129	135	209	229	180	148	163	152	158	147	140	159	157	134	110	89.5	106	111	58.8	39.2	53.4	80.7	76	77.3	79.2	111	126	94.2	95.1	94.4	112	134	112	107
162	192	157	147	157	221	160	199	180	172	227	307	308	320	347	344	382	386	412	304	290	312	337	320	308	326	322	312	222	178	197	236	165	202	186	177	196	184	165	188	193	213	230	299	250	216	197	161	174	209	221	164	149	152	155	149	127	148	176	156	198	202	207	190	155	159	168	154	117	136	152	158	172	153	139	248	149	210	234	165	124	116	110	131	93.9	95	78.9	75.8	112	146	122	108	123	102	116	106	96.1	115	103	97.8	80.6	89.7	115	106	77.2	29	27	31.9	39.5	55	50.9	62.6	64.7	71.1	67	70.3	82.6	71.8	64.6	64.1
152	153	251	212	162	172	213	223	229	211	192	296	312	346	421	359	347	388	392	259	276	312	338	308	298	307	239	212	216	225	274	244	174	157	128	159	154	152	161	230	196	195	214	225	213	205	198	244	185	194	174	144	148	143	164	135	136	132	157	209	213	222	204	198	172	119	169	143	131	140	187	184	158	131	116	81.6	68.8	205	178	132	133	154	158	132	75.5	75	60.7	78.9	108	117	91.6	110	116	108	105	112	87.3	93.1	88.4	100	97.8	64.5	68.8	50.2	39.8	22.3	21.9	24.4	18.7	28.6	34.9	51.2	59.9	59.8	51.8	57.5	66.6	55.9	54.5	50.1
154	174	155	144	160	227	221	271	256	214	163	266	272	305	331	326	372	411	416	296	261	297	336	318	311	317	237	190	189	193	181	178	177	125	141	146	160	148	150	162	168	175	181	193	198	220	259	260	258	187	201	187	195	197	156	158	214	164	171	159	174	255	256	223	220	133	108	124	134	164	167	178	152	136	125	59.5	47.6	183	111	110	155	152	153	115	94.1	68.9	59.3	82.2	95.6	129	74	99.2	105	89.7	109	126	81.8	114	76.9	99.7	156	82.2	53.4	35.9	31	22.4	25.1	20.7	19.4	15.1	16.6	41.5	42.6	43	50.7	61.2	59.9	60.8	54.9	46.5
152	168	146	119	173	214	224	321	342	291	172	249	227	250	282	346	374	376	388	334	358	309	324	329	322	325	297	293	174	162	171	184	154	101	185	144	136	163	154	202	206	194	190	227	213	262	267	324	321	259	211	202	234	226	203	204	189	133	190	162	163	187	172	186	197	130	119	151	168	228	195	181	167	143	125	127	135	148	122	131	114	144	126	109	88.1	102	71.4	89.3	83.3	84.6	59	75.4	83	75	72.2	82.9	77.5	65.2	63.3	51.5	57	71.9	63.1	36.1	20.9	19.5	18.8	16.5	14	16.2	20.3	30.3	32.1	46.1	56.4	42.6	43.6	40.2	38.9	35.1
154	247	175	131	173	188	228	446	402	331	255	199	201	203	257	282	282	300	348	319	344	332	344	300	310	310	348	355	239	153	130	136	168	116	95.8	111	107	164	148	220	242	242	242	281	235	277	264	228	204	173	190	175	175	182	198	178	170	175	151	246	238	204	156	173	155	119	131	234	202	210	200	259	270	204	205	263	183	220	191	112	105	112	122	132	121	110	110	71.1	68.2	62.1	48.7	34.4	34.8	41.2	49	51.3	54.4	47.9	55.9	46.6	41.7	58.5	55.4	36.7	24.1	24.8	18.3	25.3	17.7	10.5	13.2	16.6	16.4	22.1	20.6	22.4	25	24.7	20.3	30.8
165	203	203	197	229	201	266	430	460	263	211	211	228	219	216	219	213	234	265	255	286	336	361	296	289	329	336	353	280	189	149	184	230	143	97	123	147	151	146	201	245	211	195	219	260	298	285	244	185	162	191	191	179	166	157	208	197	150	214	223	254	195	195	210	163	119	165	204	203	176	165	206	235	181	216	286	210	218	192	117	111	96.6	72	124	99.7	92.5	104	116	85.1	53.2	33.4	24.1	25.4	23.3	24.8	39.5	40.9	55.9	67.3	41.7	34.1	43	49.7	27.3	20.1	16.1	16.4	7.99	9.72	14.2	13.7	14.7	10.7	11.7	10.4	16.2	16.9	17.4	14	22.4
168	191	297	325	292	203	197	215	278	231	208	190	261	204	184	230	203	228	266	193	238	299	315	290	323	279	290	317	272	232	225	200	143	126	91.6	95.4	107	111	126	190	180	175	168	194	244	207	246	201	160	176	172	183	200	251	206	211	226	241	222	227	276	194	234	164	197	164	229	146	157	165	171	140	174	198	225	289	198	178	125	134	148	105	82.1	111	88.8	91.1	110	132	83.7	57.4	55.1	29.5	25.3	24.4	22.5	34.6	35.1	36.6	34.8	30.6	41	52	26.3	18.8	17.5	15.2	14.8	7.75	10.5	23.1	24.5	19.2	6.3	7.37	7.78	10.1	12.7	16.2	13.9	21.6
136	203	376	435	322	203	156	140	134	134	161	236	204	212	173	191	184	176	235	190	186	242	239	280	292	278	251	309	246	169	170	177	124	118	116	105	108	127	113	200	241	196	176	229	259	155	211	184	170	182	194	192	194	243	299	287	236	238	230	264	205	183	200	142	199	132	155	159	137	153	149	99.8	139	231	188	208	153	114	81.9	86.2	108	104	82.9	82	74.5	85.9	99.1	98.8	72.2	59.9	59.6	41.7	45.8	29.1	24.3	42.3	32	33	31.9	26.2	26.4	28	23.2	14.1	10.5	8.65	11.5	5.63	10.4	19.9	16.3	29	25.9	14.8	7.7	7.58	13.2	15.8	11.1	17.1
116	136	172	188	176	161	174	142	129	146	167	166	167	200	168	153	145	149	169	181	135	146	200	203	237	247	274	287	192	183	159	160	122	99	97	97.8	97.5	111	107	154	187	178	168	160	196	151	172	172	191	203	203	170	173	187	226	271	251	262	275	242	212	186	179	145	175	164	179	181	149	140	133	145	131	211	161	133	138	96.6	83.9	81.6	98.2	78.3	62.1	76.7	109	98.8	92.6	54.6	54.7	41	59.9	53.1	53.3	37.1	26.3	28.9	32.2	29.7	33.2	29.2	41.4	46.3	18.6	10.4	13.9	12.3	11.2	13.9	11.5	9.89	11.7	19.9	38	9.34	14.9	11.1	10.9	9.71	10.4	9.45
102	126	132	132	138	113	137	153	128	141	146	135	171	190	157	164	144	167	177	146	132	111	150	196	229	217	238	258	196	191	182	155	128	120	118	99.1	143	128	135	190	147	154	141	145	181	162	165	174	195	178	206	180	192	189	205	213	223	229	201	219	173	144	141	119	142	199	191	185	178	149	173	127	133	129	103	102	153	105	82	86	87.4	72.6	100	87.9	96.1	107	102	52.3	40.2	39.4	42	52.9	51.7	37.3	34.6	34.1	34.8	31.3	26.2	31	36	52	34.8	14.6	15	15.3	11.4	15.2	11.6	9.23	12.6	10.3	16.9	17.5	15.8	7.99	7.14	9.91	10.5	6.49
124	125	130	121	119	111	135	166	140	164	173	154	173	155	152	137	118	146	181	155	139	138	159	171	170	167	180	196	178	172	167	182	131	106	95.1	110	108	120	158	172	115	118	133	150	203	197	188	205	201	163	194	191	219	248	204	179	193	185	175	227	233	190	168	152	163	148	184	147	135	120	138	114	101	101	105	136	185	126	95.6	133	186	124	111	98.5	84.7	77.9	91.1	51.4	47.9	38.9	32.1	31.7	41.4	48.1	73	72.9	57.8	43.1	24	25.8	33.2	35.1	38.3	20.4	5.74	9.31	6.7	6.7	9.73	6.98	6.25	7.57	13	10.3	8.39	5	5.07	5.5	7.23	8.56
120	115	125	138	125	159	145	144	140	151	132	142	143	150	108	122	129	163	161	216	206	158	148	167	151	122	133	127	120	98.3	116	142	122	133	132	101	99.6	108	123	166	161	151	137	173	168	162	179	209	201	205	261	291	292	260	195	147	159	146	165	202	262	256	231	158	176	133	125	145	118	103	106	92.5	102	120	133	173	165	143	117	165	197	196	101	91.6	84.5	70.9	66	48.2	58.2	51.7	60.7	38.4	41.2	61.7	87.2	96.6	85.8	41.9	27.9	22	41.3	54.6	44.6	24.8	8.7	5.75	2.29	3.28	3.3	3.85	6.71	7.59	12	10.7	7.54	9.38	5.49	5.47	5.1	5.89
92.4	92.1	103	136	120	140	144	131	130	104	115	123	107	105	133	140	149	169	123	124	169	140	142	154	106	93	64.9	71.8	139	124	70.5	119	93.7	102	90.9	82.8	82	96.9	84.6	78.1	99.7	94.7	90.5	98.7	110	100	113	145	149	138	171	229	218	226	158	175	167	164	123	151	189	187	212	171	137	79.6	89	124	108	80	109	151	126	136	162	168	158	168	147	137	163	175	150	141	93	90.6	67.7	63.3	123	87.1	84.3	65.8	53	48.8	106	82.1	68.6	53	29.1	19.6	28	23.7	19.5	15.2	11.8	15.2	10.6	7.56	21.1	3.5	7.23	18.7	23	23.8	28.6	22.7	8.02	7.24	5.63	9.72
100	110	108	119	117	132	103	95.9	100	81.4	77.5	122	123	131	123	124	129	149	143	105	126	138	139	129	95.6	72.7	58.6	92.9	126	116	85.9	52.2	72	69	62.5	76	87.9	84.3	75.1	70.1	67.6	79.7	97.9	78	78.3	81.1	83.7	132	120	131	120	129	190	220	161	165	179	135	112	109	140	161	135	129	87.6	84.2	92.7	81	87.4	67	81.8	112	147	136	192	183	134	156	150	163	149	146	159	173	135	103	114	75.1	85.5	91.3	70.8	63.6	61.7	49.6	33.7	42.7	56.2	46.9	36.2	21.6	20.9	18	12.2	11.3	14	29.6	37.9	32.5	10.5	2.61	6.3	27.2	34.1	51.6	52.5	30.5	10.7	8.44	14.6	12.2
116	116	114	124	125	132	134	100	72.5	59.5	71.4	88.8	117	124	93.1	97.6	127	130	157	112	115	121	97.3	82.3	99.8	104	107	101	84.8	72.3	58.8	50.9	50.7	60	57.7	68.3	55.4	71.7	59	57.9	82.3	70.2	76.9	76	104	89.5	80.2	118	107	106	108	143	122	177	188	158	142	82.9	74.2	90.9	144	182	138	135	126	83.3	95.7	48.2	41.2	36.5	56.8	76.2	86.6	133	155	154	140	110	117	101	140	171	168	126	93.4	69.7	101	78.3	137	108	81.3	57.8	92.5	46.3	37.3	27.1	26.9	21.5	22	18	12.1	19.5	11.1	7.98	7.8	7.17	8.2	14.2	12.2	22.8	13.7	18.3	13.8	24	29	21.1	9.23	4.35	10.2	11.9
109	117	107	112	124	156	154	113	62.6	54.6	75.4	126	133	125	89.2	75.6	75	109	130	113	59.5	70.8	96.6	80.1	80	83.7	76.4	74.5	76.1	103	72.3	60.9	75.7	112	94.2	121	72.2	48.5	54	61.2	68	66.3	76.8	73.8	109	112	100	85.6	96.2	106	95.1	176	123	118	123	140	112	71.3	57.8	46.9	88.4	106	111	107	112	103	113	107	61.1	41.6	55.6	53.8	44.2	139	92.9	104	93.8	75.5	64	91.3	172	171	115	111	112	103	124	114	111	74.9	58.8	53.4	38.3	31.3	27.5	25.9	21.5	18.3	15.8	13.1	10.7	10.9	13	10.9	8.17	8.66	16.2	52	50.9	95.5	69.2	18.1	5.85	11.4	13.7	7.67	8.33	7.93	5.29	4.69
134	106	137	122	127	121	151	108	72	67.3	72.6	116	149	137	123	85	39.5	37.8	75.1	135	115	76.1	73	57.7	56.5	52.9	43.6	61.6	59.3	149	201	158	111	97.3	79.5	97	96.3	54.2	69.5	89.5	90.1	80.9	60.4	41.2	65.6	69.7	37.7	47.4	33.9	47.7	67.4	126	112	71.3	79.1	90	101	67.4	57.3	31	42.2	44.7	55.2	61.5	117	80.4	133	105	66	79.5	45.2	38.9	37.4	107	116	71.4	50.6	46.3	39.5	54.6	90.1	95.8	61.8	90.7	82.5	65.9	111	149	212	87.9	60.5	47.5	45.9	37.9	25.9	22.8	19.6	16.9	18.8	23.8	19.4	17.4	12.1	9.81	11.2	12.7	17.9	57.8	61.7	62.4	60.4	52.7	31.7	1.66	3.08	1.62	1.69	1.69	5.74	3.97
79.8	95.5	118	108	106	88.9	99.2	99.3	89.7	61.9	64.9	80	88.3	114	75.4	50.1	38.2	62.6	75	106	110	110	71.9	52.6	81.4	69.2	76.8	73.2	84.7	109	113	111	69.8	62.5	54.6	111	109	88.4	73.5	83.7	107	94.7	72.6	68.5	85.9	72.4	64.5	34.6	45	54.7	79.3	97.3	90.2	64.4	76.8	93.7	75.7	52.3	81.6	47.5	25.4	20.8	40.3	60.2	90.4	88.1	110	78.5	76.6	104	75.2	53.8	39.5	40.3	79.1	69.6	44.9	55.5	116	78	58.6	57.7	94	90.5	95.3	67.6	68.7	94.3	115	106	70.2	54.9	53.9	51.7	34.8	26.9	24.7	24.4	39.4	31	24.5	17.2	13.5	9.4	29.3	33.9	24.4	33.6	27.9	36.4	14.4	26.1	9.74	3.78	1.87	3.48	1.76	1.73	3.48	9.07
76.6	101	91.9	106	84.6	73.4	98.1	97.2	95.7	57.9	43.5	55.9	69.9	77.9	48	41.3	30.2	44.6	66.7	123	119	85.1	89.4	53.7	84.3	113	61.3	63.9	71.8	76.6	71.3	60.9	65.6	68.3	64.1	101	113	115	108	87	74.8	95.5	73.1	61.2	95.1	110	85.2	44.3	41	71.4	101	110	87.8	65.6	63.9	78.6	62.7	44.2	82.3	32.9	26.6	27.9	44.9	61.2	93	100	118	109	86.6	108	92.2	67.8	49.5	34.3	31.3	30	33.1	47.2	123	89.9	40.5	30.9	82.2	90.1	98.8	80.6	57.2	82.8	114	79.3	63.7	53.3	42.7	50.9	68.5	46	32.5	26.5	32.5	26.9	20.9	21.9	17.4	45.9	21.5	27.6	32.9	61.7	26.9	21	32.3	30.9	61.6	17	5.19	6.97	7.46	5.29	5.31	9.03
67.2	86.7	82.1	75.4	71.3	81.4	81.7	72.3	75.3	73	67.2	55.3	57.3	59.6	51.2	24.2	28.9	20.6	33.6	120	108	79.7	90.6	64.3	76.2	59.7	44.6	72.6	64.6	41.5	44.6	64.3	52.2	89	120	94.6	108	107	105	81.9	60.4	68.2	62.9	53	68.9	61.6	56.9	51	42.9	61.1	97.2	114	71.6	63.8	41.7	60.9	36	18.8	23.4	19.2	18.6	19.2	50.6	54.2	84.8	91.4	87.5	68	76.1	88.3	155	92.5	75.6	41.6	40.7	24.7	9.2	28.4	42.9	39.2	33.1	47.3	37.5	39.7	50.3	50.4	63.2	77.8	98.7	66.8	55.2	52.7	32.9	41.3	57.2	45.7	34.3	15.1	14.2	20.1	19.8	17.3	16	37.7	28.5	33.7	40.2	68.3	29.6	16.7	4.24	8.57	46.4	52	15.7	5.26	8.75	8.1	7.12	10.2
71.5	75.4	66.7	63.4	54.9	57.9	59.9	70.5	83.1	58.5	55.5	35.4	24.5	42.9	36.8	47.3	32.5	24.8	18	48.6	65.1	64.8	90.8	73.1	67.2	80.7	88.9	77.8	35.3	48.7	58.7	43	36.5	47	70.2	85.3	119	79.8	112	78.6	62.3	58.9	61.3	58	55	45	42	39.4	36.1	59.6	84.9	143	122	71	33.8	29.9	18.3	12.4	6.18	15.7	8.8	42.9	31.3	56.1	82.8	61.8	58.3	40.7	32.1	42.4	87.7	78.2	57.8	38.5	40.7	14.3	16.6	21	26.2	20.1	12.1	23.3	27.3	22.1	19.1	68.7	49.8	157	61.4	68.3	97.5	105	42.8	25.3	32.8	29.5	24.4	16.4	13.5	29	22	24.4	54.1	56	46.3	36.5	49	59.4	34	25.6	32.9	10.5	12.1	19.4	16.7	7.31	9.14	6.44	8.84	14
46.6	72	74.9	60	57.6	52.2	58.6	68.8	90.5	58.1	47.1	37.6	25.1	21.2	23.7	28.8	18.2	16.1	28.3	33	41.4	41.6	43.8	73.7	81.8	86.8	122	85	26.3	26.9	35.2	32.3	29.5	46.2	72.9	79	86.7	68	80.1	75.7	65.2	65.1	69.7	60.2	45.5	50.6	109	55.7	34.8	47.9	69.4	152	159	140	81.4	43.2	17	13.2	12.9	11.5	6.84	35.3	75.2	70.9	84.2	88.5	44.2	35.6	40.1	40.8	56.6	57.6	50.1	42.1	48.7	21.9	14.3	15.3	16.7	9.9	6.75	10.7	16.1	18.6	31.2	79.8	82.5	115	97.7	61.8	53.4	63.5	32.6	13.4	15.9	16	14.4	31.9	15.4	31.1	24.8	26.2	23.3	58.8	59.5	30.6	42.4	47.7	48.6	47.1	63.5	28.2	12.1	9.12	16.7	7.23	7.16	6.96	6.84	6.58
52	55.3	63.4	61	59.4	60.6	60.1	55.6	76.6	120	57.8	39.4	32.7	33.6	35.7	26.1	26	21.6	19.2	32.8	31.2	43.5	61.9	83	66.4	76.6	76.4	61.2	43.6	33.9	36.9	82.5	60.7	39.2	57.9	70.7	70.2	64.3	69.4	64.5	68.6	73.9	83.8	71.1	55.3	48.6	55.1	61.7	40.1	55.9	69.2	137	153	132	70.5	35.1	21.7	13	7.9	6.47	19.4	15.7	77.5	32.8	46.4	64	57.5	34.1	46.7	73	57.2	54.8	46.9	36.1	26	18.6	22	14	13.3	12.2	13.3	5.28	10.4	26.8	13.3	28.4	47.2	75.4	72.9	43.9	37	18.1	12.5	9.35	18.5	12.4	6.96	6.91	10	22.8	24.8	22.5	18.5	25	47.5	29.5	47.2	45.5	44.1	66.5	47.7	36.4	22.6	11.2	12.7	11.3	9.37	13.1	18	9.86
70.9	43.5	37.7	38.5	42.4	50.3	60	60.2	44	42	43.7	43.7	42.9	37.9	44.7	47.1	85.7	66	50.9	42.2	30	39.4	39.4	49.3	41.8	72.1	64.3	32.1	27.2	33.9	30.7	30.9	33	30.8	28.4	53.5	71.3	75.7	59.3	61.4	69.9	69.9	78.2	63.4	56.1	69.6	48.4	42	46.4	49	47.3	69.2	90.1	112	73.7	43.4	24	25	17.3	10.3	30.7	16.4	23.6	17.5	30.2	45.7	36.1	29.5	44.2	59.3	54.8	40.5	33.9	25.9	24.9	26.2	22.3	21.8	15.9	23.4	14.6	10.6	18.5	40.3	10.1	15.6	34	51.8	31.1	44.1	23.8	22.8	13.2	14.1	15.9	17.1	8.82	6.11	13	18	19.5	21.5	15	13.4	21.7	29.2	73.3	63.6	48.6	84	53	32.4	28.6	17.8	16.8	9.33	9.3	10.8	12.3	11.7
24.1	33.4	40.4	43.4	53.8	48.7	62.1	64.1	61	57.1	39.1	50.7	64.1	60.4	53.1	54.3	62.6	60.1	61.3	58.6	117	119	58.8	58.7	55.2	78.6	49.7	29.3	26.8	54.2	55.4	46.1	61.5	51.9	54.2	56.3	70.8	64.5	63.5	74.1	81.3	79.3	96.6	66.4	75	95.2	88.8	58	55.3	53.1	63.6	38.8	74.3	97.3	94.6	76.1	59	31.7	14.1	19.2	24	30.1	19.6	15	17.1	27	14.5	26.5	28.2	35.2	39.4	27.7	24.4	24.5	28.3	31.7	36	26.1	18	20.2	23.6	17.1	11.8	21	10.4	20.8	15.2	23.4	15.8	20.5	10.8	11.4	16.2	20.5	11.6	12.5	8.26	26.1	42.6	58.3	14.5	13.3	12.3	11.9	9.6	9.49	22	35.5	53.6	74.5	57.7	36.5	34.8	24.2	18.9	10.1	10.1	9.99	9.9	15.6
39.1	43.2	41.2	47.7	44.5	36.1	49.7	72.3	56.6	57.4	71.4	59.2	75.8	51.9	49.1	59	51.8	46.7	54.7	65.4	62.2	61.7	70.3	45.5	45	63.4	38.4	38.9	26.8	24.2	41.4	73.1	92.8	115	90.5	81.1	77	74.4	86.2	104	102	103	88.6	56.5	53.6	69.6	81.8	63.3	47.1	35.3	34.3	38.1	30.4	40.4	61.7	64	39.3	20.5	18.7	40.1	66.1	23.3	16.6	17.8	26.8	17.1	9.4	20.7	25.2	37.5	38.2	25.4	27	29.3	28.8	31	34.8	36.5	18.4	11	25.8	55.9	23.4	10.6	9.39	17.2	15.4	13.9	16.4	13.4	10.7	11.4	11	8.14	2.81	9.38	6.38	7.23	8.24	22.4	9.91	10.4	16.6	11.9	6.68	5.69	16.7	27.9	40.5	57.3	47.4	41.6	27.9	33	25.4	12.7	11	10.9	10.9	16.3
68.9	61.6	57.7	69.8	58.8	44.8	56.1	54.9	43.6	53	57.4	57.4	45.4	54.1	40.6	57.9	53	59.2	64.8	69.5	54.4	53.8	57.9	39.1	30.7	33	30.7	21.4	17.2	24.2	38.5	49.1	76.4	117	107	65.6	79	90.9	65.1	55.6	66.2	76.9	63.6	50	43.9	63.7	69.1	58.8	55.2	37.6	60.2	53.1	24.2	31.9	39	36.7	21.8	19.6	15.6	20.1	11.6	7.06	11.4	22	26.2	20.3	9.72	14.5	16.6	32.5	35.1	30.6	34.7	31.5	29.5	23.2	24.8	24.9	21.7	8.03	7.35	14.1	34.3	21.1	13.2	16.4	19.9	23.3	17.7	11.8	10.6	11.5	7.85	4.75	3.91	4.45	5.21	4.69	6.19	20.4	8.68	13.4	23.2	56.6	9.46	6.57	12.8	26	27.7	45.1	50.9	43.7	32.2	26.3	27.4	11.5	11.6	11.5	11.4	17.2
48.2	72.4	89.4	98.6	84.2	76.9	51.8	34.3	39.1	43.2	51.1	61.2	42.1	46.3	52.9	53.2	49.1	53.5	55.8	62.9	58.7	44.1	60.1	67.4	51.9	33.4	28.2	22.3	29.6	61.9	40.2	44.5	62.6	60.9	78.8	79.7	85	72.1	61.1	81.2	62.5	57.2	63.2	55.1	43.1	46.9	35	41	43.4	38.7	43.5	32.7	27.9	21.9	28	56	43.9	22	25.1	16.9	13.2	22.7	7.92	21.7	30.5	15.4	13.5	13.7	10.7	25.3	43.2	24.2	31.2	24.2	22.9	20.7	22.3	20.1	25.3	8.12	6.82	7.65	18.7	39.9	17.6	14.9	29.3	17.4	15.8	30.1	13.7	11.2	11.7	5.6	3.93	4.12	3.8	10.7	10	13.7	14	7.6	15.6	40.1	19.1	11.7	12.3	31.7	38.2	30.1	29.4	39.2	40	26.6	29.1	18.2	13.4	12.7	14	24.9
19.6	41.6	77.4	86.3	93	90.5	67.4	66.2	81.2	70.2	35.6	35.4	35.1	59.5	100	75.9	52.7	54.6	57.5	69.8	68.5	46.9	41.5	51.7	35.1	29.3	18.3	21.2	24.2	71.5	65.2	44.8	51.9	60.9	61.9	81.2	94.3	92.2	94.1	95.2	80.7	46.1	87.5	59.8	42	39.8	36.1	27.7	28.7	24	22.4	29.2	22.4	20.9	50.1	96.4	94.1	51.1	18.4	27.8	29	13.9	11.3	47	21.1	18.9	9.97	10.5	8.93	23.9	35.8	26.6	27.6	13.8	16.5	14	15.5	16.9	17.2	20.5	12.8	9.85	13.4	29.7	46.4	19.9	24.7	19	65.8	73.4	57.1	41.5	15.8	12.8	16.2	9.78	3.55	5.27	6.62	12.2	20.8	18.9	21.3	41.8	27.3	13.2	12.2	26.4	44.6	30.4	30	36.9	55.3	46.3	38.6	32.1	29.4	26.5	27.7	27.8
18.8	24	28.5	33.4	72.6	57.7	66.2	78.6	75.4	48.9	48	31.4	47.6	64.3	66.2	59.4	48.4	78	63	90.3	97.8	60.5	45.9	44	40	39	65.8	19.9	16.8	37.6	85.1	57.3	69	65.3	70.4	96.2	104	93	74	80.3	70	54.8	47.1	40.4	36.7	59.3	37.4	39.8	25.6	30.9	30.6	33.9	21.9	22.2	32.8	57.9	57.9	34	11.1	12.8	18.1	10.3	8.78	29	20.2	24.4	10.8	11.7	10.2	10.8	12.7	26.4	36.1	49.5	19.7	9.69	10.2	16.5	26.3	30.6	14	9.54	10.6	21.5	43.7	42.8	62.8	48.3	62.2	72.4	59.5	52.3	33.8	12.3	9.63	5.21	3.02	3	3.17	2.73	9.21	10.1	13	16	28.1	21.1	28.9	31.2	56.2	55.9	44.7	39.2	42.5	57.1	45.8	51	38.9	41.2	28.9	24.6
6.57	19.4	25.3	52.7	77	73.1	70.1	51.6	48.8	42.3	40.4	41.1	51.3	65	76.3	78.1	67.9	86.6	67.1	80.6	70.4	62.7	44.5	51	49.3	48.6	94.7	36.4	32	40.3	56.9	51	45	51.9	53.8	72.3	74.4	78.9	65.6	99.1	47.6	33.5	27.7	37.4	58.4	61.6	37.3	22.9	30.8	27.7	22.9	40.1	26.6	38.5	22.6	17.5	20.1	19.7	11.6	10.8	9.51	6.76	7.37	16.3	16	25.8	12.7	12.1	14.6	12.3	12.1	16.2	15.3	18	14.1	6.69	6.75	10.9	34.9	17.3	12.7	11.8	12.4	18.6	26.4	29.7	32	59.3	45.6	67.6	62.5	67.3	28.4	1.49	1.26	5.56	3.58	2.89	2.19	2.77	5.64	14.5	12.3	10.5	24.5	20.6	23.5	36	50.3	70.2	59.6	48.8	41.8	47.7	43.6	50	31.9	39.5	28.8	34.6
5.91	12.6	51.7	91.9	98.8	109	56.1	42.2	40.8	41.4	21.8	30.6	55.3	68.7	75.2	80.4	86.3	66.8	69.4	70.7	65	73.1	54.1	40.8	38.6	64.6	66.1	27.1	32.3	26.4	37.8	45.4	51.4	38.7	52.2	68	48.5	65.1	63.6	96.1	53.6	35.6	22	21.8	37.5	29.7	49.5	21.3	18.5	23.9	19.9	28.6	48.2	37.5	10.9	7.04	25.4	6.82	4.77	15.2	10.5	3.91	6.05	17.9	20.3	46	30.5	16.2	48.2	34	19.3	18.8	20.3	14.5	15.6	8.34	10.7	13.2	14.9	9.1	12.7	13.7	14.3	11.9	18.1	21.8	28.7	48	50.5	44.1	52.9	67.2	38	8.89	3.59	3.82	2.58	2.65	2.5	2.19	2.03	7.84	12.5	18.9	14.2	11.6	12.6	21.6	35.2	33	37.6	43.2	44.4	48.5	42.1	54.2	39.3	38.1	33.7	35
8.35	7.96	39.7	81.7	71.9	53.8	38.3	49.2	70.1	72.1	40.9	46.7	69.6	44.3	32	53	85.9	83.4	72.4	148	66.5	70.1	75.9	53.9	38.5	44.4	32.8	25	24.2	39.4	57.3	32.9	59.3	35.5	40.6	40.3	44.2	61.2	45.3	74.7	59.4	31.4	25	19.1	23.1	43.1	54.9	49.5	20.4	12.9	9.92	14.8	18.7	22.8	26.2	11.7	32.1	16.3	11	28.2	21.4	14.2	14.1	13.3	22.5	34.4	56.1	17.8	14	35.7	25.4	19.9	24.5	15.5	8.43	9.24	18	16.3	16.5	11	16.9	22.7	18.5	21.1	23.2	26.5	31	42.2	48.5	30.2	29.7	46.2	23.8	10.1	8.14	6.73	3.97	3.13	3.62	1.59	2.28	1.63	9.09	11.3	13.5	13.4	17.2	18	27.8	27.4	28	33.5	42.2	58.3	45.3	37.8	27.9	36.4	30.6	22.1
3.79	3.03	15.4	27.7	30	20.3	14.2	21.5	58.9	83	71.9	79.6	81.6	80.9	60.8	71.1	102	98.9	67.5	85	70.8	54.8	74	45.5	49.3	79.4	32.7	48.5	27.3	16.6	21.6	26.1	30.2	26.8	30.6	44.5	77.8	89	60.1	62.8	66.1	45.9	32.5	20.6	30.5	51.2	31.3	35.8	52.9	44.5	21.9	21.6	13.1	14.2	16.5	17.5	11	13.1	22	58.3	22.2	13.2	7.18	40.4	22.2	36.4	22.9	9.38	15.7	39.9	31.7	52.9	27.4	20	10.9	8.66	11.5	11.2	11.1	19.5	31	22.5	20.8	26.1	21.2	22.9	24.8	38.1	43.3	33.1	31.6	40.2	29.1	13.8	6.08	3.11	1.69	0.726	2	2.11	1.71	3.33	3.54	5.62	8.6	11	12.4	17.4	37.6	59.4	25.6	29.3	45	50.9	52.1	40.1	40.6	38.3	35.7	25
3.67	7.33	3.77	5.68	8.91	4.75	4.42	12.8	36.7	60	87	104	126	97.4	84.4	103	116	95.6	89.2	73.9	52.1	43.9	41.2	40.4	49	86.3	60.1	104	73.6	79.3	15.2	19.4	40.2	30.8	27.8	27.3	41.8	46.6	38.3	42.9	58.3	59.9	40	9.68	18.4	34.6	33.7	13.9	16.3	32.3	59.7	37	37.9	13.6	14.5	16.3	11.7	24	56.2	107	57.4	16.9	10.2	12.9	6.51	21.9	36.5	31.5	59.5	38.7	22.3	29.4	18.6	23.1	13.6	9.03	9.4	9.31	13.2	17.1	32.3	19	24	26.3	18.9	24.1	22.9	28.8	46.4	40.7	32.6	30	35.6	8.78	4.94	2.63	2.75	0.896	0.739	2.14	0.944	1.45	3.49	6.55	6.64	9.32	8.25	17	19.2	22.2	23.6	27.3	35.1	38.6	37.6	33.3	34.2	27.6	32.1	33.7
1.21	5.67	5.7	0.441	3.47	2.5	3.41	3.2	15.2	40.4	52.8	85.1	96.3	96.1	109	119	99.9	101	92.2	80	58.6	44.3	37.5	45.1	56	42.8	49.3	64.7	99.9	82.5	21.5	27.4	47.7	32.8	28.8	27.9	40.7	25.2	31.2	29.4	48.7	64.7	41.9	23	14.2	24.2	6.32	17.1	18.2	18.4	35.7	46.6	25.7	18.3	17.6	12.9	11.4	19.1	44.2	20.7	31	39.6	60.5	23.5	10.5	7.52	30.3	34.9	49.7	30.1	22.6	20.6	19.7	14.8	17	7.9	8.18	9.36	8.88	9.62	13.7	18	29.9	37.5	32.4	23.6	23.3	24.5	31.6	33.2	33.8	36.8	34.1	17.3	11.6	3.61	2.13	1.67	1.12	0.999	1.16	4.13	3.09	4.04	10.8	7.34	7.5	12.7	17.7	19.3	25	27.7	35.8	31.3	29	28	29.4	25.6	22.2	20.9
1.25	0.796	9.87	27.4	7.36	7.93	2.98	5.94	1.15	5	14.3	29.9	35.4	58.2	138	104	84.1	91.5	82.6	72	62.1	45.5	42.6	56.1	47.5	33.4	56.9	51.8	52	57.3	36.2	40.3	57.7	84.9	80.4	46.7	24.9	16.7	37.7	23.9	21.5	49.5	50.5	23.7	19.9	25.7	39.1	31.4	24.2	11.5	5.13	28.6	30.7	24.2	14.1	8.7	13.6	13.1	14.6	11.7	16.4	58.7	59	23.9	32.4	22.1	29.4	27.5	49.1	60.9	35.4	50.9	34.4	20.8	19.6	9.95	9.95	11.3	11.6	9.03	9.44	13.9	16.7	37.5	41.7	24.3	28.1	28.6	27.6	30.9	31.1	25.4	29.5	11.9	8.72	7.27	2.93	4.83	5.97	2.99	1.55	9.15	2.41	3.38	4.67	5.74	8.06	10.3	11.6	13	16.5	23.1	21.8	23.8	21.5	12.7	13.6	17	15.1	16.9
0.565	1.1	4.62	23.6	30.9	4.35	0.873	3.96	2.34	5.94	17	7.75	11	30.6	90.6	78.4	82.4	86.1	84.2	74.2	61.4	49.9	52.5	49.2	50	32.9	30.3	38.9	56.7	53.6	48.2	51.1	54.1	80.1	104	65.8	27.1	20.6	19.3	18.9	19.5	18	29.9	27.4	21.1	31.3	48.3	37.7	19.7	22	4.5	9.61	22.8	16.6	13.8	17.1	8.48	16.3	13.1	16.2	12.2	16.9	22.4	12.1	22.3	31.4	26.1	21.8	29.9	35.9	32.2	32.5	29.7	30.5	18.1	12.1	13.3	13.2	12.5	11.1	12.5	11.7	15.3	22.4	33.3	33.6	26.2	27.9	28.3	35.5	31.3	28.6	28.4	17.9	13.5	11.8	3.93	5.85	2.54	3.04	6.28	3.25	6.21	6.95	7.21	5.75	12.2	8.07	8.08	11.6	11.4	13.3	18.9	15	15.1	13.5	13.7	15.7	12.1	13.3
1.03	0.916	0.989	1.8	1.26	1.1	1.55	0.907	1.02	14.4	22.9	11.3	14.2	16.1	28.1	44.5	48.3	59.3	65.3	65.1	58.4	53	57.1	51.9	47.9	37.9	31.8	43.3	47.9	43.6	69.7	57.6	31	34.3	51	54.5	40.4	36.2	53.6	43.7	25.2	17.3	11.9	20.8	32	38.4	54.4	47.4	37	29.7	34.5	13.2	14.7	31.3	14	17.7	15.9	11.6	14.8	16.3	15.7	15.7	25.3	16.5	21.9	22.2	16.9	18.9	29.8	44.3	34.3	34.2	35.7	35	26.8	18.5	21.6	18.2	14.5	15.2	28.7	15.6	15.6	21.5	23.5	31.2	26.2	26	31.7	33.5	36.7	40.3	28.3	22.1	14.3	10.3	6.69	2.85	9.55	1.71	1.68	2.01	3.87	5.49	6.81	10.1	7.43	8.06	8.68	17.3	21.1	22.8	27.5	15.3	12.5	16.6	15.1	17.5	10.7	12.3
0.865	1.01	1.56	1.2	0.62	0.92	1.13	2.24	0.933	7.16	12.9	22.4	17.7	26.8	20.7	25.1	27.9	27.3	32.3	37.2	44.3	51.7	55	55.9	36.4	27.2	33.6	41.3	52.3	39	39.7	34.7	46.4	41.4	76.6	61.7	49.7	58.2	101	88.5	42.2	38.9	31.5	24.3	26.9	40.8	40.4	34.4	38.9	33.8	21.8	23.7	10.9	16.3	18.5	18.3	12.3	17.7	14.5	5.01	8.19	12.2	25	15.7	17.8	14.2	15.6	21.8	31	46	33.9	21.2	29.1	36.6	28.8	38.9	25.7	17.7	18.7	17.8	23.6	21.9	16.7	22.7	22.2	24.1	18.9	25.8	31.9	27	27.2	34.2	34.2	24.3	16.3	8.06	9.22	8.48	5.97	10.4	1.36	2.22	5.25	2.44	3.55	6.79	8.37	8.13	6.3	6.95	7.56	9.26	12.5	20	11	7.45	11	14.4	10.3	11.5
0.611	0.85	0.786	0.59	0.601	0.655	1	0.949	0.504	0.679	0.965	4.42	5.96	5.51	5.82	19.1	15.4	15.9	16.6	22.8	28.2	33.7	34.5	53.1	42.2	33	32.6	35.1	41.4	39.7	47.1	52.5	79.1	79.8	112	113	96.4	91.7	154	142	94.1	74.9	59	27.4	23.7	22.2	21.2	15.1	16.8	14.2	12.1	12.9	34.7	35.3	14	12.7	13.9	10.5	13.9	3.92	6.69	12.2	16.3	14	17.6	14.6	15.9	22	22.1	28	25.3	22.6	33.6	42.1	32.7	39.6	29.2	26.5	30.8	31.2	22.2	29.9	32.7	23	23.4	22.1	19.2	24.3	28	21.6	27.3	20	24.4	28.8	18.9	11.6	10.2	10	7.9	4	8.13	5.14	18.2	2.13	7.45	12.5	4.26	4.47	4.35	3.52	3.51	7.97	13	14.8	18.7	7.13	10.2	13.4	10.4	12.3
1.53	1.5	1.35	2.18	1.56	1.23	0.578	2.15	1.21	1.22	3.22	6.45	2.25	4.62	5.86	10.5	9.49	15.4	15.2	12.4	12.8	14.9	14.5	31.6	32.2	39.6	36.6	36.2	36	42.8	62	62.3	70.4	110	94.1	128	130	102	103	133	122	80.4	58.7	34.9	35.6	27.6	23.1	12.7	13.5	22.9	19.9	26.3	24.2	20.2	19.9	8.32	13.7	10.9	12.9	15.2	11.5	11.6	11.6	18	25.6	15.7	17.4	19.6	16	20.2	23.1	21.6	22.9	36.2	29.6	39.1	32.3	28.8	30.1	28.3	27.3	29.3	33.4	25.9	23.8	17.4	16.5	21.6	17.4	15.9	25.8	26.3	22.2	34.8	29.2	13.8	14.1	7.53	9.29	5.88	11.5	4.16	8.59	3.53	3.73	5.3	5.68	4.89	4.42	4.13	3.81	3.29	12	10.1	8.46	9.29	6.2	5.81	5.86	8.58
3.78	2.63	4.25	2.57	5.02	3.36	1.17	0.643	0.324	2.31	3.53	1.5	1.19	3.19	2.97	6.64	8.72	20.4	18.5	9.18	9.99	12.1	11.3	25.8	27.3	32.9	39.1	34.7	32.7	41.5	87.2	72	67.6	99.9	93.6	99	91.8	99.2	92.5	113	128	85	44.9	43.1	45.8	35.3	41.9	29.9	30.3	26.1	17.7	29.1	24.8	15	22.7	30.2	22.8	10.2	9.67	10.1	13.1	10.2	5.99	9.72	13.2	10.5	12.6	30.4	20.9	21.7	31.1	22.9	21.3	30.7	41.4	39.5	34.8	38.8	39.4	30.5	36.5	43.9	35.6	25.3	20.4	19.4	14.3	19.9	21.4	15.1	14.9	13.4	18	20.1	37.8	16.8	12.8	7.56	10	19.8	14.8	7.56	2.31	1.85	3.61	4.42	2.98	3.09	5.41	3.4	3.15	2.31	2.48	2.87	5.77	8.69	5.8	5.12	4.84	7.66
4.26	4.73	4.97	1.58	2.05	3.3	3.03	2.49	1	1.04	0.122	1.49	2.7	1.4	1.27	5.38	9.19	10.5	19.2	17.2	25.2	10.8	10.3	22	23.6	25.8	30.6	29.9	34.3	39.4	83.6	85.2	68.6	76.2	72.1	90.8	117	95.1	64.9	63.8	149	110	94.1	83.2	74.9	49.1	71.7	57.1	53.7	46.1	34.7	38.3	35	21.8	20.7	31.7	24.3	8.94	8.81	18.1	20.3	11.9	17.2	23.5	31.9	29.4	12.6	29.6	27.7	15.7	13.6	18.2	21.5	29	34.6	45.7	46.3	42.9	45.3	40.7	45.4	43.9	34.5	23.1	21.1	24.3	20	20.1	19.6	17.2	14.6	15.7	18.1	17.4	33.3	23.2	10.2	8.58	6.71	6.75	15.8	9.27	2.66	2.06	1.88	1.75	2.17	4.67	4	5.17	2.95	2.33	2.57	2.62	3.18	5.13	6.28	5.79	4.99	6.65
1.47	4.58	6.78	1.83	1.39	1.44	1.2	1.45	1.32	0.0564	0.245	1.9	0.326	0.447	0.613	1.64	2.89	5.93	7.63	13.1	39.1	19.8	7.16	13.1	14	18.2	17.6	22.8	25	32.8	43.3	94.4	100	101	102	106	119	101	62.8	51	80.3	129	118	83.5	75.1	77.9	66	124	77.4	46.1	42.4	39.2	24.7	9.64	10.6	8.54	18.8	12.8	19.4	15.3	12.7	8.06	15	19.7	29	28.1	13.7	21.5	33.9	31.1	22.2	17.5	16.1	22.7	45.8	58.5	52.1	35.9	53.3	45.3	59.2	60.6	47	36.2	28.4	35.6	33.1	25.8	23.6	23.7	20.2	20.6	31.9	32.9	27.7	19.5	26	31.6	37.1	36.8	21.5	11.4	5.54	5.41	5.28	4.89	4.52	5.11	5.51	5.66	5.01	4.48	3.11	3.26	3.45	5.79	7.42	9.06	7.48	13.2
1.82	1.61	0.821	2.25	2.1	1.71	2	2.12	1.45	1.07	1.01	2.1	0.589	0.698	0.267	0.474	0.432	2.04	9.83	20.3	22	49.2	16.2	14.5	13.3	13.4	15.1	22.5	24.3	37.9	58.7	101	99.9	99	128	119	102	90.7	98.6	81.4	70.6	123	122	86	83.2	79.1	57.7	73.1	101	59.3	33.7	44.4	32.4	19.3	20.1	16.7	12.7	8.93	23.3	20	19.1	15.4	12.8	8.16	18.6	31.3	14.9	12.8	31	28.9	28.3	29.7	15	27.9	40	54.4	78.2	65	59.8	49.8	55.6	53.2	41.4	30.5	27.9	34.5	37.5	27.1	29.3	22.2	21.5	19.5	27.7	27.9	28.7	21.8	40.2	45.6	37.3	49.6	12.3	9.76	7.63	6.41	6.09	5.05	5.03	4.55	10.4	11.5	11.4	5.81	4.96	4.88	10.1	6.82	7.27	11.7	14.7	11
1.01	1.2	0.118	0.988	3.98	0.999	0.391	1.54	3.02	1.73	2.2	2.17	0.731	0.12	0.126	0.623	0.576	0.892	1.25	7.63	32.5	43.8	31.8	17.7	16.4	14.8	13.3	19.8	22.3	27.3	32.2	77.4	66.4	67.6	93.6	98.7	87.2	121	123	125	109	105	122	96.4	75.8	44.5	39	61.7	68.2	34.2	26.1	67	37.3	24.1	30.7	15.5	13.8	5.68	10.6	15.3	22.3	14.6	19.5	8.83	6.85	19.4	14	23.3	9.97	13.1	34.3	63.3	34.7	23.9	31.4	45	54.8	73.7	68	56.9	53.2	54.6	48.5	34	30.4	33.7	35.3	28	29.2	27.9	21.4	22.9	19.5	21.7	18.2	18.6	32.8	21.6	22.9	30.8	14.1	9.71	7.44	6.87	8.15	5.99	6.01	5.6	9.85	10.8	11.9	5.08	6.1	5.56	8.18	5.97	7.1	6.83	6.82	9.41
0.521	0.35	0.132	0.0474	0.577	0.148	1.39	2.89	1.4	2.28	3.03	2.27	0.255	0.65	0.674	1.31	3.61	3.84	4.61	15.7	33.6	44.3	25.1	12.5	12.2	11.7	12	16.6	18.8	21.4	25.5	38.5	42.9	55.7	55.2	59	62.7	105	121	106	66.6	71.8	108	74.9	77.8	43.7	30	24.5	29.9	30.9	44.1	52.8	34.5	29.5	21	23.6	20.5	18.4	5.42	17.8	19.3	17.2	15.7	24	6.41	13.8	25	24.7	10.4	17.8	22.5	59	49.6	54.5	45.6	45.7	51.7	52.2	58.9	63.6	74.8	63	46.6	37.3	32.1	33.8	32.1	29.5	27.5	22.8	22.6	19.3	21.3	19.3	14.3	17	18.6	14.1	15.6	12.7	10.4	8.84	8.15	7.87	6.98	7.32	10.9	6.13	7.03	6.63	6.16	10.9	20.8	18.2	9.03	5.39	5.51	6.01	5.33	4.79
0.179	0.156	0.218	0.126	0.09	0.0337	0.097	0.775	0.63	0.949	0.571	2.04	2.12	2.23	0.461	2.01	4.85	1.15	0.414	3.3	3.93	23.4	5.71	12.1	11.8	7.33	5.67	6.84	7.57	10.4	12.3	26.3	27.6	40.7	37.9	28.9	46.9	44.1	59.9	43.1	51.6	57.6	71.4	37.6	34.4	27	21.1	15.9	13.1	18.3	24.4	16.6	34.6	15.5	18.2	29.4	10.8	10.6	5.55	10.9	22.3	7.03	14.2	25.2	17.3	21.1	19.7	36.6	22.1	24.9	29.7	70.1	81.9	116	95.4	60.6	56.8	55.5	56.4	49.4	54.4	67.2	49.1	55.1	63.2	58.5	39.8	26.6	27.3	23.7	23.5	26.4	22.5	27	19.1	23.1	21	17.8	18.9	17.5	15.2	15	13.3	11.4	8.33	7.46	14.5	13.6	8.05	9.34	8.67	4.91	16.5	22	15.9	6.98	6	3.06	4.33	9.14
0.125	0.0928	0.0465	0.0938	0.169	0.0408	0.0375	0.0391	0.133	0.598	1.93	2.9	0.91	3.51	0.935	0.495	0.452	1.26	0.41	4.67	10.4	9.28	18.2	27.2	3.36	1.27	3.54	12.3	5.77	13.8	20.7	18.4	29.1	41.7	32.9	35.4	28.3	29.3	40.9	23.8	23.9	54.7	64.3	29.4	20.7	22.4	27.6	19.5	17.9	13.4	15.6	39.5	20.3	15.7	11.6	10.2	7.69	9.53	5.01	7.62	21.4	9.68	5.4	4.72	11	36.5	15.4	29.3	26.7	32.2	49	84.7	102	130	110	93.2	72.8	64.9	60.2	47.9	46.1	51	48.2	61.6	62.3	48.8	44.6	25.1	24.3	27.2	24.9	38.9	25	27.5	28.8	23.4	27	19.1	16	17.5	23	23.2	17.2	10.1	8.43	8.27	8.18	15	12.9	12.2	14.4	9.88	8.64	14.9	11.3	5.07	5.33	3.15	1.76	3.64
0.382	0.123	0.0469	0.0665	0.0787	0.0205	0.257	0.094	0.0339	0.0617	0.523	3.99	1.12	8.3	0.501	0.841	0.428	0.0198	0.301	1.9	5.61	1.04	7.81	38.7	8.34	6.14	1.05	2.64	3.75	12.3	14.7	30	48	46.6	27.5	36.3	38.6	31.2	26.7	23.3	23.7	49	74.1	39	24.8	23.6	30.8	16.3	17.9	18.5	37.2	33.2	27.4	15	11.1	11.4	3.78	8.18	5.75	4.37	6.93	17.2	20.7	17.4	15.3	11.8	9.9	12.4	21.7	30.5	46	79.7	86.9	99.8	93.7	104	96.9	73.4	57.5	42.8	51.3	48.4	47.2	58.4	65.6	61.3	49.5	30.5	35	34.2	32.2	39	25.4	27.4	29.7	23.3	28.6	28.3	21.4	15.2	19	25.9	23.6	17.5	10.8	9.71	12.1	12	13.1	9.42	10.9	8.13	5.97	6.98	6.8	3.77	5.91	4.34	3.24	2.38
1.35	0.567	0.087	0.0719	0.119	0.0671	0	0.304	0	0	0	0.0742	0.648	4.56	1.3	1.28	1.72	0.403	1.14	0.56	0.00142	2.87	0.24	0.853	2.66	72.8	5.49	2.34	51.7	20.7	3.81	6.65	21.5	44.6	52.7	43.4	38.8	37.4	26.3	25.2	18.1	80	40.6	34.9	29.8	31.8	34.6	19.1	11.5	31.3	53.5	27.3	21.7	16	9.34	2.82	10.3	22	18.3	7.27	8.01	23.7	20.3	19.2	13.6	12.1	5.03	9.25	9.04	34.4	45.9	92.3	67.3	55.4	53.5	68.3	102	82.9	72.1	46.8	48.5	45	47.7	61	64.9	69.8	59.4	35	39.4	37.1	27.5	29.2	25.6	29	33.8	28.5	24.9	29.3	28	23.9	19.4	22.2	24.5	24.5	18.1	12.8	15	16.2	15.8	18.1	11.1	7.32	3.79	5.69	4.05	2.22	2.58	4.29	3.62	7.47
1.41	1.11	2.36	2.71	0.677	0.608	0.209	0	0	0.417	0.0257	0.344	2.5	2.2	1.02	2.02	5.2	0.218	1.36	0.668	0.227	16.6	0.152	0.384	0.0816	0.621	0.656	2.68	17.6	21.1	1.37	1.99	7.32	20.4	31.9	50.1	35.4	22.9	19	27.1	31.3	31.3	32.7	23	26	32.8	35.9	32.5	14	10.3	12.3	25.4	13.4	19.2	10.6	22.8	17.7	44.6	13.3	34.3	13.1	55.3	50	26.6	26.1	43.5	46.7	33.3	32.4	48.7	50.1	42.6	57.6	32	28.8	51.9	42.2	87.3	75.2	55	37.6	41.2	37	55.4	63.3	56.5	55.2	40.9	45.9	57.9	38.4	28	33.5	32.6	32.9	29.9	27	24.8	28.8	28	26.7	25.9	30.5	28	32	28.4	26	19.7	17.6	13.1	12.4	6.2	4.36	11.7	15.4	6.22	4.4	6.52	3.78	4.51
0	0.176	1.67	0	0.5	0.234	0	0	0	0.0925	1.41	0	0	0.611	0.386	1.77	1.67	0.464	2.43	1.36	0.559	24.4	8.57	0.176	0.0257	5.69	0.57	1.65	1.15	4.35	9.54	9.88	7.3	7.07	13.9	57.3	28.5	16.2	19.5	25.1	32.7	29.8	20.6	18.1	16.7	24.6	19.9	12.3	12.3	11.2	24.4	39.4	17.4	22.1	6.94	10.8	15.5	19.7	66	53.4	59.2	64.6	22.3	31.7	16.1	31.8	26.4	45	37.7	51.5	31	34.2	37.8	23.4	9.87	29.7	32.6	81	107	65.6	37.8	35.8	20	42.5	45.1	54.3	35	36.2	33	41.3	28.7	20.3	28.6	27.8	29.5	29.9	25.3	27.4	21.7	22.2	25.8	28.9	35.6	41.4	38.9	33.3	29.5	18.7	21	25.9	17.9	10.3	3.6	4.46	14.6	6.22	4.04	4.03	4.42	6.52
0	0	0.856	0.548	0.0949	0	0	0	0	0	0.208	0.146	0	0	0	2.02	0.736	2.14	3.38	5.24	9.71	5.11	0.159	3.24	3.85	14.6	6.23	2.15	0.996	0.237	0.967	4.28	35	2.94	1.24	7.89	7.54	5.05	13.9	19.2	12.9	16.7	19.5	15.1	16.5	19.3	18.9	14.8	16.7	14.1	30.1	18.1	17.7	19.1	10.4	10.1	5.63	10.8	47.5	72.7	81	89.3	63.8	51.4	49.8	39.9	12.8	14	40.1	64.4	62.8	92.8	32.8	26.9	32.8	12.9	43.2	18.3	25.9	62	35.8	29	28.2	42.6	32.3	45.2	36	39.8	47.4	50.2	46.6	30.8	25.7	21.6	22	28.2	23.4	17.8	22.4	29.9	25.7	24.8	33.5	41.5	36.8	32.7	31.5	35.7	25.2	17.8	19.5	15	10.1	5.16	5.22	6.53	6.38	5.07	5.51	7.89
0	0	0	0	0.0475	0.0711	0	0	0	0	0	0	0	0	0	0.533	0.121	1.52	1.14	4.48	8.07	12	6.42	0.273	0.554	3.04	5.34	4.2	1.81	4.72	0.538	1.67	0.198	0.694	1.4	1.67	2.23	3.54	5.5	14	11	17	16.4	17.2	15.7	16.3	20.3	14.6	9.58	8.07	10.5	18.8	10.1	11.1	12.5	11.2	12.4	10	31.7	76.4	44.8	91.3	107	107	36.8	31.9	49.3	57.9	38.5	57.3	58.2	50.8	28.2	25.2	37.9	28.4	21.6	15.2	18	30.6	48.9	44.7	28.1	29	29.1	29.8	46.1	58.6	51.4	55.2	46.4	39.3	41.6	33.5	25.1	32.9	26.9	23.6	25.5	37.5	36	31.1	34.5	39.5	36.8	33	27	25.4	31.5	19.5	24.4	14.1	12.4	10	10.4	7.84	7.85	7.41	8.79	10.6
