25.1	22.2	20.7	15.2	12.9	11.4	8.59	3.67	3.34	3.29	1.35	0.658	1.19	0.181	7.88	7.19	8.59	4.95	8.09	5.49	7.66	6.21	7.12	4.33	8.55	22.6	15.4	3.79	2.54	1.18	1.7	0.127	5.41	8.83	5.43	10.7	13	15.1	24.5	57.1	62.9	49.1	87.5	130	118	95.1	102	49	29.6	8.77	6.82	12.3	24.6	16	27.1	37.2	42.8	49.8	74.1	85.3	82.7	89.3	94.5	66.9	75.4	85.7	73	77.4	100	144	160	160	164	197	214	258	243	221	238	232	219	224	277	210	186	153	185	63	69.1	72.3	67.7	56.9	39.6	47	54.6	60.1	66.9	58.6	70.3	65.7	57.7	35.5	38.8	39.6	33.2	26.2	31.8	28	40.4	64.3	50.4	48.5	47.4	56.8	73.9	60.8	73.6	88.6	83.4	72.5
22.1	21.3	14	8.74	7.62	6.54	5.22	3.16	2.22	1.52	1.04	0.726	1.54	0.273	1.76	4.42	8.63	12.6	15	12.8	15.2	21.5	19.1	6.73	13.3	53.7	52.4	23	9.59	2.73	0.331	8.22	2.1	0.000653	3.66	22	12.2	7.27	19	25.5	20.2	47.9	52	44.9	93.2	116	89.2	61.3	22.8	40.3	19.9	10.1	10.8	11.3	17.8	32.4	46.1	44.9	53.8	46.3	50.6	67.2	88.6	45.2	50.3	65.3	90.5	94.7	112	134	147	155	184	197	193	207	251	233	251	227	251	278	295	301	270	248	216	246	207	229	254	67.4	74.7	99.4	114	85.6	79	57.5	70.1	77.3	66.6	54.1	56	59.6	54	57.5	80.4	60.8	60.8	83.2	70	78.2	59	71.2	86.4	79.5	93.9	122	119	96.9
22.7	17.4	10.3	6.53	5.7	4.87	3.92	2.44	1.6	1.22	1.45	0.676	0.642	2	3.39	6.28	6.42	9.72	12.2	26.6	14.7	18.9	22.6	28.9	21.9	29.4	28	18.7	5.22	0.477	2.9	10.5	10.5	4.21	7.69	14.3	16.6	15.3	17.3	27.9	28.2	6.35	31.1	100	133	110	56	77.5	7.84	19	5.77	9.87	14.7	8.2	11.4	23.6	25.4	34.9	55.3	43.9	37.1	77.2	62.3	51.1	41.1	70.5	88.4	110	110	116	158	209	218	234	231	263	266	255	262	268	291	313	296	268	271	245	243	205	236	270	265	95.1	133	88.3	98.2	96.2	104	86.2	91.6	102	107	100	99.1	77.8	89.4	115	139	119	117	122	115	88.8	83.6	118	108	96.4	119	134	131	114
22.1	16.3	8.71	5.3	4.64	3.93	3.21	2.28	1.48	1.11	1.01	3.4	5.02	4.84	2.64	7.76	11	12.8	17.9	16.1	10.2	6.92	23.3	50.6	41.6	6.77	6.8	0.0352	0.108	0.0927	2.27	14.9	14.5	15.5	11	20.2	18.1	19.7	18.3	40.6	47.4	28.5	48.3	70.6	76.3	106	56.2	80.6	31.6	11.8	4.7	20	24	17.3	7.64	21.6	23.6	60.3	48.3	33.8	42.3	76.5	52.6	45.6	47.8	84.6	113	113	135	136	161	232	235	228	299	277	320	337	306	291	296	304	323	279	281	320	319	322	286	250	252	204	192	187	146	123	133	113	118	139	134	108	108	91	118	156	162	156	152	141	141	140	152	142	156	137	156	162	176	150
15.6	9.68	8.79	5.1	5.32	4.85	3.13	2.01	1.7	1.36	1.43	3.99	6.94	4.56	4.93	9.89	16.7	15	22.9	24.7	10.8	18	30.8	41.7	24.8	5.76	1.12	0.0528	2.16	2.77	27.7	35.8	36.6	31.4	20.1	14.8	38.7	18.2	12.4	43.6	48.2	47.2	53.2	58.4	137	89.7	53	27.3	15	5.97	7.17	3.89	17	32.3	17.1	27.7	44.7	36.4	65.4	53.5	47.8	60.1	73.5	55.2	75.1	108	134	129	136	140	177	222	250	276	300	314	328	341	334	308	296	298	311	297	324	394	385	358	385	341	294	194	199	187	202	240	172	153	152	163	165	155	161	136	135	168	175	194	175	152	169	168	168	192	189	179	199	201	215	203
12.3	8.72	8.82	5.08	4.99	5.2	4.71	2.1	1.88	1.57	1.82	0.94	2.17	4.94	11.1	10.2	18.1	29.5	30.8	28.9	11.2	47.5	70.6	43.9	17.5	7.87	1.86	0.574	10.9	10.1	31	44.2	41.2	37.5	20.1	21	28.9	22.7	23.5	50.4	44.4	35.5	25	50.9	77.9	54.2	33.6	19	12.8	9.25	7.9	11.1	9.92	12.4	8.7	12.2	13	7.31	13.2	35.1	50.2	64.5	52.6	59.6	87.6	115	116	115	118	143	194	176	205	231	235	247	259	262	264	263	252	264	284	381	400	409	417	454	461	426	438	169	230	228	249	259	255	184	178	174	181	190	189	184	168	207	211	193	190	208	252	198	198	199	241	220	246	259	262	293
9.82	9.96	7.83	4.87	5.27	5.07	4.33	2.34	3.17	2.98	2.99	2.52	7.31	5.92	8.52	9.23	28.7	51.9	30.1	36.9	31.5	32.9	41	29.8	23.7	17	8.21	15.2	27.4	27.4	56.1	35.9	27.6	32.9	47.4	55.6	28.2	29.5	55	92.1	66.3	32.9	50.4	63.8	60.5	97.7	34.3	24.3	22	11.4	7.32	6.77	7.44	6.63	3.57	13.5	11.7	12.8	23.8	27.3	47.8	67.1	71.4	71.7	103	130	124	120	125	133	182	179	214	231	228	246	269	299	287	284	269	278	288	398	405	400	422	478	474	466	402	232	256	276	314	376	247	225	309	212	209	183	190	195	176	246	253	216	187	213	239	224	201	217	238	246	249	271	332	383
10.5	9.16	9.96	7.22	7.79	5.68	4.87	2.11	5.11	5.46	4.96	4.09	30.1	13.6	15.9	14.9	17.3	24.8	46.8	83.2	54.3	51.5	48.2	38.6	45.6	80.4	54.1	36.4	49.1	70.9	81.1	65.1	54.8	61.5	88.7	63.3	49.2	84	118	92.7	58.2	44.8	96	89.9	88.6	50.3	17.5	15.1	18.4	9.83	10.3	8.11	6.58	7.08	7.68	15.4	10.3	14.3	25.1	23.9	62.3	78	93.2	85.6	96.3	139	121	116	132	128	180	204	219	239	235	258	288	335	334	344	355	322	343	409	405	411	437	467	498	482	383	361	300	347	339	352	305	298	300	267	235	234	236	210	194	234	251	250	263	246	259	237	223	238	263	271	305	315	372	398
11.5	10.4	12.9	8.39	8.04	7.03	3.76	2.48	4.77	6.06	8.49	8.13	21.9	15.9	29.6	24.9	27.7	40.3	45.4	87	61.8	59.8	69	65.5	63.1	65.5	72	57.5	77	98.7	73.3	94.7	130	83.5	81	29	50.9	72.8	107	76.8	60.4	91.5	114	95.3	77.2	30.9	9.87	13.3	13.3	10.4	10.9	10.7	9.24	8.5	11.6	12.9	13.4	6.34	12.4	38.5	72.2	61.6	76.1	77.4	99.2	121	117	117	113	128	170	210	205	236	246	273	291	339	358	373	342	312	318	357	373	428	467	503	512	505	438	448	514	488	417	417	372	412	424	303	317	323	314	229	217	241	269	309	323	299	288	292	288	273	290	298	279	337	358	362
3.4	9.07	8.34	10.2	7.54	5.72	7.3	1.82	2.61	5.59	13.5	28.2	34.5	38.3	69.1	141	49.1	60.3	67	79.3	93.4	63	100	113	95.1	80.5	55.2	65.6	103	147	130	130	137	74.4	52.3	21.6	20.7	25	40.1	32	37.4	61.5	32	30.3	20.5	8.52	7.85	15.9	16.6	12.5	13.9	11.2	9.16	10.1	10.1	7.25	3.82	3.26	20.9	26.7	38.3	50.1	49.6	56.5	63.5	71.2	75.6	94.1	94.6	111	146	186	190	214	245	281	276	292	350	374	320	285	256	318	364	422	447	478	515	530	610	491	586	545	505	336	292	391	406	329	334	443	363	291	272	245	274	304	343	344	341	368	340	324	363	349	321	352	367	379
8.98	7.36	17.6	8.37	9.22	13	10.4	5.41	8.76	10.6	15.4	44.2	57.6	60.7	54.6	65.6	43.9	53.2	122	152	108	102	123	257	129	218	117	99	119	119	117	160	135	57.7	52.4	49.1	42.8	39.5	19.4	16	26.3	11	22	30.4	17.2	13.1	12	17.8	16.9	15.5	14.5	10.4	9.72	11.2	12.8	5.77	2.79	4	9.41	20	40	37.3	43.1	56.2	71.8	66.7	82.8	113	121	138	164	180	234	225	267	286	308	329	351	367	387	348	309	323	355	419	420	450	503	565	659	536	514	557	580	426	422	360	408	338	332	369	430	336	344	363	301	334	353	396	388	398	349	354	366	408	416	401	404	411
8.36	16.3	18.2	5.8	15.5	17.9	15.2	10.5	24.5	41.5	34.7	45.8	60.3	110	67.8	115	94.9	72.3	123	198	185	134	237	266	180	169	173	179	196	138	102	113	70.5	45	43.4	95.6	70.8	46.7	17.6	18.6	14.2	12.5	17.6	23.5	26.2	18.1	10.4	22.8	21.7	18.4	18.4	19.4	13.5	27.1	23.3	7.54	6.65	5.67	14.9	24.2	46.8	72.2	59.5	81.2	91.9	92.2	106	134	150	153	166	191	221	250	256	265	267	305	320	337	370	327	323	331	319	363	396	459	484	511	513	495	484	555	521	482	466	464	519	411	378	375	405	333	433	389	393	371	365	395	369	345	307	325	410	423	442	424	447	438
9.53	20.8	24.4	17.6	19.4	25.6	27.1	19.4	35.5	25.6	41.8	146	70.5	61.9	113	113	120	143	165	185	180	196	179	152	300	191	315	237	202	145	108	103	55.5	39.3	32.6	76.9	50	25.3	24.2	26.7	25.6	16.5	5.81	22.8	28.1	17.8	15.1	27.5	23.4	21.9	24.5	21.7	18.2	26.8	12	8.29	7.3	11.5	23.9	50.7	71.2	84.7	109	131	144	138	128	168	172	153	151	151	156	205	230	253	255	253	269	325	315	323	337	387	373	421	352	421	497	531	538	505	468	481	383	556	529	475	499	401	361	320	322	394	421	375	354	395	381	351	340	275	281	327	380	434	437	400	388	415
10	12.5	25.3	74.8	24.2	26.1	38.7	64.3	70.6	74.3	76.6	104	82.8	94.1	144	158	242	256	182	255	168	347	221	158	181	332	348	209	232	140	92.2	95.8	35.8	46.3	61.6	59.2	28	15	35.5	27.7	18.6	13.8	8.9	18.8	18.8	15.8	15.4	29	26.6	24.9	32	32.4	33.1	32.9	23.8	16.9	18.7	29.3	38.5	58.8	87.2	112	117	131	154	152	130	166	158	133	128	133	163	199	216	238	272	283	251	280	280	293	320	380	331	343	348	427	466	485	499	497	425	463	374	424	495	484	415	326	338	258	264	270	275	264	306	317	323	319	270	262	299	362	389	417	404	382	364	416
17.3	24.7	34.2	21.3	31.2	43.3	59.9	77.3	101	95.1	79.7	103	114	118	121	148	170	188	173	195	198	328	220	267	284	417	483	188	190	205	164	101	72	82.7	75.1	52.7	24.4	10	31.8	49.6	20.8	16.4	17.9	24.5	20.2	22.3	26.2	35	32.4	30.5	33.8	41.8	61.7	50	61.4	34.7	34.2	54.2	79.7	68.6	128	140	122	141	168	191	192	190	236	176	158	162	184	215	201	220	258	308	274	288	239	243	278	351	326	344	401	448	455	443	473	475	421	460	449	311	316	343	322	272	248	227	177	165	189	220	240	251	256	239	227	243	297	353	375	350	375	406	374	375
28.1	52.2	49.3	24.5	38	38.7	65.1	91.8	127	121	65.2	68.7	93.2	117	156	165	148	235	252	217	377	230	381	385	283	314	454	263	200	241	171	99.3	89	83	69.4	47.6	42.5	29.9	26.8	35.6	24.5	15.7	25.5	34.1	30.1	31.6	26.5	41.8	44.3	37.2	38.7	49.2	62	60.5	75.5	56.7	56	78.5	117	119	133	136	129	150	205	273	277	244	237	203	192	232	229	216	207	218	269	251	249	355	267	236	239	304	287	341	414	464	449	461	478	479	448	461	577	391	401	392	286	242	225	235	192	183	178	177	205	227	221	199	218	216	238	275	337	375	377	392	406	391
67.7	112	112	40.3	42.6	95.2	81.3	72.3	71.2	90.1	67.1	66	71.7	101	121	148	147	224	353	393	325	213	294	377	280	411	351	186	161	157	193	171	113	88.4	76.6	82.8	95.2	46.6	28.9	29.8	25.6	25.4	44	58.4	36.7	27.4	29	48.5	65.3	60.1	42.3	43.2	43.3	54.3	73.8	52.8	70.1	110	126	133	125	146	187	198	218	246	236	225	195	200	206	226	217	192	206	184	217	216	246	272	260	276	285	343	345	344	442	456	445	432	463	451	433	449	546	497	461	362	312	278	206	180	142	119	156	192	218	229	232	228	218	220	235	299	310	331	349	357	340	297
111	115	147	62	63.1	90.7	139	157	107	107	111	109	135	138	132	172	183	227	269	252	227	237	263	271	248	211	204	207	189	173	152	122	101	102	65.6	129	114	73.3	54.6	59.6	55.5	53.2	61.6	110	65.7	51.7	58	61.4	65.8	62.2	54.9	55.3	42.2	40.6	49.9	139	152	150	182	144	162	207	235	264	277	260	204	206	274	284	276	254	283	280	207	186	220	237	250	255	274	262	248	290	293	304	343	402	363	348	402	397	432	466	478	677	489	383	327	292	217	140	131	98	145	218	215	218	195	236	235	221	194	237	219	214	258	291	246	313
168	154	131	68.3	98.9	91.5	103	117	116	165	133	117	151	161	156	177	216	202	207	243	274	268	330	311	276	239	261	294	305	242	160	103	93.2	126	69.6	67.5	108	96.6	67.3	73.9	61.4	57.5	66.7	92.3	74.2	69.7	69	73.4	69.6	56.5	68.4	72.8	59.1	80.5	114	123	124	148	168	137	148	167	179	190	204	243	232	250	278	264	271	308	328	281	229	254	272	270	267	239	278	270	258	259	249	296	278	371	343	346	374	397	445	490	516	722	557	342	360	306	246	233	207	185	197	259	260	217	181	168	199	202	196	175	184	144	174	187	176	206
163	160	156	102	98.1	73.6	109	144	149	118	161	216	225	205	242	241	263	234	234	250	305	262	315	332	294	291	326	330	306	241	222	144	168	169	91.4	95.8	79.5	106	90.4	105	89.6	88.6	80.1	93.5	73.5	73.2	96.1	111	97.6	71.3	130	95.7	104	100	132	119	183	168	140	123	147	185	164	146	192	233	287	305	304	297	315	422	399	295	236	260	310	249	223	209	283	278	296	243	250	280	296	317	332	375	346	359	482	581	725	578	566	538	445	368	392	353	377	264	284	279	257	199	191	226	178	160	172	160	166	156	162	172	130	162
116	153	193	156	125	104	99.9	122	152	136	145	250	248	284	341	341	402	294	261	242	320	306	294	323	303	252	203	210	282	234	231	258	187	157	122	138	105	139	159	131	141	122	83.8	107	88.8	91.1	120	142	115	104	111	129	143	167	181	142	184	220	202	168	148	204	208	192	239	369	381	348	351	309	345	403	387	367	393	316	308	321	267	244	233	255	319	301	282	284	315	307	342	353	322	453	479	612	718	636	606	586	522	375	358	349	415	429	389	370	318	293	258	214	198	174	142	138	172	140	133	151	106	107
129	137	185	156	136	181	139	126	167	196	194	382	434	492	512	431	394	289	343	299	320	349	296	323	310	237	195	213	226	221	203	280	260	183	109	120	147	202	178	146	175	123	99.1	127	98.5	102	155	130	139	143	136	146	220	285	274	196	241	195	217	205	196	267	282	270	285	324	430	350	313	312	332	334	304	267	256	288	263	292	261	230	258	243	271	298	300	303	287	306	314	351	402	472	485	540	579	715	773	728	565	508	481	393	414	449	473	448	427	410	398	370	348	146	127	158	136	112	123	140	99.1	77.8
178	175	218	147	116	131	138	139	174	232	308	408	518	645	532	412	416	400	370	275	280	325	249	350	323	231	227	260	274	228	197	212	242	181	93.7	69.9	132	198	184	152	193	155	111	164	158	152	146	152	156	142	167	136	260	312	293	348	236	225	234	192	242	306	325	291	296	324	384	408	372	388	349	303	309	287	272	243	284	289	252	229	248	223	234	285	278	322	293	308	307	386	425	492	558	612	693	776	632	605	561	550	523	477	463	472	514	417	385	367	367	367	359	143	142	148	121	121	104	117	70.6	69.6
246	177	208	211	190	137	164	184	227	335	308	424	462	541	621	385	405	410	308	286	360	326	292	300	351	270	275	339	413	257	197	179	210	224	124	137	182	234	180	141	166	146	141	172	190	227	183	170	220	226	187	210	258	332	453	363	338	302	299	261	289	319	352	320	390	435	304	341	403	443	372	363	342	378	342	303	328	288	233	233	222	254	233	255	263	354	316	306	335	381	365	418	426	488	517	517	504	496	521	530	566	517	510	520	516	517	433	393	379	389	326	169	154	121	94.3	118	80.9	81.1	53.4	62.5
291	258	159	151	164	157	227	231	384	380	383	502	567	737	702	417	445	474	432	286	328	297	317	297	339	347	309	412	396	320	236	217	164	194	179	279	273	295	232	149	139	116	180	211	213	213	201	203	254	293	275	268	259	452	491	381	408	377	359	293	322	364	369	450	508	407	355	386	453	471	473	467	422	423	416	361	306	226	229	246	237	290	275	226	246	288	324	347	342	357	372	427	427	441	487	505	518	518	520	544	552	568	609	532	547	517	510	461	397	387	367	253	155	115	75.2	94.9	113	110	53	54.5
315	306	216	158	189	235	280	317	400	382	345	470	581	692	529	444	508	499	480	354	349	335	375	345	383	392	401	485	472	364	291	302	268	307	342	371	343	343	272	171	165	188	210	176	225	208	175	215	282	309	340	355	386	433	452	308	397	436	373	331	352	414	499	493	449	441	452	471	481	510	469	441	430	412	383	329	277	264	258	259	241	296	259	202	216	233	356	411	390	351	376	358	375	408	443	480	509	494	452	501	472	505	512	503	502	464	490	454	440	408	350	326	292	253	240	215	224	203	194	31.7
382	311	323	235	261	325	338	418	474	377	313	391	591	512	400	434	534	484	464	405	347	331	351	347	391	416	448	443	440	392	330	337	277	297	370	468	405	231	298	219	182	202	219	226	262	261	228	283	314	292	341	366	407	456	471	287	336	383	375	337	358	462	501	494	479	448	470	487	490	487	470	461	450	429	402	355	322	316	281	292	246	218	237	262	225	253	369	416	440	421	416	411	392	408	412	500	526	517	493	509	498	499	520	500	508	502	499	465	448	442	421	380	330	274	249	215	212	213	215	69.6
371	350	361	302	271	377	365	339	421	434	351	347	430	456	366	360	413	392	421	335	393	366	321	379	400	412	418	461	385	353	351	404	350	335	371	452	309	204	263	220	192	243	204	271	327	293	257	290	295	312	289	328	399	482	476	338	288	347	418	417	387	420	508	503	493	482	425	468	477	487	484	452	463	431	388	374	373	316	306	255	223	207	208	215	227	241	285	316	370	403	367	383	358	420	451	473	523	530	521	509	499	493	513	505	517	491	477	469	438	411	412	373	342	284	275	275	236	208	216	100
329	322	317	302	394	409	375	436	455	512	440	422	463	471	457	421	387	487	448	430	439	493	504	437	371	418	390	447	384	351	364	473	383	421	420	452	329	240	299	297	255	285	245	260	304	316	391	298	308	259	286	305	367	430	449	413	378	331	389	486	458	447	505	497	472	420	439	496	477	455	451	419	387	422	369	355	363	327	263	260	265	220	197	197	226	222	229	300	350	393	376	360	393	498	587	550	628	572	522	513	505	500	500	484	476	422	422	411	413	392	402	372	333	325	317	298	267	216	231	175
359	392	387	337	394	416	394	501	508	498	422	452	501	536	614	513	570	625	663	568	596	543	560	418	375	434	463	439	414	371	431	428	397	384	380	413	375	264	261	286	236	255	244	203	227	246	341	270	267	243	227	267	278	375	387	371	371	392	451	437	407	409	490	508	475	464	509	539	555	502	521	484	429	422	416	411	344	273	256	261	250	222	220	222	229	209	218	293	353	414	390	400	479	574	587	556	645	537	497	516	515	497	466	405	417	391	363	348	330	330	332	318	299	296	289	286	274	236	240	207
342	382	385	388	504	476	412	329	416	506	467	459	450	547	558	568	664	621	667	651	622	508	519	436	353	368	471	425	385	384	409	418	406	378	357	304	308	313	296	293	251	267	243	247	255	257	243	252	287	272	272	279	276	321	351	386	444	442	410	428	417	375	396	447	473	468	465	494	498	478	497	500	475	464	446	424	389	316	253	246	253	270	248	238	251	247	254	274	335	403	423	451	501	507	495	528	540	541	543	551	551	518	505	463	457	428	368	341	309	316	309	298	274	275	280	293	323	273	249	206
360	377	408	388	393	460	418	343	420	468	448	558	509	510	566	602	583	568	592	555	520	505	561	534	367	368	435	437	430	388	401	387	405	382	388	343	360	360	368	375	282	298	290	307	283	259	272	272	287	286	282	258	285	266	334	389	452	403	382	384	381	399	370	423	433	394	428	443	493	487	485	476	501	473	446	418	362	312	271	254	277	299	279	288	304	253	256	296	370	425	422	491	524	523	485	508	543	558	567	539	517	509	502	492	465	415	358	368	352	316	294	292	276	250	257	269	329	312	311	345
425	462	376	382	428	444	458	374	399	401	516	606	601	512	534	579	512	476	461	423	502	513	519	475	422	464	475	441	428	467	474	449	394	368	367	411	424	402	401	357	281	309	316	352	308	289	263	325	294	295	296	266	289	289	367	387	423	439	420	419	421	384	375	409	383	376	387	417	458	488	485	468	458	454	415	386	339	320	308	294	293	314	318	342	358	314	289	329	407	420	408	479	499	518	520	529	559	569	569	542	522	509	493	446	428	400	362	333	368	328	324	304	265	269	252	254	288	319	318	335
421	516	443	507	497	503	515	501	513	537	602	596	593	552	543	558	523	497	486	464	473	505	500	470	452	445	534	482	491	497	509	452	417	398	365	370	356	382	367	335	326	313	326	323	308	390	328	321	301	313	323	249	222	270	299	353	380	408	410	445	457	395	353	416	392	410	426	440	487	503	476	438	434	415	407	390	369	375	405	321	310	330	329	346	380	349	297	296	344	413	466	518	531	534	602	558	564	580	592	541	594	537	488	392	355	316	287	312	349	285	290	285	257	250	258	245	270	296	258	246
408	545	500	467	498	566	509	506	568	519	604	625	593	530	522	521	500	489	471	509	480	452	401	432	490	474	519	552	524	529	484	455	465	434	383	365	327	396	420	365	338	346	358	367	379	390	327	305	344	375	380	281	250	296	311	366	373	358	376	397	420	427	393	387	399	415	395	415	425	483	392	419	400	364	386	436	440	427	447	378	376	379	357	448	424	358	313	304	351	431	476	491	524	509	590	601	594	577	576	585	577	519	458	395	365	345	296	293	290	314	272	291	271	245	241	252	272	277	244	226
358	464	454	441	397	404	477	507	498	508	540	549	575	549	531	485	499	469	471	502	502	504	457	477	491	488	490	585	516	482	479	457	463	433	360	375	375	412	437	404	384	390	373	379	406	403	399	351	390	413	415	312	297	298	299	360	357	395	371	436	441	460	423	403	426	394	358	384	414	460	478	440	433	386	385	404	395	375	424	396	374	416	399	466	429	400	340	352	423	485	506	523	535	537	547	647	644	596	583	551	526	512	487	446	399	358	319	262	254	256	282	242	235	234	231	266	246	260	231	248
357	363	440	496	432	444	467	504	518	519	487	476	525	531	532	491	463	471	450	506	512	523	512	505	492	490	493	545	552	506	526	459	457	469	436	388	365	405	357	436	410	407	406	368	385	423	442	444	484	477	426	364	346	361	319	342	336	383	395	436	451	460	461	461	490	469	394	422	478	457	488	462	447	395	374	378	382	352	423	388	393	366	365	399	376	404	386	417	485	505	507	517	604	543	540	552	571	578	589	585	570	506	479	428	395	342	301	255	223	200	213	239	215	220	221	254	266	233	236	256
384	436	428	491	519	538	571	590	657	589	510	475	495	523	531	512	438	447	459	509	526	543	615	542	508	491	504	593	589	492	527	470	479	470	463	418	361	332	348	373	361	388	358	360	357	408	395	412	448	462	467	452	438	392	409	405	359	397	441	427	473	436	456	416	501	465	387	462	479	468	497	469	457	363	360	392	387	356	331	339	352	347	376	347	359	404	425	467	498	509	479	472	507	506	511	539	533	530	632	653	610	474	454	411	379	334	391	256	235	220	227	222	237	231	223	240	253	255	259	272
408	373	348	429	498	495	556	516	504	534	532	525	540	547	541	529	468	448	505	521	507	536	651	562	509	494	494	501	504	490	497	460	446	406	440	389	337	364	388	353	350	372	382	369	347	346	381	388	478	477	487	451	449	395	378	417	396	422	467	433	485	492	477	461	501	502	478	483	447	483	482	484	455	446	441	442	427	324	374	385	413	384	383	358	368	415	479	430	474	414	400	446	523	491	458	519	594	589	640	522	545	489	392	356	310	278	249	239	221	215	208	219	239	230	252	284	299	278	240	252
356	396	327	413	494	491	434	455	486	510	552	546	566	616	563	541	472	476	482	514	478	519	552	496	509	510	501	487	491	504	473	406	381	365	353	395	355	359	359	330	367	376	389	378	345	375	380	397	464	456	476	460	406	412	423	455	440	421	445	458	491	494	485	491	494	480	466	430	438	476	477	416	476	470	443	422	421	356	350	409	437	402	385	382	435	459	470	405	401	430	438	423	434	438	429	493	536	572	539	486	500	427	397	393	349	261	260	236	236	210	215	225	222	217	235	243	246	240	236	296
346	401	450	505	493	446	480	442	492	520	532	578	559	594	571	545	501	510	513	501	518	538	609	512	504	509	528	490	492	507	484	392	381	376	374	405	357	340	391	422	429	402	398	404	379	360	395	439	442	457	439	474	391	376	402	468	449	426	476	494	495	472	493	500	516	497	477	458	459	405	403	365	398	408	410	372	335	298	272	347	377	327	332	389	433	439	438	398	441	501	495	418	383	388	408	411	426	465	516	433	408	409	383	469	371	258	261	232	230	203	190	226	225	205	190	210	228	239	237	230
377	363	526	570	485	502	507	468	603	580	601	622	613	599	582	569	544	519	561	514	528	554	606	539	494	451	483	475	418	391	456	353	357	363	373	363	340	385	429	478	478	459	445	388	384	421	458	412	416	449	422	365	472	485	495	514	517	530	557	537	508	492	464	504	501	511	478	442	419	403	356	359	345	333	350	364	318	267	284	295	262	299	295	315	372	434	367	357	362	439	461	426	393	429	440	451	441	389	482	433	440	333	320	384	316	243	217	218	210	194	201	261	224	190	203	252	271	260	243	248
430	382	518	471	489	483	482	518	667	607	619	635	613	597	590	564	568	567	576	551	514	510	559	501	480	419	472	455	336	328	401	337	351	368	377	334	323	368	391	456	524	482	398	399	429	455	484	486	494	493	403	399	460	486	558	575	560	573	550	508	505	508	490	528	525	518	507	480	447	382	363	385	353	362	377	352	333	308	333	314	278	277	268	305	277	365	371	396	467	433	422	441	397	498	567	504	366	288	302	366	342	261	256	250	322	285	201	222	232	200	197	202	197	187	198	219	229	241	222	233
409	392	395	400	471	496	507	512	524	555	628	664	668	627	597	586	595	599	611	581	569	524	463	388	436	412	372	402	416	357	414	383	373	392	450	423	324	378	352	400	485	475	353	366	459	476	478	481	489	448	395	434	463	499	492	500	519	485	426	421	431	496	518	590	530	502	521	499	470	463	476	462	394	430	379	371	351	321	321	297	298	299	259	263	300	315	342	381	444	448	419	403	357	381	437	522	344	275	306	324	273	215	205	223	286	243	217	213	201	174	173	164	165	176	182	218	187	200	201	199
349	396	338	385	439	538	544	509	582	568	689	641	705	708	639	604	610	612	612	585	601	569	478	335	372	351	404	380	361	314	343	438	418	437	436	436	392	408	400	441	378	392	331	386	460	506	485	520	598	493	446	417	478	494	465	503	530	488	454	458	426	500	513	555	542	556	524	489	474	455	476	473	467	443	410	441	368	292	286	323	333	294	279	336	413	332	384	409	421	363	386	355	319	310	407	382	360	313	306	264	233	199	200	205	241	222	242	184	159	150	137	135	141	136	157	184	173	170	182	193
280	312	311	316	366	420	473	503	496	513	581	583	572	605	595	571	594	570	556	549	542	561	503	391	467	483	480	436	265	282	370	401	434	407	402	371	384	418	414	429	367	375	352	411	424	479	447	577	659	617	466	389	476	503	485	657	660	503	466	381	373	485	577	656	555	582	520	524	446	478	503	490	483	426	379	385	327	269	268	309	307	275	318	364	372	372	367	435	396	290	327	278	268	291	342	316	315	318	279	245	227	220	216	200	189	176	184	167	157	138	130	143	133	105	112	145	147	148	182	188
306	279	208	258	339	386	419	455	409	477	520	554	552	569	605	588	578	567	556	554	525	535	534	443	471	472	479	367	282	309	356	370	381	362	351	387	416	393	393	402	335	365	365	453	428	491	496	643	667	593	478	403	367	444	494	487	479	484	505	406	343	419	512	501	509	510	510	504	415	430	505	497	426	369	330	340	310	298	294	308	314	331	360	425	432	388	329	358	389	292	269	259	277	310	311	330	358	322	262	194	211	235	213	199	158	162	173	145	131	130	132	130	101	108	101	115	106	120	139	146
262	303	225	219	238	311	399	380	390	415	495	519	553	610	567	565	569	560	530	560	577	577	562	465	420	430	464	367	312	289	369	369	346	376	355	376	414	408	429	415	370	327	335	340	490	489	490	508	522	519	514	445	376	416	490	356	345	439	463	384	381	505	500	429	504	508	509	504	382	464	490	463	408	358	310	306	302	301	319	333	331	329	359	421	372	424	426	364	409	331	349	297	303	301	320	315	359	309	206	177	180	182	224	198	168	178	157	137	121	116	113	101	102	107	118	121	117	128	130	148
282	287	250	210	209	288	308	340	362	385	453	518	555	574	580	568	607	652	573	601	689	679	556	423	399	384	444	344	297	312	343	340	364	435	405	364	386	422	460	442	406	379	364	424	470	475	470	471	503	482	530	486	420	455	442	345	365	375	370	405	434	455	427	474	497	567	550	476	372	376	443	434	362	403	403	376	362	372	372	350	386	323	329	487	466	488	500	331	295	305	403	369	368	396	358	330	321	257	203	186	188	212	185	161	163	183	165	150	139	129	111	108	139	104	112	139	124	143	142	140
243	239	256	255	197	256	335	320	343	383	402	438	516	574	560	566	579	606	592	605	575	563	517	385	359	395	396	362	340	386	280	276	311	355	386	426	403	430	456	443	452	437	401	476	547	596	590	579	524	539	538	504	376	421	429	350	331	366	360	396	439	376	336	368	410	506	494	444	418	447	494	487	329	370	508	490	453	385	419	383	334	372	326	334	324	333	291	258	217	198	305	367	328	299	288	283	302	251	222	219	196	190	163	169	162	177	194	183	161	136	109	93.1	108	77.1	99.3	157	155	210	241	149
234	234	264	302	217	253	294	283	339	416	373	388	458	516	532	525	525	569	566	558	533	544	546	460	331	385	380	384	416	361	315	277	284	348	360	400	431	470	456	467	477	432	407	490	620	685	722	757	680	605	550	451	433	403	481	399	388	418	431	475	484	377	384	455	428	432	356	381	426	451	496	473	421	383	396	414	426	403	473	424	383	422	380	410	398	401	304	315	273	264	282	257	263	253	242	210	218	226	233	218	171	164	145	123	118	150	150	145	157	115	101	74.2	99.8	103	102	112	135	147	154	122
250	242	241	276	250	254	253	232	313	364	360	355	419	475	500	495	500	546	559	541	540	531	515	484	429	465	369	395	413	407	403	332	324	308	346	399	418	437	464	477	494	488	468	518	653	681	775	942	788	690	664	446	501	473	431	445	407	464	446	479	561	500	413	447	498	496	440	443	417	439	488	478	430	410	414	401	418	499	469	380	372	362	359	360	412	416	320	303	293	273	214	226	253	212	177	189	207	191	202	203	175	140	190	115	115	131	132	121	144	118	94.5	85.8	76.7	78.5	101	106	115	92.5	111	141
220	237	242	271	264	274	254	229	264	291	322	356	413	433	452	463	530	534	534	577	563	520	479	489	414	435	422	319	356	379	358	338	339	349	365	411	436	421	452	479	496	503	479	535	665	672	765	1.06e+03	785	753	700	443	381	364	391	447	463	468	404	376	536	484	446	441	504	507	502	497	476	492	498	494	467	456	415	448	455	429	380	368	471	417	360	288	387	393	364	352	316	226	221	245	258	229	195	191	197	169	183	195	198	181	204	129	128	152	165	159	130	113	109	108	128	107	82.1	103	92.3	87.4	108	111
226	223	252	242	289	280	301	263	274	276	317	336	401	439	451	407	490	551	494	520	497	495	472	456	440	434	453	385	384	371	422	432	367	352	401	428	429	431	465	505	501	491	487	498	586	610	656	854	705	596	530	340	358	364	339	342	379	401	396	338	426	539	467	423	460	471	436	427	435	432	442	429	412	404	430	473	508	477	410	368	434	378	298	246	329	309	312	287	225	216	277	235	225	208	169	175	169	156	153	175	177	172	180	151	130	140	167	181	131	119	126	109	155	102	90.2	92	83	70.3	75.8	81
209	208	224	260	298	252	295	275	260	248	302	331	297	327	384	437	429	474	479	475	476	464	461	437	431	449	444	432	373	363	357	391	355	345	331	395	422	423	408	483	486	487	486	471	508	547	586	610	531	502	448	340	376	343	286	315	320	373	363	319	308	384	436	424	363	368	421	458	401	381	340	300	350	348	423	360	502	445	435	456	443	407	331	260	297	334	397	269	211	197	280	257	223	205	180	182	174	168	154	176	186	169	167	149	136	136	171	179	117	152	138	106	92.4	78.5	75.9	76.7	78.9	69.6	73.1	66.4
227	214	259	256	254	279	270	288	285	263	295	290	302	323	346	380	435	461	477	474	456	439	458	446	370	406	437	448	422	374	349	345	359	365	335	369	414	381	360	451	477	483	482	455	431	486	499	511	555	546	491	419	323	379	412	342	350	336	411	352	332	299	254	294	305	328	366	441	385	379	336	317	295	298	337	329	412	454	381	341	418	485	498	310	248	311	388	245	183	173	251	236	193	179	180	191	182	169	167	175	166	175	164	160	137	141	136	150	127	146	103	85.5	81.1	79.6	79.5	68.4	65.3	71.8	80	65.2
238	228	247	249	233	213	232	272	301	275	278	291	283	315	337	338	362	445	468	462	446	420	450	440	371	368	383	351	434	442	444	417	368	374	381	381	381	327	329	371	405	430	446	507	507	478	476	462	592	543	497	491	328	322	425	335	313	266	289	319	330	300	221	274	283	326	333	440	394	352	333	329	291	290	326	338	372	402	417	342	358	452	509	351	272	320	410	329	214	142	172	166	176	183	174	152	167	165	146	178	170	149	133	145	156	159	155	201	140	154	83.1	65.6	74.4	81.6	75.9	80.5	83.7	111	78.1	59.7
173	186	189	186	187	196	255	275	285	266	277	260	277	300	311	337	326	366	404	397	418	413	411	416	324	314	335	342	403	421	426	443	397	385	388	403	358	349	336	345	373	429	460	511	516	506	492	486	502	535	523	413	321	322	389	363	370	319	291	337	424	363	338	340	310	337	324	358	384	367	341	343	336	328	372	309	293	318	299	341	337	368	345	302	308	297	307	266	190	142	129	129	129	129	111	140	163	146	153	185	189	134	137	131	156	161	176	215	170	121	91.1	76.9	73.9	73.6	68.3	88.8	104	105	88.7	65.6
178	225	222	192	213	241	234	258	268	253	247	265	259	266	271	271	310	315	371	355	354	370	374	356	305	332	357	349	375	380	378	374	350	384	347	342	336	328	347	360	342	363	398	445	479	487	455	466	450	396	464	362	288	285	287	256	319	356	333	333	330	376	376	360	325	343	308	360	338	318	326	362	358	329	400	320	295	290	267	311	355	348	317	259	307	294	290	207	202	154	154	122	128	155	120	139	145	145	143	153	173	155	162	172	157	177	168	171	152	96.4	69.4	101	71.7	64.4	79	93.3	85.6	127	111	59.7
165	213	254	231	206	190	216	276	270	249	269	258	279	283	277	236	278	287	322	349	368	377	354	376	325	304	335	350	349	365	354	334	309	352	286	335	333	355	384	382	343	329	374	411	447	503	502	460	450	406	378	283	264	259	286	291	282	266	347	330	351	363	356	358	341	429	371	404	409	377	477	465	410	373	339	296	286	285	253	294	312	298	325	241	286	280	271	226	207	185	171	151	122	122	111	143	150	158	147	160	152	162	173	158	189	189	137	162	155	87.1	76	80	70	67.3	60.8	70	62.3	92.6	74.6	52.6
178	226	231	218	192	196	216	246	262	294	333	276	255	245	235	228	253	305	282	294	332	336	347	386	404	343	297	338	332	326	310	302	287	319	317	339	311	327	373	422	362	360	365	412	456	499	563	544	453	423	357	337	325	296	315	330	356	302	320	355	419	455	376	364	347	396	469	469	414	484	554	460	427	371	326	263	269	263	264	330	272	290	290	211	241	250	263	242	184	178	134	161	142	110	106	141	163	176	162	195	180	170	159	163	168	181	140	155	137	99.7	81.2	76.7	67.8	66.8	61.7	71.1	56.6	60.5	51.2	47.9
178	206	235	212	192	186	179	205	253	320	344	278	238	240	233	238	282	320	310	295	299	325	333	408	403	346	310	309	316	343	326	295	299	320	336	327	277	254	308	431	370	362	391	397	453	492	512	420	371	389	347	367	317	309	326	352	419	430	419	367	380	428	393	399	388	379	332	370	359	415	435	403	372	366	347	294	273	302	279	318	263	218	208	175	213	258	288	300	254	251	219	163	198	110	104	151	196	204	193	187	174	154	147	140	151	163	146	151	121	114	82.1	63.3	53.2	67.2	50.5	57	59.7	51.4	48.2	52.3
119	124	170	135	151	155	173	217	244	293	334	299	248	249	265	287	299	332	367	294	283	312	312	342	383	325	326	314	313	341	348	288	301	328	316	260	244	244	281	363	375	387	384	407	420	487	396	321	299	341	353	289	335	317	378	362	398	477	525	424	380	401	359	375	402	348	300	320	337	358	382	386	349	353	352	324	330	287	296	294	256	214	231	153	214	241	255	263	262	252	225	150	114	132	172	161	174	162	182	159	139	145	162	156	183	188	197	160	110	121	101	61.3	54.7	55.9	47.4	63.6	60.1	46.7	44.8	43.9
156	139	151	166	150	168	192	264	349	378	355	361	330	319	307	295	309	344	345	310	316	333	305	361	403	311	305	329	292	301	351	329	319	329	314	233	255	282	287	332	302	317	365	387	349	389	358	297	275	249	244	229	315	296	354	347	364	371	461	472	436	385	380	372	369	313	323	344	337	370	371	357	332	366	371	324	310	314	267	230	211	235	236	175	244	309	263	233	232	205	133	147	143	170	195	180	182	168	182	147	134	132	136	155	199	215	225	187	118	91.6	62.7	58.7	50.9	54.2	57.6	60	57.5	43.5	38.9	37.5
209	177	170	193	225	252	227	254	309	382	389	401	354	367	318	274	315	355	353	325	350	342	344	402	327	364	310	292	295	298	284	298	287	342	329	238	321	342	288	295	292	297	305	348	318	349	357	297	305	297	233	209	266	243	251	331	302	363	411	363	338	335	327	336	336	300	319	307	295	313	386	362	343	363	394	289	310	313	261	226	210	250	247	184	259	288	262	347	270	190	118	132	126	155	180	227	207	172	134	129	149	126	138	145	149	173	156	192	134	107	87.4	68.5	56.4	39.9	36.7	47.5	41.7	39.7	40.2	34.5
283	245	216	216	254	306	280	250	265	301	361	421	425	457	391	358	331	353	343	322	342	356	341	365	369	332	307	263	283	280	260	240	270	286	258	215	252	286	307	253	288	270	244	240	271	303	302	283	274	274	247	225	249	251	264	309	305	346	352	300	327	299	279	309	304	281	288	270	313	315	335	327	292	330	307	285	293	310	277	209	191	222	229	193	403	436	356	417	310	226	106	129	135	155	183	200	198	178	155	129	119	141	140	127	110	121	120	143	114	88.9	77.5	58.7	53.4	36	36.2	47.5	38.1	43.1	42.3	39.4
357	367	339	287	302	360	316	303	248	252	301	372	391	389	387	355	330	349	366	320	323	329	332	296	315	302	310	294	287	299	281	268	289	256	264	265	261	288	314	285	267	296	254	258	296	309	276	264	271	289	306	255	268	260	276	274	289	362	365	371	444	390	329	330	319	280	300	253	276	365	324	282	247	279	279	235	263	250	274	202	164	195	243	303	330	285	321	355	313	262	167	148	136	133	157	137	169	139	158	123	120	160	146	121	119	109	114	123	105	78	75.1	74.1	52.9	39.8	52.2	41.3	38.4	44.1	42.1	39.4
372	512	498	476	387	328	274	322	285	264	277	311	317	318	335	346	351	356	333	315	348	312	341	327	342	334	297	273	303	327	344	346	312	259	240	275	264	269	314	302	296	267	250	271	357	321	323	303	299	362	371	313	294	286	297	298	317	326	400	460	482	431	371	327	312	311	320	278	283	336	335	310	257	290	309	248	229	245	251	203	169	160	224	293	315	262	313	489	364	224	181	116	124	147	138	119	147	171	187	119	118	123	117	139	109	114	99.9	86	111	122	133	87.8	53.1	44.6	42.3	44.2	35.9	47.4	38.4	38.7
303	449	539	505	655	495	367	322	295	267	327	349	350	353	342	318	342	328	317	294	316	313	312	284	302	327	286	272	284	353	357	334	315	278	240	232	215	256	276	273	291	283	254	256	327	380	330	348	333	297	289	311	325	369	355	319	303	324	409	472	459	401	319	265	264	354	343	291	296	299	347	369	268	303	283	237	251	258	264	199	186	176	196	315	271	240	401	415	312	230	131	141	93	131	122	113	162	196	178	114	98.6	101	114	138	97.7	115	101	98.9	117	169	135	79.8	50.5	36.8	34	36.5	60.7	41.5	37.7	42.7
196	299	389	400	486	471	417	382	395	354	364	351	359	379	383	383	388	392	370	315	316	289	291	256	268	316	295	248	257	262	296	281	296	285	257	263	249	271	274	275	277	297	290	228	256	277	273	309	326	269	233	229	280	324	345	362	361	403	479	505	434	344	268	278	281	344	376	386	358	290	350	357	325	267	235	210	241	258	265	253	308	247	240	278	222	208	210	264	200	193	118	98.4	82.6	121	125	127	133	177	155	122	77.4	70.6	89.9	129	112	99.4	101	111	116	143	123	71.1	58	42.3	36	34.5	40	35.6	33.3	37.9
210	286	351	438	442	416	396	402	439	480	407	388	399	398	410	467	486	415	398	343	320	309	302	271	280	291	278	239	222	242	260	279	288	278	269	257	251	276	267	253	311	260	256	215	268	274	270	276	308	277	259	227	272	302	301	328	355	390	466	558	479	398	368	385	340	348	342	397	260	284	326	267	297	247	245	211	238	276	339	322	304	298	199	241	217	152	153	186	198	228	136	75.9	71.7	126	115	107	119	154	118	94.5	68.4	55.9	72.2	95.5	119	105	93.7	105	103	121	101	70.7	60.8	46.1	49.5	42.2	50.1	37.1	31	44
234	288	304	310	331	291	293	359	440	543	542	498	440	435	451	507	510	485	506	389	352	312	323	316	296	291	275	233	236	241	251	252	253	283	273	262	240	221	225	226	268	238	255	234	221	244	284	278	273	284	263	254	286	284	300	309	331	366	363	408	420	385	405	429	459	372	431	414	304	291	225	216	233	241	288	238	209	255	350	307	289	272	257	223	231	198	163	183	206	219	188	110	130	132	148	126	120	228	167	80.4	65.7	66.7	67.6	88.9	105	96	92.5	130	99	95.2	92.5	67.3	62.7	55.2	46.6	38.4	37.6	36.8	29	39
237	259	250	245	236	231	229	300	526	561	661	581	572	602	567	522	477	489	459	380	422	448	372	294	298	286	245	205	242	267	258	265	267	276	276	283	242	235	223	225	231	219	259	260	228	204	258	275	321	330	306	317	392	380	365	331	338	336	302	359	410	390	439	472	487	436	450	354	295	301	214	189	227	270	284	224	189	190	288	293	262	237	236	233	218	215	228	188	191	154	178	120	124	111	157	138	129	230	196	106	83.6	74.4	75.8	87.7	92.9	92.3	92.2	153	111	89.7	81.5	64.1	60.8	56.7	43.6	35	37.4	34.1	29.9	40.4
182	163	176	186	181	186	191	208	317	466	581	606	606	723	594	542	433	416	382	362	413	427	380	278	286	275	246	224	223	238	239	237	229	231	235	267	261	264	258	251	242	247	271	290	245	242	244	260	350	374	335	352	383	392	419	383	396	322	318	326	382	390	412	409	409	379	379	290	260	268	219	208	266	287	269	239	209	220	212	257	265	315	237	207	204	208	197	175	155	133	142	111	94.4	109	134	154	119	115	141	111	114	121	110	108	110	109	108	122	103	89.4	73.6	57.3	50.8	46.2	46.7	45.4	46.2	40.9	32.8	44
162	146	157	183	202	195	184	207	214	296	412	482	647	704	705	708	541	502	453	366	347	338	320	266	263	269	238	230	220	222	221	206	197	197	213	262	268	241	248	240	215	232	252	244	280	297	256	256	301	339	273	270	331	351	421	395	314	299	299	283	332	381	440	416	410	389	355	286	273	268	229	260	239	231	247	253	218	202	181	192	245	284	211	190	161	180	186	157	149	174	170	124	99.7	118	159	163	145	131	108	119	108	113	117	97.1	111	99.3	100	111	81	74.3	72.4	59.2	53.8	53.3	45.6	46.5	41.8	38	36.1	49.1
175	144	162	170	206	215	221	191	208	238	299	356	410	491	512	626	604	642	550	379	329	302	259	230	237	246	249	218	210	201	201	206	194	195	205	245	273	254	264	279	210	245	232	190	248	275	293	246	290	289	258	242	311	291	314	364	330	332	354	306	348	344	337	366	358	346	342	280	294	289	267	250	253	241	236	260	252	233	195	205	255	217	182	172	184	166	161	140	135	170	172	109	100	93.8	106	145	147	148	145	114	90.3	111	102	110	93.9	94.5	85.5	81.7	80.1	106	99.9	69	53	50.3	50.4	54.7	47.9	45.3	42	53.5
147	157	177	177	185	214	235	194	191	215	246	311	298	323	290	387	421	447	455	325	317	278	281	226	236	243	248	232	221	201	207	214	206	204	207	224	248	249	278	298	252	262	235	168	221	277	333	319	278	246	241	249	310	290	274	319	336	324	311	311	378	359	325	331	320	322	281	267	264	249	259	245	260	239	231	191	216	289	253	221	189	187	192	184	181	179	176	167	140	139	124	78.6	93.1	70.3	89.7	147	160	172	172	136	100	101	101	121	100	90.4	83.3	77	104	117	97.1	73.5	54.1	50.4	47.5	42.3	49.7	49	48.4	58.3
145	139	150	153	169	179	193	180	179	185	200	220	220	210	192	195	217	253	327	236	254	240	231	234	242	232	237	242	236	208	209	236	243	242	237	243	254	255	272	286	276	239	240	231	236	300	341	366	328	371	258	255	296	253	284	328	345	371	377	307	282	282	314	377	313	282	274	265	279	273	261	257	277	257	218	225	221	204	219	225	193	161	174	224	226	217	204	184	166	139	142	114	133	115	139	160	155	175	170	150	112	93.7	111	120	110	96.8	96.8	104	90.9	106	109	78	59.3	52.6	53.6	43.2	48.3	43.8	39.8	44.9
141	147	154	163	188	213	204	198	196	188	206	224	218	198	185	183	174	181	199	208	195	213	246	234	247	253	272	253	232	226	217	248	248	241	233	241	270	280	258	272	268	255	248	276	281	323	285	308	356	362	351	323	356	336	267	313	367	356	337	325	230	250	270	378	346	312	305	300	275	273	249	262	260	272	229	216	190	194	207	204	188	167	175	195	216	206	204	206	177	159	148	112	129	125	125	141	152	163	126	120	124	106	125	137	112	107	95.4	90.8	89	96.3	84	76.1	62.9	55	54.7	41.2	39.6	37	32.8	34.8
127	136	158	167	187	213	228	218	210	219	238	242	230	220	193	191	186	193	218	220	208	218	234	235	251	277	279	250	230	235	233	252	258	247	236	229	241	273	284	283	264	258	271	275	307	306	276	283	292	325	375	333	310	304	221	224	314	391	394	303	254	241	298	314	303	285	273	270	274	252	243	247	240	232	225	217	195	180	174	199	191	173	176	184	190	201	212	219	204	179	166	134	116	138	140	160	152	164	137	137	142	127	122	128	127	106	93.9	84.8	75.4	92.9	77.1	71.4	59.3	57.2	45.3	38.2	35.2	24.8	28	31.2
125	145	158	164	182	210	215	242	237	239	248	268	248	212	202	231	227	207	221	254	277	242	261	291	286	301	305	264	258	261	248	254	251	254	249	233	238	248	282	302	275	257	278	296	314	310	270	247	254	297	349	322	279	234	245	248	331	334	363	327	304	259	300	279	280	289	266	249	274	225	224	208	217	230	238	252	178	191	198	203	198	177	180	165	190	198	203	186	192	194	156	112	117	146	142	174	167	146	152	145	150	175	129	129	119	117	92.2	82.3	67.5	71.1	70	63	54	46.1	41.2	31.7	27.4	27.7	26.5	32.4
71	70	83.6	90.1	123	138	167	170	164	181	193	232	243	226	192	237	228	205	186	216	280	266	244	268	275	300	290	272	279	272	268	273	253	254	258	238	241	225	246	273	264	237	234	264	297	280	242	219	233	272	270	276	311	205	215	223	241	264	280	316	329	289	267	261	274	281	284	244	234	213	208	207	199	239	225	208	181	183	164	190	183	173	182	203	205	183	175	177	177	165	167	159	152	156	182	201	192	160	145	142	136	143	139	144	131	117	98.6	80.1	72.7	74.1	78.2	62.7	49.9	55.8	42.8	36.2	32.3	30.3	29.6	36.4
42.5	51.4	54	85.4	119	99.6	126	140	159	186	192	255	274	264	234	218	221	200	170	181	241	297	275	259	267	283	297	289	281	302	276	284	273	256	245	236	234	236	220	219	231	235	228	233	224	230	219	223	221	267	282	249	288	250	244	262	242	260	269	280	315	297	272	267	269	268	270	230	225	213	250	210	201	225	220	209	194	177	174	175	178	167	177	230	189	177	159	167	201	160	175	182	169	173	195	206	192	162	145	152	133	137	135	140	125	116	113	86.6	75.8	82.6	59.2	51.7	45.9	55.4	40.1	33.7	33.8	29.2	29.6	28.8
25.4	28.3	37.9	51.6	86.2	55.1	71.6	140	141	174	166	221	277	286	225	220	192	186	166	159	198	267	319	264	249	253	256	294	322	347	277	269	276	250	244	219	213	211	201	206	214	219	217	216	210	199	209	218	213	266	280	263	250	235	245	217	266	264	242	267	309	284	270	282	273	300	277	239	230	241	243	210	207	237	224	209	221	182	167	187	187	167	169	192	179	160	156	155	169	166	197	223	176	171	215	209	176	165	160	178	155	139	135	140	127	117	106	85	75.2	74.3	63.6	56	58.2	55.2	42.7	30.8	33.9	28.1	36.8	35.5
19.6	21.2	26.7	31.5	37.3	40.6	60.3	99.2	98.1	122	140	208	261	240	205	197	169	168	160	159	208	246	315	297	271	234	241	277	336	300	302	272	262	259	246	212	195	184	174	186	184	189	205	222	193	193	189	185	220	233	233	223	202	221	208	192	220	237	203	210	242	278	242	273	275	296	284	282	242	258	256	225	242	218	203	198	205	222	238	221	209	178	172	175	190	183	157	160	156	178	177	228	191	175	187	197	177	170	191	185	188	167	180	145	125	128	120	95.1	77.3	74.3	69	62	55.1	49.2	40.1	36.2	39	40.1	46.2	42.3
4.9	5.96	6.88	13.9	15.4	19.4	21.4	30.2	51.9	56.9	95	163	178	190	178	167	141	134	147	154	169	225	264	293	300	242	240	243	261	267	243	239	227	308	197	178	172	153	162	180	156	156	165	191	186	191	193	190	226	234	204	185	183	190	188	198	192	216	213	189	209	237	225	276	306	290	299	289	236	235	226	207	206	221	191	209	203	203	186	202	226	190	170	165	160	149	141	170	172	172	180	192	190	200	202	222	216	225	201	205	181	173	178	151	127	124	123	100	82	70.5	60.1	59.2	57	51.3	49.4	62.5	65.3	60.9	58.4	70.1
3.02	3.44	3.44	8.28	8.7	9.88	11.4	17	24.5	37.6	63.7	113	150	174	177	171	138	139	140	174	170	186	218	259	274	227	272	236	237	244	255	248	203	206	209	177	172	156	171	152	144	139	146	170	191	200	199	206	226	192	173	163	168	191	183	165	183	198	216	211	219	238	215	250	268	256	275	254	239	265	220	217	236	238	220	207	186	173	152	186	224	178	170	162	157	155	146	161	204	184	201	203	223	222	215	213	227	220	207	218	202	188	173	153	152	127	118	96	86.8	70.4	74	59.8	57.9	50.9	60.4	78.1	83	83.7	62.1	80.4
2.38	1.89	3.74	6.22	6.2	6.77	7.43	11.4	16.5	24.3	39.3	96.1	103	131	146	153	149	138	155	179	177	188	180	234	202	213	210	220	246	242	256	352	252	243	208	178	159	151	167	166	138	140	141	175	192	221	209	200	191	173	173	141	150	147	158	175	177	216	219	233	215	249	222	254	272	262	272	266	260	248	227	199	208	247	271	211	211	184	165	184	207	202	172	148	139	141	162	182	182	188	207	253	266	258	223	221	214	215	210	216	197	179	173	166	145	120	125	110	88.1	82.1	91.3	73.9	66.4	56.5	66.6	87.7	82.1	86.5	74	63.3
3.89	2.53	2.83	5.88	5.74	6.03	6.7	10.6	11.8	16.9	22	63.2	109	127	134	142	153	144	150	161	156	175	171	154	152	221	190	159	172	191	270	293	356	258	214	177	171	155	142	155	139	132	136	164	168	173	187	201	190	194	157	154	149	138	167	174	202	239	257	233	210	230	262	270	264	256	266	240	246	251	234	200	195	231	279	204	230	181	202	232	187	166	157	160	155	155	170	188	201	204	208	231	257	281	237	233	216	222	233	233	208	197	193	167	139	127	125	118	92.3	87.5	89.2	77.4	63.3	73.2	94.4	107	109	119	90.2	81.8
5.84	5.09	7.17	6.69	6.31	6.49	9.31	13.8	15.4	20.2	26.9	41.4	67.5	79.8	83.6	121	131	126	132	121	129	145	147	131	137	165	131	122	121	137	184	256	331	352	288	218	174	155	127	121	122	120	114	113	115	122	134	154	144	149	156	150	154	136	137	175	182	191	249	216	198	222	260	245	223	219	245	253	237	254	249	244	170	202	218	187	198	178	227	277	223	162	177	203	225	214	235	229	212	200	201	225	238	257	236	208	206	233	226	215	198	207	187	172	143	127	123	107	102	102	91	70.5	74.2	77.5	78.1	116	111	79.5	76	68.2
0	0.0904	2.26	6.87	6.89	6.47	6.37	12	12.9	15.7	20	20.8	28.9	44.4	61.4	128	149	151	141	130	148	144	141	144	134	127	117	103	108	127	142	201	308	333	341	311	190	151	132	115	110	115	112	106	115	113	107	120	123	133	149	176	142	178	137	139	146	168	187	201	196	201	222	222	209	197	237	286	248	265	242	182	164	219	195	172	200	202	249	311	279	224	200	211	211	218	228	256	258	212	200	230	236	239	242	210	205	197	228	216	185	185	165	172	179	157	135	120	122	111	101	86.9	93.4	82.7	79.3	98.1	104	91.1	87.1	77.1
0	0.241	0.0301	5.92	6.81	7.73	6.47	11	11.7	12.7	15	15	17.2	23.8	44.5	131	120	120	132	129	147	133	134	147	136	137	120	105	120	151	152	161	206	253	260	213	153	134	136	128	115	113	113	106	109	106	95.6	114	163	163	135	154	141	136	135	130	132	154	168	182	179	175	195	201	212	217	229	230	238	279	282	230	212	165	201	205	205	201	284	342	318	253	200	201	235	235	253	239	282	239	216	254	245	232	233	226	194	196	207	215	200	183	168	180	190	178	152	137	126	117	102	103	101	83.5	79.6	98.6	103	102	87.8	92.2
1.81	0.572	0.633	5.39	5.95	6.56	7.53	11	11.4	11.9	12.1	12	12.8	14.5	25.7	64.8	74.3	111	151	143	128	140	140	144	137	131	117	111	119	155	190	172	202	194	194	164	149	122	123	130	128	116	113	107	102	111	114	112	175	231	134	129	136	139	121	121	126	147	200	178	174	189	203	235	226	219	213	203	228	249	237	257	203	167	183	197	188	175	275	287	246	219	201	222	256	263	241	267	267	260	263	271	240	221	219	216	214	193	176	182	203	196	190	195	190	168	158	174	140	121	110	109	111	91.6	92.1	99.5	110	111	97.6	102
