18.4	34.5	52.7	93.1	94	66.9	74.8	115	113	130	140	140	164	211	259	209	216	241	277	271	324	299	287	268	305	299	293	349	530	612	488	447	459	502	665	780	963	1.02e+03	1.07e+03	1.13e+03	1.02e+03	919	929	886	765	640	535	546	501	447	403	472	469	446	463	490	554	522	539	500	475	479	536	427	333	315	372	383	335	270	206	207	199	207	207	224	238	207	208	211	190	152	147	167	168	121	147	118	115	122	107	92.2	94.1	108	85.7	59	68.6	48.9	75.4	112	120	147	187	230	214	197	227	250	225	204	194	161	185	269	279	228	253	283	305	284
27	44.7	60.8	72.5	93.8	71.6	94.2	140	156	166	197	231	251	242	231	166	171	225	245	233	257	253	263	291	318	304	295	411	558	519	497	488	477	538	583	603	637	716	755	804	772	691	783	797	759	599	573	519	491	384	337	396	421	441	486	487	492	495	518	492	475	467	474	512	450	410	390	353	287	231	174	192	202	214	211	251	266	221	246	218	187	160	137	198	191	156	122	136	124	114	112	107	123	111	83.4	48.8	63.9	70	88.7	87.6	103	122	153	153	155	161	227	243	238	205	197	223	263	326	291	295	308	291	273	313
33.1	65	100	80.8	77.5	82.7	94.9	152	181	178	201	203	217	234	289	253	233	231	200	189	223	250	287	405	373	339	336	454	580	553	630	486	477	585	688	548	430	505	566	593	534	570	588	661	671	518	494	475	418	384	405	375	369	370	379	410	486	502	505	495	519	452	411	455	393	451	460	383	333	279	228	239	247	271	307	318	265	246	231	206	178	183	196	277	254	195	164	126	106	95.9	107	87.1	66.6	43	59.1	45.6	58.7	83.9	94.3	82	99.5	114	98	143	168	160	178	220	258	199	221	247	302	285	245	247	236	221	212	230
53.3	70.6	70.5	106	102	104	134	183	174	176	222	312	299	257	254	269	289	224	216	243	243	255	311	351	362	383	468	524	560	508	479	422	465	454	481	378	362	397	502	503	493	499	505	548	509	442	375	430	407	423	454	406	399	336	340	387	473	540	509	489	470	454	406	424	398	405	445	378	294	298	296	272	281	326	360	279	230	228	231	225	205	236	240	334	277	306	247	163	114	88	106	81.6	78.3	75.6	56.2	40.6	54.2	69.2	88.8	93.3	112	95	87.9	107	158	172	204	197	201	195	235	269	259	224	181	201	247	239	207	188
57.5	50.3	55.1	104	120	127	127	175	244	256	244	338	244	228	235	222	276	284	294	335	300	329	341	327	442	383	428	468	455	473	495	345	362	309	313	269	275	373	380	384	375	404	430	452	464	388	334	455	477	472	452	438	390	292	288	298	394	467	464	463	399	402	351	323	421	360	345	322	279	344	339	276	266	285	297	244	241	228	257	227	222	240	233	325	248	285	248	217	152	174	106	78.3	84.3	104	78.3	58.8	73.7	52.9	59.7	67.4	105	94.5	81.8	75.5	151	177	165	155	147	152	147	152	151	160	202	206	182	201	169	161
75.2	68.5	64.9	89.1	119	145	146	222	220	206	211	203	165	139	221	192	216	321	309	319	337	395	390	379	454	414	420	443	418	526	509	366	314	275	300	269	269	321	275	277	334	373	452	462	508	502	488	492	510	514	524	479	413	347	329	258	284	326	417	492	471	414	384	331	346	338	298	310	297	393	362	263	220	235	275	254	221	211	200	192	202	226	276	279	213	234	249	224	167	97.5	86.8	80.6	122	129	111	81.1	57.2	60.6	73.6	84	109	117	113	105	143	142	151	137	160	135	95.4	109	121	155	205	150	156	139	141	146
76.9	90.6	88.4	87.8	107	133	122	151	203	201	190	158	165	197	204	175	215	256	309	318	333	432	417	393	457	498	428	386	427	448	389	319	292	321	296	299	277	235	218	226	267	343	413	469	512	515	502	505	500	498	477	518	491	461	348	242	257	290	392	488	475	348	434	436	287	250	170	196	245	292	291	232	183	214	274	216	186	180	180	190	183	207	226	298	207	248	254	224	186	138	78.5	61.7	96.7	106	78.1	48.7	42.1	58.6	47.6	69.7	64.4	71.5	98	87.1	90.7	100	116	130	129	102	76.9	101	136	143	139	108	95.7	90.7	110	92.6
112	131	110	105	103	119	108	111	122	147	145	182	166	209	250	239	230	254	311	282	295	437	413	362	453	440	409	332	458	438	397	325	330	331	338	297	285	271	242	285	241	249	322	464	509	492	478	500	416	466	510	530	460	406	414	297	312	381	360	343	372	329	387	425	273	222	159	141	212	254	241	224	199	185	210	165	166	179	166	132	170	216	224	265	226	250	282	228	187	207	122	101	75.5	88.4	80.5	52.4	48.6	48.5	39.2	48.9	38	69.2	63.1	91.8	57.8	50.8	73.8	88.5	93	98.2	89.9	87	102	107	91.7	90.9	83.9	92.4	91.6	65.5
119	138	138	128	116	121	111	101	110	108	104	124	173	183	265	230	241	289	341	326	320	369	422	358	390	400	362	396	388	419	418	312	370	393	438	417	335	316	282	292	261	256	267	331	429	464	459	488	450	528	510	483	452	447	416	331	293	357	331	360	387	400	420	401	264	206	193	281	336	284	248	188	219	155	153	183	196	174	142	164	171	164	170	236	245	268	222	234	222	245	124	86.6	128	84.2	86.1	71.9	30.4	48.6	30.5	41.9	45.1	59	97.3	88.9	65.9	37.1	71.1	59.8	70.6	88.4	73.4	71.8	75.8	78.6	70.1	80.7	92.3	84.3	95.5	66.6
133	126	127	134	135	129	112	103	94.9	111	130	141	156	193	186	194	221	254	287	330	341	324	292	291	372	383	396	386	418	470	414	378	404	460	436	495	383	349	262	260	229	293	298	305	414	481	481	516	536	559	525	538	554	562	532	415	407	384	416	457	501	562	537	492	368	255	280	241	295	257	185	194	225	160	155	222	188	154	152	206	178	172	177	230	255	263	223	283	247	223	167	158	127	80	92.2	88.8	70.4	81	67.9	48.6	69.2	75.5	81.7	99	75.8	63.9	64.7	81.6	85.9	70.3	61.8	64.1	59.5	51.8	72.1	73.8	93.1	101	111	92.4
106	104	95.4	105	100	127	123	118	103	155	149	132	140	188	197	230	273	329	350	363	376	390	325	273	409	368	335	370	468	537	471	486	450	466	439	477	404	299	249	223	264	291	329	366	388	457	442	503	526	537	511	525	623	618	558	493	503	468	418	426	490	502	554	452	413	330	261	230	261	217	174	165	182	166	152	191	181	158	185	179	208	268	279	286	244	232	266	287	307	257	185	154	87.1	38.1	59.1	66.4	82.6	100	51.2	40.8	49.3	55.3	39.6	41.2	71.3	56.4	39.3	38.8	52.9	61.5	47.4	30.8	40.9	57.8	77	49.9	63.2	92.9	123	108
86	84.7	73.6	86.1	98.9	122	140	154	199	157	199	182	189	211	251	246	247	324	320	265	310	362	327	290	351	385	332	356	436	539	629	590	548	501	350	342	274	274	340	292	256	306	319	388	365	414	413	505	560	642	546	554	546	543	541	537	527	507	508	512	499	428	445	414	396	386	319	207	184	215	166	180	168	160	167	238	216	225	248	176	204	199	274	376	306	334	274	250	233	220	181	152	106	85.5	72.2	93.3	109	74.7	65.4	16.4	23.8	26.8	19.6	33.6	38.7	19.5	16.8	40.7	35.1	36.5	30.4	25.3	40.6	35.7	54.7	40.2	38.2	79.8	88.8	95.6
99	84.7	65.6	90.8	94.5	117	128	162	174	168	225	253	262	300	332	331	261	255	291	272	341	395	390	304	276	304	360	398	424	511	505	503	517	478	376	358	370	290	285	300	258	300	310	365	424	396	434	502	528	543	515	537	498	545	549	517	508	489	481	488	487	435	401	417	433	373	295	222	240	211	167	131	130	148	156	223	220	226	197	204	214	203	252	328	378	321	257	203	245	287	261	239	112	104	60.8	74.8	68.2	80	69.2	8.04	16.7	13.6	11	18.3	17.6	11.3	15	20.9	28.9	29.4	39.2	28.9	26.8	29.9	28.6	50.2	44.7	54.8	93	82.8
127	120	114	119	133	148	161	129	172	207	213	240	298	291	351	326	328	324	354	386	431	601	394	319	302	311	359	441	530	578	561	494	420	366	306	343	255	228	258	248	318	327	290	354	450	411	469	475	475	499	527	531	464	528	535	499	449	513	492	418	390	404	407	369	383	355	314	224	281	220	157	142	146	159	163	174	180	168	155	177	194	193	245	268	308	295	301	270	356	301	323	271	133	88.3	54.7	56.1	73.6	97.6	49.6	13.7	15.7	7.77	10.2	14.2	17.9	14.1	18.7	31.3	23	17	25.2	21.3	19.4	14.8	17.5	32.1	45.6	49.9	83	63.8
132	129	135	136	154	176	155	127	144	170	170	161	197	251	313	303	360	391	336	351	365	351	341	371	324	358	382	450	555	608	550	453	364	393	375	332	260	215	272	296	261	311	322	302	445	426	475	476	503	511	535	511	506	534	507	507	463	385	398	344	298	349	346	269	296	294	313	251	298	208	171	174	169	148	159	151	120	149	160	138	165	187	192	251	256	271	266	313	320	246	243	176	201	88.6	76.6	51.6	55.3	68.1	58.6	12.8	11.6	7.68	7.65	22	24.3	37.3	26.8	33	28.7	15	53.8	28.7	12.2	19.4	12.7	20.8	35.3	21.6	34.5	29.9
141	142	126	109	131	159	156	129	143	179	172	152	177	246	293	290	386	379	360	362	334	324	288	285	302	396	415	344	503	735	592	419	361	334	315	292	351	285	232	231	251	325	396	455	492	496	485	456	503	510	503	484	519	531	455	414	430	386	328	313	257	356	278	201	217	289	366	349	195	160	153	159	169	160	134	141	116	152	183	156	143	151	209	273	288	305	237	303	358	254	188	155	123	63.8	88.2	67.1	50.5	69.5	55.3	17.9	23.7	16.6	8.97	10.6	20.3	25.8	18.2	29.2	19	30.9	35.9	26.8	24.7	31.5	22.1	18.8	10	15.2	12.6	12.7
134	124	147	113	111	124	136	133	141	174	181	184	203	262	292	267	318	297	304	407	332	354	276	216	316	346	332	332	414	458	319	254	231	225	263	307	375	351	280	285	276	308	436	451	496	504	494	448	518	530	465	465	506	521	518	509	463	433	457	358	277	359	325	270	205	246	274	303	186	154	136	132	125	140	138	152	110	138	150	135	184	219	210	232	222	232	181	220	242	159	170	124	100	106	71	39.7	51	76.7	57.4	22.9	15.1	41.7	26.5	11.9	13.1	15.8	11.5	16.9	17.2	12.7	20.7	26.3	16.8	33.6	50.6	25.9	19	14.7	9.81	8.7
188	225	208	200	164	170	192	176	199	213	273	326	245	308	351	292	338	286	217	345	315	343	267	268	347	321	347	329	464	359	216	244	262	287	311	324	296	262	300	348	355	292	396	427	453	484	488	403	465	465	446	500	498	505	565	516	441	406	448	387	406	449	467	314	319	245	257	263	230	186	179	104	95.4	91.1	122	142	154	130	108	123	167	214	169	185	239	207	212	238	241	152	256	189	194	131	146	57.2	56.6	70.6	51.5	40.2	36.7	35.9	27.2	35.3	27.1	27.7	30.3	43.2	42.9	11.8	40.6	55.3	9.39	46.1	42.3	18.7	25.9	12.8	0.57	2.7
196	210	210	237	189	224	187	196	223	248	271	300	323	311	328	338	347	274	270	216	256	226	222	317	327	338	374	357	365	305	240	264	229	268	368	381	308	260	331	376	296	301	381	301	357	378	419	355	457	457	471	510	529	666	835	558	455	485	504	399	317	342	387	312	306	280	269	226	202	191	186	112	97.6	59.1	80.4	183	148	158	180	184	229	237	183	178	228	204	324	286	232	260	302	229	197	200	192	147	116	60.6	62.1	55	42.7	39.7	59.7	50.4	30.9	40.6	51.1	57.8	39.4	16.4	48.8	82.5	48.1	39.4	39.7	26.5	28.4	5.01	5.31	8.73
187	227	213	250	210	214	194	181	175	245	277	260	264	321	383	399	407	308	266	188	219	239	239	301	309	304	407	370	356	420	296	306	296	366	450	424	321	297	315	280	276	457	366	297	470	297	291	315	421	480	464	462	496	553	594	576	460	351	383	350	319	375	359	321	374	397	337	216	146	129	118	89.3	103	55.8	98.5	181	144	98.3	172	173	219	246	180	217	211	218	286	295	292	286	268	276	207	192	124	134	242	153	49	47.1	50.5	62.1	66.9	45	39.6	55.6	39.5	55.6	40.1	42.4	75.4	28.2	33.2	10.6	23.1	16.2	28.9	24.9	17.9	4.62
258	261	222	213	214	168	175	156	143	196	269	269	291	369	367	352	291	279	252	189	229	269	306	286	271	270	411	406	399	461	331	297	365	371	453	331	259	265	246	256	269	299	274	279	261	252	324	337	475	481	434	399	507	490	493	352	334	283	297	300	408	333	335	304	472	379	324	230	176	141	118	138	77.7	61.6	88.2	112	99.4	80.7	145	214	277	184	188	222	196	195	186	220	266	287	294	295	233	247	215	110	193	187	96	36.9	36.3	62.6	52.6	42.1	54.7	69.5	31.3	37.4	46.3	74.5	57	17.6	32.2	22.2	5.16	4.62	14.2	38.4	26.3	9.15
312	240	233	229	241	249	200	171	168	201	241	318	355	369	389	342	312	312	327	245	279	290	357	316	328	301	337	474	406	412	336	303	437	438	476	346	279	293	291	309	274	318	292	314	303	311	412	338	357	340	357	343	499	498	461	305	256	224	280	329	457	463	333	460	448	366	255	254	222	127	229	141	80.9	62.2	62.5	64.9	72.7	122	147	194	232	266	242	211	272	324	285	280	262	245	242	267	227	176	190	130	137	119	97.4	102	96.3	79.2	79.9	74.8	85.5	78.4	71.3	55.4	93.1	85.6	61.6	46.9	63.1	47.6	31.1	28.5	29.2	75	70.9	26
286	240	202	239	255	230	248	240	238	261	304	303	283	279	371	287	316	345	346	290	296	274	246	299	284	273	296	383	312	265	268	308	401	388	488	325	251	246	243	204	190	212	265	327	259	278	362	353	405	486	367	317	312	443	341	266	220	199	217	241	266	286	308	439	369	263	201	230	207	113	232	109	75	62.3	52.2	50.7	59.8	128	140	222	245	238	258	296	333	310	342	306	274	263	253	217	261	260	252	212	212	175	149	126	101	98.6	91.7	79.8	84.1	69	71	105	84.2	88.4	58.8	49.3	38.4	78.6	55.6	25.4	30.5	72.2	108	55.7
302	255	232	278	240	213	240	237	253	247	257	264	250	249	277	276	255	228	301	271	274	257	242	254	286	308	322	360	359	295	254	371	441	380	441	269	225	261	250	212	210	239	261	303	263	256	270	236	282	483	467	351	282	332	229	173	188	209	222	220	187	200	305	398	294	247	237	186	201	109	156	104	105	78.1	58.8	45.5	78.9	127	158	254	256	257	246	292	345	294	315	297	363	342	247	248	318	328	330	300	305	244	216	181	125	145	173	127	107	110	92.4	66.2	80.8	96.4	63.1	60.4	24.4	14.4	45.4	21.1	37.1	77.4	81.5	49.3
297	223	249	238	264	313	337	300	232	216	295	279	207	208	191	189	193	220	241	235	299	288	248	260	238	327	328	342	392	327	245	391	419	354	371	329	258	311	270	260	234	263	227	290	322	298	193	182	193	241	423	358	220	236	158	125	206	185	139	165	146	171	231	239	204	181	257	205	154	110	118	108	131	96.6	50.7	83.6	116	131	147	187	217	197	256	286	248	184	205	242	360	336	300	378	382	372	356	308	256	239	248	229	153	168	188	224	209	198	130	77.2	76.7	65.2	59.9	83.1	14.8	19.4	28.6	30.9	44.7	62.4	42.6	37.5
262	234	234	235	279	230	278	222	182	198	262	244	211	157	191	195	169	185	188	182	233	237	247	220	248	235	225	269	268	261	267	324	365	395	469	307	246	284	295	286	266	241	246	311	222	200	207	189	263	259	331	445	166	132	120	102	142	171	116	114	141	125	186	166	96.6	85.1	143	166	127	118	120	103	90.6	68.6	44.5	65.1	72.5	80.3	65.1	136	179	123	192	252	252	213	163	196	217	326	340	268	322	295	261	266	308	265	212	206	144	124	164	287	280	261	242	306	241	93.6	70.6	91.6	61.2	61.5	36.2	44.1	34.2	27.2	23.2	22.9
198	245	245	284	198	156	143	214	236	203	229	225	208	171	155	177	161	183	208	190	218	229	230	184	205	215	187	210	227	215	304	321	288	362	456	285	241	266	259	244	232	206	192	246	226	191	191	138	223	206	235	263	98.5	78	94.8	102	168	119	99.6	107	118	113	143	99	79.6	115	109	90.7	95.3	98.1	101	75.3	72.3	83	82.4	73	98.6	104	79.8	96.4	121	151	161	238	234	203	154	153	178	188	183	133	158	151	201	182	219	200	168	159	129	144	151	177	236	188	189	280	225	170	167	226	132	85.6	74.6	55.2	59.4	33.8	25.3	11.5
247	226	206	252	203	186	165	191	221	231	219	202	227	232	208	220	207	234	203	203	233	142	189	171	215	235	201	196	177	167	228	298	326	473	493	266	288	311	284	267	223	226	200	216	220	189	253	152	185	186	279	129	94.8	50.4	56.3	73.3	133	165	135	131	95.7	201	195	92.9	66.7	83.4	108	109	98.6	95.1	62.1	53.5	109	95.8	56.4	72.8	80	76.8	59.6	71.3	122	161	143	195	224	199	163	156	191	301	296	190	151	184	160	161	168	143	174	185	240	194	201	210	190	153	141	198	248	310	230	240	299	172	107	72.2	75.3	38.3	24.3	21.4
177	167	167	189	223	178	158	145	176	264	290	275	298	262	165	165	194	223	197	178	200	135	166	202	242	240	181	169	159	157	173	235	297	457	402	258	303	308	306	285	230	222	197	197	215	174	158	146	115	208	223	107	91.3	107	168	103	111	126	102	112	148	211	219	108	115	99.1	67.4	86.4	107	63.3	51.1	32.9	47.8	57.2	40.4	36.6	31.3	55.4	57.9	51.2	104	171	151	190	253	198	173	179	203	230	240	257	179	194	201	201	142	108	92.2	200	249	244	201	180	145	120	134	170	263	285	262	303	316	297	136	139	100	77	42.5	48.2
158	153	152	183	234	255	192	150	170	248	269	205	221	196	140	138	206	246	182	133	180	179	191	163	206	203	173	179	159	154	162	185	197	226	196	211	210	239	203	201	216	223	219	180	185	186	174	163	134	141	143	145	118	108	140	87.7	94.3	82.9	85.4	90.7	127	123	167	137	118	98.8	106	122	93	105	93.7	96	86.9	93.2	99.8	63.6	32.7	25.7	93.1	56	84.3	115	151	171	191	133	173	179	188	142	150	90.6	88.7	114	139	102	97.4	119	115	111	155	243	186	217	110	79.3	99.3	273	298	224	151	255	270	266	242	198	93.3	74.1	38.1	78.3
168	200	202	167	164	241	226	167	171	250	281	174	158	154	118	169	183	174	148	135	155	171	190	167	159	138	118	176	178	170	209	172	146	154	196	200	222	216	187	185	176	185	170	187	197	179	135	142	163	137	161	131	103	121	115	98	99.1	86	107	117	77.3	93.9	117	112	113	98.7	107	88.2	106	120	95.1	122	203	142	91.7	66.7	58.9	34.1	44.7	80.6	85.4	83.7	89.8	129	150	105	96.2	90.8	95.5	93.3	91.3	64.1	115	85.7	75.5	61	83.4	192	91.9	133	165	150	127	111	79.7	62.1	53	185	123	148	124	141	260	204	243	180	114	116	97.3	112
177	200	192	160	178	274	252	205	181	227	257	193	172	155	160	143	128	121	159	129	144	177	157	157	151	155	125	131	130	163	198	140	130	148	174	181	194	211	189	186	200	183	197	205	174	155	148	192	191	135	114	96	87.3	103	133	88.1	101	98.1	125	135	78.2	67.4	81.1	85.6	93.6	96.4	103	123	95.3	96.6	94.6	151	227	214	123	80.9	75.3	46.3	106	80.1	48.7	32.5	91.6	122	150	118	111	71.2	106	79.1	84.7	46.7	43	81.3	107	86.2	89.2	76.8	72.4	90.6	105	91.2	75.1	106	82.3	82.4	38.7	78.5	62.4	84	90.1	77.8	124	68.4	149	96.2	83.4	78.9	48.3	79.2
149	168	182	183	147	197	230	212	137	125	144	150	141	149	174	162	145	129	114	121	152	225	165	141	135	168	155	118	115	143	161	137	112	110	115	127	147	161	146	147	165	163	143	144	134	147	161	153	179	175	131	93.5	78.8	87.4	128	135	116	77.5	59.7	59.2	72.3	50.2	85.7	97.5	146	166	131	147	112	89.5	87.1	101	124	148	170	148	51.7	34.5	64.8	86.1	41.8	41.9	92.3	137	105	90.2	84.5	63	84.5	83.1	65.8	31	24.3	29.6	37	21.4	27.7	42.3	52.6	67	52.2	49.3	75.6	95.1	79.5	51.5	41	47.4	64.3	51.7	45.1	35.4	98.8	84.8	113	73.9	104	58.8	84.5	130
145	138	120	148	140	144	156	148	151	138	152	124	133	154	150	137	135	139	125	176	170	169	177	134	115	164	141	113	137	166	152	145	105	97.6	87.8	69.3	87.8	135	108	113	111	111	104	126	126	122	134	156	172	151	125	127	109	131	105	117	85.7	98	68.3	76.4	59.1	69.3	117	99.9	124	140	127	104	104	105	79.8	68.3	77.4	63.4	140	169	112	75.8	72	94.5	85.4	67.7	101	115	68.3	55.1	43.2	38.8	46.9	47.9	52.2	33.8	36.1	26.8	27.7	39	38	21.1	41.3	117	63.7	69.5	50.7	53.1	48.3	35.2	34.5	27.7	40.3	58.3	34.7	35.6	58.2	66.4	45.5	13	14.3	21.3	24.5	7.71
129	125	136	163	145	146	119	112	114	106	128	134	150	133	131	137	121	117	117	197	165	145	147	131	117	119	118	102	114	130	124	157	135	91.4	77	80.6	83.5	84.3	82.1	103	126	126	97.3	100	100	114	167	165	125	121	103	85.3	82	113	137	147	111	58.6	63.6	66.2	63.3	50.6	83.8	72.9	81.6	81.7	109	119	94.2	81.3	84.6	87.9	97	53.1	87.4	144	140	164	70.2	70.2	56.4	57.5	38.9	77.6	49.2	32.6	44.6	31.3	31.7	33	82.4	23.3	19.7	15.2	28.8	32.2	22.5	15.3	17	20.4	41.7	41.5	15.3	42.2	39.5	32.8	29.4	28.1	37	49.5	23	40.1	74.5	38.1	24.3	27.5	19.8	6.46	10.1	38.5
92.5	102	122	169	160	134	127	135	106	69.3	66.7	104	118	147	133	125	114	108	137	177	172	208	221	201	149	149	131	101	97.3	123	111	98.5	98.5	87.5	78.7	77.5	79.8	78.2	76.7	106	119	119	109	82.1	92.6	118	191	177	129	120	88.7	77.4	62.2	82.6	128	132	92.1	71.7	84.5	82.1	83.5	106	85.8	73.3	67	82.4	78.7	85.4	96.9	74	57.5	56.6	57.2	78	62.3	71.3	57.7	73.4	83.4	33.7	26	53.1	49.5	25.1	25.9	25.2	28.3	29.2	25.7	24.9	25.8	20.3	18.1	18.3	21.7	22.4	29.7	18.3	13.2	7.36	16.2	12.9	9.2	19.3	28	23.8	30.4	40.5	50.8	70.2	54.8	45.8	19.7	49.7	68.6	31.1	5.16	4.76	4.82	34.1
88.7	82.7	99.8	176	150	111	88.6	83.2	86.1	74.8	57.3	96.7	103	83.7	91.5	82.7	91.8	127	162	142	147	153	166	155	152	143	154	105	94.1	98.1	92.5	88.8	87.8	92.2	101	64.2	66.8	68.3	75.9	99.6	86.7	84.5	90.3	100	94.3	97	115	137	116	97	95.6	106	120	102	102	153	129	88.6	99.3	102	87.7	118	124	88	88.7	88.3	74.4	74.9	84.4	96.5	55.8	59.3	72.5	87.6	92	92.9	131	175	61	70.6	33.4	96.5	65.2	26	26.8	23.8	54.1	114	27.8	34.4	24.9	13.8	12.9	12	10.9	13.7	13	12.2	11.1	6.11	7.7	11.8	7.73	21.5	30.6	24.5	68.1	51.4	40.1	50.2	37.6	51.2	36.6	47.9	27.5	19.4	12.5	11.1	15.8	44.9
109	95.3	117	168	151	117	92.6	65.6	74.1	95.8	79.6	112	106	80.3	98.8	99.9	106	113	133	150	198	140	111	109	110	123	122	101	90.5	103	107	87.5	95.9	82.7	76.5	97.3	88.4	84.2	95	106	137	104	103	96.9	95.4	113	105	116	111	108	92.2	143	144	152	176	236	208	169	165	183	182	166	207	134	109	103	90.3	89	85.3	70.7	38.1	42.9	63.3	61.4	62.1	78.3	81.4	56.9	47.7	60.3	38.8	58.5	50.1	33.7	23.5	19.4	34.7	86.1	71.7	90	49	23.5	12.6	10.9	17.8	19.2	43.3	23.1	23.5	8.62	14.2	15.5	10.6	10.4	17.3	18.8	22.2	8.12	16	5.42	33.6	27.7	22.3	14.5	8.53	5.74	2.77	2.56	2.55	4.18
154	118	168	164	132	108	99.7	92	99.8	106	112	115	109	132	107	113	118	146	125	135	201	194	112	91	88.8	136	167	126	137	143	124	125	119	141	163	117	81.5	75.8	67.3	122	149	118	122	90.5	119	115	93	138	171	99.3	132	130	122	114	133	179	159	146	165	198	160	145	153	152	96.8	68.7	62.7	47.2	43.1	62.9	81.1	60.6	66.6	88.3	79.9	78.6	28	29.7	47.4	96.4	154	194	64.2	35.6	20	25.8	38.7	90	49.8	68.7	33.7	21.1	10.9	9.88	24	32.4	16.2	16.2	9.77	6.2	10.3	8.07	5.47	9.11	1.36	18.8	9.03	1.27	1.81	8.69	40.6	27.6	14.3	8.17	1.56	1.85	1.74	1.59	1.53	0.928
108	114	150	163	146	153	129	101	132	93.9	91.3	111	122	158	154	135	157	126	128	120	180	188	161	147	86.5	82.8	121	134	146	131	127	86	115	120	164	119	75.6	64.7	119	164	141	115	93.2	107	125	105	89.3	139	104	76.3	94.3	92.1	116	103	75.6	100	167	238	266	158	75.1	101	132	95.3	115	78.5	54.2	52.9	44.7	49.3	65.9	37.3	72.4	74.1	68.8	81.9	59.5	92.1	65.1	76	154	59.6	29.4	21.9	15.3	23.3	19	71	54.4	41.7	46.2	29.3	9.49	19.8	21	33.8	14.8	13.7	14.3	14.6	22.1	4.57	3.04	0.964	0.53	6.04	0.459	0.377	0.321	24.3	18.2	6.98	5.28	0.918	2.73	2.84	1.21	1.15	0.956	0.557
145	174	186	173	170	164	156	95.2	125	129	83.2	87.3	112	145	165	131	100	101	140	149	194	160	140	116	124	86.8	103	98.9	123	151	111	73.9	77.7	106	108	97.5	95.5	68	85.5	120	139	132	87	110	122	96.8	110	148	107	78.1	78.8	82.9	70.9	81.5	113	141	194	198	183	166	113	110	191	86.4	121	99.8	101	102	93.2	66.8	66.4	47.4	104	92.2	95.4	149	145	107	60.8	45.1	115	27.8	15.1	18.1	15.1	8.74	17.5	51.6	58.3	46.1	121	50.1	12	11.7	10.8	27.7	31.7	31.1	14.1	6.62	4.3	4.59	2.31	0.761	0.4	0.327	0.299	0.311	0.28	0.268	0.274	0.834	0.875	3.08	5.63	5.36	6.89	8.84	7.21	2.74
140	170	167	135	125	118	134	189	198	172	146	125	111	111	151	104	132	147	139	137	150	126	157	118	91.2	91.7	99.8	117	132	142	107	96.4	63.6	96.3	82.3	72.3	91.1	74.4	83	152	166	145	141	122	147	160	185	123	96.9	102	74.5	66.1	72	86.4	121	148	179	142	127	93.3	87	61	55.7	47.4	73.3	108	152	136	95.2	96	96.4	66.9	55.8	78.8	75	111	71.2	57.2	33.2	39.5	25.3	22.6	9.2	11.9	14.1	9.67	10.9	12.3	10.8	11.8	22.5	57.9	23.3	45.1	39.1	54.5	90.9	36.3	8.71	11.5	5.62	5.39	3.61	0.403	0.31	0.298	0.254	0.69	0.673	0.677	3.22	1.09	3.46	7.27	2.91	0.993	4.16	2.15	0.866	1.01
158	163	176	127	120	126	154	268	192	160	141	114	160	139	145	126	116	149	112	77.7	87	124	182	147	97	75.3	98.3	89.9	124	103	92.4	94.3	77.5	48.6	63.8	57.4	86.2	65.1	72.7	112	109	108	114	86.7	110	168	153	120	90.3	97.1	69.8	62.8	75.1	78.3	111	86.5	184	143	82.4	48.6	57.1	46.2	53.6	60.6	47.7	122	173	150	86.7	95.8	97.1	74.9	69.7	46.5	47.9	66.1	88.3	66.4	61.2	133	53.9	17.4	12.1	10.7	8.38	10.7	9.44	12.8	11.1	6.67	15.6	17.6	4.36	16.1	30.9	18.6	14.8	4.44	1.02	0.731	0.619	0.523	0.443	0.197	0.151	0.138	0.16	0.503	0.559	0.6	4.45	0.988	3.9	3.18	0.991	0.896	0.857	0.821	0.794	0.945
167	152	156	125	132	136	150	195	165	150	162	136	122	149	171	161	112	147	126	101	102	88.1	139	95.1	100	85.3	90.9	95.2	96	79.6	79	82.6	62.1	40.9	48.8	60.1	85	61.5	40.7	45.4	74	145	121	93	118	112	107	119	114	93.1	85.3	69.3	78.7	69.6	101	101	158	133	61	30.5	44.4	48.7	56.6	75.2	52.6	75.8	108	102	69.3	44.8	60	56.9	73.6	61.8	50.4	61.1	52.8	109	96.8	161	34.1	49.2	15.8	15.9	44	11	8.46	5.58	8.92	19.8	15.7	2.06	1.59	11.2	15	11.2	0.828	0.598	0.502	0.339	0.264	0.209	0.178	0.0798	0.0624	0.0702	0.103	0.377	0.465	0.526	0.561	0.905	0.961	0.965	1.4	0.901	0.83	0.745	0.717	0.849
85.9	143	126	103	144	135	126	156	142	132	180	165	113	128	155	132	123	156	173	118	97	78.5	86.3	48.5	60.9	57.4	81.3	58.3	70.2	72.4	64.1	51.8	49	39.1	36.1	39.8	46.2	52.8	39.9	44.1	90.5	134	125	92.5	115	68.6	73.8	78	87.6	86.3	66.3	54.3	58.9	69.8	98	148	143	181	99.2	52.7	80.8	32.8	44.9	68.8	72.6	66.4	58.9	43.9	28	30.8	54.5	61.7	36.8	59.2	46.4	60.9	47.9	46.4	51	57	65.5	40.1	15.7	19.4	16.1	26.5	14.7	7.72	7.27	28.8	10.1	7.71	7.54	3.95	3.22	1.14	1.15	1.19	1.15	1.05	0.6	1.67	0.478	0.184	0.297	0.055	0.0844	0.318	0.396	0.461	0.508	0.837	0.913	0.924	5.71	1.03	0.759	0.681	0.659	0.719
58.2	78.3	94.5	98.6	117	141	124	175	115	109	108	94	107	107	102	70	73.1	84.3	89.7	75.6	65.8	63.4	28.1	34	54.4	49.6	92.9	106	78.1	102	109	76.3	76.4	51.7	58.1	69.6	46	60.8	68.7	37.4	66.5	99.3	75.6	72.6	87.7	65.6	76	94.6	97.9	82.5	95.2	82	75	78.5	139	173	150	110	93.4	63.6	98.9	56.9	45.9	34.2	56.5	77.9	112	57.6	43.7	40.4	40.4	41.3	50.9	33.5	20.5	45.7	24.7	49.9	35.5	54.8	126	59.5	36.1	15.9	38.9	16.8	9.03	5.08	15.6	15.4	1.05	4.61	17.5	0.343	0.277	5.36	0.43	0.664	0.803	1.04	0.445	0.357	0.468	0.42	0.442	0.531	0.193	0.336	0.43	0.517	0.594	1.76	5.8	10.9	1.91	2	0.397	0.401	0.321	0.817
68.3	93.9	117	122	109	121	129	131	84.6	145	120	99.8	96.2	84.3	88	83.9	69.4	51.3	57.7	66	43.3	22.5	22.7	30.6	31.9	36.8	77.8	90.3	84.8	81.1	88.7	65.2	76.4	72.4	62.3	81	49.9	52.3	64.8	58.8	59.9	59.9	44.4	72.6	95.5	67.4	59	98.9	100	150	111	152	88.2	74.5	90.3	95	99.1	73.4	84.8	48	57.2	74.9	45.2	27.2	45.4	68	82.7	51.9	42.3	35.8	25.4	28.1	25.2	18.4	25	20.5	25.1	37.8	46.6	99.6	66.2	44.2	56.6	29.5	20.4	17.3	12.1	17.8	30.7	16.9	6.15	1.72	5.81	0.166	4.21	0.089	0.0593	1.56	36.1	29.6	6.9	20.1	9.79	6.96	4.89	0.604	0.0511	0.258	0.34	0.428	0.522	3.41	14.9	37.4	7.93	2.77	0.366	0.325	0.272	0.228
77.7	87.6	84	84.2	100	140	120	185	160	168	152	115	120	84.2	68	70.7	70	87	52	33.4	25.6	23.6	39.3	32	37.5	31.2	63.7	83.9	61.1	51.3	62.8	49.3	52.4	67	58.3	43.6	38.1	23.2	43.6	29.4	22.9	24.3	28.3	60.9	79.1	83.1	66.4	90	71.8	85.6	111	128	99.1	88.7	83.9	58.3	50.4	53.3	38.8	27.5	36.3	76.4	93.5	40.1	43.9	41.9	31.5	34.6	32.7	13.4	14	15	17.5	24.4	40	37.1	37.4	34.8	15.5	53.2	44.6	20.6	14.2	72.9	53.1	46.5	14.8	33.4	24.2	20	22.9	6.07	26.3	6.18	3.54	0.0338	0.0212	1.85	23.7	25.6	8.24	4.66	13.6	7.99	0.00526	0.0163	0.0368	0.195	0.264	4.53	3.61	0.425	1.9	3.97	0.481	0.355	0.325	0.281	0.226	0.7
111	78.1	74.9	72.7	106	124	131	233	190	179	197	111	93.9	74.4	69.7	70.2	66	83.7	42.4	31.8	29.7	34.5	20.6	23.5	30.5	38.5	55.8	57.9	44.6	45.3	38.1	28.5	31.4	44.9	49.6	31.6	15.7	29.9	17.6	30.2	20.8	17.9	19.9	37.3	39.5	56.4	44.6	72.7	66.7	84.9	86.4	88.6	124	87.6	75.3	60.6	51.8	39.8	29	20.4	29.5	48.9	92.5	28.4	22.1	21.6	12.4	13.4	27.2	32.2	12	14.1	12.5	16	35.6	37.6	36.3	36.3	18	28	14.5	7.9	22.1	74.1	43.3	19.1	35	25.3	23.5	17.7	31.1	11.3	39.4	19.1	2.18	4.52	4.41	0.00927	0.00664	8.17	16.8	9.14	21.7	0.00269	0.00378	0.0122	13.8	29.2	0.203	1.19	0.365	0.358	0.427	0.443	0.406	0.298	0.269	0.231	0.277	0.14
85.2	80.1	81.9	95.9	113	113	115	134	146	139	125	83	68.5	64.9	51.8	29	28.5	28.3	20.6	18.2	27.1	29.6	24.2	33.9	28.5	31.1	44.7	64.3	52.5	58	34.4	30.8	27.3	31.2	40.8	34.7	15.9	10.1	10.8	4.68	13.8	9.91	23	59.1	93.6	82.4	63	113	91.5	99.7	91	107	97.2	144	118	44.2	36.6	26.8	26.4	16	12.4	15	16.6	18.9	13.3	9.35	8.29	9.65	11.9	13.2	13.1	23.7	17.7	41.2	25.1	42.3	42.6	33.3	24.3	7.84	4.38	3.45	42	3.8	2.8	13.8	45.1	16.3	6.28	3.29	15	9.55	0	5.7	0	0	0	1	1.55	11	11.3	3.07	1.22	1.03	0.000117	2.24	1.88	1.72	0.0854	0.121	0.171	0.279	0.34	0.354	0.322	0.2	0.178	0.15	0.116	0.00148
90.3	82.4	93.2	96.8	97.8	98.4	84.4	129	131	109	84.4	75	73.6	51.2	46.6	25.2	20.6	18.3	24.8	23.7	27.8	20.6	13.7	19.8	25.5	27.6	36.8	62	61.3	75.9	32.8	27	25.5	22.5	31.7	24.3	20.5	12.6	12.5	9.87	9.1	11.4	34.4	38.4	82.7	52.8	82.4	109	171	119	162	109	106	82.2	93.5	59.2	69.3	32.2	22.9	14.4	35.2	14.9	14	11.4	12.2	15.1	5.86	5.43	7.88	7.54	11.4	12.1	13.6	9.16	15.2	34.6	29.9	31.4	52.9	9.28	2.81	2.83	41.5	2.45	33.7	5.65	3.49	2.09	0.0153	0.993	7.62	6.4	0	0	0	0	0	0	6.54	19.5	11.4	0.83	0	2.89e-05	4.06e-05	14.6	4.29	0.0354	0.0487	0.0925	0.122	0.211	0.266	0.279	0.248	0.151	0.13	0.106	0.0787	0.000922
79.1	83.1	90.9	101	113	85.4	69.5	78.4	90.1	76.9	95.8	72.7	59.4	43.7	52.8	24.6	24.1	18.6	24.9	21.7	40.6	22	20.2	19.2	13.1	8.24	13.4	32.6	41	35.9	40	26.9	16.6	22.1	37.4	42.4	20.2	13.7	8.95	10.5	10.6	10.3	14.1	14.3	8.14	17.2	40.3	82.7	112	156	94.3	77.5	150	86.4	101	67.6	61	56.8	38.4	17.9	38.5	34.8	38.2	20.4	10.8	5.54	3.52	8.4	5.53	11.2	11.8	15.4	4	3.28	24.7	15.7	7.07	7.66	12.3	74.6	5.15	2.22	0.319	5.57	38.2	1.99	1.69	1.97	2.33	1.92	4.03	4.82	0	0	0	0	0	1.09	0.301	8.82	0.988	0	0	0.484	0.769	0.0838	0.742	0.336	0.0265	0.0488	0.0856	0.156	0.203	0.23	0.188	0.112	0.0947	0.0756	0.0553	0.000627
63.5	70.7	79.8	102	96.9	79.3	70.5	67.9	60.7	60.8	64.9	60.8	64.8	38.5	39	31.4	35.1	23	23.7	17.5	14.5	20.5	27.1	28.6	9	9.91	10.8	36	35.5	43.1	42.8	33.2	47.8	18.2	21.7	24	18.9	21.2	7.86	10.5	5.79	9.01	9.97	5.79	5.35	7.1	33.3	33.8	38.5	53.4	47.3	43.9	57	29	62	62.4	75.6	47.9	48	17.7	12	10.9	60.9	59.1	11.1	3.3	3.83	5.7	4.66	5.57	6.88	4.4	1.03	2.53	48	37.9	15.7	5.12	28.5	53.3	5.92	4.27	24.4	10.6	1.99	3.53	3.43	9.93	6.39	2.35	3.73	5.04	1.79	1.62	0	0	0.488	2.81	0	0.0147	0	0	0	1.02e-06	0.262	6.97e-05	0.000205	0.0136	0.0189	0.0354	0.0734	0.115	0.15	0.158	0.14	0.085	0.0723	0.0594	0.046	0.541
54.2	64.7	64.8	75.2	71.3	63	60.6	65.7	39.9	39	45.9	43.7	38.5	28.7	32.8	18.5	37.9	17.1	14.4	13.4	18.2	17.4	21.4	15.5	9.71	7.67	13.6	30.6	44.3	30.4	36.1	31.5	30.2	26.6	10.4	16.6	16.5	17.5	17.1	5.45	6.09	5.7	6.37	2.97	3.47	5.87	5.06	7.83	12.1	8.61	12.1	16.1	17.2	16.6	24.7	19.7	20.8	15.1	17	45.2	36.2	17.8	10.2	27	8.82	4.14	9.13	9.01	4.97	3.5	3.49	0.358	0.347	3.02	57.2	8.81	3.05	9.68	8.3	17.6	2.11	9.71	6.51	3.74	0.609	6.82	25	5.94	4.03	1.13	0	1.93	1.15	1.59	0.229	0.342	0	0	0	0	0	0	0	0.00938	0	0	0	0	0	0	0	0.0355	0.0465	0.0494	0.0444	0.035	0.059	0.0263	0.0225	0.243
57.4	69.7	68.1	71.6	70	74.7	58.7	98.4	61.6	35.5	39.4	42.2	30.2	26.5	23.5	11.4	15.8	38.5	24.3	24.9	25.2	21.4	26.2	23.6	27.3	16.9	21.2	73	66.6	58.6	37.8	24.2	9.99	10.8	13.4	13	22.5	16.3	9.52	2.23	2.01	2.27	3	2.15	2.53	4.75	13.6	9.15	5.5	8.67	7.26	7.46	14.4	15.6	24.4	9.82	6.63	11.3	10.7	19	17.4	6.86	3.02	4.54	5.02	7.66	11.6	10.8	6.12	5.6	4.78	4.63	3.06	2.97	0.205	0.356	0.369	1.51	0.266	0.154	4.45	21.3	24.7	12.9	4.91	28.1	4.54	0.847	0	9.65	0	0	0	1.13	0.717	0.935	0.38	0.117	0	0	0	0	0	0	0	0	0	0	0	0	0	0.0158	0.0211	0.0229	0.0215	0.0179	0.0166	0.0162	0.144	0.427
58.4	69.7	71.3	85.7	84.7	60.8	55.9	88.3	117	63.5	56	30.8	35.5	28.3	22.7	12.9	32.9	46.1	29.8	22.6	19.5	17.1	20.3	33.2	41.7	23	17.7	62.7	74.8	59.9	24	17.2	11.2	30.7	29	5.44	10	10	8.98	12.9	5.17	1.63	10.1	9.31	3.28	10.4	19	13.8	5.71	6.58	6.23	5.6	7.71	6.5	9	9.34	5.69	5.16	7.64	4.54	5.09	5.23	1.55	1.51	3.96	8.52	3.84	6.34	8.52	7.88	6.25	4.87	4.91	3.09	2.91	0.238	0.215	0.193	0.17	0.0756	11.4	27.2	19	11.9	4.74	3.38	1.14	0	0	0	0	0	0	0	0	0	0	0	2.96	2.21	0.0858	0	0	0	0	0	0	0	0.00734	0	0	0.00513	0.0072	0.00874	0.00974	0.00956	0.0104	0.0872	0.368	0.672
38.5	47.1	62.6	76.5	82	60.7	68.3	78.2	97.8	92.4	38.1	31.2	30.7	27.4	32.7	17.7	21	29.7	33.4	21.2	21.7	12.1	13.9	19.4	21.4	16.5	16.1	37.7	59.5	62.1	22.3	18.2	17	19.3	23.6	6.3	10.1	9.93	2.65	5.94	6.26	6.76	12.4	9.05	1.48	1.91	2.53	4.27	3.54	4.23	7.72	7.13	9.04	8.01	5.01	4.71	4.52	9.98	9.88	4.35	1.23	0.887	0.753	2.11	2.55	3.76	0.188	4.28	8.42	3.15	2.95	13.3	13.9	6.17	2.92	1.08	1.45	9.72	1.93	0.0682	1.35	7.06	8.35	18.2	18.4	15.9	5.14	0.624	0	0	0.456	0	0	0	0	0	0.0412	0.73	5.15	1.18	0	0.149	0.00439	0	0	0	0	0	0	0	0	0.00367	0.00513	0.00695	0.00917	0.0101	0.012	0.22	0.529	0.878
39	38.1	42.1	42.4	44.1	32.7	54.8	42.9	29.8	22.9	39.4	36	37.9	71.4	67.9	44.4	33	27.6	42.1	41.8	26.1	18.4	16.8	23.1	22	16.1	15	25.1	48.8	52.1	22.9	13.1	9.48	9.43	8.88	7.4	7.91	3.62	3.21	15.4	67.1	4.6	1.66	2.07	4.64	1.87	3.97	1.41	1.88	2.05	2.4	2.7	3.07	6.4	7.61	3.3	3.13	2.83	2.54	4.59	5.52	2.44	2.5	2.92	3	6.38	2.18	2.94	3.55	5.63	3.18	13.4	17.9	2.19	8.35	9.13	1.65	1.04	0.859	2.34	1.07	1.35	3.01	6.5	11.8	10.8	4.28	0.362	0	0	0	0	0	0	0	0	0	0	0.738	0	0	0	0	0	0	0	0	0	0	0	0	0	0	0	0	0.0238	3.96	0.435	0.731	1.13
24.5	29.7	35.9	47.7	46.4	25.1	50.6	62.8	23.3	34.3	50	34.1	82.9	149	134	82.9	65.1	30.4	26.6	39.4	32.9	36.6	41.5	19.7	21.1	13.6	13.1	25.8	31.4	18.1	21.2	45.1	22.4	3.78	5.1	8.04	9.59	3.57	4.25	7.45	21.1	6.08	4.7	6.54	3.6	5.35	0.782	0.835	0.996	1.23	1.58	1.79	2.06	2.13	4.21	9.97	2.74	3.09	3.32	3.59	3.37	3.48	3.43	3.87	4.06	3.76	3.46	4.31	13.4	4.25	2.33	2.97	3.84	3.43	2.13	6.96	1.24	0.835	0.493	1.8	2.47	1.59	0.76	1.08	0.0168	0.493	0.0058	0	0	0	0	0	0	0	0	0.335	0.827	0.00676	0	0	0	0	0	0	0	0	0	0	0	0	0	0	0.0102	0	0.0259	0.0249	0.257	0.547	0.915	1.34
34	25	24.5	46.1	46.6	35.3	57.1	65.5	37.5	41.5	50	68.9	118	167	147	83.6	52.8	17.4	15.7	29.8	39.8	32.9	23.1	14.7	16.6	12.4	13	13.1	21.8	29.5	62.4	76.9	31.3	4.84	11.3	4.8	6.97	2.71	8.7	9.18	12.3	6.53	7.43	11.3	0.351	0.386	0.474	0.49	0.566	0.724	0.954	1.16	1.37	1.73	2.38	6.43	3.37	3.61	3.85	4.18	4.1	4.68	4.3	4.73	4.95	4.73	4.54	4.7	4.67	5.09	12.8	2.83	3.13	9.64	8.07	1.3	1.41	7.06	0.858	1.7	0.113	0.0949	0.0719	0.0281	0.0147	0.007	0.618	0	0	0.369	0.314	1.06	0.274	0	0.0751	0.262	0.505	0.174	0.0411	0	0	0	0	0	0	0	0	0	0	0	0	0	0	0	0	0.0225	0.348	0.658	1.05	1.51
39.5	25.8	28.4	27.7	64.5	53.7	59.2	67.9	61.1	105	44.1	68.1	108	150	116	59	43.7	21.7	28.2	34.5	29.8	30.7	17.6	15.8	19	14.3	14.7	20.2	18.7	25.8	26.9	27.3	13.2	11.7	10.9	5.95	6.67	3.18	11.8	30.7	14.3	9.43	3.9	7.79	0.4	3.2	2.4	0.415	0.449	0.555	0.956	1.93	2.66	3.28	9.58	7.1	4.62	8.31	5.08	5.39	5.33	5.41	5.49	5.86	6.09	5.82	5.75	5.56	5.06	4.93	12.1	7.62	2.55	1.87	1.58	0.652	1.91	7.12	0.869	1.04	0.597	0.084	0.0634	0.0246	0.0127	0.613	0.314	0.0695	0.66	2.12	0.203	0.769	0.812	0.318	0.00612	0.125	0	0	0	0	0	0	0	0	0	0	0	0	0	0.00415	0	0	0	0	0	0.0705	0.392	0.821	1.19	1.69
27.6	18	21.6	36	42.7	47.2	46.5	45.6	39.5	36.8	30.3	29.4	62.5	87.7	68.7	59.4	54.6	46.8	28.7	30.9	24.8	22.7	23.5	23.6	21.9	15.9	26.1	18.1	15.4	15.7	18.1	17.3	14.2	11.8	10.2	12.8	8.95	14.3	39.8	23.2	16	15.4	11.1	13.9	2.55	5.1	0.662	3.27	22.7	7.1	1.8	2.46	3.96	11	4.16	4.9	28.5	10.1	5.65	6.36	6.31	10	8.22	6.65	6.71	6.45	6.19	5.83	5.35	4.72	3.66	6.98	5.48	1.62	1.51	1.08	2.35	4.35	4.06	2.34	0.672	0.409	0.274	0.025	0.0126	0.322	0.174	1.32	4.06	2.09	1.53	1.07	1.13	0.883	0	0	0	0	0	0	0	0	0	0	0	0	0	0	0	0	0	0	0	0	0	0.193	0.947	0.898	1.31	1.46
34.2	25.3	24.5	39.9	50	61.4	58	34.7	41.3	45.5	26.7	19.8	34.4	50.3	76.2	74.9	56.3	33.7	27.9	29.1	32.2	19.7	21.7	18.8	22.4	24.3	24	16.1	17.2	17.1	21.9	36.7	30.5	20	15.1	22.9	17.1	27.9	42.2	22.7	4.89	17	14.9	6.22	2.54	8.14	6.98	0.198	0.966	5.43	1.98	2.83	3.44	3.85	4.5	5.06	5.33	8.92	5.86	6.4	6.41	6.38	6.6	6.87	6.92	6.63	6.26	5.75	5.23	4.66	3.65	2.67	3.71	4.12	2.78	1.45	1.51	2.1	2.83	5.1	2.53	2.55	1.71	0.427	0.0103	0.239	2.17	3.23	4.73	2.44	2.2	0.482	0.427	0.192	0	0	0.0987	0.361	0	0	0	0	0	0	0	0	0	0	0	0	0	0	0	0	0	0.24	1.1	0.972	1.42	1.55
34	31	35.7	44	46.6	45.2	57.6	51.4	90.2	65	48.3	47.8	44.6	50.7	77	52.3	27	25.5	28.2	35.2	23.9	23.2	27.3	23.2	16.4	16.3	18.6	20.6	20.1	29.9	43	123	91.7	43.9	21.3	11.6	41.4	41.8	30.5	23.2	5.28	28.1	13	1.09	4.55	3.79	0.648	0.189	2.24	0.585	1.33	2.3	2.93	3.35	4.01	4.51	4.8	7.06	5.39	5.91	6.04	6.14	6.43	6.78	6.85	6.59	6.22	5.48	4.99	4.52	3.6	2.58	1.74	3.07	1.72	2.13	2.48	2.56	2.91	4.93	3.07	6.37	3.8	0.52	0.00804	1.84	3.93	2.41	2.41	2.86	1.22	1.02	0.553	0.312	0	0	0.37	0.247	0.169	0	0	0	0	0	0	0	0	0	0	0	0	0	0	0	0	0.322	0.655	1.05	1.57	1.64
28.7	30.3	48.9	41.6	33.9	35.8	43.2	37.4	64.1	64.1	59.3	95.1	85.3	106	69.2	35.8	21.3	21.1	17.2	23.6	19.5	21.9	28.3	18.9	16.8	15.1	17.9	21.1	25.5	38.8	65	113	61.3	51.2	18.5	11.4	14.5	12.2	4.76	25.3	25.6	11.9	13.1	11.1	7.76	12.7	0.803	6.97	1.45	0.442	12.1	7.06	2.87	3.47	4.25	4.68	4.96	5.29	16.9	5.91	6.05	6.23	6.51	6.89	6.95	6.67	6.27	5.35	4.81	4.3	3.48	2.49	1.8	1.69	0.717	0.882	0.614	1.19	1.99	1.45	4.21	3.56	3.59	1.29	0.613	4.17	2.25	4.37	5.1	3.7	0.328	0.622	0.173	0	0	0	0.371	0.397	0.339	0.182	0	0	0	0	0	0	0	0	0	0	0	0	0	0.0252	0.0399	0.364	0.705	1.11	1.6	1.71
38.2	34.2	48.6	31.5	20.4	23.8	30.5	29	43.8	87.3	68.6	78.6	27.3	20.8	18.2	30.9	28.1	15	14.6	19.5	19.9	15.5	15.7	20.4	15.9	10.8	10.2	29.1	36.9	50.8	47.9	32.3	22.9	25	18.2	6.73	6.13	4.87	4.61	42.2	7.75	11.5	25.9	23.6	15.6	12.8	3.37	11	4.6	2.93	9.69	1.82	2.82	5.33	4.47	4.68	4.91	5.17	13.5	5.57	5.68	5.87	6.15	6.33	7.82	5.98	5.58	4.41	3.94	3.47	2.87	2.16	1.54	1.03	0.966	0.135	0.0951	1.4	2.95	1.26	1.41	5.51	4.53	4.45	5.26	10.1	4.03	7.08	8.86	2.7	0.0103	0.715	0.543	0.318	0	0.376	0.085	0.21	0.394	0.0574	0	0	0	0	0	0	0	0	0	0	0	0	0	0	0.0561	0.306	0.576	0.899	1.29	1.72
64.1	55.4	48.3	17.8	11.7	21.3	16.5	15.9	64.1	54.6	94.5	37.7	23.9	7.3	17.3	24.8	31.1	16.6	13.6	13.7	16.1	21.9	19.6	21.3	14	13.5	14.8	27.1	28.1	43.9	38.1	30.1	19.4	18.4	16.3	7.78	5.46	4.75	4.61	16.7	2.62	12.2	17.5	11.1	6.77	3.97	4.71	2.76	0.297	3.19	3.24	0.966	2	2.96	3.84	4.1	4.36	4.61	4.84	5.08	5.26	5.54	7.04	6.04	10.1	5.67	5.32	4	3.53	3.09	2.62	1.99	1.48	1.09	1.63	0.111	0.0815	1.99	2.19	2.59	4.66	4.26	3.69	7.07	9.63	9.53	4.69	5.95	8.76	8.46	2.12	2.1	1.52	0.704	0.866	0.841	0.0205	0.171	0.344	0.0546	0	0.0437	0.362	0.0137	0	0	0	0	0	0	0	0	0	0	0.0391	0.29	0.571	1.85	1.31	1.74
42	74.1	46.6	22.5	9.44	7.18	3.3	14.5	30.2	24	62	38.4	13.2	11.6	14.2	14.7	11.8	11.5	11.5	19.4	31.3	36.3	35.1	34.2	26.8	26.1	29.4	22.9	22.6	27.1	32.2	27.1	17.5	16.2	13.7	7.79	4.99	4.38	7.39	23.2	3.91	3.86	3.82	6.85	5	17.2	9.28	1.61	0.321	0.186	0.138	0.232	0.202	1.19	2.09	2.46	2.72	3.06	3.33	3.61	3.88	4.31	4.8	7.98	8.63	6.2	4.78	3.66	3.34	2.96	2.59	2.05	1.65	1.34	0.978	0.528	0.0971	0.0694	3.37	8.81	4.29	4.16	3.01	8.04	16.2	15.2	18.7	14.2	14.7	8.3	4.06	2.66	3.05	0	0.739	0.358	0.319	0	0.124	0.498	0.441	0.22	0.316	0.0457	0	0	0.00457	0.0988	0	0	0	0	0	0	0.0242	0.281	0.611	0.93	1.35	1.8
22.4	40.8	37.7	19	17.2	5.63	3.26	14.5	15.3	22.8	52.3	35.6	19.2	7.98	5.42	9.82	7.89	10.4	9.01	15.2	37.4	51.6	46.3	38.3	24.9	25.9	30.6	27.7	20	22.8	19.9	17.2	17.4	16.3	9.36	5.12	4.16	3.73	3.87	10	3.75	2.37	2.33	2.45	6.09	10.5	10.2	7.42	9.6	0.239	0.151	0.0492	0.0212	0.00648	0.00572	0.377	0.651	0.921	1.29	1.62	1.9	2.33	2.98	3.47	3.75	3.77	3.64	3.08	2.89	2.62	2.36	1.98	1.75	1.54	1.16	0.647	0.141	0.0955	2.24	5.74	10	6.63	2.78	10.6	13.2	17.3	19.5	14.8	17.1	11.3	6.74	4.39	3.81	0.518	0.549	0.0801	0.142	0.374	0.847	0.534	0.00546	0.0959	0.0905	0.00913	0	0	0	0	0	0	0	0	0	0	0.0104	0.271	0.574	0.937	1.37	1.84
1.97	2.72	22.3	33.7	19.7	13.2	6.09	14	34.1	46.4	23.5	34.7	10.7	10.2	8.88	8.64	5.32	9.32	3.46	12.7	28.1	46.8	42.9	39.8	28.6	22.5	19.5	13.7	11.1	8.94	8.87	6.85	18.4	12.4	6.47	5.46	3.48	3.24	4.09	27.6	14.6	5.86	5.78	2.78	11.8	8.16	6.53	7.94	16.5	0.925	0.189	0.104	0.0438	8.53	7.77	0.00729	0.00648	0.0197	0.0471	0.114	0.155	0.436	1.14	1.81	4.1	2.45	2.48	2.32	2.26	2.08	1.92	1.79	2.79	1.59	1.21	0.641	0.105	0.11	0.0501	6	11.9	14.4	9.24	6.66	17.8	14.2	10.6	5.25	8.32	12.8	6.41	1.64	0.854	0	0.185	0.0637	0.33	0.273	0.314	0.336	0.353	0.0925	0.0694	0.39	0.162	0	0	0	0	0	0	0	0	0.607	0	0.192	0.493	0.847	1.27	1.74
2.57	3.98	15.6	23.9	11	5.86	3.48	6.38	15.4	31.2	37.8	22	8.46	6.99	8.49	10.7	3.69	2.04	2.35	17.8	50.1	44.9	40.3	38.6	26	20.5	26.8	13.7	8.83	7.27	7.42	5.65	14.5	31	4.07	5.49	27.4	6.19	8.09	10.5	11.8	10.7	10.5	7.28	3.87	11.7	5.58	0.639	2.33	2.81	0.204	0.112	19.4	3.96	0.687	1.45	0.00723	1	0.0581	0.141	1.91	0.257	0.332	0.475	0.976	1.28	1.47	3.96	9.04	4.45	1.69	1.66	1.68	3.07	2.18	0.359	1.42	0.0836	0.0998	4.16	14.4	11.5	13.5	4.82	12.5	9.57	11.1	8.41	6.92	13.3	11.5	1.17	0.368	0.355	1.13	0.361	0.24	0.0319	0.47	0.326	0	0.493	0.0132	0	0.0437	0	0	0	0.00308	0	0	0	3.16	1.83	0.667	0.0813	0.374	0.713	1.13	1.62
2.43	5.27	8.21	7.39	2.25	0.661	1.67	5.64	3.11	34.1	72.3	44.2	25.8	16.4	12.6	3.55	3.73	2.79	11.4	15.8	14	20.9	18.7	31.4	22.6	24.2	16.8	14.2	22.6	11.7	6.92	7.83	4.08	28	3.51	12.9	27.6	3.82	2.78	4.57	5.33	6.27	7.73	7.25	6.32	5.69	5.95	0.655	0.438	1.23	0.823	0.117	2.54	2.26	0.012	1.11	2.32	0.642	0.105	0.824	1.07	0.465	0.601	0.85	0.998	1.06	1.05	3.12	7.34	5.3	2.16	2.27	2.36	2.36	3.64	6.53	2.72	9.71	4.88	5.23	3.07	6.88	9.14	9.01	10.8	15.3	14.3	6.41	6.29	9.13	17.6	5.06	2.05	1.59	2.06	0.881	0.68	0.425	0.604	0.568	0.335	0	0	0.8	0	0	0	0	0.13	0	0	0	0	1.02	1.67	4.12	6.35	0.617	1.05	1.55
0.808	7.56	4.31	2.32	0.259	0.991	4.33	4.26	7.38	25	41.5	69.8	47.5	41.2	21.1	19.9	10.6	8.18	6.79	12.2	17.1	20.5	20.3	39.3	37.2	39.7	27.4	18.6	28.5	7.43	13.6	23.7	8.04	12.4	8.8	6.98	2.01	4.83	2.86	7.98	5.39	6.88	6.75	3.62	12.4	5.37	1.73	0.678	0.453	0.759	2.55	1.53	2.57	0.917	0.0117	0.432	0.0109	1.96	6.22	0.452	3.13	2.29	1.04	1.46	1.7	1.8	1.83	5.68	11.2	9.34	4.5	3.79	3.83	3.81	4.46	1.01	0.917	10.7	15.1	7.33	0.709	0	0	2.32	15.2	23.4	17.6	4.52	5.21	8.22	11.9	8.51	3.88	4.09	3.75	0.798	1.33	0.876	0.801	0.705	0.301	0.315	0.463	0	0	0	0.332	1.06	0.0893	0	0	0	2.33	0	0	0	0.185	0.545	0.979	1.49
0.148	0.449	2.04	19.3	3.24	1.73	2.01	2.77	4.55	12.9	68.1	95.6	87.1	84.3	88.8	64.3	52.8	25.4	11.8	18.4	22.5	21.9	24.9	48.6	55.6	50.9	47.5	26.5	17.1	17.1	12.7	5.21	4.74	3.74	2.21	5.3	7.89	7.3	4.49	9.28	5.19	5.54	5.57	2.78	4.33	2.6	2.13	0.983	0.657	0.431	2.83	1.04	1.55	0.000763	0.00113	0.00621	0.0077	3.76	0.158	3.36	11.6	3.69	4.6	4.4	5.12	5.46	5.41	10	19.5	16.5	8.58	8.84	8.92	8.73	8.19	4.61	4.29	3.74	16.7	13.2	5.7	2.52	4.65	1.5	10.3	20.3	22.4	15.3	9.23	10.3	17.9	18.5	12.5	8.14	3.01	0.665	0.502	0.71	0.684	0.27	0.244	0.0261	0	0	0.583	0.184	1.61	0	0	0.0215	0.0216	0.695	0	0	0	0.00232	0.166	0.636	1.19	1.25
0.0409	0.332	0.428	7.87	14.3	0.991	0.565	0.973	2.16	9.2	41.6	58.8	84.4	90.8	119	138	153	83.3	48.8	38.4	25.2	26.5	28.4	45.7	47.1	46.8	51.2	24.8	19.5	17.5	10.1	5.75	4.16	12.2	35.2	11.3	13	11.7	4.1	8.92	6.47	5.61	5.69	3.3	2.91	4.07	2.2	1.02	0.68	0.443	0.338	0.0707	0.00424	0.000565	0.0011	0.00681	0.205	0.0759	0.791	11.9	7.63	4.41	6.96	15.4	8.82	8.02	10.2	10.8	19.8	13.9	11	11.3	11.4	11.2	10.6	5.98	5.67	4.94	4.46	21.8	10.1	4.46	4	2.91	5.98	9.79	23.1	17.7	13	15	21.4	10.7	13.1	9.2	5.82	1.95	0.336	0.731	0.629	0.0695	0.279	0.0784	0.165	0.0305	0.818	1.52	0.604	0	0	0	0.292	0.038	0.0838	0.126	0	0.00325	2.71	0.562	1.13	1.25
0.122	0.0853	0.13	0.00722	0.28	0.0041	0.138	0.164	1.38	10.9	39.6	22.4	20.9	42.4	62.5	82.8	122	149	132	99.3	51.7	37.3	33.5	46.9	55.8	48.1	39.1	26.2	20.1	14.1	12.4	7.62	3.68	9.83	53.6	13.6	55.9	9.12	6.24	6.02	10.2	8.01	5.99	4.06	5.62	2.78	2.3	1.08	1.93	0.506	0.368	0.014	0.00494	0.00165	0.00412	4.99	2.01	7.44	7.96	11.1	4.97	4.75	5.46	6.34	8.22	7.75	14.2	15.9	17.6	17.6	12.7	13.1	13.2	13.2	12.9	7.53	7.38	6.68	5.39	6.61	14	6.48	11	10.4	7.92	8.22	16.9	28.2	25.1	24.3	27.5	13.2	6.27	6.89	4.39	3.24	2.06	0.981	1.1	0.275	0.0957	0	0	0.184	2.35	0.42	0.0391	1.27	1.09	0	0	0.0539	0.149	0.113	0.113	0.747	0.703	0.747	1.33	1.15
0.032	1	0.204	0.148	0.031	0.0551	0.0237	0.00296	0.858	6.63	14.8	50.1	16.8	27.9	29.6	21.6	34.8	99.9	140	126	99.7	77.6	47	53.8	54.8	46.9	36.5	28.1	20.7	14.1	11.7	5.44	9.21	16.2	41	17.8	18.7	14.3	5.64	8.4	8.84	11.4	6.46	3.15	5.7	3.28	2.43	1.18	2.45	0.62	1.96	0.866	0.0219	0.00403	0.0102	0.0678	0.0932	0.183	1.77	2.56	3.27	4.86	6.55	7.68	11.4	8.92	10.5	17.8	17.6	25.5	18.7	14.2	14.3	14.6	15.1	9.23	9.5	8.9	7.43	2.62	5.53	1.47	15.2	9.18	6.35	15.5	14.5	6.19	25.2	29.6	29.4	10.4	6.16	5.5	7.33	3.23	2.9	1.37	1.18	0.257	0.0652	0.061	0.0567	1.49	0.0523	1.3	0.582	1.91	0.13	0	0	0	0	0.124	0.0145	0.00495	0.00696	0.0707	0.623	4
0.462	0.612	0.0144	0.0232	0.00332	0.0199	0.0133	0	0.133	0.314	4.28	15.3	14.1	7.22	8.33	20.2	20.4	40.6	75	88.7	87.8	100	72.4	67.8	68.6	61	47.8	33.9	29.2	20	17.1	13.4	14.1	47.9	31.6	27.1	36.8	35.8	19.4	15.3	6.65	3.53	11.2	2.71	10.3	12.4	5.26	3.58	1.45	1.08	5.06	5.32	1.92	4.63	7.97	8.44	15.6	14.7	6.8	5.75	7.42	10.9	8.58	7.99	8.71	9.53	10.5	22.1	20.8	27.4	20.5	18.6	15.2	15.9	17.1	13.1	14	13.5	11.6	8	6.07	4.99	3.44	5.71	4.44	26.6	16.7	2.88	16.6	20.5	24.3	7.03	5.67	3.67	6.04	2.23	1.48	0.778	0.373	0.0824	0.0391	0.00434	0.0174	0.0611	0.0698	0.0218	0.0131	0.758	0.0185	0.0216	0	0.049	0.0613	0.0186	0.0648	0.0119	0.0167	0.048	0.332	0.895
0.0144	0.144	0.0669	0.0231	0.0463	0.232	0.689	0.0282	0.0253	0.159	1.19	12.1	6.48	7.08	4.63	9.83	13.6	26.3	39.6	45.9	53.2	72.1	59.3	75	72.2	69.5	56.3	38.9	29.2	25	19.6	15.5	16	34.6	28.2	27.1	26.4	46.4	56.3	24	12.9	5.16	4.86	2.85	3.23	21.5	10.6	5.88	2.44	1.24	0.922	8.82	20.4	7.38	0.0596	4.37	14.7	26.8	14	11.6	10.2	14.6	16.3	14.6	15	13.2	14	18.8	31.3	51.2	45.8	33.1	17.5	17.4	19.3	15.2	16.5	16.1	14.1	9.9	7.78	6	4.56	1.8	1.44	21.9	20.3	4.76	4.38	15.6	12.2	9.43	8.45	2.3	2.32	0.742	0.836	0.572	0.415	0.185	0.261	0.224	0.0699	0.0611	0.0742	0.0479	0.0523	0.0432	0.164	0.0215	0.00919	0.0572	0.0662	0	0	0.0136	0.019	0.0785	0.196	0.826
0.115	0.172	0.105	0.0849	0.147	0.166	0.39	0.0851	0.0195	0.0704	0.0772	1.04	0.401	1.71	3.96	5.53	8.28	33.2	52.9	34.3	54.8	40.8	50.6	79.1	78.1	73.5	67.8	46.6	32.5	29.5	24.8	16.8	13.7	18.5	20.1	22.3	70.9	99.8	92.4	47.3	17.5	10.1	13.6	11	4.93	8.11	7.66	11.4	5.24	2.21	1.03	7.42	14.6	1.89	7.8	30.1	11.6	29.7	25.4	16.8	15.5	18.4	26.1	28.3	23.7	13.1	19	25.3	51.1	66.7	65.3	55	36	33.5	34.8	18.6	17.8	17.6	15.6	11.2	9.23	7.34	5.69	2.39	1.37	7.84	16.1	5.06	6.58	4.71	10.7	4.88	8.37	4.13	1.65	0.925	0.782	0.546	1.01	0.603	0.562	0.434	0.338	0.129	0.0829	0.0785	0.0915	0.318	0.0308	0	0.9	0.0201	0.0345	0	0	0.731	0.0177	0.0489	0.106	0.67
0	0.233	0.543	0.215	0.176	0.13	0.39	0.365	0.0268	0.361	0.328	0.431	0.575	0.0356	0.103	2.12	3.91	10.2	53.8	26.1	38.6	35.7	38.1	64	68.2	81.8	71.7	48.4	44.3	40.7	60.3	41.1	15.6	15.4	19	30.3	51.1	40.5	49.5	45.6	22.8	27	21.6	28	17.9	7.29	12.9	23.9	9.49	4.69	1.13	4.52	1.86	2.8	12.7	21.3	23.6	41.4	41.9	35.7	22.4	21.1	38.9	46.7	35.6	28.8	29	17.7	31.8	39.8	54.3	58.7	52.3	44.2	35.8	22	23	26.4	24.9	12	10.3	8.48	6.67	2.93	5.7	7.69	10.7	4.18	2.76	5.55	5.68	1.17	5.03	6.39	4.06	0.728	0.549	0.267	1.4	0.974	0.455	0.523	0.334	0.185	0.169	0.281	0.275	0.108	0.037	0.0154	1.69	0	0	0	0.0413	0.00905	0.0127	0.0353	0.0764	1.92
0	0.104	0.228	0.0903	0.0161	0.00644	0.032	0.0292	0.0306	0.0469	0.00554	0.0316	0.0277	0	0	0.544	0.757	2.1	6.81	12.1	16.8	23.8	23.1	35.7	38.8	44.7	46.3	35.3	33	37	24.5	16.1	15.3	16.2	16.4	36.3	23	18	28.3	26.8	25.4	16.6	18.4	28.1	19.3	13.9	13.8	22.8	13.5	6.24	3.22	0.462	3.2	10.3	7	31.4	30.9	35.1	40	32	31.5	33.3	35.1	30.9	24.8	20.7	16.9	13.7	17	24.8	26.9	26.5	30.1	48.8	68.2	50.4	33	29.5	25.7	21.7	21.8	16	12.5	6.23	3.54	2.24	2.61	6.24	5.69	2.11	10.5	1.46	3.96	2.03	3.91	0.33	0.185	0.123	0.318	0.2	0.368	0.601	0.436	0.258	0.293	0.479	0.402	0.141	0.0776	0.0238	0.0208	0.0488	0.113	0	0	0	0	0	0.0476	0.00875
0.146	0.0227	0.0634	0.41	0.277	0.0225	0.175	0.189	0.149	0.0187	0.0222	0.0506	0.0554	0	0.0306	0.3	0.684	1.13	2.79	9.16	12.6	14.2	18.8	28.8	34.7	34.1	38.2	41.6	38.2	25.1	19.1	22.6	18.9	15.7	18.7	25.4	20.1	13.9	15	13.6	26.9	25.6	14.8	25.8	21.8	13.7	10.1	11.8	11.5	9.64	5.25	0.51	3.59	17.4	14	18.9	43.8	40	37.6	27.5	28.3	30.1	35.9	33.2	22	19.9	20	19	20.6	22.6	33	37.4	46.4	56.2	98.7	68.9	57.9	31.8	26.9	26.6	21	18	17.8	14.9	7.46	2.43	2.09	2.17	2.64	3.66	4.78	1.74	0.64	0.212	0.385	0.314	0.3	0.286	0.341	0.0664	0.0917	0.106	0.164	0.29	0.36	0.517	0.373	0.153	0.0776	0.0416	0.0386	0.105	0.158	0.193	0.161	0.7	0.0286	0.569	0.521	0.00328
0	0	0	0.0455	0.597	0.0194	0	0.405	0.0927	0.193	0.327	0.232	1.01	0	0	0.15	0.704	0.767	1.86	6.08	15.1	12.4	12.9	23.3	28.9	26.1	35.2	40.8	38.3	30.4	20	19.1	15.9	16.5	17.9	26.8	17.2	13.7	11.9	14.1	20.3	22.2	13.9	17.2	20.7	12.8	15.3	11.5	9.24	11.7	7.14	2.36	0.308	0.403	5.86	6.54	32.6	49.9	35.4	25	25.7	33.9	31.5	25.9	19.2	18	21.1	29.9	27.4	23.8	31.3	36.7	41.2	73.5	68.4	71.5	74.8	50.9	28	26.8	21.7	22.5	14.8	7.56	4.54	2.69	2.35	1.96	1.86	6.23	3.95	0.729	0.527	0.0839	0.0323	0.168	0.128	0.112	0.268	0.202	0.186	0.039	0.21	0.0843	0.241	0.511	0.625	0.203	0.0775	0.0803	0.065	0.158	0.144	0.185	0.334	2.71	2.94	1.75	0.574	0.00162
0	0	0	0.0166	0.0197	0.00327	0.0163	0.107	0	0.154	0.587	1.17	0	0	0	0.107	0.152	0.566	1.29	4.64	17.2	16.6	11.3	17.1	18.3	16.3	21.2	19	25.4	26.6	26.3	24.6	17.8	16.6	31.4	31.1	22.7	17	12.5	21.1	23.7	17.2	18.6	22.6	16.5	12.4	11.8	7.9	12.2	5.35	5.98	4.64	2.94	0.5	0.939	6.25	16.3	31.5	34.4	21.4	23.2	34.1	29	24.4	22.7	18.8	23.1	32.2	21.8	21.2	30.1	37.6	40.6	39.8	43.9	70	75.2	58.8	36.7	26.3	24.8	24.9	18.2	11	6.65	10.4	11.6	5.9	1.65	1.83	2.07	0.518	0.648	0.345	0.0778	0	0.241	0.178	0.15	0.136	0.0463	0.0693	0.0545	0.0318	0.0626	0.232	0.183	0.0933	0.111	0.0593	0.0681	0.159	0.211	0.256	0.251	2.07	3.9	4.09	2.59	6.79
0.0823	0.0918	0.183	0	0	0	0.00342	0	0.00835	0.0304	0.114	0.31	0.188	0.0396	0	0	0.0316	0	0.25	0.221	0.292	3.09	1.73	6.67	6.61	5.23	10.9	21.3	17.5	26.6	30.4	65	35.2	25	29.3	33.2	33.2	29.3	15.8	26.3	20.8	13.3	15	36.7	30.5	15.3	11.9	6.33	6.14	4.4	2.59	1.94	0.698	1.97	1.65	3.14	4.19	26.1	43.2	24	21.3	35.3	33.1	32.9	24.4	20.8	23.5	22.4	25.4	28.6	17	34	38.2	48.1	54.6	63	68.6	51.6	40.9	25.7	24	17.5	13.9	6.37	6.59	16.5	16	11.4	2.61	4.19	12.8	1.13	1.02	0.849	0.537	0.0782	0.137	0.177	0.101	0.112	0.461	0.524	1.43	0.39	0.0445	0.0357	0.0966	0.232	0.144	0.0998	0.278	1.01	1.27	0.536	0.217	1.7	1.92	2.25	4.78	7.35
0.0455	0	0.00458	0.0654	0.0446	0.00343	0.00343	0	0	0.0158	0.415	0.632	0.0386	0.101	0	0	0	0	0	0.425	0.125	0.172	2.45	7.38	2.51	2.54	9.5	18.6	15.2	11.2	30.4	60.7	58.4	34.2	19.6	41.8	41.5	38.2	54	39.5	26.4	15.8	15.7	24.3	27.5	16.2	13.7	5.3	3.7	2.76	6.49	0.976	0.802	1.09	2.83	6.55	4.51	23.9	33.2	30.4	23.7	23.6	17.9	22.4	23	17.8	18.9	22.5	22.7	28.7	20.7	34.9	38.1	42.3	41.7	51.2	58.7	56.3	39.7	32.1	25.9	20	15	6.06	5.56	7.57	26.9	17.1	4.74	1.99	5.88	1.01	0.841	0.645	0.599	0.107	0.0477	0.15	1.37	0.536	0.229	0.111	0.138	0.186	0.00374	0.0177	0.0548	0.0988	0.107	0.201	0.385	1.3	1.26	1.46	0.328	1.6	1.58	1.8	0.143	1.9
0	0.00458	0	0	0	0.00343	0.0413	0	0	0	0.0526	0.103	0.303	0.439	0.0319	0.0215	0.0443	0	0	0.327	0.00413	0.346	1.53	6.26	2.97	1.61	1.17	6.3	7.93	5.77	22.8	61.3	88.3	64.9	41.4	57.6	35.4	39.7	53.3	51.4	42.2	29	22.2	20.4	19.6	16.6	13	5.7	4.43	3	3.81	2.31	1.59	1.63	4.47	4.94	14.9	14.5	16.2	52.7	26	26.6	23.4	17.6	20.6	19.8	17.5	20.1	13.3	19.8	26	38.5	42.8	37.8	32.8	38.5	46.5	57	48.5	45.5	27.9	20.6	14.7	5.59	3.76	4.31	9.08	8.71	2.72	2.31	1.57	1.53	1.36	1.34	1.05	0.295	0.179	0.147	0.0553	0.423	0.442	0.838	0.589	0.47	0.106	0.266	0.0605	0.164	0.182	0.256	0.274	1.27	0.307	0.421	0.246	2.17	2.31	1.14	0.271	1.58
0	0	0	0	0	0	0.00685	0.152	0	0	0	0.0103	0.242	0.401	0.115	0.163	0.0946	0.047	1.25	0.527	0.00294	0.00785	0.0657	0.197	0.933	37.6	1.1	2.98	30.4	22.6	10.4	22.4	82.4	95.9	58.1	57.2	43.9	34.2	42.4	36.1	40	31.5	44	24.3	19.7	16.8	14.8	8.66	8.34	7.22	5.94	5.94	15.6	10.3	8.51	13	6.75	39.9	29.8	28.8	36.3	24.7	44	35.3	20.9	20	16.2	11.8	14.1	14.5	17.5	24.3	30	31.7	33.3	51	53.6	57.2	46.4	28.9	25.7	22.8	17.9	8.43	3.41	2.48	2.72	3.26	2.96	2.61	2.19	2.1	2.23	1.76	1.59	0.489	0.325	0.194	0.163	0.0501	0.694	0.983	0.759	0.51	0.248	0.0912	0.0802	0.134	0.225	0.53	1.01	1.64	2.14	0.262	0.211	0.578	0.855	0.835	0.661	0.412
0.329	0	0	0	0.0384	0	0.0435	0	0.112	0.595	0.194	0	0.0714	0.0565	0.146	0.396	0.0398	0.0131	0.0388	0.128	0	0.00729	0.382	0.0282	0.188	2.61	0.335	1.22	3.67	11	2.59	2.48	29.3	92	113	66.8	46.7	42.5	25.3	19.4	23	21.8	26.1	23.3	17.1	14.9	12.8	8.42	7.11	7.39	6.36	14.2	27.7	21.9	22.5	16	35.8	68.1	38	18.8	21	12.7	20.3	20.6	15.9	10.5	6.1	10.8	12.6	12.8	14.1	17.6	9.66	21.5	26.6	38.9	52.7	49.9	39.1	19.2	14.8	15.4	15.5	7.08	3.31	2.45	2.07	5.03	4.87	4.68	4.51	4.49	4.3	3.85	4.01	1.96	1.35	0.963	0.759	0.0525	0.274	1.75	1.87	0.709	3.01	2.07	1.54	1.21	0.617	0.535	2.07	1.93	2.86	1.64	0.915	1.17	0.272	0.435	0.931	3.13
0.0506	0	0	0	0.024	0	0	0	0	0.593	2.35	0	0	0	0	0.0682	0.0918	0	0.0291	0	0	0	0	0.0551	0.0473	0.00795	1.08	1.21	0.66	3	2.37	2.74	32.4	17.9	40.9	59.4	56.4	33.5	25.6	25.1	25.9	22.4	24.9	21.8	17.7	15.4	13.6	9.26	8.35	11.6	10.6	44.8	25.2	12.3	16.6	18.8	37.2	38.5	36.9	29.8	23.1	15.2	13.1	27.8	17	11.2	6.93	8.52	8.47	8.51	15.1	17.5	11.7	9.84	18.3	39	33.9	35.5	34.4	22.2	14.1	12.9	12.8	4.58	3.24	2.57	2.75	5.6	5.71	7.33	5.53	5.56	5.38	4.86	5.82	2.53	1.77	1.2	0.893	0.416	0.725	1.19	1.89	1.58	1.71	3.24	2.64	2.87	1.98	1.04	0.967	2	2.62	1.69	1.52	0.917	0.313	1.66	0.888	7.58
0.457	0.253	0.0506	0	0	0	0	0	0.169	0.421	1.2	0.83	0	0	0.0113	0.943	1.26	0.161	0	0	0	0	0	0.647	0.111	0.0851	0.0778	1.38	0.625	0.0588	0.873	5.02	18.5	0.0605	17.6	24.2	28.9	32.9	28.9	30.6	31.9	26	24.2	21.4	18	16.8	14.5	9.92	9.2	8.84	10.4	20	16.1	12.9	19.9	10.8	28.2	46.5	45	27.2	26.9	24.7	21.3	20.9	18.8	15.9	6.45	9.5	8.41	8.45	14.1	14.9	14.4	9.16	9.73	21.2	22.4	30.3	41.4	24.6	19.8	15.9	16.7	6.77	4.17	2.7	8.31	16	17.4	26.2	12.4	6.05	5.89	5.38	4.48	2.85	2.07	1.51	1.08	0.625	1.03	1.41	1.59	2.01	2.05	4.48	4.21	3.51	1.54	2.67	1.56	1.12	1.05	2.17	0.699	0.559	0.63	2.71	1.9	2.68
0.609	0.304	0.278	0	0	0	0	0	0	0	0.0766	0	0	0	0	0	1.09	0.732	0.545	0	0	0.702	1.34	1.2	1.25	1.14	0.807	0.13	0.748	0.176	0.172	3.93	2.35	0.051	8.16	16.8	15.7	11.5	12.4	18.2	29.1	27.5	30.1	28.6	22.5	18.6	14.9	10.3	9.75	9.33	9.28	12.9	14.6	18.1	16.4	15	22	29.5	33.7	36.1	40	35.8	34.5	27.1	21.2	17	13.1	14	13.4	14.4	13.4	14.3	16.8	10.6	6.86	11	12.5	14	28.1	40.9	17.8	16.6	31.6	23.9	15.2	6.43	4.31	8.47	9.42	20.9	16.5	10.7	5.9	5.46	4.6	2.98	3.15	1.73	1.22	2.83	0.516	0.36	1.8	1.62	2.37	2.1	1.73	4.09	2.44	3.77	4.63	2.31	0.702	1.11	0.397	0.451	0.402	0.834	1.39	2.32
