131	175	245	316	333	261	318	325	368	385	389	446	473	543	540	516	538	570	569	555	530	560	553	636	594	551	460	479	569	643	566	467	480	396	425	436	513	531	495	584	623	563	636	537	457	354	279	236	211	155	102	136	110	101	130	174	211	248	253	246	227	207	197	238	256	264	192	202	240	241	227	211	198	242	216	245	260	238	182	218	189	155	160	144	96.3	93.7	96	39.5	74.2	84.8	86	76.1	90.4	116	123	144	186	211	186	165	154	175	178	174	167	161	171	229	239	250	244	228	207	201	195	200	190	206	197	170
214	308	399	332	340	349	373	440	502	465	476	454	583	600	535	490	515	589	618	573	588	575	513	442	454	406	324	391	456	556	523	440	403	431	439	402	419	548	654	496	483	506	580	565	426	371	279	283	199	136	121	132	124	83.6	121	175	192	212	170	237	256	253	235	161	226	269	178	193	199	205	209	184	180	191	232	252	191	193	180	157	150	138	128	147	158	132	115	96.2	80.2	93.2	94	86.8	82.7	109	106	106	125	135	125	121	108	111	140	156	138	141	180	215	191	180	162	158	210	198	201	210	208	198	178	187
277	363	372	351	397	420	436	453	468	506	487	474	532	532	569	485	528	577	650	666	537	486	388	366	390	298	273	326	403	420	454	417	416	385	397	287	294	391	440	365	375	385	383	303	267	196	175	170	121	101	118	114	116	115	120	148	178	222	245	234	244	226	171	113	151	143	106	151	181	189	214	180	193	168	187	213	177	162	161	155	136	156	158	146	163	154	118	111	132	72.3	84.8	64.8	49.7	93.7	87.4	70.2	85.3	89.6	101	103	74.7	90	121	113	118	143	172	149	158	145	154	120	138	155	185	165	180	184	170	182
317	365	342	356	422	491	499	500	515	511	488	518	523	570	600	520	622	627	516	556	482	455	357	273	253	259	273	367	473	463	371	386	414	339	315	253	188	248	279	269	309	269	244	216	195	151	124	109	128	128	131	96.4	88.2	99.6	130	136	156	240	321	241	203	170	132	145	126	136	125	141	166	167	156	169	170	178	170	211	165	140	145	133	116	127	126	107	179	179	154	102	109	66.4	67.4	33.1	45.8	68.1	58.3	53.5	62.8	57.1	65.8	75.1	52.7	65.4	84.5	90.4	102	146	132	123	139	136	142	113	111	150	156	162	156	151	183	178
352	345	352	377	433	460	518	534	584	589	494	476	490	536	567	533	531	524	465	519	461	405	332	334	245	277	362	455	475	393	344	345	298	293	211	149	165	258	280	220	205	189	168	161	169	135	120	140	154	159	120	100	69	86	115	91.9	152	227	266	181	176	154	167	113	119	156	126	147	135	134	129	144	152	144	157	169	191	153	126	115	109	92.9	103	127	143	136	133	107	100	82.5	49.4	19.3	39.4	44.8	47.5	52.3	46.3	38.3	47.4	50.8	43.9	56.2	75.4	77.2	83.9	105	103	88.1	117	119	111	92.6	116	143	143	134	137	151	185	162
396	394	425	413	500	526	506	470	489	539	532	462	462	468	514	511	500	479	446	482	506	421	358	322	265	314	383	411	362	333	290	285	207	190	154	128	140	168	183	194	141	122	107	134	145	154	144	164	170	156	148	144	119	121	128	121	147	177	231	195	181	135	177	253	156	141	74.2	99.4	119	186	140	129	105	126	134	147	184	150	158	111	87.8	99.5	106	104	116	117	116	97.5	99.3	91.4	72.5	12.3	24.6	31.8	54.4	45.7	32.2	43.8	38.5	30.8	32.4	51.1	75	71.5	60.3	72.4	63.2	55.7	58.9	71.3	65.7	56.7	78.3	106	111	111	132	155	143	121
380	486	485	443	476	487	502	436	482	544	535	461	498	355	359	381	493	530	595	512	494	452	477	450	450	416	398	380	294	329	286	222	209	202	179	160	128	123	106	102	108	98.1	89.6	142	145	223	176	184	167	158	137	136	133	143	147	140	162	177	179	173	176	137	153	244	162	109	91.1	110	106	138	93	93	97.2	85.2	111	123	160	141	155	112	77.8	86.6	96.5	106	121	110	98.8	91.8	105	94.1	73.1	32.3	14.4	17.4	38.3	38.4	31.6	31.4	41.3	29.6	19.8	27.3	38.6	38.8	33.6	39.9	38.4	48.2	42.9	53.3	74.2	63.3	67.6	84.2	116	104	119	120	108	99.5
365	427	451	498	490	473	485	404	451	549	545	421	416	381	350	374	432	500	532	427	449	479	529	544	498	436	416	343	300	300	304	246	204	215	226	154	124	91.9	89.2	111	85.9	104	118	168	175	175	197	217	187	171	146	161	172	161	165	163	198	211	217	201	205	143	163	172	139	115	111	71.9	92	112	139	76.1	86	75.7	94.5	128	148	159	136	86.8	94.9	94.1	107	114	106	91.2	93.7	101	103	84.1	68.1	53.8	32.4	24.7	42.7	51	41.3	27.7	18.6	21.6	13.1	13.3	25.1	28.5	19.7	24.6	25	29	37.2	47.5	61.6	70.2	70.6	85.3	124	116	109	108	81.4	84.4
364	391	433	429	409	396	363	328	408	453	471	423	479	479	459	400	487	443	432	392	446	482	507	453	450	429	441	367	394	388	336	330	264	221	209	134	124	84.4	92.3	103	109	142	153	173	180	200	214	229	207	195	177	170	180	195	186	186	216	198	211	230	257	176	147	136	135	108	78.7	109	94.8	101	149	115	117	93.4	82.8	113	88.6	108	86.2	62.4	89.9	69.9	103	112	95.2	78.4	71.6	83.7	82.7	81.8	95.5	85.7	88	32.9	34.3	35.7	37.2	26.1	14.8	19.6	8.49	12.4	18.1	27.1	13	16.6	22.6	30.5	39.6	45.1	49.7	64.9	76.5	84.3	111	105	110	77.5	66.8	69.8
388	386	364	345	275	272	289	266	303	373	488	464	559	497	391	391	472	405	386	393	465	423	452	418	447	472	454	378	352	403	391	307	243	192	174	136	161	104	82.5	87.3	87	119	135	166	245	257	246	258	260	250	222	236	270	264	238	177	189	194	215	306	412	247	138	167	165	99	107	181	96	136	96.8	84.8	113	76.3	92.2	91.6	85.4	91.8	63.7	66	56.7	54.7	119	139	97	86.9	90.3	93.8	105	109	130	106	92.8	50.6	48.2	34.5	26.8	18.2	21	23.6	14.5	12	16.2	14.6	19.8	14.5	28	30.7	46.1	37.2	72.5	75.2	72	70.5	113	115	89.8	74.5	60.1	64.5
390	379	340	298	274	277	323	252	249	378	367	416	460	399	371	408	433	396	363	385	464	512	464	364	415	472	489	457	350	325	325	352	269	269	196	162	163	107	82.3	59.9	64.2	91.8	136	213	225	242	272	314	315	256	225	211	211	221	235	216	189	177	186	192	210	179	85.5	122	165	113	86.9	156	146	101	82.6	60.4	75.1	74.3	83.5	83.8	80.3	129	97.2	51.4	47.1	48.6	102	122	103	86	106	110	90.8	108	137	118	84.3	42.3	43.1	22.7	27.5	23.5	23	15.5	13.2	14.5	11.2	9.72	14.7	29.6	40.9	41.5	33.7	45.3	69.6	68	72.2	61.9	75.6	82.3	55.1	51.8	38.3	48
361	332	352	344	339	345	325	244	243	305	386	408	367	325	363	424	434	389	366	376	462	616	652	473	513	587	559	513	395	348	360	323	322	247	220	179	153	110	84.4	86.8	63.2	74.7	138	219	244	261	313	350	312	274	278	240	239	253	217	183	169	168	171	155	120	110	80.2	111	107	133	145	183	86.1	45.1	41.2	53.1	40.3	82.6	81.7	84.9	120	94.6	65.1	46.8	53.9	67.2	113	110	109	98.1	105	99.7	90.5	86.8	84.1	90	89.4	101	47.5	16.2	13	15.8	19.7	19.4	16.2	17.3	18.9	16.4	24	26.9	40.8	32	41.6	42.6	52	70.6	59	46.4	49.9	53.5	50.8	40.8	28.8	33.5
317	290	398	409	373	347	294	281	312	354	387	456	363	358	375	341	379	415	406	437	561	584	614	586	588	584	546	453	389	374	326	261	321	217	160	171	161	136	71.4	64.2	74.1	79.6	157	213	249	277	267	284	283	310	299	288	285	271	232	205	186	190	228	237	309	161	147	109	77.8	78.1	86.7	83.1	49.5	35.8	41.7	36.5	29.7	45.6	64.6	81.1	56	55.1	45.5	60	75.3	67.2	93.8	87.8	99	112	154	121	81.9	66.2	74.8	88.3	110	109	34	18.5	12.5	16.3	47.5	57.2	21.9	21.5	18.2	21.2	36.5	24.3	30.9	25.8	31.1	38.3	44.5	44.7	35.2	37.6	32.9	37.9	37.5	32.9	21.3	12.8
340	270	312	398	400	363	364	340	389	443	518	474	546	471	464	411	516	526	510	524	570	560	624	552	547	524	532	430	368	357	307	226	225	153	132	127	136	132	100	108	101	126	219	306	328	329	305	315	316	322	324	318	311	285	281	247	218	237	228	234	409	299	193	98.8	79	68.3	65.1	86.7	44.6	63.7	35.6	24.4	43.4	50.3	48.1	47.5	38.8	42.1	52.7	70.8	62.2	42.1	78.7	77	105	143	224	119	86.4	104	86.8	100	98.6	82.3	36.3	19.1	17.4	37.4	85.7	57.2	31.8	33.2	37.8	22.9	29.1	32.6	45.6	30.3	30	39	44	34.2	21.9	29	31.9	32.3	25.9	16.1	5.73	3
316	278	335	361	309	339	401	322	378	388	473	478	450	381	491	467	497	528	563	514	512	565	566	478	395	417	442	383	345	349	282	200	162	120	104	80.6	91.5	165	157	202	164	160	178	287	309	315	280	321	333	367	416	408	304	299	331	331	272	251	242	208	248	168	103	102	44.6	42.8	48	80.6	43.7	82.5	30.4	54.3	44.2	24.9	46.7	34.3	44.8	71.9	87.1	64.3	34.1	63.9	63.8	67.3	96	111	130	127	104	97.8	104	94.7	99.4	82.8	47.6	13.5	30.5	62.3	60.3	17.5	16.6	18.2	21.5	17.7	18.4	29.6	35.1	25.6	30.5	28.7	7.95	7.53	11.1	13.5	14.2	17.6	14.7	12.4	3.12	6.45
266	241	275	279	293	372	410	335	445	389	489	499	479	420	402	536	577	559	631	598	559	619	642	458	380	384	417	344	351	334	226	159	157	153	125	107	170	270	197	258	208	193	206	268	282	255	255	286	336	331	355	350	319	302	377	359	253	241	244	212	164	133	100	122	71.5	70.4	68.2	52.1	53.2	35.7	14	55.1	85.6	38.6	36	49.8	73.4	101	91.7	59.7	42.7	97.3	68.1	76.9	82.9	92.8	144	141	108	79.7	74.2	92.4	94.5	86.3	80.6	36.4	51.6	60.5	48.3	12.7	10.8	6.6	16.3	7.5	7.5	17.6	23.3	16.5	14.3	6.87	0	5.43	5.97	8.61	8.73	4.98	3.99	5.04	0.99	4.62
232	212	246	260	300	344	400	382	375	425	592	553	545	482	464	510	576	522	554	465	472	594	474	349	345	310	318	270	351	258	136	125	155	141	158	205	228	241	235	279	220	198	184	318	346	256	237	300	314	336	294	290	270	293	319	352	291	215	186	263	288	112	115	120	111	119	84.7	52.3	23.1	18.8	14.2	34.7	95.9	29.8	29.5	62.5	65.3	68.2	74.9	59.4	68.5	87.7	75.4	105	105	109	114	122	103	69.9	80.7	70.4	70.1	63.6	65.6	27.9	34.5	51.3	30.2	9.24	11.3	10.6	2.64	7.11	12.4	12.6	7.29	3.09	1.38	1.44	2.49	9.96	2.7	4.77	6.66	3.12	0.36	5.1	0.72	1.71
250	247	266	281	371	402	429	454	472	528	675	653	637	635	630	586	566	491	540	416	474	458	395	348	278	246	237	248	286	240	160	112	127	162	187	244	254	298	336	283	235	215	216	285	329	292	280	282	270	336	309	257	292	317	319	231	218	161	161	194	247	109	109	93.9	96.8	65.7	56.2	36.7	39.5	34.8	42.3	71.3	36.5	15.5	38.3	129	42.9	50.4	96	42.7	66.7	115	88.5	91	99.2	95.5	110	106	107	88.7	70.9	84.2	102	98	80.4	85.3	55.6	69.4	57.2	22.9	19.7	15.5	14.4	15.7	17.5	4.83	0.96	0.9	1.05	5.04	1.68	5.76	7.65	8.28	10.5	3.21	0.72	1.83	0.9	0.36
272	280	290	323	369	380	366	400	414	558	628	623	654	608	506	458	473	400	437	437	467	586	504	340	235	210	241	209	228	193	161	151	175	172	176	210	248	225	231	194	197	180	216	280	257	271	263	320	281	272	321	294	339	345	279	194	244	164	120	170	206	108	61.8	35.2	45.4	37.9	24.7	23	54	75.6	80.2	79	20.5	27.6	101	88	45.7	48	61	40.7	39.9	84.8	134	69.6	98	123	139	123	116	128	76.7	99.5	119	98.6	88.3	75.8	92.3	60.3	67.5	51.4	54.9	35	30.4	26.4	35.4	5.34	2.82	9.21	3.03	6.6	3.93	7.8	16.7	5.73	2.28	0.63	3.03	3.66	1.32	0.78
300	324	299	258	298	340	289	296	364	468	538	513	437	439	452	380	462	492	467	437	459	471	456	366	218	177	188	186	191	189	165	173	187	173	224	193	209	183	161	188	185	166	182	248	236	215	279	285	273	317	341	319	280	320	272	172	192	145	109	134	269	189	132	86.9	83.8	91	60.1	99.7	88.7	72.7	47.3	36	11.3	23.2	87.5	58.3	28.9	30.4	33.6	52.7	118	108	209	107	120	109	110	115	103	85.7	81.2	82.9	90.9	104	224	99.8	152	127	93.7	60.8	53.2	58.8	29.4	57.2	44.3	35.1	15.8	11.4	5.79	1.23	5.46	10.7	10.1	4.05	2.79	1.65	1.71	3.33	2.91	2.79
242	271	272	272	279	291	320	280	298	370	441	436	470	474	405	392	532	508	433	321	320	392	420	327	232	196	187	179	185	202	188	201	202	181	213	224	231	182	157	173	162	172	168	203	249	235	235	310	326	324	299	324	316	281	274	167	155	114	93.9	92.5	149	180	162	168	111	83.8	58.9	118	185	122	29.7	40.3	40.7	67.5	97.5	47.4	43.3	36.1	60.9	56.3	83.8	152	190	192	187	130	122	98	79.8	117	115	105	97.2	128	190	222	162	189	144	65.3	101	52.6	38.7	76.1	64.5	96.6	41.9	25.2	25.8	9.84	3.87	3.96	5.1	0.99	5.04	0.66	0.15	0	0.21	0.15
238	241	328	365	338	353	278	291	410	436	419	434	469	509	443	382	385	412	372	342	314	301	345	294	254	256	218	193	213	221	232	225	243	247	167	155	138	119	114	148	143	174	216	230	262	280	253	300	329	312	293	313	317	251	173	121	111	78.2	117	130	140	239	289	161	134	121	123	92.8	92.1	49	30.7	40.4	44.9	36.6	62.1	45.7	41.9	63	107	139	138	163	224	240	238	156	108	99	104	103	105	94.2	103	166	180	116	110	114	97.7	114	151	108	97.9	110	98.1	75.8	66.8	58	54.8	56.4	42.6	0.06	0.03	0	0.27	0.57	2.1	0.12	0.03	0.03
206	230	257	287	329	284	270	244	325	334	365	364	390	437	404	287	327	336	333	315	289	246	252	210	211	237	207	224	212	198	204	230	243	213	146	118	98.1	74	76.8	121	129	158	175	221	325	302	301	340	283	302	260	302	267	298	192	248	167	97.8	90.7	131	95.3	298	295	172	112	63.9	81.1	84.2	110	76.9	70.2	90.9	48	50.8	60.8	65.2	58.6	103	151	127	165	159	203	196	204	144	148	140	166	164	130	111	136	182	127	124	117	108	99.9	105	144	86.6	97.2	109	126	69.6	70.7	45.6	47.9	49.9	44.4	3.39	0.03	0.03	0.15	0.6	0.69	0.12	0	0.15
209	192	232	235	283	316	285	233	245	277	292	310	336	346	354	311	288	320	282	264	280	278	259	227	218	236	216	219	219	221	235	212	221	193	150	165	130	118	107	128	131	126	110	135	239	241	269	240	258	220	277	306	224	236	200	174	162	111	96.5	100	93.8	198	160	146	116	85.6	109	176	124	148	129	199	32.6	37.1	71.8	76	61.7	152	126	115	155	117	211	227	203	190	182	160	167	205	158	115	128	143	140	135	119	107	109	125	122	88.8	127	150	179	145	98.2	83.7	49.6	47.2	43.8	0	0.27	0.42	0.21	2.58	3	0.12	0.18	1.17
226	196	219	224	262	339	296	304	312	282	287	313	293	306	351	278	285	329	315	280	291	271	252	225	230	207	189	189	213	253	283	215	188	207	149	137	143	183	133	163	155	131	104	100	120	167	221	260	206	241	233	270	272	244	194	144	162	146	128	82	76.7	152	149	113	65.5	99.4	117	116	129	127	87.2	130	101	110	162	118	50.2	52.8	49	77.9	95.8	118	190	192	164	174	188	153	163	140	169	171	187	179	177	158	142	134	129	176	132	110	114	115	120	120	80.6	55.3	57.6	54.9	53.2	9.15	0.03	0.27	0.39	2.82	1.62	0.57	0	0.48
245	257	262	274	270	311	310	294	314	228	243	322	312	256	234	216	246	280	240	276	273	268	252	256	257	243	233	232	216	248	258	194	176	223	198	174	166	203	132	155	172	150	130	103	94.6	106	109	195	272	224	203	210	175	213	181	116	116	116	100	89.2	85	87.9	97.1	86.9	73.8	63.5	72	94	97.6	118	87.5	123	93.5	84.8	105	88.5	89.2	58.7	60.2	93.8	94.8	108	120	129	145	162	155	104	142	153	132	188	192	206	158	131	164	139	151	216	208	180	207	203	146	98.1	114	88.6	66.1	58	50.9	43.7	56.4	33	33.4	29.9	29.8	29.6	29.8	8.7
231	233	292	279	282	307	309	350	320	268	275	283	307	242	172	182	222	236	200	242	250	278	251	278	281	296	313	313	263	248	235	231	208	224	210	153	199	232	160	145	200	171	147	118	132	156	134	138	171	168	161	184	158	191	171	171	144	121	119	105	103	64.8	47.1	103	82.6	47.1	44.7	56.5	74.9	103	131	124	112	76.6	110	104	79.1	93.3	118	110	98.4	96.9	117	138	107	109	143	93.3	99.7	111	111	138	200	150	164	147	147	157	152	202	262	198	184	206	146	146	129	112	98.7	72.8	75.3	59.7	51.9	48.9	33.6	34.3	31.9	29.6	29.6	2.91
199	201	293	270	283	303	267	306	326	303	273	235	275	262	183	146	174	176	202	242	235	270	278	257	283	296	308	341	316	273	230	240	244	203	191	180	186	152	150	140	142	261	203	174	157	130	157	114	126	136	175	195	176	208	195	146	84.3	71.9	86.4	109	78.3	62	45.6	115	74.1	50.9	58.7	103	87.8	81.6	88.4	97	87.5	78.7	78.5	84.8	87.2	92.1	80.3	101	99.9	75.3	105	102	110	92.7	125	121	81.6	76.7	78.9	96	133	166	142	164	178	165	183	226	186	164	225	242	187	176	181	126	141	117	119	71.2	65.6	45	33.3	30.5	35	30.3	31.1	6.06
228	246	266	262	290	258	265	225	240	248	242	222	245	234	266	177	177	172	187	200	218	325	297	281	283	297	289	297	319	306	273	215	202	220	261	321	204	161	173	190	163	197	159	162	171	137	141	148	119	123	162	193	155	103	82.1	128	89.1	48	56.1	96	134	56.5	42.4	92.7	60.5	96.4	66.7	94.6	178	179	174	89.5	90.8	62.7	72.7	87.7	159	102	93.4	87.7	73	86.8	114	114	114	129	118	99.7	87.2	93.1	108	109	111	113	117	169	158	191	173	179	212	185	223	259	184	160	149	146	183	129	111	96	55.8	47.2	40.9	33.2	32.3	31.3	32.1	13.8
229	187	198	195	202	175	179	142	162	173	177	164	210	247	178	155	174	144	161	169	240	276	308	310	285	282	297	270	297	298	322	257	242	248	269	227	186	173	182	196	159	163	148	155	182	175	128	171	205	154	179	214	130	105	76	66	85.7	69.9	67	92.2	116	77.3	50.8	70	60.4	42.3	48.3	51	127	121	102	78.2	59.7	56.5	78.1	98.6	136	104	92.2	80.3	67.6	84.1	121	97.8	95.3	91	92.5	109	98	116	110	88.1	103	127	107	153	267	302	176	187	190	201	186	190	193	208	141	217	130	107	81.8	81.4	70.5	48.2	44.2	41.9	34.6	34.3	34.9	33.5
236	187	194	189	204	195	220	214	201	151	175	181	165	200	200	175	197	210	166	168	176	241	302	277	257	295	275	263	264	256	312	249	237	240	232	194	196	178	191	210	168	215	159	167	181	202	157	184	179	139	102	166	163	145	131	79.9	71.7	90.6	67.3	60	69.6	76.8	45.4	58.6	58.7	47.5	32.3	45.8	108	124	141	101	59.4	70.2	68.7	76.8	79.7	105	88.7	87	94.6	85.9	97.7	83.1	89.2	120	95.4	85.4	141	94.6	92	76.2	82	71.4	104	135	139	184	181	196	203	199	176	195	168	186	154	155	113	125	79.9	80.4	68.5	48.2	46.7	35.8	34.7	35.4	35.7	35.6
206	194	182	187	186	262	251	268	223	168	175	177	206	194	190	185	217	190	202	152	159	238	228	265	242	253	247	237	242	229	264	235	210	212	198	176	172	154	149	134	150	169	142	184	263	228	171	153	152	135	146	144	185	200	134	123	130	89.4	83.5	68.2	45.7	36.6	39.8	42.3	43.8	38.3	39.5	37.7	66.9	85.5	100	81.6	73.2	65.2	51.9	49	107	123	111	91.4	82.1	93.6	95	144	148	176	117	87	147	135	106	92.3	118	118	138	145	132	145	132	225	172	153	178	232	180	148	170	155	161	142	97.2	83.4	58	46.2	60.2	49.2	55.4	51.9	46.1	45.3
185	180	176	184	196	221	236	280	278	255	228	248	284	251	215	174	175	188	166	139	127	165	207	217	233	263	248	253	271	235	217	196	176	222	169	153	145	128	133	121	140	147	170	258	234	167	124	144	155	208	148	89.5	82.2	50.1	58.7	119	109	99.5	78.1	65.2	50.5	39.9	33.1	61	41.5	56.7	63	62.5	67.5	81.6	74.2	61.6	51.5	60.3	45.9	63.4	66.2	167	157	81.2	83	83.8	109	169	178	127	118	99.4	159	151	123	94.3	66.2	77.8	94.9	101	95	116	131	143	133	163	152	185	175	110	112	131	169	86.6	68.6	68.3	56.5	70.7	72.4	79.5	92	73.9	57.5	55.1
167	151	175	169	184	201	222	274	287	263	255	329	395	302	306	301	238	227	235	180	193	186	221	270	246	258	255	236	257	215	202	166	169	151	150	149	168	178	175	174	161	128	123	167	150	165	162	207	148	183	157	55.1	34.2	31.4	34.5	47.6	67	52.6	42.9	44.7	54	40.4	57	99	55	72.4	70.8	63.6	81.1	55.6	44	43.9	42.6	43.9	46.5	46.4	49	87.4	117	107	84.5	72.8	77.6	133	119	175	172	103	121	101	121	124	94.3	78.4	81.4	83.4	110	104	88.1	79.2	95.6	95.5	138	139	140	106	45.1	131	136	51.4	20	49.3	62.6	86.9	75.2	80	57.2	71.7	87.1	55
195	176	181	162	194	195	197	241	232	244	237	291	357	354	346	278	268	259	239	195	204	210	199	198	194	225	263	268	237	215	196	191	213	173	150	130	146	169	195	182	148	112	93.8	99.1	115	149	145	127	129	152	115	93.4	110	56.8	38.7	43	30.8	33.1	34.8	37.4	57.7	56.2	75.7	83.8	57.6	43.1	39.2	53.8	75.2	57.9	40.2	36.2	41.2	42.8	46.1	50.7	53.9	59.9	68.9	82	76.3	68.7	71.3	60.3	70.8	104	97	76.4	65.8	61.5	55.2	90.5	89.8	79.9	51.4	44.1	59.2	49.2	46	46.4	76.7	54.5	68.9	68.5	39.8	28.6	23.2	107	121	38.6	65.6	39	36.8	50.5	52.5	88.2	93.7	59.2	58.7	51.4
215	197	156	166	175	184	214	258	252	262	248	293	320	357	296	232	234	254	255	177	179	204	211	182	167	162	157	191	224	296	329	249	235	183	183	146	145	166	161	182	118	99.8	92.7	109	95.2	89.7	79.6	94.5	94.9	68.6	84.6	131	92.8	93.6	80	67.2	54.9	61.9	73.5	71.2	85.6	83.6	76.8	68.1	54.7	36.7	28.4	30.7	49.8	55	39.1	39.2	38.5	40.8	51.4	54.1	60.5	50.3	55.8	71.1	72.3	72.8	60.6	60.2	42	50.2	58.6	36.9	27.2	13.5	28.9	44.8	59.1	51.6	43.1	34.1	28.8	28.3	56.5	70.3	61.5	44.5	65.5	26.4	17.5	24.1	25.9	81.6	88.5	38.3	12	31	29.4	47.9	67.9	98.5	84.3	56.4	62	63.6
216	179	163	179	194	239	262	238	253	267	263	322	351	342	326	272	240	276	250	175	213	247	229	203	203	160	171	229	290	298	262	233	224	195	187	176	157	138	143	137	133	106	93.7	109	92	73.9	71.2	82.7	80.3	86.5	119	130	140	192	178	90.3	83.8	89.6	85	70.7	81.7	95.9	95.9	91.5	74.4	52.9	36.7	33.8	40.8	29.7	34.3	42.3	38.9	30.5	37.6	48.1	50.9	50.5	52.6	80.9	82.3	69.2	46.4	25.9	14.4	32.8	16.4	14.3	11.8	8.08	20.3	37.3	47.4	30.8	34	28.6	33.2	26.2	37.8	64.6	38.4	127	32.1	16.7	20.9	32.1	34.3	93.4	63.7	65.9	18.3	39.2	44.9	52.6	65.6	68	69.8	53.8	50.1	51.1
211	197	185	205	223	274	229	261	334	304	285	320	330	392	396	326	316	300	327	223	232	281	237	201	166	186	180	264	265	255	274	230	250	241	252	209	171	146	130	142	128	103	97.1	99.2	87	83.8	93.3	96.4	95.7	118	115	143	143	148	153	212	193	170	154	75.1	93.4	78.7	75.9	58.9	84.8	49.8	33.1	29.1	30.3	19.9	32.1	53.1	58.4	34.4	26.3	47.2	52.7	35.3	33.4	48.2	70.6	59.8	12.5	6.07	5.13	8.28	9.95	8.84	13.3	9.49	11.9	46.3	34.1	50	35.9	46.1	63.7	60.5	76.6	63.9	61.4	53.3	36.5	60.3	32.2	43.1	41.7	96.7	47.6	56	39.5	78.3	49.5	94.7	51.6	41.4	28.9	23.9	21.5	22
237	212	207	221	242	280	259	244	282	372	404	353	363	401	410	370	319	290	316	256	246	244	220	170	168	173	182	166	162	172	158	207	214	216	182	163	155	143	144	130	135	134	108	107	94.1	72.1	74	81.9	108	98.6	89.3	117	131	124	162	263	206	181	160	72.4	77.3	64.2	53	45.3	45.8	43.4	43.4	23.5	24.2	28.4	41.8	59.6	52.2	35.9	31.5	24	28.7	20.8	18.6	13.2	15.5	25.1	10.7	4.68	5.18	5.39	9.19	11.7	6.65	7.36	8.52	39.3	30.7	29.6	33.5	52	51.2	36.3	71.8	54.8	76.6	34.8	27.6	32.8	36.1	61.4	60	44	37	29.6	43.9	66.2	51.1	80.1	44.2	48.5	32.2	27.3	27.3	26.4
240	230	192	175	160	230	230	257	354	335	357	429	424	389	430	408	341	261	250	254	212	238	198	138	159	154	159	164	179	172	137	170	201	220	191	143	143	170	165	139	142	127	106	139	98.6	77.9	80	112	96.1	109	91.8	111	134	153	110	156	132	98.8	91.1	49.8	38	42.7	42.6	40.3	37.5	55.7	53.5	24.1	16.7	43.4	64.5	36	34.1	26.4	26.3	21.4	22.1	15.8	24.2	11.4	22.3	18.9	7.93	8.08	13.4	9.02	7.61	12.1	7.76	14.1	6.9	41	28.6	22.4	30	36.5	35.4	33.9	57.3	41	88	35.2	21.7	25.5	40.6	42.3	48	27.6	32.6	51.1	55.6	55.5	61.8	50.5	49.4	43.3	69.6	60.6	41.7	35.2
234	193	193	129	130	149	168	229	251	265	314	372	356	354	325	273	312	259	252	209	227	204	207	171	111	86.9	113	162	181	136	117	159	218	241	244	170	145	146	143	130	110	93.2	102	101	78.2	71.8	70.6	118	103	96.2	88.3	105	107	108	100	130	114	104	88.5	56.1	45	32	32.8	34.7	43.9	39.5	33	28.7	31.8	53.8	50.8	34.4	24.5	15.2	13	16.3	19.1	16	21.3	38.7	34.9	21.8	22.5	22.1	50.2	12.2	7.44	3.46	3.23	9.73	9.81	32.3	26.7	36.1	56	23.8	22	25.8	37.2	42.4	39	30.6	24.3	8.98	11.4	13	15.4	27.8	35.8	46.3	39.1	53.4	53.9	59.9	57.7	46.1	61	68.3	49.8	40.4
279	236	168	137	126	177	222	259	269	340	363	320	287	286	255	220	254	265	237	226	202	169	192	169	94.8	114	157	176	214	182	146	154	256	268	226	165	133	144	144	128	117	92.6	89.5	104	96.2	75.6	76.4	65	71	65.6	58.4	82.6	74.4	71.5	75.2	97.3	80.2	89.4	75.9	42.1	35.2	25.2	38.5	35.6	30	26.3	28	44.4	29.6	45.7	47.2	43.3	36.7	25.3	35	42	20.7	13.3	17.8	44.6	16	10.7	12.2	30.8	46.2	19.4	7.05	2.47	3.2	18.1	33.9	26.7	28	41.5	41.1	6.89	6.85	12.6	33.5	46.3	21.9	15.3	18.3	18	33.4	22.7	7.38	16.4	27.8	31.9	41.9	87.4	88.8	56.4	71	70.2	78	88.8	97.6	99.3
214	193	199	155	180	197	209	251	311	336	396	312	259	235	221	193	196	209	231	226	196	166	184	161	155	208	230	223	221	172	125	116	137	228	200	169	131	93.5	96.2	93.5	119	92.3	94.1	96.1	89.8	73.3	67.1	57.3	61.9	47	52	53.9	46.1	46.3	47.9	63.4	57.9	47.4	59.2	48.4	39.2	42.2	44.6	52.1	28	36.4	31.1	38.6	25.4	31.8	36.8	58.1	41.3	38.9	46.7	43.5	26.1	14.3	23.3	27	29.8	25.6	17.3	20.1	26.8	13.7	4.47	10.9	25.1	77.5	74.1	19.9	30.9	22.3	7.91	35.2	24.8	3.28	15.7	27.3	32.2	6.44	5.04	0.901	20.6	13.2	5.78	7.2	11	21.8	36	58.3	47.4	45.1	73.3	76.6	79.4	75.2	80.8	62.9
184	210	201	151	190	222	271	271	309	295	313	290	244	204	211	207	221	220	225	244	203	166	181	168	193	196	200	195	129	142	87.4	86.1	117	195	194	113	115	91.6	68.4	68.4	78.6	71.1	113	99.5	80.5	62.8	57.6	49.4	51.3	42.1	47.9	48	55.3	41	38.3	33.6	18.1	18.9	24.7	32.2	27.8	17.7	40.4	32.9	25.8	27.9	27.6	21.6	26.7	37.5	38.6	44.6	52.9	47.2	36.5	32.6	33	24.3	32.9	54.1	46.4	74.1	10.7	20.5	35.6	26.7	43.5	20.8	36.7	36.9	20.5	19.3	26.6	15.7	6.51	21.7	25.2	2.06	11.5	23.7	24.6	8.36	13.5	18.4	2.95	11.3	6.62	6.4	7.59	10.9	13.9	39.3	40	45.7	38	36.3	33.5	51.6	29	17.8
161	162	176	207	194	170	242	221	248	287	298	212	184	155	170	155	193	176	205	193	215	176	178	139	127	141	185	126	146	92.8	72.3	90.6	108	130	185	106	103	99.9	78.8	67	94.4	79.2	99.8	84	63.3	51.5	52.9	54.8	70.9	62.5	53.7	43.1	44.4	42.5	42.6	38.6	50.2	67.9	65.8	41.1	26	17	19.8	28.4	28.2	32.8	31.3	45.9	50.4	47.9	64.5	47.5	42.8	34.1	32.9	34.1	27.2	26.2	32.2	48.8	41.8	35.5	23.8	34.3	39.9	67	88.9	39	16.3	30.8	32	26.4	9.03	8.02	12	35.3	20.6	9.42	16.4	36.8	23.6	8.67	11.9	6.44	13.5	3.78	0.882	6.18	8.45	8.79	8.51	31.9	40	38.1	19.7	23.1	21.2	17.5	22.4	31.8
145	133	139	133	128	155	159	195	253	300	292	220	162	135	108	87.3	100	103	120	133	136	151	161	116	106	129	136	115	112	127	73.2	69.9	85.4	92.4	92.7	123	114	123	97.8	88.3	120	119	112	74.4	58.1	57.4	46.8	42.9	57.5	51.3	44.8	33.2	37.5	48.6	43.5	38.5	47.1	46.5	40.1	35.1	24.6	16.3	24.3	21.1	32.7	26.9	34.1	36.8	59.2	76.8	78.8	76.8	63	35.9	23.7	19.3	19.9	23.4	16.3	16.5	16.7	32	25.8	27.7	32.2	39.3	43.3	51.1	27.5	20.6	22.7	24.2	27.4	12.4	8.54	30	23.7	9.03	5.21	30.2	13.4	7.11	1.77	1.36	10.1	14.1	2.44	9.87	7.8	8.94	11.6	9.34	14	13.6	16.3	14.8	16.1	11.6	10.6	11.1
133	117	98.8	89.6	73.4	87.8	122	133	172	226	233	104	119	109	79.2	62.2	75	85.8	94.8	104	96	106	120	107	94.9	86.1	127	99.7	74	59.1	54.8	61.3	69	98	87	93.1	79	83.3	84.2	90.8	108	127	94.5	78.2	59.7	64	53.2	49.2	54.7	52.6	57.5	39.8	41.1	82.5	78.6	59.2	61.3	48.1	48.2	38.4	23.2	16.6	12.6	31.4	35.6	38	32.9	24.4	58.6	61.9	80.1	88	71.4	54.8	39.2	16	13.6	10.4	16	24	21.9	26.1	20.8	47	85.5	51.4	53.3	75.5	47.4	37.6	31.8	17.5	45	28.9	7.26	30.2	19.4	21.1	24.3	14.1	24.5	15.9	6.57	0.947	8.57	8.68	9.76	9.88	7.63	7.87	8.98	7.93	8.82	16	16.6	16.7	10.6	17.3	9.63	7.33
103	97.8	95	85.9	60.7	73.5	77	108	114	131	131	87.7	84.6	93.3	84.2	79.7	72	75.1	78	80.8	82.4	79.3	94.9	83.8	68.1	55.9	73.9	74.4	64.8	65.5	53.1	51.5	60.6	92.5	71	61.6	67	73.8	65.1	72.4	78.6	96.2	109	76.3	60.9	61.1	58.2	54.8	57.2	53.4	47.4	38.1	36.4	58.4	65.8	59.2	61.6	45.6	39.8	39	33.4	20.2	17.4	31.3	24.6	22.7	25.6	32.1	44.9	66.7	60.7	61.6	49	38.9	54.5	32.8	33.7	23.2	41.8	16.8	18.6	19.3	25.6	86.3	99.6	164	84.2	64.2	50.2	70.3	42.8	39.1	38.4	28.9	36.1	40.5	30.7	29.3	43.7	27.3	16.9	18.5	12.8	17.8	12.1	14.4	12.1	8.05	7.76	7.74	7.99	7.56	8.04	11.1	13.6	14.8	9.46	8.45	7.09	4.45
97	114	99	106	89.1	58.1	66.5	85.9	83.4	102	101	126	82.1	86.3	138	91	89.8	74.6	69.7	66.6	78.5	72.9	68.1	68	94.2	67.7	58.8	52.8	59.1	59.4	58.6	44.8	42.6	53.8	62	61.6	51.1	93.6	89.3	67.8	80.7	94.2	90.3	63.9	61.6	48.3	57.5	56.9	55	57.2	50.5	42.9	43.7	52.1	51.9	57.9	98.1	75.6	47.2	67.7	72.4	38.4	38.1	36.9	30.1	20.9	23.1	29.9	54.2	55.8	45.1	46	45.4	43.8	57.3	49.4	36.4	40	43.9	21.4	17.7	15.6	25.8	46	70.1	137	90.7	55.2	29.6	36	44.6	62.6	29.7	20.4	26.9	22.2	13.4	21.9	31.8	29.3	2.26	5.44	2.09	26	8.37	7.73	12.5	7.69	7.29	8.29	6.92	7.24	7.08	9.98	15.9	9.82	8.15	7.22	5.98	3.67
108	114	93.3	85.3	60.1	58.3	77.5	70.4	73	81.4	81.5	57.4	48.2	46.6	62.3	66.3	74.8	61	60.7	56.3	56.8	50.4	47.8	46	39	37.2	47	56	59	54.8	47.7	41.6	39.1	43.3	57.9	55.5	56.7	73.1	90.5	70.8	71.5	60.6	60.3	40.3	39.8	40	46.1	49.2	53.7	64.3	62.6	43.3	48.1	46.1	46.6	58	59.1	70.3	46.1	62.6	67.1	57.1	49.9	48.7	43.9	41.6	39.6	32.5	48.2	48.6	39.5	42.3	42.8	23.9	26	30.8	55.6	68	45.7	28.2	29.5	21.9	19.6	52.5	35.8	51.5	36.1	27.9	24.7	24	35.5	25.4	15.6	17.9	28.7	15.5	4.55	0.989	5.95	15.7	5.8	2.8	4.33	3.22	7.23	5.24	7.02	8.62	7.9	7.03	4.6	1.47	3.58	5	2.28	4.8	5.07	6.38	3.18	1.66
99.3	110	91.1	54.8	40.6	60.2	87.4	70.1	71.9	50.1	54.8	44.1	57.9	79.9	75.9	62.1	65.1	60.2	52.5	62.1	60	45.5	35.4	33.1	28.2	35.6	38.4	50.6	41.9	45.9	42.2	41.2	30.4	30.3	29.9	48	56	68.1	81.7	72.9	56.7	49.1	46	31.9	34.7	33	39.9	56.8	48.8	62.5	57.6	51.8	52.2	49.2	58.2	41.5	35.3	58.9	36.7	47.1	74.5	55.3	41.1	61.2	46.4	43	43.7	46.3	42.6	40.4	42.2	31.3	22.5	20.2	22.7	45.5	51	57.5	46.4	37.6	45.1	33.9	21.8	27.4	22.2	22.4	12.7	7.98	23.1	27	29.4	34.2	21	34.4	36	10.1	2.97	2.21	4.25	13.1	11.2	4.18	1.79	1.15	2.06	2.69	2.79	4.93	13.8	9.13	4.28	1.24	1.7	1.43	1.33	4.05	3.54	4.96	4.24	4.89
160	140	107	94.2	79.8	103	98.1	81.8	65	41.1	45.2	32.7	42.8	58	66.8	63.5	55.2	49.2	62.6	78.7	65	54.1	39.3	36.8	31	37.7	49.5	51.4	57.8	81.5	76	68.2	52.8	44.3	40.1	50.8	61.7	54.9	64.2	62.3	72.1	66.8	52.7	38.3	39.2	30.2	33.4	34.2	31.8	35.3	45.2	47.2	46.5	44.9	47.4	28.8	22.9	35.5	32.8	43.3	41.1	29.2	43.2	40.8	43.5	49	43.9	40.9	42.3	34	26.5	26.1	31.8	34	25.7	25.3	37.6	49.7	35	38.2	31.8	28.6	26	29.8	26.8	25.1	16.9	25.3	35	20.3	45.8	61.5	41.8	59.5	33.4	11.1	9.19	11.5	11.2	8.62	11.6	10.7	4.26	2.83	2.3	2.48	1.67	2.73	6.32	8.69	8.91	1.06	1.19	1.24	1.11	3.85	3.19	2.71	2.45	4.36
149	140	107	102	92.8	71.2	61.2	59.7	54.6	53.8	53.2	43.1	40.9	56	63.2	49.1	52.7	36.5	37.9	60.8	44.3	42.9	35.5	32.7	31.6	33.7	36.9	40.7	38.3	36.2	74.9	75.5	54.8	48.9	42.5	49.1	55.1	45.7	62.2	82	67.6	60.5	49.7	40.2	37.4	36	38.7	23	32.4	43	33.9	38.3	38.1	43	36.8	37.8	39.5	50.4	48.3	46.8	33.5	23.1	15.3	53.9	45.7	34.4	47.2	58.3	49.9	51.8	32.2	37.8	44.8	35.6	27.5	22.3	27.3	27.7	32	25.2	18.4	20.2	23.4	22.6	19.6	41	37.3	35.5	44.4	47.5	35.9	46.9	39	44.8	25.1	7.05	7.27	11.6	9.7	9.69	7.64	7.27	3.84	4.71	6.27	2.09	2.42	3.01	4.82	8.6	8.81	0.957	1.04	1.03	0.924	2.58	2.33	1.81	1.39	3.81
157	139	107	87.9	89.9	67.6	51.6	35.5	42.2	59.7	56.2	46.8	31.2	30	32.7	27.7	21.8	24.3	26.7	24.7	33.8	26.9	23	16.7	29.2	36.3	38.9	28.4	38	32.2	28.6	47.8	52.4	45.2	47.7	57.4	61.9	67.1	75.2	88.8	92	69.5	67.2	82.8	98.8	77.7	89.4	24.4	57.5	66.1	42.1	50.7	37.7	31.4	34.3	56.4	49.9	41.6	38.2	23.9	18.9	18.8	39	26.7	40.8	43.3	42.7	48.2	47.2	48.4	53.4	41.5	48.1	30.4	20.4	31.8	45.2	21.8	14.1	12.1	33.2	26	10.4	13.8	27.7	53.2	49.1	27.8	14.3	24.7	31.1	50.5	41.4	24.1	9.88	14.7	15.7	11.1	10.4	10.9	15.6	10.2	9.48	7.29	13.3	13.8	8.1	9.5	11	10.7	7.39	2.72	2.75	3.98	0.538	0.253	0.203	0.2	0.122	0.157
157	135	106	78.3	75.1	61.7	62.6	45.1	41.3	48.6	45.2	31.7	28.2	27.8	23.6	23.4	21.1	19.7	23.3	21.2	24.8	23.3	28.9	21.4	24.2	54.3	42.9	35.9	32.8	32.1	24.4	33.9	53	63.1	54	47.5	53.7	39.6	44	41.8	54.2	68	76.6	85.2	82.1	68.9	75.4	36.2	59.8	57.9	45.7	56.4	45	32	29.4	35.1	22.2	24.8	20.7	18.2	20.2	36.4	44.9	30	44.6	42.4	49.7	66.2	61.6	50	37.6	27.3	43.1	30.8	30.1	32.2	39.5	21.7	13.1	10.2	24.5	18.3	10.3	22.8	23	31	45.9	61.8	30	16.9	21.7	39	33.2	11.5	7.23	17	19.9	17.3	12.7	9.74	11.2	7.68	12.9	16	9.94	12	9.11	9.48	7.56	5.29	8.25	3.5	1.38	0.475	0.427	0.169	3.76	6.31	3.44	0.129
144	133	109	91.3	78	96.3	67.2	40.5	43.4	43.5	37.8	33.3	36	26.7	20.9	22.7	29.1	16.3	19.5	25.7	23.4	28.4	29	36.8	31.6	34	36.2	28.5	31.4	30.6	26.4	26.9	43.4	65.9	68.1	49.7	41.9	30.4	30.3	40.2	40.8	40.3	53.6	67.9	69.4	56.3	59.5	48.4	61	64.4	48.9	38.4	36.5	36.3	38.8	38.3	13.5	14.8	16.6	14.7	21.5	41.7	38.3	18.6	14.1	14.3	24.4	54.6	50.2	42.9	27.5	25.8	25.2	17	28.3	32.5	35.6	22.9	16.5	7.05	9.32	10.3	4.89	5.65	12.2	17.1	18.5	18.9	19	15.1	12	18.5	6.65	3.29	15	14.7	10.8	12.7	14.4	19.2	8.4	12	14.4	8.51	7.03	6.36	8.38	9.03	6.99	4.11	8.94	9.46	2.97	2.81	0.345	0.137	5.48	0.0499	0.0367	0.204
124	130	116	75.9	63.5	86.4	92.3	42.3	54.2	50.6	41	41.9	33.2	30.2	20.3	24.4	24.7	22.5	20.9	19.8	20.1	22.9	27.8	37.8	41.2	36.8	25.1	25.9	26.7	31.3	30.1	40.2	44.3	49.8	52.4	41.3	37.9	30.5	37.9	30.1	30.1	29.4	29.7	52.8	70.4	65.9	76.5	39.5	55.1	54.2	40.5	44	43	37	42.2	39.4	18.1	15.7	14	22.6	31.7	32.5	32.5	20.1	14.9	9.77	15	22.8	26.3	24.7	28.5	40.1	31.8	14.4	21.2	29.8	24	26.7	16.8	7.87	4.54	9.51	2.76	6.7	3.48	4.37	10.3	16.4	11.8	10.8	8.24	10.8	5.96	1.91	2.01	5.78	3.96	3.76	10.2	8.02	9.23	9.17	16.1	8.51	5.83	11.5	8.05	3.99	4.91	3.99	3.38	7.9	0.569	4.74	3.27	0.159	3.35	3.81	4.2	0.81
93.3	104	93.9	54.9	37.6	54.3	77.8	35.5	33.5	37.6	46.7	30	43.1	46.9	27.9	22.6	17.8	18.5	27.7	39.6	25.3	24.5	32.9	30.3	30.6	25.6	25.4	22.7	17.4	19.7	21.5	26.9	31	26.1	30.2	29.3	26.6	29.8	24	31.1	18.7	24	26.3	37.1	50.2	66.9	49	35.9	20.6	34	33.4	54.1	69.1	77.4	67.6	52.3	30.1	25.1	21.4	22.9	41.6	27.4	17.5	10.9	11	5.92	6.91	8.78	9.07	11.1	21.7	28.8	22.3	24.4	24.8	28.1	22.5	13.2	10	12.6	13.8	11.2	8.63	10.7	3.66	8.09	2.13	6.3	8.86	5.36	9.69	14.7	9.62	4.64	1.03	4.55	11.1	10.5	9.07	5.34	6.46	9.3	14.7	6.06	8.92	12.6	11.8	15.1	1.04	0.997	3.69	7.75	1.68	3.23	0.635	3.18	3.63	0.763	1.51	1.32
96	88.7	99.9	62.2	35	38.8	39.5	20.7	21.3	34.6	34.8	25.5	29.6	43.6	25.2	18.4	13.6	17.3	20.9	36.6	30.8	23.8	19.9	25.9	25.7	18.3	19.4	16	16.1	16.1	17.2	16	21.5	25.4	28.9	46.1	44.1	39.6	36.5	52.8	44.4	39	26.8	25.7	46.5	59.1	52.9	26.8	20.9	26.8	23.3	39.6	48.6	47.4	55.7	35.8	31.9	35.5	35.7	22.3	18.9	16.4	22.1	14.6	12.5	8.18	10.4	10.1	23.2	17.2	21.8	19.7	18.7	18.3	15	15.5	14.6	8.9	7.94	10.4	12.2	15.1	20.9	15.5	5.08	3.72	2.68	3.38	4.62	7.59	8.67	10.6	9.44	0.958	1.14	2.62	8.28	11.2	7.6	5.6	6.45	7.68	8.21	8.42	6.74	8.64	6.25	7.35	7.6	1.09	1.03	1.06	1.97	1.91	0.705	0.316	7.46	1.29	2.4	1.65
107	117	114	98.8	53	36.6	31	24	31.7	32.2	51.1	28.2	38.8	42.3	26	18.9	19.2	22.4	27.2	32.5	33.9	25.9	16.8	23.5	25.3	16.9	14.2	15.4	21.3	23	17.8	17.2	22.9	32.6	27.9	31.8	30	29.9	36.4	68.3	46.2	41.2	37.6	32	33.9	41.2	28.9	11.9	9.67	12.9	12.4	36.1	39.1	47	71.8	39.4	33.9	32.4	36.3	31.1	15.3	15.6	24.2	18.7	23.9	25.3	45.8	27.9	23.5	18.8	9.88	11.9	12.2	12.2	14.3	12.9	10.3	8.75	16.4	15.4	14.6	18.8	14.9	16.1	14	8.63	4.53	0.547	2.2	3.71	3.82	4.16	0.983	0.966	1.14	4.55	7.37	7.8	6.3	5.27	6.64	6.51	7.59	7.31	8.06	6.08	6.07	5.58	7.35	1.1	1.24	1.1	3.53	3.99	0.77	0.482	0.862	1.58	2.34	2.7
102	121	109	85.7	62.9	41.2	41.8	36.1	37.9	25.4	36	29.6	25.6	33.3	29.9	24.9	24.5	18.6	16.8	18	32.8	24.9	16.2	21.8	32	17.1	15.1	13.9	15.2	14.1	13.1	14.8	24.7	23.1	23.4	25.2	33.4	32.2	35.3	32.5	36.5	40.3	46.5	29.5	32.3	44	30.2	7.86	6.48	8.63	12.9	40.7	56.8	54.1	69.2	41.6	42.7	29.8	23.9	36	19.5	44.5	22.6	12.8	15.9	25.3	31.4	28.3	20.4	27.6	32.1	22.2	13.1	13.9	15.8	11.3	11.1	12.1	24.7	23.7	26.1	23.8	13.7	11.8	10.8	8.21	3.81	0.489	0.657	4.72	4.52	1.16	0.918	0.881	1.01	4.15	4.47	2.95	3.48	4.33	4.9	5.31	5.64	4.94	7.76	8.12	5.33	1.03	1.03	1.03	1.01	1.08	1.06	2.65	0.828	0.608	1	1.76	2.56	2.02
79.8	87.8	89.8	93.3	88.7	54.3	49.6	47	24.4	26	24.5	23.6	44.3	32.7	30.3	26.7	22.7	18.7	14.7	18.2	22.2	16.7	15	15.5	11.9	10.7	12.9	13.6	14	15.7	21	19	23.6	24.3	20.4	17.5	46.7	23.7	18.3	29.3	31.8	45	32.5	10.1	30.5	48.2	16	12.9	14.8	17.1	22.2	22.8	35.1	35.3	50.4	36.2	47.6	32.5	8.36	15.8	10.5	12.1	29.4	24	20	25.7	36.7	34.6	25.9	44	47.8	34.3	21.7	17.8	16.8	12.9	11.7	13.3	13.8	15.6	18.4	13.7	10.4	8.1	9.37	2.98	0.543	0.623	0.425	4.74	6.44	4.34	0.133	0.119	0.135	1	1.25	1.26	2.07	1.41	1.57	1.71	1.83	2.22	2.35	5.21	2.62	0.802	0.836	0.859	0.862	1.05	1.07	9.8	0.874	6.7	13	2.63	2.92	2.53
106	108	99.1	89.3	112	82	56.3	55.6	49.8	26.4	26.9	17.9	31.6	54.2	32.9	21.6	22	26.7	22.2	17.2	16.8	16.2	15.9	16.9	15	12.1	16.1	15.8	15.4	16.9	19.6	17.3	17.4	20.9	19.7	45	65.4	63.8	47.6	57	29.3	14.3	10.5	11.4	16	13.5	11.4	13.6	27.3	34.6	23.3	22.6	47.7	62.5	61.8	54.6	48.7	83.6	51	42.2	20.6	22.5	27.2	53.1	43.9	29.6	23.9	33.5	20.6	54.5	60.6	22.9	20.4	25.6	19.9	15.7	12	11.9	11.3	10.2	13.6	14.8	8.62	8.57	6.21	0.687	3.31	4	3.62	3.3	8.03	6.85	0.138	0.103	0.891	0.826	0.926	1.06	1.07	1.01	1.09	1.2	1.34	1.7	1.82	1.99	2.2	0.7	0.749	0.792	0.827	1.04	1.98	1.04	4.81	7.13	6.64	3.05	3.27	2.76
104	87.8	71.1	75.6	69.5	91.4	82.9	49.4	47.7	33.4	37.9	23.4	27.6	26.7	27	22.1	20.7	18.6	19.7	15.7	14.6	15.2	17.4	15.8	16.2	13.5	13.8	15.2	15.5	16.2	18.7	16.7	19.9	23.1	31.9	55.5	43.5	50.1	49.4	42.3	23.6	14.1	18.4	29.5	27.2	16	11.9	10.7	17.1	32	9.56	13.4	28.1	62.4	65.8	54.4	61.3	58.8	61.3	30.9	7.37	7.5	13.3	18.4	17.3	19.1	15.8	22.4	26.3	21	32	24.1	18.7	17.2	17.9	17.8	12.6	10.7	10.4	9.03	9.23	12.1	12.6	23.2	8.77	3.38	3.77	9.6	5.73	9.01	7.5	3.44	1.43	0.123	2.47	0.746	0.721	0.748	0.795	0.816	0.763	0.853	0.994	1.29	1.44	2.52	2.74	2.18	0.679	0.742	0.796	1.01	1.09	8.36	8.18	7.01	3.23	3.45	3.56	2.95
117	110	90.4	107	107	83.5	91	67.1	59.5	46.2	46.8	27	26.9	39.8	35.1	22.3	26.1	18.9	15.9	15.2	14.3	14	18.5	16	16.4	12.6	14.2	18	19.7	17.4	18.2	20.7	18.6	18	16.7	25.9	36.1	39.5	36.6	29.6	51.6	30.9	56	60	51.3	17.8	14.2	8.39	17.8	38.8	37.5	35	21.7	55.8	63	65.8	59.5	40.9	47.6	43.5	20	10.6	27.9	34	17.7	23.2	31.4	26.8	20.3	24.4	27.3	22.8	21.3	23	24.6	20.6	16	13.4	13.2	9.44	9.16	11.2	16.3	30.6	13.4	4.02	10.7	16.7	7.53	4.48	0.244	0.165	0.113	0.0872	0.0875	0.575	0.576	0.592	0.627	0.569	3.22	1.44	0.945	1.06	1.2	1.39	1.63	0.56	0.628	0.731	0.77	1.01	1.1	5.76	5.39	10.1	12.2	11.7	3.9	3.19
80.2	107	121	117	103	79.1	76	49.6	53.7	52.3	49.2	32.2	31.1	27.5	33.4	23.9	22.6	28.4	19.2	16.7	15.7	14.7	15	16.1	15.3	14.4	17.4	17.4	15	17.5	17	16.9	17.1	18.2	20.2	20.5	15	23.7	36.8	38.9	48.2	37.5	39.3	49.4	33.4	27.9	27.3	22.1	27.6	36	34.2	30.5	30.2	29.6	44.1	57.2	55.7	37.6	27	20	18.9	19	47.7	27.1	16.5	20.9	24	21.7	16.2	15.3	15.9	17.5	18.7	16	19.7	13.4	12.1	12.9	10.3	7.72	7.61	6.96	8.8	8.3	1.56	2.95	7.37	11	1.56	1.32	0.912	1.33	0.295	1.41	2.03	0.497	0.449	0.426	0.447	0.419	0.437	0.506	0.624	1.51	1.28	1.64	4.35	1.76	2.93	3.13	2.67	5.03	5.62	5.85	5.6	5.42	18.6	22.5	15.2	19.3
109	129	120	104	121	82	71.5	68.1	64.6	37.1	47.1	30.7	26.7	22.3	22.5	20.1	19.7	23.3	22.8	18.1	19.7	17.9	16.6	16.5	15.6	16	16.4	17.3	15.7	15.8	16	15.3	19.8	15.4	17.5	15.8	14.7	17.9	32.4	43.4	45.9	49.7	55.1	42.6	23.6	23.2	24.3	25.6	28.5	28.7	33.4	34.4	37.6	42	38.5	27.8	32.5	36.5	22.8	18.6	28.5	27.8	40.3	36	16.5	13.5	6.62	10.2	9.32	8.53	8.98	11	13.7	12.7	11.1	10.2	9.37	9.05	9.13	7.25	7.22	6.92	6.37	5.49	4.01	3.23	1.45	0.992	0.469	0.379	1.6	3.31	1.43	0.881	3.11	1.21	0.365	0.289	0.28	0.257	0.265	0.32	1.5	2.1	0.939	1.21	2.06	3.29	9.78	4.51	2.57	4.99	5.69	5.9	5.78	5.78	10.1	12.6	11.9	11.2
79.2	135	136	117	104	88.5	55.4	35.8	36.4	27.9	35.8	27.3	24.2	26.3	24.1	27.1	28.2	28.1	34.9	22.2	23.8	22	18.2	17.4	18.2	20.9	18.3	21.2	19.2	20.8	19.6	16.6	17.2	17.5	17.9	15.2	18.8	22.8	24	37.7	31.5	23.4	50.6	55.9	49.8	29.2	37.5	42.5	30.8	27.6	49.3	58	55.1	42	43.6	54.8	42.3	57.2	21.9	17.9	22.5	21.7	37.5	42.2	19.7	19.2	10	7.6	4.78	3.28	3.57	6.56	7.46	7.7	7.29	7.19	7.67	7.58	7.2	6.61	6.54	6.67	5.11	1.62	0.885	0.422	0.373	0.542	0.455	0.379	0.312	0.168	0.118	0.242	0.329	0.397	0.269	0.179	0.183	0.166	0.169	0.222	0.528	0.958	1.18	1.32	1.5	9.91	4.09	2.92	9.75	4.92	5.67	9.55	5.95	6	6.07	9.76	10.2	7.91
58.6	94.1	146	120	82.3	78.9	59.2	32	28	24.7	40.1	38.8	55.4	40	28.3	20.4	25.6	24.1	36.4	33	22.4	19.2	17.7	18.3	20	20.9	19	24	23.9	25	21.9	18.3	22.2	21.7	22.4	18.4	23.9	24.2	25.7	37.1	40.9	66	68.3	58.8	41.8	40	26.3	38.7	35.1	27.7	49.3	68.1	59.8	52	45.6	45.9	34.9	41.2	39.5	38.6	24.4	19.5	24.1	21.6	10.3	11.5	10.8	8.55	4.69	3.95	6.27	4.29	4.6	5.34	6.07	5.29	5.66	5.69	5.57	5.4	5.24	4.94	4.52	0.478	0.432	0.386	0.348	0.518	0.449	0.383	0.322	0.178	0.131	0.0961	0.0759	0.356	0.288	0.618	0.159	0.147	0.153	0.26	0.323	1.13	1.21	1.08	1.42	9.47	11.3	4.35	10.4	4.86	5.61	9.65	6.08	11.9	6.24	6.27	5.93	8.5
49.1	38.4	69.1	50.5	38.5	42.2	41.6	39.9	36.6	37.2	36.2	35.7	44.5	43.7	38.3	25.5	26.4	29.2	28.5	25.8	23.9	21.7	20.8	17	17.4	18.5	20.5	25.3	27.5	24.9	22.5	27.1	25.4	25.3	24.4	24.3	25.9	26.6	28.6	29.2	30	44.7	42.7	22.5	19.2	18.3	17.5	23	31.1	31.3	29.7	31.8	37.4	38.2	45.1	46.6	39.9	28.2	27.1	28.3	27.3	27.9	23.5	14.2	16.5	17.1	7.69	5.85	2.97	2.03	2.52	3.01	2.78	2.69	3.19	1.3	1.5	1.4	1.67	5.33	4.23	4.29	3.72	3.21	3.42	2.66	2.43	3.06	2.34	1.98	1.68	0.536	0.266	0.184	0.142	0.135	0.0928	0.683	0.0709	0.0658	1.12	3.25	2.53	1.65	0.956	1.84	3.25	4.68	11	8.16	5.07	8.26	5.71	6.11	10.2	11.8	7.79	10.6	6.73	16.2
34.4	29.7	33.5	32.1	40.3	47.9	47.4	40.1	44.3	41.6	49.1	34.3	43.7	41.1	42.9	30.5	29	32.8	30	25.4	28.2	21.6	17.4	19.3	20.1	19.4	22.9	29.1	28.2	25.9	24.2	28.4	27.4	26.3	25	25.1	25.4	28.5	35	33.2	29.7	30	30.1	19.6	18.1	12.6	11.5	22.1	23.8	32.2	28.6	24.1	26	26.4	25	44	38.2	32.2	21.2	7.25	16.2	13.6	15.1	9.96	8.35	11.3	10.9	10.3	6.19	2.32	1.86	2.32	3.18	2.39	4.07	1.37	1.08	1.28	2.26	8.35	11	4.84	4.18	4.07	3.43	2.37	2.22	2.39	2.24	2.01	3.26	0.554	0.264	0.252	0.278	2.41	3.4	0.0781	0.0643	0.0562	0.0612	0.0974	0.166	3.2	3.18	5.44	9.58	5.44	4.33	5.39	13.2	18.3	5.65	6.14	6.25	7.48	11.6	7.46	8.87	17.4
25.3	29.4	34.6	27.3	30.5	40.3	35.7	29.7	39.2	45.6	60.3	50.1	34.3	33.5	35.2	29.6	28	30.2	30.4	27.8	29.6	28.3	22.7	26.1	30.8	23.4	24.8	27.3	24.9	25.6	27.1	27.1	26.2	27	24.5	24.6	25.9	32.2	39.1	32.1	26.4	25.9	23.5	10.9	12	11.1	9.55	20.1	21.9	23.7	23	21	21.9	35.7	39.8	59.8	46.2	36.7	24.9	13.5	13	11.8	9.83	11.4	4.78	3.96	3.58	3.11	4.83	2.35	2.12	2	2.46	3.66	13.4	16.5	13.3	7.29	1.96	13.5	29.9	14.8	5.77	4.4	3.61	3.03	2.11	2.34	2.21	2.03	3.67	2.08	0.772	0.227	1.69	0.83	2.1	4.15	3.24	0.176	0.11	0.608	0.221	0.9	1.1	2.6	2.73	2.03	4.43	3.11	2.2	8.28	5.44	5.9	8.98	19.3	11.7	7.15	11.1	7.49
32.2	37.5	32.6	29.1	32.7	35.3	42.6	31.7	42.3	50.7	53.6	54.1	41.6	35.1	34.2	32.1	37.4	39.3	36.7	34.1	25	23.8	26.3	24.3	29.7	27.4	29	28.2	24.4	26.8	26.6	25.7	26	30.1	28.5	27.4	28.7	30.7	33.1	30.3	31.5	23.6	21.8	12.2	10.4	14.2	7.67	18.8	19.9	20.3	21.6	20.5	20.5	23.6	27.7	51.7	53.2	47.2	34.9	21.2	15.2	4.02	2.96	9.12	5.49	3.86	4.11	3.7	2.44	2.87	3.79	2.29	2.1	3.09	16.1	21.4	15.1	9.64	6.77	6.21	10.7	11.1	9.56	7.17	2.75	2.87	4.11	2.64	2.19	2.03	1.8	2.13	1.68	0.246	0.198	1.42	1.49	3.42	4.33	0.555	0.215	0.263	0.33	1.17	1.36	2.79	1.76	1.46	1.61	4.82	5.5	4.52	5.39	5.46	5.51	13.1	13.1	15.3	12.9	4.78
27.8	34.7	66.6	55.1	45.8	56.8	51.5	40.8	31.1	45.5	47.6	45.8	50.8	50.6	43.2	35	36.5	41.5	35.6	29	27.2	26.5	26	22.5	22.5	24.6	22.8	25.9	28.8	28.3	28.2	27.8	31.4	31.1	32	30.1	27.6	30.1	32.6	28.2	25.5	24.7	23	7.44	9.32	10.1	9.43	19.6	20.5	21.6	22.2	21.6	22.6	23.2	33.2	45.6	45.5	51.6	55.1	45	13.1	10.1	8.13	16	14.4	7.65	5.9	5.98	7.17	7.02	6.64	6.4	5.82	5.79	10.4	25	16.7	14.8	13.2	10.1	11.4	15.3	10.4	4.94	3.93	7.5	4.63	3.73	3	2.8	2.57	0.699	0.356	1.74	0.25	3.19	2.99	1.81	4.47	5.04	3.56	0.851	0.998	1.99	2.24	2.49	2.72	2.61	2.81	3.11	3.52	11.5	7.49	5.56	5.48	13.7	9.87	17.8	14.4	6.05
31.1	33.4	48.5	50.4	53	51.2	30.6	23.5	23.3	36.1	39.7	46.9	48.3	43.3	42	34.7	36.2	50.2	44.6	33.9	29	27.5	25.9	21.4	22.7	21.7	25.4	28.8	30.5	34	31.7	29.3	32.7	30.9	29.6	27.5	30.2	26	29.1	25.8	25.1	24.9	24.8	8.97	7.51	10.8	9.39	20.1	20.8	21.3	21	20.7	22	22	23.7	29.7	28.6	55.8	53.2	35.9	21.3	19.4	14.2	15.1	12.2	7.43	6.5	6.73	7.15	5.4	3.87	3.73	4.68	6.36	9.6	12.1	11.3	8.33	9.76	8.96	10.8	11.7	4.01	6.14	6.87	8.45	3.58	3.05	3.05	2.8	2.56	0.585	0.374	1.46	0.275	0.622	2.04	3.1	5.49	10.3	5.32	1.1	2.92	2.82	2.65	2.87	3.06	2.86	3.02	3.24	6.58	14.9	7.55	5	4.82	3.83	9.67	10.6	4.08	6.01
30.6	30.6	32.7	25.7	24.8	24.8	26.5	19	21.9	32.9	42.5	35	33.2	32.6	34.5	41.3	40.2	45.1	48.9	39.8	37.3	30.5	26.7	21.9	20.9	19.5	24.7	30.3	36.1	38	31.7	35.7	37.7	35.7	33.3	30.9	31	26.5	30.4	25.5	29.5	25.5	26.7	9.61	9.63	12.8	12.8	20.5	20.3	20	20.3	19.2	22.8	23.4	20.2	22.7	25.2	66.3	49.1	25.9	41.4	34.6	22	13.4	10.7	8.03	7.23	5.75	8.67	7.79	7.34	6.92	5.47	7.27	8.28	11	6.04	6.87	5.37	8.13	8.51	6.84	5.68	9.18	11.3	7.77	4.05	3.74	4.8	2.9	2.61	0.489	2.26	0.344	0.466	1.63	0.614	0.626	3.86	6.93	2.91	1.43	1.56	2.95	3.16	3.33	3.43	3.1	3.18	7	7.17	8.09	4.56	4.49	4.19	3.23	5.7	9.82	6.96	3.56
29.7	32.1	31.6	30.1	24	24.8	24.2	18.7	22	37.5	39.4	29.1	28.9	25.8	31.8	34.9	37.8	40.6	39.3	34.5	35	33	29.1	24.5	22.7	22.2	24.5	29.8	34.3	35.3	34.5	40.7	38.8	38.1	35.4	36.5	31.6	30.9	29.4	25.4	29	29.7	25.4	10.4	9.58	17.4	17.7	19	17.7	17.6	19.8	17.6	19.9	23.4	18.7	20.4	22.9	36.7	33.8	27	17.8	20.1	25.1	19.2	13	9.34	8.66	7.62	8.98	11	11	8.14	6.24	8.21	7.47	5.62	6.11	6.28	4.71	5.37	5.76	8.27	11.2	9.49	17	7.74	6.56	3.83	4.04	4.13	3.27	1.63	1.23	0.362	0.336	0.864	0.787	0.841	1.03	1.49	1.7	1.86	1.96	4.76	5.32	3.84	3.81	5.61	5.31	3.3	3.3	13.2	8.41	3.95	3.65	8.53	7.42	2.89	5.99	8.52
40.1	43.4	46.8	38.3	31.3	33	30.6	26.7	27.3	29	28	36.4	28.1	24	29.4	31.5	30.6	33	35.8	36.8	35.9	36	34.1	28.3	26.4	25.3	26.3	31	33.9	34.6	43.2	43.7	42.5	44.6	42.3	37.8	35.4	35.6	39.1	32.1	41.1	32.1	37.1	67.5	26.7	30.1	22	11.6	9.4	11.8	14.5	16.2	16.7	17.6	14	14.2	23.9	17.4	31.5	63.6	54.3	49.1	49.4	43.1	24.4	15.2	16.4	10.9	11.3	10.9	11.3	10.6	12.5	15.7	11.4	8.69	5.39	10.9	8.44	11.1	13.4	7.95	15.6	11.6	11.6	9.64	4.68	4.39	4.56	5.64	5.35	3.44	1.47	1.29	1.25	1.38	1.33	2.4	3.02	3.16	3.63	3.91	4.06	5.2	5.35	5.33	6.48	6.92	4.76	4.34	5.97	6.66	3.38	3.17	2.88	5.83	1.72	2.04	4.93	3.53
47.2	49.5	54	46.5	45	37.5	32	23.1	25	25.7	29	26	20	19.1	22.7	31.5	28.2	34.1	37.6	38.3	36.4	35.7	35.2	29.9	27.3	26	28.7	32	31.9	39.6	52.3	48.2	49.3	42.9	42.5	35.7	36.6	38.9	41.7	37.4	39.3	29.9	38.2	57.7	32	21.7	24.6	10.8	6	7.98	17.3	22.2	11.4	18.1	16.9	18.9	10.7	13.2	6.8	44	41.3	27.6	16	27	30.1	17	12.5	10.9	13.8	11.8	12.8	7.19	9.14	16.7	16.7	12.3	19.2	15.6	20.8	24.8	20	9.42	12.8	13.8	14.1	10.5	8.82	5.65	4.98	5.7	7.63	5.72	1.73	1.42	1.4	1.57	1.56	1.81	2.12	3.77	4.32	4.62	8.34	6.57	7.23	7.14	6.96	5.57	5.61	4.32	4.75	5.77	3.15	2.86	3.67	8.43	1.25	2.09	2.35	3.17
39	50.5	65.1	68	69.9	47.8	42.9	28.9	24.9	25.4	27.4	18.4	17.5	17.7	20.8	24.8	33.2	41.2	41.2	36.7	39.2	39.5	37.4	30.5	27.4	26.9	30.6	34.5	32.9	38.2	46.2	49.6	49	42.8	41.8	39.1	37.6	39.7	41.8	42.8	33.3	39.5	33.9	54.7	47.2	30.9	30.3	16.8	8.67	7.88	12.4	8.94	15.6	19.8	13.9	16.7	15.1	14.2	19.7	44.2	40.7	44.4	30.7	24.1	23.8	15.6	11.4	14.2	16.7	12.8	11.8	7.7	17.1	18.7	17.4	22.2	18.9	17.7	10	16.7	13.2	12.4	18.3	12.1	12.3	10.6	9.88	6.24	4.82	5.32	5.86	2.84	1.94	1.45	1.39	1.89	1.63	1.85	2.27	5.32	8.12	7.12	8.56	7.56	7.67	6.38	6.85	5.68	5.15	4.17	6.66	2.93	2.57	4.81	3	4.76	6.51	9.9	2.05	8.53
28.4	36.2	61.1	77.8	75.1	65.1	50.6	28.9	25.6	26.6	24.9	16.9	17.7	16.9	17.9	17.9	24.1	30.4	41.9	41.1	39.9	42.6	43.8	33.5	30.6	29.6	29.8	33.3	34.1	35.4	38.5	44.8	45.3	42	41.9	38.7	37	37.7	42.4	47.4	38.3	37.6	32.8	43.8	37.8	26.6	27.5	19.3	24.9	12	11.5	12.3	11.9	13.4	20.6	28.5	17.2	13.8	11	27.8	58.4	51.5	41.2	36.7	29.2	22.4	9.52	11.2	10.3	6.06	5.94	9.53	11	19.8	20.1	24.6	20.7	19.3	10.9	17.7	10.8	10.2	11.5	5.51	9.71	9.17	8.95	7.04	6.27	5.79	6.34	3.49	2.34	1.38	1.37	1.56	2.81	3.22	2.24	5.67	6.68	6.78	6.98	6.7	6.83	7.17	8.62	11.6	8.41	6.27	6.16	4.09	3.15	7.34	2.76	9.68	8.41	9.67	3.1	4.94
18.8	26.3	42.5	34.3	46.5	42.6	38.7	23	20.9	21	20.9	20.4	18.4	16.3	16.5	17.1	19.9	23.9	30.2	34.9	38.8	44.1	41.1	38.5	33.3	33.1	33.7	29.5	33	34.1	37.2	35.9	40.5	40.9	43.2	36.2	36	35.5	38.2	32.5	31.8	32.3	31.3	34.2	36.1	26.7	22.7	29.4	29.6	33.9	27.5	21	8.39	9.8	15.9	29.2	17.3	16.3	14.7	26.4	31.3	39.5	34.5	30.8	32	22.4	16.6	11.5	11.8	10.6	7.96	7.16	9.54	10.3	12.2	11	8.96	18.9	8.67	10.1	9.69	8.46	13.5	7.86	8.42	9.7	11.8	11.2	9.57	6.82	6.66	4.69	3.14	1.98	1.62	2.25	2.52	2.9	3.07	4.94	5.82	7.57	6.49	7.63	7.97	8.16	7.98	6.09	4.43	4.32	4.71	3.02	1.63	2.45	0.895	2.91	0.442	0.586	1.7	1.85
13.7	15.2	22	26.9	29.6	34.1	48.9	30.4	25.6	22.6	19.6	31.3	25.8	15.9	16.3	16.2	18.6	20	24.5	33.4	35.2	41.1	37	33.4	33.2	34.7	37.2	33.3	34.6	49.4	38.5	34.5	42.8	46.5	44.9	40.8	39.4	33.7	34.9	27.9	24.1	24.6	28.9	31.2	31.1	28.4	36.6	29.8	27.1	24.5	37.6	46.3	26.5	14	15	20.1	16	18.6	18.9	26.4	21.1	24.3	28	30.6	31.7	21.5	17.2	17.8	17.8	13.5	9.08	6.79	6.61	7.51	6.76	10	13.2	15.7	11.7	9.84	14.7	19.8	16.3	10.8	10.8	9.89	12.8	13	12.3	9.66	7.04	4.56	3.21	2.78	2.02	2.14	2.4	2.39	2.55	5.67	5.91	7.71	6.72	7.94	8.73	7.41	10.4	5.57	5.53	6.07	3.46	2.74	1.06	1.56	1.29	0.408	0.2	4.65	1.03	1.8
10.5	14.6	16.5	15.7	27.5	21.7	26.4	25.7	25.3	25.6	19.8	15.5	15.2	14.1	13	14.2	17.2	21.3	23.1	28.6	38.3	36.1	35.4	35	37.1	41.7	33.6	34	33.9	36.9	41.3	44.6	42.7	41.9	44.9	45.3	39.8	37.5	38.9	30.9	22.5	23.5	30.2	35.7	30.3	26.7	31.5	26.2	17.9	16.8	32.3	42.6	35.5	27.1	22.8	20.7	15.2	21.8	17.6	18.2	17.5	10.4	16.4	26.4	25.7	19.5	17.1	18.8	12.9	12.1	12.7	10.9	8.25	7.16	6.99	6.61	4.47	14.7	27.1	23.2	19.9	28.4	28	20.8	14.3	13.2	14.3	13.1	12.4	10.5	7.02	4.85	3.62	2.72	1.95	3.14	2.77	3.14	3.51	5.86	5.64	7.79	10.4	8.37	8.48	10.4	8.94	7.61	7.97	8.08	5.36	3.05	1.07	0.84	0.679	0.288	2.92	2.76	2.14	5.57
7.14	8.43	10.5	10.3	13.6	13.4	21	24.2	26.7	25.7	24.9	17.5	12.5	12.2	13.7	14.3	16.8	21.5	24.7	28	35.4	40.6	35.7	33.8	39.4	36.8	32.1	38.1	46.2	34.3	34.9	37.2	39.7	40.1	43.5	45.1	45.3	46.4	50.8	33.2	25.6	26	28.9	28.8	29.1	27.9	33.2	22	19	26	29.8	31.5	26.4	17.7	22.2	20.3	14	13.2	18.7	18.1	19.7	13.6	13.7	13.9	17.1	19	18	32.1	13.6	14.7	13	9.76	8.91	8.36	7.18	4.06	4.93	8.81	16.7	27.7	24.7	27.4	29.9	28.6	21.6	21.4	17.2	13.1	12.1	9.82	8.29	5.93	3.39	2.27	1.77	3.76	3.92	1.94	2.01	3.99	5.95	5.42	8.76	7.55	8.53	8.01	8.16	6.82	5.57	4.95	4.38	4.31	1.41	1.15	2.66	1.93	3.54	1.03	0.604	5.01
2.37	3.56	7.16	13.1	7.43	12.5	13.9	8.3	8.45	8.21	7.78	18.2	11.4	11.7	11.5	12.6	14.4	15.5	23.3	21	22.6	31.7	31.6	30.4	32.4	27	25.1	23.2	35.9	29	56.3	46.9	28.9	31.3	30.3	39.2	45	46.6	48.4	36.8	36.7	36.2	32	34.7	39.6	40.3	37.7	45.9	23.3	21.2	24.4	26	22.5	9.12	16.1	20.8	18	11.3	14.1	10	12	12.8	8.58	14.5	16.5	16.6	21.3	20.4	12.8	11.6	11.5	13.2	11.8	9.27	7.61	4.04	7.31	9.36	19.2	16.9	14	23.4	25	17.9	18.8	21.6	22.2	14.9	15.2	11.2	10.5	7.44	4.55	2.76	1.69	2.55	3.01	2.5	1.81	2.83	4.58	5.6	6.63	6.12	6.59	6.87	6.31	4.21	4.94	5.24	5.37	5.29	4.15	2.62	3.11	1.1	0.822	3.09	0.826	4.48
2.15	1.33	2.09	5.9	9.38	16.5	13.9	6.35	6.43	7.1	11.3	22.4	17	13.2	13.1	17.5	13.7	14	20.2	19.3	20	22.3	32	30.3	25.5	27.5	24.9	18.4	19.9	21.6	24.8	47.3	27	24.7	23.4	29.2	38.7	41.6	45.6	39	38	38.2	34.6	37.4	38.5	37.6	40.9	47	29.5	22.6	23.8	39	31	16.7	13.5	18.9	15	10.7	6.76	9.63	11.6	9.34	7.72	14.3	13.5	15.1	15.9	12.5	12.5	13.9	12.3	14.4	11.9	8.71	10.6	14	14.8	18.3	26.1	26.9	25.4	35.4	28.6	15.9	18.5	22.2	23.1	16.9	17.7	17.8	11.4	6.1	5.02	3.05	2.36	2.74	2.04	2.25	1.52	2.25	2.79	3.19	3.45	5.39	6.99	5.24	5.01	4.67	4.36	4.19	5.95	8.04	7.37	4.15	2.4	1.36	1.03	0.83	0.871	2.18
13.6	9.77	6.31	5.03	5.23	8.08	17.5	5.92	5.61	6.12	8.83	19.1	24.2	23.9	21.6	16.9	17.5	14.6	17.2	17.3	19.3	20	21.2	31.6	26.3	29.5	26	19	25.4	22.3	16.1	23.7	36.5	29.6	31.5	29.5	36.5	43.3	42.9	41.3	41.7	38.8	37.6	39.5	37.4	39.2	41.2	37.1	25.9	17.4	15.3	27.2	29.4	15.4	11.4	14	19.1	14.1	7.6	8.05	8.17	7.28	6.51	12	15.1	15.8	15.9	14.8	14.5	18.6	14.7	16.4	15.5	15.2	18	23.3	22.5	28.2	30.3	36.8	39.7	41.2	40.3	24.4	22.6	19.4	14.7	14.9	16.9	18.6	11.3	6.66	5.1	2.83	4.25	3.99	2.25	1.36	2.29	1.85	2.29	2.65	2.94	3.92	4.7	5.22	5.67	6.14	6.93	5.14	5.93	6.28	6.6	4.98	3.34	2.39	2.21	1.15	1.1	1.31
29.7	26.2	11.1	13.9	8.5	7.73	10.1	7.33	5.67	5.65	6.15	13.6	23.3	39.2	28.3	20.7	21.8	16.5	15.2	13.9	16.7	20.4	20.6	18.9	26.3	35.8	24.1	19.4	82.8	51.4	25	20.9	94.2	68.8	51.9	31.1	33.1	42.8	42.9	42.4	46	44.4	43.3	39	41	43.3	37.9	35.9	23.5	13.9	9.09	15.8	14.8	15.8	15.1	11.5	15.6	15.4	9.64	8.3	9.04	8.75	6.73	10.2	14.4	16.7	15.1	15.1	16	15.1	18	23.2	17	15.4	20.5	25.1	29.1	24.1	27.2	31	32.2	44.1	43.7	24.8	16.4	15.1	17	14.3	15	16.4	18.3	10.4	5.54	4.4	6.6	7.61	5.04	3.44	5.49	3.49	2.14	2.26	3.29	3.87	4.05	5.77	8.99	8.77	9.25	8.58	8.05	9	8.91	6.53	4.36	2.39	1.89	1.62	1.58	1.74
5.73	8.49	7.02	4.81	3.7	3.85	3.96	6.86	7.2	7.72	7.46	9.22	12.3	13.1	11.9	13.5	11.4	9.84	10.1	16.7	18.1	18.5	21.2	18.1	18.8	22.9	18.5	14.9	28.6	43.2	33.7	17	23.2	34.9	91.2	37.8	34.8	34.4	38.9	47.2	50.8	53.3	48.6	42.1	38.8	45.4	39.2	34.2	29.5	13.9	9.09	17.3	16.4	14.2	14.3	16.1	11.5	10.1	12	8.76	8.75	12.1	9.47	8.16	8.64	8.21	8.88	10.5	9.71	10.1	10.8	12.5	13.2	5.75	8.99	13	16.4	16.6	18.4	47.6	33.4	20.5	20.4	24.4	13.6	7.71	7.22	12.2	20.2	19.8	18.9	15	9.32	12.1	13.9	9.69	10.4	14.4	10.2	5.92	4.06	2.89	2.73	3.07	2.84	4.2	7.39	9.92	9.63	9.09	12	19.2	22	9.07	8	3.91	2.74	2.39	3.72	3.05
6.99	8.61	10.5	6.78	5.81	3.76	3.85	6.87	7.21	7.89	8.15	8.96	9.51	9.78	9.71	15.8	10.7	10.1	10.7	15.9	11.9	18.3	19.5	16.6	16.1	16.2	13.7	12	20.7	21.1	20.9	18	29	21.2	71.5	38.5	35.1	36.2	40.9	49.7	57.2	59.1	54.4	50.7	45.4	47.7	40.3	33.7	30.2	25.4	25.1	26.1	17.2	10.5	11.8	14.5	9.72	9.68	11.1	6.54	7.99	11	10.5	8.8	7.79	7.01	9.15	9.25	9.45	9.08	9.02	9.85	8.21	10.9	11.9	21.7	16.7	17.2	27.2	43.9	37.7	21	23.9	26.2	23.8	14.3	9.2	6.91	11.1	12	19	14.3	8.15	13.5	14.3	8.87	9.06	12.4	10.4	7.48	6.34	6.31	6.41	3.01	2.54	3.2	5.43	10.6	11.3	10.4	11.6	12.4	14.9	12.4	15.9	7.12	3.97	6.14	7.8	6.26
3.48	3.75	11.7	10.4	10.9	11.6	5.37	6.95	7.36	7.43	9.12	9.31	8.77	9.23	9.13	21.2	14	10.9	12.7	14.5	11.9	13.1	14.3	14.9	13.3	14.3	12.2	10.2	11.5	17.3	18	12.5	10.8	14.6	22.1	31.1	31.8	37.1	45.7	53.7	55.9	59.3	55.7	51.4	49.3	50.5	41.8	33.8	34.6	31.5	25.2	22	16.4	13	12.1	18	14	17.7	6.16	5.79	5.78	6.5	8.17	8.84	7.05	6.02	9.52	11.6	13.3	13.2	14.7	16.5	7.47	10	15.1	23.8	28.4	27.8	24.6	38.5	33.1	23.8	19.7	48.8	40.3	31.4	20.9	11.6	6.89	6.5	13.6	16.6	20	30.7	19.9	9.73	10.9	12.9	10.9	8.79	4.41	2.52	4.15	2.54	5.8	4.54	7.14	10.7	10.6	9.4	12.4	10.3	12.2	11.8	9.91	6.52	5.79	9.63	8.43	20.4
1.98	4.11	10.1	6.1	8.93	11.2	8.73	7.45	7.27	8.06	7.6	10.3	8.51	8.07	9.01	13.3	11.1	13.2	14.7	19.4	11.5	13.2	14.4	15.6	14.5	13.3	12.7	9.55	9.35	12.3	17.4	15.1	9.12	12.7	17.8	21	26.2	29.9	37.3	49.4	52.2	54.4	52.4	48.2	46.7	48.7	39.2	27.4	30.5	28.5	23.1	22.7	19.3	18.8	14.2	17.2	12.6	13.2	8.14	6.84	4.96	5.24	5.92	5.69	5.25	5.81	7.13	6.9	7.8	16.1	15.1	22.6	11	15.1	14.8	22.2	24.7	22.2	23.8	39.7	55.5	44.3	28.8	61.7	48.6	32.6	27.9	14.5	10.6	7.53	8.12	11.1	13.5	24.5	23.1	11.9	9.77	10.1	8.08	7.83	2.51	3.16	1.31	3.82	3.28	3.57	9.29	13.9	9.87	10	10.9	12.7	11.7	12.1	11.3	7.03	7.89	12.9	9.44	22.3
