58	78.9	92.9	139	147	154	131	156	174	187	192	166	157	209	210	210	208	187	223	187	234	225	227	270	210	184	215	206	253	218	193	211	231	238	269	262	260	261	379	442	523	687	504	554	483	376	305	325	364	247	172	157	198	180	227	208	213	231	261	266	207	179	188	187	144	138	159	150	170	148	170	209	224	127	128	114	124	136	175	200	232	262	289	238	198	284	289	153	162	135	162	111	139	144	135	116	114	120	107	128	141	146	132	156	150	160	180	161	161	182	174	186	182	254	256	244	234	222	218	219
110	147	173	202	180	199	176	222	216	218	263	248	213	229	214	250	275	205	221	189	250	256	277	362	268	250	241	209	313	282	429	395	260	208	216	200	184	253	347	462	454	427	406	356	427	383	261	259	197	178	119	125	118	167	178	171	245	247	204	223	202	160	174	154	134	123	128	144	144	163	182	220	214	180	124	115	143	140	190	302	266	280	295	313	266	238	292	203	159	157	153	129	123	127	149	110	126	137	155	147	84	116	133	133	125	116	132	131	128	121	115	129	197	241	225	176	188	213	263	252
152	167	179	190	198	208	191	242	242	192	226	267	272	252	222	209	245	233	181	191	289	337	369	351	295	253	212	273	277	315	405	335	196	182	193	179	145	171	224	273	311	299	236	213	220	212	198	159	129	116	137	144	132	151	151	172	194	244	261	199	188	195	196	141	125	177	101	103	149	177	180	219	240	383	241	134	180	241	242	286	326	343	340	289	287	238	189	182	149	141	120	86.7	106	120	108	108	87.5	99.3	140	115	61.6	83.2	106	129	118	124	125	162	157	167	187	181	161	171	201	194	133	164	192	202
190	177	181	240	228	195	201	247	257	243	266	247	245	268	247	240	297	262	235	303	324	336	393	412	312	331	438	395	355	320	239	187	195	191	154	139	131	128	179	195	190	162	139	157	162	150	169	225	297	267	196	176	157	177	147	138	193	283	321	332	301	308	302	199	169	149	112	131	217	214	230	251	295	330	254	215	245	251	262	351	321	287	294	263	280	225	212	154	117	105	94	74.6	80.9	89.3	59.6	50.7	56.2	76	70.4	95.6	77	52.7	78.3	122	117	109	120	135	133	132	176	183	153	170	186	155	134	145	170	177
177	190	205	262	212	197	241	276	238	235	266	215	252	275	234	255	329	242	282	384	330	407	398	321	249	250	417	503	442	410	356	217	256	186	109	90.4	105	122	148	125	132	96.8	78.3	109	97.5	155	155	202	287	361	208	201	146	152	146	173	236	348	435	374	372	354	345	236	201	177	154	153	186	162	171	197	209	234	232	189	277	279	316	284	249	203	182	208	234	210	152	159	135	119	95.5	48	42.9	60.7	49.7	62.4	64.5	56.2	58.3	74	63	60.4	51.9	71.4	104	98.8	80.2	87.7	106	113	135	129	152	123	140	110	122	122	127	130
208	219	259	246	238	220	254	258	227	207	204	183	228	246	251	233	226	233	257	351	329	323	340	294	226	255	413	443	417	380	339	234	202	159	120	74.5	68.6	101	142	125	103	95.3	82.4	72.8	99.4	127	167	169	162	172	176	182	155	151	145	179	325	401	430	365	343	316	308	224	209	234	169	198	149	144	140	249	187	243	329	199	226	248	350	229	167	157	254	179	202	196	174	185	156	118	90.6	38.5	50.4	68.1	72.6	41.7	37	34.1	55.4	59.9	64.8	59.3	41.3	37.2	58.8	60	67.6	101	118	119	120	130	160	112	106	133	141	142	163	150
196	245	269	265	321	304	285	217	221	261	239	165	160	183	150	169	164	212	297	349	336	333	355	233	201	266	429	358	420	396	282	203	151	173	151	90.5	107	106	124	101	80.1	98.8	117	89.9	154	157	112	126	122	139	160	167	145	163	196	266	342	306	320	259	225	247	256	279	228	194	188	157	157	131	145	196	211	281	347	193	181	256	269	154	137	132	159	175	171	146	172	125	134	127	90.9	37	38.3	48.8	61.8	51	38.5	32	46.9	48.8	41.3	46.7	36.8	37.8	42.4	49.2	50.9	98.1	114	114	120	97.4	81.3	97.2	114	108	97.6	120	128	133
176	238	252	252	305	271	247	216	266	244	257	215	184	119	123	152	156	218	268	262	329	364	288	216	198	301	375	353	429	440	283	157	116	138	196	124	101	103	94.7	78.6	83.7	108	139	121	145	117	101	143	150	170	164	160	155	122	134	160	235	285	305	278	237	179	173	181	172	162	144	147	151	155	144	147	235	256	216	195	157	172	225	171	150	136	216	236	180	153	145	150	152	107	62.9	46	27.2	34.7	44.1	26.8	17.3	37.2	37.9	40.6	36.8	36.2	46.2	28.7	32.6	35.6	40.4	60.2	52.5	48.8	75.6	77.2	64.5	73.2	103	91	81.9	97.8	89.2	112
177	185	217	253	297	242	263	215	261	238	275	204	165	141	160	161	150	200	250	308	266	315	317	243	264	475	374	335	317	347	255	200	174	234	261	197	160	115	74.2	80.1	106	108	138	149	125	132	131	180	198	197	170	155	170	131	111	120	211	251	254	232	244	183	134	135	115	163	187	126	122	111	136	144	200	226	236	216	135	114	123	136	122	158	142	153	149	136	114	136	116	85.8	69.5	67.4	75.6	37.8	23	6.51	7.05	24.1	26.2	15.5	14.5	18.3	22.6	27.7	29.4	34.3	53.8	37.4	29.7	28.9	53.3	55.3	51.4	55.6	72.5	73.2	65	77.2	92	95.7
149	165	196	208	210	235	220	180	214	199	268	221	164	164	163	201	186	188	202	251	286	274	319	281	406	428	413	333	326	299	311	187	189	247	254	256	185	163	92.1	76.2	89.7	118	152	135	143	137	149	190	242	217	161	160	180	163	140	89.2	142	147	166	204	188	121	130	138	144	202	233	190	168	171	160	144	171	168	166	198	145	119	107	130	172	147	119	146	96.7	142	91.6	117	121	103	71.1	146	131	51.2	44.9	42.6	25.9	26.4	26.5	9.03	22.2	35.3	19.4	20.8	20.1	26.8	31.8	21.7	21.7	42.2	45.9	39.7	38.7	45.8	72.6	90.4	82.2	93.6	105	113
148	195	220	210	202	232	272	194	192	176	184	214	201	176	189	204	195	162	186	222	246	254	264	260	316	367	437	391	406	345	378	245	228	201	217	236	260	179	119	85.8	88.7	145	155	176	136	158	185	180	215	190	190	214	224	177	144	134	138	125	148	147	115	116	144	136	149	199	236	240	212	200	188	223	215	204	195	177	203	167	197	220	227	193	208	159	157	123	118	136	82.5	96.3	65.9	47.2	71.9	43	32.3	31.7	24.8	25.8	25.2	10.7	19.6	20.9	22	9.15	13.5	21.2	32	12.5	13	33.2	40.5	38.1	35.5	55.6	44.4	44.6	44.1	90.3	73.9	58.4
172	223	196	192	188	234	197	205	235	215	169	179	236	226	209	218	212	247	187	188	162	177	244	249	296	447	442	460	362	334	382	415	329	162	185	219	219	209	148	125	103	152	159	162	141	150	218	204	223	184	199	202	219	191	199	205	180	152	169	125	118	187	226	264	233	242	234	204	229	241	240	246	201	196	206	316	260	209	273	183	152	181	194	160	116	91.9	76.5	106	107	111	94.4	61.5	37.1	40.8	46.5	37.8	31.9	42.2	28.7	6.9	18.7	26.6	27.1	33.5	20.3	18.3	25.7	8.94	6.99	24.4	56.9	45.4	45.3	22.4	27.1	28.5	33.3	45.2	62.3	50.4
189	254	205	186	168	180	181	195	199	213	175	161	202	209	207	186	224	193	138	131	156	178	217	192	245	304	319	298	285	319	388	495	338	204	217	174	147	181	164	126	147	224	270	224	177	152	212	190	199	184	177	205	270	230	210	215	207	215	170	146	182	255	333	348	337	364	287	298	267	228	228	223	182	216	218	322	368	289	225	146	170	165	166	150	134	76.8	97.2	136	177	190	134	54.3	39.1	46.4	29.6	56.8	50.4	48.7	30.8	10.5	16.1	13.2	33	22.5	30.4	47.5	18.5	10.6	12.7	15.5	24.9	37.9	35.3	25.8	16	18.6	41.7	53.5	63.3	70.6
169	194	170	174	177	205	215	204	189	188	189	169	215	239	219	223	224	152	134	185	184	177	194	144	189	207	234	224	293	320	381	362	244	221	200	172	197	176	164	168	197	247	202	186	163	183	255	210	200	182	182	207	249	268	237	277	261	224	203	223	322	407	356	292	325	300	289	287	277	224	185	187	151	152	178	238	261	254	231	139	167	156	130	161	172	152	139	397	142	125	168	186	65.4	32.5	31.1	32.2	39.2	48.9	57.1	21.8	20.1	17.9	33.9	19.9	18.4	44.1	25.3	15.5	20.9	6.45	16.9	19.7	30.3	28.6	34.9	41.4	56	46.7	59.1	93.2
153	169	190	196	211	226	213	207	176	161	185	204	182	222	242	214	191	165	195	245	250	214	210	144	173	211	210	226	278	318	354	328	214	191	164	143	156	167	193	205	228	283	290	198	198	186	220	205	178	180	233	250	228	257	256	344	288	267	241	232	262	302	343	267	256	249	249	262	242	208	154	159	149	167	197	182	206	171	143	129	129	134	114	174	210	153	131	243	149	133	177	209	97.7	60.5	48.4	51.5	36	56.5	65	42.7	38.9	26.3	28.6	23.6	22.9	26.9	20.7	25.4	17.1	22.8	44.7	40.1	26.8	17.9	29.9	43.4	44.6	37.8	67.8	96.4
166	212	277	238	212	197	205	205	145	141	173	183	190	218	241	198	194	210	248	254	229	235	222	194	249	227	213	185	210	255	248	227	180	177	174	201	191	191	226	243	241	212	258	195	180	135	201	208	167	187	238	188	211	212	245	316	317	265	262	282	259	229	228	219	191	162	201	204	228	156	138	159	170	214	214	161	147	169	126	135	123	121	100	95.1	133	149	164	250	155	211	149	200	116	78.8	53.8	68.2	73	118	135	66.7	49.5	44.5	39.6	31.7	27.8	33.1	29.3	25.4	25	27.5	33.9	30.3	10.8	15.4	17.7	33.9	37	48	27	47.7
237	296	287	197	184	205	205	220	207	184	230	214	203	251	220	179	193	277	254	217	228	316	216	185	226	167	168	181	187	272	205	199	177	160	159	227	266	241	251	267	206	244	229	155	128	152	186	199	172	217	265	199	214	223	223	282	291	256	219	217	204	196	193	173	191	166	172	193	179	201	185	163	141	185	233	217	261	198	152	162	178	124	118	98.4	87.1	144	127	164	122	126	105	168	136	94.2	64.7	66.6	54	107	108	36.9	51.4	50.9	62.3	47.5	44.5	31.9	19.8	30.4	46.2	36.3	32.2	23.7	13.9	10.7	6.39	10.7	20.2	21.5	22.9	23.6
232	229	225	203	202	221	203	292	285	223	220	223	228	239	215	163	186	220	189	174	191	213	180	179	152	135	165	158	169	192	172	183	177	176	176	240	281	290	245	223	185	263	303	190	143	140	204	211	169	184	266	199	189	213	246	274	232	205	218	139	185	141	143	166	147	140	176	184	149	182	209	177	123	159	165	242	188	194	223	262	269	162	123	115	112	91.6	109	200	140	146	128	128	169	130	137	138	106	59.5	59.2	73.9	73.3	59.3	60.3	45.7	49.7	40.2	22.9	21.6	31.5	25.5	23.5	22	18.4	32.2	21.8	17.5	17.3	15.5	21	15
213	205	199	212	194	201	244	339	328	322	289	274	233	249	307	212	229	238	229	174	166	166	162	164	169	146	216	203	167	159	168	183	181	184	188	277	328	290	235	251	219	277	326	254	287	233	200	165	149	218	228	172	210	230	260	275	224	167	156	166	157	128	174	156	152	152	144	132	131	156	172	160	142	141	160	144	169	153	157	235	363	237	145	128	136	132	150	232	222	206	172	200	170	192	209	253	173	57	78.1	86.3	96.6	71.6	89.2	67.6	40.9	57.9	44	17.2	22.9	28.6	32.2	13	15.1	30.6	55.1	30.8	7.5	33.8	25.6	30.3
204	214	172	160	177	203	250	322	427	359	300	273	240	293	353	263	255	234	237	151	143	154	154	174	216	181	163	151	157	173	177	204	185	199	190	281	253	238	241	273	287	288	293	343	336	243	267	189	193	228	307	236	217	256	267	303	234	174	151	167	145	121	124	119	121	116	133	145	183	186	153	157	110	87.9	134	101	123	175	120	178	178	209	161	141	175	158	229	255	205	170	174	161	202	206	265	302	287	134	87.4	81.6	105	146	110	66	68.4	69.5	47.9	29.3	32.5	50	11.8	10.7	3.33	10.2	14.4	8.94	7.32	5.64	11.7	19.6
190	213	204	164	218	205	267	304	349	346	248	274	209	248	347	270	247	214	190	177	139	144	155	172	180	178	209	201	195	181	208	200	199	220	253	301	239	249	235	263	274	303	336	359	354	297	289	256	242	251	280	213	219	188	280	271	246	238	183	156	154	184	104	123	113	140	167	179	308	218	185	155	85.9	65.8	79.7	90.4	143	144	150	213	256	258	273	300	236	178	227	251	173	160	136	130	171	165	289	299	316	237	163	62.5	81.7	102	73.7	77	67.9	53.8	33.2	28.8	28.2	25.7	16	30	6.78	11.9	3.66	2.91	6.69	3.36	10.7	19.2
198	192	202	202	256	248	248	242	283	319	299	282	261	215	295	248	217	244	217	169	185	172	186	178	147	155	182	234	203	189	183	166	164	230	242	287	311	309	246	293	310	354	315	312	302	274	285	253	227	212	214	230	225	231	227	202	175	183	183	151	148	126	126	121	155	167	159	199	180	163	192	161	96.4	49.6	70.8	114	148	203	177	262	263	361	465	386	308	272	294	267	229	187	162	153	128	162	194	192	171	160	150	109	126	83.2	91.7	92.3	93	91.9	91.5	76.2	74.3	76.4	66.5	33.2	20.1	32.4	24.9	32.5	37.4	26.3	26.9	19.9
211	194	212	190	255	270	226	159	180	275	301	267	252	273	347	255	266	301	192	146	192	169	141	155	144	125	156	230	212	164	147	138	146	162	175	296	313	267	286	277	283	258	265	260	225	251	241	234	214	204	236	215	222	217	221	210	172	151	129	113	124	117	135	142	161	169	164	179	178	200	197	135	101	81.2	83.9	127	158	229	262	208	175	205	318	322	335	311	311	321	263	188	173	256	248	205	212	258	165	104	100	80.6	87.8	87.9	115	107	124	88.6	94.9	80.9	72.3	72.5	71.4	24.3	26.8	31.6	25.2	46.7	48.2	24.9	28.3	10.9
285	245	218	228	208	211	205	178	163	216	278	288	251	322	320	261	282	252	163	139	148	168	135	161	146	129	141	202	225	160	132	135	203	210	187	229	295	237	266	264	249	227	279	275	268	231	253	246	186	226	267	202	198	250	259	220	199	189	131	115	139	118	97.5	151	157	168	168	173	167	198	180	154	145	91.5	92.3	130	159	234	249	234	259	231	284	314	298	281	259	257	264	183	217	360	304	278	338	316	185	183	95.7	83.8	94.8	73.5	99.6	106	113	120	163	123	150	179	74.6	39.6	48.5	45.9	26.6	50.6	53.3	41.1	41.7	10.3
217	182	220	233	242	239	212	175	152	160	237	288	261	293	323	239	228	187	146	117	155	148	126	151	178	183	170	210	192	164	144	160	211	189	246	250	297	338	325	299	283	252	324	296	285	258	260	262	243	245	271	195	192	223	262	214	162	149	106	105	75	94	85.4	101	127	165	153	121	159	189	196	176	93.6	97.3	77.5	115	146	137	172	190	197	240	307	329	344	273	316	292	257	248	251	326	376	358	334	268	277	185	233	205	92.1	86	110	128	197	169	167	121	120	159	98.6	76.5	58.4	58.7	63.6	81.6	46.8	36.4	40.3	26.5
194	215	229	244	267	233	231	209	193	204	215	245	245	246	350	238	205	160	193	145	155	156	142	157	166	207	231	341	299	282	216	200	227	255	264	306	293	317	338	323	289	283	329	324	430	321	254	231	208	242	308	193	166	197	180	174	154	207	107	108	118	99.8	67	75.3	98.9	130	145	110	143	157	194	147	83.3	112	119	103	121	126	144	143	189	205	167	203	268	266	333	306	349	314	253	303	269	311	295	242	215	215	246	185	137	153	169	200	179	151	193	176	136	156	150	124	74.7	72.8	111	95.8	65.1	41.5	48.1	64.1
164	179	187	185	217	222	324	252	242	237	202	223	232	274	312	228	206	143	150	111	124	120	136	150	161	190	251	338	319	286	277	225	231	209	215	286	257	292	333	342	329	328	369	353	410	331	343	219	188	183	294	187	167	126	91.7	110	119	183	161	123	118	100	83.8	84.1	76.3	84.6	96.5	107	102	102	162	126	95.4	81.4	86.4	88.8	90.7	139	112	104	98.5	106	136	199	206	183	195	200	244	277	231	218	240	250	184	171	187	168	155	167	201	234	263	315	255	186	199	165	222	234	218	287	178	233	134	101	72.8	94.6	63.4	55.2
136	189	178	192	218	223	228	211	172	215	200	265	269	286	278	191	189	143	145	119	134	145	159	120	139	161	198	228	225	194	225	241	162	145	160	215	286	260	296	313	336	326	295	293	272	274	254	176	186	121	200	161	165	136	93.6	50.4	128	185	207	157	133	106	110	103	72.5	51.4	70.6	40.2	50.4	45.7	83.8	57.6	56.1	62.6	85.4	110	208	185	145	106	143	153	185	200	208	164	219	163	139	166	158	158	200	222	257	221	191	151	108	143	178	205	215	237	246	180	163	172	241	234	215	335	296	227	181	214	202	94.4	110	85.7
159	188	170	245	252	204	195	205	216	189	199	243	218	210	246	164	182	152	161	147	120	159	148	160	142	129	143	179	199	163	153	185	171	151	191	324	394	351	262	208	284	309	285	284	310	243	176	155	124	147	143	173	174	187	99.9	84	120	156	150	143	140	118	110	133	100	54.7	56.8	17.4	13	21.3	36.3	95.6	20.5	31.1	51	117	195	178	134	120	129	208	264	193	201	202	208	155	207	179	176	180	221	225	183	206	194	145	104	124	157	164	242	321	265	206	187	344	306	249	215	378	387	305	286	320	251	200	188	182
157	133	173	279	244	166	193	180	173	152	155	123	125	159	181	180	220	193	175	144	144	162	208	198	167	146	141	143	167	139	110	121	134	134	155	263	261	255	173	154	139	193	182	227	180	187	153	169	122	142	133	186	196	152	143	177	163	135	133	86.4	126	116	118	166	142	111	66.3	42.8	27.1	32.5	61.3	52.4	50.2	32.1	73.5	99.4	116	100	127	138	116	123	249	241	211	216	189	147	257	299	163	150	163	170	173	116	119	152	175	104	127	111	188	299	256	179	198	270	270	230	214	254	305	346	387	313	289	271	201	246
170	121	155	230	225	185	146	200	191	190	184	141	172	161	171	167	201	242	141	157	131	140	155	212	189	157	148	124	91.7	99.5	102	88.4	96.9	112	120	153	180	200	191	151	109	142	150	171	135	157	102	131	102	116	160	145	165	134	131	140	116	108	90.7	77.6	67.8	69.2	74.3	84.2	150	96.3	58.7	40	84	71.3	61.1	74.3	52.5	75.5	70.3	73.6	69.9	68.7	97	81.9	120	95.3	127	141	141	186	263	193	179	234	193	118	147	126	105	73.4	92.4	145	187	105	82	109	167	269	159	124	132	142	183	260	210	316	304	336	299	247	297	266	296	286
194	144	137	233	211	230	143	165	185	225	254	180	144	165	182	148	181	170	138	140	149	96.8	156	193	191	121	121	100	89.9	118	95.2	81.6	96.6	107	126	120	120	132	134	109	99	113	138	130	114	111	109	113	126	82.7	106	75.4	77.6	83.7	103	122	80.7	99.6	104	95.4	65.7	72.4	48.2	49.6	58.3	76.2	89.4	42.4	50.4	73.4	82.1	96	67.2	46.4	55.5	84.2	81.9	84.6	99.1	91.7	118	84.6	67.5	85.4	113	96.6	120	190	122	101	84	93.3	134	77.2	89.9	104	124	132	146	96.8	51.8	76.5	127	133	103	80.7	104	197	112	153	175	299	263	247	217	208	194	279	338	314
208	192	171	181	144	200	202	167	193	185	229	182	152	139	206	115	98.7	128	138	98.3	111	105	147	116	169	117	112	99.1	122	92.7	97	110	112	125	126	174	204	142	126	113	96	144	106	110	120	131	86.7	115	105	80.8	101	86.4	75.3	73.6	84.1	78.6	69.1	101	86.1	71	76.3	84.3	59.9	79.9	83.9	94.7	66.1	73.9	78	93.7	64.2	44	51.3	45.1	47.8	88.2	97.5	95.9	68.6	88.2	90.7	73	86.1	84.2	92.5	98.8	131	174	121	105	51.7	48.3	91.6	69.5	83.6	104	90.1	130	127	67.2	39.2	57.1	66.2	85	78.4	77.4	74.3	95	81.7	124	134	198	276	221	186	208	207	238	288	357
229	214	202	192	177	166	136	152	186	175	293	207	216	160	164	124	100	89.3	97.3	98.5	84.7	99.1	154	118	112	108	125	79.7	77.2	115	91.8	93	98.8	108	112	117	169	153	125	118	103	119	80.1	86.7	146	161	108	132	99.2	102	89.2	89.7	63.2	64.6	56.8	61.6	63.6	70	67.2	86.1	78.9	84.1	84.9	91.9	104	93	105	93.5	91.9	109	75.2	61.3	48.8	39.5	42.4	65	99	71.8	123	85.1	32.1	39.7	70.1	60.4	53.3	74.9	81.2	113	101	81.7	67.7	61.8	94.1	64.4	43.5	52.4	42.5	64.6	58.5	41.4	32.3	44.3	46.2	38.1	35.4	51.6	57.3	64.6	55.6	83.3	101	172	222	173	157	148	155	157	202	289
235	197	181	206	175	185	137	126	145	193	227	178	166	144	157	126	105	88.2	105	99.3	85.2	87.1	129	143	128	134	115	83.4	93.1	116	99.6	92.2	85.9	96.5	109	106	132	130	107	105	95.8	93.3	91.7	81.7	82.6	103	97.9	92.7	104	101	118	91.3	65.6	80.4	85	87.4	76	87.3	57.2	43.5	83.2	74	74.6	81.3	70.7	86.6	93.7	107	146	121	114	149	61.5	48.3	70.5	79.1	38	31.9	54.6	61	25.6	28.7	43.1	53.9	57.1	62.1	53.7	112	74.9	61.2	45.3	35	67.7	70.4	69.5	55.4	39.3	56.2	30.5	20.7	12.6	34	21.9	21.5	26.2	26	33.1	40.5	60.5	90.5	88.4	145	168	132	93.5	105	152	141	147	174
202	185	176	234	214	191	175	140	119	173	206	185	163	145	173	133	160	91.6	104	125	102	104	104	106	95.5	126	140	126	140	107	105	94.4	98.4	101	124	119	133	105	86.2	68.6	52.7	53.8	70.2	84.1	81.3	53.3	67.1	50.8	65.6	71.2	84	108	155	121	127	109	93.7	95.6	77	64.7	90.4	126	118	135	112	126	98.8	107	178	146	97.3	79	48.3	41.5	56.2	62.3	36.6	26.9	28.8	21.5	20.5	30.3	20.7	27.7	32.2	37.6	67.7	45.8	43.1	37.4	41.1	31.2	24.7	56.2	56.5	37.7	18.3	14.4	20.9	9.2	7.22	12.8	10	15.8	19.1	40.8	27.8	30	37.8	71.1	53.8	114	151	135	74.3	75.6	83.1	92.8	122	158
193	190	215	233	206	193	168	212	125	168	162	115	125	117	121	140	114	92.7	113	102	60.6	59.1	93.8	92.1	109	106	105	124	138	107	120	111	121	129	109	104	92.6	75.8	68.2	60.5	48.7	47.5	67.4	84.6	72.1	51.2	43.5	60	53	75.3	45.8	80.8	96.5	95.5	116	170	137	103	90.1	105	126	119	123	126	133	129	153	118	139	134	75.9	67.8	60.5	64.5	82.5	71.3	43	32.4	27.8	18.9	20.2	27.4	27.3	21.3	26.7	34.3	47.8	29.5	31.6	29.9	27.8	23.4	24.8	27.3	55.8	17.6	9.09	9.58	15	8.19	11.8	28.6	20	26.2	31.2	33.7	24.2	23.2	28.2	37.7	41.2	49.7	102	113	83.5	62.2	59.5	55.7	70.6	77.4
290	248	247	232	216	169	152	103	81.4	88.9	86.9	102	109	92.2	83.7	105	86.8	91.8	98.6	85.1	83.6	74.4	59.9	61.1	80.8	67.8	89.1	124	102	79.1	105	97	107	116	104	79.2	67.6	52.1	51.9	69.7	46.8	44.1	69.6	80.8	72.9	47.8	61.5	54.7	47.4	109	115	53	61.6	83.1	87.8	102	71.2	62	67.1	67.8	83	80	82.1	82.3	78.2	104	150	127	101	72.8	48.3	74.1	65	69.3	78	80.2	72.9	62.3	43.8	36	25.4	30.4	28.2	8.47	9.38	22.2	33.8	12.7	15.2	15.9	11.2	31.7	27.7	30.3	26.5	18.6	16	17.2	12.8	9.2	12	27.3	26.9	19.3	31.3	47.6	43.1	37	43.1	44.9	51.7	39.9	56.1	43.7	71.9	57.3	45.7	45.2	37.7	36.4
286	261	240	213	194	204	148	91.9	81.5	64.8	63.2	98	88.1	89.2	72	76.1	62.1	69.2	78.6	46.8	66.6	77.3	40.3	46.9	43.9	63.6	106	103	75.4	72.3	88	73.4	97.5	110	91.9	94.4	79.2	68.1	64.5	85.9	75.8	59.6	96.5	102	73	49.1	44.7	50.3	50.1	62.3	155	47.1	23.7	46.3	54	69.1	59.7	53.5	57.1	69.5	95	86.6	86.5	78.1	65.3	78.4	82.2	89.7	76.3	67.8	65.3	84.9	76.1	68.6	71.6	43.9	42.2	52.6	71.5	50.4	38	43.6	27.4	13.8	12.7	14.7	22.3	15.6	6.82	11.2	12.3	21.8	19.8	18	9.11	17	13.1	30.4	28.9	6.54	12.2	6.92	8.47	30.5	12.7	16.1	19.3	5.72	21.2	39.9	65.3	56.4	63.8	79.5	71.1	44.3	34.3	34.9	35	38.3
225	308	276	218	192	150	124	85.8	96.2	70.5	70	92.5	75.7	55.8	69.7	58.4	57	61.1	63.2	28.5	35.4	50.5	69.7	90.5	86.9	50.6	57.5	64.5	80.2	65.4	62.3	76.5	73.9	101	110	98.6	111	87.9	66.9	108	96.4	108	115	114	69.3	53.2	53.5	60.1	57.2	60.9	56.8	51	26.1	37.6	38.6	52.3	60.6	57.2	82.7	118	126	93.6	104	87.1	107	70.8	50.3	54.8	73.9	79.4	68.7	90.4	87.3	74.3	60.3	33.4	23.9	31.9	39.3	38	31.7	39.3	44.2	34.9	22.6	18.4	19.6	9.35	6.53	6.15	5.51	13.9	17	20.3	12.7	10.2	23	12.3	15.6	17.4	9.2	11	4.38	2.23	1.54	1.59	1.85	3.76	10.2	16	28.4	51.4	64.6	63.1	53.4	43.3	43.7	25.7	37.6	52.7
249	314	335	216	159	150	151	101	102	117	76.9	70.7	67.1	58.7	56.5	64.6	68.8	57.8	31.3	22.5	39.7	78.9	82.8	90	77.3	44	38.5	50.5	72.5	68.9	67.6	54.7	66.2	81.1	90.6	102	90.9	80	58.6	82.4	138	126	110	136	91	62.8	46.1	79.2	119	79.1	53.5	38.7	21.8	37.6	48.2	43.7	44.7	75.5	67.6	81	88.1	94.7	91.1	104	94.1	83.4	65.5	72	92.1	102	76.2	79.7	69.5	72	64.7	60	41.2	23.8	17.3	16.4	18.8	31.6	38.2	32.1	27.2	46.5	27.6	19.6	15.4	16.9	21	9.92	13.4	7.68	7.15	17.2	8.68	9.49	13.7	6.4	4.46	4.11	3.84	3.89	1.41	2.04	3.11	6.83	13	11.2	14.5	20.2	26.6	23.5	37.8	26.5	19.3	14.4	22.1	21.3
252	283	241	153	128	112	134	106	94.7	83.1	68.7	52.3	52.4	62.2	65.3	62.1	82.7	67.8	35.8	46.2	35.5	53.3	84.9	83.6	63.7	44.2	44.7	52.8	118	55.2	49.8	58.4	45.2	77.6	80.4	75.8	55.4	56.9	68.4	97.1	85.4	177	142	136	113	88.5	64.8	106	114	110	63.5	60.7	45	50.7	68.2	71.6	41.7	62.6	54.4	95.9	86	84.2	79.7	81.8	68.2	54.6	47.1	63	74.9	67.2	68.1	60.4	62.9	43.5	74.5	144	97.2	54.1	16.7	12.4	27.2	28	29.3	42.4	50.2	56.2	23.8	12.2	21.9	25.5	13	7.28	2.98	2.62	2.42	4.92	4.36	6.28	6.66	6.2	4.96	3.42	3.42	8.38	33.3	14.2	4.15	9.52	13	10.9	11.2	10.5	9.95	9.79	9.97	9.15	12.4	11.3	11.1	15.3
228	286	239	151	134	134	93.4	99	83	65.2	66.9	44.2	44.7	48.8	79.7	80.1	72.4	58.8	42.3	32.5	24.4	34.8	79.4	111	73	55.2	60	63.8	65.6	38.6	36.1	39.5	44.5	52.4	68.2	66.5	55.1	52.8	64.8	79.4	66.2	75.6	97.4	114	85.9	60.6	62.5	109	141	157	116	101	71.4	61.5	59	44.1	57.1	62.9	68.4	109	113	89.8	82.1	88.1	67.4	38.5	38.4	34.5	61.4	80.1	88.3	79.9	71.5	71.6	101	179	164	98.6	48.1	30.9	29.7	12.9	12.4	39	88.3	31.1	19	10.6	20.5	41.6	34.8	17.5	15.8	2.21	9.38	8.04	3.87	6.12	6.12	3.6	2.85	2.71	2.59	29.8	31.2	6.73	3.08	13	11.4	8.61	8.75	8.32	8.37	7.05	5.79	6.91	10	12.4	8.76	14.8
186	191	202	138	99.3	100	109	113	99.7	94.2	90.9	56	37.3	55.3	57.3	97.1	72.8	67	51	41.2	48.4	32.2	55.5	83.3	71.4	63.2	74.7	75.1	92.8	44.9	35.9	44.5	47.6	47.1	37	54.2	50.8	50.6	45.3	62.7	54.4	50.8	78	87.3	95	56.7	47.9	72.7	104	131	132	120	84.6	71.4	69.7	63.9	60.2	52.1	86.5	108	84.8	89.9	82.7	94.6	42.3	25.6	26	34.6	49	89.2	107	69.9	93.9	100	76	83.4	117	112	48.5	9.06	15.1	6.11	12.2	32.7	69	40.3	20.5	6.4	9.17	33.3	34.4	34	5.79	9.7	1.74	3.34	5.3	7.59	6.58	2.6	5.77	2.24	6.11	21.1	31.3	15.5	6	13.3	13.8	7.51	21.1	20.9	7.75	7.69	9.93	9.69	17	14.5	18.5	19.6
203	169	151	128	100	64.5	67.3	74.8	68.4	72.4	97.3	40.9	49.6	57	63.1	77.1	71.3	73	49.9	42	42.7	38.4	57.5	80	103	68.9	72.8	79.7	82.6	65.3	44.9	44.1	44.8	50	43.1	38.4	33.3	44.2	37.9	43.7	44.3	50.3	58.6	56.8	72.6	81.8	73.7	51.2	76	124	119	104	125	89.6	85.2	79.1	93.5	74.8	66	67.9	60.8	52.4	43.7	46.4	32.6	26.5	25.8	28.9	45.4	50.2	70.3	92.9	103	103	85.9	58.3	63.7	101	71.9	21	12	24.7	14.8	22.4	29	24.5	30.7	33	12.8	9.28	20.2	27.4	2.03	22.2	10.2	13.3	10.3	20.8	18.2	8.76	6.13	2.05	5.92	13.6	13.8	14.3	5.84	18.7	12.2	14.7	28.8	10.2	7.99	12.2	8.91	4.86	7.12	8.81	17.4	10.9
219	183	178	124	103	90.4	68.6	38.2	50.5	61.9	76.3	48.2	57.2	62.5	61.6	88.3	79	71.9	58.7	37.6	36.1	24.8	33.7	58.8	71	108	121	138	180	108	88.6	57.1	61.5	84.9	62.1	30.7	39.9	45.8	27.1	39.9	30.3	30.2	35.3	46.5	29.5	63.2	86.2	66.7	67.2	50.7	46.8	41.5	52.4	76.2	89.9	95	121	83.5	61.7	51.1	41.5	53.1	36.2	42.3	30.9	50.8	41.2	48	53.5	36.1	52.6	70.5	96.3	89.4	80.9	75.9	78	63.3	66.2	28.2	23.8	28.3	38.1	17.4	17.9	31.2	43.2	46.3	33.7	23.6	41.8	51.7	49.5	1.87	22.8	5.44	5.71	10.5	13.8	19.2	1.18	1.07	0.97	1.14	4.26	5.92	2.58	18	20.3	48.8	47.9	52.6	65.4	56.9	2.49	1.92	4.44	3.58	30.5	3.61
145	107	102	88.4	105	76.4	78.5	57.3	39.5	48.8	44.1	58.8	65.1	85.6	63.8	73.2	72.2	80.3	64.7	42.6	33.7	24.2	23.5	49.4	62	84.5	104	121	165	125	102	59.1	68.5	65.6	31.7	24.5	33.1	31.5	40.1	31.1	25.1	19.1	19.7	43.2	39	43.7	57.5	44.3	37.5	33	38.4	42.5	31.7	64	101	91.4	120	103	61.6	55.5	45.7	45.9	45.8	66	39.5	63.4	55.4	43.7	53.6	58.2	53.2	65.9	69.6	65.8	74.2	68.3	80.1	48.8	47.6	36.2	23.4	35.9	28.8	20.4	52.1	41.8	18.7	27.9	37.1	42.5	48	44.3	29.5	8.39	1.71	8.6	4.72	13.2	4.26	4.15	12.8	0.965	0.842	0.938	0.788	0.763	0.961	1.45	33.4	26.2	46.4	67.3	74.7	34.5	5.84	3.73	5.01	3.6	1.4	1.97
94.9	86.4	83.9	123	91.7	84.6	81.5	93.7	75.1	56.7	57.8	42.9	46.9	72.6	49.5	62.4	62.3	67.4	53.5	28.1	17.6	15.3	28	30.5	34.7	41.4	76.2	85.4	142	117	81.3	38.9	52.1	35.2	30.6	27.3	27.8	33.2	52.3	41.6	25.7	25.3	24.3	43.6	46.6	52	66.9	43.1	41.2	62	48.7	35.6	35.2	38	49.9	51.6	56.9	78.9	63	62.2	79.9	65.7	65.1	71.3	48.6	52.5	33.2	41	45.6	39.6	46	47	74.6	79.9	63.1	63.7	72.9	67.1	59.9	46.4	39.2	43.8	30.6	34.7	52.5	58.1	22.6	9.38	36.9	22.3	10.2	30.5	18.4	2.04	41.9	8.77	4.81	7.73	1.4	13.1	23.1	17.1	0.789	2.07	9.13	20.4	5.81	8.58	11.6	11.6	22.9	20.6	9.67	31.2	9.39	3.38	2.52	1.13	1.02	1.33
80.6	76.8	98.1	120	106	124	58.3	47.9	70.2	65	66	38.7	30.6	37.7	34.7	43.5	48.1	38.4	35.4	19.7	13.1	12.2	19.8	39.4	34	23.8	42.4	59.8	51	21	40.5	31.3	56.2	44.3	20.1	19.6	27.2	34.5	39.6	39.7	25	28.7	27.7	44.4	68	67	65.4	45	43.4	70.6	68.3	37.2	32.4	43	39.8	27.4	35.8	45.4	43.7	56.4	77.5	61.1	59.3	56.1	49.4	46.3	33.3	42.1	46.4	32.2	42.4	59.1	70.5	80.3	81.9	74.5	83.2	81.6	105	54.9	29.5	30.8	24.9	32.7	34.9	17.9	22.4	5.21	23.6	25.5	55.8	144	56.3	2.21	16.9	12	10.9	15.2	20.5	13.6	24.5	13.3	6.57	7.31	0.714	5.35	3.83	1.44	1.59	4.08	5.32	1.42	1.57	23.1	28	5.44	1.05	0.981	0.925	1.15
74.9	88.2	112	126	124	112	80.2	63.3	72.5	105	113	76.7	38.4	40.7	52.3	45.8	86	78.9	42.9	36.1	33.6	24.6	29.3	28.8	33.6	33.8	40.7	47.7	57	19	17.6	21.4	63.8	64.1	48.8	33.1	49.9	56.6	47.1	30.9	32.2	29	31.4	42	54.4	44.2	49.5	41.6	28.5	41.4	41.6	33.3	37.8	32.4	38.1	44.4	46	46.1	42.4	39.7	44	43.6	58.4	60.7	51	41	40.3	36.4	27.8	26.5	38.2	45.5	66.3	66.8	69	53.1	51.6	60.1	52.2	35.8	19.4	23.1	17.2	16.8	29.6	29.7	7.04	2.4	4.12	19.4	31.4	45.8	20	1.76	1.81	7.1	3.88	6.51	11.3	16.1	56.4	9.4	1.68	0.954	4.72	2.18	0.823	1.48	1.14	1.18	1.27	1.2	1.38	1.43	1.36	0.924	3.41	2.81	0.741	1.07
95.3	93.3	121	127	117	91.7	87	118	106	126	153	156	60.3	55.8	37.7	19.1	59.7	57.1	55.9	57.8	54.3	36.7	24.3	22.2	31.9	31.8	27.8	40.8	30.8	22.8	26.1	22.1	46.9	62.8	66.9	60.3	63.4	50.6	38	24.3	22.7	29.8	22.5	29	33.5	34.8	34.7	24.7	20	23.9	38.8	42.3	31.5	27.3	42.2	40.3	33.9	24.6	32	41	32.4	41.5	38.3	36.1	36.1	36.2	38.9	28.5	19.8	30.5	39.3	45.8	59.2	70.9	71.2	42.4	33	30.7	34.2	34.6	25.6	19.3	10.8	14.4	29.7	52.7	7.39	2.15	44.5	46	33.7	34.7	5.41	12.1	12.7	7.07	4.09	6.57	8.73	11.6	2.48	2.56	1.69	0.956	5.01	2.27	2.36	6.41	0.684	0.811	1.03	0.988	1.15	1.2	1.13	0.762	0.709	0.697	0.605	0.91
90.7	71.5	89.9	116	104	84.9	83.4	89.5	88.9	94.3	87.2	69.6	60.2	50	41.8	27.6	46.8	39	47.9	63.9	66.5	31.6	38.9	37.4	43.2	26.7	24.3	38.4	14.4	17.9	26.6	21.1	23.4	56.4	62.5	59.4	39.6	29	42.2	31.4	22.7	19.9	21.8	36.7	37	28	19.5	20.8	21.9	26.2	42.6	49.7	35.4	30.9	32.2	45.7	47	37.7	30.1	33.3	30.3	33.2	24.4	49.2	40.2	46.1	52.8	44.3	45	43	45.4	37.7	44	55.2	45.6	25.2	23.7	22.9	19.9	23.7	25	14	14	2.86	16.3	9.68	2.43	5.79	18.4	37	18.9	26	25.6	8.03	4.98	4.28	6.77	3.95	18	11.6	2.49	2.08	1.68	0.989	3.73	2.47	0.511	0.542	0.554	0.652	0.835	0.818	0.951	1	0.963	0.656	0.622	0.595	0.566	0.86
93.9	55	59.6	59.3	78.2	73.5	61.9	53.8	62.9	66	53.9	39.2	43.9	42.1	31.6	30	20.6	20	25.5	30.2	37.6	34	34.7	28.9	33.4	21.5	24.4	53.5	17.6	10.8	26.6	31.6	23.7	28.6	22.2	17.4	13.4	16.2	25.2	22.2	16.2	15.3	15.8	25	22.5	28.8	31.9	33.7	30.8	41	36.5	71.8	40.9	26.7	18.5	26.4	34	29.1	26.8	33.3	47.7	33.1	35.3	57.4	64	80.5	54.7	52.4	53.8	53.5	66.2	50.5	34.4	30.9	31.8	28.8	24.8	16.1	14.2	26	15.9	0.404	1.75	10.1	20.2	11.5	3.36	3.55	1.99	8.54	16.7	6.97	1.48	16.1	2.98	4.27	4.25	11.1	9.66	6.57	2.42	2.01	5.22	14.5	0.604	0.451	0.447	4.47	4.39	0.559	0.702	0.68	0.789	0.879	1.38	0.619	0.623	0.668	0.631	1.3
137	70	65.6	64.3	53.5	72.7	55.4	44.8	52.4	49.9	44.7	68.5	50.7	36.8	44.7	24.9	56.5	23.3	47.2	23.9	18.6	32.8	29.7	28	24.8	21.2	17.2	27.7	51.2	17.8	19.2	39.7	31.4	22.2	12.1	9.85	8.37	23.7	27.6	15.1	21.2	17.9	14.9	15.6	20.9	15.4	21.6	28	19.6	26.6	37.1	54.2	28.3	27.3	18.2	17.8	28.5	38.4	31.8	27	40.2	44.1	52.1	59.5	54.6	71.7	67.2	48.4	59.1	49.7	44.5	23.5	19.5	22.1	22	7.81	6.56	6.7	10.2	24.4	8.32	5.63	6.02	11.7	17.3	15.9	7.81	12.6	8.43	2.03	8.71	6.64	1.5	22.1	10.3	4.4	6.9	7.14	6.53	5.85	3.02	2.48	3.23	9.74	0.672	0.495	3.11	3.75	0.27	0.299	0.366	0.466	0.65	0.596	0.649	0.708	0.756	0.845	3.26	1.91
166	90.7	86.1	74.8	73.2	52.2	51.2	46.3	41.7	39	43.6	40.6	31.7	39.7	27.7	21	23.2	31.6	31.9	11	10.5	17.3	15	9.29	6.86	19.2	11.2	29.6	45.8	15.1	22.4	11	7.26	10.5	11.6	6.14	7.73	14.5	28.6	14.1	7.64	9.42	19.4	35.7	35.7	21.1	13.1	25.1	15.8	19	20	21.7	20.9	20.9	14.3	24.1	34.2	32.7	38	34.9	29.7	33.5	35.4	45.6	51	50.7	41.5	31.2	39	49.7	42.5	27.7	17.9	12.7	12.8	5.46	7.22	0.654	2.02	7.53	6.82	3.24	2.85	5.08	9.32	10.9	15.1	13.6	3.25	2	9.21	1.48	1.48	1.47	6.55	4.36	4.29	6.85	3.53	4.79	2.93	2.38	1.91	2.02	0.648	0.47	0.434	0.246	0.225	0.237	0.279	0.346	0.475	0.461	0.557	0.663	0.755	0.985	2.8	2.53
98.6	128	95.7	69.9	55	50	38.5	42.5	39.6	46.7	38.5	35.6	36.9	29.4	19.9	14.7	26.4	14.3	15.9	12.9	17.1	21	6.56	9.1	4.45	18.2	22.7	11.7	26.5	15	20.5	6.82	7.5	9.06	11.1	9.92	6.35	12.6	11.4	4.72	5.87	3.1	6.43	13.8	8.31	6.2	8.96	11.8	6.96	6.99	6.4	6.78	30.8	14.6	16.8	21	24.1	30.2	42.2	47.4	34.3	32.6	37.9	41.4	43.6	49.8	27.3	25.1	19.2	26.4	24.6	23.6	21.2	19.7	10.9	7.79	8.6	5.15	1.79	2.82	5.73	2.56	2.63	6.36	2.38	3.64	3.24	5.03	1.86	1.9	6.08	5.86	1.41	1.4	6.13	4.11	4.03	3.75	3.26	5.29	2.63	2.11	1.69	0.858	1.57	0.409	0.371	0.206	0.182	0.185	0.211	0.255	0.284	0.358	0.476	0.603	0.722	7.49	8.72	8.57
91.9	105	148	96	68.8	69.5	58.2	36.8	41.4	34	32.7	36.1	39.3	39.6	28.1	28.6	23	13.3	9.2	3.71	13.6	13.5	11.9	9.97	4.34	15.4	23.4	8.8	30.3	25.2	9.31	8.49	4.38	11.8	21	23.1	7.36	11.4	15.2	6.12	3.24	3.4	2.83	3.47	3.16	2.72	5.06	7.76	2.16	4.68	4.4	6.79	8.76	14.3	15.3	14.7	14.2	20.9	33.6	33.9	29.3	30	32.1	31.7	28.2	30.5	26.4	15.2	14.1	12.8	11.5	13.1	22.5	22.5	8.07	9.33	10.9	7.22	2.34	2.85	5.22	6.1	6.49	11.2	4.84	0.55	0.725	3.25	3.52	1.92	4.53	4.69	1.27	1.26	1.23	3.6	3.5	3.22	2.96	2.75	2.15	1.68	1.34	0.674	0.442	0.311	0.283	0.158	0.141	0.143	0.164	0.197	0.218	0.289	0.409	0.534	0.855	1.46	2.3	3.23
49.5	95.8	196	161	133	100	40.1	37.6	37.8	24	27.4	27.2	37.7	28.8	13	9.25	12.1	9.3	8.52	10	12.7	7.8	8.05	9.48	11.5	12.1	15.7	9.41	5.72	11.1	7.69	15.2	11.2	19.7	15.6	8.18	5.62	12.6	11.7	15.2	4.65	2.61	2.63	1.8	3.09	3.74	2.43	3.28	2.08	2.02	5.21	8.31	11.1	15.4	18.1	17.4	18.3	20	33.4	43.7	20.5	19.8	20.2	25.9	16.1	27.3	34.2	21.9	16.5	14.4	9.53	8.38	12	13	8.66	11.5	13.3	8.67	10	1.52	0	8.48	4.35	2.49	2.11	0.308	4.15	7.23	1.51	1.62	1.61	1.14	1.25	1.16	1.06	1.48	1.42	1.29	1.09	1.12	0.877	0.649	0.53	0.227	0.145	0.0987	0.0905	0.112	0.0813	0.0828	0.0949	0.0722	0.0798	0.145	0.177	0.537	1.19	1.85	2.72	3.7
65.4	73.1	89.2	90.6	105	54.3	29.5	32.5	69.8	41.6	24.5	20.7	16.4	16	9.95	6.54	8.26	8.24	7.87	9.31	8.18	8.73	7.55	13.9	17.7	16.3	18.3	10.3	12.3	18.9	22.5	19.2	16.1	7.4	3.72	6.29	7.68	10.9	2.72	4.08	8.88	3.57	2.85	1.83	3.48	8.37	8.57	8.85	1.72	2.61	3.51	10.9	14.4	18.2	24.7	16.7	13.7	14.7	26.3	36.5	26.3	25.4	19.8	31.6	23.6	22.3	36.1	31.6	14.6	11.3	5.18	6.3	11.3	11.5	11.4	20.1	10.4	7.4	12.7	5.03	0	0	3.96	0.669	1.11	1.62	0.283	1.09	1.34	1.45	1.43	1.01	1.08	2.01	1.17	5.19	1.16	1.02	0.847	0.829	0.589	0.418	0.325	0.139	0.0828	0.0527	0.0494	0.0502	0.0465	0.0479	0.0543	0.0412	0.0454	0.0786	0.141	0.905	1.67	2.41	3.36	4.42
66.9	35.9	51.5	52.6	56.2	46.8	62.8	21.4	18.1	22.9	17	19.2	11.1	13.7	22.3	8.49	8.18	8.79	5.56	8.62	6.63	8.94	12.1	11.7	17.5	16	10.8	12.8	9.23	18.9	23.6	34.7	17.1	12.6	2.46	14.3	12.3	8.93	18.1	2.48	2.7	2.58	2.68	2.02	2.89	5.94	8.26	2.99	1.72	3.75	7.44	6.79	7.52	8.34	9.53	11.7	10.6	13.8	17.4	28.6	37.8	69.8	59.8	37.3	27	20	21.5	21.8	17.7	14.8	8.33	5.61	11	8.69	8.62	7.9	5.51	5.84	7.78	7.05	4.92	1.7	1.77	2.8	1.7	0.141	1.93	2.77	1.13	1.23	3.47	0.858	0.848	0.81	1.41	1	4.76	0.818	0.646	0.607	0.401	0.266	0.203	0.0834	0.0456	0.026	0.0251	0.0434	0.0255	0.0266	0.0298	0.0225	0.0247	0.0531	0.23	1.24	2.08	2.89	3.88	5
43.6	37.7	43	31.4	38.4	60.9	33.1	37.3	24.6	20.9	9.06	18.9	13.1	8.02	14.4	12	5.26	10.3	11	7.85	5.89	5.77	6.67	10.4	12.2	20.7	14.7	8.67	7.97	18.5	18	20.4	22.6	11.9	3.88	21.9	10.8	8.72	6.7	3.9	7.96	7.82	3.39	1.55	2.31	3.08	1.73	1.76	2	4.9	7.03	7.7	8.01	8.34	4.21	2.96	6.42	9.42	12.6	19.6	37.1	60.4	57.3	40.5	20.3	19	14.3	14.5	14.1	11.4	8.2	6.46	4.91	6.28	3.69	5.95	2.49	2.81	0.946	4.75	2.85	1.49	1.57	0.16	0.137	0.105	0.173	2.35	0.876	0.962	0.949	0.674	0.667	0.64	0.588	0.785	3.74	0.618	0.496	0.46	0.3	0.195	0.149	0.0609	0.0331	0.0186	0.0179	0.0189	0.0182	0.019	0.0213	0.016	0.0176	0.0386	0.652	1.74	2.71	3.54	4.61	5.8
61.7	63.6	52.2	51	58.9	64.6	70	72.7	45.2	42.1	20	13.9	21.1	6.68	15.8	15.7	6.92	4.59	6.12	6.63	6.31	6.75	7.71	9.83	11.9	12.1	9.21	23.4	27.3	18.2	11.2	10.2	18.6	9.07	13.7	9.63	8.76	19.9	6.15	5.33	11.4	6.62	4.27	3.82	1.83	5.05	3.07	1.18	3.61	6.8	6.76	4.93	5.94	7.1	5.15	2.99	4.77	5.06	6.05	6.35	15.9	26.3	28.7	24	19.8	14.1	9.71	10.7	10.4	6.98	6.24	5.51	4.07	4.35	1.6	2.28	3.84	2.82	0.566	3.66	1.41	1.29	0	0.0143	0.0201	0.0352	0.0595	0.331	2.89	0.471	0.472	0.452	0.451	0.434	0.395	0.692	2.65	0.531	0.421	0.121	0.0763	0.401	0.0367	0	0	0	3.46	2.04	0.986	0	0	0	0	0.148	0.939	2.02	2.96	3.82	4.84	5.11
63	49.2	28.4	33.7	51	84.1	96.5	86	54.4	35	22.1	10.5	10.2	4.9	13.2	11.6	9.05	5.75	5.16	5.86	5.32	5.61	5.93	6.82	8.94	10.5	10.7	34.6	23.7	15	4.41	7.8	11.6	10.1	11.7	9.7	17.1	15.8	16.5	11.7	10.2	10.6	8.8	3.38	3.46	3.28	4.57	2.98	5.56	4.43	4.22	3.51	3.17	6.5	2.39	3.05	3.18	3.3	4.86	4.09	4.87	13.1	15.4	15.5	14.9	12.1	9.26	7.19	5.78	7.75	6.28	4.09	5.52	3.31	1.85	1.45	1.4	1.52	2.33	4.18	1.39	1.18	1.61	0.00628	0.00878	0.0168	0.0304	0.174	0.227	0.258	0.264	0.262	0.269	0.259	0.232	0.396	0.347	0.291	0.225	0.062	0.0364	0.0888	2.14	0	0	0.47	4.22	1.32	0.935	0	0	0	0	0.361	1.24	2.32	3.99	4.22	5.34	5.33
27.2	38.2	19.5	27.8	37.9	48.7	61	60.5	53.6	52.3	26.4	21.5	31.4	20	10.4	4.73	6.46	13.6	12.1	5.51	6.26	5.44	5.75	6.49	7.42	12.1	7.48	15.3	14.2	7.54	4.11	7.25	11.9	18.6	17.2	19.6	17.2	24.9	13.5	5.51	8.01	9.88	7.37	5.06	6.17	7.37	5.15	3.62	7.89	3.93	3.16	3.53	3.94	4.18	3.03	2.62	2.04	3.23	4.31	2.66	4.25	4.44	5.38	6.07	6.96	8.4	7.85	5.35	3.61	3.48	4.17	3.51	4.9	4.07	1.54	1.16	1.28	0.407	2.1	4	5.34	3.44	1.81	0.00197	0.00275	0.00661	0.0136	2.46	0.111	0.13	0.139	0.143	0.153	0.162	0.13	0.215	0.182	0.147	0.111	0.0286	0.106	0.337	0.295	3.34	0	0.91	2.61	1.17	1.23	0	0	0	0	0.496	1.35	2.49	3.56	4.47	5.57	5.52
20	33.6	19.3	28.5	42.5	39.3	62.4	40.5	47	50.1	38.2	23.8	32	16.9	16.5	8.37	7.72	17.4	15	7.41	6.42	6.19	7.05	8.66	6.53	6.45	7.64	3.9	12.6	6.39	3.93	6.61	12.7	14	17.9	20.2	11.5	12	12.2	7.34	4.53	7.93	8.56	7.12	7.67	17.5	6.48	2.53	10.3	5.28	4.69	3.4	3.71	4.33	5.26	5.18	3.92	2.23	3.18	4.01	3.33	2.57	3.39	4.97	5.41	5.64	5.87	4.24	3.64	2.72	3.01	3.44	3.86	3.19	3.71	2.33	0.957	1.11	0.157	3.67	3.49	4.31	3.34	0.735	1.29	0.00473	0.00976	0.868	1.55	0.0928	0.0997	0.116	0.11	0.106	0.0938	0.154	0.13	0.105	0.0789	0.0204	0.0103	0.0576	0.139	0	0	1.98	3.48	2	2.34	0	0	0	0	0.578	1.45	2.56	3.63	7.71	8.99	5.71
41.2	26	21.8	11.3	16	39.6	32.7	53.2	46.2	32.8	40.2	38.8	35.1	31.1	23.9	13.3	19.6	32.9	21.9	9.28	9.31	6.86	9.94	8.82	1.93	1.74	3.41	1.38	5.71	4.62	1.58	6.4	13.4	9.05	8.5	8.18	12.9	11.9	15.1	9.76	7.86	7.62	2.3	4.51	7.92	16.2	14.2	5.09	7.37	4.08	3.76	2.45	3.49	8.46	9.5	4.15	2.82	3.39	2.36	2.51	1.89	2.49	1.61	2.91	4.86	4.22	4.92	4.12	3.64	1.39	4.21	4.53	5.03	4.25	3.68	3.31	1.96	1.01	0	0.452	0.566	1.7	1.16	2.64	0.155	0.674	0	0.124	0	0	0	0	0.0139	0	0	0.111	0	0.119	0.352	2.44	3.49	0	0.0157	0	0	0	2.34	6.03	9.11	7.26	0.664	0	0	0.302	0.837	1.93	2.8	3.63	4.59	5.59
67.6	55.9	29.3	62.4	17.7	15	36.8	36.9	45.7	33	33.4	29.8	53.1	52.3	30.8	21.6	21	27.7	16.4	9.58	8.67	10.8	13.8	14.5	1.8	1.54	1.28	1.11	3.93	3.04	1.25	6.75	11.9	12.5	10.1	7.85	10.8	27	33.7	17.8	9.24	6.83	2.4	1.7	8.49	9.47	13.8	5.68	2.55	2.45	5.06	4.09	3.46	5.53	6.17	4.34	2.65	2.78	2.21	2.16	1.77	2.07	0.875	2.72	2.87	3.4	4.81	4.94	4.78	3.68	2.46	2.62	2.76	3.36	3.58	2.47	1.8	0.949	0.692	0.549	1.12	0.379	0.672	1.62	0.641	0.557	0	0	0	0	0	0	0.0142	0	0	0.0502	0	0	0	0	0	0.00748	0.0439	0	0.0895	0	0	0.69	2.71	8.98	7.9	4.67	1.98	4.38	0.794	1.9	2.81	3.69	4.72	13.5
20.2	33.2	37.8	70.8	82.6	58.1	47.2	33	38.9	25.5	31.8	32.3	43.4	42.7	26.8	29.2	23.7	21	18.4	15.4	10.3	23.6	20.8	22.7	12.1	2.69	2.2	4.13	1.24	1.09	1.52	5.57	14.9	18.6	10.2	8.65	10.4	23.3	37.8	18	6.32	3.48	8.54	7.28	7.84	1.35	5.8	6.33	3.92	2.67	13.6	12.7	7.35	8.92	8.76	4.39	3.59	4.49	3.11	2.19	1.96	2.4	1.47	1.39	3.67	4.15	6.29	4.23	5.09	4.14	2.04	1.4	2.18	4.36	3.52	1.76	1.84	1.88	1.02	0.696	1.19	0.335	1.59	1.79	0	0	0	0.179	0.154	0	0	0.617	1.04	0.462	0	0.00689	0.0267	0	0	0	0	0.00683	0	0	0	0	0	0	0	2.07	11.9	12	2.93	0.564	0.804	1.92	2.87	3.76	5.11	7.39
15.4	20.2	45.7	91.1	74.8	44.6	56.2	33.1	35.2	33.1	35.9	37.8	78.8	59.1	43.4	32.2	32.4	36.7	27.5	40.8	24.9	20.2	24.6	18.1	14	8.06	4.06	3.51	2.34	1.75	1.95	8.67	15.3	13.8	10.4	16.1	10.6	26.1	25.3	10.3	13.2	14.5	11.4	7.28	2.35	7.78	18.4	15.3	10.2	3.78	9.67	19	12.4	33.8	17.6	4.23	4.33	6.19	4.73	3.05	3.76	3.33	2.89	2.62	2.29	3.61	6.34	4	4.9	1.92	2.22	2.38	2.22	1.74	2.36	1.5	1.14	1.4	1.73	1.38	0.736	0.333	1.55	2.76	2.43	0.237	0.845	0.0137	0.566	0.858	0.877	1.54	2.69	1.2	0	0	0	0.00613	0	0	0.0805	2.6	2.64	0.00938	0	0	0	0	0	0	0	4.58	11.7	13.2	1.1	1.87	2.84	11.1	12.2	8.61
12.3	19.6	55.1	96.5	108	78.4	43.6	27.3	33.2	45.5	35.7	24.5	45.2	56.1	62	68.4	56.7	39.7	44.8	84.9	65.9	65.5	57	23.6	18.5	17.4	12.8	5.8	5.47	4.98	12.5	20.1	13.3	12.7	12.5	18.6	15.2	11.9	10.4	5.97	9.82	16	12.7	6.93	4.69	19.5	14.7	7.01	8.9	5.78	2.63	4.18	12.8	20.3	15.2	5.73	9.56	11.3	8.8	5.29	3.44	2.59	2.73	3.43	1.92	2.17	2.23	2.35	2.28	0.835	0.301	0.675	1.31	1.93	1.73	0.372	0.498	0.414	0.771	0.416	0	0.149	0.156	0.153	0.222	0.168	0.124	0.0187	0.00999	0.134	0.181	0.367	0.269	0.24	0	0	0	0.644	1.23	0	0	0	0.646	0.0222	0	0	0	0	0	0.272	0.111	0	6.08	14.8	4.09	4.58	7.16	5.82	4.61	5.83
6.51	7.1	10.8	14.4	9.88	16.4	14.3	12.5	19.5	43.6	55.4	68.7	41.1	64.2	83.7	72.8	56.9	50.6	60.4	83.1	77.7	44.1	36	23.6	26.5	23.1	17.5	9.43	6.59	4.62	8.24	11.9	10.6	13	10.1	11.6	12	16	12.4	7.25	6.55	7.79	12.5	7.45	5.39	18.1	17.6	18.4	25.6	17.4	12.4	6.42	11.3	17.1	13.9	6.85	11	10.9	9.33	7.71	5.12	1.32	1.08	2.75	0.386	1.85	2.08	4.44	1.4	1.25	1.04	1.85	1.38	1	0.293	0.244	0.437	0.0821	0.901	0.798	2.55	0.491	0.8	0.135	0.175	0.224	0.127	0.142	0.139	0.183	0.166	0.613	0.403	0.629	0.298	5.12	4.49	3	2.62	0	0	0.0372	0	0	0	0	0	0	0	2.12	0.0198	0	0	9.39	6.21	1.59	2.54	3.6	4.49	5.76
6.96	5.41	3.01	5.21	5.41	6.18	6.45	11.8	14.3	36.3	67.2	141	78.3	98.4	135	81.9	64.1	62.5	64	80.8	77.5	57.9	45.5	40.2	28.9	27.5	22.7	11.8	8.31	5.01	4.38	8.25	6.56	7.12	6.21	12.9	11.3	12.3	10.3	5.06	5.49	6.86	10.8	11.1	5.46	3.6	5.38	14.7	26.1	23.4	18.9	12.1	9.75	17.4	16.1	7.64	9.21	10.2	8.15	6.15	4.78	1.45	1.25	0.713	0.544	0.452	1.33	5.04	2.36	2.5	3.17	2.68	1.91	3.75	2.28	0.798	0.22	0.109	1.51	0.966	0.626	0.658	4.93	1.83	0.215	0.142	0.151	0.192	0.17	0.121	0.162	4.15	0.657	0.543	0.472	7.35	4.09	2.9	3.84	1.58	0	0	0	0	0	0	0	0	0	0	3.78	4.03	0	0	0.324	1.31	2.26	3.91	6.24	5.92
3.86	2.69	2.33	4.59	3.34	4.51	5.57	6.2	13.1	34.4	53.8	157	168	131	132	93	87.1	99.3	63.8	65.2	55.1	86.3	75.3	71.1	46.2	36.9	36.4	19.4	11.8	31.2	13	13.4	14.9	5.24	7.46	10.3	13.8	14.5	15.7	7.55	4.15	3.19	4.76	4.07	9.18	3.19	2.94	11.9	12.5	9.13	13.7	15.6	10.6	9.62	9.77	5.25	5.91	7.74	7.81	3.51	3.42	4.23	3.43	0.898	0.783	1.99	3.84	8.16	5.55	2.19	2.69	3.83	5.76	3.92	1.55	1.16	0.954	1.04	1.88	0.899	0.772	1.38	3.91	5.74	1.77	0.0324	0.181	0.00999	0.228	0.0517	0.0873	3.85	3.39	1.48	1.43	14.4	5.62	4.51	4.32	4.3	1.84	1.73	0.0278	1.3	1.71	1.55	0	0	0	2.15	3.51	1.22	0	0	0.127	1.05	2	2.88	3.92	5.43
0.159	1.22	12.6	40	11.4	3.82	3.36	7.95	3.07	9.09	27	96	201	213	179	112	158	110	91.7	90.3	73	102	127	128	167	168	111	70	53.4	39.6	40.1	13.4	4.56	3	3.28	6.52	10.9	11	11.3	8.19	5.08	14.3	5.06	5.03	1.64	3.55	20.8	4.09	2.84	5.12	7.39	15.4	12.7	5.38	4.92	4.79	4.34	6	10.7	4.96	2.69	5.04	6.72	6.78	5.84	3.32	4.65	5.66	4.79	3.91	3.7	4.44	5.32	4.75	4.21	2.02	1.79	2.57	1.28	0.859	0.492	0.278	0.224	0.136	0.242	0.0379	0.0249	0.0529	0.175	0.351	0.094	3.3	3.21	2.14	0.528	6.76	9.31	5.9	5.95	2.79	2.67	2.61	0.0298	0.0754	0.0024	0.000969	0.000691	0	0.322	0.318	2.06	1.92	0	0	0	0.853	2.02	3.49	4.45	6.68
0.11	0.229	5.12	28.3	25.7	2.04	1.18	3.35	1.31	18.9	26.5	26.8	56.7	144	155	190	170	137	147	161	119	101	101	132	152	158	144	107	76	57.7	40.7	12.2	9.81	2.41	8.09	9.51	24.2	9.44	4.98	9.06	9.17	6.14	3.83	1.39	7.52	3.34	8.35	2.6	2.04	8.98	8.19	7.81	7.51	5.08	8.98	12.5	8.26	9.07	4.27	2.93	2.88	2.83	5.94	5.75	5.69	5.87	3.6	5.26	8.21	4.59	4.6	4.99	6.24	6.23	5.88	2.88	2.69	4.76	2.76	0.858	0.91	0.478	0.493	0.166	0.181	0.0967	0.0188	0.0869	0.0488	0.0915	1.06	4.81	2.07	0.465	0.237	6.51	4.85	5.12	4.14	2.79	5.26	2.15	0.0416	3.51	2.2	0.00136	0.00556	0.76	0	0	0.00718	0	0	0	0	0.297	1.46	2.59	3.96	4.76
0.109	0.42	1.35	0.717	0.573	0.104	0	0.148	0.18	25.6	30.1	22.1	39.2	30.4	55.6	83.1	111	113	122	185	195	168	144	179	165	147	145	125	115	94.6	63.9	18	14.3	4.59	2.07	8.07	22.6	11	9.96	8.31	3.86	5.7	4.01	5.65	3.56	1.99	3.72	9.99	13.8	13	13	9.87	7.16	7.82	15.1	16.9	16.4	12.4	9.59	11.9	13.2	4.31	6.71	9.32	7.1	6.14	6.06	5.53	7.38	5.2	5.45	7.07	6.36	7.07	6.9	4.13	3.58	4.77	6.08	1.93	2.88	1.51	0.521	0.284	0.248	0.113	0.0578	0.118	0.176	0.154	0.1	1.95	7.41	4.37	3.32	7.55	9.1	5.49	2.53	2.78	8	2.4	0.0962	0.0179	3.09	0.00717	0.00522	0.0519	0	0	2.36	0	0.0137	0	0	0.0329	1.09	2.23	3.62	4.73
0.00717	1.06	0.852	0.393	0.0613	0.0321	0.0146	0.0915	0.157	12.6	32.7	72	40.8	73.3	59.5	30.5	41.8	53.8	68.8	137	182	142	138	192	191	185	145	125	117	100	85.8	47.4	15.5	8.98	14.4	13.9	8.87	8.97	9.96	10.9	17.8	30.3	23.6	14.9	16.1	12.2	14.2	26.9	20.3	18.4	10.8	13	13.6	11.6	9.61	12.2	27.2	14.2	8.69	28.1	14.3	8.83	9.11	10.3	8.98	9.93	11.4	16.6	8.88	6.01	5.97	7	7.59	8.03	7.49	4.08	4.41	5.33	4.59	2.1	1.97	2.46	0.773	0.424	0.468	0.177	0.0917	0.221	0.396	0.188	0.189	0.12	0.23	3.34	3.08	7.63	9.52	9.53	0.28	1.93	2.76	0.237	0.199	0.038	1.83	3.04	0.0134	0.0123	0.00904	0	2.77	0	0.0551	4.03	0	0.0382	0.898	2.08	3.52	4.82
0	0.0419	0.00907	0.0294	0.0198	0.0506	0	0.0121	0.114	0.628	0.83	34.2	23.5	23.9	29.2	50.3	26.6	22.9	24.9	49.8	68.7	72	75.6	136	177	224	171	133	110	88.2	87.9	62.4	31.3	24.5	16.9	17.5	12.2	16.8	11.6	42.9	33.1	22.9	21.6	11	15.4	14.2	28.4	66.9	24.7	18	12.6	8.25	14.5	8.58	5.42	4.32	16.1	17.7	8.43	12.7	33.9	11.5	7.57	28.8	24.4	17.9	10.7	19.1	11.6	8.87	7.95	8.37	8.88	10.4	11.9	5.91	6.15	7.42	10.6	5.75	2.74	3.46	2.13	0.875	0.574	1.17	0.517	0.65	1.56	0.974	0.379	0.235	0.198	0.0958	0.14	1.44	1.91	3.63	0.783	1.06	0.726	0.647	0.536	0.292	3.78	0.15	0.11	0.553	0.0451	2.05	0.00417	1.74	0.083	1.52	0	0.077	0.78	1.79	3.27	5.7
0.369	0.0586	0.0447	0	0.202	0.204	0	0.542	0.847	1.61	6.04	26.5	13.5	9.67	11.6	35.8	31.3	35.9	29.8	23.9	22.1	31.5	48.8	107	143	189	194	165	138	105	85.3	55.5	34.6	17.7	20.6	15.1	11	12.8	10.9	16	20.2	34	31.4	15.9	16.6	18.1	11.5	26.8	26.8	61.2	20.1	11.2	9.72	64.9	11.3	7.96	7.94	10.1	6.62	11.6	19.8	11.7	12.1	7.23	18.7	16.6	15.8	12.7	10.4	17.4	7.98	7.86	7.91	9.22	12.7	6.4	7	7.55	13.8	10.2	4.47	3.19	2.5	1.25	0.722	0.54	0.963	0.86	1.65	1.55	0.485	0.11	0.0693	0.0562	0.168	0.809	1.07	3.23	3.11	1.61	2.03	1.85	0.708	0.39	0.822	2.38	0.159	0.291	0.0498	0.00817	0.00584	0	0	1.07	0.186	3.56	6.45	7.57	3.26	6.03
2.1	2.09	1.09	0.376	1.06	1.22	0.198	0.573	1.11	1.69	1.15	6.35	4.53	3.22	3.86	18.5	21.7	54.4	45.6	19.8	21.9	23	29.9	85.4	118	134	150	157	134	108	81.3	41.1	34.6	26.5	15.8	16.1	9.03	14.2	27.4	29.7	29.7	34.7	25.7	14.4	18.6	36.4	28.2	23.3	17.5	20.8	12	8.66	8.82	17.8	11.7	14.4	11.6	8.21	8	9.8	18.3	15.1	21.8	12.3	8.97	13.9	17.8	20	11.1	11.2	12.3	10.2	12.4	10.1	10.1	7.97	7.73	7.32	13.9	14.1	8.73	5.85	3.5	1.48	1.33	0.654	0.865	2.93	2.66	0.958	0.653	0.166	0.0987	0.0718	0.0853	1.63	0.657	1.29	0.911	0.761	2.24	0.967	0.821	0.466	0.358	1.94	0.197	0.117	0.0363	0.667	0.0105	0	0	4.72	0.183	0.0946	6.39	7.49	10.3	6.51
0.479	0.357	3.79	1.87	2.42	1.77	2.06	2.93	2.09	4.29	4.17	5.23	11.7	3.77	2.97	3.56	7.42	18.4	80.4	19.2	21.2	21	24.8	67.9	90	120	117	114	119	85.7	72.4	41.4	34.2	27.6	25.3	16	28.6	21.9	33.2	45.6	49.3	47.2	43.5	13.1	15.3	24.7	38.7	31	17.9	14.9	11.6	10.3	11	10.4	17.3	21.8	15.7	9.26	8.99	12	9.71	9.26	8.18	13.3	8.07	14.3	18.2	11.2	20.5	14.5	11.1	11.6	12	18.9	23.5	8.07	22.5	21.3	12	11	9.91	8.51	5.51	6.14	3.66	1.52	1.08	1.85	3.51	1.22	0.855	0.248	0.398	0.484	0.109	0.191	1.8	0.297	0.719	1.55	1.96	1.79	0.878	1.16	1.94	0.335	0.248	0.142	0.113	0.367	0.0559	0.193	2	5.92	0	0.102	0.77	2.25	6.79	5.56
0.0589	0.216	0.329	0.0585	0.052	0.139	0.232	0.538	0.144	0.204	0.451	0.118	0.488	3.36	2.29	0.924	2.42	3.26	6.68	7.51	7.27	8.88	13.7	44.7	60	72.6	78.4	79.1	73.6	61.1	48.6	49.8	60.1	36.2	37.5	21.9	44.3	33.3	36.7	30.1	32	41.8	60.9	35.9	28.8	31.8	43.6	61.3	58.7	42.9	35	28.1	29.4	30.2	27	20.8	22.8	13.8	9.58	10.2	8.94	7.9	8.85	10.5	7.32	8.63	12	9.72	13	15.2	15.7	12.5	10.4	18.7	18.7	23.4	17.1	10.4	11.6	11.4	14.4	11.4	10.9	11.4	7.23	5.79	4.39	4.23	3.5	3.17	2.12	0.667	0.832	1.64	0.171	2.57	2.32	1.96	1.65	1.3	2.41	2.54	2.37	1.45	1.28	1	0.81	0.0927	0.0419	0.0172	0.0189	0.0799	0.0188	0.0245	0.0349	0.101	0.693	6.04	3.48	4.33
0.245	0.0633	0.0435	0.274	0.32	0.0571	0.193	1.36	1.43	0.496	1.47	1.45	0.61	2.41	2.39	1.57	0.471	0.799	1.34	3.81	2.69	7.05	9.06	35.7	48.8	56.3	56.8	58.7	60.9	62.6	45.9	42.1	48.4	41.4	22.6	28.6	24.7	45.7	43.7	48.2	47.3	66	50.3	34.3	37.9	49.5	72.2	81	110	80.6	51.2	44.2	46.8	42.8	58.9	30	54.3	36.3	14.5	15.1	11	8.26	6.86	6.64	6.35	5.74	6.62	7.2	10.2	14.5	18	15.7	20.4	15	23.1	22.7	16.5	13.6	15.5	18.1	16.8	18.9	15.8	13	14.7	6.3	5.64	6.33	5.31	3.5	2.5	3.27	1.78	0.761	1.03	0.233	2.01	2.79	3.38	5.45	3.75	2.61	2.52	1.59	1.45	1.2	0.871	0.109	0.0496	0.0213	0.0245	0.1	0.0643	0.0313	0.0685	0.107	0.575	1.64	2.97	4.16
0	0	0	0.247	0.957	0.0932	0.0106	0.44	0.178	0.776	4.11	4.84	7.38	0.115	3.45	1.01	1.51	0.452	0.805	1.33	29.2	22.3	6.81	28.9	42.7	47.8	45.7	48	55	56.3	52.2	37.2	62.4	42.8	52.5	44.9	48.6	40.7	24.7	48.9	61.1	59.3	69	44.4	42.3	54	73.3	83.7	108	129	110	70.9	78.9	74.8	57.9	44.5	51.2	44.1	32.2	19.4	13.9	13.4	12.1	11.9	8.97	6.2	5.6	4.24	8.46	5.63	10.2	13.6	15.8	23.4	21.4	21.6	18.5	16.7	22.2	21.2	23.6	53.2	49.8	29.2	13.9	7.1	6.13	6.91	6.14	4.59	3.48	8.28	3.25	2.02	1.32	4.69	6.87	3.74	3.25	4.07	4.69	3.99	2.67	3.49	1.57	2.79	1.74	0.653	0.0857	0.0961	0.0853	0.12	0.105	0.115	0.118	2.42	11	1.64	2.96	4.12
0.0363	0.00455	0	0.0123	0	0	0.0592	0.573	0.209	5.25	11.3	12.8	2.65	0.103	0.435	0.119	0.168	0.36	0.597	1.08	30.4	21	7.29	20.5	28	35.3	36.8	44.1	44.2	37.3	51.6	28.1	56.7	43.3	50	37.4	63.5	42	40	40.4	56.3	75.8	84.4	78.7	63.8	55.2	65.3	86	114	128	118	127	78.5	89.5	95.6	69.8	37	34.4	51.2	25.7	17	17.2	13.3	10.1	9.74	5.58	5.58	4.38	4.18	4.39	5.16	7.65	13.9	29.5	26.2	13.7	21.3	51.5	46.5	40.4	26.1	41.4	48.7	28.3	25.2	21.2	16.5	7.18	5.81	6.81	4.28	3.36	2.08	2.13	2.47	11	3.93	3.42	4.13	6.14	5.91	3.98	2.23	3.11	3.57	3.23	2.99	0.202	2.31	2.3	1.98	0.213	0.255	0.273	0.267	0.586	5.93	1.6	2.94	6.66
0.0181	0.05	0.0416	0	0	0.0245	0	0	0.314	0.778	1.46	3.06	0.182	0.788	0.515	6.37	0.459	0.0413	0.0759	0.0639	0.135	2.07	2.27	4.11	5.12	6.61	6.81	16.3	20.3	19	21.6	32.5	28.5	12.8	12.1	23.4	40.2	86.4	149	62.4	82.4	79.8	82.1	53.6	40.7	44.1	56	66.2	90.6	89	85.5	101	110	94.6	109	100	37.4	35.4	36.2	52.9	31.9	29.7	15	12.7	9.82	11.1	9.77	4.14	4.99	4.56	4.82	13.2	19.1	23	24.7	25.2	18.9	33.9	63.7	33	30	50.5	44.7	37.6	42.6	22.6	15.4	8.67	6.02	5.77	4.6	2.55	0.857	0.549	2.52	9.19	4.15	2.39	3.07	5.56	3.88	2.34	1.95	1.83	7.48	6.34	3.77	2.27	2.19	2.57	5.23	4.04	4.81	4.14	2.21	2.5	2.41	2.88	5.2	8.01
0	0	0	0.0614	0.0938	0	0	0	0	0.432	2.8	0.857	0.241	1.12	0.2	1.65	1.07	0.382	0.358	0.023	0.0298	0.628	2.57	18.8	2.72	2.9	3.6	9.82	11	10.9	13.5	12.6	25.1	17.1	17.9	69.4	101	108	92.3	73.1	77.4	97.1	69.9	48.9	42.7	29	39	60.9	72.2	77.7	72	78.8	111	103	103	90	68.3	60.4	72.9	42.5	56.7	26.4	19	14.9	12.6	12.5	15.4	7.15	3.78	6.66	5.21	8.23	7.89	16.9	25.3	40.5	26.7	27.5	27.7	26.1	33.4	29.2	38.1	36.6	41.3	34.6	23.6	15.9	9.03	5.66	4.35	4.25	1.18	1.34	2.42	7.76	2.82	0.857	2.24	2.94	3.84	2.63	1.38	1.9	6.52	7.68	7.5	3.52	2.62	2.88	3.03	11.5	14.9	3.48	7.19	3.34	3.29	3.91	6.88	8.27
0	0	0	0	0.00375	0.0422	0.419	0.192	0	0	0.186	1.31	0.0903	7.01	0.553	0.486	2.84	0.97	1.53	6.09	0.277	0.674	0.934	18.3	1.48	4.85	1.76	6.73	8.35	7.36	7.07	4.64	14.2	29.1	26.9	55.6	122	129	70.6	54.4	61.6	77	79.9	40.1	40.6	44.2	47.6	62.1	70.7	67.4	67.3	80.4	72.2	106	114	93.3	79.6	107	110	78	61.3	39.6	13.3	10.3	7.64	6.19	9.26	5.87	9.25	4.53	4.47	6.8	8.92	10.6	20.9	25.4	21.2	36.2	24.7	21	22.3	25.7	31.5	61.3	66.2	34.6	19.2	10.9	14.2	13.8	7.05	8.15	2.48	1.06	0.766	3.52	1.14	0.128	0.208	1.2	3.36	5.61	4.75	5.19	12.8	11.6	7.62	3.46	3.32	3.25	5.14	13.9	13.8	5.87	18.7	6.21	8	8.65	6.24	4.8
0	0	0	0	0	0	0.083	0.994	0.0558	0	0.0199	0.0433	0.415	4.19	1.75	2.49	1.75	0.309	21.1	10.3	1.18	1.34	0.527	1.97	3.84	62.7	1.47	4.54	79.8	56.3	5.98	2.65	14.9	21	30.8	67.9	60.3	88.8	110	71.7	72.3	69.3	71.1	42.9	38.9	41.3	39	52.2	51.6	54	58.9	61.2	73.5	71	75.1	60.3	71.1	121	121	77.4	56.4	40.3	15.1	14.7	9.09	6.84	7.06	4.27	14.8	13.1	5.33	6.06	8.95	7.4	18.7	16	15.9	14.9	24.8	22.6	19.4	23.1	22.5	46.9	45	28.8	12.4	12.8	14.7	18.2	21	13	3.57	2.47	1.35	5.55	4.18	1.71	3.49	1.83	3.83	7.7	6.49	6.11	6.53	10.6	13.4	13.4	7.11	6.18	8.56	8.44	14.5	20.3	18.8	8.28	6.59	4.59	6.24	7.79
0	0	0	0	0	0	0	0.00755	0.213	2.11	0.58	0	0.123	0.295	0.272	0.523	0.473	0.267	0.846	2	0.0898	0.0113	0.0113	0.18	0.172	1.29	0.334	0	8.59	24.4	5.55	6.71	7.39	16	21.4	44.4	69.2	72.2	63.8	55.1	72.5	85.3	79.6	53.7	52.9	56	62	38.5	29.6	32.7	36.8	53.7	79.4	69.7	72.6	50.6	68.5	119	120	105	87.9	41.8	19.9	16.8	17.1	5.77	5.52	2.32	9.33	9.77	3.35	2.72	2.82	4.13	10.8	6.04	17	21.8	27.2	24.1	25.5	29.1	24	32.6	40.6	30.6	25.7	16.5	18.5	20.1	23.8	18.1	8.57	8.24	4.52	4.03	6.63	5.77	4.89	3.45	5.76	5.96	6.21	5.24	5.27	8.76	11.2	9.12	7.27	9.02	8.02	13.7	11.1	15.4	14.3	10.6	7.26	10.9	9.91	8.72
0	0	0	0	0	0	0	0	0.14	1.4	5.09	0	0	0	0.0232	0.168	0.298	0.0819	0.0407	0.956	0.538	0	0	0.116	0	0	1.98	0.329	0.553	14.7	14.1	8.2	37.9	4.38	9.41	38.4	60.9	70.1	65.2	58.5	64.2	75.5	83.9	61.1	61.5	85.6	88.6	58	47.1	33.4	31.7	52.3	77.3	54.4	47.3	51.6	103	157	184	153	93.8	51.8	27.8	14.9	10.1	4.57	3.62	4.02	6.59	3.94	3.16	5.64	4	7.25	11.9	5.58	7.18	17	17.7	19.6	21.2	30.4	21.4	22.9	31.2	49	39	16.4	11.4	13.5	16.5	20.3	7.75	6.09	11	10.4	3.83	4.93	7.04	7.53	6.83	7.74	7.34	6.57	6.88	7.83	9.11	6.33	4.86	7.34	8.36	5.89	8.11	10.5	12	9.31	10.5	9.01	10.7	8.1
0	0	0	0	0	0	0	0.00598	0	0	3.65	2.56	0.0935	0.0122	0.0379	0.226	0.477	2.48	0.216	0.0498	0.949	1.11	0.049	2.06	0.982	0	0.102	5.66	0.129	2.26	5.38	17.3	40.3	2.74	7.67	18.7	22.6	30.9	48	81.4	64.1	65	63.5	54.2	52.7	65	89.8	63	40.6	26.5	22.6	27.1	54.1	46.8	43.3	54.4	77.7	148	165	169	123	64.3	31.5	12.8	5.87	20.9	6.41	6.96	7.94	7.25	5.02	3.57	5.06	10.5	11.2	9.76	11.4	14.1	11.9	13.5	17.7	20.1	26.6	22.5	31.9	38.1	34	17	11.3	12.9	16.5	24.5	22.9	7.2	7.97	6.3	5.12	3.17	2.93	9.43	8.08	8.06	7.5	7.62	8.94	8.13	6.45	4.37	3.18	4.2	5.76	4.61	6.8	5.68	9.64	8.87	6.71	9.52	10.3	4.56
0	0	0	0	0	0.0239	0	0	0	0	0	0.211	0.0985	0.132	0.0134	0.0335	0.241	0.637	1.85	1.65	4.23	3.1	1.81	2.68	4.66	0.126	0.613	0.26	0.902	0.437	3.89	8.21	13.1	6.52	12.6	12.6	9.13	12.2	30.6	53.7	76.8	71.8	82.4	60.8	48.2	50.6	84.8	53.2	43.6	39.4	23	25.4	32.2	31.5	56.1	41.4	51.2	94.6	138	121	72.7	105	92.9	49.4	94.5	39	14	9.28	4.75	8.87	7.14	5.26	5.52	11.6	18.1	14.3	14.9	17.4	33.4	18.4	24.2	21.2	22.5	20.9	22.1	15.3	28.5	14.5	22.4	11.9	15.9	25.4	18.3	11	10.3	11.1	7.89	7.87	5.02	7.08	8.36	8.74	8.53	12.1	9.24	7.01	6.59	4.11	5	5.94	6.7	5.43	8	5.84	5.33	6.88	7	8.67	5.81	2.37
