105	145	170	134	142	126	171	191	246	188	211	173	192	234	220	207	237	221	213	220	241	265	232	260	190	161	162	222	283	278	361	359	321	264	268	239	220	238	209	215	272	260	279	264	252	247	248	223	240	265	258	207	159	174	200	266	257	278	314	265	237	264	310	287	275	279	282	331	295	289	325	361	382	341	385	304	348	316	255	212	148	137	161	169	137	115	135	148	171	170	220	149	152	170	180	151	154	119	116	149	178	200	191	212	228	212	153	150	132	201	203	209	160	199	190	216	247	264	240	248
219	281	286	162	155	160	233	205	217	221	237	232	240	168	251	199	208	286	247	242	233	233	269	222	148	154	149	189	214	237	255	268	277	226	202	232	212	219	248	305	268	252	285	226	236	205	248	244	169	139	148	133	118	136	175	222	254	357	374	265	315	308	245	237	255	309	302	294	243	329	409	420	422	449	396	264	310	309	295	194	167	165	161	193	192	154	167	169	161	160	155	142	172	159	175	126	104	111	133	182	156	162	193	246	183	182	157	163	156	169	195	190	169	163	182	193	222	202	239	230
269	319	340	202	235	197	253	196	219	243	194	278	277	333	304	277	277	261	201	273	271	301	267	207	171	185	168	199	220	187	204	219	242	237	195	191	187	235	281	350	291	263	192	189	201	152	173	165	164	159	204	201	180	162	155	187	231	288	388	337	265	352	280	253	398	303	267	314	339	456	467	394	388	441	439	301	291	278	264	258	290	246	174	176	153	170	134	119	138	133	135	108	126	124	121	81.5	91.1	97.2	143	175	149	121	138	164	157	197	219	212	205	219	263	165	149	173	170	166	197	193	211	207
329	312	319	242	237	206	234	174	283	279	240	356	352	380	450	340	343	269	254	241	288	290	276	216	193	182	169	175	190	150	167	189	186	178	186	206	196	274	282	328	250	227	177	149	176	177	172	187	197	244	289	307	252	217	181	188	231	255	277	274	330	269	255	280	367	284	293	374	450	374	366	373	337	354	370	312	273	262	246	320	324	255	183	170	174	178	211	149	169	161	173	121	92.5	78.8	100	93.7	87.9	87.1	104	122	109	102	116	138	183	167	164	174	208	228	211	149	167	185	157	158	222	203	190	171
329	316	339	309	314	239	227	198	187	220	249	270	309	452	473	309	274	217	186	195	244	253	243	156	164	189	183	148	120	132	169	195	158	102	126	171	209	257	229	253	232	239	224	150	168	208	261	240	296	287	299	249	195	211	207	201	224	268	310	264	278	289	226	253	301	312	420	436	498	368	363	456	362	299	291	298	266	238	240	243	233	245	236	223	247	203	187	240	210	155	210	156	110	67.8	75.9	66	66.6	75.6	79.6	99.4	137	138	147	145	168	138	193	190	241	238	205	189	181	221	231	252	239	203	152	156
265	322	342	218	239	260	255	273	217	234	230	255	341	443	347	373	318	289	270	238	269	244	277	197	224	249	198	152	144	143	153	179	154	118	127	157	174	192	180	189	196	206	227	176	208	334	344	335	331	370	384	313	211	215	203	189	251	369	449	361	355	358	315	289	309	389	409	412	360	340	400	430	313	234	271	240	229	228	308	335	291	265	239	261	349	234	213	279	261	215	238	145	143	98.6	96.3	61.1	68.4	65.5	86	100	126	137	148	153	118	126	177	204	228	181	178	171	198	189	198	236	244	245	207	176
341	401	367	250	205	224	239	233	318	281	284	321	243	356	350	300	303	305	264	260	291	310	296	237	219	204	197	175	186	172	158	149	136	150	143	163	141	157	177	184	193	208	201	188	212	281	331	328	391	445	349	240	206	182	184	177	217	363	545	544	408	383	357	300	370	388	382	332	309	302	324	345	281	368	254	229	220	224	264	303	269	250	212	253	245	247	228	255	269	230	185	103	144	91.4	150	101	78.3	69.7	90.1	82.2	109	137	140	154	145	160	193	240	235	187	161	200	208	199	192	210	251	201	176	152
324	320	366	342	253	195	208	181	224	306	285	271	318	453	478	323	328	300	226	261	299	301	287	236	209	218	230	192	176	182	146	148	170	137	135	153	144	141	147	186	198	202	202	179	182	265	315	320	348	384	295	267	233	218	243	190	246	367	496	434	339	359	447	416	407	368	357	314	288	290	328	331	293	409	261	211	189	230	236	248	254	290	259	260	251	231	224	260	265	179	164	137	111	109	128	106	75.7	90.5	127	108	98.9	129	150	155	140	158	169	192	235	194	157	214	214	216	227	212	217	167	110	136
249	278	284	242	244	234	212	246	255	482	381	424	309	352	374	272	225	209	250	221	280	279	258	248	214	237	222	209	185	169	156	162	136	159	220	191	164	170	185	196	209	212	210	159	188	184	255	301	317	352	404	347	268	263	229	262	290	433	420	435	357	393	425	361	377	377	323	245	265	312	273	315	293	312	277	211	209	231	217	238	227	247	248	262	249	264	199	259	225	226	184	259	246	135	112	98.8	66.1	86.2	136	103	111	152	132	116	132	122	142	149	196	198	179	187	203	190	240	184	174	178	125	131
139	131	160	194	243	229	199	227	272	454	432	354	323	349	371	256	263	327	285	291	246	221	262	234	189	267	237	202	164	208	218	187	181	223	231	200	178	191	172	179	180	176	222	177	187	202	265	330	349	351	311	336	376	357	328	275	385	479	482	470	421	420	462	452	409	377	285	246	302	379	357	413	366	372	276	259	296	321	301	274	246	178	207	222	227	210	190	294	220	238	163	181	252	129	94.4	104	113	155	157	86.1	82.2	94.1	87.8	71.8	69.8	96.8	105	140	163	199	180	171	177	166	188	182	171	155	109	127
125	168	185	212	212	232	236	382	299	384	388	245	347	312	368	271	299	279	416	263	209	240	296	187	181	225	256	247	161	184	223	252	203	219	218	218	186	171	156	161	152	145	206	205	200	259	260	276	265	366	402	344	337	385	324	316	374	394	457	356	358	381	422	453	399	323	243	282	310	331	378	471	431	369	293	362	454	465	346	305	245	239	190	198	222	227	273	225	316	320	257	154	208	117	103	102	142	184	136	85.5	69	56.1	83.8	78.7	64.1	87.2	86.6	107	157	207	197	175	170	146	209	197	161	169	143	158
122	190	211	250	246	291	279	412	241	306	283	407	440	423	444	272	294	330	286	216	225	297	272	200	166	205	206	191	166	178	191	220	232	194	202	214	203	180	141	131	135	157	208	180	218	285	329	306	305	416	361	329	376	400	381	357	387	359	385	353	409	424	441	451	369	358	368	374	353	402	399	419	361	339	293	400	441	433	332	409	311	253	241	302	241	188	236	288	389	283	287	150	194	178	152	123	122	165	109	58.3	49.8	54.3	55.7	76.6	65	83.5	80.8	94.5	109	138	139	129	151	157	262	242	203	171	173	215
163	216	241	207	228	270	341	397	256	275	367	601	597	506	468	365	300	264	161	218	237	250	243	170	168	163	152	166	187	179	189	225	196	164	250	217	202	168	134	120	142	175	226	257	347	287	271	326	402	382	312	397	423	407	397	334	366	430	411	343	411	392	406	445	394	449	456	362	357	363	335	332	302	274	305	320	314	327	367	336	277	262	310	267	198	171	281	327	276	227	367	234	167	190	119	168	125	100	94.8	65.2	49.7	54.6	72.4	72.6	77.8	83.5	65.4	70.4	62.3	85.4	99.5	70.6	89.6	130	167	170	135	171	162	189
244	228	226	247	259	273	298	303	301	380	465	639	546	452	494	529	361	240	225	219	230	221	237	216	221	175	202	266	254	233	242	233	210	196	191	197	188	156	144	169	173	191	203	255	375	287	294	336	307	300	321	370	368	339	328	318	267	375	318	346	299	354	433	411	373	403	361	330	359	359	348	268	271	274	330	307	300	319	373	307	234	217	216	139	138	156	233	232	258	242	301	260	221	203	156	192	138	119	119	65.8	66.1	80.7	101	65.9	66.9	52	50.8	40.2	35.4	62.3	73	62	54.7	51.1	80.2	125	97.6	119	130	197
227	246	228	250	258	287	236	321	302	371	494	484	459	456	478	460	328	250	227	215	224	183	193	185	195	166	194	276	251	208	187	176	161	148	131	135	160	161	149	167	151	170	187	236	257	249	322	303	295	317	372	342	299	334	340	309	228	216	229	292	300	291	360	357	393	376	352	337	303	290	320	263	250	285	306	297	267	281	347	314	214	226	229	140	157	162	171	227	191	193	305	285	280	281	149	168	169	160	161	122	87.7	99.6	82.6	50.8	37.6	34.4	34.8	33.9	29.9	83.1	103	83.9	78.4	71.4	82	93	115	135	120	173
202	194	202	207	230	276	218	281	361	425	495	345	360	349	395	381	294	247	260	242	256	220	158	147	141	99.4	122	187	198	164	168	170	150	130	106	174	181	170	185	140	154	178	177	215	214	268	293	276	313	294	327	309	349	402	357	276	291	263	247	299	355	292	307	352	500	327	314	308	265	324	275	233	229	248	272	274	234	271	311	258	190	236	280	176	168	155	177	192	140	229	343	259	233	280	217	155	165	164	140	122	132	104	83.1	60.1	55.5	33.6	29.1	26.7	26.7	36.6	62	70.7	73.4	80	126	136	155	185	157	187
204	214	256	247	222	253	243	242	333	409	391	472	423	442	386	271	267	348	334	343	304	257	181	150	119	118	121	164	184	159	136	119	104	137	188	212	195	194	154	139	151	188	200	235	264	314	265	264	269	261	269	329	300	304	291	276	309	283	240	266	257	265	362	350	333	279	264	321	285	281	247	266	269	245	242	256	239	279	331	263	195	229	243	180	169	176	166	193	288	255	206	191	170	244	231	163	183	188	129	123	111	77.7	80.6	57.4	52.4	35.6	25.2	25.7	30.4	33.1	50.2	66.1	95.5	96.3	106	111	141	172	154	145
260	271	271	232	238	232	252	329	383	398	376	424	357	414	394	430	349	370	373	420	292	262	222	177	160	150	149	172	176	154	131	112	141	172	191	226	187	147	186	139	140	176	186	213	284	293	242	283	253	268	264	292	278	255	240	242	323	249	258	256	263	318	283	309	299	250	335	378	273	267	240	252	227	318	337	265	234	222	273	231	201	182	233	168	142	160	151	266	282	362	245	217	219	244	214	363	243	247	178	193	146	167	133	133	99	82.7	85.3	128	113	93.8	85	91.8	126	159	172	129	138	164	131	99.2
276	261	225	194	271	262	293	391	387	392	369	407	349	462	436	456	533	424	355	282	228	192	187	179	158	174	207	172	159	140	133	117	133	169	216	214	188	171	151	134	157	168	179	208	255	294	225	176	193	217	207	284	271	261	205	208	276	269	262	217	248	262	268	270	292	254	267	270	257	254	265	206	243	258	240	238	211	215	193	215	197	199	239	172	151	154	237	272	222	275	226	220	257	318	240	358	408	187	152	204	107	101	190	197	106	88.5	106	105	134	136	85.9	86	117	132	165	126	133	115	102	76.3
315	286	214	247	259	258	262	377	381	348	292	303	319	316	358	386	407	391	322	238	168	229	166	149	138	185	156	139	153	124	134	125	138	143	175	198	233	165	168	140	149	162	186	203	163	224	244	195	158	178	230	262	233	232	235	205	249	221	280	262	225	233	275	326	266	298	241	219	286	339	271	231	224	224	169	179	183	194	197	182	173	191	198	160	184	165	196	270	230	223	218	237	252	362	263	355	342	214	111	81.9	49.4	63.1	162	205	170	122	118	124	150	173	116	79.8	124	114	68.5	127	135	126	73.9	74.8
224	261	237	235	198	236	288	290	283	237	229	269	197	222	250	384	315	333	325	193	179	152	145	153	142	150	132	124	128	98.1	113	126	127	121	128	163	192	182	207	152	133	141	119	164	233	185	300	297	214	206	214	257	268	235	231	171	196	200	198	186	210	219	285	292	293	299	272	270	349	295	243	185	164	172	149	168	179	167	163	166	151	187	200	168	122	164	193	230	233	262	210	261	272	241	210	220	162	167	174	111	97.2	94	119	157	161	122	130	101	135	241	153	79.4	116	103	51.7	86.2	93.2	77.7	81.5	62.5
247	259	223	201	231	260	253	190	178	150	201	165	158	166	206	334	229	265	218	168	159	135	144	152	150	135	119	113	109	99.7	103	112	144	131	138	151	144	186	206	154	135	141	140	175	174	243	313	281	197	182	251	240	248	258	238	148	143	149	209	173	174	233	258	237	359	272	287	297	363	275	239	166	135	112	113	120	134	109	119	124	135	172	181	149	107	123	156	285	268	354	191	187	253	181	140	203	261	110	196	164	100	78.7	71.3	103	113	112	93.5	62.3	64.3	104	98.6	77.3	141	116	91.9	57.9	60.8	80.7	78	37.7
211	232	230	240	240	208	216	203	219	233	240	186	231	203	242	255	221	292	219	161	115	146	170	180	154	147	146	125	130	124	111	130	131	117	93.4	82.4	97.9	129	127	128	122	126	146	198	202	208	215	189	186	165	212	206	248	244	211	166	159	174	167	165	160	178	248	221	227	219	217	298	362	248	200	133	113	97.7	79.5	94	109	130	122	141	219	125	98	122	134	221	209	368	417	383	296	290	251	172	178	253	244	304	134	123	67.1	57.1	83.9	80.3	70.9	76.9	99.7	59.1	96.7	87.4	66.9	89.8	72.1	65	67.2	56.8	52.5	97.4	57.1	22.5
190	206	228	256	241	173	226	208	184	175	236	242	221	213	226	245	358	305	194	170	162	138	161	174	155	130	161	174	162	141	136	165	173	136	144	133	125	121	97.8	108	88.5	92.6	102	123	138	174	171	187	228	237	169	165	186	195	182	146	143	150	159	157	228	143	182	247	188	210	263	262	252	250	224	124	105	87.3	93.7	75.4	91.6	132	154	142	158	117	101	133	201	211	231	391	325	222	299	431	225	187	152	214	181	193	269	230	129	111	132	133	106	95.6	139	127	131	121	42.7	53.6	69.3	55.9	83.7	63.2	51.6	82.2	112	76.3
207	160	194	202	186	142	164	176	186	176	190	212	189	207	196	273	323	284	171	175	200	214	114	122	119	125	136	147	144	146	118	123	164	149	170	163	175	140	107	99	108	110	116	118	125	141	135	118	142	133	143	134	156	169	228	122	190	158	113	137	185	167	157	225	176	203	213	179	236	350	223	147	165	124	77.7	84.2	105	147	149	107	85.1	84.2	123	136	177	177	226	380	404	211	277	272	204	174	157	240	218	346	297	196	138	139	131	176	192	202	145	273	90.1	47.1	58	96.8	36	48.5	70.6	26	25.2	51.2	81.9	104
284	266	180	147	130	147	190	166	176	155	171	150	166	147	176	252	287	211	200	179	155	153	101	110	97	111	121	99.7	106	139	109	153	157	134	173	203	196	145	151	198	211	163	144	124	106	129	115	104	132	185	171	218	201	194	182	214	149	160	154	156	184	235	199	164	158	168	164	141	157	199	181	142	144	77.8	81.1	99.7	74.7	115	121	146	95.7	119	163	160	127	191	281	395	333	363	222	238	195	178	251	304	292	301	284	192	171	170	166	224	202	178	155	269	151	81.2	46.9	67.8	66.1	67.9	50.6	53.4	66.4	72.9	63.2	99.3
201	201	193	132	135	143	137	179	185	143	148	132	166	124	155	217	152	161	166	159	159	138	116	107	80.6	104	97	69	94.1	114	101	132	153	179	209	251	236	247	319	315	225	184	159	110	111	124	106	93.5	88.5	110	184	272	258	185	136	174	123	137	141	157	176	250	228	122	102	187	194	187	211	260	195	129	119	85.6	56.8	58	61.9	87.2	79.8	88.7	129	198	108	199	240	289	226	299	259	349	207	291	232	205	228	261	249	254	167	172	257	210	276	205	210	164	215	266	216	114	115	137	76.7	77.4	50.7	44.5	58.4	62.6	58.7	67.5
127	141	142	99.7	125	126	141	138	170	114	121	131	129	132	144	171	107	125	137	142	127	132	82.9	78.8	90.5	120	80.3	74.9	86.6	70.2	72.7	136	155	200	219	302	339	311	306	258	206	183	182	126	113	130	197	156	121	92.6	185	187	193	178	115	90.8	135	293	224	167	136	213	217	155	150	194	186	160	184	210	136	180	98.3	62	43.1	71.7	61.2	71.8	90.6	71	90	85.9	87.4	150	210	94.6	119	233	215	235	156	214	190	198	223	286	288	252	239	194	260	255	309	220	187	192	178	200	231	106	150	178	101	69.6	56.7	52.9	57.1	51.1	52.6	58.4
162	126	136	115	143	130	129	130	117	115	138	91.8	96.5	108	101	153	115	93.2	111	82.9	105	82.7	83.2	67.8	85.1	84.9	80.5	97.1	137	105	87.6	121	137	170	195	285	308	268	202	192	192	156	191	153	121	132	174	149	155	105	131	136	193	163	153	144	117	232	256	204	119	156	203	152	119	151	124	90.7	174	221	112	86.4	50.9	36.2	34.3	71	57	84.7	71.4	44.4	47.3	68	123	133	224	222	195	173	409	227	168	253	203	278	137	195	203	241	307	233	291	293	225	260	153	155	158	146	149	57.7	106	195	108	88.5	93.4	70.6	67.6	84.8	87.3	209
185	151	174	168	163	156	145	151	110	102	108	64.6	85	88.6	86.9	127	111	93.2	111	81.2	46	48.1	52.5	62.8	80	76.1	95.2	112	110	109	110	160	152	167	219	253	271	287	240	222	157	142	193	130	155	155	146	118	96.3	104	82.4	102	144	159	188	157	109	149	189	132	101	164	182	148	118	110	87.9	41.6	117	163	90.1	74.5	55.3	57.9	59.8	76.9	82.5	84	95.4	69.4	56.9	62.4	93.3	113	211	156	177	145	143	139	157	145	128	176	146	130	121	156	175	205	180	213	172	189	107	140	185	129	90.6	61.5	60.8	95.8	109	121	104	76.5	73.7	87.5	91.5	181
204	182	267	252	243	187	165	121	126	130	83.2	84.7	115	140	135	152	108	87.6	90.7	60.3	43.7	47.7	50.3	64	104	77.7	106	109	110	116	155	193	150	150	175	179	207	253	245	205	131	115	128	113	156	135	100	83	75.2	100	76.4	77	117	141	160	155	168	147	154	146	107	150	188	137	142	129	167	172	196	193	115	77.9	112	101	69.2	70.6	65.1	77.1	96.1	96.1	55.4	75.1	87	71.7	182	170	227	110	92.4	117	134	123	150	207	142	168	167	134	173	178	151	136	108	121	87.6	86.6	175	109	47.3	67.6	84.1	89.4	109	103	109	96.5	83.2	91.6	126	187
217	237	338	219	206	212	203	129	111	111	87.8	100	94.8	152	164	123	145	78.6	72.5	63.2	57.4	44.4	48.6	73.2	79.6	61.4	73.3	92	72.4	99.6	121	137	131	123	145	171	175	225	258	222	138	165	120	126	115	101	98.6	105	99.9	97.5	85.1	57.9	87.1	114	114	173	155	94.7	109	89.2	74.6	105	130	130	136	162	196	199	185	155	164	91.2	132	101	87.3	76.3	86.9	83.6	114	69.5	57.7	65.3	63.2	66.7	114	172	124	75	79.4	141	154	208	134	160	93	121	127	130	125	145	132	126	77.3	88.7	50.7	60.1	96.9	101	50.3	95.3	68	80.6	81.1	133	116	123	136	203	187	149
190	244	264	209	153	181	239	144	182	118	105	71.1	84.5	136	140	116	106	93.5	75	67.8	49.8	37.8	46.7	71.7	60.9	80.5	117	111	74.7	76.4	92.9	99.8	112	107	126	147	142	196	236	236	160	158	141	84.6	76.3	109	141	118	92.6	120	117	56.8	59	76.9	59.5	94.7	88.8	65.3	56.3	61	73	118	130	91.2	124	228	189	120	86.1	100	87.3	109	113	89.8	73.2	76.5	93	112	127	74.5	69.2	64.9	71.9	73.7	120	110	56	73.5	66.3	111	138	132	110	161	134	115	125	120	95.9	96.5	95.8	78.2	50.3	44.4	39.8	47.6	80.8	105	75.7	71.9	39.2	62.7	65.3	97.6	85.7	110	101	169	223	260
200	216	230	214	188	183	169	146	203	222	162	84.9	84.1	100	98.6	75.7	82.1	70.8	67.5	71.1	63.3	66.6	52.8	67.4	83.9	88.1	129	109	101	99.2	76.2	91.8	101	120	121	117	99.9	155	191	201	170	150	175	95.1	78.2	81.1	108	115	83.8	100	94.3	52	55.2	55.1	58.4	43.7	29.6	30.7	41.3	43.9	78.5	100	117	83.5	87.3	125	100	119	84.2	59.1	103	149	73.3	116	99.8	137	119	144	116	63.7	73.7	90.6	109	84.8	105	145	75.9	54.2	84.7	133	186	107	126	142	151	75.3	59.1	80.6	69.8	58.7	35.1	37	27.8	34.6	23.5	38.1	56.9	114	80.8	58.2	48.8	57.3	55.5	127	64	49.3	83.9	99.4	129	222
214	216	232	226	178	158	157	144	160	200	124	71.1	82.2	100	80.4	78.2	68.4	68.6	57.7	56.9	87.8	96.7	75	85.5	107	87.8	93.9	90.3	86.5	97.1	78.2	92.4	74.4	106	104	72.3	71.9	88	117	83.7	112	121	179	115	101	69.6	80.7	89.2	61.4	52.3	68.2	51.5	63.1	51.9	61.8	41.1	47.3	33.5	39.5	39.7	76.7	67.3	54.9	63.3	80.4	101	93.6	144	78	87	68.7	83.9	73.2	95	84.5	115	104	97	108	80.4	81.7	79.8	68.3	73.8	86	102	76.9	60.5	89.6	108	139	111	86.7	81.9	120	67.5	47.6	50.1	47.2	23.3	18.4	28.5	14.6	25.8	25.6	19.9	31	41.7	39.8	41.7	59.8	67.3	60.5	69.3	29.5	28.5	66	86.1	102	108
261	228	249	249	189	167	143	118	114	152	113	66.9	64.7	89.6	89.8	108	66.2	45.1	66.6	112	125	103	87.5	80.6	77.4	79.1	96.3	88.7	72.9	90.1	107	111	111	111	110	98.4	86.1	72.7	56.8	47.9	72.5	68.7	104	84.7	80.6	85.3	89.8	63.1	30.3	68.7	60	69.8	99.7	77.6	72	57.4	60.3	39.8	38.1	45.2	69.4	56.4	71.7	61	56.1	90	137	104	77.2	74.8	53.6	73.6	91.9	106	97.5	102	74.9	76.6	94.2	57.3	66.5	58.6	48.5	66.1	59.6	63.1	60.2	76.7	103	91.8	95.9	80.7	66.6	63.6	64.3	43.2	50.7	60.3	61	22.7	16.9	22.9	21.7	19.4	18.6	18	26	22.6	34.6	54.1	73.4	56.1	71.2	29	12	18.1	34.9	47.6	64.1	73.9
244	206	213	204	177	163	143	123	73.2	89.9	97.4	72.9	54.7	82.9	70.1	65.6	41.9	36.4	49.9	99.1	68.4	62.9	69.5	49.4	41.2	59.6	74.5	75.2	67.9	91.7	106	124	92.8	61.9	79.9	65.8	64.5	73.4	75.6	34	25.5	50	74.9	55.3	63.5	66	83.6	57.1	56.8	73.3	68.1	73.2	71.8	72.9	85.9	72.6	59.5	60.3	56.2	70.1	74.2	95.2	110	57	53	140	117	67.2	48.2	41.3	60.7	85.4	101	67.3	68.3	72.3	58.9	65.9	60	35.8	41.5	65	68.9	70.2	68.7	64.1	79.2	83.7	94.3	80	49.7	65.7	52.5	49.8	104	45.7	32.9	67.2	59.3	37.8	12.8	10.4	17.6	20.9	17.4	12.4	11.6	8.79	12.4	28.6	58.4	47.3	36.5	39.7	17.3	20.5	29.5	33.6	40.2	61.5
155	162	168	197	225	213	200	132	78.1	150	163	103	101	96.6	66.1	32.8	28.9	40.8	57.7	81.6	73.2	56.7	43.6	34.1	30.2	42	61	57.2	46.4	46.6	57.5	93.6	76.9	49.3	63.5	63.4	73	87.2	92	70.5	56.7	69.3	46.7	50.9	68.1	70.2	80.4	57.7	54.5	69.3	39.7	53.1	45.5	58	76.1	81.9	68.7	68.4	60.7	62.1	55.2	56.8	53.3	46.5	61.1	119	48.3	35.5	29.7	46.4	61.4	116	93.2	84.3	82.9	99.6	73.8	85.4	39.9	33.9	63.2	97.9	106	81.5	72.5	58.3	99	74.7	60.1	38.4	52.2	45	44	42	63.9	40.4	36.4	32.4	32	23.8	14.4	13.9	18.3	13.8	14.2	3.81	3.3	0.53	0.441	0.398	14.8	8.13	3.81	5.94	10.7	11.4	12.8	12.2	30.5	43.3
150	160	154	198	256	207	179	126	134	149	120	91	98.9	78.6	49	33.7	29.6	42.7	49	59.5	38	45.7	26.6	41.3	27	41	42.6	36.6	45.7	50.7	46.5	75.1	66.7	47.1	51.1	63	83.7	84.5	113	136	101	88.7	28.7	27.6	76.2	86.3	38	57.4	39.6	51.9	59.1	51.8	56.8	66.5	60.5	63.1	82.6	81.1	68	45	39.1	38	56	60.9	77.7	75.4	40.5	39.9	40.2	119	58.3	74.3	59.1	94.3	135	131	97.2	107	50.7	68.8	61.5	60.1	67.3	167	163	51.6	48.8	75.5	40.6	52.5	153	45.8	33.3	43.4	39.8	22.8	22.8	16.8	17.3	15.4	12.7	12	10.5	4.53	11.7	9.21	1.68	0.21	0.169	0.182	0.129	0.238	0.213	0.203	0.511	0.808	5.17	5.41	7.7	9.65
141	180	178	210	196	161	145	175	156	86.1	128	111	95.7	78.4	43.7	23.4	35.3	49.9	50.6	60.1	71.1	70.7	36.9	37.9	27.6	43.6	38.1	36.2	45.9	43	32.2	34.5	50	29.5	32.1	49.7	61.7	79.2	85.5	53.3	93.9	63.6	72.6	65	60.1	108	44.8	44.1	55.3	54	31.9	38.6	41.9	43.6	36.6	42.7	85.3	64.1	47.3	50	47.4	44.9	50.6	121	96.4	42.7	28.7	49.6	45.7	110	93	60.5	66.5	77.2	134	127	127	92.2	63.1	80.2	74.7	99.5	72.2	65.4	82.7	50.4	59.4	72.5	61.6	68.3	109	26.8	23.2	25.7	24	23.2	15.8	19.6	15.3	17.4	24.2	8.76	6.68	5.31	3.58	5.47	6.04	0.0579	0.0252	0.0084	0.0877	0.0369	1.11	0.305	3.73	6.12	2.91	1.18	4.16	5.91
133	165	165	178	173	126	135	159	99.5	111	182	113	101	84.7	47.2	30.7	26.3	28.6	49.2	52.3	60.4	72.7	59.9	51.2	38.5	45	51.2	48.1	26.1	32.4	25.6	42.4	22.6	55.5	59.4	24.1	33.9	46.4	63.5	45.6	54.8	66.6	47.2	47.3	55.2	55.8	52.4	33.1	48.1	36.9	45.7	46	33.2	26.7	26.9	34	64.6	59.7	49.3	55.6	61.5	44.7	38.3	40.8	30.7	25.9	27.1	39.9	49.9	89	109	49.7	43.3	45.3	78.8	107	111	91.9	37.5	61.9	63.3	42.1	63.5	81.2	43.8	63.1	65.5	41.7	51.4	47.8	22.3	20.5	20.4	13.8	18.4	17.3	12.4	20.8	18.4	16.8	15.5	5.22	6.68	10.2	3.9	9.76	9.58	14.5	0.0187	19	0.00544	9.13	6.37	6.54	3.13	0.0419	2.34	0.502	0.458	0.234
122	149	198	118	117	116	128	144	172	123	122	107	113	119	111	29.5	33.6	33.7	58.6	33.7	32.1	37.5	64.3	42.5	25.1	37.2	39.1	44.5	41.3	30.3	52.3	58.8	30.5	20.7	36.8	57.3	53.4	28.3	39.7	33.8	38.1	27.4	11.3	18.2	33.5	33.7	19.4	36.9	48.7	57.1	55.4	50.9	48.6	44.6	37.2	33.6	65.8	90.5	63.6	53.4	39.4	47	75.6	54	30.7	16.1	37.6	80	82.9	91.8	126	79.4	34	23.1	30	38.2	76.6	65.5	63.9	43.1	39.6	21.8	19.7	43.1	70.8	107	85	44.7	50.1	55.6	48.6	20.4	76.1	29.7	43.6	30.4	14.6	3.89	3.54	3.04	2.83	7.24	8.15	3.86	0.598	0.438	3.65	5.29	3.59	1.94	7.54	0	0	0	3.41	0.105	0.383	5.57	9.1	6.55
87.8	87.7	85.4	75.5	80.8	69	90.4	86.2	91.4	83.7	71.3	80.6	68.9	57.2	45.1	32.8	32.8	44	60.2	55.4	29.2	31.4	38.4	52.4	24.3	35.1	39.6	52.4	75.9	42	74.4	35.9	16.6	21.5	23.2	30.1	36	17.6	32	38.6	30.9	20.1	3.74	5.06	21.7	32.1	14.5	23.8	39.3	57.3	67.7	52.9	68.9	62.9	55.4	27.9	73.7	80.4	73.5	43.9	47.8	59.2	79.4	75	30.2	24.8	33.9	63.8	99.8	58.9	55.3	22.2	14.7	38	17.4	20.1	53.9	35.8	65.2	35.8	55.7	50.4	42.7	52.4	25.4	81.1	70.3	35.9	46.1	40.6	18.7	3.91	3.29	49.1	5.57	3.42	8.83	4.75	3.22	2.1	1.52	1.27	1.05	3.89	0.306	0.219	3.01	3.89	4.4	3.17	0.00104	0	0.0304	0	0	0.0656	0.164	0.141	4.32	3.63
99	51.6	59.2	71.6	56.7	43.1	53.6	73.4	49.7	54.1	46.2	74.7	80.6	65.2	85.3	51.9	46.1	27.1	29.7	57.1	47.3	35.9	23.5	24.6	30	32.6	82.5	41.2	21.4	74.9	66.9	18.1	7.47	8.51	19.3	19.7	37	17.9	36.6	39.1	27.3	9.44	11.4	11.5	21.5	35.6	24.8	28.5	63.9	46.8	50.5	64.4	44.2	50.9	39.3	39.1	75.6	64.2	90.9	45.9	35.5	40.1	25.6	31.2	22.6	13.9	28.1	55.1	41.6	30.6	11	10.8	12.6	33.8	217	106	35.1	19.5	31.6	39.2	138	109	96.1	43.9	47.1	66	67.8	38.9	29.1	22.3	28.7	11.1	37.6	40.6	35.9	2.89	2.85	18.4	2.58	1.89	1.39	1.57	1.48	1.23	0.947	0.732	0.3	0.0989	6.17	4.19	0.000117	0	0	0	0	0.0733	0.0574	0.104	0.18	0.541
91	77.6	35.1	42.1	37.6	57.6	22.8	42.6	40.9	30.8	31.2	44.1	59.3	77.6	104	35.9	14	20.6	14.3	38.3	41.4	19.7	12.7	34.9	25	17.8	30.8	30.6	20.5	47.4	30.1	11.9	10.2	23.4	20.7	30.1	38.8	25.9	39.7	49.1	35.4	11.2	15.1	7.94	11.4	31.2	41.8	43.9	26.9	27.1	39.5	47.7	33.7	32.7	25	23.1	22.5	50.3	37.8	37.2	23.7	14.6	16	34.7	28.1	7.09	7.04	6.96	8.27	13.7	13.4	22.8	11.2	90.3	365	200	25.6	20.5	32.4	19.9	105	50.3	18.4	18.4	21.5	68	66.2	35.8	33.3	17.3	22.4	15	36.3	46.4	29	15.6	5.41	21.1	12.8	15.3	1.73	1.48	1.59	1.42	0.713	0.488	0.0826	0.00364	4.23	0.000117	8.35e-05	2.13	2.56	0	0	0.0306	0.043	0.0784	0.137	0.415
25.7	79.7	28.6	29.8	18.1	57.7	42.3	16.4	32.1	40.4	34.6	29.2	44.6	50.8	56.8	12.2	6.26	10.4	17.1	21.4	25.8	12.9	9.7	13.3	18.4	21.6	21.9	10	22.3	35.6	21.7	10.5	20.9	36.7	24.5	25	25.8	28	34.4	46.7	32.6	11.6	9.44	15.6	10.8	11.9	46.5	56.4	27.4	29	38.8	82.8	56.7	41.3	31.8	11.5	10.4	11.3	36	22.8	24.8	30	9.77	21.1	15.8	10.6	13.9	7.05	8.75	11.4	9.84	15.1	12.8	39.1	76	127	145	47.2	29	10.3	18.9	10.3	10.1	11.1	23.3	21.4	19.8	16.5	13.4	6.18	6.33	7.84	7.84	9.38	27.1	10.8	2.66	2.78	16.8	4.6	5.8	2.96	1.26	0.749	0.473	0.27	0.0513	0	0	2.54	0.405	0	0.687	0	0	0.00586	0.00822	0.0153	0.0271	0.148
30.2	35.9	35.3	50.7	44.3	34	44.2	31.8	15.9	26	13.3	18.4	40.6	29.2	33	25.4	15.4	9.07	9.32	20	13.6	7.98	9.66	13.5	29.5	16	6.52	20	27	18.8	15.5	8.06	18.4	64.2	58.7	19.6	33.7	25.5	22.7	31.4	18.7	5.89	4.39	11.1	2.83	3.3	16.4	55.1	52.4	47.1	48.1	50.1	57	18	31.7	12.3	38.1	7.29	24.2	16.3	21.6	22.9	9.46	8.76	10.6	20.9	12.7	8.75	10.2	10.9	11.4	13.6	14	15.1	34.3	29.4	77.4	28.1	21.2	11.3	11	10.9	10.5	11.1	10.8	24	13.8	12.1	7.24	5.53	5.79	5.26	5.05	4.13	9.57	3.56	3.22	3.4	1.68	1.36	2.4	7.31	1.5	0.805	0.498	0.333	0.0258	0	0	1	0	0.0349	0	0	0	0.00292	0.00409	0.00804	0.0148	0.0817
10.5	25.7	25	47.4	64.5	76.4	55.5	63.7	42.3	36.5	18.1	16.9	25.9	37.8	25.1	17.9	11.5	9.43	9.52	18.3	14.1	4.8	12	19.9	18.3	5.33	9.56	21	20.6	12.7	12.1	23.4	25.3	41.7	39.9	25.9	42.7	33.2	19.5	31.3	28.2	8.26	3.7	8.11	6.89	3.16	15.2	48.4	60.4	64.3	99.5	31.9	15.9	7.31	18.4	35.1	9.65	13.3	12.5	26.4	8.86	8.81	21.5	7.87	7.67	14.5	9.78	9.61	10.7	17	11.9	13.8	14.4	18	23.9	39.6	21.5	12	11.7	11.3	17.9	10.4	10.1	10.6	9.96	9.17	8.29	9.79	5.12	5.41	5.69	5.14	4.7	4.03	3.36	2.97	2.44	1.9	1.49	1.12	1.12	1.16	0.983	1.85	2.84	0.479	0.0821	0	0	0.0305	0	0	0	0	0	0.00127	0.00177	0.00385	0.00751	0.0426
14.5	22.3	20.5	31.2	57.5	86.3	61.7	59.3	54.5	30	17.6	21.9	12.4	6.56	14.9	6.17	12.3	11	8.57	14.4	18.3	12.5	9.63	5.78	6.21	7.67	20.4	27.8	17.2	19.5	16.6	43.3	18	42.1	73	34.4	37.7	43.9	45	83.7	40.7	10.5	3.73	7.92	15.8	57.6	21.8	50.3	46.7	28	36.8	33.3	10.9	3.77	10.5	7.76	10.2	7.88	8.66	47.3	19.7	14.4	7.17	7.35	6.21	12.2	9.14	9.4	10.5	11.2	11.6	13.3	13.5	13.7	13.5	12.3	11.8	11.7	11.5	11.1	10.6	11.6	9.78	9.89	9.41	8.7	7.85	5.85	5.31	5.61	5.78	5.17	4.69	4.08	3.44	3.04	2.49	1.92	1.5	1.19	1.11	1.12	1	0.711	0.579	2.29	1.05	0.3	0	0	0	0	0	0	0	0.000904	0.00126	0.00276	0.00537	0.0304
21.2	13.9	15.7	21.1	25.4	21.3	9.5	16	42.3	15.9	1.51	12.1	20.6	25.8	13.3	16.1	24.4	37.3	26.5	17.6	10.6	9.94	14	7.99	3.7	5.29	7.31	29.3	14.6	11.5	7.1	23.3	27.5	30.7	18.3	12.5	21.5	18.7	24.1	32.2	29.7	7.89	3.68	4.25	30	28.1	13.7	41.8	12.3	21.3	13.4	11.8	20.2	8.1	5.12	3.49	3.02	1.75	1.34	2.13	41.4	21.9	36.1	9.57	2.54	4.32	5.75	7.98	8.98	9.66	10	9.98	10.3	10.4	10.3	10.5	10.1	10.1	9.85	8.36	8.71	7.54	7.19	6.25	5.98	5.65	5.28	4.43	4.19	4.73	4.93	5.08	4.59	3.96	3.28	2.05	1.64	1.24	0.945	0.695	0.592	0.577	0.552	0.459	0.357	0.328	0.14	0.663	1.68	1.79	0	0	0	0	0	0	0	0	0	0
31.5	20.5	13.3	17.3	9.68	12.1	8.05	5.78	12.6	13.7	1.57	8.68	25.5	18.6	0.559	7.92	13.1	27.3	30.2	18.2	14.2	28.3	12.9	4.64	7.7	5.17	11.9	22.5	7.78	12.8	15.5	73.2	25.6	13.9	6.65	2.41	9.04	7.86	0.164	13.1	30.1	32.1	7.88	8.78	12.1	17	19.1	24.5	7.54	17.1	14.8	0.866	9.95	4.27	0.628	2.5	1.22	0.983	0.954	1.49	1.43	8.29	17	5.84	5.56	4.66	5.98	7.54	8.36	8.91	9.19	9.34	9.63	9.79	9.74	9.68	9.35	9.29	8.99	8.37	7.45	6.92	6.49	5.49	5.25	4.96	4.65	4.06	3.78	4.22	4.35	4.45	4.02	3.39	2.73	1.64	1.3	0.964	0.736	0.522	0.407	0.379	0.31	0.239	0.137	0.0976	0	0	0	0	0.0415	0.0228	0.0395	0	0	0	0	0	0	0
33.6	18.1	24	11.2	9.19	13.5	10.9	11.3	21.2	10.1	7.81	4.75	13.5	19.8	6.56	13.5	11.9	18.5	37	25.9	11.2	21.1	12.6	5.09	8.63	8.09	9.36	10.7	20.4	25	31	51.9	9.25	6.08	2.64	4.92	2.67	0.967	2.4	5.2	20.9	31.7	8.71	18.4	18.3	10.1	5.93	21.2	8.15	0.322	0.108	0.241	8.95	0.366	4.83	3.2	0.688	0.71	0.674	1.01	0.951	10.1	11.2	2.32	3.79	5.29	6.35	7.53	8.21	8.59	8.76	9.04	9.29	9.44	9.37	9.11	8.62	8.48	8.17	7.72	6.87	6.22	5.77	4.84	4.68	4.44	4.12	3.62	3.35	3.8	3.93	4	3.6	2.98	2.36	1.39	1.11	0.81	0.607	0.427	0.313	0.3	0.181	0.0926	0	0	0	0	0	0	0	0	0	0	0	0	0	0	0	0
20.3	21.9	21.2	9.9	6.68	5.5	7.79	20.2	22.3	12.2	22.4	11	10.8	16.1	19.4	10.7	10.5	4.43	6.56	24.1	10.2	11.1	10.6	3.54	4.46	10.9	8.5	6.15	8.97	30.1	47	17.4	5.93	9.87	8.69	3.68	2.81	1.34	6.34	3.64	0.123	6.75	0.0928	8.11	8.54	1.8	6.06	6.34	3.47	4.87	4.09	0.187	0.23	6.7	0.711	3.38	0.522	0.535	0.506	0.753	0.707	0.91	12.8	3.08	9.03	6.57	6.71	13.1	12.3	8.6	8.65	8.96	9.18	9.28	9.18	8.78	8.28	8.14	7.87	7.75	6.6	5.97	5.57	4.71	4.57	4.32	3.9	3.35	3.04	3.47	3.58	3.64	3.23	2.68	2.18	1.24	0.962	0.66	0.46	0.291	0.2	0.136	0.058	0	0	0.0322	0	0	0	0	0	0	0	0	0	0	0	0	0	0
24.5	9.62	13.6	8.33	6.51	3.66	8.09	13.4	21.7	9.55	10.3	4.29	2.97	31.2	9.97	0.634	1.69	5.87	2.14	3.22	6.04	10.8	9.19	4.37	5.64	14	12.7	7.73	14.4	26.5	53.6	33.2	11	12	15.1	0.761	1.19	0.42	1.36	6.78	2.57	5.45	6.57	4.34	0.113	4.95	6.5	24	0.065	0.16	0.113	0.0802	0.187	1.07	0.186	0.182	17.5	15.1	0.452	7.55	1.34	1.64	34.4	10.6	5.08	6.39	7.27	7.84	8.35	8.67	8.78	9.23	9.34	9.41	9.28	9.29	8.95	8.24	8	7.77	7.04	6.42	6.05	5.1	4.88	4.64	4.17	3.47	3.11	3.44	3.5	3.54	3.1	2.59	2.06	1.21	0.945	0.654	0.382	0.117	0.0555	0.0158	0	0	0	0	0	0	0	0	0	0	0	0	0	0	0	0	0	0
16.8	13.6	8.68	8.67	8.93	7.53	5.21	7.66	17.2	9.79	8.1	3.96	1.75	3.83	2.89	3.25	1.47	7.22	4.54	3.04	3.4	29.9	21.4	11.1	8.07	7.38	6.67	7.16	32.1	17.7	28.7	26	8.62	13.6	9.98	12.8	0.539	0.432	0.406	1.14	0.374	2.42	6.7	0.112	0.111	4.29	7.15	0.393	5.52	8.45	7.66	0.0433	1.03	0.418	0.0574	0.471	1.02	16.5	2.03	2.53	2.53	2.79	20.6	15.6	5.96	7.25	8.09	8.55	9.01	9.3	9.4	9.89	9.87	9.93	9.79	9.12	8.86	8.74	8.32	8.05	7.32	6.73	6.33	5.43	5.03	4.73	4.28	3.55	3.17	3.4	3.39	3.38	2.93	2.45	1.93	1.16	0.844	0.56	0.298	0.0426	0	0	0	0	0.0249	0	0	0	0	0	0	0.0269	0.0122	0	0.0156	0	0	0	0	0.13
16	14.5	14.5	14.4	13	5.74	6.65	6.54	10.5	6.39	1.38	0.955	0.781	1.54	0.98	0.594	1.63	7.27	6.17	7	22.1	28.4	7.92	3.82	6.29	7.44	7.56	8.92	21.8	21.8	16.3	13.1	3.02	10.9	15	2.76	0.645	0.457	0.411	0.423	0.373	0.359	0.359	0.111	0.111	0.11	0.217	0.0491	0.295	0.0907	5.06	0.0233	18.2	9.06	0.745	1.57	2.06	2.37	2.76	3.13	3	3.17	4.04	5.11	12.5	7.31	8.08	8.43	8.88	9.19	9.25	9.66	9.64	9.65	9.48	8.76	8.47	8.34	7.92	7.67	6.97	6.41	6.02	5.11	4.71	4.33	3.9	3.21	2.85	3.08	3.03	2.99	2.54	2.13	1.63	0.952	0.705	0.447	0.19	0	0	0	0.022	0	0	0	0	0	0	0	0	0	0	0	0	0	0.179	0.384	0.623	0.875
10.9	12.7	13.5	8.08	5.83	4.76	4.51	5.26	7.57	7.59	6.95	1.78	1.66	0.874	1.99	1.95	0.811	6.1	5.07	18.1	21.8	20.6	8.7	5.47	8.96	11.6	9.48	5.79	9.8	16.3	9.07	9.64	8.42	6.86	0.699	0.787	0.559	2.31	27	3.24	0.632	1.51	0.357	0.111	4.49	0.111	0.109	14.2	0.0477	0.0456	1.39	0.0745	14.2	8.85	6.32	2.74	3.24	3.53	19	4.01	3.73	3.85	4.6	5.55	6.43	7.48	8.14	8.42	8.71	8.97	9.03	9.41	9.3	9.25	9.11	8.38	8.11	7.92	7.57	7.36	6.77	6.28	5.86	4.92	4.48	4.01	3.56	2.93	2.63	2.91	2.9	2.85	2.43	2.05	1.6	0.964	0.769	0.589	0.533	0.256	0.0306	0	0	0	0	0	0	0	0	0	0	0	0	0.0961	0.269	0.484	0.718	0.963	1.25	1.52
5.74	4.78	2.41	2.8	4.39	1.5	1.36	4.03	2.79	7.28	7.25	3.71	2	0.875	0.575	1.13	1.33	4.93	5.43	14.5	15.9	17.6	10.2	8.64	10.6	14.6	15.4	14.5	8.34	13	13.1	25.7	19.3	7.12	6.42	7.56	0.92	6.54	7.72	0.293	0.269	0.258	0.26	0.0782	0.0786	0.078	0.0765	0.376	4.97	0.0787	0.0703	0.568	5.29	5.43	3.12	3.56	3.92	4.09	4.24	14.1	3.9	3.85	4.52	5.28	5.97	6.78	11.1	5.94	6.12	6.26	6.35	5.16	4.89	4.8	4.69	5.61	5.37	5.17	4.88	6.26	5.74	5.3	9.08	7.01	7.6	3.51	3.09	2.39	2.13	2.47	2.53	2.54	2.12	1.77	1.37	1.09	0.914	0.62	0.342	0.0854	0.00153	0	0	0	0	0	0	0	0	0	0	0.00598	0.157	0.334	0.561	0.825	1.11	1.39	1.71	2.1
7	2.49	14.3	3.6	3.64	2.33	4.16	5.86	5.98	8	12.8	2.98	2.52	2.9	1.78	2.26	1.59	8	4.4	10.2	11.1	8.08	7.19	7.95	7.12	6.87	10.5	17	5.57	3	20.9	42.8	18.2	15.9	28.4	21.3	4.4	3.38	0.799	0.291	1.22	0.256	0.259	0.0779	0.0786	0.0781	0.0762	0.085	0.082	0.0764	0.851	1.65	2.48	3.26	3.98	4.24	4.49	4.54	4.61	12.4	4.14	4.11	4.63	5.21	5.78	6.48	6.98	5.69	5.86	5.96	5.94	4.71	4.57	4.42	4.31	5.14	4.92	4.75	4.51	5.85	5.42	5.03	4.64	4.23	3.82	3.47	3.06	2.43	2.2	2.39	2.41	2.42	2.12	1.81	1.48	1.14	0.877	0.608	0.361	0.119	0.0342	0	0	0	0	0	0	0	0	0	0.0368	0.118	0.239	0.475	0.749	1.09	1.43	1.76	2.12	2.57
1.55	3.6	6.89	3.18	2.3	2.37	3.81	4.84	5.77	3.99	8.61	10.6	1.37	2.12	2.72	3.32	1.56	1.88	2.32	6.4	7.44	8.06	11.8	11.9	8.81	9.22	6.3	4.96	3.28	2.91	2.43	9	6.15	32	28.5	17.5	19.1	23	2.37	1.24	7.53	10.4	1.58	0.155	0.176	0.173	0.147	0.138	0.108	0.628	1.37	2.13	2.92	3.56	4.05	4.17	4.32	4.26	4.19	4.11	4.03	3.97	4.4	4.89	5.44	5.97	6.47	5.3	5.44	5.46	5.42	4.31	4.19	4.04	3.94	4.73	4.56	4.42	4.23	5.55	5.24	4.93	4.62	4.3	3.97	3.65	3.35	2.75	2.5	2.32	2.21	2.25	2.02	2.27	1.48	1.11	0.872	0.656	0.467	0.233	0.141	0.0581	0.0258	0	0	0	0	0	0	0	0.0707	0.228	0.347	0.603	0.898	1.34	1.68	2.06	2.47	2.97
2.67	3.49	5.38	4.6	1.92	2.37	3.94	5.31	4.28	2.21	5.25	1.88	1.44	1.59	0.707	1.32	3.17	1.8	3.52	10	16.4	9.38	8.36	17	11.3	8.14	7.75	9.48	3.15	4.4	4.03	1.12	3.58	8.85	20.3	14.9	10.2	21.3	18.1	10.6	2.79	14.4	0.855	0.305	0.399	0.392	0.285	0.242	0.159	1.03	1.82	2.55	3.34	3.85	4.13	13.7	4.12	3.99	3.74	3.56	3.4	3.26	3.66	4.07	4.47	4.93	5.24	4.2	4.27	4.31	4.29	3.41	3.31	3.18	3.12	3.75	3.61	3.54	3.39	4.49	4.27	4.03	3.8	3.55	3.31	3.07	2.89	2.35	2.19	1.95	1.78	1.72	1.52	1.31	1.11	0.877	0.658	0.504	0.372	0.19	0.124	0.132	0.0392	0.0512	0.00213	0	0	0	0	0.0328	0.132	0.264	0.444	0.715	1.04	1.48	1.91	2.33	2.79	3.35
2.65	3.17	2.91	2.31	2.23	2.31	1.99	6.69	7.15	1.59	1.65	2.08	3.67	1.28	1.77	4	4.6	2.81	6.65	10	13.4	12.1	14.9	17.9	14.9	12.6	6.74	11.3	7.78	4.6	3.8	2.87	2.23	22	9.46	10.4	3.35	11.4	13.5	7.43	2.59	0.465	0.549	1.07	3.14	1.25	1	0.322	0.444	1.36	2.04	4.25	3.42	3.76	3.88	3.89	6.61	3.54	3.23	2.94	2.68	2.43	2.72	2.97	3.24	3.56	3.74	7.41	2.99	3.01	2.99	2.28	2.22	2.12	2.09	2.51	2.42	2.4	2.31	3.04	2.89	2.72	2.57	2.4	2.23	2.06	1.91	1.59	1.44	1.3	1.18	1.09	0.943	0.799	0.672	0.385	0.303	0.231	0.171	0.123	0.077	0.0368	0.0213	0.00947	0	0	0	0	0	0.051	0.162	0.306	0.501	0.799	1.16	1.63	2.38	2.56	3.06	2.85
3.46	4.08	2.55	2.19	4.19	3.91	3.43	6.44	4.22	2.37	4.07	3.86	2.4	2.63	1.87	3.7	6.12	7.67	13.7	16	9.12	15.3	38.6	39.1	18.9	10.1	6.65	5.52	9.88	4.38	3.61	2.58	1.83	3.85	9.64	3.63	7.69	5.04	7.67	0.302	0.445	0.511	0.712	1.4	1.67	1.63	1.29	0.51	1.02	1.81	2.42	2.92	3.54	3.83	3.82	3.68	3.51	3.15	2.77	2.4	2.08	1.74	1.89	1.96	2.06	2.16	2.26	1.78	1.82	1.82	1.78	6.53	1.3	1.24	1.23	1.49	1.45	1.47	1.46	1.89	1.84	1.68	1.58	1.47	1.35	4.51	1.15	0.949	0.849	0.752	0.66	0.64	0.497	0.407	0.337	0.187	0.143	0.105	0.0758	0.0532	0.0321	0.0121	0.00355	0	0	0	0	0	0	0.0768	0.197	0.351	0.561	0.879	1.27	1.78	2.42	2.77	3.32	3.09
4.13	5.21	7.31	8.32	4.77	3.34	4.49	3.29	1.84	2.54	4.11	3.24	1.05	4.7	1.21	2.34	4.88	4.4	17.6	30.6	11.9	10.6	28	32.8	27.1	22.2	12.7	5.34	7.66	10.7	6.45	2.57	4.61	1.51	4.23	0.449	4.11	0.389	1.19	0.671	1.98	1.01	1.24	2.21	2.5	2.42	2.72	1.88	2.14	2.67	3.13	3.47	3.95	4.07	3.81	3.52	3.26	2.84	2.39	1.96	1.54	1.11	1.11	1.06	1.06	1.05	1.06	0.857	0.887	0.88	0.848	3.18	1.42	0.564	0.55	0.677	0.667	0.724	0.7	0.943	0.882	0.824	0.768	0.703	0.632	0.568	0.519	0.462	0.356	0.3	0.249	0.207	0.156	0.109	0.0807	0.0406	0.0225	0.00987	0.00389	0	0	0	0	0	0	0	0	0	0.0137	0.1	0.228	0.392	0.613	0.945	1.35	1.88	2.41	2.92	3.5	3.27
3.05	6.57	11.8	6.93	4.19	3.34	3.65	5.69	4.02	0.986	1.13	2.68	4.28	3.21	5.38	4.48	5.11	2.94	10.4	28.9	10.7	7.53	10.6	18	15.6	16.6	13.6	5.02	36.2	51.3	11.5	4.86	4.94	1.92	11.6	13.7	0.628	1.48	1.16	1.31	1.59	6.42	6.69	5.38	3.85	4.25	4.37	2.92	3.02	3.39	3.78	4	4.4	4.43	4.05	3.64	3.32	2.86	2.35	1.85	1.38	0.909	0.796	0.687	0.619	0.568	0.599	0.447	0.464	0.457	0.439	0.321	1.58	0.296	0.296	0.344	0.334	0.379	0.368	0.504	0.467	0.434	0.405	0.367	0.324	0.285	0.262	0.206	0.17	0.138	0.108	0.0824	0.0537	0.0293	0.0186	0.00947	0.000855	0	0	0	0	0	0	0	0	0	0.00301	0.0103	0.0305	0.122	0.255	0.427	0.657	1	1.42	1.97	2.51	3.05	3.65	5.41
4.88	7.59	12.4	4.95	5.73	8.97	9.9	5.38	3.82	3.32	4.18	4.98	4.48	3.02	2.95	5.33	5.07	3.65	9.62	11.4	6.15	5.74	6.61	3.95	5.13	2.84	2.71	6.46	24.8	31.4	10.5	5.97	6.38	4.74	13.9	9.14	11.2	3.78	4.62	12.6	4.71	5.34	13	30.2	23.7	7.08	6.53	3.9	3.69	3.84	4.18	4.23	4.57	4.57	4.15	3.48	3.13	2.61	2.1	1.59	1.16	0.661	0.497	0.389	0.306	0.216	0.182	0.157	0.164	0.158	0.147	0.139	0.143	0.134	0.146	0.168	0.162	0.262	0.213	0.222	0.202	0.186	0.174	0.164	0.138	0.116	0.111	0.0888	0.0667	0.0965	0.0315	0.0146	0	0	0	0	0	0	0	0	0	0	0	0	0	0	0.00491	0.0097	0.0287	0.104	0.214	0.272	0.416	0.633	0.894	1.55	1.99	2.42	2.91	3.46
5.3	7.49	18.1	7.03	8.82	8.94	14.9	9.71	6.48	4.19	6.24	9.06	5.29	4.1	11	7.93	7.31	6.77	9.76	11.6	5.88	3.64	6.05	8.07	13.3	5.04	5.34	9.56	14.6	24.9	32.9	27.5	12.3	6.2	6.64	9.33	12	10.9	14.4	5.05	14.6	6.81	16.1	15.5	18.5	8.49	7.58	4.31	3.94	3.99	4.29	4.25	4.56	4.54	4.12	3.39	2.94	2.45	1.92	1.38	0.863	0.411	0.204	0.119	0.85	0	0.0431	0	0	0	0	0	0	0	0.00984	0.00183	0	0.0471	0.145	0.0633	0.0531	0.0462	0.0458	0.0401	0.0258	0.0159	0.0251	0.0187	0.00678	0	0	0	0	0	0	0	0.00374	0	0	0	0	0	0	0	0	0	0.0066	0.0125	0.0336	0.112	0.224	0.282	0.43	0.65	0.917	2.44	2.26	4.45	2.98	3.51
4.67	8.72	8.09	4.42	8.46	14.8	8.33	6.48	6.81	6.05	10.3	10.1	7.88	6.79	6.27	7.83	8.55	9.53	12.5	16.5	6.57	6.42	4.92	6.97	7.86	11.7	9.7	31.3	20.5	29.8	52	60.3	30.5	19.5	8.23	3.98	4.33	15.5	14	14.1	15.6	16.4	8.32	8.12	16.3	16.2	7.81	4.2	3.77	3.75	4.05	3.97	7	4.26	3.87	3.24	2.75	2.27	1.77	1.22	0.687	0.218	0.0525	0	0	0	0	0	0	0	0.725	0	0	0	0	0	0	0	0	0	0	0.0211	0	0	0	0	0	0	0	0	0	0	0	0	0	0	0	0	0	0	0	0	0	0	0	0	0.00665	0.0127	0.034	0.113	0.227	0.285	0.435	0.662	0.932	1.61	2.08	2.53	3.08	3.6
2.47	6.34	15.3	9.15	16.6	12.4	6.91	8.89	21.4	5.55	6.55	9.07	12.7	7.8	4.24	6.56	8.57	9.86	10.5	13.9	9.46	6.81	4.91	3.75	6.96	20.2	10.8	36.9	49.4	36.2	53.1	63.2	34.3	19.6	13.7	12.2	20.5	21	8.42	8.15	7.9	8.53	8.76	9.59	10.5	21.1	7.66	6.47	7.42	8.17	10.5	12.1	11.5	4.11	3.73	3.08	2.66	2.18	1.72	1.19	0.663	0.196	0	0	0	0	0	0	0	0	0	0	0	0	0	0	0	0	0	0.0217	0	0	0	0	0	0	0	0	0	0	0	0	0	0	0	0	0.0234	0.00259	0	0	0	0	0	0	0	0	0.00666	0.0128	0.0341	0.114	0.261	0.288	0.44	0.667	0.939	1.64	2.1	2.61	3.1	3.68
1.15	3.11	4.95	3.17	9.03	4.95	4.7	7.5	21	1.86	3.31	12.5	19.5	9.58	5.14	7.8	7.5	8.6	8.6	11	14.3	11.1	6.58	8.36	6.67	14	9.09	18.3	53.4	29.1	31.4	31.4	20.7	24.8	20.2	15.9	16.6	23.8	30.4	23.1	24	25.3	38.4	9.05	14.5	12.3	7.62	3.88	7.97	3.34	3.56	11.2	2.88	2.81	2.5	2.03	1.74	1.33	1	0.848	0.361	0	0	0	0	0	0	0	0	0	0	0	0	0	0	0	0	0	0	0	0	0	0	0	0	0	0	0	0	0	0	0	0	0	0	0	0	0	0	0	0	0	0	0	0	0	0.0503	0.0121	0.0321	0.107	0.214	0.282	0.432	0.654	0.924	1.6	2.06	2.52	3.06	3.64
1.25	1.14	1.21	1.35	1.36	3.24	3.22	4.09	7.1	7.86	24.9	10	26.1	45	26.2	10.7	10	10	9.61	11.9	16.2	9.59	10.3	11.7	9.67	10.7	10.4	21.4	30.7	26	19.3	23.1	26.8	29.8	35.6	20.7	26.3	25	24.4	24.4	26.1	27.1	26.7	9.29	14.3	16.2	7.41	3.67	3.22	3.12	3.34	5.37	2.68	2.61	2.32	1.85	3.58	1.17	0.837	0.668	0.198	0	0.0385	0	0	0	0	0	0	0	0	0.0204	0	0	0	0	0	0	0	0.026	0	0	0.142	0	0	0	0	0	0	0	0	0	0	0	0	0	0	0	0	0.00331	0	0	0	0	0	0	0.00603	0.0116	0.0312	0.107	0.215	0.282	0.433	0.658	0.931	1.61	2.08	2.55	3.1	3.7
1.35	1.62	1.56	0.982	1.13	0.792	1.18	1.86	1.89	4.95	15.5	26.1	33.1	46.7	45.5	23.5	12.6	11.4	10.3	14.3	13.3	13.2	14.4	16.4	19.7	21	21.2	26.6	64.4	48.3	20.4	24.3	20.6	23.9	35.8	26.4	27.3	32.9	28.8	25.1	29	27.9	27.4	9.66	13.8	8.44	7.24	3.5	3.01	2.91	3.16	8.05	6.12	7.6	2.11	3.14	1.65	0.99	0.668	0.436	0.0478	0	0	0	0	0	0	0	0	0	0	0	0	0	0	0	0	0.172	0.71	0	0	0	0	0	0	0.00791	0	0	0	0	0	0	0.00876	0	0	0	0	0	0	0	0	0	0.00332	0	0	0	0.00412	0.0103	0.03	0.106	0.214	0.282	0.434	0.659	0.933	1.61	2.08	2.57	3.13	3.74
2.91	2.24	2.63	1.43	2.36	1.76	2.09	7.37	4.38	2.65	3.84	10.5	16.1	51	48.6	28.2	12.7	10.8	11	20.4	15.2	20.5	18.7	13.2	23.3	22.9	21.8	24.3	48.1	69	21.2	25.5	64.6	40	36.2	50.5	31.5	39.9	38.4	27.7	26.9	31.2	32.7	10.3	9.61	10.1	7.07	3.24	8.11	2.75	2.99	2.37	2.37	6.82	1.96	3.36	1.95	4.57	0.554	0.275	0	0.0387	0	0	0	0	0	0	0.0165	0	0	0	0	0	0	0	0	0.184	0	2.44	1.45	0	0	0.0153	0	0	0	0	0	0	0	0	0	0	0.00438	0	0	0	0	0	0	0	0	0	0	0	0.00146	0.00846	0.0284	0.104	0.213	0.282	0.435	0.661	0.932	1.62	2.1	2.59	3.17	3.77
1.47	1.18	6.67	14.4	5.05	9.16	4.81	5.28	7.52	1.76	3.54	10.2	20.4	38.9	37.5	21.9	12.6	11.1	12.3	15.8	16.6	18	21.1	18.2	19.3	21.8	20.5	26.5	28.2	38.5	34.8	27.1	37.6	49.4	40.4	51.7	63.4	51.3	34.5	25.5	40.9	45.4	38.2	37.9	28.5	17.1	9.3	4.32	11.4	2.9	2.89	1.51	1.77	5.71	6.24	1.25	0.956	1.82	0.31	2.37	0.00181	0.00165	1.55	0.000252	0.000128	6.7e-05	6.93e-05	0.000271	0.00028	0.000366	0.122	0.00215	0.00266	0.00255	0.00182	0	0	0	0	0	0	0	0	0	0	0	0	0	0	0	0	0	0	0	0	0.00419	0	0	0	0	0	0	0	0	0	0	0.00159	0.00877	0.0289	0.137	0.216	0.371	0.569	0.863	1.21	2.03	2.61	3.22	3.97	3.32
1.87	1.5	3.44	14.7	13	5.16	1.43	1.33	1.78	4.75	6.29	3.77	13.9	38.1	25.7	24	18.5	11.4	10.7	16.3	11.6	12.6	18.3	17.6	18.9	20.2	19	25.3	28.3	35.5	41.3	32.4	35.3	70	74.8	71.9	57.1	74.8	42.7	31.9	39.6	42.9	36.3	38.5	28.6	12.3	11.9	8.47	3.02	2.32	5.03	1.02	1.25	6	9.88	0.819	2.6	1.15	1.98	2.21	0.00253	1.6	0.00174	0.000353	2.78	9.37e-05	9.71e-05	0.000379	0.000391	0.000513	0.127	0.00301	0.00374	0.00357	0.00255	0.0151	0	0	0	0	0	0	0	0	0	0	0	0	0	0	0.0401	0	0	0	0	0	0	0	0	0	0	0	0.193	0	0.0137	0	0.0472	0.0105	0.0309	0.109	0.222	0.38	0.583	0.882	1.24	2.07	2.65	3.29	4.07	3.5
1.24	1.37	1.66	1.03	1.91	1.21	1.11	0.975	1.26	5.18	10.9	4.77	6.19	6.41	6.72	14.3	21.5	19.6	16.2	21.6	17.8	19.2	20.7	21	20.7	19.5	20.4	24.4	30.1	31.1	31.7	31	40.9	63	67.6	43	48	55.5	38.6	33.7	30	38.4	39.3	36.2	24.7	11.2	12.5	7.6	3.66	2.1	1.62	0.469	3.24	0.632	4.85	0.782	0.0157	0.0111	0.0088	2.15	0.0126	0.00871	0.00743	0.00186	0.00146	0.00118	0.00101	0.00314	0.00249	0.00233	0.00264	0.00919	0.0102	0.00949	0.00697	0	0	0	0	0	0	0	0	0	0	0	0	0.0431	0	0	0	0	0.00459	0.00459	0	0	0	0	0	0	0	0	0.0262	0	0	0	0	0	0.024	0.109	0.23	0.405	0.623	0.946	1.32	2.2	2.83	3.5	4.32	3.75
0.968	1.37	1.29	1.63	1.44	1.38	1.06	0.813	1.09	2.89	9.06	14.5	7.76	8.46	10.1	7.48	8.37	12.1	14	15.1	19.7	21.8	24.4	30	46	22.4	19.5	25.2	24.8	29.6	31.1	31.7	34.3	34.4	50.5	41.8	38.8	35.6	27.7	31.2	28.1	28.3	36.2	37.1	33.8	33.6	7.85	11.6	2.88	2.2	1.86	0.296	0.204	0.145	0.118	0.967	0.0439	0.626	0.0246	0.0514	0.0319	0.0208	0.0183	0.00476	0.00398	0.00332	0.00281	0.00855	0.016	0.0058	0.00622	0.0988	0.0222	0.0202	0.0151	0	0	0	0.0225	0	1.88	0	0	0	0	0	0	0	0	0	0	0.00459	0	0	0	0	0	0	0	0	0	0.0306	0	0.00567	0	0	0	0	0.0276	0.121	0.253	0.449	0.685	1.03	1.43	2.38	3.05	3.76	4.63	4.02
0.706	0.714	0.788	1.14	0.972	0.93	0.874	0.8	0.727	0.933	1.33	1.95	2.72	2.12	2.82	6.03	4.25	4.44	4.96	5.22	6.28	7.91	25.3	34	37.5	33.6	20.3	19.9	18.4	21.5	20.9	27.8	21.4	22.3	21.6	14.2	16.5	16.1	12.2	7.01	9.72	13.9	23.9	16.3	34.7	57.9	9.39	10.2	9.44	3.11	2.72	2.08	1.71	1.4	1.17	0.76	0.551	0.402	0.315	2.61	0.137	0.089	0.0789	0.0873	0.0739	0.0623	0.0525	0.0466	0.0356	0.031	0.0328	0.0599	0.0633	0.0576	0.0431	0.00877	0.00435	0.00188	0.00135	0	1.09	0	0	0	0	0	0	0	0	0.0143	0	0	0	0	0	0	0.00401	0	0	0.0481	0.00437	0	0	0	0	0	0	0.00965	0.047	0.182	0.295	0.493	0.74	1.1	1.52	1.99	2.55	3.18	3.98	4.29
0.879	0.799	1.07	1.11	1	1.4	0.893	0.653	0.613	0.881	1.65	1.56	0.905	1.07	1.6	3.74	3.38	5.07	4.67	4.34	4.97	6.21	10.6	30.8	32.7	52.8	28.2	15	15.9	17.6	18.1	23.2	27.2	25.4	18.6	17.8	14.7	15.8	12.6	6.79	5.97	11.7	10.6	9.2	20.4	28.5	23.4	4.05	3.62	5.99	2.99	2.42	5.99	1.89	1.57	1.03	0.753	0.552	0.433	0.308	0.189	0.122	0.108	0.12	0.102	0.0865	0.0728	0.0647	0.0492	0.0425	0.0448	0.0812	0.0935	0.0776	0.0582	0.0119	0.00596	0.00263	0.00188	0	0	0	0	0	0	0	0	0	0	0.0626	0	0	0.00881	0	0.00719	0	0	0	0	0.0887	0.00437	0	0	0	0	0	0	0.0257	0.0711	0.187	0.346	0.562	0.836	1.22	1.68	2.17	2.75	3.42	4.26	4.59
1.15	1.34	1.17	1.23	1.1	0.853	0.759	0.745	0.593	0.762	0.826	0.644	0.504	0.615	0.913	1.83	2.51	6.66	8.24	4.92	6.37	13.2	14.8	23.1	20.5	25.8	27	18.2	14.7	15.1	15	24.1	24.3	20	19.5	33	18.4	16.8	16.7	14.2	6.56	12.7	14.1	19.1	16.8	20.8	39.7	11.5	25.3	25.3	3.3	2.8	2.66	2.4	2.02	1.62	1	0.746	0.584	0.408	0.239	0.147	0.135	0.157	0.141	0.125	0.109	0.102	0.0835	0.0738	0.073	0.133	0.124	0.11	0.0826	0.017	0.00876	0.00406	0.00291	0	0	0	0	0	0	0	0	0	0	0	0	0	0	0	0	0	0.0267	0	0.583	0	0	0	0	0	0	1.02	0.0342	0.0484	0.1	0.228	0.401	0.635	0.935	1.35	1.84	2.35	2.96	3.64	4.48	4.66
0.393	1.5	2.39	1.34	1.1	0.876	1.11	0.861	0.511	0.827	0.871	0.344	0.473	0.395	0.544	1.09	1.3	3.36	12.1	5.08	3.72	4.88	5.08	21.4	20.4	27.4	25.9	25.4	16.8	15.4	12.4	23.8	34.9	17.6	17.2	16.9	13	13.2	17	19	11.8	22.3	18.3	23.6	15.3	7.43	20	13.6	38.3	38.6	12.8	11.2	11	19.6	12.8	6.02	1.3	1.27	0.762	0.521	0.287	0.166	0.16	0.197	0.19	0.178	0.16	0.158	0.138	0.125	0.117	0.796	0.28	0.154	0.116	0.0241	0.0128	0.00618	0.0044	0	0	0	0	0	0	0	0	0	0	0.0461	0.0572	0.0794	0.0533	0.0341	0.0212	0.0101	0.0188	0.0297	0.0261	0	0	0	0	0.944	0	0.0596	0.0501	0.0672	0.125	0.265	0.453	0.706	1.02	1.47	1.98	2.51	3.18	3.81	4.62	4.49
0.264	1.05	2.69	0.708	0.567	0.429	0.677	0.358	0.21	0.293	0.38	0.109	0.0178	0.0344	0.0369	0.206	0.389	1.44	2.19	3.07	2.53	3.84	3.6	9.58	15.8	23.6	42	33.4	29.4	25.1	9.78	15.3	18.6	11.4	12.6	26.3	18.7	11.6	26.5	25.5	26.6	15.9	16.7	24.5	15.3	8.73	11.4	19.4	23.3	23.1	18.4	14.9	27.6	29.3	8.39	15.9	13.6	2.25	1.78	1.08	0.569	0.308	0.31	0.668	0.674	0.648	0.629	0.368	0.331	0.301	0.278	0.279	0.253	0.215	0.163	0.0652	0.981	0.0173	0.0123	0	0	0	0	0	0	0	0	0.161	0	0.0041	0.0346	0.0619	0.0662	0.0724	0.0728	0.0657	0.0855	0.0937	0.0928	0.037	0.00129	0	0	0	0.00585	0.0346	0.0595	0.106	0.167	0.312	0.507	1.02	1.45	2.02	2.7	2.68	3.29	3.9	4.61	4.52
0.431	0.258	0.35	1.31	1.13	0.465	0.383	0.474	0.437	0.265	0.474	0.183	0.0481	0.00933	0.0153	0.0899	0.116	0.301	0.676	1.56	2.04	2.29	2.82	5.08	7.66	32.3	53.4	46.4	29.9	16.3	9.51	14.6	6.31	5.07	8.25	12	10.8	31.7	26.1	13.3	18.5	17.3	10.9	22.1	13.7	14.1	14.5	24.5	25.7	22.1	22.1	22.8	19.6	31.5	23.5	16	12.3	3.96	3.28	1.28	0.873	0.339	0.385	0.781	0.809	0.796	0.738	0.462	0.423	0.453	0.353	0.35	0.311	0.262	0.2	0.08	0.075	0.0218	0.0155	0	0	0	0	0	0	0	0	0	0	0	0	0	0.00244	0.041	0.0844	0.112	0.159	0.189	0.208	0.191	0.133	0.113	0.104	0.08	0.0926	0.142	0.14	0.203	0.267	0.416	0.618	1.17	1.62	2.19	2.88	2.8	3.46	4.08	4.79	4.63
0.149	0.139	0.136	0.491	3.78	0.353	0.215	1.98	0.917	1.35	2.53	1.17	0.328	0.0017	0.00409	0.0278	0.317	0.188	0.524	0.978	5.68	5.54	3.62	4.56	11.1	27.5	44.2	67.7	41.7	14.7	8.96	14.7	14.7	8.06	9.29	9.39	6.22	7.27	4.98	4.46	8.17	6.83	5.14	12.7	22.4	20.9	17	19.7	28.7	33.2	33.5	27.8	28	38.3	38.1	21.6	18.5	15.4	14.9	5.23	4.36	0.677	0.392	0.83	0.872	0.87	0.82	0.521	0.486	0.447	0.404	0.395	0.348	0.291	0.223	0.0899	0.323	0.169	0.0181	0	0	0	0	0	0	0	0	0	0	0	0	0	0	0.0107	0.0947	0.173	0.287	0.354	0.368	0.381	0.347	0.373	0.356	0.244	0.254	0.277	0.292	0.375	0.431	0.571	0.765	1.36	1.79	2.33	3.02	2.89	3.55	4.16	4.87	4.68
0.214	0.101	0.0924	0.14	0.211	0.177	0.476	0.333	0.509	1.02	2.16	2.66	0.000789	0.0118	0.00349	0.0237	0.201	0.643	0.501	0.906	9.58	6.04	3.02	5.33	4.35	16.6	21.4	27.5	30	32.3	37.2	30.1	15.5	9.81	9.4	15.4	5.84	9.55	7.16	10.3	4.06	2.32	7.1	7.29	17.4	13.2	16.6	15.9	20.6	24.2	34.6	39.6	36.1	37	16.6	5.28	5.65	2.69	2.02	1.28	0.962	3.38	2.95	1.79	0.861	0.887	0.841	0.541	0.53	0.48	0.444	0.418	0.375	0.302	0.232	0.108	0.814	0.0282	0.0201	0	0	0	0	0	0	0	0	0	0	0	0	0	0.0286	0	0.0431	0.227	0.29	0.39	0.466	0.525	0.531	0.543	0.555	0.591	0.448	0.472	0.476	0.581	0.62	0.74	0.912	1.52	1.92	2.44	3.09	2.92	3.54	4.14	4.85	4.69
0.163	0.738	0.282	0.0198	0.0695	0.0127	0.00319	0	0.139	0.363	1.07	2.5	0.0991	0.114	0	0.972	0.0937	0.104	0.234	1.22	1.41	2.28	2.9	2.71	3.48	4.59	11.6	12.7	12.8	39.1	52.6	44.2	25.1	8.92	6.01	17.3	11.3	7.58	4.28	10.2	6.78	7.12	7.62	10.3	9.08	9.92	13.5	13.6	13.9	18	27.3	42.4	34.5	26.2	27.3	27.2	9.56	14.9	13.6	11.1	8.5	0.828	1.01	0.598	0.487	0.483	0.479	0.317	0.308	0.287	0.257	0.314	0.203	0.18	0.129	0.0547	0.0313	0.0171	0.0122	0	0.757	0.794	0	0	0	0	0	0	0	0	0	0	0	0	0.0309	0.0304	0.172	0.29	0.379	0.458	1.44	0.528	0.568	0.494	0.536	0.66	0.578	0.668	0.692	0.772	0.894	1.38	1.67	2.07	2.55	2.37	2.85	3.34	3.92	6.04
0.0117	0.114	0.487	0.674	0.226	0.00128	0.00109	0	0.154	0.519	3.04	1.76	0.368	1.11	0.126	0.0235	0.084	0.159	0.168	0.471	0.743	0.884	3.61	11.2	1.3	1.17	2.39	6.39	5	31	64.3	51.7	35.1	24.7	13.3	9.06	8.52	2.59	3.95	12.9	9.55	8.34	7.37	7.81	7.47	9.48	11.6	12.2	13.5	14.6	17.5	24.7	25.3	26.7	20.7	22.7	18	19.1	13.2	13.2	6.74	0.394	0.827	0.998	0.511	2.37	0.777	0.33	0.326	0.307	0.273	0.292	0.246	0.173	0.134	0.0573	0.0333	0.0187	0.0134	0	0.229	0.235	0	0	0	0	0	0	0	0	0	0	0	0	0	0	0	0.0652	0.192	0.316	0.44	0.639	0.54	0.509	0.585	0.639	0.67	0.789	0.826	0.905	1.01	1.5	1.78	2.15	2.65	2.4	2.84	3.31	3.88	7.14
0.00488	0.00248	0.00183	0.0313	0.000162	0.206	0.72	0.591	0	0	0.579	1.53	2.07	3.34	1.12	0.215	0.314	0.0447	0.167	0.628	0.422	0.63	1	14.3	3.34	1.78	0.367	1.8	3.92	7.38	43.9	58	46.3	31.3	13	16.1	10.6	6.28	12.4	17.7	21	6.11	7.03	8.42	8.38	10.2	10.3	12.1	12.7	13.8	17.2	16.9	23.1	27.5	23.5	41.5	28.7	24.6	20.6	9.93	8.59	2.11	2.58	3.61	1.5	2.42	1.1	0.606	0.603	0.566	0.494	0.44	0.363	0.295	0.235	0.107	0.0706	0.0472	0.0368	0	0.612	0.476	0	0	0	0	0	0.546	0	0	0	0	0	0	0.195	0	0	0	0	0.107	0.231	0.341	0.483	0.504	0.644	0.705	0.757	0.924	0.99	1.09	1.19	1.73	2	2.36	2.81	2.55	2.99	3.47	4.04	5.81
0.00375	0.00177	0.00131	0.00884	0.000115	4.03e-05	0.284	2.58	0.0249	0	0.0453	0	0.718	2.5	1.35	0.53	0.185	0.0355	3.14	1.09	0.264	0.304	0.604	0.394	1.95	75.8	1.36	0.504	25.8	24.5	9.73	17.8	29.9	44.6	26.9	20	13.8	13	23.2	14.2	20	3.45	6.17	15.2	14.4	14	11.6	14.3	13.6	12.7	16.3	14.7	18.6	19.8	23.8	43.4	31.9	22.2	17.1	18.4	15.4	8.27	7.63	4.51	6.28	2.18	3.16	1.59	1.21	4.35	0.911	0.806	0.653	0.681	0.54	0.203	0.143	0.103	0.16	0	0.739	0	0	0.22	0	0	0	0.184	0	0	0	0	0	0	0	0	0	0	0	0	0	0.0468	0.251	0.357	0.537	0.624	0.71	0.926	1.03	1.16	1.29	1.9	2.2	2.57	3.03	2.75	3.18	3.7	4.31	6.19
0	0	0	0	0	0	0.172	0.0186	0	1.22	0	0	0.0766	0.0467	0.119	0.462	0.11	0.0448	0.284	1	0.365	0.362	0.717	0.868	1.04	4.13	3.31	0.633	4.92	15.4	2.49	5.8	15.9	21.3	64.8	40.1	24.4	6.08	9.19	17.8	14.2	6.64	5.66	5.04	6.6	7.52	10.1	11.5	13.2	27.9	16.9	10.4	18.6	19.2	13.1	34.9	35.3	38.6	23.4	23	32.8	19.5	15.4	12.2	10.1	8.89	8	3.88	2.02	2.58	1.44	0.769	0.787	0.641	0.541	0.682	0.238	0.125	0.452	0.0318	0.0216	0.0186	0.0229	0.0572	0.0662	1.47	1.89	0.376	0.0315	0.721	0.018	0.00197	0.000975	0.000418	0.0003	0.834	3.42	2.02	2.13	0.709	0.754	0.439	0.84	1.29	1.31	0.488	0.641	1.03	1.24	1.44	1.65	1.87	2.19	2.59	3.06	2.98	3.55	4.27	5.15	6.94
0.636	0	0	0	0	0	0.0324	0	0	2.03	1.93	0	0	0.0118	0	0.892	0.0343	0.0484	0.15	0.48	0.513	0.265	0.278	0.295	0.202	0.254	1.23	2.81	0.96	2.37	1.52	2.31	15.3	3.89	16.5	37.8	35.3	10.1	4.08	6.25	7.05	5.78	5.88	6.34	4.54	5.93	6.88	12.5	9.5	14	11.9	11.7	14.7	17.5	23.5	43.4	24.9	17.9	33.2	31.3	30.1	25	19.4	14.2	7.6	12.6	9.76	9.09	8.42	6.62	3.86	1.15	0.905	0.724	1.21	0.988	0.433	0.169	0.137	0.0435	0.0298	0.821	0.633	0.0798	0.149	1.26	1.78	0.209	0.553	0.544	0.0252	0.00276	0.00137	0.000585	0.000418	0	0.281	0	0	0	0.839	2.42	0.941	1.17	1.74	1.34	0.28	0.821	0.915	1.18	1.46	1.74	2.12	2.6	3.18	4.26	3.98	5.2	5.85	7.8
0.0254	0	0	0	0	0	0	0	0	0.0161	1.53	0.74	0	0.0106	0.0303	0.893	0.19	0.311	0.0544	0.161	0.37	0.354	0.179	0.304	0.282	0.108	0.841	0.92	0.0629	0.116	0.0897	3.25	6.95	0.84	0.987	1.7	4.46	15.4	8.54	4.6	3.59	3.75	3.89	5.11	5.14	5.96	9.29	8.32	7.67	9.73	8.32	16.3	16.1	17.2	19.4	32.9	24.8	34.7	28.9	42	30	16	14.5	9.76	7.14	9.64	17.7	18.5	9.92	9.75	7.99	5.74	4.54	1.68	13.8	6.02	4.32	0.555	0.454	0.147	0.134	1.29	2.98	1.81	0.325	0.32	0.297	0.246	0.717	0.202	0.182	0.0268	0.0233	0.0209	0.0536	0	0	0	0	0.0952	0.613	0.441	0	0	0.758	1.7	0	0.0688	0.412	0.728	1.06	1.41	1.86	2.44	3.14	3.69	4.54	5.69	6.64	8.69
0	0	0	0	0	0	0	0	0	0	0	0	0	0	0.0303	0.0333	0.652	0.656	0.373	0.324	0.447	0.588	0.212	0.0954	0.379	0.211	0.517	0.00276	0.0981	0.421	0.777	1.08	0.298	0.0672	0.138	0.725	0.966	1.19	1.24	1.69	2.19	3.07	4.13	5.44	4.04	5.31	4.45	5	6.07	7.79	8.71	13.2	19.2	13.9	16.8	31	35.3	30.1	34.8	21.7	19.2	32	28	18.7	5	4.77	16.7	20.8	13.5	10.2	13.6	12.4	12	8.65	10.6	6.28	1.2	1.07	0.813	0.339	0.331	0.331	0.341	1.16	0.746	0.736	0.698	0.602	0.565	0.524	0.485	0.0738	0.929	0.0612	0.0572	0.397	0.929	0.75	0	0	0.095	1.11	0	0	0.019	0	0	0	0.031	1.41	0.685	1.08	1.56	2.19	3.27	4.2	5.26	6.36	7.5	9.55
