150	160	174	220	213	214	211	170	142	185	249	339	304	325	350	359	352	394	416	583	478	515	497	407	420	482	538	515	492	504	541	388	442	458	487	632	664	670	765	498	450	511	610	383	408	272	267	245	184	161	148	147	142	175	175	212	236	208	240	321	240	216	219	184	124	113	118	131	115	109	117	205	225	173	175	226	186	133	145	139	123	114	118	108	99.4	115	121	43.8	52.8	48.4	42.4	24	16.5	12.6	13.4	25.6	27.4	34.9	50.6	56.8	52.8	74.1	64.5	73.9	75.8	75.8	74.8	70.9	87	77	67.3	42.4	54.5	60.4	60.2	72.1	104	151	179	188
212	243	239	249	258	246	258	250	251	261	305	369	321	401	432	374	351	346	394	417	439	476	420	391	457	469	483	557	535	519	543	587	572	582	625	601	537	529	541	360	338	322	370	294	283	293	281	220	233	219	193	156	133	139	180	235	201	237	209	279	289	223	303	197	145	154	142	177	162	156	172	202	218	181	199	159	157	204	169	135	111	125	129	120	139	124	143	142	92	78.3	84.2	29.8	20.2	18.3	28.7	45.7	48.4	51.3	55.1	48.6	59.5	70.6	73.6	62	63.5	61.1	71.4	69.9	97.9	83.3	83.4	74.3	86.8	94.3	90.8	81.5	132	158	198	179
234	257	274	271	263	259	256	259	259	276	306	338	293	364	517	353	345	361	435	404	406	403	407	407	436	440	452	545	556	508	513	537	534	575	632	527	433	427	437	266	243	253	263	202	184	200	296	192	212	239	182	149	149	146	183	207	230	259	196	240	251	281	353	276	195	192	170	187	186	170	175	187	193	215	208	205	167	198	163	142	122	124	140	177	153	175	156	148	137	89.6	83.3	30.2	29.1	25.4	27.3	34.8	42.9	42.7	39.7	47.7	61.7	40.7	48.6	41.7	53.5	63.9	56.6	69.7	70	77.5	91	82.9	68.3	72.7	71.4	80.9	97.6	117	123	113
249	257	274	304	286	250	278	292	270	283	314	328	297	315	352	452	590	373	413	475	410	441	432	436	442	416	448	552	582	533	531	467	502	506	540	415	390	390	384	236	195	216	227	220	187	196	233	209	264	319	229	182	173	147	178	236	202	208	196	232	245	281	293	232	166	168	166	158	180	172	172	202	194	235	259	168	162	157	162	165	144	131	139	156	154	134	126	116	105	75	76	30.6	27.2	26.6	31.2	37	38.5	39	42.9	44.7	38.3	37.8	35.7	31.5	42.4	44.5	45.3	62.4	63.7	67.8	77.3	90.7	71.9	66.3	69.8	79.5	76.8	78.2	80.7	80.8
275	272	282	288	262	281	291	261	293	270	335	366	314	301	332	345	385	543	506	423	429	427	426	432	454	446	478	555	558	524	542	441	433	450	479	347	320	352	374	242	186	211	201	233	207	201	229	264	287	224	227	182	130	135	171	249	205	219	169	218	227	256	254	190	144	155	182	181	168	168	185	203	212	214	260	191	166	190	168	147	135	138	148	139	136	147	124	102	97.2	86.5	71.3	35.5	39.2	37.7	30.6	37.3	38	39.6	43.3	39.3	47.9	53.4	33.5	31.2	31.6	24.1	32.3	54.9	66.5	64.6	75.3	87.8	98.3	75.7	73.3	90.1	86.7	64.9	58.1	62.5
268	303	319	288	269	293	288	290	291	284	300	291	312	315	360	539	456	407	636	487	381	498	648	535	470	466	496	504	476	488	445	353	335	326	302	225	180	201	220	183	178	184	183	197	202	247	278	306	313	313	297	252	236	220	232	290	279	277	262	224	237	255	297	201	176	173	171	167	146	139	152	180	185	169	164	131	126	148	140	131	129	119	139	144	122	120	107	93.8	108	106	95.1	58	56.1	50.6	42.3	41.1	37.9	38.3	39.2	30.5	49.9	47.5	39.3	36.5	28.7	24.9	26.6	53.2	56.7	58	56.6	73.3	83.3	77.9	80.4	91.5	94.4	91.9	79.3	87.2
257	306	308	299	284	299	296	274	269	304	277	274	306	302	318	376	518	371	366	384	395	490	611	504	423	487	576	524	502	483	424	359	368	299	275	174	170	186	188	170	164	174	165	178	199	233	256	325	292	300	301	271	297	280	253	273	266	281	273	285	260	258	330	218	170	150	160	167	143	143	173	174	160	140	136	120	124	126	138	141	123	103	113	132	112	105	96.2	92.1	111	104	103	70.5	48.9	57.1	50.5	41.1	33.1	32.6	35.4	28.6	37.3	36.2	38.2	31.1	23.9	25.4	30.2	46.1	52	49.4	44	58.8	62.8	62.3	65.8	76.9	77.6	85.1	73.9	87
246	273	292	288	345	334	335	257	279	315	296	270	293	311	346	421	349	340	350	368	406	421	420	437	395	478	548	417	426	424	425	410	358	304	279	160	146	141	137	136	142	126	132	195	208	252	293	347	317	315	323	256	284	289	263	251	265	299	282	280	267	278	355	214	180	162	191	159	164	134	171	163	146	135	140	109	98.4	117	112	108	106	99.8	103	126	115	101	93.3	89.5	108	119	117	91.4	53.8	75.4	61.5	42.9	44.9	38.2	31.9	28.4	34.1	41.5	45.4	35.6	30.7	38.8	28.9	44	44.2	48.2	41.3	51.7	64.9	56.1	59	82.4	81.6	79	73.6	94.1
239	260	293	254	301	316	315	260	307	331	327	251	271	286	318	389	311	322	334	528	426	284	321	357	422	500	548	447	453	482	523	446	365	270	235	169	121	148	115	136	141	142	154	208	235	293	341	379	368	348	423	302	276	284	288	267	310	298	281	276	253	258	317	227	269	202	191	141	122	120	151	126	127	124	141	104	105	134	107	117	109	90.5	96.4	128	127	121	97.9	94.3	112	118	133	113	113	80	64	69.8	85.6	61.1	36.5	27.9	28.4	36.1	37.9	35.8	33.7	33.1	33.9	36.9	38.4	31.8	35.1	54.6	52.6	61	62.3	86.6	81.5	74.3	99.3	65.8
230	241	281	278	287	303	339	286	304	326	285	250	271	280	279	352	317	370	452	403	359	295	272	295	334	405	464	508	564	561	569	430	319	269	227	182	166	167	125	143	153	188	198	274	309	342	335	335	344	352	407	360	327	306	326	302	278	281	278	249	266	273	296	246	255	207	243	192	157	134	123	134	134	133	146	122	125	169	144	126	125	119	122	145	142	141	126	120	107	116	150	130	123	94.8	76.9	75.8	51.7	48.2	45.4	50.4	43.3	40.9	43.6	29.2	25.3	24.7	25.1	24.5	31.2	22.2	18.4	42.4	49.1	56.7	62.5	82.3	81.7	63	70.5	83.1
227	252	271	296	294	286	312	258	271	279	266	253	290	301	271	352	391	409	535	411	455	372	322	335	323	354	369	478	522	550	511	370	304	246	241	191	155	146	148	114	145	169	196	260	281	302	310	300	285	284	324	371	393	329	394	335	310	319	256	302	288	221	218	237	248	251	213	194	155	121	105	115	134	145	138	134	125	136	135	108	121	126	120	147	122	122	122	127	118	121	140	174	122	80.2	98.8	74.2	71.7	68.4	63.3	59	45.2	38.9	44	30.7	27.1	27.1	27.1	28.7	24.8	21.1	20.7	50.6	54.8	59.9	60.2	75.8	66.6	48.4	60.9	68.2
230	284	280	295	318	301	262	239	257	236	261	257	437	344	303	383	411	471	600	468	490	337	284	308	328	334	370	496	511	512	467	357	338	285	247	179	175	140	119	119	126	177	249	296	255	272	309	302	325	309	317	379	359	332	363	305	331	312	272	304	296	222	203	227	267	213	198	185	147	118	117	108	138	141	133	133	123	122	117	104	116	122	134	206	171	125	116	130	132	116	133	206	129	132	98.9	70	68.2	62.3	56.9	50.2	42.8	43.4	45.5	32.6	30.8	32.2	32	27.6	31.8	35.4	29	54.2	58.1	60.4	57	63	54.9	48.5	58.1	62.9
241	268	294	346	318	297	275	266	246	234	241	248	283	300	296	441	459	492	540	414	340	292	260	301	268	362	389	474	538	491	468	373	331	257	224	170	149	168	142	117	155	198	235	255	234	284	296	284	343	308	315	383	358	355	355	329	309	289	275	238	251	291	295	207	197	217	237	199	158	129	128	106	106	106	106	116	126	117	115	108	113	141	122	161	135	119	120	131	133	131	152	151	177	167	79.6	70.6	84.1	72.1	70.3	54.5	50.6	50.6	49.9	36.2	40.5	42.4	39.6	40.5	48.1	34.3	38.2	58	52.4	54.8	56.5	49.1	49.2	49.5	50.8	61.5
172	190	204	229	231	229	229	233	257	274	287	239	255	219	235	367	377	448	491	303	318	313	290	275	279	309	322	337	362	287	275	270	222	172	135	123	102	97	137	130	156	182	215	235	245	311	352	321	310	312	320	377	375	351	356	321	308	338	359	293	232	252	237	203	180	184	171	167	122	124	128	76.2	76.4	81.9	76.3	125	140	143	161	131	180	177	160	121	130	138	123	136	123	128	133	120	109	129	108	105	76	86.4	67.8	76.6	58.5	46.9	43.9	55	64.9	67.5	53.8	57.8	58.2	59.1	72.2	62.5	51.8	39.8	44.2	50	36.2	38.4	39.9	52
180	210	181	199	208	220	212	236	249	250	254	209	225	211	217	306	398	421	440	312	383	333	280	258	259	303	317	289	235	227	232	192	136	128	95.8	111	127	116	181	166	164	182	262	241	280	290	328	318	302	305	349	392	345	374	345	317	301	317	340	295	244	242	262	178	174	142	145	214	141	158	129	70.7	70.8	88.5	102	140	161	146	174	126	144	179	158	130	133	128	106	119	135	152	118	124	176	103	111	119	86.9	88.3	91.2	90.3	68.7	59.8	47.1	53.7	52.4	47.6	49.9	60.3	52.4	61.1	68.2	54.7	38.9	34.5	38.9	43.1	45.7	42.1	40.5	42
185	178	178	199	223	238	221	234	207	226	261	210	236	256	270	286	319	357	321	362	323	274	261	231	253	276	296	231	192	186	208	156	130	115	111	126	146	118	178	181	131	144	234	232	265	290	386	351	330	318	344	399	325	309	312	314	302	277	295	259	252	219	174	155	189	140	167	203	114	121	129	83.1	74.9	79.6	97.9	147	162	138	144	109	138	139	160	173	204	139	110	128	120	121	135	117	98.9	94.7	108	123	103	98.3	99.2	96.2	71.6	59.6	54.7	53	54.7	53.5	40.8	64.1	50.4	54.4	58.4	44.7	36.3	34.4	32.1	40.4	47	40.7	41.1	47.2
183	195	187	206	202	248	222	218	205	252	255	226	248	234	228	296	327	307	283	303	283	301	280	298	347	277	268	229	210	174	190	197	149	117	104	160	173	135	161	201	167	184	300	261	300	303	338	324	334	319	347	328	324	302	310	303	311	278	283	268	245	201	203	182	208	147	163	165	109	114	128	86	75.3	72.7	102	156	158	144	140	118	164	183	161	145	166	139	123	142	113	129	131	115	105	113	111	145	141	129	126	87.9	83.9	86.3	107	68.4	51.2	47.8	39.2	58.4	54.7	54.6	47.4	37.5	37.2	43.3	38.9	47.4	43.9	43.9	48.1	53.5
226	251	249	227	232	249	239	259	275	240	225	300	324	271	283	279	243	245	262	266	268	267	297	330	399	328	339	267	234	246	206	208	188	198	171	294	343	231	242	280	272	288	346	390	356	337	363	346	367	341	326	294	257	225	230	246	206	182	160	193	186	187	170	187	159	181	194	143	129	132	127	86.8	110	124	157	191	179	154	148	171	204	257	264	170	151	150	124	102	120	125	122	105	101	123	128	184	155	182	178	170	147	126	97.9	46.3	46	48.7	19.5	26.6	25.6	27.1	24.7	26.3	31	34.1	30.3	35.3	45.2	48.2	45.4	39.4
178	196	224	232	244	245	273	302	236	225	226	348	272	283	328	261	229	235	272	263	256	258	307	318	346	301	309	256	245	207	201	199	194	200	197	333	286	224	254	239	290	312	302	306	393	394	382	354	344	312	290	300	226	217	212	249	201	196	159	191	194	173	216	249	246	161	172	153	143	118	158	121	109	99.6	81.1	159	169	177	157	178	205	173	193	145	154	163	158	108	123	136	115	110	144	127	145	201	238	190	190	198	176	156	107	74	70.3	48.4	26.6	29.1	30.3	18	15.9	20.4	27	28.5	31.8	36.8	33.8	27.6	29.4	32.4
187	227	261	245	252	286	334	312	239	221	250	321	303	322	305	270	232	265	298	271	259	247	263	275	273	266	284	233	245	249	222	212	209	227	215	325	237	227	235	241	266	322	327	304	350	444	405	385	360	309	268	231	189	183	181	150	163	219	214	210	184	156	178	193	185	176	236	189	149	104	124	104	131	93.6	99.7	165	166	190	182	172	183	161	166	146	193	190	183	140	122	118	100	102	94.1	114	128	220	270	259	207	196	205	170	131	101	53.9	38.3	19.2	15	17	11.4	11.5	16.1	18.8	19.5	19.7	31.3	33.8	26.8	23.5	34.9
218	265	223	251	297	317	320	264	210	209	253	301	276	283	298	268	249	285	312	265	266	256	268	281	240	252	276	260	271	289	244	215	220	229	220	288	249	221	222	251	255	272	329	327	333	362	399	374	373	317	275	210	214	192	196	165	145	167	222	293	241	184	182	212	202	206	246	112	203	117	206	129	116	91.9	94.9	153	157	175	190	183	214	238	176	148	178	173	175	148	133	124	107	115	125	124	138	231	308	280	281	187	168	156	163	68.8	38.9	26.6	16.6	8.31	11.3	10.8	16.3	20.5	17.9	19.8	15.8	21.5	25.5	22.9	23.2	33.9
216	215	240	272	264	289	279	255	270	268	263	256	232	273	307	222	227	250	249	241	276	279	279	245	234	232	251	278	305	282	262	264	225	222	205	242	173	111	99.3	143	193	217	392	400	349	327	374	289	312	309	292	337	291	216	206	205	196	199	233	218	164	150	160	216	163	181	343	195	153	141	171	104	94	69.4	53.3	111	147	140	152	210	260	269	253	187	200	200	216	147	127	144	142	116	127	130	155	160	183	154	168	169	145	136	132	165	161	186	190	158	161	171	181	12.7	10	12.5	6.06	11.6	12.3	16.1	9.27	22.5
179	208	213	219	233	262	254	256	273	238	240	246	190	234	284	224	218	244	226	240	275	280	276	264	258	236	238	261	290	275	235	216	272	220	187	200	153	121	125	157	191	235	284	307	305	267	274	210	254	267	305	318	266	214	255	204	193	188	228	188	155	157	141	166	149	172	260	237	119	108	146	115	82.9	67	68.6	170	165	128	159	207	257	275	267	197	214	224	216	162	160	161	152	154	160	139	165	178	242	200	187	143	154	148	148	177	184	179	189	157	165	169	168	2.55	3.15	3	3.81	6.81	12.7	10.6	13.2	24.1
175	203	212	225	199	210	245	242	223	195	213	247	253	223	245	258	201	212	236	242	256	272	323	285	249	248	237	335	301	297	253	223	204	222	218	212	156	172	170	222	259	261	269	292	260	224	226	219	256	283	347	273	256	219	148	194	186	193	215	141	117	126	105	152	159	263	266	168	122	108	96.1	81.6	94.1	69.1	70.4	130	152	142	174	219	251	290	277	210	231	233	234	179	194	199	196	182	144	156	211	207	212	175	162	172	176	163	194	175	239	200	191	190	166	165	150	3.33	3.78	3.81	4.14	9	14.4	14.5	17	22.3
173	201	245	237	175	189	232	196	191	183	206	220	205	199	219	218	188	205	287	266	273	296	300	276	267	235	231	298	294	318	232	192	229	231	234	190	190	208	175	335	324	270	265	274	276	237	303	232	274	277	303	304	266	256	126	180	244	195	175	123	110	112	103	164	142	170	227	201	117	107	104	144	166	91	61.6	161	133	127	158	204	287	290	275	227	240	254	267	248	231	254	245	206	205	214	251	240	241	199	183	180	161	199	229	203	203	195	210	272	192	200	181	31.6	5.16	5.64	5.16	5.88	7.83	14.1	13.3	29.3
163	196	229	180	157	178	217	194	167	154	174	206	223	211	184	164	185	217	268	218	230	254	257	288	258	238	226	203	315	260	253	247	242	262	266	163	134	155	218	316	317	276	244	309	302	197	284	287	285	284	331	434	328	284	274	195	217	166	193	90.1	118	107	108	157	126	143	215	160	77.3	95.6	124	111	86.2	82.3	79.2	81.5	90.7	65.6	66	133	163	215	223	237	268	321	370	286	289	282	332	260	225	239	227	167	158	164	139	123	133	167	175	206	228	238	248	249	230	259	180	194	160	110	105	92.5	89.9	85.9	88.2	30.5
155	175	198	154	157	147	169	184	167	133	160	141	168	152	166	129	158	224	243	194	205	238	242	246	219	218	227	190	224	203	209	212	206	241	246	235	203	254	224	259	269	313	293	312	224	216	227	303	234	262	312	390	445	297	319	177	152	204	180	102	82	109	155	171	136	121	118	97.1	73.2	104	108	110	96.6	81.3	99.5	63.2	62	57.9	66.4	121	142	166	197	265	256	272	321	255	241	247	275	287	238	173	213	182	191	168	192	182	127	142	178	209	222	231	259	279	248	248	186	180	176	133	125	92	88.5	87.8	87.5	20.5
149	144	162	151	152	145	161	157	150	139	133	96.6	108	132	154	150	171	220	178	182	209	235	242	227	211	212	212	188	195	199	202	197	179	216	191	272	293	240	206	269	291	247	265	296	192	197	239	314	242	273	307	425	332	395	309	175	172	330	199	105	145	86.2	88.5	117	124	121	127	77.8	97.5	85.1	66.8	88.3	77.2	69.2	91.6	61.9	55.5	53.8	57.9	116	130	160	189	208	292	317	303	243	207	218	219	244	177	143	156	170	187	168	163	153	207	157	203	229	222	229	249	256	248	251	214	179	158	142	118	107	107	85.8	88.2	30.4
141	135	127	124	137	160	147	128	148	113	109	94.7	104	120	161	179	183	155	159	174	209	252	233	225	222	210	193	192	207	205	212	157	208	175	221	255	285	199	237	249	247	241	257	276	250	310	241	253	222	225	336	405	293	328	385	247	226	236	198	108	94.5	70.8	110	100	101	97.4	97.2	82.5	64.2	54.8	55.7	80.6	79.3	74.9	68.9	57.6	52.1	50.6	55.6	113	132	157	187	229	231	307	291	237	234	234	194	195	173	185	197	200	133	176	159	133	166	178	211	232	212	214	232	259	237	256	192	195	163	132	121	106	111	130	109	126
114	118	117	88.1	101	127	122	141	176	142	132	157	150	171	204	197	191	142	131	116	182	209	177	186	178	198	181	204	191	180	200	174	184	205	208	237	268	271	219	247	257	254	220	249	267	249	209	192	188	151	171	170	155	168	194	166	174	164	174	124	101	93.1	101	119	99.4	111	111	70.7	65.6	60.8	54	77.6	70.4	65.1	87.4	73.7	50.8	66.7	71.8	112	116	136	163	175	183	241	232	228	260	275	280	263	218	264	293	175	134	187	129	150	138	167	188	172	188	166	190	200	178	175	165	185	179	150	132	130	120	130	143	159
113	124	121	86.3	88.2	102	109	146	150	143	159	159	159	159	162	140	137	116	127	121	122	136	175	198	190	200	192	193	185	179	178	165	167	197	209	226	211	308	213	213	220	227	208	242	208	216	192	175	149	130	144	189	196	165	163	156	164	154	152	115	93.1	83.8	86.3	95.4	94.8	117	121	78.9	93.5	81.1	64.4	82.8	72.4	68.3	69.9	66.6	50.5	56.6	65.2	102	123	127	150	153	186	206	223	201	213	241	253	244	175	189	237	158	119	95.3	124	171	143	172	170	147	139	158	135	155	157	155	145	170	169	145	138	133	131	140	136	150
104	93	104	92.8	105	108	99.5	149	168	182	192	145	145	150	163	154	120	113	119	118	102	101	158	189	191	195	197	174	181	164	167	156	152	163	174	210	178	234	254	225	174	174	185	241	207	161	154	178	153	140	152	188	182	161	152	135	147	141	144	118	94.5	84.8	105	96.9	93.8	94.5	133	101	100	97.6	81.6	104	78.9	72.1	80.7	68.3	53.1	50	61.4	100	107	129	150	183	202	207	217	261	201	204	230	195	153	211	219	175	91.9	79.7	99.3	178	151	135	152	162	118	115	117	145	130	133	132	156	147	158	135	123	123	115	120	163
104	99.2	103	88.7	97.1	111	112	155	179	170	180	156	153	161	184	139	126	129	131	112	91	92.5	116	177	211	203	195	166	165	153	179	165	158	158	162	151	137	199	260	192	172	176	162	195	168	155	154	146	144	133	134	180	144	132	138	120	104	126	132	124	121	144	99.6	95.1	97.3	96.3	113	96.3	94.7	91	75.5	107	95.5	67.5	65.2	86.2	70	53.1	56.4	106	113	137	144	179	206	196	211	197	247	213	197	155	167	152	161	166	84.2	71	73.7	134	133	145	130	133	102	99.6	108	120	117	105	111	128	145	152	139	121	128	110	121	155
84.4	87	88.3	103	108	128	115	113	122	131	147	153	160	164	161	128	120	132	126	104	108	124	156	165	216	177	165	151	126	128	123	135	128	132	134	127	112	117	150	145	141	147	152	169	179	183	178	153	152	144	137	130	110	93.5	71.5	84.9	81.7	83.7	95.5	102	108	126	98	87.3	96.7	100	93.8	97.9	119	135	118	100	92.6	75.7	70.2	92.1	83.6	80.1	79	99.1	112	107	108	168	168	160	199	199	175	229	167	156	148	110	88.3	73	55.8	51.3	54.3	91.4	99	122	141	78.2	37.7	29.7	43	78.9	106	83.2	49.6	98.3	98.4	114	110	108	106	113	116	117
79.8	75.3	85.9	98.6	104	111	103	104	116	128	138	137	151	145	153	122	116	115	130	103	116	126	145	139	157	169	149	118	112	109	108	119	118	115	130	120	102	107	149	138	164	131	129	147	186	211	180	149	157	161	135	110	104	97.1	85.7	89.9	91	83.2	89.9	79.7	87.8	84.9	108	107	98.1	104	95	108	100	104	102	94.8	89.5	86.9	79	87.1	94	87.1	83.4	97.2	115	99.8	109	154	126	126	156	213	144	201	153	104	95.7	71.5	66.5	44.8	44	38.7	44.9	83.3	80.3	93.1	93.9	26.9	41.8	30.5	25.9	45	92.9	36.1	41.2	91.1	89.6	74.4	80.4	88.2	93	99.2	92.2	99.7
82.3	80	82	98.5	104	113	100	87	112	122	108	125	130	129	139	118	130	129	138	102	122	131	137	123	136	156	142	123	119	125	115	116	111	120	164	111	92.5	106	130	128	139	150	137	144	156	185	177	147	139	148	142	124	117	112	96.1	86.7	81.9	75.2	74.7	79.8	83.3	87.3	131	152	101	105	88.4	93.3	95	90.6	100	104	102	124	96	96.3	94.2	90.9	80.7	106	88.4	97.4	108	121	120	117	152	132	108	95.7	115	76.4	67.8	70.1	56.2	41.1	34.9	36.6	36.4	64.5	65.9	68.3	64.7	30.5	31.2	36.9	13.9	23.4	33.9	64.5	66.4	77.9	76.7	64.6	61	74.9	78.8	84.2	86.5	88.5
86.1	83.3	92.4	99	101	107	99.4	83.8	87.6	90	96.7	120	132	122	125	106	143	132	124	104	120	129	157	124	130	135	134	131	164	148	126	122	109	118	141	104	106	111	148	120	122	135	140	141	159	181	152	149	144	145	188	143	141	129	101	77.4	69.5	69.2	68.2	86.3	81.1	109	143	121	112	98.4	84	101	88.7	99.4	119	113	101	101	90.4	102	83.2	85.1	83.3	92.4	74.5	80	87.3	123	111	135	146	101	97.6	88.1	89.1	67.2	142	55.3	48	34.5	32.5	33.8	34.4	56.7	57.7	48.5	50.2	28.7	19.4	26	11.9	28.5	19.3	27.7	77.2	56.4	54.9	52.5	54.1	78.9	69.9	69.8	66.6	72.6
77.4	68.6	72.8	74.4	92.7	92.4	80.1	104	103	97.9	102	84	90	72.3	76.4	144	173	166	150	146	146	136	148	133	127	105	105	108	118	106	75.4	110	90.6	81.9	81.1	91.3	93.7	102	106	123	123	121	132	142	161	158	147	144	127	166	168	119	114	108	90.5	82.9	78.8	84.7	90.5	82.6	80.1	83.2	93.1	79.1	85.6	80.5	70.6	71.3	64	66.4	99.5	84.6	71.2	77.2	84.8	55.7	35.4	39.6	46.8	42.9	31.1	26.6	26.6	39.8	58.1	50.2	41.5	50.3	44.3	46.1	85.8	52.7	60.7	39.9	30.4	38.6	46.1	56	74.9	42.2	37.1	47.9	62.8	46.6	39.6	34.2	16.3	27.5	29.2	34.2	52	63.1	72.5	66.7	71.4	88.6	106	89.8	86	60.3
63.4	64.5	68	62.4	60.9	69.2	82.1	109	110	105	89.1	67.7	58.5	64.4	70.6	128	129	140	128	121	119	126	117	106	91.6	93.4	93.7	99.9	94.9	68.7	66.8	101	101	82.8	88.8	88.9	104	99.2	101	120	121	122	136	133	162	163	141	146	128	135	139	103	90	103	75.5	92.2	89.2	80	105	87.5	81.9	74.3	75.1	63.8	71.9	68.3	57.8	59	59.7	55.5	87.5	80.1	70.2	79.8	89.9	62.7	29.2	33	42.8	44.6	41.9	31.2	19.2	39.3	39.4	35.5	40.4	33.9	72.6	55.6	53.4	52.3	42.1	30.8	23.9	30.4	72	45.1	53.4	38.6	55	56	61.6	36.2	37.3	31.9	15.7	24.1	24.6	30.9	31.9	46.8	55.8	57.9	59.2	72	83.8	77.9	67.2	49.1
75.6	59.5	68.3	62.2	61.1	67.5	73.8	104	107	120	91.6	58.4	53.8	59.7	68.6	89.3	85.3	138	130	107	106	126	113	114	87.4	67.8	73.7	83.9	70.5	63.5	53.6	85.5	87.6	78.7	93.4	91.7	96.5	92.6	98.5	112	110	117	125	140	140	132	139	142	130	133	121	95	90.3	75.4	72.7	81.6	84.3	89.9	114	112	89.6	74.7	72.9	58.2	55.6	49.6	42.3	42.6	46	45.6	59.6	90.1	73.8	64.6	64.6	31.6	30.5	42.6	33	29.7	52.4	32.8	27.7	49.6	44.4	46.7	35.4	25.8	43.6	35.6	54.3	43.7	41.6	22.8	26.3	29.9	116	60.1	41	32.6	45.4	39.3	35.1	56.1	40.3	14.7	14.7	22.3	30.3	31.4	32.8	42.5	45	51.8	53	65.1	73.9	67.9	64.5	44.6
64.1	57.2	68	61.3	58.3	67.2	72.3	92.3	103	109	89.3	58.2	60.1	55	68.7	89.3	82.5	97.8	129	99.8	124	108	131	137	78.4	57.5	77.3	79.9	61.5	51.3	54	78.9	70.7	64.5	71.7	77.7	74.5	68.4	94.3	112	100	117	126	126	157	127	125	136	126	120	110	102	86.4	69.8	70.3	77	86.5	98.8	132	105	82.9	76.7	68.7	60.7	59.4	43.7	41.2	39	39.1	40.3	49.4	78.5	54	67.1	68.4	28.5	33.2	35.5	28.8	25.4	41	47	55.6	92.2	86.2	53.7	46.3	11.6	18.7	37.6	45.3	37.8	34.8	24.9	37.7	29.1	32	33.5	31.3	43.2	24.9	74.4	47.7	48.3	38.7	26.5	20.6	33.3	50.6	27	105	39.8	33.4	37.1	46.8	63.5	63.5	61.3	61.6	43.3
40.2	43.7	62.6	40.7	40.9	45.4	55.2	50.1	46.8	94.1	55.4	87.2	72.6	72.4	106	98.6	80	91.3	98.1	113	111	85.9	92.3	88.3	91.3	78.1	72.5	60.5	48.3	52	42.7	55.2	40.2	47.7	58.6	48.4	54.4	59	62.7	79.9	89.7	104	109	118	122	101	88.7	103	95.7	101	124	87.1	73.8	63.4	81.5	87.7	101	100	119	108	91.3	77.4	85.1	73.7	59.8	41	38.6	53.2	75.2	63.6	43.7	43.5	50.5	56.5	52.1	32.7	53.1	30.1	37.4	30.3	49.1	64	42.5	110	136	92.6	102	77	55	93	62.5	24.9	31.5	38.1	46.4	42.2	46.2	20.7	18.1	52.1	18.7	64.2	55.5	16.1	19.1	19.9	20.9	23.4	21.7	17.5	82.2	28.1	13.5	17.3	18.4	29.9	30.3	29.2	29.5	18.8
38.3	39.4	45.3	37.9	34.5	47.1	54.6	35.8	33.6	43.3	114	77.5	61.5	71.5	73.7	78.8	70.3	77.7	88	104	91.8	86.4	86.6	69.9	89.2	85.5	87.5	64.6	47.2	43.5	45.1	40.3	39.6	50.9	55.7	67.3	42	55.1	64.8	78.1	94	98.9	91.6	93.5	97	96	70.2	84.2	76.5	62.7	106	79.5	78.7	62	76.2	79.4	78.8	89	102	102	82.8	59.3	54.7	42	46.6	33.7	33.7	33	47.9	64.5	45.7	49.1	40.8	62.6	44.7	33.4	59.5	90.2	62.8	50.4	47.3	31.4	33.5	70.2	120	78.3	74.5	112	67.6	77.7	57.5	24.3	20.5	22.7	68.9	95.1	37.1	21.3	17.5	12.5	21.3	67	23.1	13.1	23.4	18.8	19.7	32.1	46.6	13.2	18.6	13.1	9.47	9.6	10.2	24.4	45.8	25.4	16.5	5.6
40.3	40.4	49.3	39.9	29.9	34.1	30.1	27.9	26.9	38.1	101	66.7	64.1	63.6	72.7	68.9	67.1	72.3	84.8	67.9	79.3	97.9	80.1	64.9	43	104	81.8	57.5	60.8	36	28.8	28.9	40.7	54.3	60.7	61.6	47	44.7	48.1	43.1	67.3	81.3	81.3	82	82.8	73.4	59.7	60.6	59.8	61.1	81.4	59	69.7	88.8	102	84.9	71.4	69.4	82.5	91.7	74.7	65.5	65	41.6	46.6	70	50.6	36	37.1	59.8	47	34.2	74.2	50.3	47.5	28.3	27	45.3	60.2	35.9	37.1	24.7	32.6	74.9	94.7	91.8	69.7	97.7	91.3	70.9	72	25.2	56.3	55.3	57.6	57.6	19.9	32.3	27.1	36.5	26.1	65.8	44.2	10.4	22.6	15.5	17	15.6	35.1	16.9	7.28	8.06	10.9	7.56	10.7	28.1	28.7	17.7	15.8	4.27
42.4	37.9	60.4	76.6	30.3	36.1	30.3	28.4	25.5	33.4	35.6	52.6	55.5	59.7	65.5	66.9	84.7	82.6	85.9	71.2	83.7	99.8	77.1	59.6	68.1	84.5	55.1	40.7	51.4	39.7	30	21.9	38	46.1	47.1	48	39.9	43.5	37.7	34.4	48.1	44.8	49.9	67.3	61.8	53.9	43.9	42	51.1	54.5	52.1	54.1	60.9	56.1	73.5	115	60.8	69.1	102	91.6	73	70.9	43.1	48.9	73.8	43.3	28.2	27.6	47.4	77.5	55.8	42.4	57.7	41.6	34	25.5	27.4	80	33.6	21.1	31.2	26.7	31.5	71.4	69.3	104	101	163	115	96.7	71.9	34.2	34.2	43.5	21.3	20.5	16.7	17.4	27.3	17.4	16.2	36.4	9.65	8.87	22.2	23.3	14.8	15.6	13.4	6.27	10.3	7.08	9.96	6.82	6.67	16.8	22	15.6	13.5	9.05
37.5	35.4	42.4	40	39.3	30.2	16.6	24.6	34.2	36.8	49.3	43.3	31.6	31.6	40.1	34.3	61.7	52.7	52.8	88	99.4	97.4	77.1	36.4	42.5	30.2	18.3	20.2	39.2	24.7	17.4	26.2	36.1	43.7	46.3	42.9	37.2	45.7	27	21.8	21.1	28	30.7	41.3	38.2	30.1	22.6	28.8	37.7	26.6	36.3	28.6	28.5	33.4	33.2	38.2	31.2	28.7	48.6	114	84.3	65	62.3	74.3	54.1	28.4	20.2	28	71.1	86.5	84.4	67.2	37.8	28.4	13.3	1.29	25.9	75.8	15	5.07	14.2	12	14.4	33.5	66.8	54	95.5	107	97.4	128	86.8	109	103	128	66.7	32.1	22.9	14.5	30.8	26.7	13	14.3	10.9	4.1	9.86	6.9	3.47	7.22	6.67	4.95	8.39	15.8	16.3	24.7	24.9	14.4	24.5	24.6	11.5	14.2
30	25.3	27.1	29.3	29	23.4	13.5	15.5	18.2	23	31.6	28.4	23.2	24.8	31.4	31.3	50.4	54.5	51.7	81.8	86.2	76.4	75.6	41.3	42.3	27	22.1	22.2	44.4	33.2	24.3	22.2	24.2	36.1	26.8	27.2	24.5	29.6	21.8	21.9	24.3	26.8	25.6	31.5	34	19.1	18.2	28.1	33.3	14.2	20.5	20.8	25.5	25.7	25.7	23.1	8.53	34	35.9	119	77.3	67.3	60.8	53.1	37.6	20.3	18	24.3	86.7	47.9	45	38.9	27	23.2	26	15.9	64.6	15	19.7	7.05	6.9	12.3	6.34	15.8	26	33	45.3	78.6	64.3	83.2	69.8	126	78.2	58.7	57.4	28.8	26.2	22.6	16.9	15.9	8.3	7.25	12.9	3.26	2.81	2.58	2.6	5.31	3.6	6.9	4.05	14.3	14.8	22.9	23	18.6	15.2	17.5	7.56	3.11
28.2	24.1	24.3	21.5	17.1	18.6	15.3	22.4	36.8	16	21.5	23.4	24.4	24.6	28.6	30.1	32.1	40	133	121	89	125	83.7	44.6	40.7	20	33.4	32	50.9	68.3	26	31.3	17.2	15.1	13.3	14.4	17.7	23	13.2	12.3	13	14.9	22.6	18.9	23.3	16	15.3	20.2	20.9	13	12.6	17.2	22.1	23.4	26	13.1	19.2	35.2	36.5	84.7	94.9	68.1	67.3	50.8	47.3	47.3	12.6	18.5	22	27.8	31.5	20.3	20.5	16.4	48.6	17.3	6.9	7.25	5.91	6.28	9.42	3.04	4.13	8.84	15.4	16.7	24.8	50.4	52.9	73.2	96.2	69	97.2	89.8	70.4	43.5	31.8	71.7	22.1	18.5	10.1	6.11	5.18	2.58	2.15	1.94	1.96	2.77	2.79	3.02	3.45	13.3	13.8	21.6	21.6	14.6	13.4	10.3	9.02	2.9
22.7	22.2	23.5	18.8	18	17.1	16.2	18.9	15.3	15.3	28.7	34.1	22.8	23.3	27.7	34.3	33.4	34.9	59.1	117	91.3	108	68	42	45.4	17.6	12.1	13	38.2	36.5	14.6	33.5	18.4	17.1	20.3	16.1	13.3	18.4	11.6	11	11.5	16.1	17.8	14.8	18.7	14.7	14	13.2	13.2	12.8	23	19	16.8	20	20.6	8.46	10.8	20.7	23.7	143	112	86.3	85.3	50.7	59.3	105	77.3	21.5	22.2	20.8	23.1	16.2	20.8	34.7	40	14.5	5.79	4.54	0.878	0.9	6.75	6.53	0.724	7.27	17.1	9.53	17.3	50.3	47.7	67.2	67.2	59.9	72.2	84.5	72.5	48.2	39.6	41.8	36.5	20.9	15.7	4.91	4.14	2.06	1.71	1.57	1.63	2.36	2.45	2.75	7	16.3	13.1	20.4	20.5	12.1	11.1	10.3	7.09	3.01
27.1	26.9	32.9	41.1	35.8	35.5	38.4	24.6	22.2	19.9	24.1	27.7	26.5	27.3	29.2	51.2	53.7	55.5	56.2	45.3	57.1	52.6	40.3	9.08	70.9	26.8	15.5	3.34	8.5	10.6	2.41	14.3	18.4	10.8	26.8	27.4	16.2	16.6	17.4	16.7	17.1	22.7	18.4	16.5	17.1	19.2	20.4	2.15	2.89	2.25	2.45	5.27	6.32	6.73	7.24	20.2	21.7	25.6	29.2	67.6	95.5	74.1	62.9	50.4	60.4	125	134	67.4	56	51.7	48.6	31.5	24.4	21.2	22.5	0.881	4.78	0.81	0.779	0.577	0.553	0.514	0.449	13	14.1	15.4	11.8	14	16.4	21.8	23	17.1	24.2	31.8	31	43.9	58.3	85	43.5	33.4	23.8	18.4	5.03	2.6	1.42	0.889	0.969	2.44	1.49	1.75	2.18	1.3	1.5	1.57	3.35	7.66	7.58	7.28	6.49	4.79
22.6	22.2	26.9	40.9	36.6	34.5	33.1	17.6	17.7	17.4	18.8	21.2	32.9	28.9	27	44	45.6	49.8	51.1	29.6	31.4	35.4	42.8	16.6	32.5	12.5	8.86	3.27	5.82	6.24	17.2	63.7	12.2	9.05	9.24	21.1	16.4	15	19	17.7	17.3	20.4	15.7	14	14.5	15.1	17.7	3.69	2.65	2.16	2.17	2.16	18	2.81	3.96	18.2	19.8	24.3	25	43.6	52.8	66.7	76	59.1	52.2	77	75.8	57.2	57.7	50.1	48.9	31.7	19.6	20.1	21.1	0.587	1.32	0.548	0.508	0.358	0.327	0.292	0.254	4.48	4.63	12.7	21.3	12.5	18.4	6.99	14.3	7.48	10	18.6	20.1	33.4	34	66.6	31	24.1	18.8	12.2	8.52	0.727	0.603	0.602	1.62	2.12	1.25	1.57	2.04	1.27	1.49	3.34	1.6	7.35	7.34	7.08	6.31	6.05
18.7	19.6	26.2	34.8	35.9	34.7	31.7	16.7	16.5	17.3	18	19.3	24	32.5	29.5	42.7	42.7	52.2	51.9	48.2	29.5	29.1	32.8	25.4	40.6	30.4	9.19	3.19	12.7	11.5	2.27	21.5	21.7	13.6	9.58	24.7	18.5	14.5	14.7	14.2	16	14.2	14.6	13.4	13.2	13.3	14.2	1.86	1.98	2.06	2.09	1.7	16.4	14.6	2.18	13	18.2	20.3	22	33.9	33.3	40.5	64.9	41.2	45.1	56.3	52.4	80.5	102	59.4	72.5	44.5	15.9	19.7	14	6.14	0.441	0.463	0.325	0.212	0.181	0.152	0.131	5.96	4.51	12.5	12.4	12	5.07	5.92	8.6	4.87	6.5	12.8	11.4	15.7	18.8	46.3	45.6	19.4	13.9	10.5	7.42	0.71	0.862	2.21	0.607	1.01	1.22	1.59	2.12	1.33	1.58	1.69	1.68	7.31	7.35	7.1	6.31	6.15
16.6	17	18.7	33.2	32.2	34.2	31.8	20.2	17.6	17.1	23.7	16.5	18.5	21.9	27.5	45.9	40.5	47.1	47.9	48.3	27.4	27.8	32.7	20.6	62.4	102	24.5	7.3	13.3	15	2.24	23.4	18.2	9.4	13.2	22.3	23.3	13.8	13.9	13.3	13.3	13.5	13.7	12.8	12.6	12.6	12.8	1.69	1.79	17.8	1.97	1.67	1.68	1.71	19.1	4.95	17.3	21.7	20.6	28.5	28.4	28.5	42.1	21.3	25.4	38.6	40.2	61.4	70.7	51.5	43.7	17.2	11	6.44	4.17	0.319	0.393	3.48	0.421	0.201	0.132	0.112	0.0977	4.27	4.27	4.18	4.19	1.13	1.12	4.03	6.62	1.72	3.01	4.26	4.31	10.6	10.6	18.4	19.4	19.7	12.9	9.9	7.27	0.762	0.373	0.448	0.646	1.12	1.38	1.8	2.37	1.47	1.74	1.85	1.87	5.93	5.96	7.57	6.73	7.73
20.4	15.8	15.8	16.6	16.9	24.1	25.3	17.3	18.5	20.6	27.5	25.8	28.9	33.2	45.9	46.8	41.7	41.8	46	49.6	44.6	43.1	45.6	40.5	52.5	104	50.3	20.6	18.9	14.5	11.2	20.3	18.6	7.27	7.83	18.9	19	12.5	12.6	12.7	12.7	12.8	13	13.8	11.6	12.9	30.8	17.8	1.2	1.29	1.37	1.26	1.33	1.35	1.32	1.07	1.35	1.28	1.64	7.64	18.4	18.9	23.9	10.2	7.82	8.36	14.3	19.1	15.2	14.6	14.5	3.97	1.73	1.42	1.35	0.0576	0.0531	8.52	0.0417	0.0129	0.0106	0.00891	0.0452	10.1	9.59	9.25	9.01	0.125	0.14	2.21	2.25	8.58	9.01	7.82	5.14	0.828	0.76	2.8	4.27	6.24	6.88	7.98	10.6	3.74	1.87	8.54	4.19	1.56	1.96	2.56	3.32	7.32	5.7	6.14	6.16	8.61	8.65	8.03	6.73	5.82
24.6	18	15.8	12.5	21.3	21.9	21.8	15.8	18.5	18.1	24.2	26.9	25.9	28.9	32.6	49	51.3	47.9	51.1	44.5	43.9	43	42.9	42.7	44.4	41.8	43.3	20.3	16.9	14	12.5	20.1	18.4	7.17	7.84	16.1	24.4	11.6	11.9	11.6	11.7	11.7	11.8	10.9	10.7	10.4	20.9	21.5	2.44	1.98	1.6	1.19	1.28	9.03	1.27	0.823	0.798	1.22	1.09	3.23	4.3	4.91	12.2	4.77	5.66	8.24	8.35	8.52	7.09	9.8	12.2	0.993	5.46	5.28	0.641	0.0262	0.0232	11.3	15.5	9.61	0.00396	0.00337	0.00329	6.31	8.42	8.16	7.9	0.0744	0.0855	0.669	1.84	5.01	4.81	4.9	1.04	0.585	0.582	2.94	3.04	6.72	5.94	6.78	6.54	2.73	1.94	4.5	1.98	1.7	2.16	2.82	3.64	5.25	8.25	6.69	6.74	9.42	9.49	8.87	7.42	6.5
15.7	16	16	20.4	19.3	19	20.6	15.1	14.9	18.4	20.9	24	27	27.7	32.9	59.1	53.7	55.9	57.8	44.9	43.9	42.9	46.8	42.5	35.7	34	30.7	20.1	16.6	13.8	12.3	20.7	18.4	7.34	8	10.9	10.8	12.4	10.9	11	17.3	11.1	11.2	10.6	10.5	10.3	10.6	4.87	18.5	3.7	3.43	2.39	1.8	1.77	1.14	0.737	0.698	1.14	1.02	0.248	4.66	0.533	3.7	3.76	4.67	5.69	6.26	4.12	3.41	1.35	1.24	5.02	5.25	4.99	0.241	0.00886	0.00663	0.0427	6.86	7.8	0.0677	0.000534	0.0323	5.01	4.45	4.11	3.61	0.0472	0.0551	0.0591	1.62	5.99	5.69	1.36	2.56	3.69	3.6	4.63	0.308	3.19	4.52	5.06	4.76	2.79	2.17	1.55	1.54	1.76	2.26	2.93	3.76	5.41	6.37	6.86	9.41	9.67	9.78	9.08	7.62	6.68
16.6	18.1	19.8	21.7	19.3	18.9	18	18.5	13.8	14.7	18.6	30.1	35.8	28.1	29.6	61.7	62.1	64.3	67.6	50.9	50.1	47.6	45.4	38.3	36.3	34	32.1	19.8	16.3	13.4	10.2	21.7	18.4	13.7	7.85	10.3	10.3	10.4	10.5	20.4	10.7	10.8	10.9	10.6	10.6	10.4	10.5	6.18	5.52	5.48	5.43	3.84	3.19	3.36	1.54	0.605	0.568	1.05	0.944	0.195	0.124	0.0769	0.057	2.89	3.77	4.78	5.22	5.32	3.8	2.93	4.19	0.505	0.22	0.206	0.173	0.00634	0.00479	0.00358	0.00274	0.000702	0.000408	0.000407	0.000702	4.74	4.19	3.87	3.38	4.11	3.96	0.0545	0.506	5.57	4.29	1.87	4.98	1.79	1.62	1.4	0.265	2.33	2.8	3.1	3.58	2.86	2.05	1.67	1.58	1.73	2.25	2.91	3.72	5.31	6.21	6.67	10.4	11.5	9.46	8.74	7.26	6.32
13.5	16.6	15.7	20.8	19.1	17.8	17.6	13.3	8.66	11.3	12.7	20.7	25.5	37.6	52.8	42.4	44	48.6	58.5	59	60.7	61.1	60.9	53.4	51.1	47.1	42.7	27.6	24.3	22	19.3	11.5	9.91	9.55	7.36	9.15	9.23	9.41	9.56	9.96	10.2	19.3	10.4	10.8	10.9	10.6	10.6	7.13	6.44	5.95	5.5	12	3.88	3.26	2.22	1.21	0.427	0.372	3.88	5.84	0.0342	0.0196	0.0144	0.0237	0.01	0.151	0.857	2.08	1.85	2.07	8.78	6.19	1.6	1.13	0.387	0	0	0	0	0	0	0	0	0.00556	0.0073	0.01	0.0137	3.03	0.0733	0.079	0.0975	2.85	2.71	2.67	3.73	2.18	1.08	1.02	0.699	1.44	2	2.27	2.7	4.04	4.09	4.34	6.19	0.893	0.863	1.12	1.39	5.28	6.14	6.58	6.6	12.5	9.2	8.48	7.01	6.32
11.3	11.9	16.6	25.2	18.7	16.8	14.2	9.26	8.23	14.1	13.6	19.1	25.1	41.8	39.7	37.4	38.7	42.3	48.6	49.2	50.3	50.9	52.8	48.3	46.7	43.3	40	25	21.3	18.8	16.7	10.6	8.73	7.19	7.03	8.42	8.53	8.74	10.9	9.56	34.1	19.3	10.1	10.5	10.7	10.3	10.2	7.76	7.07	6.51	5.99	5.15	4.5	3.88	2.89	2.04	1.18	0.593	0.18	0.0322	0.017	0.00818	0.00596	0.00976	0.00407	0.181	0.149	0.591	0.584	0.564	0.841	1.65	1.03	0.426	0	0	0	0	0	3.3	0	0	0	0.00401	0.00547	0.00804	0.745	0.0541	0.0668	0.0723	0.089	2.56	2.5	2.37	3.43	1.74	1.54	0.893	0.437	1.18	1.06	1.61	2.93	4.17	4.25	4.5	5.68	2.48	0.857	1.09	1.36	5.15	5.98	6.4	6.39	10.5	8.84	8.13	6.71	5.09
15	11.9	15.7	19.4	13.4	13.1	19.1	10.1	12.4	37	14.1	17.4	20.9	27.7	34.1	34.2	34.3	36.8	42.6	43.5	44.6	48.5	52	48	41.5	38.2	33.1	22.1	19.3	17.2	15.5	9.48	5.96	6.22	6.9	7.8	7.94	8.2	8.45	9.06	18.8	18.8	9.72	10.1	10.3	9.94	9.66	7.91	7.17	6.6	6.11	5.3	4.66	4.03	3.12	2.37	1.67	1.13	9.63	0.171	0.00808	0.00273	0.00197	0.00318	0.00126	0.153	0.149	0	0	0	0	1.07	0.789	0	0	0	0	0	0	0	0	0	0	0.00285	3.76	6.46	0.12	0.0458	0.0577	0.0627	0.0777	2.37	2.22	2.16	3.15	1.55	1.41	1.23	1.04	0.936	0.829	0.951	1.09	3.16	3.22	3.96	5.19	0.808	2.45	0.992	1.28	4.75	5.4	5.78	5.77	7.9	9.88	7.33	8.75	4.65
15.3	17.2	15.1	17.2	12.5	11.5	19.2	12.6	9.96	12.7	9.84	17.8	21	26.3	29.2	30.1	30.4	32.3	37.1	38.2	39.4	40.4	45.8	42.5	34.8	35	30	20.1	17.5	15.7	14.1	6.64	5.29	5.31	6.08	7.42	7.63	7.91	11.4	8.66	14	9.14	9.3	9.64	9.84	13.1	9.14	7.65	6.91	6.35	5.84	5.02	4.32	3.7	2.9	2.3	1.78	1.27	0.86	0.392	0.00771	0.00335	0.00244	0.00397	0.158	0.152	0.148	0	0	0	0	0.792	0	0	0	0	0	0	0	0	0	0.0164	0	0.124	0.235	0.225	0.214	0.0363	0.0459	0.0502	0.0638	2.51	2.39	2.24	3.1	1.37	1.25	1.18	0.947	0.475	1.2	0.785	0.904	2.95	2.99	3.14	4.1	4.82	5.96	0.799	1.16	5.61	4.52	4.72	4.7	6.38	6.42	6.08	7.29	3.95
19.8	16.8	15.7	9.54	5.46	5.92	15.4	3.78	14.1	8.77	5.24	12.8	12.6	8.63	10.6	19	20.2	20.9	20.8	22.5	23.1	22.9	22.7	29.6	29.7	28.8	23.7	16.4	13.6	11.6	10.5	7.87	7.18	7.57	7.63	8.87	15.1	13	14.4	17.5	26.3	19.7	11.4	8.85	8.98	10.6	8.07	7.36	6.63	6.08	5.56	4.61	3.87	3.25	2.57	2.09	1.73	1.14	0.74	0.327	0.035	0.0193	0.014	0.0267	0.0109	0.00262	0.00187	0	0	0	0	0	0	0.0894	0.139	0	0	0	0	0	0	0	0	0.128	0.201	0.189	0.282	0.0559	0.0465	0.0351	0.034	0.0289	0.028	0.602	0.0245	0.118	0.424	0.0966	0.087	0.0428	0.0373	0.326	0.0407	0.671	0.715	0.88	1	0.246	5.88	2.12	0.56	3.3	5.18	3.88	3.84	4.33	5.96	4.13	4.98	6.18
28.9	19	12.1	8.56	11.3	11	9.19	3.2	2.62	8.97	2.81	4.99	6.07	6.97	8.57	20.9	17.5	17.9	18.8	20.3	20.3	20.3	20.2	25.7	25.7	23.9	21.2	14.8	11.7	10.1	8.42	7.22	6.69	7.37	7.35	8.55	9.14	11.8	9.85	7.53	23	41.4	22.4	8.45	8.29	7.85	7.51	6.86	6.17	5.7	6.14	4.29	3.51	2.91	2.25	1.8	1.29	0.883	0.564	0.101	0.0334	0.0223	0.0163	0.031	0.0127	0.00321	0.0023	0	0	1.27	1.24	0	0	0	0	0	0	0	0	0	0	0	0.559	0.000201	0.0338	0.079	0.145	0.0158	0.0208	0.023	0.0221	0.0186	0.0177	0.0166	0.015	0.0703	0.0617	0.0537	0.0467	0.0219	0.0179	0.017	0.0192	0.01	0.011	0.126	0.176	0.153	0.207	0.281	0.373	2.08	2.67	2.64	4.3	4.19	4.52	4.24	2.55	2.71
26.1	18.9	9.57	6.99	8.89	8.65	8.49	7.01	4.45	8.33	4.38	27	11	5.5	7.27	15.3	15.9	16.5	17.4	17.9	18.3	18.6	18.5	23.5	23.5	22	19	12.5	10.3	8.08	7.52	6.61	6.31	7.33	7.98	8.16	8.67	13.9	22.5	7.06	7.27	14.4	20.4	8.07	10.6	9.85	6.96	6.43	5.85	5.35	4.91	4.26	3.57	3.01	2.36	1.93	1.44	1.04	0.691	0.322	0.0911	0.0257	0.0189	0.036	0.0155	0.00454	0.00324	0	0	0.0188	0	0	0.00889	0	0	0	0	0	0.00932	0	0	0.00933	0	2.65	0.104	0.000281	0.000669	0.00972	0.0132	1.04	0.934	0.0116	0.0111	0.0102	0.00904	0.0407	0.0342	0.0284	0.0232	0.01	0.00714	0.00624	0.00728	0.00391	0.00437	0.115	0.157	0.399	0.126	0.177	0.244	1.38	1.67	1.78	1.71	1.86	1.9	3.32	1.83	3.78
13.8	10.2	11	11	10.2	2.7	6.99	1.74	4.61	5.29	7.01	27.4	18.8	4.3	5.61	13.9	14.7	14.9	15.6	16.1	16.5	16.7	16.5	21.1	20.8	19.2	16.5	10.7	8.35	7.06	6.66	6.1	5.65	10.7	6.36	7.48	7.91	13.8	13.2	15.5	6.36	6.48	6.48	6.54	6.54	6.7	6.21	6.36	5.32	4.89	4.53	6.48	9.92	7.24	21.8	2.29	1.87	1.57	1.2	0.865	0.565	0.354	0.117	0.0421	0.0191	0.0354	0.00467	0	0	0	0	0	0	0	0	0	0	0	0	0	0	0	0.0284	2.09	5.42e-05	0.000201	0.000478	0.00693	0.00946	0.0105	0.0452	0.00829	0.00793	0.00734	0.00644	0.029	0.0274	0.0202	0.226	0.00715	0.00511	0.00445	0.00519	0.0965	0.103	0.222	0.253	4.54	0.78	0.495	0.177	1.18	1.21	1.29	1.25	1.35	1.43	1.51	1.52	4.1
8.5	9.21	13.7	13.8	7.57	6.42	6.49	9.42	7.77	7.91	10.9	17.5	20.2	19	14.5	17.3	17.3	17.9	18.7	15.3	15.7	15.7	15.2	13.9	13.6	12.6	10.7	6.31	4.89	4.03	3.76	5.44	5.07	4.41	4.86	4.79	5.17	6.26	5.73	9.2	9.5	6.95	15.1	8.92	5.57	5.37	5.22	4.62	6.79	3.92	3.65	3.58	3.26	2.95	4.49	2.4	2.1	1.83	1.55	1.22	0.963	0.76	0.535	0.229	0.0431	0.0165	0.0117	0.0252	0	0	0	0	0	0	0	0	0	0	0	0	0	0	0	0	0	0.0467	0.0784	0	0	0	0	0	0	0	0	0	0	0	0	0	0	0	0	0	0	0.0782	0.141	1.45	1.85	2	2.37	1.12	1.22	1.38	1.49	1.09	0.344	0.541	0.731	1.16
10.5	10.7	13.2	6.7	4.44	7.43	7.11	8.96	8.42	8.6	11.2	9.69	10	13.6	14.8	16.9	15.2	15.2	15.7	13.8	14.1	14	13.6	12.4	11.9	10.8	9.14	5.36	4.02	3.26	3.12	3.79	3.6	3.66	4.08	3.95	4.35	4.67	11.3	5.68	5.99	6.1	20.1	6.93	4.71	4.57	4.43	3.83	3.56	3.34	3.17	5.07	2.99	2.8	2.55	2.45	2.25	2.1	1.78	1.58	1.35	1.16	0.954	0.539	0.313	0.116	0.0145	0	0	0	0	0	0	0	0	0	0	0	0	0	0	0	0	0	0	0	0.0355	0	0	0	0.957	0.316	0	0	0.00545	0	0	0	0	0.249	0.551	0.365	0	0.406	0.106	0.195	0.207	1.55	1.96	2.2	2.42	1.09	1.23	1.28	1.4	0.0709	0.236	0.443	0.665	1.05
5.9	15	18.2	12.8	4.73	7.81	9.74	9.35	8.1	9.89	16.5	15.5	13.3	12.5	12.8	15	13.4	13.5	13.9	12.8	13	12.9	11.1	11.2	10.8	9.64	8.01	4.68	3.41	2.71	2.61	5.82	3.06	2.98	3.36	3.27	3.66	3.96	3.96	4.95	5.13	5.21	5.18	3.78	8.29	3.73	3.65	3.17	3.01	2.86	2.74	11.9	2.67	2.57	3.45	2.37	2.27	2.55	6.59	1.64	1.43	1.23	1	0.534	0.328	0.14	0.0165	0	0	0	0	0	0	0	0	0	0	0	0	0	0	0	0	0	0	0	0	0	0	0	0	0	0	0	0	0	0	0	0	0.346	1.23	0	0	0.571	0.256	0.232	0.277	1.59	2.86	2.26	2.46	1.31	1.36	1.23	1.33	0.0174	0.629	0.38	0.635	1.07
6.02	8.22	21.9	15.3	11.8	17.2	13.6	10.2	7.68	7.7	8.4	17.1	9.15	12.8	11.1	12.9	11.9	12	12.3	12.1	12.3	11	10.3	10.4	9.87	8.87	7.33	4.37	3.06	2.36	2.24	5.21	2.49	2.4	2.72	2.7	3.05	3.32	3.32	4.36	4.33	4.33	4.29	2.88	6.07	2.87	12.8	5.07	2.52	2.44	2.33	2.38	5.54	2.24	2.11	2.1	1.99	1.85	1.6	1.32	1.11	0.883	0.62	0.299	0.0946	0.0247	0.0176	0	0	0	0	0	0	0	0	0	0	0	0	0	0	0	0	0	0	0	0	0	0	0	0	0	0	0	0	0	0.0309	0	0	0	0	0	0	0.849	0.279	0.29	0.606	4.46	5.37	5.48	2.34	2.13	2.25	1.49	1.61	0.0228	0.631	0.38	0.649	1.73
7.98	8.69	11.3	16	13.9	14.5	14.1	24.1	24.3	26.2	33.1	32	32.3	33	34.6	18.4	16.2	15.9	15.7	13.1	13.2	12.7	12	9.11	8.7	7.79	6.36	3.34	2.34	1.73	1.59	2.26	2	1.95	2.07	1.95	2.1	2.22	2.2	2.42	2.36	2.32	3.03	2.08	2.14	2.12	4.75	5.96	5.95	4.53	4.43	2.07	2.02	2.02	1.86	1.85	1.76	1.61	1.4	1.02	0.821	0.568	0.275	0.138	0.0719	0.0338	0.0241	0	0	0	0	0	0	0	0	0	0	0	0	0	0	0.00326	0	0	0	0	0	0	0	0	0.0164	0.123	0.0927	0.0926	0.0926	0	0.0142	0	0	0	0	0	0	0.401	0.101	0.139	0.873	2.86	0.578	1.35	1.16	0.617	0.672	0.775	1.01	0.856	0.352	0.485	0.863	2.12
7.42	8.31	9.66	13.3	12.6	12.8	13.3	23.2	26.4	29.9	32	32.5	32.8	33.3	34.4	19.5	16.4	17.7	15.4	12.7	12.5	11.9	11.4	8.45	8.04	7.13	5.79	2.99	2.01	2.92	1.25	1.77	1.49	1.39	1.41	1.23	1.37	1.88	1.5	1.68	1.66	1.64	1.62	1.16	1.23	1.26	1.37	3.99	4.08	5.51	4.06	1.73	1.71	1.68	1.58	5.2	1.5	1.36	1.18	0.702	0.511	0.256	0.075	0.137	0.0732	0.0359	0.0257	0	0	0	0	0	0	0.161	0.4	0.164	0	0	0	0	0	0	0.0748	0	0	0	0	0	0	0	0	0.16	0.16	0.16	0.159	0	0	0	0	0	0	0	0.00915	0.0646	0.0928	0.127	0.149	0.517	1.28	0.726	1.12	0.557	0.674	0.781	0.945	0.921	0.585	0.518	0.951	1.48
8.24	9.31	9.71	11.9	12.1	12.3	12.7	25.2	27.4	44.7	40.1	39.6	39.1	43.5	37.6	20.9	18	18.7	16.4	13.7	12.4	11.8	11.3	8.26	7.86	7.07	5.76	3.1	2.18	2.83	1.18	3.46	1.7	1.07	1.09	0.803	0.933	1.05	1.09	1.23	1.24	1.23	1.22	0.525	0.599	0.638	0.758	3.52	3.61	3.7	3.68	1.39	1.39	1.39	4.26	5.13	1.23	1.09	0.92	0.372	0.188	0.0905	0.0693	0.128	0.0688	0.0345	0.0354	0	0	0	0	0	0	0	0.00984	0	0	0	0	0	0	0	0	0	0	0	0	0	0	0	0	0.243	0.243	0.243	0.243	0	0	0.00404	0	0	0	0	0	0.0452	0.0835	0.115	0.118	0.227	0.213	0.761	0.504	0.681	0.617	0.732	0.973	0.958	1.01	0.646	0.979	1.53
9.42	10.6	10.4	12.3	12.2	12.1	12.7	23.3	27.7	46.7	49.3	43.8	38.1	51.2	52.1	27	20.8	19.8	32.8	16.6	14	14.7	12.1	8.59	8.25	7.45	6.19	4.12	3.3	4.1	2.44	1.69	1.16	0.967	0.99	0.672	0.782	3.98	0.943	1.06	1.07	1.05	1.06	0.236	0.238	0.24	0.439	3.17	3.26	3.36	3.36	1.09	1.1	1.12	1.02	1.04	0.972	0.852	0.693	0.141	0.0969	0.0772	0.0588	0.109	0.0587	0.0295	0.0211	0	0.00535	0	0	0	0	0	0	0.185	0	0	0	0	0	0	0	0	0.0034	0.0034	0	0	0	0	0	0.358	0.343	0.292	0.292	0	0	0	0	0	0	0	0	0.0405	0.0557	0.102	0.381	0.355	0.875	1.09	1.11	0.806	0.954	0.962	1.03	1	1.09	0.86	0.943	1.48
10.7	10.9	12.3	23	11.2	8.99	7.76	12.2	13.2	26.9	43.4	46.6	42.9	35.1	36.1	25.7	23.7	33	29.9	23.7	21.2	22.4	19.2	11.7	11.2	10.3	8.99	8.96	7.62	7.77	6.3	1	0.537	0.342	3.27	0.727	0.78	6.85	2.63	1.3	2.41	1.46	1.45	0.898	0.309	0.312	0.319	0.868	0.888	23.8	6.94	1.19	1.2	1.2	1.1	0.955	0.862	0.742	0.623	0.367	0.3	0.239	0.182	0.109	0.059	0.0297	0.0213	0	0	0	0	0	0	0	0	0.164	0.226	0.144	0.144	0.00156	0.00219	0.00249	0.00245	0.031	0.031	0.0467	0.122	0.0229	0.0374	0.0586	0.108	0.377	0.392	0.425	0.5	0.0676	0.0646	0.0565	0.0429	0.4	0.00845	0.0042	0.0415	0.0592	0.0506	0.0348	0.0133	0.344	0.0643	0.106	0.121	0.435	0.478	0.659	0.756	1.21	1.51	1.76	1.97	2.19
12.2	12.5	12.2	23	23.4	7.23	5.74	8.54	9.51	21.8	30.7	31	35.3	32.5	37.6	37.9	37.4	33	32.9	24.9	23.1	21.8	21.7	12	11.6	10.8	9.97	9.42	8.13	7.26	9.46	1.23	0.517	0.279	0.287	0.61	0.627	1.49	0.843	1.18	1.49	1.42	1.4	9.15	0.365	0.291	0.3	0.838	0.855	0.83	0.815	1.04	1.02	0.999	0.891	0.781	0.678	0.616	0.514	0.299	0.24	0.189	0.143	0.0861	0.0468	0.0237	0.017	0.00342	0	0	0.164	0.271	0	0	0	0	0	0	0	0.00219	0.00306	0.00348	0.00344	0.0317	0.0316	0.0477	0.124	0.0264	0.042	0.0655	0.119	0.318	0.386	0.383	0.427	0.128	0.0902	0.382	0.2	0.0219	0.0118	0.0109	0.00421	0.0789	0.0597	0.0506	0.0293	0.0327	0.0341	0.051	0.108	0.424	0.443	0.545	0.697	1.17	3.58	1.83	2.86	2.06
13.2	13.6	12.1	9.1	7.9	6.45	5.34	7.61	8.53	25.7	34.3	28.3	27.4	25.2	27.5	29	31.8	28.3	42.2	26.3	22.4	24.3	22.5	12.9	12.4	11.7	10.4	10.5	8.91	7.83	7.32	1.62	0.718	0.289	0.281	0.567	0.551	2.63	0.746	1.06	2.3	1.29	1.27	0.267	0.26	0.258	0.264	0.718	4.75	0.733	0.718	0.928	0.892	0.84	0.757	0.634	0.554	0.478	0.409	0.236	0.186	0.145	0.11	0.0663	0.0364	0.0186	0.0133	0	0	0	0.164	0	0	0	0	0	0	0	0	0.0054	0.00717	0.00797	0.00786	0.0343	0.0342	0.0512	0.13	0.0372	0.0627	0.0973	0.168	0.336	0.334	0.368	0.396	0.205	0.164	0.113	0.0864	0.0318	0.0175	0.00896	0.00639	0.0896	0.0697	0.0508	0.0425	0.0232	0.029	0.0349	0.0558	0.434	0.472	0.529	0.632	1.07	1.1	1.62	1.75	1.93
13.7	14.1	12.3	9.09	7.72	6.55	5.5	7.03	6.8	17.4	40.6	51.1	27.2	44.9	38.2	18.9	20.8	25.7	28.5	22.7	20.6	24.4	21	14.3	13.6	13	12.1	11.4	9.88	8.65	7.57	3.63	0.832	0.462	0.768	0.596	0.507	0.518	3.61	0.901	1.37	1.07	1.05	0.221	0.214	0.213	0.218	0.588	0.598	0.599	0.585	0.932	0.728	0.683	0.608	0.501	0.429	0.365	0.31	0.178	0.14	0.108	0.0826	0.26	0.0274	0.0143	0.0102	0	0	0.162	0.0855	0	0	0	0	0	0	0	0.0103	0.0112	0.0144	0.0159	0.0158	0.0415	0.0388	0.0572	0.0941	0.0553	0.078	0.13	0.197	0.318	0.354	0.358	0.386	0.281	0.234	0.176	0.123	0.0456	0.0254	0.0503	0.00959	0.114	0.1	0.0819	0.0612	0.0132	0.0215	0.0318	0.0525	0.413	0.454	0.565	0.597	1.49	1.05	1.16	1.52	2.17
14.3	14.4	13	9.73	8.35	6.95	5.78	3.31	2.34	2.07	2.55	11.2	8.79	7.48	9	14.1	8.64	8.78	9.64	13.2	14.3	15.1	15.5	16.7	17.1	16.4	16.1	13.5	10.1	8.25	6.55	4.17	1.74	0.968	0.601	0.448	0.892	0.305	4.02	1.03	0.708	0.741	0.719	0.374	0.362	0.359	0.365	0.152	0.154	0.154	0.15	1.27	0.427	0.35	0.305	0.16	0.131	2.34	1.98	0.0704	0.0463	0.0355	0.0271	0.0295	0.0165	0.00881	0.00629	0	0.205	0.189	0.113	0.0768	0.0771	0.202	0.0766	0.264	0.318	0.00694	0.235	0.0332	0.0426	0.0468	0.0462	0.223	0.0229	0.117	0.191	0.345	0.374	0.462	0.504	0.398	0.5	0.569	0.604	0.541	0.603	0.482	0.426	0.125	0.0694	0.0373	0.0266	0.028	0.0382	0.0507	0.131	0.0785	0	0	0	0.0047	0.00658	0.0161	0.0332	0.606	0.756	0.961	1.23	2.38
14.9	14.8	13.3	10.2	8.85	7.61	6.26	3.49	2.67	2.31	3.15	8.84	7.8	7.3	7.38	12.3	8.64	9.09	10	12.4	13.7	14.5	15	18.4	18.9	18.4	16.3	13.3	15.3	12.1	7.11	3.12	1.68	0.996	0.692	0.469	0.302	0.238	0.278	0.468	0.527	0.547	0.528	0.273	0.262	0.258	0.26	0.108	0.108	0.131	0.106	0.269	1.04	0.243	0.204	0.101	0.0763	3.31	0.0491	4.15	1.81	0.0241	0.0134	0.0148	0.0087	0.00498	0.00356	0	0.143	0	0	0.077	0.186	0.19	0.0768	0.69	0.449	0.418	0.646	0.0444	0.0789	0.22	0.343	0.14	0.0306	0.0409	0.206	0.396	0.415	0.49	0.563	0.482	0.494	0.569	1.1	0.808	0.576	0.536	0.464	0.152	0.0861	0.0466	0.0333	0.0125	0.0204	0.0275	0.115	0.069	0.0833	0	0	0.00336	0.0047	0.0105	0.0209	0.639	0.788	0.979	1.22	2.92
14.7	14.7	13.3	10.1	8.82	7.65	6.32	3.97	3.33	3.14	3.21	9.02	7.93	8.45	9.01	9.32	8.42	13.8	18.3	11.1	12.4	13.5	14.2	19.7	23.4	20	17.4	13.7	11.8	14	10.3	3.39	1.8	0.926	0.717	0.479	0.279	0.192	0.219	0.361	0.4	0.414	0.4	0.208	0.584	0.195	0.193	0.0792	0.0782	0.0772	0.0754	0.191	0.976	0.218	0.148	0.064	0.0436	0.0305	1.4	3.5	2.33	0.651	0.087	0.0214	0.00422	0.00268	0.00191	0	0	0	0	0.0919	0.0876	0.0855	0.0426	0.0943	0.472	0.676	0.0243	0.0599	0.25	0.675	0.518	0.284	0.0568	0.0708	0.336	0.52	0.574	0.633	0.722	0.613	0.61	0.616	0.638	0.651	0.625	0.559	0.492	0.17	0.0941	0.0492	0.0352	0	0	0.00681	0.0125	0	0	0	0	0.00235	0.00329	0.00681	0.0129	0.668	0.818	1.01	1.22	3.24
13.8	13.4	13	10.2	8.72	7.54	6.53	5.11	4.36	4.21	4.73	12.1	11.3	11	10.7	9.29	7.61	8.74	17.2	11.3	11.4	12.7	13.2	18.7	23.4	23.1	17.7	13.4	11.8	13.8	12	3.54	3.46	0.957	0.731	0.478	0.263	0.165	0.185	0.301	0.33	0.342	0.336	0.178	0.175	0.17	0.165	0.182	0.181	0.179	0.173	0.219	0.21	0.193	0.163	0.0487	0.0332	0.0233	0.0186	0.885	2.33	0.306	0.0198	0.0381	0.00301	0.387	0.38	0	0	0.00333	0	0.123	0.118	0.117	0.0592	0.882	0.805	1.4	0.866	0.42	0.104	0.415	0.379	0.561	0.271	0.289	0.486	0.739	0.802	0.863	0.943	0.813	0.761	0.748	0.653	0.707	0.65	0.573	0.475	0.177	0.174	0.124	0.0323	0.0125	0	0	0	0	0	0	0	0.00168	0.00235	0.00486	0.00922	0.706	0.857	1.06	1.27	2.8
3.96	4.11	4.09	5.8	4.99	4.34	4.3	4.37	4.79	4.84	5.74	2.6	0.843	0.65	0.863	3.86	4.94	6.04	7.29	9.73	11	12.1	12.9	15.9	17.5	17.7	15.8	14.6	12.7	11.7	9.99	10.3	11.5	8.06	7.31	0.184	0.0954	0.0535	0.0582	0.0906	0.0976	0.102	0.103	0.161	0.162	0.158	0.149	0.174	0.207	0.241	0.269	0.802	0.749	0.708	0.604	0.201	0.0261	0.0182	0.0144	0.356	0.622	0.703	0	0	0	0.308	0.239	0	0	0	0	0	0	0.281	0.457	2.74	5.24	4.89	3.9	1.67	0.821	0.882	0.908	1.04	0.259	1.72	0.846	0.45	0.504	0.853	1.09	1.4	1.64	1.6	1.12	0.929	0.696	0.569	0.42	0.133	0.323	0.133	0.0213	0	0	0	0	0.00929	0.0122	0.0291	0.0397	0	0	0	0	0	0	0	0.205	3.12
3.67	3.73	3.74	5.47	4.79	3.58	3.66	3.93	3.62	4.25	5.08	3.51	1.32	0.666	0.686	3.18	4.18	5.22	6.3	8.58	9.86	10.8	11.8	14.6	15.6	15.7	14.6	13.7	12.6	13.1	10.5	13.6	7.27	6.83	6.84	0.183	1.83	0.0434	0.0453	0.068	0.071	0.0745	0.0787	0.129	0.135	0.131	0.118	0.137	0.162	0.188	0.212	0.693	0.642	2.03	4.23	0.166	0.0142	0.00991	0.00752	0	0.842	0.55	0	0	0	0.356	0	0	0	0	0	0	0	0.351	0.429	2.45	5.75	5.42	5.05	1.86	1.05	2.36	2.73	2.84	1.92	2.87	2.24	0.555	0.726	0.802	1	1.7	1.94	1.87	1.29	1.04	0.752	0.604	0.614	0.22	0.157	0.297	0.0761	0	0	0	0	0	0	0.0147	0.02	0.00427	0	0	0	0	0	0	0.749	3.07
3.72	3.34	3.22	4.37	4.44	2.99	2.57	2.96	4.04	4.53	5	4.09	1.57	0.722	0.593	2.57	3.46	4.3	5.22	7.14	9.27	9.5	10	12.4	13.4	13.6	12.9	12.1	11.6	10.9	9.88	14.1	11.1	7.04	6.62	0.208	0.142	0.105	0.107	0.142	0.145	0.144	0.139	0.209	0.202	0.183	0.153	0.155	0.164	0.181	0.2	0.677	0.626	0.589	0.504	0.16	0.0108	0.00842	0.00636	0	0.376	0.738	0	0	0	0.321	0	0	0	0	0	0	0	0.443	0.495	3.12	6.12	6.25	6.97	2.36	1.31	1.41	1.51	1.9	2.67	3.63	3.07	1.56	0.806	0.877	1.97	2.91	2.2	2.11	1.85	1.11	0.914	0.605	0.442	0.299	0.112	0.113	0.026	0.00226	0	0	0	0	0	0	0	0	0	0	0	0	0	2.27	0.0679	2.97
3.77	3.51	3.05	3.7	3.02	2.5	2.14	3.06	3.87	4.1	5.54	10	3.01	0.798	0.582	2	2.57	3.29	3.99	5.41	7.89	8.31	7.98	9.76	10.7	10.8	10.3	10	9.91	9.63	9.85	11.5	11.9	16.2	13.8	2.1	0.252	2.62	0.211	0.674	0.319	0.31	0.284	0.402	0.363	0.313	0.255	0.225	0.207	0.207	0.219	0.689	0.632	0.556	0.514	0.166	0.0159	0.0137	0.0109	0	0	0	0	0	0	0	0	0	0	0	0	0	0	0.528	0.588	3.71	7.24	7.45	7.71	2.91	1.53	1.65	3.97	2.18	3.94	4.54	3.64	2.71	2.11	2.03	2.37	2.03	2.32	2.22	1.93	1.09	0.878	0.545	0.397	0.117	0.0531	0.0188	0.0171	0.00707	0	0	0	0	0	0	0.00585	0	0	0	0	0.87	0	0	0.00865	2.97
0.999	1.38	1.64	2.65	1.01	0.775	0.57	0.122	0.0727	0.0374	0.0982	1.1	1.75	2.32	3.37	0.814	0.921	1.08	1.33	1.61	1.95	2.86	2.82	4.4	4.65	4.76	4.56	4.64	4.58	4.11	3.37	7.2	6.22	2.23	7.56	8.98	4.81	4.84	4.8	1.3	1.32	1.28	1.16	1.14	1.02	0.697	0.561	0.305	0.207	0.142	0.111	0.0427	0.0262	0.0179	0.018	0.0675	0.0656	0.0612	0.0783	0.00897	0.843	1.5	1.02	0.115	0.00335	0.00393	0.00549	0.00932	0.0114	0.0119	0.0108	0.792	0.787	0.816	0.831	2.17	2.24	2.4	2.49	1.57	2.71	2.86	2.96	3.49	4.7	5.14	3.54	1.75	2.06	2.09	2.44	0.943	1.57	0.988	2.39	0.696	0.57	0.449	0.33	0.0556	0.0245	0.00794	0.00608	0.00645	0.00362	0.00442	0.00886	0.0298	0.0396	0.0452	0.0464	0.111	0.126	0.132	0.917	0.778	0.0118	0.00545	0.0156	0.417
0.722	0.606	1.04	1.06	0.812	2.45	0.611	0.0659	0.0325	0.0873	0.252	0.566	0.977	1.45	2.33	1.08	0.647	0.63	0.688	0.875	0.943	1.14	2.11	6.82	2.91	3.01	2.94	3.17	3.13	2.99	2.49	5.53	2.42	4.18	2.09	6	4.93	5.27	5.4	1.74	1.78	1.72	1.54	1.44	1.07	0.902	0.72	0.387	0.257	0.172	0.133	0.0498	0.208	0.0186	0.0255	0.0731	0.078	0.0705	0.0914	0.0118	0.00831	3.02	3.05	0.00524	0.00468	0.298	0.253	0.013	0.0159	0.0167	0.0152	0.983	0.935	0.994	0.92	2.22	2.29	2.35	2.57	1.77	5.07	3.07	3.2	1.91	3.19	4.13	3.85	1.87	1.9	2.67	2.21	2.1	3.22	1.53	1.38	0.843	0.499	0.385	0.281	0.0467	0.0196	0.0055	0.00451	0.00536	0.00384	0.00619	0.0124	0.0416	0.0555	0.0632	0.065	0.109	0.143	0.145	0.139	0.00241	1.2	0.00701	0.02	0.438
0.553	0.48	0.387	0.644	0.393	0.356	1.01	0.131	0.075	0.0042	0.00599	0.874	0.436	0.734	1.43	1.54	0.738	0.613	0.46	0.613	0.495	0.575	0.838	6.68	2.07	2.19	1.92	2.35	2.18	2.36	1.84	2.14	0.684	1.02	1.71	4.88	5.31	5.89	6.24	4.54	2.45	2.36	2.14	1.93	1.52	1.29	1.03	0.556	0.373	0.253	0.194	0.0725	0.0409	0.347	0.675	0.314	0.467	0.109	0.0996	0.0268	0.0218	1.85	0.0171	0.232	0.248	0.938	0.763	0.0369	0.0443	0.0509	1.47	2.47	1.04	1.18	0.941	1.14	1.19	1.23	2.53	1.94	2.35	7.89	5.68	2.1	3.81	6.21	3.99	2.33	1.83	2.13	2.11	1.49	2.59	2.22	1.96	0.797	0.416	0.316	0.23	0.168	0.202	0.00414	0.00386	0.00545	0.00503	0.00999	0.0203	0.0685	0.0917	0.103	0.103	0.148	0.155	0.174	0.157	1.43	0.828	0.0189	0.0218	0.415
0.553	0.398	0.312	0.522	0.3	0.165	0.489	0.0653	0.0841	0.0149	0.00429	0.052	0.228	0.314	0.601	3.47	1.63	1.15	0.67	0.917	0.705	0.581	0.633	1.23	2.06	10.6	1.67	1.76	9.25	7.4	1.72	1.45	2.4	5.27	3.07	5.31	6	6.74	6.71	3.23	5.39	3.21	4.69	2.61	2.15	1.85	1.49	1.33	1.07	0.388	0.295	0.117	0.0634	0.22	0.244	0.157	0.176	1.82	0.163	0.0541	0.0467	0.0414	0.0382	0.263	0.681	0.73	0.323	0.0807	1.25	0.148	0.737	1.66	1.01	1.26	1.08	2.35	1.23	1.27	1.31	2.27	2.24	2.26	4.18	2.58	3.46	3.41	5.35	3.45	2.17	2.84	2.31	1.29	1.43	1.23	1.43	0.408	0.32	0.243	0.178	0.0295	0.0123	0.00385	0.00413	0.00674	0.00718	0.0171	0.0327	0.111	0.148	0.167	0.162	0.209	0.211	0.194	0.662	2.29	0.00247	0.00773	0.021	0.396
0.9	0.9	0.9	0.0675	0.04	0	0	0	0.00466	0	0.0147	0.0227	0.194	0.0288	0.0596	0.247	0.653	1.2	1.85	0.654	0.635	0.655	0.771	1.17	1.35	1.53	1.34	0.787	1.21	3.68	0.772	0.804	1.82	6.34	5.91	6.73	6.19	8.71	10.3	7.25	4.74	4.6	6.01	5.14	4.79	4.23	3.66	2.25	1.76	1.45	1.23	0.19	0.11	0.0797	0.156	1.13	0.301	1.37	0.635	0.354	0.421	0.484	0.952	1.42	1.07	1.14	1.13	1.12	1.63	0.477	0.38	1.98	3.66	2.45	2.71	1.43	4.53	0.299	0.594	5.72	6	0.626	0.901	2.71	7.94	7.56	24.2	3.2	2.66	4.85	3.71	1.99	1.76	1.67	0.66	0.173	0.145	0.103	0.0789	0.0286	0.0124	0.00486	0.00602	0.0525	0.0547	0.0815	0.112	0.242	0.306	0.352	0.33	0.3	0.291	0.253	0.713	1.03	0.00817	0.0194	0.0639	0.346
0.72	0.9	0.9	0.0676	0.0675	0.0418	0.0396	0	0.0138	0.0984	0.188	0.00465	0.00597	0.0132	0.0331	0.154	0.413	1.04	1.77	1.21	1.04	1.05	0.793	1.07	1.05	1.01	0.945	0.674	0.538	0.884	0.65	1.32	4.35	2.11	6.37	9.31	6.87	7.85	8.53	5.72	5.69	5.55	5.13	5.96	5.51	4.91	4.22	2.6	2.02	2.02	1.54	0.304	0.138	0.102	0.188	1.25	0.395	0.406	1.71	1.4	0.576	0.917	1.05	1.58	1.54	1.63	1.36	1.62	1.2	0.888	0.553	2.88	2.43	2.71	2.45	0.609	9.33	3.35	0.679	6.27	1.2	3.33	1.02	5.85	7.66	11.8	18.3	2.94	1.32	3.53	2.97	1.79	1.44	0.138	0.891	0.0991	0.0774	0.818	0.0439	0.017	0.00799	0.00445	0.143	0.047	0.0614	0.0839	0.135	0.306	0.391	0.433	0.418	0.377	0.362	0.315	0.234	0.0218	0.0101	0.0193	0.0492	0.331
0.72	0.9	0.9	0.0677	0.0677	0.0676	0.0676	0	0	0	0.177	0.0958	0.00201	0.00336	0.00551	0.207	0.312	0.83	1.28	1.66	1.53	1.27	1.24	1.67	1.16	0.939	0.756	0.789	0.401	0.36	0.389	0.738	4.35	1.03	2.93	6.54	8	6.71	8.08	6.64	8.28	6.21	5.79	6.6	6.15	5.49	4.71	2.91	2.25	5.56	3.24	2.1	0.403	0.296	0.265	1.51	0.576	1.97	2.24	1.72	1.08	1.19	1.35	1.77	1.73	1.9	2.06	2.03	1.21	1.14	1.05	2.74	2.51	2.68	2.97	1.98	4.2	1.85	1.85	1.17	1.18	1.2	1.81	5.72	6.13	6.48	4.29	2.36	1.8	3.31	3.07	1.82	0.777	0.0853	0.752	0.0593	0.0448	0.452	0.0252	0.01	0.00515	0.00386	0.00618	0.0505	0.0551	0.0907	0.133	0.33	0.418	0.445	0.43	0.391	0.378	0.328	0.244	0.0228	0.0107	0.451	0.0445	0.298
0.72	0.9	0.9	0.254	0.255	0.0676	0.0677	0	0	0	0	0.00114	0.00147	0.00292	0.00552	0.0889	0.223	0.556	1.02	2.51	1.76	1.57	1.51	2.24	1.9	1.29	0.964	0.464	0.423	0.403	0.444	0.615	0.683	1.02	1.62	3.98	5.47	5.62	6.11	6.53	6.77	6.64	6.22	7.06	6.64	6.3	5.12	3.17	2.68	2.2	1.98	1.49	0.87	0.762	0.524	1.92	0.884	3.44	3	2.08	1.43	1.68	3.95	2.79	2.06	2.12	2.35	2.74	3.3	2.01	2.16	2.94	3.12	3.46	3.91	3.42	3.33	3.43	3.52	1.61	1.68	1.64	1.62	2.7	3.02	3.06	3.12	2.35	1.24	1.31	1.12	0.934	0.101	0.0833	0.0677	0.0591	0.0378	0.0265	0.228	0.00782	0.00389	0.00309	0.0054	0.0392	0.0563	0.0767	0.128	0.294	0.358	0.378	0.371	0.341	0.335	0.295	0.773	0.609	0.00998	0.0153	0.0368	0.244
