30.8	25.1	22.7	47.4	39.5	38.6	25.2	16.1	19.2	20.4	26.3	29.4	24.4	29	46.2	78.3	75.7	64	87.4	94.7	99.4	121	102	109	148	197	174	109	103	95	89.1	72.8	97.1	81.2	60.5	80.3	116	132	186	307	261	220	259	380	388	308	285	284	230	178	127	180	153	136	133	174	272	270	240	169	173	161	174	213	186	141	161	176	172	240	266	308	292	249	246	265	257	261	304	320	365	356	366	439	494	476	457	329	329	365	356	166	201	194	170	230	259	245	221	242	263	298	316	362	272	187	201	225	234	267	250	221	167	177	172	229	250	259	218	176
36.7	29.7	34.9	30.8	27	42.4	32	19.3	25.8	27	27.4	35.6	37.5	37.8	71.8	93.5	78.5	105	119	133	117	138	162	172	227	309	209	131	121	112	82.9	72.4	99.2	90.6	94.6	129	113	167	238	325	289	278	330	384	409	448	457	445	252	189	183	133	130	118	123	161	216	229	239	161	152	156	166	130	127	146	163	162	185	247	318	314	331	270	209	246	298	297	296	317	301	307	313	503	563	589	587	549	447	454	449	238	257	215	205	208	215	204	209	235	230	249	246	237	197	165	166	204	160	168	158	149	154	167	178	206	206	207	199	190
40.5	36.9	33.1	32.2	59.1	44.2	35.5	29.5	32.8	38.2	29.1	30.2	42.9	54	67	106	106	139	163	152	157	188	225	236	278	287	211	120	112	94.6	78.1	80.8	81.8	73	126	158	167	206	199	235	255	324	430	484	486	478	484	441	326	317	204	102	102	110	131	129	155	195	256	202	153	127	183	160	190	200	192	168	226	278	333	373	375	344	325	292	314	315	315	337	310	347	357	555	603	625	621	567	557	467	488	304	313	289	258	241	227	230	254	287	280	274	244	225	185	148	162	159	156	122	117	132	133	161	179	208	195	196	221	211
56.2	49.4	48.5	42.4	52.2	62	43.7	26	45.8	47.6	37.3	44.8	55.6	101	82.2	98.3	104	143	182	200	196	245	256	253	270	232	177	127	105	85.2	70.1	96.4	114	102	144	153	163	150	147	222	265	317	374	489	487	429	430	380	351	256	172	108	97.8	86.1	123	157	185	212	192	152	143	155	164	179	157	202	192	186	220	319	358	370	360	313	350	305	329	272	351	361	358	376	450	564	581	630	641	590	596	521	524	362	363	355	291	257	237	227	231	256	262	248	265	264	215	173	167	171	147	98	94.2	121	118	146	148	185	204	194	218	237
67.1	60.8	69.7	70.5	62.4	68.3	51.4	54.3	63.2	58.9	64.5	100	90	91.3	108	122	121	166	189	249	242	310	329	257	229	235	211	144	127	132	142	153	189	215	168	110	137	164	137	197	226	236	298	435	408	307	289	232	183	155	142	88	68.1	70.7	150	167	157	180	177	168	149	148	186	167	194	164	175	185	255	312	340	357	335	330	366	334	298	303	355	367	402	388	402	547	608	626	640	611	611	616	527	382	416	448	425	388	317	265	222	241	262	305	262	236	189	167	152	165	150	155	130	102	112	140	153	170	177	209	265	261
55.4	68.7	89.1	86.5	97.4	79	84.3	84.1	80.6	85.9	108	120	116	117	145	151	157	194	217	228	228	249	287	274	247	234	227	199	188	199	225	231	194	215	219	108	108	132	155	170	190	215	226	317	299	240	172	105	91	73.4	75.6	81.7	104	109	142	174	137	175	245	174	155	150	157	199	205	234	222	231	294	327	304	424	419	439	443	401	384	342	343	324	369	357	392	494	527	560	590	610	582	586	613	495	483	511	475	416	333	250	213	252	294	346	271	259	223	210	148	147	204	169	164	131	108	151	194	166	222	221	248	229
54.9	75.3	86.4	89.7	100	118	123	130	103	66.8	114	119	111	112	145	185	204	202	245	261	255	280	331	310	278	258	240	250	288	230	239	207	168	200	210	148	114	90.5	143	199	211	231	240	247	246	222	141	109	86.7	71.2	80.5	103	124	122	113	127	147	196	211	165	154	156	199	188	240	285	266	264	282	314	329	437	442	454	424	443	414	389	379	386	408	430	454	516	509	551	577	615	681	682	693	549	495	462	484	424	350	279	249	300	270	274	248	191	174	177	188	197	246	242	196	152	159	159	175	216	225	207	221	198
64.1	61.4	76.5	95	133	164	157	151	128	132	108	118	107	103	114	189	267	224	231	285	305	327	359	316	307	264	234	278	289	253	261	212	228	199	193	147	114	83.6	146	234	284	257	246	221	219	138	111	102	84.1	101	133	158	138	115	121	132	163	179	205	177	167	187	202	209	226	257	292	270	288	332	341	417	434	440	431	427	449	432	444	452	468	474	495	523	545	545	592	612	670	803	805	842	598	573	574	510	393	290	246	296	259	266	287	228	221	177	209	226	199	218	219	168	177	210	279	275	274	238	233	246
70.2	90.7	95.6	113	159	183	169	139	125	134	154	139	113	144	125	204	230	260	289	318	289	363	384	328	317	265	345	338	290	253	233	256	270	258	224	159	130	125	166	194	228	256	233	193	170	83.9	82.7	81.9	93.6	88.7	114	132	114	143	169	182	193	171	198	166	201	241	226	220	215	240	233	226	286	312	364	427	413	400	379	392	423	448	471	477	484	480	468	538	569	541	550	600	607	674	820	845	953	777	660	555	444	361	345	291	222	264	319	289	270	244	287	301	217	213	197	180	240	263	291	286	280	247	264	292
92.1	104	107	110	142	140	126	151	167	168	170	160	161	159	181	262	265	278	353	246	279	339	343	317	292	265	426	407	344	294	297	288	281	243	252	200	195	165	151	174	216	262	170	118	101	71.5	71.1	106	123	95.9	113	104	108	112	140	168	153	157	165	185	207	262	250	223	246	255	252	222	243	275	369	420	390	340	347	387	404	438	426	399	423	396	429	447	447	404	389	442	516	566	760	950	918	720	654	540	518	481	437	294	289	275	309	314	322	356	366	308	188	179	228	197	215	204	217	232	255	247	275	301
91.6	91.2	90.1	85.7	123	128	103	150	203	182	173	173	193	153	195	286	345	296	308	261	259	432	327	376	361	317	411	375	278	336	264	265	249	234	221	268	250	220	170	168	226	205	188	94.8	87	104	87.3	110	110	130	126	121	130	119	124	126	113	112	133	174	200	274	213	194	224	244	269	291	247	273	336	420	396	376	332	359	416	405	384	372	365	366	420	402	384	408	385	406	464	540	753	844	848	738	647	555	495	383	364	314	274	225	278	345	396	382	332	289	214	189	171	189	187	189	182	205	239	233	279	275
79.2	71	71.7	88.5	119	120	121	234	181	167	182	162	197	223	203	251	310	328	317	315	265	319	330	340	314	312	341	326	374	327	293	292	244	228	237	253	212	186	153	163	161	135	126	84.4	74.8	62.4	89.2	110	144	122	155	123	116	130	141	109	103	121	133	146	182	192	186	170	178	220	263	316	317	339	350	377	400	335	318	347	420	414	411	369	363	364	434	356	398	408	369	393	422	471	525	564	723	807	599	544	504	385	325	266	235	187	227	268	343	333	378	354	218	240	213	184	169	152	164	189	197	205	274	271
61.6	63.6	58.7	78.1	107	112	146	127	144	200	231	182	172	215	207	244	298	351	331	363	322	362	341	336	329	342	313	314	323	323	307	347	248	203	243	227	174	156	159	166	132	158	135	85.6	84.2	78.4	80.9	129	183	119	131	116	111	106	107	119	137	189	203	193	168	157	178	242	218	222	267	325	327	354	318	275	257	267	352	365	394	389	427	435	415	357	355	359	412	390	360	382	395	411	471	510	602	691	557	478	433	389	325	248	207	185	221	248	310	301	268	295	285	322	253	179	144	150	152	182	183	176	199	221
72.6	75.8	69.2	76.5	109	97.2	127	140	160	214	229	221	222	208	211	238	301	366	399	348	321	362	290	282	260	249	271	299	357	360	290	306	246	191	218	190	153	122	126	135	125	110	100	89.5	90.8	79.9	74.4	122	119	115	119	127	126	120	118	135	172	196	229	198	147	146	191	224	210	210	266	343	346	382	319	248	223	190	219	251	320	391	399	292	298	325	325	354	357	335	394	402	384	380	418	478	462	478	405	352	341	370	312	277	248	179	182	204	240	258	237	292	285	233	181	118	118	116	113	131	144	108	136	170
51	117	89	86.3	102	126	144	164	238	255	235	223	210	190	215	341	333	373	372	283	285	328	308	321	338	277	326	347	370	351	317	307	258	200	188	151	138	122	130	152	112	79.4	76.3	102	127	104	77.9	135	125	103	122	120	131	145	129	168	183	189	183	191	162	157	200	234	205	213	250	301	372	341	289	249	234	260	321	278	321	420	396	290	294	300	303	356	343	332	333	401	403	401	415	457	412	446	299	333	306	270	339	317	302	197	144	130	153	218	251	234	247	195	163	131	118	105	123	103	136	106	131	162
71.4	103	88.4	80.5	111	154	157	155	234	252	289	242	213	239	284	312	372	333	333	304	358	332	385	379	495	476	368	377	412	341	311	282	242	234	187	159	165	187	156	146	122	99.1	104	105	95.4	106	106	129	116	101	127	110	124	145	152	201	152	132	135	153	138	148	166	207	243	220	267	254	266	261	269	295	240	259	290	257	281	339	358	287	299	318	286	322	380	353	361	432	329	376	389	383	407	455	464	350	307	281	310	275	242	190	127	114	159	154	192	173	218	186	179	143	112	113	118	102	99.3	98.2	112	125
89.9	97.7	144	93.4	118	133	155	153	153	215	266	232	176	251	304	347	396	390	352	363	397	433	438	405	552	522	439	440	467	339	272	257	253	231	234	206	182	183	163	125	115	108	108	95.5	100	113	72.9	107	99.7	107	110	121	128	138	160	230	180	114	102	129	106	106	118	178	218	207	214	205	240	244	267	288	285	297	286	277	279	303	298	305	318	263	244	278	283	280	331	333	302	332	373	376	401	416	474	425	315	298	285	293	227	174	157	137	110	119	154	132	150	151	140	128	131	118	118	122	110	91.8	115	137
123	132	141	145	168	161	163	135	130	135	163	170	192	240	301	399	376	357	427	391	434	456	409	401	553	549	451	412	356	316	280	242	243	218	225	220	218	197	193	129	113	105	101	121	153	113	122	125	127	112	107	130	152	175	203	187	191	147	134	120	135	129	125	125	156	247	191	180	170	208	241	227	264	269	281	211	248	248	265	263	248	238	203	216	244	244	258	339	366	387	380	361	374	365	429	457	301	289	282	309	289	236	191	167	161	154	142	97.7	97.1	112	105	77.8	110	128	111	131	136	124	150	161
139	203	205	205	218	205	194	161	156	157	195	155	171	235	280	338	325	354	378	393	398	466	462	457	531	534	483	452	406	361	300	246	222	248	271	271	210	217	269	145	139	114	124	125	137	144	164	158	149	125	138	191	201	208	180	185	176	164	184	142	172	185	156	148	240	301	203	313	219	175	191	196	196	155	152	181	226	204	225	242	258	241	208	218	225	239	293	306	357	389	413	340	364	400	435	467	468	334	305	287	303	259	225	196	161	148	145	104	128	114	96.5	87.5	129	137	110	124	121	119	124	164
144	167	223	223	248	234	215	235	250	280	252	201	196	284	285	305	379	372	369	406	454	498	518	489	515	543	542	454	409	409	362	264	301	279	289	298	228	235	239	173	132	114	152	136	126	129	158	185	168	155	166	200	209	239	194	180	156	169	167	161	201	170	172	197	257	277	251	275	298	192	177	182	177	144	160	170	160	178	191	214	266	214	165	160	188	215	249	280	280	318	384	323	362	436	434	480	550	470	325	291	330	274	228	186	183	193	197	137	149	126	121	108	115	125	142	137	116	110	122	143
193	218	231	244	203	208	245	287	206	273	239	223	268	280	282	328	402	392	419	409	476	540	537	488	475	470	509	510	421	439	429	332	348	381	331	343	309	236	255	188	194	162	182	199	161	145	211	243	187	230	231	205	221	181	184	170	173	169	172	179	182	188	238	232	235	340	354	396	221	221	265	226	132	146	165	197	168	231	211	204	227	171	144	172	173	174	188	282	290	293	339	377	437	417	414	475	508	571	506	325	339	298	305	265	207	219	247	200	173	167	152	142	127	131	158	154	142	135	130	101
229	282	243	288	253	234	249	222	199	231	208	217	201	240	257	325	343	335	351	483	516	512	522	508	432	417	421	379	379	417	404	333	356	396	361	358	256	230	235	254	244	221	196	219	245	247	245	275	308	343	313	253	189	200	183	218	228	221	251	194	204	199	240	208	241	391	374	342	259	226	249	148	116	132	134	154	167	236	200	173	170	139	144	190	204	191	242	341	356	324	443	444	458	454	453	407	417	494	494	407	411	393	414	530	549	575	543	401	375	313	301	202	177	158	178	152	163	159	112	66.7
239	324	285	267	241	228	224	324	296	282	289	309	286	250	325	303	297	333	341	540	485	451	457	482	420	455	450	379	345	382	395	387	359	319	269	257	222	268	196	215	227	175	172	209	192	209	231	273	324	348	328	239	211	190	205	234	266	289	286	222	217	250	270	214	289	329	346	307	266	243	233	199	154	129	124	164	204	189	146	177	151	158	162	175	276	259	279	337	345	352	426	456	489	537	538	453	415	428	431	369	376	455	488	599	640	615	558	389	348	320	310	199	138	131	145	139	151	129	103	70.6
295	293	246	243	267	230	254	237	309	261	349	357	326	292	294	309	335	389	378	463	506	485	406	429	441	523	486	394	368	380	393	375	377	329	294	272	287	294	240	223	218	187	186	223	196	200	225	293	342	359	286	255	236	217	264	288	304	313	321	282	264	295	307	289	299	275	278	266	290	383	329	245	289	190	154	177	229	185	156	147	163	195	203	215	302	273	243	329	355	384	437	454	513	597	549	519	511	420	378	329	413	394	469	618	655	647	590	401	363	340	316	199	168	155	135	136	138	148	130	65.6
293	291	278	291	300	351	352	364	381	335	355	304	307	301	346	414	385	424	424	428	464	450	432	442	507	505	453	398	420	396	413	388	398	385	413	389	347	363	282	225	208	173	183	218	214	251	266	354	351	369	326	325	275	256	300	314	316	286	378	326	316	331	319	272	258	220	252	276	311	304	257	233	288	239	181	180	186	154	152	146	168	190	183	236	332	278	274	279	340	398	406	431	435	464	475	499	559	441	355	345	393	398	451	582	600	605	532	383	320	299	308	263	206	203	165	119	131	124	126	81.5
352	312	326	366	429	377	369	406	451	396	418	350	321	297	355	411	391	454	404	393	424	480	463	596	595	511	484	513	475	449	435	379	422	434	461	419	370	316	316	237	183	196	200	214	173	214	291	416	353	302	351	344	368	344	372	333	294	298	375	345	326	325	287	218	219	213	250	258	327	358	246	274	273	296	213	207	186	192	186	192	217	212	241	261	295	310	316	307	336	405	464	477	418	444	455	515	549	487	401	347	381	433	477	484	475	481	447	355	285	248	233	255	338	266	199	187	217	189	160	108
381	376	406	384	427	406	400	365	505	474	432	344	370	323	344	399	397	401	413	377	472	526	511	600	518	501	494	456	472	461	433	350	383	388	433	388	387	304	323	292	228	224	223	317	225	224	271	361	391	331	340	349	380	375	351	337	308	328	391	406	368	329	301	225	307	260	219	217	271	289	318	266	249	218	206	218	236	215	184	183	196	202	208	234	243	262	297	314	348	387	467	487	411	417	529	568	583	486	397	355	388	380	405	421	428	419	439	380	292	283	270	306	304	307	273	228	240	221	164	135
411	392	386	383	428	401	422	415	459	507	444	354	365	327	345	405	376	387	430	422	448	519	489	459	496	529	560	462	397	458	470	420	448	422	411	387	388	347	349	317	265	249	240	311	286	290	273	343	316	301	335	376	343	397	479	356	322	383	348	328	343	356	273	197	170	154	172	188	267	230	235	217	276	181	168	185	195	191	166	223	225	188	212	238	221	224	242	309	352	398	432	485	389	392	458	488	518	471	443	392	395	392	408	415	398	379	375	327	319	335	274	250	246	189	187	259	360	276	199	172
411	379	398	412	385	412	439	423	427	485	517	398	386	417	444	432	404	420	449	492	506	544	527	521	576	599	549	509	448	546	516	442	449	412	410	400	397	403	391	369	352	351	262	291	307	334	296	386	324	404	357	364	407	477	503	408	366	392	365	275	253	262	301	301	162	164	169	193	238	227	212	192	190	184	181	150	144	143	132	162	161	176	218	246	257	255	263	311	330	390	410	446	414	418	436	486	503	483	434	414	420	469	451	392	377	329	314	282	297	301	250	233	234	191	214	261	293	349	352	272
428	418	466	472	428	461	415	400	383	380	411	375	389	518	565	575	513	556	523	541	521	507	596	493	558	577	560	467	438	547	487	440	451	407	387	388	346	398	416	377	326	292	282	332	344	328	287	391	308	307	288	357	418	486	486	426	431	407	345	269	248	250	268	271	224	177	189	214	194	223	237	232	173	188	197	156	147	125	114	129	162	211	255	258	267	275	310	294	296	319	337	411	452	449	474	517	495	441	353	356	332	417	452	340	320	299	237	302	303	337	315	257	209	200	238	222	230	261	225	215
446	565	558	545	565	527	371	361	385	321	376	342	366	478	499	535	481	495	467	497	497	489	507	564	503	593	561	489	386	426	478	445	466	384	446	500	424	412	401	365	366	380	361	353	371	359	288	297	271	343	288	381	435	479	439	407	401	398	322	259	251	240	256	257	208	176	192	193	171	178	216	228	184	202	230	187	143	140	129	160	181	203	209	231	269	310	334	306	310	346	354	449	479	485	488	506	483	347	293	264	331	418	447	391	278	255	265	267	226	276	285	260	294	168	217	228	233	289	296	273
414	523	521	413	429	514	416	343	301	315	384	360	401	493	486	465	467	458	462	499	486	499	453	503	482	455	441	415	447	483	469	413	401	380	462	540	460	413	429	431	354	408	358	396	346	355	371	308	253	279	281	320	383	458	494	380	380	353	313	242	270	248	263	273	203	189	206	154	141	151	206	235	198	203	170	186	149	151	148	165	151	169	227	241	272	310	328	318	340	374	369	437	425	400	452	494	454	369	314	361	332	374	409	450	353	253	241	233	235	278	324	277	221	203	172	200	226	277	277	273
476	434	476	394	454	510	454	394	331	358	381	360	412	473	504	528	559	536	487	528	512	493	481	433	434	411	469	535	508	520	530	483	472	423	460	429	419	420	445	394	324	339	365	439	375	374	431	414	250	277	307	368	367	393	434	362	329	330	323	253	252	259	287	251	224	190	193	172	172	161	176	242	222	190	147	194	163	173	171	172	148	213	212	248	296	286	346	346	392	390	353	408	386	418	429	419	461	421	401	465	392	407	383	393	381	309	228	234	259	263	321	300	292	234	214	226	247	275	255	232
385	340	377	350	370	354	391	380	344	401	426	420	465	538	549	542	575	634	563	579	606	499	448	457	449	473	503	481	542	518	588	519	485	447	404	366	386	443	460	419	388	372	371	356	336	325	333	365	292	236	256	283	291	242	266	317	272	255	245	254	269	264	229	225	218	196	186	184	175	176	177	208	188	185	169	214	180	159	190	212	234	229	234	264	262	273	288	320	342	348	344	365	374	362	359	366	340	385	348	360	344	342	413	292	263	220	177	164	176	201	242	215	245	197	225	195	256	277	294	263
334	300	326	335	364	381	345	342	304	291	375	423	444	530	598	593	531	555	544	567	531	481	482	506	555	540	482	514	499	546	619	519	504	449	399	369	358	376	433	421	361	329	320	318	329	322	304	368	337	316	295	253	256	255	273	300	298	315	288	231	246	287	247	244	219	215	223	202	189	168	172	177	174	168	159	198	213	185	200	252	233	274	253	248	257	258	276	262	291	328	331	406	436	400	398	326	334	334	336	403	382	369	501	354	248	242	201	210	214	240	238	186	187	199	198	216	357	309	299	276
338	335	328	339	355	340	375	329	280	352	356	412	446	569	578	595	554	532	560	590	523	514	549	573	578	551	552	544	516	524	553	512	429	399	384	375	401	326	292	276	309	303	289	305	376	365	336	328	287	336	361	304	290	293	296	304	277	271	284	273	285	316	280	250	238	212	224	218	211	181	201	178	191	174	167	179	176	196	197	220	232	230	238	253	270	260	273	296	284	338	359	389	375	393	366	354	334	331	389	408	407	311	305	326	268	292	231	244	243	186	180	160	158	168	189	227	363	333	259	251
386	432	367	383	400	406	384	362	294	303	319	403	447	504	539	579	569	526	562	621	575	511	470	507	496	500	490	464	494	486	543	471	432	396	406	356	312	319	321	276	298	311	293	319	328	339	322	335	369	374	382	379	355	345	326	299	284	273	278	259	319	389	304	285	227	209	230	236	209	193	206	169	176	184	189	190	201	189	192	206	276	288	234	228	251	229	264	284	320	354	357	372	407	358	340	393	295	321	327	355	353	311	302	286	269	224	191	208	196	162	156	162	155	193	176	203	269	314	247	249
294	307	286	339	377	360	344	288	266	313	331	438	516	543	490	511	520	553	565	546	527	439	340	357	381	454	415	441	448	427	448	444	472	356	417	405	318	305	374	323	290	297	288	326	430	420	438	389	385	337	365	364	349	317	294	263	238	253	232	255	273	318	301	263	217	238	224	213	204	227	220	176	173	179	157	211	286	220	164	184	236	225	206	213	229	244	214	241	277	294	285	283	287	299	313	314	281	247	243	260	286	307	344	306	229	202	163	153	193	127	120	194	171	185	210	223	301	308	300	316
259	261	277	290	277	305	297	302	290	334	371	470	564	555	502	481	485	526	518	444	406	376	392	387	419	473	472	466	458	451	402	379	423	406	401	340	320	293	311	330	338	335	375	381	458	446	432	422	446	442	378	329	321	313	315	291	281	268	222	238	299	375	367	256	247	277	328	258	237	203	226	210	175	175	194	228	206	189	152	177	209	204	204	206	226	258	269	235	238	257	264	264	251	261	271	265	271	243	251	255	303	329	315	292	260	211	184	189	142	133	141	162	148	163	204	211	236	255	277	256
237	242	296	303	307	259	306	307	409	399	422	492	514	508	508	481	462	467	450	336	338	430	545	518	459	485	588	526	426	368	358	342	341	388	371	359	355	353	327	305	338	352	341	428	390	361	418	406	430	445	380	330	298	330	368	341	292	284	258	269	292	304	353	268	223	217	257	221	203	197	255	219	196	206	198	267	245	240	177	178	192	200	192	196	218	258	237	206	183	234	249	221	272	253	253	264	227	209	259	206	237	251	247	234	241	182	127	145	136	121	151	171	167	189	193	183	211	248	262	204
238	235	287	284	271	263	345	385	475	488	507	495	523	469	494	474	435	439	418	346	315	426	549	606	531	540	588	492	431	350	390	372	356	413	392	344	371	414	366	386	360	399	360	389	361	405	372	374	445	445	397	370	333	345	371	343	310	323	288	293	297	279	354	281	202	203	187	236	277	238	302	253	197	197	226	281	252	241	222	185	192	166	201	204	219	217	209	205	181	203	222	214	210	223	235	213	204	217	234	216	241	226	233	236	204	159	130	121	121	109	132	164	177	196	192	171	206	255	311	243
194	208	226	230	228	210	286	320	370	480	432	396	370	379	402	503	490	415	339	345	367	510	537	583	479	437	469	420	445	368	367	354	357	383	391	363	355	329	346	417	362	367	352	422	452	424	444	425	415	463	390	352	337	330	341	327	299	302	297	314	356	345	368	258	182	219	205	224	226	246	257	260	211	207	214	236	215	249	226	180	169	168	189	176	189	185	190	207	191	178	176	195	207	272	265	201	207	197	174	193	197	180	190	186	178	195	166	157	134	107	105	131	148	144	164	197	172	180	251	213
229	228	232	230	245	260	279	274	293	330	334	369	337	388	376	467	492	388	362	333	350	505	505	513	412	364	329	326	392	442	435	396	385	406	314	330	326	304	323	308	338	368	398	478	522	513	462	416	431	416	391	359	387	379	356	330	285	311	296	306	315	329	346	293	201	183	193	227	183	222	253	239	224	233	243	209	206	232	220	186	188	167	191	202	200	217	236	234	208	179	215	171	186	218	191	160	153	144	131	177	177	159	165	141	146	165	144	159	160	119	107	149	161	169	156	152	161	178	198	198
233	258	246	220	237	275	322	344	313	283	279	340	406	421	403	537	462	317	287	312	380	423	449	443	466	388	362	339	350	352	374	348	380	406	331	303	291	299	335	319	322	401	442	503	559	468	452	404	413	414	382	386	453	426	439	414	347	329	323	314	318	335	384	311	210	169	170	171	175	213	226	222	216	211	229	195	167	176	164	173	157	130	173	209	248	239	191	182	222	164	175	150	178	170	147	142	174	147	130	154	149	177	172	169	163	126	116	148	141	135	112	132	170	159	169	173	216	196	175	199
228	268	244	293	265	330	350	422	396	320	335	413	477	520	474	512	527	466	364	316	388	510	423	448	442	397	426	392	378	439	396	377	392	376	312	311	296	327	364	362	358	383	469	497	549	421	455	399	357	407	435	387	414	424	436	423	381	401	353	320	323	336	403	316	243	230	181	167	208	266	223	224	221	227	202	206	164	162	161	152	161	171	212	194	187	233	182	153	184	193	155	154	139	141	159	147	172	156	152	123	119	167	192	173	140	122	119	141	140	135	121	157	176	154	181	177	198	197	188	210
231	245	261	333	293	333	312	364	327	335	370	492	521	564	553	570	527	550	501	416	560	592	505	437	414	377	369	346	381	461	426	415	416	435	374	355	367	376	435	433	422	367	460	409	392	324	385	352	327	347	386	377	381	390	425	480	418	414	393	391	339	362	378	359	243	281	244	179	212	241	229	205	191	193	189	222	219	163	136	129	151	176	226	187	141	201	206	163	165	166	144	172	171	135	112	124	137	123	112	128	129	127	160	160	133	142	122	133	132	192	141	154	200	177	190	178	152	150	152	193
235	215	210	261	295	303	314	380	324	360	430	543	511	507	483	483	510	551	525	481	516	565	522	528	533	385	343	330	336	368	390	379	390	434	439	422	395	414	469	486	480	465	477	420	330	332	367	345	350	370	387	361	381	375	396	459	475	443	431	358	316	298	325	379	259	240	284	249	241	234	236	225	166	151	177	189	210	172	157	164	126	139	183	175	152	161	158	125	141	148	185	198	166	115	101	94.3	111	114	146	173	117	116	142	151	160	135	126	142	128	164	158	177	153	179	188	145	166	185	144	181
214	192	201	224	304	311	297	309	315	362	374	434	471	452	423	496	510	498	548	534	544	556	475	456	444	408	358	356	402	360	381	398	445	426	456	510	479	481	519	547	478	492	472	432	332	333	356	348	358	359	339	365	403	408	387	429	415	474	420	386	293	301	322	303	264	297	259	259	289	218	295	272	197	151	180	223	239	223	197	213	204	164	149	159	151	171	130	153	113	129	182	131	111	111	116	102	106	119	135	136	119	111	144	133	171	138	123	118	132	132	134	122	120	163	123	118	135	150	136	175
219	166	197	248	285	303	329	322	285	311	321	360	357	353	358	416	415	450	508	583	592	597	554	489	370	408	387	340	465	437	392	406	458	467	429	445	493	458	470	457	477	453	453	444	393	393	411	357	350	366	349	337	385	419	369	377	422	493	462	452	318	278	293	263	252	302	257	239	262	244	281	251	196	202	253	291	246	238	207	211	257	224	188	155	170	181	151	197	116	139	152	127	114	115	150	107	111	121	104	125	128	141	140	141	149	148	148	120	129	137	107	95.7	104	118	126	110	144	112	99.1	112
175	190	244	301	299	294	279	304	266	314	295	309	332	345	373	381	431	482	498	530	574	562	539	460	430	432	398	421	436	510	398	418	416	442	397	370	393	386	387	324	308	341	354	388	390	360	339	361	376	438	428	355	389	446	417	417	447	427	400	351	320	286	252	334	285	278	292	312	355	280	249	325	205	256	241	253	227	222	230	284	264	252	248	189	162	205	213	127	96.8	120	184	177	151	102	128	120	133	102	97.9	99.7	120	120	137	154	170	178	177	161	147	146	124	90.9	114	122	109	97.5	161	99.9	79.3	107
227	245	246	242	243	235	249	236	220	270	285	296	310	358	382	430	438	437	521	512	486	496	501	406	378	393	413	375	383	388	451	371	357	400	348	339	366	329	348	333	309	304	316	340	325	298	298	349	354	336	314	313	345	415	414	385	390	342	325	281	274	272	264	324	321	354	337	311	276	262	276	249	216	262	239	292	224	242	229	296	199	162	190	202	162	171	189	180	139	147	241	212	154	133	128	120	135	120	99	92.2	101	107	124	138	149	223	159	190	147	151	142	172	124	112	117	79.2	78.7	96.5	107	138
239	288	271	245	212	205	228	206	202	232	300	315	318	342	388	433	422	412	432	464	459	517	492	394	402	407	417	392	383	336	328	371	391	367	341	284	314	308	343	347	344	363	307	316	296	291	313	247	285	282	285	270	332	313	325	336	332	326	359	310	290	311	389	371	351	322	313	312	294	314	305	272	225	205	242	286	299	307	255	238	188	144	146	196	173	177	205	165	158	181	286	208	151	121	129	121	162	151	102	86.3	90.1	110	142	140	135	174	155	154	161	115	132	120	136	150	111	92.6	77.5	78	113	155
238	224	280	273	199	176	178	188	213	293	320	367	326	313	332	387	353	403	393	381	421	401	361	398	423	444	379	345	339	307	299	351	402	365	329	269	305	318	355	388	375	353	256	256	237	289	276	258	315	297	235	248	328	253	256	259	292	302	287	317	316	303	291	331	345	307	309	291	286	303	299	317	288	223	254	310	352	360	304	313	194	179	174	199	208	266	290	249	244	191	288	254	149	154	134	127	152	162	110	93.9	85.5	107	132	151	134	135	166	148	137	120	124	130	106	115	79.8	85.3	82.3	88.6	117	160
219	216	251	220	192	207	207	216	227	248	256	310	337	301	297	321	328	406	421	442	411	405	330	355	345	427	395	362	345	293	287	335	377	421	398	319	304	329	357	348	358	316	264	203	200	269	360	317	330	330	273	225	239	266	292	266	293	266	243	239	241	256	269	297	247	258	280	295	247	241	247	377	301	312	343	351	267	290	261	242	169	214	228	218	185	285	280	290	286	279	212	177	129	153	135	131	171	158	104	116	106	136	152	183	179	139	162	142	145	116	114	110	90.7	121	132	104	80.9	124	129	346
227	236	282	234	219	230	257	242	217	238	227	289	320	272	259	308	334	366	394	351	401	448	368	345	329	369	333	311	305	312	303	283	301	346	379	349	323	303	334	331	320	282	277	233	262	288	436	309	289	304	294	224	214	226	244	240	258	223	258	208	182	190	232	266	226	206	264	274	233	248	231	300	249	261	343	321	325	234	219	204	194	242	236	216	170	254	213	213	291	184	136	148	175	228	140	132	129	112	133	157	133	143	161	184	189	158	163	138	130	116	125	126	118	188	172	96.1	88	134	163	223
267	263	267	238	208	261	259	234	218	212	223	262	282	282	267	283	290	278	303	330	366	347	370	336	339	320	328	315	258	292	287	244	260	262	288	275	335	273	279	256	255	251	268	259	327	335	352	373	311	329	359	198	242	245	227	203	211	199	249	230	191	174	209	242	182	188	231	263	263	238	248	325	260	262	225	256	307	279	213	188	183	168	203	266	194	213	169	204	188	176	134	151	179	203	152	113	126	112	145	152	152	147	183	224	217	223	265	188	140	147	137	156	150	155	146	120	131	177	164	182
246	246	224	186	191	220	232	210	214	185	211	237	284	300	251	279	308	273	268	349	354	320	317	308	345	314	356	314	283	282	237	186	211	222	248	212	226	268	234	275	258	268	274	292	277	265	259	268	313	280	297	218	217	191	178	182	201	204	254	222	237	182	212	202	147	149	171	186	211	237	225	223	178	238	224	279	241	238	222	170	160	162	179	242	203	170	152	184	175	169	139	220	191	191	179	124	113	149	158	175	180	147	164	207	191	277	237	187	131	148	118	182	152	174	129	121	144	169	185	206
219	173	176	163	160	191	216	241	214	172	182	213	254	307	290	270	283	303	326	345	294	261	299	295	304	279	312	292	274	261	234	173	195	236	253	218	231	258	295	339	292	299	297	286	249	260	255	328	336	276	290	254	188	154	139	181	199	262	272	231	214	176	174	200	209	198	127	214	179	250	272	268	242	257	230	263	238	252	246	217	178	141	163	152	169	170	154	166	181	174	170	171	279	209	146	148	148	175	159	208	199	197	199	246	262	264	263	179	166	163	178	175	196	175	130	118	107	162	179	179
155	143	157	153	190	224	202	244	226	222	163	185	178	215	249	308	317	320	371	349	317	322	301	271	275	315	255	308	296	268	249	179	166	164	167	193	248	308	291	328	339	349	293	269	264	278	277	287	328	329	260	276	195	147	177	186	199	254	298	270	267	209	202	214	276	206	136	164	173	222	263	267	269	235	250	263	296	265	232	272	217	133	168	150	218	287	233	177	209	170	168	182	279	217	190	174	170	150	151	195	212	233	246	206	195	243	235	230	190	191	216	205	190	172	181	120	104	112	186	169
192	152	145	140	162	195	181	190	216	182	177	174	170	203	258	274	280	276	304	321	345	335	315	257	335	242	238	261	221	225	256	229	180	143	156	187	203	237	302	313	279	303	280	239	269	261	269	293	273	290	316	246	231	193	173	179	185	268	365	315	282	240	216	209	272	231	197	194	238	187	190	256	261	238	224	263	334	320	262	265	254	199	233	233	238	309	344	199	220	221	186	175	202	210	194	170	189	193	177	208	195	194	196	221	239	254	226	234	178	136	147	202	200	219	185	118	139	152	124	153
208	152	149	153	166	167	172	189	187	193	180	157	160	223	201	194	224	264	270	276	260	263	246	224	229	237	291	208	179	174	207	216	215	183	167	183	209	254	249	270	274	264	282	250	276	246	210	212	241	283	262	222	218	231	164	193	176	275	280	347	396	283	218	246	268	232	273	207	207	214	209	258	278	251	260	290	323	294	274	268	267	178	268	213	208	286	330	250	213	191	199	239	189	158	146	204	252	196	192	199	172	170	195	243	242	287	226	217	188	192	175	163	206	232	168	97	126	134	123	138
188	160	171	171	184	171	145	156	149	160	160	201	199	229	197	180	175	202	256	258	259	232	262	242	199	207	279	206	202	190	187	210	229	199	231	205	226	257	244	251	271	255	298	279	232	223	200	199	218	258	235	190	231	243	255	238	208	239	295	345	397	320	260	215	228	235	202	197	167	172	205	258	265	252	240	247	292	316	260	251	246	270	286	204	200	218	277	294	273	219	231	205	192	158	133	178	212	186	186	179	151	165	203	272	298	306	220	229	227	224	218	184	186	203	161	113	149	158	129	154
211	203	177	166	134	136	136	126	125	146	156	175	178	238	241	209	197	236	244	253	279	283	278	267	196	229	268	216	200	211	224	192	226	205	216	216	223	218	240	270	266	270	249	247	234	237	219	179	200	225	236	202	216	239	277	275	287	296	284	294	341	288	230	185	196	259	250	193	166	154	181	230	245	254	237	243	263	322	302	293	274	328	279	214	249	203	274	321	316	296	258	212	157	150	119	165	203	225	203	181	140	134	175	302	333	291	228	276	276	236	229	158	184	141	147	119	146	171	143	157
216	197	189	204	172	182	181	166	143	145	157	163	196	221	210	235	243	260	265	220	267	277	268	283	264	244	214	202	210	199	200	200	231	254	249	262	258	228	219	215	233	226	208	206	247	276	304	242	194	224	254	238	218	220	242	271	281	262	230	251	295	265	251	217	230	285	303	213	170	194	152	195	244	268	243	226	264	318	309	287	258	303	280	235	211	197	231	285	317	295	244	232	186	121	117	169	183	179	195	173	127	138	192	264	269	371	315	326	255	203	210	168	167	149	148	127	136	132	146	134
225	219	187	181	155	141	159	169	155	145	155	128	144	167	171	194	215	212	214	204	215	282	272	235	299	302	224	191	212	171	192	219	255	280	319	335	277	231	215	194	206	205	212	235	293	301	303	394	260	229	280	245	221	239	249	255	239	230	238	207	229	239	222	201	206	245	262	257	239	232	200	227	232	269	257	289	264	308	332	293	264	295	265	215	197	213	254	233	252	247	265	230	195	158	132	189	187	154	190	171	144	157	200	412	357	301	340	317	265	196	233	206	153	134	147	131	111	117	134	121
226	248	198	165	153	150	164	157	138	135	136	124	115	122	136	151	142	140	156	228	182	200	204	204	300	250	202	281	270	190	164	173	192	218	243	292	280	260	262	226	221	199	184	219	293	298	269	281	235	307	279	250	213	244	229	281	274	243	242	221	210	238	234	187	204	234	261	290	352	324	260	250	207	230	231	290	321	340	291	270	366	355	254	229	233	227	307	250	234	237	276	221	205	183	147	188	218	174	178	168	164	163	189	383	297	295	259	263	224	185	213	200	160	143	145	144	138	142	142	140
215	254	221	178	167	167	191	170	161	143	130	116	121	123	152	172	197	202	207	259	184	232	204	305	332	201	195	186	229	217	211	182	187	200	231	273	259	254	254	236	248	224	209	220	284	282	262	276	274	307	278	218	210	167	213	248	281	286	241	251	228	238	237	177	222	230	262	264	320	301	242	241	210	199	192	256	300	352	319	297	324	307	251	248	298	293	290	256	254	226	233	225	217	221	218	205	205	175	163	175	199	192	204	225	303	294	299	277	257	206	218	177	141	146	136	130	156	159	141	164
198	222	246	232	221	194	179	190	171	151	146	130	150	187	196	266	233	222	186	204	261	245	253	288	243	211	197	203	184	194	144	170	173	187	191	212	256	248	201	204	234	232	209	222	242	294	303	279	266	261	261	252	265	252	267	340	311	261	277	266	284	258	270	210	216	213	246	251	289	293	183	193	198	194	200	235	260	296	275	260	266	286	244	239	284	359	299	263	221	223	210	197	194	219	304	240	209	192	177	178	189	213	179	185	268	277	241	298	287	237	219	181	158	145	155	125	124	157	156	137
180	215	250	282	330	288	234	241	208	153	158	141	202	228	221	235	234	228	208	223	252	260	322	364	320	278	210	231	175	160	149	188	182	205	191	201	225	240	229	202	268	272	282	233	264	312	283	253	215	252	232	296	274	269	309	400	390	291	301	305	297	283	296	219	249	221	200	216	218	211	181	176	194	206	192	205	213	265	295	287	270	260	225	225	246	283	264	245	230	232	249	193	167	249	272	219	199	198	185	174	186	208	215	208	262	282	276	235	230	218	205	197	164	154	138	121	118	124	160	129
185	201	237	268	295	264	222	249	246	213	189	186	221	202	202	223	229	255	222	187	188	221	248	226	271	332	265	189	152	151	166	172	187	198	199	218	238	261	280	265	272	283	270	320	314	310	249	253	226	213	298	448	379	355	290	337	357	317	303	265	241	229	256	195	185	212	203	225	202	190	164	183	204	241	244	205	232	216	253	230	276	307	248	231	229	237	238	221	200	221	223	185	170	216	191	194	176	205	189	193	205	218	247	214	231	233	222	216	192	212	209	218	215	174	154	158	156	197	202	139
157	202	230	222	178	139	147	179	208	229	244	247	215	224	196	228	206	230	230	242	204	252	199	228	272	248	220	191	166	137	136	166	186	211	211	235	241	254	282	264	227	252	261	281	304	297	263	257	231	238	331	312	268	239	253	309	300	278	346	308	239	196	177	190	187	146	179	193	190	181	157	175	179	193	237	202	173	169	186	218	225	244	244	248	251	244	227	202	218	237	248	177	178	204	184	197	205	195	179	215	228	228	238	229	203	195	197	226	198	175	212	242	188	182	189	179	188	186	189	140
158	181	169	147	116	112	131	182	250	286	308	249	260	293	289	303	245	254	245	254	245	201	192	180	230	247	206	173	168	224	195	178	163	184	192	259	251	241	240	221	228	260	252	297	293	281	304	304	234	221	248	246	207	212	205	264	283	271	332	374	308	237	196	164	146	164	185	176	170	160	155	183	161	176	197	210	172	169	181	205	202	224	217	260	297	265	265	243	240	242	221	142	200	243	215	207	226	201	197	236	278	222	214	210	195	196	169	213	207	167	191	236	197	193	202	199	168	188	152	164
125	122	137	154	114	103	112	169	272	299	333	271	301	324	293	304	321	324	305	287	323	239	199	157	182	196	158	140	159	196	172	165	154	165	166	257	241	224	227	241	267	249	234	283	292	258	250	231	214	307	241	208	199	232	264	264	264	277	302	270	224	189	190	179	139	183	248	191	187	154	151	159	155	153	168	193	200	179	175	182	209	221	247	260	270	262	301	271	201	197	207	186	217	261	249	207	240	269	226	225	263	233	202	213	179	214	180	251	253	193	201	187	195	193	205	190	175	199	207	191
87.4	83	107	108	107	95.6	89.6	122	171	254	294	337	340	381	342	316	330	303	285	252	334	237	228	218	210	198	175	179	184	185	175	174	170	165	164	194	204	200	198	224	252	238	195	235	255	270	221	210	223	319	297	233	234	233	236	261	275	320	342	205	220	211	174	162	136	182	178	228	223	168	130	179	151	141	147	141	162	172	172	210	236	275	283	273	297	272	254	274	215	200	215	183	202	264	215	196	243	299	277	230	274	251	238	227	189	159	210	229	218	201	190	175	165	188	195	146	170	214	205	166
79	70.1	84.4	95.8	106	103	83.3	97.3	109	154	226	376	343	353	405	372	427	336	309	256	282	214	208	226	229	198	181	193	186	217	180	169	169	161	149	197	232	221	196	196	212	234	163	139	192	217	174	163	192	211	201	232	308	310	296	330	248	251	264	242	251	216	210	149	131	254	175	205	216	188	142	163	153	153	144	167	161	165	198	212	202	252	307	287	295	235	254	224	208	203	202	188	208	243	194	177	165	161	195	217	208	227	211	223	200	141	182	210	210	201	183	205	153	154	151	148	171	178	212	150
89	82.8	91.9	81	101	92.9	94.8	92.5	93	115	129	172	249	368	392	385	365	422	360	303	236	228	232	255	247	225	199	198	196	190	187	164	153	152	153	162	174	182	184	169	177	194	161	114	112	127	142	175	195	192	183	218	294	345	316	320	267	312	339	315	268	273	233	233	173	133	139	136	169	220	204	225	162	127	145	185	206	177	203	201	217	255	366	316	325	292	289	228	225	197	200	172	241	214	249	270	179	178	187	232	232	230	233	227	194	171	119	162	171	198	158	163	162	160	158	138	141	158	150	124
99	107	88.9	79.2	79.8	100	93.6	103	87.3	90.9	87.3	116	147	177	199	282	297	281	286	266	258	220	229	246	231	217	234	205	197	181	178	180	150	155	161	157	184	178	173	166	162	167	164	132	116	124	144	144	108	137	180	214	279	317	328	382	338	303	301	366	283	306	291	191	168	119	121	143	212	239	222	229	193	124	170	320	184	202	200	173	226	259	330	350	258	270	282	213	207	233	199	160	182	175	169	217	209	214	203	227	197	183	209	208	191	160	122	127	142	154	162	150	149	146	139	132	182	165	155	139
96.2	106	86.2	90.5	81.4	71.6	87.9	116	79.7	75.4	78.4	67.7	78	86.7	98.1	136	166	210	157	200	148	174	185	215	219	211	219	217	223	205	194	170	163	165	169	151	155	148	161	179	168	191	211	171	168	158	131	135	138	162	160	195	204	258	249	223	268	254	248	267	253	267	212	190	148	144	159	140	155	217	218	179	129	143	132	160	137	151	172	143	151	220	271	223	188	197	259	245	209	196	188	138	127	192	180	205	183	185	198	243	188	157	188	229	239	196	175	141	147	184	159	149	165	185	161	161	169	146	173	158
94.6	86.4	92.1	89.8	88.3	80.9	82.8	87.4	73.3	67.2	68.7	46.9	55.2	63.6	71.9	67.1	79.1	123	123	154	101	123	143	219	219	226	218	213	205	209	209	177	158	159	162	157	153	131	167	146	166	187	167	171	182	179	162	190	203	215	197	206	218	209	239	237	236	322	262	232	266	273	250	201	180	174	172	150	156	163	206	190	137	114	116	137	140	120	158	176	176	165	167	178	184	213	209	221	244	209	208	151	140	185	203	337	207	206	207	235	240	217	247	223	205	166	174	148	130	183	167	156	158	140	146	184	199	164	140	135
79.3	90.7	88.5	86.7	88.6	81.4	80.8	74.7	85.6	98	66.2	59.4	54.4	55.2	52.3	57.9	51.9	67.3	101	117	119	130	130	209	214	231	231	221	207	211	225	195	191	171	166	129	133	136	171	114	117	177	151	162	178	202	223	204	198	216	193	149	178	189	231	213	319	358	275	273	263	237	239	228	213	225	163	175	131	142	178	221	210	126	133	143	128	99.3	141	185	202	151	163	199	190	172	161	190	219	199	213	175	180	187	241	321	227	225	292	295	253	260	204	200	181	143	147	135	131	194	174	156	160	156	158	176	164	189	151	139
66.5	75.6	73.9	69.4	76.6	65.7	62.4	72	105	97.4	68.5	64.6	53.1	54.4	43	59	55.7	54.8	69.2	129	186	200	152	198	216	229	251	225	232	219	228	206	190	178	168	149	139	127	180	140	117	145	156	168	184	201	195	199	197	219	181	151	152	149	176	166	253	236	226	186	243	221	211	231	253	299	207	139	178	161	136	157	132	104	132	156	124	142	138	162	204	165	179	197	186	179	166	199	233	233	257	289	250	248	282	207	242	367	369	276	271	225	223	179	213	210	184	160	155	175	221	166	178	203	232	191	210	182	175	163
44.8	50.3	60.2	50.8	60	54.9	48.2	47.6	55.5	50.7	41.7	46.3	50.6	43	27.7	32	30.2	31.2	39.5	106	259	262	258	203	195	199	225	219	241	208	214	202	198	198	199	161	163	159	189	117	144	154	194	191	199	173	190	160	152	214	166	135	137	136	181	157	224	181	147	179	191	226	214	219	283	277	271	150	173	152	181	195	131	91.6	182	122	107	112	134	153	155	186	209	230	206	218	198	206	238	238	269	322	254	243	239	281	303	323	318	277	242	229	181	175	177	224	225	208	200	224	222	198	225	320	304	217	218	211	192	186
27.5	35	35.6	48.7	60.3	53.3	47.4	46.2	35.3	32.4	31.2	32	36.8	29.5	23.6	21.1	21.5	28.3	36.1	78.8	179	308	293	238	230	228	208	226	225	183	238	223	212	192	197	180	182	181	184	117	133	129	171	160	170	149	165	131	114	109	120	103	148	142	162	166	241	202	154	177	170	183	196	225	281	316	207	121	139	141	226	196	107	172	129	88.9	131	136	146	183	158	193	226	263	253	218	217	216	247	267	287	290	215	317	279	255	288	271	244	303	259	231	226	181	172	203	189	199	193	195	161	196	265	267	245	213	167	190	196	189
22.1	18.9	21.6	35.1	53.2	42.6	41.2	40.9	36.5	30.1	32.7	40.4	40.6	33.1	29.1	15.3	14.4	21.5	25.9	56.3	127	251	373	240	210	211	205	217	218	202	244	232	228	203	227	252	210	229	194	173	116	114	174	152	154	185	249	225	192	132	127	91.1	102	105	153	178	218	180	156	135	174	176	188	208	224	213	187	194	140	122	122	121	132	169	107	122	132	121	108	155	166	201	201	263	274	277	220	228	286	298	305	281	228	323	266	260	297	237	288	279	210	276	244	178	172	211	227	203	189	177	177	171	223	242	209	202	194	180	202	204
17.5	13.1	13.7	17.8	16.6	22.5	28.9	35.2	38.1	23.2	32.3	43.8	32.7	41.4	28.7	24	33.3	16.8	16.7	37.4	93.8	145	362	260	216	211	193	192	234	270	245	236	232	216	239	249	235	199	208	231	170	142	154	133	146	142	174	193	185	144	109	105	103	117	166	233	176	128	114	121	150	174	201	172	173	192	203	206	237	160	154	150	150	195	165	152	176	145	130	196	167	163	196	244	223	233	229	216	232	262	254	324	275	272	279	347	362	272	253	235	195	258	203	190	183	231	283	225	236	188	227	206	157	161	216	254	248	226	239	232
5.16	3.56	3.67	7	7.05	9.48	9.98	12.8	34.4	20.3	32.1	32.1	43.8	53.9	57.2	65.2	39	21.9	23.2	31.4	64.5	89.6	141	178	170	163	167	171	212	257	246	243	216	202	222	254	264	212	234	237	217	168	160	138	131	139	127	122	114	117	101	103	102	125	131	127	124	122	125	143	154	162	190	191	198	236	195	258	225	203	217	180	171	168	169	137	168	143	142	169	173	179	210	232	226	216	218	186	180	218	240	272	291	287	278	266	239	231	225	200	192	219	181	170	195	209	210	229	229	201	239	248	194	185	229	201	213	220	233	212
2.11	1.88	1.74	3.36	3.11	2.84	3.03	4.26	7.2	15	28.8	38.9	49.7	47.7	53.9	77.5	53.3	28.8	27.5	29.8	34.3	60.9	77.7	93.5	111	111	136	167	216	270	327	277	274	253	221	269	297	272	252	229	211	174	155	164	125	116	83.9	85.2	97.3	95	102	118	131	112	106	104	152	118	136	172	175	184	175	175	208	206	186	261	221	234	260	186	168	152	193	136	129	131	166	192	193	195	303	300	281	302	289	261	193	223	217	264	289	297	274	254	230	233	231	214	192	208	194	181	194	218	211	246	229	218	275	257	244	206	222	211	213	223	223	221
1.44	1.16	1.41	2.13	1.98	1.98	1.88	2.65	3.04	5.35	15.4	50.1	37.1	45.7	44.5	76.1	50.1	45.2	54.1	55.9	40.4	37.6	51.9	80.4	77.5	94.7	110	125	137	210	293	386	366	295	274	301	300	248	216	216	222	192	166	186	129	124	77.5	116	82	94.7	98	108	134	124	133	107	138	181	167	202	201	184	180	184	185	173	174	148	177	165	178	169	127	158	149	162	164	158	164	168	180	194	251	275	323	304	324	318	247	237	225	244	239	233	273	274	235	233	238	220	201	224	196	210	216	233	226	269	250	239	277	289	259	235	222	219	235	255	219	227
1.31	1.45	1.02	1.88	1.74	1.82	2.04	3.27	2.26	1.81	4.91	13.1	27.4	24	33.9	40.1	48.4	55.4	74.2	68.6	58.5	53.4	46.3	48.2	51	94.9	99.5	89.4	97.8	111	172	313	373	414	333	318	273	271	278	275	229	189	181	162	163	138	119	128	120	98.3	125	126	106	117	144	100	109	143	139	208	169	177	170	174	180	173	171	170	154	167	154	142	154	160	155	169	161	137	167	203	196	233	214	233	278	286	279	332	268	269	249	204	215	241	227	268	264	239	251	245	256	251	207	215	241	249	247	254	281	286	266	229	260	236	253	246	251	241	234	305
2.19	0.984	1.24	1.13	1.06	0.982	0.942	1.44	0.901	0.926	1.27	2.91	9.24	7.84	19.8	21.1	28.7	33.1	39.5	63	75.2	61.8	48.1	46.2	53	62.9	64.9	75.8	77	81.3	105	223	306	402	377	335	290	215	231	219	207	208	174	151	123	115	116	179	148	156	128	118	121	107	131	84.5	104	139	152	158	172	172	150	217	189	178	131	138	116	147	168	139	139	192	151	156	165	177	139	196	241	259	223	209	276	283	315	268	228	212	210	196	205	226	185	253	272	268	262	268	276	315	267	227	226	242	262	276	267	252	257	242	224	249	250	237	221	225	252	267
4.26	3.99	2.83	1.01	0.957	0.935	0.828	0.903	0.788	0.753	0.615	0.802	0.286	1.17	3.71	21.8	26	22.1	42	59.6	83.8	90.4	45	47	46.6	50.3	52.5	61.3	72.5	75.2	80.9	126	163	209	273	238	281	241	210	227	198	204	205	170	121	105	101	102	121	131	108	110	120	108	85.9	77.7	100	119	131	156	204	192	171	186	160	187	147	124	114	166	184	118	147	151	98.9	100	93	131	116	190	230	236	211	206	256	271	258	226	212	172	179	213	216	261	213	255	218	236	246	310	311	340	325	293	253	242	260	290	275	269	247	228	219	224	199	220	211	215	239	262
0.914	2.55	5.31	1.26	1.1	0.855	0.753	0.772	0.858	0.695	0.472	0.248	0.236	0.595	3.98	23.8	21	21.2	28.2	45	61.5	89.5	52.9	45.5	46.2	48.1	52.9	62.5	62	74.6	95.9	117	128	130	116	146	173	180	176	221	241	213	187	154	137	138	110	86.8	74.7	75.2	90.5	92.2	83.1	88	70	81.9	87.9	112	131	133	178	191	183	156	140	154	149	134	146	182	158	131	131	124	123	97.4	79.1	107	191	156	199	202	183	219	225	236	224	208	177	168	196	179	200	198	198	235	212	224	254	278	285	360	344	311	286	246	268	293	278	227	259	222	204	214	216	189	187	213	226	250
1.19	1.58	1	1.15	1.34	1.8	0.965	0.693	0.53	0.714	0.615	0.187	0.168	0.297	1.89	12.6	13.9	19.6	26.2	39.7	60.6	56.3	52.4	48.2	52.4	50.9	50.7	57	79.4	73.1	99.7	120	129	124	129	147	131	128	115	154	184	177	158	131	117	102	133	119	87.3	70.8	75.7	69.6	62.5	83.3	75.4	81.8	69.7	107	131	132	152	179	189	222	171	148	144	125	175	203	139	72.9	87.7	113	157	138	103	132	168	186	179	175	205	261	245	252	237	171	174	171	188	172	181	195	182	193	219	240	253	268	326	362	330	320	275	250	250	277	318	227	250	239	239	223	205	215	209	214	221	232
