77.6	109	147	159	129	148	170	143	148	174	188	365	360	394	380	321	312	369	288	295	352	354	339	295	256	262	291	333	384	362	377	374	319	349	359	398	352	366	487	415	474	568	773	710	504	413	323	308	340	292	210	182	197	212	251	316	349	360	381	291	294	285	300	377	316	265	252	221	236	233	213	217	223	185	203	257	230	229	228	276	292	273	246	267	258	257	313	278	229	200	180	147	174	177	190	209	194	236	227	237	252	213	144	163	158	180	188	131	151	150	148	136	158	154	202	255	261	244	217	259
144	185	257	197	187	171	146	141	166	218	197	254	290	327	379	396	422	493	337	297	274	296	313	278	252	268	294	395	442	489	448	432	411	433	477	377	320	392	412	365	318	407	543	526	555	493	343	261	234	212	140	146	185	194	236	258	270	260	305	261	304	254	270	345	287	263	232	252	288	277	190	227	227	245	246	328	295	257	224	323	265	249	285	284	302	305	247	195	163	174	184	149	133	161	172	164	142	175	163	149	144	128	122	162	187	263	241	191	208	193	177	178	185	212	210	219	212	228	270	228
182	253	242	202	217	235	169	159	208	211	245	208	256	437	438	455	563	472	354	346	317	407	310	290	244	271	299	378	451	417	414	427	430	482	441	296	267	269	338	299	286	294	360	407	456	384	274	228	171	162	158	154	142	152	158	191	229	290	390	307	307	245	244	191	190	181	200	206	225	273	252	256	244	210	180	223	226	232	209	282	198	212	310	255	277	273	271	202	196	174	177	131	110	128	121	109	118	140	125	136	131	96.5	101	154	188	225	254	211	192	179	192	192	171	229	187	188	187	159	165	181
202	237	214	215	228	230	240	198	229	241	268	273	244	330	354	413	384	439	435	426	375	395	310	294	330	328	395	510	467	346	347	313	365	383	287	187	171	220	270	280	233	257	303	335	398	350	253	214	225	237	223	252	225	173	190	198	305	414	404	347	339	218	230	176	211	161	142	155	151	175	168	227	223	226	231	256	221	234	217	266	225	170	189	216	238	268	287	202	225	158	140	101	77.6	92.9	90.7	108	111	90.4	93.3	121	130	132	127	180	187	202	243	208	136	146	172	183	175	183	163	153	130	110	108	136
215	220	213	213	185	196	197	156	195	185	212	220	261	267	256	264	309	386	380	359	374	367	339	330	336	363	401	429	360	277	322	287	222	205	134	114	118	191	189	202	192	255	222	223	304	322	264	304	299	266	245	324	256	229	317	278	370	462	369	289	237	255	217	168	168	203	185	210	145	177	148	185	235	193	201	204	206	228	234	296	295	179	199	199	222	167	185	174	197	151	135	89.3	68.4	65.5	58.3	78.5	78.1	78.4	99.9	100	106	117	167	166	172	186	218	200	173	140	165	175	152	147	161	116	99	98.9	102	106
227	232	241	252	290	182	194	168	177	187	225	256	267	262	227	296	341	377	400	310	353	399	320	344	436	430	641	511	397	361	380	261	190	192	157	128	104	109	143	183	172	202	218	239	263	238	288	347	346	311	266	302	261	220	271	301	377	408	402	335	339	327	213	181	184	171	183	157	128	141	105	165	206	187	206	222	255	287	301	281	276	199	184	196	213	166	220	176	170	170	101	59.3	59.5	52.5	59.8	41.8	56.1	67.7	66.5	73.9	78.7	90.8	137	167	222	261	253	239	209	197	158	147	127	92.5	71.8	82.2	116	119	105	123
214	228	267	270	303	280	276	224	199	223	224	256	243	229	214	228	285	351	370	395	572	421	377	407	519	462	561	530	491	403	299	179	224	310	228	173	116	109	109	139	139	149	218	254	262	264	256	340	345	252	238	214	274	240	294	281	265	308	484	376	403	269	221	140	155	156	131	134	123	111	117	184	192	224	184	207	203	227	236	243	199	161	118	171	154	152	138	137	139	139	112	57.8	64.4	52.5	69.9	35.3	37	43.9	57.7	70.1	71	92.5	103	114	174	181	192	215	153	103	125	111	108	89.7	92.3	66.4	96.1	122	100	83.6
216	244	317	241	256	233	236	207	204	181	200	219	208	188	203	222	343	344	316	380	357	366	362	406	464	502	423	454	529	511	382	229	220	311	260	165	92.5	111	102	127	141	208	236	250	302	297	296	278	263	201	212	228	264	257	268	284	265	288	409	388	276	270	232	116	119	175	130	166	132	119	140	153	228	154	120	211	255	196	209	185	148	134	119	149	126	165	137	177	146	126	97.9	89.8	52.4	40.6	43	42.4	48.3	45.1	47.7	66.7	64	71.4	57.6	71.6	95	105	102	138	129	114	131	108	128	107	131	96.8	90.5	141	118	72.4
178	198	199	130	133	126	160	165	156	130	139	158	188	207	194	290	290	327	284	335	278	300	385	358	413	512	452	368	389	497	416	315	236	243	279	140	129	134	107	137	172	254	270	238	267	327	307	277	238	206	213	279	286	335	349	340	295	261	313	433	342	295	233	186	165	197	211	220	214	213	141	169	189	156	138	166	170	138	180	160	231	157	149	195	120	151	226	149	122	114	73.8	72	74	50.2	32.9	23.3	28	29.9	37.7	59.6	55.2	50.5	39.1	44.7	59.5	38	62	70.7	82.3	91.5	70.8	52.6	92	106	149	96.9	115	102	68.2	43.4
135	183	160	183	140	136	155	149	141	147	178	211	255	240	206	231	257	233	308	291	259	276	299	288	268	326	279	308	336	392	285	230	177	184	169	196	200	176	145	137	171	320	314	257	281	331	275	283	306	286	270	335	350	325	359	463	269	235	320	321	366	289	220	225	231	232	239	200	206	163	157	202	181	243	244	275	134	159	198	178	205	204	151	146	120	149	198	128	104	98.6	63.6	44.7	41	32.1	29.3	36.8	43.7	44.3	54.7	52.7	43.4	42	33.1	36.1	38.7	25.2	30.5	30.2	59.7	69.7	30.9	39.1	50.9	57.1	77.8	66.4	76	40.6	46.7	55.3
140	168	189	180	180	205	206	160	160	160	200	239	226	197	195	179	212	235	290	308	228	269	259	290	304	318	207	234	287	276	212	194	156	146	125	145	245	191	162	146	184	256	319	303	297	361	252	268	283	299	263	293	308	308	361	468	276	261	286	291	300	275	176	258	240	166	303	247	188	146	134	158	166	190	214	267	216	199	245	207	190	177	178	230	142	138	169	110	98.2	70.2	34.4	30.7	33.4	24.5	28.7	28.8	38.4	41.7	44	47.6	43.4	30	19.4	29.7	28.7	25.1	18.5	22	38	36.2	25	25	21.3	18.9	16.9	22.9	39	32.8	32.2	40.3
122	147	177	224	182	195	229	200	161	148	148	181	188	184	196	184	211	272	348	296	252	206	230	262	233	228	206	240	300	220	211	219	160	138	124	118	206	239	216	162	159	261	309	334	354	402	343	255	238	256	260	325	325	339	344	356	274	249	259	265	252	221	201	202	212	255	243	212	181	140	129	126	142	133	156	272	210	184	180	203	212	164	172	169	172	111	97.9	85.3	143	138	63.3	49	36.2	16.8	28.2	42.5	41.4	31.6	28.6	34.7	52.6	57.1	25	20.8	15.6	12	6.75	7.74	16	20.2	12.5	15.3	11.2	11.5	7.32	13.4	24.2	17.4	21.3	21.1
115	122	191	241	192	183	185	192	193	201	191	237	225	184	176	162	197	276	290	298	261	241	229	298	238	239	246	280	258	240	261	188	157	157	195	216	183	194	177	134	180	274	299	356	412	384	372	282	244	282	262	347	398	406	417	414	285	212	251	228	240	240	187	207	246	236	241	202	177	141	139	131	129	135	150	211	218	174	133	176	178	147	138	143	103	120	106	128	192	145	106	54.8	29.6	44.9	24	27.1	27.9	30.8	30.3	37.5	38.8	58.1	51.4	34.3	19	22.1	17.6	43.6	32.5	26.6	18.2	9.42	7.83	8.07	13	10.6	16.8	8.88	6.36	17.3
145	156	190	238	216	254	253	257	283	264	272	275	263	282	244	220	216	209	223	270	265	226	301	207	170	134	179	179	170	180	173	153	123	111	124	147	191	156	158	152	181	238	266	315	376	344	336	366	294	245	254	385	425	403	356	398	311	256	317	241	193	221	177	164	236	186	222	207	177	122	106	127	144	158	144	143	172	123	101	119	155	161	151	136	110	138	140	138	158	151	123	86.7	59.3	41	29.8	51	52.8	30.9	26.7	31.5	38	48.9	71.5	29.8	53	47	27.3	25.1	12.4	11	16.9	3.54	1.5	6.27	4.38	11.2	10.7	11.6	21.1	24.9
111	160	179	168	211	199	220	240	234	239	273	263	236	261	232	226	176	223	150	224	256	178	266	219	158	154	148	150	152	145	132	132	139	128	114	140	111	157	174	198	230	244	291	313	307	296	299	284	312	275	303	362	361	352	269	282	288	264	267	204	155	147	157	194	175	183	157	150	113	87.8	92.7	133	146	139	147	110	102	91.4	94	78	78.3	111	149	142	122	127	111	139	98.5	83.9	87.4	96.4	85.8	47.4	47.6	84.3	52.6	33.6	28.9	41.8	28.6	32.3	42.8	45.3	25.5	19.3	24.3	13.5	14	11.1	3.78	2.55	7.38	4.47	0.27	7.56	12	11.4	29.2	16.8
128	155	165	196	209	181	211	218	205	238	263	232	247	231	208	181	172	200	209	226	223	204	224	178	162	182	143	177	132	113	102	117	111	98.1	80.9	115	106	142	173	158	193	241	298	365	291	296	245	255	263	245	326	425	315	280	253	330	250	294	236	220	227	230	192	197	140	176	183	143	146	81.9	92.8	164	164	145	152	94	119	152	120	87.1	60.9	107	133	81.2	127	146	118	105	104	92.1	106	75.9	89.5	60.1	72.6	83.7	55.7	31.2	33.3	31.5	28	39.2	33.1	49.1	14.8	7.68	18.6	13.2	21	8.73	7.65	6.93	8.28	4.89	0.12	2.91	4.05	5.31	14.1	14
144	136	160	191	151	181	218	202	203	291	270	240	245	203	213	136	141	199	203	277	286	231	198	139	178	180	137	128	136	134	81	95.5	100	99.9	126	132	176	177	145	152	187	232	277	331	261	301	329	273	307	280	259	285	280	275	310	266	281	314	321	212	205	147	127	164	154	132	182	119	126	95.7	104	176	154	155	108	109	84.7	137	130	84.9	119	157	107	73.8	139	132	83	95.4	132	100	116	85.4	80.4	102	69.1	35.3	52.2	27.2	40.3	30.8	31.4	36.6	42.5	29.9	28.9	29.6	10.9	4.74	0.18	13	3.63	3.15	6.69	4.32	0.12	0.06	8.43	4.5	6.54	18.2
186	188	180	200	183	243	285	275	265	277	352	288	267	224	209	180	177	195	236	311	191	151	189	159	142	114	120	136	157	105	73.1	64	75.5	116	110	176	235	247	206	192	109	158	326	329	286	281	341	269	280	272	298	327	281	264	394	249	283	292	229	201	205	199	172	229	221	206	208	159	142	110	153	155	184	148	95.2	90.3	74.5	98.4	80.6	101	140	135	95.4	72.4	163	172	109	110	158	164	121	93.8	80.4	115	108	194	135	106	70.7	63.6	89.6	105	93	103	91.5	54.9	22.9	0.09	4.14	7.47	4.68	1.8	6.36	10.2	29.6	8.22	3.42	4.77	16	21.4
164	156	158	184	185	215	239	256	273	246	302	284	232	222	199	191	230	243	306	293	190	199	213	178	121	119	116	127	114	112	89.8	67.7	119	154	128	210	298	217	198	236	112	163	302	292	234	218	235	228	266	298	288	248	295	213	206	218	208	181	170	189	193	239	259	269	214	160	168	198	175	215	205	147	144	188	126	74.3	122	112	113	101	90.4	54.5	79	97.4	175	186	128	171	178	233	145	130	102	135	123	235	142	90.8	42.9	59.5	83	90.8	88.6	68.2	50	56.2	39.3	14	18.5	13.4	2.46	3.6	5.13	23.5	40.6	11.7	13.6	8.88	15.2	5.55
142	103	127	198	249	257	243	247	237	259	344	252	201	205	208	208	232	240	290	253	252	269	218	140	84.6	120	139	132	114	134	144	133	161	171	161	243	276	240	196	121	137	141	215	244	168	139	167	232	261	317	202	231	223	203	192	147	122	167	234	227	249	223	209	191	123	113	127	165	185	132	112	137	69.8	75.4	100	95.9	138	98.5	129	105	83.9	65.8	63.5	137	127	98.6	147	189	156	147	183	208	247	228	188	292	309	135	92.8	91.6	64.3	82.6	118	201	123	118	86.7	52.5	15.1	2.46	0.33	0.51	4.71	30.1	49.7	24.4	20.3	12.2	14.3	17.5
173	181	226	267	261	234	243	270	257	265	300	274	234	239	184	143	148	203	222	210	234	240	193	125	112	171	181	148	157	141	123	140	162	204	173	289	301	248	256	132	156	216	210	237	138	141	159	174	207	266	261	280	242	162	143	149	129	159	237	237	200	189	190	168	142	128	184	199	174	144	125	104	79	62.2	55.3	52.6	81.7	98.3	80.3	84	48.4	72.3	95.3	111	147	115	152	146	124	105	164	136	169	176	159	278	168	135	150	70.5	66.2	76.7	100	64.8	138	91.5	58.9	23.9	8.61	7.32	5.34	3.15	9.63	11.2	7.29	27	34.2	20.2	17.3	24.9
162	194	213	244	221	207	179	193	245	234	215	199	225	199	154	150	152	179	151	146	152	181	172	95.6	131	132	125	150	154	115	105	125	133	157	286	339	199	179	163	179	140	133	180	237	290	286	199	177	168	144	230	255	201	141	158	144	191	220	189	256	253	185	182	120	153	142	212	216	188	189	113	79.8	49.3	46.8	33.6	57.1	63.4	103	107	88.8	79.6	151	138	152	169	144	110	164	167	127	121	129	151	168	166	188	147	76.2	79.7	110	90.8	58.6	90.1	153	163	175	185	141	142	132	129	33.6	42.6	30.9	33	40.9	47.3	27.6	27.6	41.9
168	208	225	260	193	165	157	173	206	178	209	157	138	170	161	138	171	210	138	99.7	125	132	157	109	102	98.5	113	112	153	136	121	153	153	166	296	351	209	203	199	196	146	146	161	283	320	264	202	135	141	127	202	230	170	137	158	116	121	165	151	230	165	135	175	120	151	182	201	214	181	141	121	80	51.8	45.1	36.5	42.5	71.8	128	153	157	214	311	247	221	210	120	104	176	183	138	114	131	199	178	206	252	208	88	88	126	73.6	57.9	83.5	151	194	193	191	161	153	166	132	38.6	45.4	59.6	48	44.5	45	31.2	31.5	39.7
170	173	221	245	235	172	172	156	179	181	164	153	123	156	141	141	164	190	173	114	165	155	122	133	125	107	126	112	130	162	164	179	148	167	226	318	255	268	239	226	265	251	309	228	262	205	201	133	146	205	246	227	136	119	99.9	122	95	113	111	155	144	146	111	121	131	169	157	162	139	131	93.7	57.1	70.6	51.4	61.4	82	120	116	134	205	231	233	223	246	264	221	170	195	197	194	168	149	199	169	119	243	222	160	109	118	96.1	63	103	182	215	211	206	201	168	201	132	38.3	35.7	38.9	52.5	50	38.4	33	38.9	37.5
158	152	173	214	242	203	195	160	183	127	139	132	118	121	120	113	150	198	198	146	142	164	179	160	164	161	156	134	183	192	178	231	198	197	185	291	339	255	255	249	317	270	344	268	205	181	175	184	152	215	183	197	146	114	92.8	74.1	69.1	138	141	146	118	95.4	79.3	52.3	92.2	131	134	102	121	161	102	81.3	63.2	55.8	99.2	124	149	119	131	135	156	172	186	206	264	281	197	185	166	190	156	142	154	115	112	251	294	158	141	112	95.7	81.1	158	205	295	271	280	265	194	210	142	64.8	29.4	26.1	35.6	47.2	47.1	43.7	31	7.11
138	156	151	144	174	198	210	161	161	149	149	111	138	136	175	112	119	155	239	191	150	180	191	177	194	181	151	205	208	232	244	275	292	239	202	200	180	195	240	276	264	265	320	276	241	179	208	182	149	182	189	221	135	138	118	81.7	77.2	86.3	113	108	52.7	72.9	63.9	63.6	94.7	97.8	91.3	77.9	105	135	123	150	88.9	121	113	87.4	91.6	77.8	114	88.8	96.2	123	146	177	228	212	207	213	192	206	170	145	114	74.5	76.6	214	287	224	197	155	127	162	194	256	258	254	277	275	267	221	191	153	136	64.2	71.1	62.6	60.5	54.9	39.4	21.2
154	174	150	129	133	158	164	170	190	180	165	190	141	185	212	149	129	140	171	176	130	167	169	175	218	195	175	177	189	226	218	244	275	217	190	171	168	226	229	285	257	326	282	340	285	187	171	134	127	124	156	161	135	156	109	114	98.7	74.3	84.9	118	152	84.4	69.3	80.5	108	105	97.7	104	105	77.3	109	53.1	44.2	161	79	88.3	64.9	98	127	100	109	138	132	130	122	128	143	197	231	199	165	94.6	136	91.1	33.6	134	184	155	189	198	168	193	186	212	221	268	257	176	186	272	204	235	145	150	160	61	49.1	47.1	34.5	30.9
158	144	132	155	216	191	173	232	230	223	200	151	123	180	175	141	157	148	218	176	135	130	144	167	132	166	171	167	148	138	164	193	158	138	218	171	199	214	259	281	286	351	357	369	290	197	177	153	138	139	198	208	135	145	134	117	87.7	81.6	99.7	74.5	107	123	99.2	69.6	64.4	67.6	57.4	118	108	67.2	80.3	71.8	32.7	43.9	43.9	53.3	67.4	75.2	61.4	61.6	118	126	147	168	268	154	165	182	143	85.1	116	188	74.3	60.6	51.4	126	145	178	181	213	215	267	257	217	194	211	229	209	166	158	250	198	170	135	184	134	94.5	54.9	33.3	19.2
154	120	132	147	234	194	193	213	211	192	229	228	159	185	238	189	172	178	236	166	163	146	164	156	131	192	160	156	144	160	173	174	103	103	214	213	212	239	283	287	299	346	410	363	309	267	180	123	137	163	228	226	173	182	150	114	65.9	73.2	93.7	155	112	110	102	60.8	58.9	61.4	102	82.2	58.7	41.7	48.3	55.9	41.9	42.1	40.8	45.1	58.6	54.9	38.6	40.8	91.5	129	100	110	158	144	108	172	105	51.6	98.2	151	89.2	81.1	131	152	104	129	129	127	164	228	261	259	180	164	194	196	157	157	178	186	184	104	151	156	116	64.4	55.5	86.7
118	110	149	137	166	243	162	220	237	189	267	364	359	242	250	226	193	254	301	233	187	197	187	212	204	207	225	219	201	198	209	211	180	139	169	185	167	190	194	333	302	275	336	367	366	419	372	202	128	160	224	187	187	131	119	61.6	69.5	82.7	91.2	111	67.3	85.7	108	96.7	85.4	93.8	105	93.1	111	130	114	96.1	104	70.3	92.2	80.2	79.5	58	71.8	59.4	61.2	67.9	66.1	129	192	149	139	116	98.3	91.7	115	137	106	97.3	85.1	130	136	162	128	249	199	162	146	129	144	132	72.5	100	114	102	141	129	151	137	136	171	105	94.3	123	148
118	131	130	127	132	118	134	227	247	205	191	224	244	213	181	172	290	246	282	190	157	173	191	247	276	256	219	266	260	303	273	230	204	146	140	134	130	188	170	233	258	312	299	382	316	286	356	288	153	117	133	117	118	123	99.8	49.7	62.3	85.7	132	65.2	48.5	61.1	41.6	56.7	83.8	90.8	93.8	111	165	131	125	108	105	72.5	88.8	77	57	56.6	53.6	78.9	91.9	59.6	52	60	83.1	102	106	114	76.5	119	142	144	70.3	65.7	66	80.8	108	189	200	195	155	123	130	90.1	85.8	89.4	138	104	76.5	59.3	92.8	175	190	122	137	146	88.2	121	116	163
120	136	155	133	117	93.6	135	174	197	252	256	225	187	187	152	173	228	193	170	146	128	131	191	223	289	268	233	254	358	331	271	204	196	166	132	98.1	106	131	163	226	224	227	200	265	250	204	243	207	148	80.9	107	89.3	82.7	68.6	64.3	82.9	61.2	65.2	158	63.8	44.2	74.3	45.4	50.3	78.5	75.6	95	137	146	138	121	89	72.3	63.9	81.1	73.6	80.4	72	64.2	62.7	99.1	43.5	51.3	44.6	82.9	114	76.8	71.3	66.7	116	91.5	70	60.4	67.2	72.1	70.6	46.7	59.2	131	159	157	149	106	81.3	57.4	74	82.1	90.6	98.6	111	88.7	103	110	95.6	82.2	63.5	72.7	98.6	90.4	78.4
142	164	179	176	162	122	174	126	172	165	295	200	130	193	193	170	171	142	142	132	154	128	132	187	165	203	231	242	231	221	187	186	186	142	141	102	102	126	157	216	188	171	186	209	221	166	164	140	119	63.9	82	77.7	40.3	37.4	87.7	61.5	68.4	118	143	89.5	61.8	118	75.7	68	85.3	106	99.5	90.9	109	89.7	77.9	117	74.1	92	80.3	91.7	81.7	104	99.5	63.4	48.5	45	72.7	52.1	68.5	67.1	61.9	54.9	33.2	74.7	44.7	52	54.8	58.6	48.6	68.2	76.7	69.3	104	158	172	174	121	78.9	87.6	112	77.7	101	115	81.6	58.3	54.9	44.1	53.7	78.2	86.5	83.1	131	98.8	107
117	135	158	229	126	98.4	101	134	139	108	112	119	103	142	153	154	146	158	175	123	135	107	106	126	154	168	224	209	193	159	154	158	143	111	106	95.3	96.8	87.7	114	190	126	97.2	138	116	132	137	123	145	113	70.3	55.6	50.1	54.4	27	26.8	20	44.5	71	85.5	57.8	61.1	47.3	46.1	88.1	116	103	82.1	103	144	122	106	108	124	126	98.1	126	71.4	98.6	120	80	70	53.3	38.8	59.2	118	74.5	60.9	66.3	39.8	54.7	47.9	31.3	39.4	44.4	39.4	44.7	52	44.1	40.4	92.6	87	59.6	48.2	47.7	55.8	117	173	148	77.1	80.2	60.6	66.3	99.9	106	131	128	99.1	88.7	116	88
115	125	146	138	140	103	102	116	125	127	117	96	99.8	115	108	119	151	190	146	124	116	101	89.8	102	140	227	278	172	192	143	150	147	117	116	99.1	73.5	71.8	63.3	71.7	123	103	118	86.2	63.8	121	132	112	102	67.2	31.6	15.4	24.4	20.1	35.1	56.8	42.4	65.9	40.3	28.8	41	61.6	64.8	45.2	72	117	129	134	131	133	131	119	106	115	105	86.8	72.3	64.7	73.6	103	108	88.8	85.3	61.3	73.9	142	84.3	68.2	130	50.2	36.9	36.8	37.4	47.7	35.4	23.5	32.3	82.2	33.1	32.3	45.1	30.7	35.1	39.1	41.5	45.2	138	138	134	90.9	70	136	163	177	185	133	147	52.6	40.9	35.9	76.7
103	99.5	129	144	113	95.3	106	109	206	166	190	114	106	123	120	139	173	200	142	109	134	148	156	154	206	266	262	167	160	140	152	197	132	117	98.2	68.3	98.2	64.8	58.3	82.2	105	82.1	62.2	66	64.6	89.2	76.9	57.1	65	60.5	68.3	48.9	46.9	47.5	135	62.9	38	31.8	38	48.4	77.1	81.8	106	92.1	105	139	138	129	126	109	108	123	139	98.9	73.3	65.3	89.4	70.6	102	88.9	86.2	52.4	43.3	74.5	136	62.4	64.1	143	80.5	55.2	47	20.9	30.8	43.2	19.6	71.3	85.3	53.4	23.3	15.9	29.3	37.9	32.6	30.9	26.9	37.6	43.8	51.7	49.4	107	166	174	177	106	102	68.7	54.3	30.8	50	81.1
97.6	110	142	137	110	114	113	97.4	128	162	151	123	141	156	147	134	148	175	138	142	198	159	138	151	165	180	166	159	151	143	131	164	130	115	138	94.8	95.6	114	94	109	120	131	99.7	113	105	120	104	93.6	105	120	108	52.2	38	38.8	71.5	70.3	40.7	59	72.2	93.2	78.6	55	71.1	81.4	84.3	76.3	80.4	129	116	84.8	77.2	73.7	86.6	82.9	70	75.3	49.6	60.7	77	88.2	63.6	26	23.1	42.4	54.2	66.2	68.6	104	52.4	37.1	48	39.2	40.4	40.9	57.7	47.8	42.2	42.6	20.9	13.8	26.9	46.6	27.9	24.7	28.5	44.6	40.1	31.9	36.8	37	92.3	103	76.2	36.3	34.1	44.7	41.7	45.7	52.5	83.5
105	113	150	166	182	149	116	115	119	180	129	150	157	121	141	152	147	133	140	153	217	155	141	154	159	144	127	139	153	163	157	118	130	116	174	101	104	201	162	123	105	100	103	123	89.1	113	109	106	127	107	80.1	67.7	38.4	46.9	65.4	69.3	57.2	61	55	58.1	36.6	28.8	36.7	41.4	102	67.3	47.4	87.1	75.6	72.8	83.5	113	111	111	51.8	98.4	41.6	27.2	43	93	106	47.7	58.2	42.6	38.1	31.8	111	83.6	49.5	30.1	53.7	44.6	62.9	35.8	49.9	51.5	40.6	40.5	26.2	23.4	24.8	46.7	35.2	32.8	29.9	22	33.1	29.1	15.2	31.1	30.9	52	42.3	21.1	22.3	30.8	43	35.9	34.9	47.6
95.6	86.1	101	134	142	169	185	153	148	121	119	121	173	133	142	171	187	168	193	168	208	143	172	200	188	140	127	142	166	177	175	133	128	141	190	114	99.9	130	156	127	108	95.2	106	136	121	119	102	114	99	70.2	72.8	69.3	77.7	75.4	59.9	72.8	55.7	39.6	47.8	26.8	28.7	22.7	25.2	17.7	51.5	63.1	75.2	77.6	86.3	96.1	128	109	89.5	87.8	56	39.6	30.4	46.2	48.3	82	74.3	39.9	42.5	46.1	41.7	39.3	102	120	42.2	24.7	30.8	31.7	52.5	52.1	48.1	47.5	28.2	36.8	31.3	21.3	24.8	27.8	20	17	14.6	11.1	13.5	16.7	8.58	12.2	16.7	21.9	23.3	26.8	22.4	21.7	25	31.5	32.1	48.1
85.3	85.7	113	93.3	99.1	117	189	123	180	112	169	142	117	115	126	188	199	207	183	157	152	150	190	220	181	157	112	139	183	165	159	159	112	128	117	117	107	104	95.4	106	100	87.4	101	119	126	110	104	89.4	36.6	40.5	85.3	62.9	38.2	44.3	70.1	105	64.7	35.8	42.3	36.3	31.4	41.4	65.6	66.4	27.1	88.2	140	58.6	91.2	111	66.7	65.6	88.3	76.8	46.9	47.8	28.9	32.6	64.4	47.6	35.5	45.7	38.3	32.1	32.9	22.6	55.7	50.1	33	33.6	51.9	51.7	29.1	74.6	87.6	57.4	31.9	35.3	35.2	23.1	28.8	53	19.5	12.8	10.2	9.71	8.74	12.3	11.1	6.36	8.09	14.6	43.7	43.8	18.5	43.3	40.8	21.6	44	26.8
100	95.5	109	96.6	94.6	94.4	97.1	176	129	105	182	201	103	127	148	155	177	201	195	216	173	188	241	227	164	175	236	154	137	139	161	139	90.4	98.1	111	94.1	81.7	108	85.1	89.9	94.3	93.8	93.9	89.6	108	101	115	80.3	53.4	45.9	64.7	55.4	36.5	52.8	89.3	102	71.6	49.5	46.3	31.2	30.8	61	46.6	33.1	31.5	36.9	76.4	48.6	110	108	66.2	74	74.8	58.3	47.3	40.9	34.5	34.6	44	69.1	62	69.4	42	38.4	23.9	45.8	52.8	23.2	36.3	38.4	54	45.5	55.9	79.5	37	40.6	46.6	37.2	33.7	41.1	30.3	32.1	19.9	11.9	11.2	10.7	15.3	14.1	9.34	16.4	11	14	25.1	12.4	13	46.2	28.4	22.8	28	41.8
99	96	99.2	93.7	102	97.8	101	107	107	105	135	133	123	137	151	176	189	157	122	129	145	151	145	121	95.5	96.2	94.7	118	107	99.1	119	134	112	90.5	81.6	84.5	111	102	73.3	82.2	68.5	72.7	72.6	65.6	101	114	95.5	81	64	55.5	56	34.6	55.5	76.4	60.8	97.8	81.5	67.8	67.6	52.1	62.5	36.7	24.6	24.3	14.4	24	33.1	43.5	84.1	56.2	25.1	30.4	48.2	84.3	33.2	66.5	79	49.2	40.7	68.7	61.4	41	30.6	37.2	35.5	48.6	52	24.3	25	36.2	30.3	26.1	41.1	51.1	34.8	48.2	70.8	33.8	40.4	52.7	53	26.6	20.7	16.2	18.5	13.7	12.5	10.3	9.4	11.2	8.63	9.34	12	6.32	9.95	30.4	28.1	33.9	32.6	32.4
107	104	93.2	104	167	123	95.2	95.2	105	139	117	140	160	152	115	131	137	117	88.7	101	89.4	99.1	118	92.6	65.7	58.8	82	87.1	72.8	103	103	122	147	155	82.6	73	109	68.9	48.3	62.4	73.4	79.4	64.2	87.6	80.6	77	93.6	73.8	82	80.9	55.5	41.7	71	76.4	41.1	35.2	40.1	54.1	66.5	54.1	41.7	30	21.4	17.3	28.5	30	31	36	72.6	48.8	95.6	72.8	48.3	32.4	50.2	44.6	25.4	37.1	71.4	86.1	45.9	26.2	23.2	29.4	22.5	34.1	26.9	24.4	28.9	24.2	27.2	15.6	30.7	37.1	35.4	44.5	31.5	27.5	46	66.2	63.2	36.2	29.5	17.8	16	15.3	13.9	11.6	12.5	12.5	8.9	6.93	14.1	6.66	7.42	10.3	11.4	24.2	28.2	19.6
119	120	105	107	144	118	98.9	97.9	95.6	114	118	121	124	97.6	112	124	122	118	96	82.2	94.1	106	84.2	69.4	83	84.3	77.7	95.9	61	93.5	124	124	143	112	100	89.8	76.3	40.7	77.6	61	78	100	89.5	106	81.4	82.4	77.8	69.3	73	70	61	53.4	53.8	52.5	58.4	61.5	52.6	40.8	44.9	44.5	27	21.3	20.7	102	85.5	71.2	62	70.5	75.8	122	171	131	67.5	63.5	30.3	24	47	58.6	99.1	89.8	32	20.4	23.7	19.9	18.6	22.2	82.3	27.5	16.7	13.6	20	12.4	27.2	39.3	47.8	32.1	33.4	45.5	55.6	56.3	72.1	53.3	28.5	18.3	17.6	17	15.4	13.1	12.1	11	10	7.33	6.58	8.75	7.58	9.77	17.8	11.3	12.1	18.4
106	95.8	99.7	125	109	110	97.5	82.7	113	90.9	104	107	95.3	83.6	109	107	87.4	117	109	114	105	74.1	90	84.9	83.7	69.8	73.3	80.8	71.7	80.8	94.8	84.8	85.7	68.5	69.1	59.9	54.3	48.6	71.8	51.4	54.4	62.5	68.6	62	65.1	62.6	54.5	59.4	69.8	81.2	79.8	95.9	66.6	45.5	58.3	70.9	58.2	65	45.2	21.2	25.2	17.8	24.3	46.3	97.1	97.8	56.7	58.6	78.1	129	176	140	89.1	80.4	33.9	28.6	48.2	116	111	57.1	28.5	21.9	47.7	68.1	55.9	71.9	63.8	14.5	17.4	13.8	16	15.8	25.6	21.8	19.4	20.5	32.2	47.8	59.4	63	59.6	50.7	48.3	21.8	19.2	18.8	17.3	14.8	13.9	12.6	11.3	8.3	13	12.9	11	9.59	17.3	10.4	11	14.8
105	98.7	99.5	105	115	112	113	88.2	90.2	88.8	104	96.2	74.6	84	92.8	94.1	81.8	84	110	107	102	70	76.5	81	95.3	75.8	96.7	114	96.2	135	147	129	89.2	64.5	49	60.1	49.1	64.8	65.6	42.2	37.8	43.8	68.5	55.2	51.9	58	39.3	42.7	59.9	74.5	86.6	79.3	97.6	81.6	62.1	110	56.6	57.6	50	47.3	39.2	36.4	26.6	37.9	39.7	53.8	55.5	46.5	90.8	122	131	126	56.2	39.9	33.3	50.1	57	60.3	48.7	29.5	32.3	35.3	17.3	28.9	63	75	41.1	19.3	11.8	11.7	13.2	23.7	16.9	13.9	14.7	20.7	23.7	56.5	65.5	90.1	76.2	50.8	30.8	27.9	29	33.2	35.6	31.2	22.9	19.1	16.3	10.3	9.38	9.16	10.7	10.7	10	30.2	22.6	9.94
120	112	76.9	90.8	103	126	115	102	78.7	86.9	76.1	83.1	68.8	58.8	70	104	107	105	97.5	79.6	120	76.1	66.8	76.5	75.5	80.5	61.9	58.8	70.1	92.7	79.6	106	62.9	57	51.2	63.3	50.6	66	43.1	18.2	24.9	26.6	41	40.2	50.6	64.8	51.8	45.1	43.7	48	49.9	94.8	75.5	62.5	73.6	92.8	63.6	36.5	59.9	67.1	57.3	47.3	36	42.9	45.7	54.3	64.2	36.6	68.1	94.8	87.5	101	53	40	41.5	36	73.2	83.7	52.3	39	45.8	42.4	32.5	63.1	98.2	81.5	25.4	14.2	11.6	22.6	15.2	18.4	13	13.6	14.2	15.4	19	39.7	105	129	87.7	57.9	20.3	29.4	34.1	51.5	51.8	31.5	23.8	21.2	17.8	10.6	9.38	8.82	8.98	9.6	9.11	8.79	8.33	7.99
108	127	103	80.7	86.9	121	94.1	71.4	54.8	77.6	103	78.4	57.7	66.9	78	88.2	95.8	119	87.1	103	75.9	81.6	71.3	72.4	62.4	43.5	41.7	43.8	43.6	30.3	32.7	68.9	84.5	55.1	46.3	44.5	37.7	62.2	52.8	37.1	33.2	39.6	41.5	37.2	43	60.5	45.7	46.2	32.6	59	51	62.6	48.9	68.3	62.1	81.6	57.8	68.9	44.6	41.3	59.4	59.5	42.8	53.5	77.5	91.8	51	99.1	77.1	56.5	33.2	58.6	75.3	53.4	43.2	47.9	58	68.2	70.1	80.6	25.2	40.8	68.2	80.8	38.5	37.5	42.6	11.2	18.3	25.3	18.4	12.4	12.4	13.1	14.5	18.2	18.3	51.4	86.8	101	74.7	64.7	21	49.6	59.9	41.6	31.6	27.3	25.7	23.5	22.3	11.1	9.9	9.16	8.99	8.56	8.43	7.99	8.75	6.65
176	140	135	91.2	86.8	85.7	83.9	85.8	75	75.4	83.2	84.6	80.9	104	98.6	71.6	97.7	106	75.2	52.2	56.9	65	49.1	47.4	44	24.4	31	27.8	35.3	37.8	38.5	66.7	76.1	69.9	64.7	43.2	31.2	36.9	39.5	50.4	35.9	49.1	38.8	40.7	50	42.3	62.9	45.5	88.9	66.8	38.4	58	76.2	69	61.2	48.5	78.7	93	65.1	51.4	74.2	70.4	57.1	58.2	63.8	60.1	72.3	101	91.9	55	48.8	45.1	71.5	53.4	51.7	67.6	52.4	44	75.5	61.9	28.9	27.4	48.2	37.5	34.5	11.7	11.6	15.5	21.5	12.8	11	11.8	11.3	11.7	13.4	12.9	16.1	40.8	52.1	61.6	38.2	52.8	18.7	53.6	43.2	34	30.8	28.3	27.2	24.9	21.8	12.4	11.3	10.6	10.2	9.29	9	8.48	9.27	6.9
177	146	130	83	89.5	93.5	94.8	101	99.8	85.6	92.6	100	76.7	93	102	62.4	82.2	68.8	90.5	84.5	81.3	45.1	50.3	62.1	60.6	41.4	54.4	53.3	43	40.1	47.5	46	41.4	47.6	50.8	49.3	45.1	44	49.1	75.5	79	116	81.9	72.4	80.5	80.5	79.5	84.5	105	111	59.8	78.8	89.3	80.2	88	69.7	65.1	64.6	87.4	86.8	55.1	68	70.1	68.6	58.7	48.8	51.5	30.2	40	112	24	18.3	30.2	34.5	28.2	29.4	17.7	24.7	42.7	28.9	16.1	8.94	16.6	21.1	8.93	16.7	13	9.94	10.9	9.9	17.6	24.4	9.69	10.2	16.1	15.5	12.3	23.9	25.9	34.1	36.2	42.5	24.9	39.5	33.4	33.6	32.7	31.7	30.9	28.8	25.7	17.3	15.8	18.6	13.4	10.7	10.5	9.49	9.04	7.5
133	142	129	90.9	91.2	101	82.1	78.2	95.2	110	81.4	87.3	73.6	66.6	77.4	62.2	68.9	55.6	69.2	62.5	93.7	43.8	58.7	82.8	62.8	68.5	57.4	55	41.1	27.6	51.7	29.8	28.4	39	34.4	39.7	41.2	52.1	63.3	88.3	85.5	95.3	87.5	96.5	83.1	93.7	67.4	60.5	70.1	79.3	78.2	65.2	77.9	42.8	57	56.6	56.4	74.6	50.7	48.5	27.8	84.5	87.5	98.4	93.2	69.7	45.8	40	28.1	18	31.3	20.8	47.6	41	36.3	25.4	22.1	18	13.1	18	10.3	13.9	8.87	13.4	11.2	19.6	29.5	12.9	12.9	16.9	39.1	8.63	8.86	9.35	10.1	10.4	10.7	11.8	14.6	22.8	20.5	31.9	24.6	29.7	32.4	33.7	33.3	32.9	32.6	30.8	27.9	18.8	18.2	17.9	14.6	11.3	10.6	9.85	9.4	8.37
113	112	96.1	75.2	72.8	73.3	95.9	84.6	96.9	104	94	99.5	80.4	54.5	63	48.9	67.1	61.6	63.2	56.6	56.8	50	35.7	46.6	47.2	74.3	59.2	49.7	51.5	42.6	40.2	39	31.4	36.7	23.1	25.6	40.5	80.8	73.6	99.2	101	98.5	81.6	129	120	86.3	118	70.1	62.8	59.6	61.8	61.6	41.6	47.3	26.5	25.8	42.4	51.1	42.1	34.3	33.9	42.4	81.4	77.7	55.1	37.9	16.7	7.04	10.7	7	13	14.4	20.8	42.7	52.7	15.9	18.4	21.4	10.6	18.2	36.7	20.5	7.57	10.6	20.1	34.8	32.2	16.2	13.9	11	22.3	21.6	11.2	21.8	13.3	9.18	9.46	10.4	12.6	15.9	19.1	29.6	46.1	27.5	30.2	31.7	32	32	32.2	30.9	28.5	19.3	18.4	16.9	15.3	11.6	10.7	9.88	9.43	7.61
93.5	84.9	73.3	57.4	57.3	64.5	74.2	76.5	96.5	94.4	66.1	52.7	46.2	55.2	57.7	44.3	56.6	60.9	61.1	80.3	88.2	64.5	69.4	38.8	52.2	34.5	57.4	35.5	47	45.4	35.1	33.6	34.9	29	37.9	53.8	30.5	44.9	73.8	148	137	125	94.8	86.2	100	97.4	106	67.6	71.6	49.5	43.9	59.3	21.2	42.6	25.1	33	59.7	80.1	90.7	54.7	29.7	47.3	63.9	47.9	28.9	26.1	25.3	8.08	12.9	8.37	12.7	11.6	47.6	30.3	9.95	11.9	57.5	14.8	10.1	18.6	17.6	8.83	11.4	12.2	19.8	44	28.7	20	15.4	17	38.4	49.2	57.6	30.4	15.8	8.35	8.68	9.48	10.9	13.8	16.3	26.3	30.3	24.1	26.4	28.1	28.8	29.3	29.8	29.1	27.4	18.9	18.2	17	15.4	11.4	10.5	9.61	9.17	7.31
53.1	50.5	50.3	49.6	53.7	59.4	65.9	60.9	53.4	59	51.9	50	39.1	61.1	42.1	20.4	36.5	51.7	52.1	84.2	48.6	56.4	59.8	57.1	77.7	51.8	92.2	73.3	59.1	71.5	65.7	59.4	85.4	69.5	62.5	74.4	33.6	48.1	88.8	120	124	115	116	117	133	83.9	112	80.3	48.9	64.3	78.5	86.6	43.4	43.8	31.9	64.1	125	97.8	58.1	27.8	23.6	21	25.3	17	13.7	9	55.2	54.1	38.3	18.4	24.6	64.5	34.2	25.7	4.85	5.34	14.1	6.75	11.8	7.08	5.06	5.41	5.17	32.2	61.5	45.9	34.1	20.9	14.4	29.9	67.8	88.1	65.4	15.8	8.04	7.49	7.83	8.5	9.46	10.3	12.1	13.7	15	18.4	22.8	21.7	22.7	19.3	19.9	19.8	19.1	21.5	21	19.6	17.2	11.3	10.3	9.36	8.92	8.22
46	47.7	42.1	40.5	45.2	50.4	55	57.6	45.8	62.6	90.3	40.7	31.9	29.6	25.9	21.7	29.1	41.8	54.3	57.4	44.1	58.5	85.9	82	63.3	40.7	57.1	81.2	76.7	84.8	76.5	80.2	65.9	58.8	32.2	31.5	54.7	38.2	98	104	101	89.8	87	82.6	84.7	61.4	96.3	172	71.2	141	179	108	99.5	77.7	68.8	86.4	101	63.4	34.7	24.6	8.41	15.7	26.2	20	8.13	7.15	27	8.19	4.09	7.41	13.2	15.5	22	34.1	18.7	3.51	3.66	5.77	10.7	12.5	10.1	5.42	7.7	36.4	64.2	75.2	52.5	12.5	22.6	50.5	84.2	87.9	50.2	10.7	7.34	7.74	6.93	7.91	8.17	8.47	9.43	11.9	12.4	15.4	17	18.6	20	17.8	18.7	18.8	18.5	21.3	21.4	20.1	17.6	11.4	10.2	9.32	10.7	9.99
48.3	44.6	48.3	47.1	51.7	48.6	43.8	35.6	27.8	42.4	60.3	54.3	42.9	34.5	29.7	18.2	25.5	32.1	22.3	28.7	31.8	44.8	84.5	98.5	89.3	48.8	30.7	63.6	73.1	60.3	81.9	92.7	50.9	28.4	26.9	30.1	37.9	36.6	70.6	71.3	64	54.5	63.6	73.2	71.4	67.8	85.8	90.6	64.4	46.3	53.6	53.8	64	52.7	39.3	63.5	84.2	41.1	28.6	31.1	21	13	16.8	13.9	15.9	21.7	27.4	12.6	1.79	15.4	6.85	52.7	7.71	1.59	1.7	2.07	2.26	4.41	11.1	14.6	12.1	3.62	4.22	30.5	43.9	42.2	39.1	11	9.49	22.8	27	22.7	6.72	8.55	9.43	6.22	6.23	6.57	7.16	7.13	7.8	8.89	10.3	12.9	14.3	15.8	17.2	16	16.9	17.1	17.1	19.7	20	19	16.6	10.9	9.89	9.09	8.77	8.06
47.4	47.8	44.1	49.1	54.4	38.3	40.4	42.2	34.4	30.7	45.6	43.9	43.8	46.6	22.3	16.4	25.5	26	21.9	27.3	21.3	28.3	38.7	68.3	70.3	41.7	47.5	55.4	91	55.7	54.7	61.6	56.5	36.7	31.8	32.1	45.5	42.4	62.2	51	39.3	38.7	39.2	30.8	37.6	77.3	95.7	78.4	48.2	35.9	33.1	52.6	70.3	76.9	49.6	70.6	45.9	18.3	30.6	27.2	26.8	40.4	7.3	7.99	5.02	11.1	12.5	14.9	10.2	7.18	1.25	2.98	3.86	7.69	0.0611	1.74	7.87	1.14	0.822	4.39	23.2	32	6.11	9.07	11.4	28	18.9	6.28	5.23	5.13	3.67	8.13	15	7.8	6.01	7.65	5.82	16.2	6.47	6.28	6.82	7.69	8.88	11.2	13	14.8	14.6	14.1	14.8	15	14.9	16.9	17.1	16.3	14.5	10.1	9.37	8.78	8.5	7.9
71	38.6	41.2	43.1	41.5	36.6	36.7	40.4	28.7	24.6	27.8	35.1	26.8	24.5	22.7	10.9	13.6	13.2	17.9	22.5	15.6	17	23.7	60.6	54.5	45.9	69.3	81.7	69.6	84.3	46.4	72.3	65.9	31.7	50.6	41.4	40.7	67.2	66.2	47.6	39	34	32.1	26.5	22.4	31.1	77.5	53.2	44	30.5	38	12.7	60	65.9	48.4	57	33.4	20.2	25.6	35.2	36.9	20.4	12.7	10.5	6.91	13	15.6	12.6	11.7	11	5.02	1.55	22	32	26.6	41.8	22.3	0.349	0.349	0.0539	15.6	15.2	1.86	0.707	0.806	3.61	38.6	54.4	8.06	15.4	5.25	3.25	29.4	9.41	5.17	5.36	5.72	10.4	7.29	5.3	5.74	6.14	6.37	7.91	8.54	8.23	8.81	10.6	11.1	11.1	11	11.1	11.3	11	10.3	7.6	7.8	7.8	7.68	7.54
57.7	42.8	39.9	33.5	24.7	43.7	36.2	48.4	43.5	38.1	37.8	28.4	25.9	14.4	16.4	15	13.7	15.1	22.3	41.9	27.3	20.1	21.6	25.2	48	127	71.8	41.8	41.5	73.5	71.8	63.5	57.7	47.8	42.6	35.3	39	63.3	71	42.3	37.1	32.9	33.1	14.6	20.5	35.4	56.3	32.6	44.1	32.4	19.9	14.2	25.9	37.3	27.8	31.5	33.3	32.4	26.6	30.6	22.4	20.1	19.3	8.11	7.12	11.9	26.1	22.1	20.9	8.65	1.72	3.29	6.36	11.1	6.7	1.93	0.3	0.322	0.326	0.0512	3.19	0.0572	6.05	22.6	33.9	30.5	22.3	32.5	10	14.7	2.03	2.46	6.88	3.74	4.32	4.58	6.01	25.1	5.99	4.76	5.19	5.48	5.61	6.06	6.3	6.72	7.17	8.8	11.8	9.08	8.91	8.94	9.09	9	8.64	7.22	7.45	7.52	7.48	7.42
41.8	35.8	27.9	32.4	30.2	24	35.5	50.2	22.7	27.7	52	108	89.5	33.7	22.3	27.1	21.6	17.9	21.8	33.2	42.5	30.6	25.3	22.2	23	31.1	25.6	36.8	48.1	56	38.8	52.2	33.3	49.4	59.7	44.5	38.6	30.2	40.3	42.1	48.7	43.4	45.2	26.1	54.9	79.7	38.7	15.1	38.2	25.8	14.6	12.3	18.2	19	20.7	25.8	56.9	18	8.89	15.2	19.7	11.2	7.51	10.5	8.11	6.32	5.9	21.9	24.1	5.82	6.71	12.7	6.28	0.449	0.284	0.259	0.294	0.314	0.319	0.0502	0.0508	4.05	20.1	28.7	8.62	7.39	10.6	2.57	0.623	1.07	1.44	4.41	2.38	2.98	3.62	8.72	4.36	11.1	5.22	4.31	4.7	4.94	5.04	5.22	5.37	5.68	6.06	7.49	7.91	7.65	7.49	7.49	9.01	8.12	7.52	6.91	7.14	7.22	7.21	7.24
36.2	21.1	22.6	27.2	29.6	29.9	37.7	40.1	53.2	54.3	28.2	60.9	94.8	53.5	36.1	44.6	39.4	18.7	21	24.8	30.6	36.2	41.9	33.6	31.8	22.3	28	48.6	75.5	53.5	54.7	41.5	37.6	37.2	32.9	20.5	38.2	38.6	43.8	32	39.1	46.2	57.6	53.4	59.7	58.2	29.9	10.1	9.63	8.51	7.37	3.9	4.49	2.95	2.21	1.39	10.1	11.1	4.72	5.77	5.47	5.46	5	4.72	2.06	0.501	2.09	1.25	5.43	6.62	7.84	10.7	6.23	1.98	0.324	3.44	7.18	0.325	0.325	0.0507	1.3	2.71	6.18	0.121	0.554	3.12	3.53	0.433	0.488	16.2	16.7	5.97	1.5	2.12	2.79	14.1	3.63	4.06	4.6	3.85	4.23	4.47	4.58	4.75	4.89	5.18	5.48	6.81	6.96	6.92	6.81	6.85	7.77	7.07	7.05	6.71	6.97	7.09	7.13	7.17
27.4	37.1	32.2	31.4	47.5	50.9	39.9	33.9	40.6	67.8	49.9	94.8	81.5	79	50.5	54.5	48.5	32.1	26	38.1	50.3	34.3	28.7	46.5	31.9	25.2	26	60	86.9	77.2	73.9	32.6	27.7	24.8	26.7	18.2	26.2	17.7	30.7	19.2	18.3	27.7	32.8	22.9	31.4	64.6	62	20	11.7	7.57	5.23	3.26	5.09	2.07	1.73	6.01	2.45	5.28	5.65	4.36	8.64	6.14	0.163	0.399	0.0522	2.78	0.029	0.511	1.98	1.15	2.85	3.11	3.7	3.2	0.371	0.342	2.27	0.395	0.391	0.109	0.107	2.45	6.63	0.158	0.166	0.179	0.198	0.229	4.06	1.91	0.251	1.32	0.844	1.43	2.66	7.7	7.3	2.64	3.07	3.42	3.81	4.04	4.14	5.47	5.58	5.81	5.99	5.61	5.6	5.53	5.47	5.52	5.72	5.91	6.14	6.54	6.83	7	7.15	5.62
27.9	28.4	35.7	58.5	57.3	53.6	57	40.2	54.2	89.6	69.1	65.4	70.4	52.1	55.8	33.2	39.1	41.4	26.8	46.3	51.1	29.8	28.6	32.3	42	32.9	21.2	44.3	61	24.1	41	22.5	27.9	24.4	27.8	21.6	27.4	11.6	17.6	10.1	18.6	31.8	44.9	29.7	32.3	53.6	39.9	34.6	30	9.42	4.19	5.02	6.67	6.14	1.31	0.836	9.87	3	0.441	0.402	4.04	3.84	3.15	1.36	3.57	3.92	3.36	1.48	1.41	0.0789	0.101	0.955	1.83	2.42	0.394	0.359	0.393	6.37	6.64	7.64	0.47	0.106	3.09	2.16	0.138	0.139	0.139	2.43	13.1	7.96	0.144	0.134	0.369	0.907	2.66	1.5	4.56	2.18	2.57	3.06	3.41	3.64	3.75	5.01	5.14	5.37	5.57	5.25	5.28	5.25	5.23	5.3	5.5	5.67	5.88	7.39	10.6	6.83	7.03	5.61
41.8	27.3	18.7	35.7	38.8	30.6	37.9	52.8	57	74.1	76.8	73.9	103	61.1	50.2	42.2	45.7	33	30.3	40.4	38	30.5	40	30.9	46.8	58.7	30.6	45.4	34.5	25.8	29.1	16.8	20.6	20.9	26.9	27.8	29.4	41.5	21.7	25.8	47.1	36.1	47.5	38.1	38.1	63.7	42.1	20.9	15.4	6.11	5.44	7.07	10.5	7.48	0.95	5.2	12.2	6.9	0.422	4.9	6.48	0.281	0.226	2.43	2.63	2.1	1.39	2.33	2.06	0.351	0.121	2.56	0.34	2.61	1.59	0.37	0.398	0.407	2.07	3.2	0.103	6.71	9.47	0.119	0.114	3.81	0.0983	0.0934	0.0837	0.079	0.0795	0.0751	0.0753	0.246	8.54	1.15	1.29	2.81	2.01	2.47	2.89	3.14	3.32	4.37	4.56	4.76	5	4.75	4.79	4.83	4.82	4.91	5.11	5.29	7.28	7.74	6.19	6.51	6.77	5.46
56	63	38.2	37.8	32.9	18.7	28.8	44.1	42.8	37.6	41.1	88.2	87.3	49.9	44.5	49.8	67.2	51.9	41.5	51	44.7	36.8	32.2	25.9	38.3	42.5	41.5	98.9	106	56.9	34.2	14.3	19.3	19.5	15.3	13	15.9	23.6	25.5	58	73.3	42.8	21	21.2	53.8	40.1	57.4	22	4.16	3.43	3.43	4.16	11.9	8.11	9.83	3.05	2.66	4.41	11.3	0.702	2.84	0.892	0.276	0.154	0.689	0.567	1.34	0.754	0.151	0.138	0.151	0.35	0.378	0.404	0.435	0.372	0.391	0.392	1.71	3.94	3.74	2.76	0.706	0.102	0.0935	0.0851	0.0765	0.0707	0.0615	0.0571	0.0572	0.0539	0.492	3.09	6.89	0.491	3.71	1.11	1.47	1.92	2.32	2.56	2.69	3.64	3.79	4.04	7.13	4.09	4.15	4.19	4.26	4.39	4.58	4.78	4.99	5.42	5.73	6.1	6.4	5.42
31.6	94.4	45.2	53.6	44	37.1	30.8	37.4	48.8	42.7	41.9	54.4	83.4	56	42.8	69.6	129	59	45.1	49.3	63.6	59.4	40.8	48.3	49.6	39.9	39	66.5	78.6	91.2	48.6	31.2	9.71	10	9.79	9.96	15.9	24.4	33.5	120	102	70.6	36.5	33	30.3	38.8	26.3	12.1	6.36	5.81	8.82	9.52	10.4	13.9	34.2	23	13.4	16.9	16.3	26.9	14.6	2.14	0.538	0.454	1.12	0.214	0.741	1.78	0.949	0.876	0.0867	0.871	0.109	0.112	0.885	0.179	1.62	1.65	0.921	2.25	1.91	2.09	0.879	0.0672	0.0584	0.0508	0.576	0.00551	0.00449	0.00399	0.00397	0	0	0	0.47	0.0077	0.228	1.09	0.714	1.08	1.37	1.55	1.65	2.83	2.97	3.2	3.43	2.64	2.7	2.77	2.86	2.27	2.42	2.55	2.7	3.74	4	4.33	4.63	5.25
47.7	49.8	70	61.1	34.8	37.9	26.9	24.1	27.4	29.2	67	64.7	76.5	62.4	50.1	91.9	103	74.7	69.8	54	78.6	52.2	50.6	64.1	60.9	81.2	54	81.6	83.9	79.4	86.7	27.7	25.5	11.3	8.77	8.03	14.2	23.6	28.7	105	95.4	61.9	33.8	20.3	39.9	40.4	11.4	17.9	16.8	22.8	13.1	23	16	5.75	28.3	24.4	16.2	40.8	41	32.9	21.3	16.4	7.09	4.41	1.84	0.856	0.96	1.83	0.116	0.1	0.796	0.832	0.118	2.92	0.119	0.18	0.18	0.173	0.161	1.22	0.946	1.35	0.591	0.0524	0.0412	0.0326	0.0262	0.0029	0.00193	0.00143	0.0014	0	0	0	0	0	0	0.147	0.387	0.696	0.959	1.12	1.21	2.1	2.24	2.45	2.68	2.09	2.14	2.22	2.32	1.87	2.01	2.15	2.31	3.27	3.56	3.89	4.23	4.54
22.1	35.8	50.3	79.4	74.9	63.6	58.2	35	17.1	25.2	44.4	70.4	82.6	94.1	64.1	76.2	119	111	126	81.2	66.4	69	82.3	92.6	80.6	69.7	58	78.4	63.5	40.3	59.3	35.7	20.4	12.6	12.3	13.7	16.2	14.9	12.6	29.9	70.6	45.3	28.3	56.7	16.6	65.8	78	42.2	22.8	20	14.2	22.8	14.9	9.09	18.9	24.7	38.2	68.9	39.1	25	17	16.2	6.92	4.91	0.399	1.47	3.05	1.88	0.164	0.145	0.143	0.846	0.158	0.651	2.03	0.88	0.187	0.17	0.153	0.912	2.9	0.653	0.579	2.62	1.71	0.0208	0.0151	0.0014	0.000564	0.000127	9.03e-05	0	0	0	0	0	0	0.0237	0.176	0.44	0.661	0.802	0.883	1.54	1.66	1.83	2.01	1.56	1.6	1.68	1.79	1.49	1.6	1.75	1.93	2.79	3.31	4.31	4.48	4.19
26.7	32.8	69.1	102	115	114	70.1	51.5	23.6	21.7	46.1	58.5	75	89.1	119	123	129	112	111	94	99.9	95.5	85.4	81.5	75.5	56.5	58.7	77	85.7	78.6	53.2	35.1	36	16.2	15.5	15.9	14.9	12.8	20.9	30.2	31.7	41.2	32.4	55.9	47.8	107	95.4	37	20.6	30.5	33.3	30.5	9.26	7.45	18	18	37.8	44	42	29.8	17.9	16.8	7.97	3.86	0.471	3.62	3.61	4.11	0.238	2.12	0.751	0.234	0.227	0.223	0.767	4.32	1.03	0.171	0.147	1.04	0.876	0.0639	0.0524	0.0468	1.93	0.0151	0.011	0.00101	0.000409	9.04e-05	6.46e-05	0	0	0.0223	0	0	0	0	0.0861	0.286	0.462	0.582	0.647	1.13	1.23	1.33	1.43	1.1	1.13	1.22	1.33	1.11	1.26	1.41	1.6	2.36	2.69	3.66	3.65	3.88
33.3	11.5	37.9	95.3	103	53.4	37	31.7	26.5	32	37.3	140	192	192	160	166	133	102	105	142	169	117	80.5	84.4	92.4	67.6	92.4	97.9	74.2	67.2	34.8	48.4	57.7	41.4	24.5	29.2	29.1	28.9	38.3	41.3	29.8	44.3	56.5	79.2	65.3	62	62.9	41.8	31	32.9	34.4	31.8	24.8	11.8	18.5	25.7	38.9	38.2	37.1	31.1	27.1	8.74	2.47	0.766	0.592	1.54	0.494	0.585	0.53	0.674	1.01	0.597	0.466	0.425	0.36	1.1	0.894	0.647	0.153	1.15	1.25	0.026	0.021	0.0142	0.00971	0.00657	0.00478	0	0	0	0	0	0	0	0.0222	0	0	0	0.0979	0.264	0.404	0.864	0.577	0.787	0.835	0.865	0.879	0.676	0.71	0.792	0.9	0.79	0.958	1.08	1.27	1.99	2.33	2.72	3.17	3.49
18.7	24.9	16.2	23.7	32.6	26.5	26.4	13.9	37.3	112	139	171	287	249	208	177	150	136	146	168	136	97.7	88.5	81.3	67.4	55.1	57.9	109	115	105	46.8	41.1	47.9	69.8	45.9	46.1	35	35	44.8	43.6	34.8	38.8	57.9	80.9	75.9	87.9	55.7	42.1	24.8	17.9	24.8	17.5	38.1	17.9	4.61	12.9	27.9	29.5	30.7	20.9	15	1.61	2.29	1.16	0.67	1.03	0.971	0.952	0.649	0.879	0.587	0.593	0.571	0.514	0.427	0.359	0.26	0.927	2.28	2.64	0.0259	0.682	0.942	5.55	3.96	0.00264	0.00192	0	0	0	0	0	0	0	0	0	0	0	0	1.43	0.955	0.83	0.309	0.381	0.673	0.686	0.686	0.347	0.377	0.458	0.565	0.532	0.673	0.828	1.02	1.66	2.02	2.42	2.89	3.26
18.9	17	29.3	20.1	13.8	19	26.9	7.85	26.4	59.3	217	261	326	342	307	253	264	233	194	206	178	122	122	99.3	63.7	52.4	74.1	142	196	149	64.6	43.7	59.6	74.9	54.8	54.3	39.7	40.9	49.4	34.6	31.3	34.9	38.9	30.6	67.9	59.4	61.4	45.2	32.9	34.4	22.3	25.9	24.4	26.3	20.5	12.2	36.7	29.4	20.2	20.2	9.82	3.75	10.3	2.13	3.3	0.838	0.794	2.31	2.24	0.728	0.705	0.716	0.694	0.625	0.515	0.424	0.298	0.208	0.697	0.639	0.0209	1.85	0.00576	0.00333	0.00156	0.000593	0.711	0.0566	0	0.00863	0	0	0	0.0127	0	0	0.0138	0	1.06	3.12	1.62	0.769	0.649	1.65	0.349	1.19	0.361	0.106	0.135	0.211	0.31	0.336	0.471	0.628	0.823	1.41	1.78	2.19	2.69	3.1
23.3	19.5	32	18.2	13.9	18.7	13.6	4.54	17.1	49.5	154	287	324	314	350	306	297	258	186	214	217	184	154	106	86.3	117	151	180	216	138	80.7	48.6	71.8	96.7	73.3	73.2	56.5	51.5	43.3	33.2	31.4	30.2	46.3	54.4	73.5	44.4	66.9	51	38.2	48.5	32.8	29.6	23.1	16.8	29.1	19.9	26.5	20.7	14.7	7.7	6.62	3.24	5.21	1.4	1.15	1.39	0.779	0.945	1.02	1.04	0.924	0.85	2.09	1.87	1.76	0.512	0.357	0.245	0.18	0.0504	0.0212	0.00552	0.00412	0.00238	0.00111	0.000423	1.2	0.756	0	0.0907	0.762	0.409	0	0	0	0	0	0	0	0	0	1.43	1.38	0.941	3.79	4.45	0.252	0.382	0.0371	0.292	0.205	0.257	0.391	0.55	0.746	1.31	1.7	2.13	2.66	3.1
19.2	19	24.7	48.3	18.3	23.6	19.7	9.7	11.6	59	124	217	184	230	276	282	277	182	155	155	150	148	159	127	113	123	142	113	93.3	76.4	74.1	60.3	100	95.3	78.9	59.9	58.1	48.7	35.3	27.5	24.2	26.1	36.6	28.8	17.7	20	20.6	24.4	25.2	16.1	11.2	12.4	12.1	9.44	11.9	38.9	16.8	20.6	15.9	22.4	19.4	12.4	13.6	11.5	5.42	3.81	2.06	2.36	2.08	1.98	1.99	2.87	2.23	2.04	1.66	0.619	0.429	0.292	0.633	0	0	0	0	0.164	0	0	0.271	0	0	0.295	0	0.00958	0.0134	0.0161	0.0176	0.0284	0.0307	0.0278	0.0198	0	0	0.0321	0	0	0	0.696	0	0	0	0.0543	0.149	0.28	0.435	0.644	0.9	1.52	1.99	2.56	3.28	4.79
13.4	18.1	27.4	46.2	64.9	22.8	12.2	7.27	7.08	14	54.5	94.1	122	178	208	209	198	191	173	155	133	137	129	117	97.4	114	115	96.4	103	90.1	89.5	126	120	102	101	63.2	61	47.6	45.9	39.9	30.1	30.3	27.1	15.2	14.5	15.6	22.3	36.3	24.6	21.7	37.3	23.7	16.2	16.1	14.1	15.9	37.3	36.5	33.2	37.7	28.6	20.3	23.4	10.1	13.5	5.76	4.05	3.64	3.45	2.77	2.19	2.57	2.54	2.32	2.17	0.771	0.94	0.415	0.814	0.642	0.0372	0	0.0193	0.072	0	0.0137	0	0	0	0	0	0.0134	0.151	0.0225	0.0248	0.0397	0.937	0.687	0.0278	0	0	0	1.26	0	0	0	0	0	0	0.00798	0.0858	0.215	0.366	0.565	0.806	1.42	1.9	2.5	3.26	3.31
17.5	16.7	21.9	16.6	13.6	10.5	8.97	6.27	6.72	28.5	42.5	53.1	53.2	79.3	96	143	141	170	158	179	162	127	146	105	83.2	81.2	91.2	92.7	116	107	95.4	133	122	115	134	76.5	59.6	59.6	47.7	38.7	40.3	31.5	34.4	30.3	19	23.2	27	50.1	26.5	26.9	20.9	25.9	24.3	20.2	17.6	29.4	33.5	29.2	37.7	46.5	28.1	43.1	42.1	19.9	10.1	5.95	7.36	5.68	3.87	2.59	2.52	2.96	2.97	2.72	2.21	0.911	0.742	0.492	0.264	0.108	0.621	0.351	0	0	0.601	0	0	0	0	0.0684	0	0.148	1.43	0.0394	0.0424	0.067	0.512	0.065	0.0691	0	0	0	0.171	0	0	0	0	0	0	0.0271	0.0258	0.144	0.295	0.462	0.668	1.24	1.71	2.35	3.16	3.45
15.3	17.3	19.5	14.5	16.4	14.5	13.9	4.81	8.96	15	19.9	70.9	41	82.5	35.7	60.3	98.7	121	114	138	166	132	141	94.1	85.5	89.8	86.3	95.7	93.5	104	97.7	92.1	97.1	111	108	76.8	66.9	54.6	62.3	51.4	40.5	30.9	29.6	36.4	21.3	22.7	36.5	42.2	32.7	47.3	41.7	21.8	24.2	24.3	26.7	38.2	36.7	23.3	31.7	56.2	39.3	40.3	33.1	22.5	17.7	14.8	17.6	6.22	4.47	5.48	2.91	3.44	3.47	3.63	2.77	2.81	2.55	0.409	0.537	0.158	0	0.338	0.815	0.353	2.2	0.354	0.297	0	0	0	0.0233	0.0422	0.0569	0.443	1.39	0.189	0.116	0.106	0.0788	0	0	0.0529	0	0	0	0.0283	0	0	0	0	0.0277	0.134	0.283	0.447	0.638	1.23	1.66	2.3	3.13	3.59
12.4	14.6	12.9	17.2	15.5	20.9	11.8	7.7	6.09	7.1	16.1	23.3	16.6	18.1	20.5	33.3	30.4	35.1	56.9	64.8	87.9	123	109	104	105	90.3	98.1	122	118	130	132	103	85.6	97.9	92.8	98.3	95.2	58.7	83.8	56.2	87.9	83.9	49.4	45.9	33.8	24.4	28.8	47.7	49.8	42.7	35.5	27.5	38.5	35.7	18.9	46.7	28.1	20.2	15.1	47.4	47.9	48.9	38.1	38.9	34.2	29.1	21.5	7.37	5.66	6.1	2.72	3.88	4.43	3.63	3.96	1.7	1.82	0.429	3.04	0.0344	0	0	0	0.583	0.712	1.05	0.0566	0.0659	0.0713	0.0212	0.56	0.102	0.137	0.172	0.168	0.224	0.307	0.335	0.162	0.681	0.0194	0.00842	0.00602	0	0.0258	0	0	0	0	0	0.0338	0.139	0.28	0.43	0.6	1.21	1.66	6.2	3.74	4.35
20.6	16.6	13.6	15.8	15.9	15.7	12.5	8.25	8.85	9.67	16.3	27.3	17.9	17.6	13.6	36.4	25.5	28.1	39.8	34.7	46.4	69.5	108	101	93	114	92.5	138	140	153	144	134	123	127	110	91.7	79	54	65.9	69.8	113	125	88.6	54.1	54.9	28.7	23.3	39.9	53.2	44.4	43.4	37.8	47.5	37.9	20.6	14.6	15.3	17.4	15.1	29.7	42.8	46.9	47.1	36.7	59.6	36.2	26.5	10.6	7.9	8.32	3.08	5.01	5.58	4.09	3.27	1.32	0.919	2.07	3.02	0.617	0.585	0.0539	0	0	0	0.391	0	0.00793	0.0112	0.0282	0.0588	0.132	0.177	0.203	0.214	0.286	0.315	0.273	0.207	0.393	0.0259	0.0117	0.00839	0	0	0	0	0	0	0	0	0.092	0.234	0.379	0.543	1.16	1.6	2.32	3.27	7.9
15.5	15.7	14.5	19.2	17.5	12.1	10.1	29.8	5.44	11.3	9.47	12.9	8.41	7.37	13.7	30.6	31.3	52.4	83.7	30	29.8	39.7	40.1	90.9	90.9	103	102	124	139	164	161	132	129	116	130	145	96.9	70.9	74.9	77.6	109	92.7	91	128	119	67.4	38.7	26.3	39.5	40	36.7	34.9	47.1	31.7	16.1	24.9	27.8	18.1	17.2	40.3	50.1	51.2	39	31.2	32.8	65	37.8	13.5	8.35	6.64	5.52	5.21	5.23	4.76	3.79	1.25	3.44	4.81	1.74	0	0	0.336	0	0	0	0.138	0.0117	0.0641	0.122	0.036	0.0714	0.158	0.208	0.239	0.251	0.334	0.348	0.32	0.911	0.174	0.0346	0.0182	0.0129	0	0	0.369	0	0.0173	0	0	0	0.0506	0.197	0.346	0.509	1.09	1.53	2.23	7.22	4.3
17.9	17.5	27.4	26.9	13.3	9.69	9.27	8.19	4.74	7.71	7.34	11	10.7	5.61	9.83	19.4	41.8	22.4	59.7	42.6	32.1	44.9	54.5	76.9	96.6	97.2	98.1	123	140	156	171	136	131	113	127	125	113	78.1	65	72.6	48	65.1	58	69	56.6	39.4	26.6	19.7	30.9	27.8	22.8	25.9	24.4	31.1	37.1	43.5	44.2	34.6	19.4	23.6	29.4	44.5	32.7	30.6	30	47	37.3	25.3	16.3	9.08	7.29	11.5	9.63	7.65	5.2	3.39	0.877	7.76	1.55	0	0	2.51	2.24	0	0.15	1.17	0	0.506	0.195	0.0952	0.0827	0.178	0.233	0.265	0.278	0.37	0.386	0.357	0.281	0.0743	0.0458	0.0277	0.0197	0.279	0.0424	0.064	0	0	0	0	0	0	0.0914	0.244	0.403	0.893	1.28	1.91	5.76	3.59
8.49	9.48	14.3	10.3	9.24	10.3	5.37	4.39	3.8	5.98	5.49	8.76	0.585	0.906	2.84	8.1	8.13	30.3	28.3	21.3	31	35.4	37.7	59.4	59.2	68.7	76.1	102	128	143	159	144	157	160	166	124	145	107	71	57.5	47.6	57	70.1	41.6	49.6	38.6	34.1	21	19.6	18.5	19.8	17.1	17.2	21.1	24.8	41.7	53	48.3	48.4	23.9	20	19	25.8	32.4	37	34.5	19.1	20.8	20.1	13.8	12.3	12.5	10.7	9.76	5.5	2.31	1.34	0.737	0.533	0.8	1.3	0.138	0.136	0	0	0	0	0.235	0.0395	0.0725	0.128	0.286	0.372	0.422	0.443	0.536	0.574	0.522	0.417	0.625	0.548	0.0934	0.0665	0	0	0	0	0	0	0	0	0	0	0.107	0.314	0.598	0.944	9.57	9.53	7.04
10.4	7.61	8.66	16.9	12	5.02	8.73	7.05	3.17	4.81	10.6	6.87	1.71	2.06	3.78	5.89	3.37	6.41	8.99	29.6	19	38	28	45.5	60.9	59.4	67.6	108	111	121	119	139	119	182	167	114	128	133	96.3	73.9	81.7	73.5	62.1	59.5	40.2	55.6	28.2	25.3	12.8	14	18.9	15.6	19	24.9	23.7	36.5	29.4	27.6	38.4	25.2	18.2	24	16.9	28.8	23.2	23.2	21.7	20.7	18.9	17.7	17.7	17.7	16.4	14.1	8.39	2.58	1.47	1.2	3.53	0.373	1.59	0.867	0.000126	0.0863	0	0	0	0.0742	0.505	0.0843	0.143	0.315	0.418	0.462	0.483	0.584	0.612	0.571	0.463	0.249	0.172	0.117	0.0834	0	0	0	0	0	0	0	0	0	0.0305	0	0.145	0.426	1.62	11	6.23	4.36
4.5	5.24	4.38	6.96	14.1	4.97	4.08	14.5	6.68	7.73	7.31	8.88	6.67	4.28	3.26	7.99	1.37	3.26	8.25	23.5	51.2	35.3	31	91.2	78.8	55.9	57.7	85	97	98.3	92.2	100	96.1	89.4	91.1	75.4	119	154	113	92.5	87.5	50.3	62.9	74.7	48.5	41.4	27.9	18.2	19.8	23.4	23.2	13.6	16.9	14.5	12.9	17.9	15.8	25.2	11.2	27.2	17.2	21.3	19	28.4	25.3	26.1	36.5	23.1	20.8	21.2	30.1	22.8	17.5	16.1	7.53	3.56	1.85	0.85	2.16	4.99	2.47	0.27	0.000605	0	0.374	0.127	0	0.0705	0.249	0.225	0.194	0.395	0.486	0.54	0.557	0.666	0.689	0.647	0.554	0.303	0.227	0.166	0.12	0	0	0.0557	0	0	0	0	0	0	1.73	0	0.0202	0.294	0.618	1.1	1.61	1.79
4.8	3.3	3.11	3.87	3.79	3.14	3.55	7.71	4.95	7.96	8.72	11	7.14	11	5.33	2.24	0.922	3.26	5.29	15.8	65.4	57.8	33	53.1	67	69.4	55.6	71.7	79.9	81.8	72.4	66.7	86.6	84.6	108	113	106	91.2	87.6	84.1	60.6	52.3	64.6	46.5	49	46.8	55.7	27.7	27.1	26.1	24	15.4	24.2	16.7	13.1	12.5	10.3	10.4	10.7	18.2	15.4	18.3	28.3	29.2	32.7	38.2	35.9	27.5	24.6	23.2	28.7	26.8	20.9	14.4	8.6	3.66	5.54	7.8	4.15	0.0228	0.0572	0.053	0.00152	0	0	0	0.0128	0.241	0.176	0.72	1.21	0.972	0.613	0.66	0.666	0.781	0.794	0.749	0.645	0.514	0.309	0.239	0.175	0.689	0	0.95	0.285	0	0	0	0	0	0	0	0	0.141	3.39	0.912	1.4	1.6
7.27	5.44	2.28	2.17	0.571	0.521	1.4	2.89	7.22	9.28	6.39	8.64	3.56	7.8	9.58	2.48	7.68	4.85	5.42	12.3	11.7	29.5	29.4	18	22.1	54.1	42.1	46.5	54.6	48.8	33.1	45.5	47.9	100	199	212	170	137	96.4	82.3	160	92	103	72.3	71.7	72.7	44.1	26.3	19.3	13.4	18.5	14.1	13.4	13.1	15.8	8.86	9.72	15.2	13.8	22.2	14.9	22.2	20.5	17.7	17.1	34.1	34.5	26.4	18.8	25.8	33.6	25.6	25.5	12.8	9.87	7.59	5.8	3.83	6.78	2.38	1.74	0.0327	0.86	0.0464	0.0844	0.0469	0.0791	0.834	0.646	1.83	2.11	0.593	0.667	0.705	0.699	0.945	0.949	0.91	0.792	0.876	0.559	0.448	0.33	0.0617	0.027	0.0085	0.00607	0	0	0	0	0	0	0	0	0.0173	3.69	4.5	0.739	1.41
1.32	3.01	2.76	3.48	4.1	0.418	0.344	0.34	1.03	6.45	16.7	24.3	7.42	10.3	6.56	6.09	8.61	7.54	4	9.29	11	16.9	38.1	56.6	33	18.4	28.3	37	44.2	42.8	28.4	25.8	32.1	63.7	147	149	115	131	76.1	90.6	109	87.6	94.1	85.5	58.2	27.7	27.1	27.3	28.8	27	31.7	12.9	8.82	13.3	41.9	20.2	13.1	16.7	22.3	28.1	19.1	19.9	22.3	20.3	17.5	27.9	29.2	34.9	23.5	30.4	31.2	31.4	36.7	22.6	16.2	7.65	7.82	8.04	5.2	2.48	2.34	0.0909	0.0222	0.15	1.38	2.33	0.198	0.319	0.406	1.4	0.828	1.57	0.78	0.811	0.797	1.07	1.06	1	0.904	0.771	0.675	0.966	0.41	0.0771	0.0347	0.0119	0.00849	0	0	0	0	0.734	0.69	0	0	0	0.102	0.394	0.664	5.66
0.683	0.829	1.14	0.303	1.03	1.56	6.35	5.42	1.31	1.91	8.77	16.8	19.9	12.9	9.99	18.3	13.8	10.4	7.33	9.84	11.1	11.3	20.3	67.3	42.8	16.1	10.4	16	26.5	36.4	35.6	41	72.7	104	79.9	118	109	86.3	107	98.9	119	91.6	71.3	77.5	60.6	44.8	47	33.3	30.6	24.9	35.9	23.2	11.6	13.4	26.2	15.7	19.4	22.7	25	30.9	27.5	25.1	18.6	16.9	18.4	17.7	18.3	22	21.6	27	34	36	37.2	30.1	18.3	13.2	14.9	9.22	8.83	1.82	4.66	6.13	0.0533	0.302	0.112	0.144	1.66	1.36	1.37	0.916	1.85	1.05	1.01	1.02	0.984	1.29	1.24	1.17	1.08	0.951	0.867	0.741	0.579	0.121	0.0733	0.0434	0.0315	0	0	0	0	0.787	1.74	1.35	0	0	0.0665	0.364	0.627	4.97
0.712	0.38	0.418	0.629	2.11	0.731	1.01	11.6	2.3	1.49	1.79	2.79	10.6	25.3	13.9	7.76	25.2	14.9	11.5	10.2	10.2	12.4	11.8	11.1	39.1	103	22.6	19.2	61.3	43.3	24.7	25.2	52.4	65.9	73.1	109	103	111	107	63.9	66.1	65.6	56.9	53.1	49.3	98	53.8	36.5	19.2	12.2	27.7	26.7	16.3	9.68	12.7	9.15	11.7	22.7	31.8	39.5	45	42	33.2	24.1	16.8	18.3	20.6	22.9	29.9	34.9	31.5	35.8	27.9	29.1	24.2	22.6	20.3	9.73	8.8	4.68	4.41	1.07	0.931	2.03	0.294	0.397	0.513	1.56	1.54	1.07	2.45	3.12	1.94	1.78	1.25	1.59	1.48	1.39	1.32	1.2	1.13	1.01	0.835	0.194	0.143	0.103	0.0749	0	0	0	0	1.16	2.09	2.19	1.84	0	0.0711	0.36	0.612	6.67
1.5	0.0383	0.0421	0.405	1.54	0.778	1.13	0.791	1.01	5.58	3.85	6.1	11.8	20	12.8	11.1	26.7	24.5	15.1	26.9	11.7	10.1	12	14.7	24.8	32.2	20.9	16.8	30.5	26.5	14.7	8.41	9.11	61.9	121	95.7	81.7	159	186	111	68.5	54.7	62.4	35.5	42.8	68.3	49	35.5	14.6	27.2	45.9	28.5	19.9	18.9	19.9	8.25	34.3	30.1	48.1	43.7	71.8	86.7	55.7	31.2	19.8	36.7	39.1	25.3	22.7	29.7	28.4	14.4	21.4	24.9	31.3	26.8	18.4	14.3	10.1	5.31	5.97	9.76	13.1	11.9	4.83	1.92	1.16	2.72	4.33	4.13	4.86	9.48	9.03	2	1.85	1.52	1.39	1.3	1.26	1.69	1.63	1.49	1.27	1.03	0.822	0.631	0.462	0.0626	0.0261	0.0068	1.31	1.36	0	2.98	2.94	3.06	4.2	1.69	2.29	4.1
2.73	1.26	0.236	0.491	0.629	1.16	1.26	2.17	1.27	5.76	18.6	6.92	8.51	14.2	10.4	25.4	16.6	16.8	21.2	21.3	14.7	8.69	12.4	11.2	12.6	13	20.4	18.5	15.6	20.5	16.3	13.8	24.8	13.1	26.7	60.8	54	152	276	261	138	83.7	72	47.2	44.9	62.8	47	20.5	31.7	34	47.4	18.3	23.2	34.1	40.2	37.4	22.3	47.8	36.8	31.3	46.1	68.2	65.9	49.8	47	47.4	41.7	24.5	27.9	37.9	45.1	22.5	28.3	34.4	42.3	30.8	27.1	23.4	16.2	10.5	5.08	11.4	10.6	5.4	5.4	2.52	1.82	3.9	4.83	8.95	11.7	5.69	6.83	2.61	2.17	5.86	1.58	1.47	1.45	1.97	1.96	1.8	1.57	1.31	1.09	0.859	0.63	0.0858	0.0359	0.00953	1.02	1.92	0	0.143	0	0	0	0.252	0.539	0.9
0.94	3.93	1.94	0.49	0.644	0.815	1.01	2.34	2.24	1.57	8.1	12.1	8.49	9.44	10.9	11.1	11.8	18.1	13.2	18.9	18.2	27	16.5	8.9	8.26	11.3	16.3	26.2	5.32	4.82	7.17	8.66	18.7	5.64	9.73	17.9	23.8	42	146	139	133	98.8	57.1	38.8	45.9	53.7	28.4	41.5	36.1	13	22.8	17.1	13	30.5	58.8	62.9	49.1	56.2	50.6	46.4	40.5	70.4	87.2	73.3	59.9	83.1	54.9	31.3	34.5	36.2	40.5	32.1	36.2	37.7	46.2	29.2	27.2	26.8	21.8	13.7	15	4.74	3.04	5.42	4.39	4.27	6.85	5.6	9.7	10.4	13.1	5.38	5.08	11	12.7	2.2	7.31	1.73	1.68	2.27	2.38	2.22	1.82	1.55	1.33	1.08	0.802	0.112	0.0516	0.0187	0.0138	0.137	0	0.69	0	0	0.0481	0.31	0.523	0.97
0.687	3.19	1.17	3.64	0.898	1.03	1.1	2.15	2.97	1.94	2.29	7.66	7.72	7.87	8.74	9.57	13.3	16.5	11.9	9.51	16.4	14.9	20.4	14.5	7.44	6.15	7.95	44.4	8.86	5.78	4.42	3.43	6.57	6.29	16.7	9.11	9.22	19.7	23.5	35.3	54	62.1	56.7	24.8	32.3	50.3	53.5	55.4	20.5	18.1	19.5	26	23.1	26.7	42.3	71.1	65.6	66.9	63	56.4	68.2	68.7	90.8	78.2	73.4	67.9	66	34.6	39.2	34.7	61.3	41.8	35.9	32.9	46.1	35.7	25.1	24.8	29.4	27.3	20.3	8.33	5.49	6.82	13.6	11	12.4	8.81	4.61	8.61	8.33	9.56	4.04	9.42	12.4	17.6	7.68	5.3	1.96	2.57	7.4	8.33	6.86	1.76	1.55	1.29	0.976	0.142	0.0955	0.0343	0.0257	0	0	0.85	0	0	0.0384	0.299	0.515	7.43
