133	164	181	275	257	294	312	313	319	298	324	293	288	294	306	308	318	333	323	321	267	357	325	371	330	451	312	321	363	345	418	366	361	358	353	347	381	457	447	459	415	390	405	439	436	372	376	309	255	195	203	177	205	208	237	287	310	302	324	314	301	315	293	292	273	274	265	265	224	246	266	266	296	331	344	346	312	316	317	363	350	329	355	378	448	409	365	341	413	508	413	330	341	270	245	281	284	291	216	181	182	211	262	259	238	221	207	161	141	153	154	159	153	152	164	198	187	191	201	211
204	247	269	287	293	311	327	343	284	267	304	283	313	291	290	337	376	398	353	357	301	258	247	330	342	348	297	339	446	397	369	401	379	322	336	284	304	422	449	377	368	375	365	413	446	470	323	303	243	197	200	194	200	195	214	228	348	391	342	311	332	357	300	279	258	281	261	299	242	257	297	285	303	335	319	369	362	345	330	348	410	395	383	465	525	524	455	466	411	443	399	375	294	361	302	410	416	276	218	231	214	209	235	246	252	250	219	187	161	178	186	167	166	150	169	216	180	194	197	237
254	279	298	286	324	346	363	355	337	348	371	326	307	365	371	321	356	384	369	377	288	268	309	360	315	288	270	337	422	400	362	367	430	413	484	370	254	281	357	338	306	307	346	389	396	341	328	286	248	239	229	275	293	235	220	230	302	347	331	333	297	305	358	290	253	265	259	246	242	280	304	335	343	340	289	317	350	352	351	385	376	367	410	418	432	648	652	607	573	468	436	446	394	485	389	305	246	218	203	204	194	215	210	208	227	216	210	164	162	192	185	165	166	121	133	147	139	132	161	207
292	324	345	381	425	361	416	398	332	346	366	334	294	337	426	358	353	372	401	409	318	342	341	370	298	323	344	378	392	401	389	334	376	395	427	318	220	237	310	322	319	339	395	359	314	307	287	261	277	292	284	266	270	245	236	256	336	372	338	289	255	279	284	264	289	261	252	271	304	330	327	334	364	341	261	277	311	350	366	346	356	384	415	389	433	569	663	638	593	476	365	409	465	379	278	270	274	267	231	220	186	203	209	202	212	209	163	146	154	152	155	163	153	137	118	121	108	116	145	163
334	341	367	381	433	420	361	396	335	358	336	289	333	350	354	336	351	360	371	301	314	380	386	377	331	309	303	411	448	354	334	321	409	352	243	214	226	203	239	218	213	226	230	241	239	260	234	226	246	256	250	231	197	233	225	247	360	386	325	271	264	241	205	191	240	240	277	299	328	319	325	351	331	291	273	320	334	334	360	367	378	350	355	401	461	441	469	570	567	545	395	414	346	264	288	255	268	250	207	203	214	208	235	200	192	203	183	176	167	144	117	125	162	145	129	154	138	127	151	141
368	396	443	428	486	428	384	344	284	303	308	326	351	339	361	323	380	395	337	322	391	413	403	398	438	386	332	364	376	330	286	318	300	304	267	230	249	223	242	211	223	198	174	185	244	243	232	246	240	235	243	252	221	230	222	251	324	314	308	323	359	266	211	199	243	276	341	336	301	302	325	350	304	278	287	365	295	295	342	332	309	265	299	326	353	341	375	411	416	410	405	341	309	233	222	180	188	225	197	187	185	169	178	183	189	166	167	197	223	194	161	141	145	133	134	141	131	137	149	144
394	433	460	455	482	455	419	329	277	273	281	297	346	331	331	342	321	348	356	303	277	295	382	406	457	543	456	376	393	364	291	287	227	234	252	217	206	212	183	157	164	152	152	180	208	208	191	225	223	218	218	270	204	200	191	214	269	290	361	347	338	322	234	233	245	304	337	319	303	323	334	373	344	336	351	374	309	279	284	297	273	228	272	249	252	296	313	341	300	268	277	285	221	180	214	191	191	214	185	175	141	131	133	143	132	118	121	131	131	138	151	128	147	170	123	151	142	151	155	161
492	466	458	442	474	465	391	341	302	275	271	307	344	327	369	341	335	291	304	269	270	370	389	398	385	442	361	424	428	441	420	335	346	276	330	243	179	172	169	161	144	131	167	206	217	217	208	233	252	218	206	210	182	195	204	224	269	322	371	451	349	345	308	285	313	318	342	353	377	350	339	362	389	385	361	369	347	329	279	268	255	220	260	262	239	306	261	245	279	308	277	347	192	212	282	252	224	170	141	148	134	118	118	133	145	99	69.2	93.7	118	121	104	101	128	151	124	127	140	156	145	169
381	387	372	359	437	446	359	272	245	215	225	256	291	323	381	451	428	257	265	266	323	372	393	398	404	450	363	424	391	351	363	320	341	333	354	264	192	140	154	148	152	171	184	204	201	209	224	242	257	240	205	191	185	201	213	249	294	336	381	456	449	470	396	342	373	384	380	356	354	335	363	440	414	379	359	370	357	337	310	264	243	255	258	257	265	296	263	237	276	262	297	291	288	228	268	233	180	125	160	144	102	114	104	115	98.3	95.4	83.9	85.6	95.6	112	99.4	75.3	112	120	135	133	144	159	156	147
197	193	216	239	272	283	323	288	240	245	224	267	363	313	281	382	289	242	283	315	318	377	444	436	412	458	460	387	360	365	324	327	298	261	267	255	187	168	158	123	109	138	166	197	204	221	211	224	247	247	222	237	227	252	250	231	257	314	379	472	507	512	475	381	420	403	402	393	373	352	391	447	399	421	407	394	358	337	403	363	267	255	276	282	304	305	239	250	289	287	320	354	263	259	243	244	221	164	174	175	156	113	108	94.9	89.8	74.2	72.6	59.5	71.7	115	94.3	112	114	132	129	116	120	145	176	185
126	156	255	280	295	278	303	287	294	376	378	326	329	318	325	374	325	244	302	350	353	375	375	382	347	385	386	346	317	322	369	341	254	264	223	253	234	198	163	133	128	131	159	221	220	246	238	235	251	243	230	291	277	287	255	270	246	281	319	396	397	411	449	447	432	426	441	414	369	361	363	390	366	386	360	397	388	412	409	403	329	307	343	351	292	258	231	286	242	274	244	295	257	216	235	273	230	196	165	145	129	125	88.8	78.3	119	85.3	79.6	59.8	63.7	82.1	117	139	109	123	118	109	84.3	83.9	138	147
121	148	193	222	319	297	295	239	266	305	367	336	334	395	347	353	294	377	430	392	412	304	323	342	291	284	295	281	339	376	377	370	240	215	221	266	294	235	167	115	112	120	168	212	235	250	240	255	257	244	254	302	294	258	253	287	270	274	301	356	420	464	491	500	492	408	407	430	388	381	341	343	328	329	327	381	366	414	407	410	345	417	373	346	277	252	220	285	328	344	308	310	281	254	232	240	216	205	168	166	160	107	74.4	83.7	134	95.1	98.2	57.7	56.7	75.5	84.9	77.2	73.6	88.4	98.9	84.6	88.7	70.7	89.6	116
154	187	203	238	278	272	303	284	291	292	269	289	366	500	471	382	507	378	383	265	296	319	297	298	242	244	252	248	307	345	369	354	261	205	212	209	203	172	133	122	116	112	172	244	273	271	269	258	254	261	249	277	291	280	266	300	255	275	295	347	353	389	509	513	493	452	482	512	485	450	348	326	324	322	327	375	397	428	427	395	373	417	413	376	300	222	232	265	278	301	277	369	386	270	190	183	207	198	185	210	177	120	84.4	64.3	94.3	70.4	66.6	62.5	59	75.9	60.1	53.8	60.5	61.2	58.5	71.5	89.3	79.5	73.2	73.3
169	203	219	240	269	254	280	259	252	249	245	268	290	354	407	547	471	570	374	317	353	380	368	312	300	285	245	230	249	358	326	339	296	298	274	240	180	127	113	126	133	123	169	244	244	223	263	305	285	273	260	273	281	293	294	300	293	301	315	323	310	332	427	503	471	485	525	507	495	405	341	334	343	359	356	419	472	456	439	449	468	497	483	287	262	242	256	251	231	314	296	311	317	369	240	202	165	189	207	207	210	135	76.4	61.3	56.7	56.9	43.3	48.5	53.5	77.7	75.4	63.6	60.7	57.1	51	65.1	93.2	67.8	39.5	55.9
183	219	227	182	204	236	262	230	215	248	304	313	360	365	426	424	410	466	540	348	310	314	301	288	335	304	255	251	253	267	397	366	321	260	245	193	168	155	169	134	135	123	167	208	187	200	243	291	288	295	313	294	312	311	295	308	314	309	302	298	342	372	387	408	483	537	529	486	447	406	349	356	348	355	350	401	398	424	444	482	449	317	367	273	273	273	238	211	249	298	304	271	252	342	243	149	157	235	226	226	195	151	64.1	56.9	61.2	60.1	43	51.4	65.1	78	83.9	76.8	62.1	49.2	32	52.9	52.3	40.6	38.2	60.4
177	178	186	174	187	184	231	209	234	254	298	405	377	331	349	388	559	489	527	460	277	243	258	254	423	221	214	225	280	288	358	315	247	190	204	192	181	211	218	176	176	119	131	187	223	229	261	289	297	333	342	319	335	308	305	316	306	306	347	375	348	301	314	355	413	443	458	490	456	395	337	346	359	364	359	398	408	394	384	481	433	293	271	270	270	278	298	273	258	283	271	206	213	271	282	281	251	235	226	221	191	132	63	29.8	33.4	42	33.8	32.5	42.3	50.3	50	43.7	58.1	25.1	21.7	24	35.2	52.3	68.7	66.1
165	191	203	206	199	221	220	222	288	284	230	332	323	303	309	414	470	448	378	353	260	242	313	192	222	202	206	212	251	273	249	220	169	194	230	251	239	198	177	189	181	171	129	189	281	334	359	307	299	330	309	304	298	309	290	291	290	302	351	364	298	282	308	323	356	380	406	440	433	382	348	353	352	375	349	387	402	377	330	284	250	300	267	265	277	242	269	239	266	291	242	227	222	269	375	337	283	255	219	199	161	118	80.3	34.5	16.1	24.8	15.6	29.4	31.2	34.1	31.7	31	41.4	29.5	30.1	29.7	37	51.5	57.2	53.2
195	176	174	147	164	153	186	218	366	297	287	302	276	303	321	366	354	451	417	388	355	375	329	263	265	274	278	245	235	243	216	207	192	224	236	262	210	178	124	187	205	242	247	251	293	314	315	297	299	320	310	330	294	301	277	272	287	299	345	282	255	297	337	286	305	300	344	362	392	337	266	287	292	295	243	282	268	227	201	184	177	222	223	259	241	235	201	214	255	254	247	246	254	453	306	375	332	284	234	207	163	145	152	50	36.7	40.8	23.4	24.9	34.8	41.4	41.7	26.5	32.2	28.3	26.2	31.8	41.1	42.3	49.2	73.4
163	182	170	147	146	198	186	198	239	243	257	217	228	261	215	280	313	341	342	347	347	398	329	292	308	281	292	241	257	276	234	198	225	235	264	245	176	203	177	226	220	236	252	269	293	275	258	273	314	312	300	290	314	328	300	335	319	316	322	275	257	293	298	292	321	298	338	360	357	349	273	250	269	259	195	229	208	191	180	161	173	254	248	227	244	216	199	248	292	270	229	262	293	465	312	418	448	281	296	320	268	214	212	103	81.1	68.2	67.6	76.3	71.6	70.6	37.6	32.6	22.4	19.2	18.8	46.1	68.3	78.7	63.7	90.5
264	231	209	169	189	211	211	163	172	167	166	193	203	198	147	298	306	278	377	369	367	408	317	250	265	286	269	264	310	363	308	299	267	273	266	279	250	222	253	252	248	255	248	244	264	243	250	241	289	284	263	298	332	292	292	318	294	320	328	256	248	259	252	284	337	289	265	320	332	272	302	321	247	226	166	144	140	183	142	177	193	214	206	234	228	209	218	230	239	255	337	282	252	374	538	429	453	378	369	368	290	347	268	185	150	135	115	108	97.2	57	18	16.4	19.8	17.4	26.4	47.2	58	64.1	54	83.2
211	213	163	131	158	191	207	157	186	200	204	197	184	174	177	318	357	351	413	324	336	282	266	224	257	276	264	241	260	300	330	277	262	288	342	306	277	252	268	282	242	241	263	255	279	283	294	237	256	258	281	327	342	293	282	270	236	333	315	235	242	266	257	253	348	346	308	295	302	352	294	252	194	178	122	114	101	89.8	139	177	171	156	152	241	229	290	222	210	235	227	261	355	237	352	488	423	439	398	407	363	224	253	245	206	147	130	131	98.2	81.4	54.7	39.4	28.3	35.2	34.1	22.8	37.9	50.3	34.7	55.3	44.5
151	157	124	107	143	184	144	134	130	186	222	221	220	207	245	375	368	339	325	294	294	258	288	241	231	253	238	225	239	230	228	232	248	265	258	240	192	172	211	287	286	264	259	272	289	274	228	199	210	223	254	337	343	264	269	233	262	320	303	259	311	314	318	326	350	383	328	298	321	360	261	224	178	158	157	138	142	139	169	197	247	182	213	277	371	395	295	254	274	295	386	372	258	290	415	379	338	333	312	261	243	220	186	188	175	154	167	145	139	136	129	51.8	45.9	36.5	25.3	30.9	22	35.6	40.5	35.5
149	154	127	131	140	201	181	178	141	160	228	259	289	220	212	328	317	241	261	284	289	301	308	258	223	209	206	217	228	223	217	223	182	174	174	122	172	180	264	291	250	301	316	290	256	218	256	279	275	227	269	325	387	281	226	255	275	286	288	239	254	253	259	311	330	265	346	315	266	251	255	196	180	139	167	159	163	148	177	198	200	199	327	328	355	382	332	345	299	330	300	287	263	349	436	318	265	245	290	251	201	177	173	168	164	153	144	140	137	129	126	54.5	39.8	27.8	27.5	25.3	36.2	29.5	47.6	55.7
155	121	130	118	140	143	130	144	167	171	195	200	223	281	290	384	373	307	233	250	237	262	249	202	206	195	204	194	198	187	199	175	155	167	161	132	176	186	220	271	270	293	303	290	269	235	270	295	285	287	319	367	353	291	236	263	220	242	255	249	248	223	255	297	310	245	261	246	227	226	248	208	176	157	189	196	213	207	221	266	214	247	308	326	327	421	384	364	379	343	294	340	326	376	350	320	308	272	251	221	241	214	184	174	156	153	150	139	146	153	133	44.2	29.7	25.5	25.9	51.3	48.8	34.1	59.2	73.3
103	122	117	135	128	107	111	117	145	202	213	182	198	269	292	371	281	231	242	215	226	218	227	195	187	216	211	194	195	241	241	175	163	151	161	137	169	226	226	269	277	288	315	308	258	241	252	245	258	249	316	360	331	264	248	249	245	227	234	214	240	227	223	250	231	202	214	176	202	254	234	212	179	165	170	172	184	186	205	222	199	197	268	355	357	401	411	424	449	340	278	339	355	336	333	385	351	328	275	264	232	245	249	213	192	180	174	164	159	147	149	88.5	43.9	54.7	22.5	57.2	48.1	56.2	85.2	61.9
80.5	86.4	79.1	119	145	135	112	141	133	180	211	173	165	226	228	179	135	143	168	168	161	186	200	199	211	237	213	178	175	197	184	160	172	159	158	122	186	196	202	213	278	282	313	289	223	196	195	216	191	211	259	267	269	313	263	223	279	258	181	239	243	253	173	167	172	188	211	224	231	192	268	192	212	187	191	223	215	215	231	277	243	279	321	424	409	487	501	493	555	355	394	364	376	304	301	284	289	273	246	239	242	253	272	234	216	193	182	188	203	195	203	251	224	217	207	188	200	197	192	58.8
108	128	139	121	130	131	115	130	131	159	133	158	185	185	192	204	132	142	161	146	153	160	176	210	211	252	200	164	161	186	191	185	149	151	160	149	226	228	237	254	303	278	273	245	202	199	198	180	190	216	241	285	250	297	257	197	217	222	208	225	207	172	150	180	174	202	215	247	206	188	175	165	204	192	191	266	213	221	282	346	310	347	334	430	451	459	609	551	494	403	444	501	442	343	310	304	282	261	249	267	268	284	313	275	232	215	196	211	210	223	223	274	271	265	245	212	217	201	193	52
96.1	118	150	130	108	134	148	154	173	181	175	171	163	152	152	167	137	117	141	159	140	141	164	168	183	189	168	166	172	194	195	217	186	215	210	163	222	262	259	249	251	290	252	214	208	224	229	211	191	216	219	270	259	285	253	224	171	224	288	266	242	236	228	198	170	192	220	183	155	127	114	142	180	187	196	241	242	278	348	389	370	446	383	439	426	456	452	499	526	455	436	395	442	442	355	352	362	328	251	321	325	286	277	255	236	248	228	226	235	257	248	298	278	291	294	303	249	204	202	123
84.7	96.5	133	158	160	191	156	152	164	156	164	178	216	283	238	182	150	122	111	144	147	164	172	157	168	172	173	188	188	200	211	171	166	208	203	202	167	234	186	197	226	263	288	250	210	204	187	173	203	213	265	294	305	330	312	323	220	223	238	248	197	243	229	190	194	181	207	148	152	110	105	135	181	179	200	217	216	220	303	387	393	407	409	408	451	553	511	490	456	439	400	436	439	528	506	364	340	408	363	323	311	341	318	310	262	260	255	250	293	301	264	266	279	266	286	311	292	236	235	300
89.6	116	133	151	165	163	167	184	173	169	177	175	232	269	224	151	166	144	88.9	111	123	125	120	154	174	143	159	161	149	145	158	158	139	148	163	153	160	202	194	188	191	234	253	245	202	214	190	209	229	222	210	205	269	224	296	265	198	188	202	178	208	180	183	169	155	148	151	165	184	164	142	148	154	156	178	200	185	202	273	321	375	389	412	434	430	433	451	506	544	563	350	331	402	444	446	297	262	296	349	301	294	311	329	294	298	225	223	246	253	257	242	252	271	275	297	304	306	240	208	231
95.7	132	162	162	140	154	164	192	177	200	152	159	166	182	169	199	183	149	152	161	270	158	129	153	175	199	198	174	179	152	167	165	142	128	156	167	171	155	185	169	207	224	232	230	199	266	215	212	232	231	211	188	201	242	290	291	199	190	208	222	162	196	187	156	158	163	226	171	179	191	210	222	217	214	179	150	178	214	266	296	342	381	403	423	364	379	442	485	467	459	446	341	366	387	418	318	288	287	296	270	241	265	269	288	277	239	272	239	224	259	278	312	326	301	292	343	366	280	246	232
127	123	137	123	117	129	142	149	168	170	164	129	151	139	174	146	183	193	183	138	177	210	133	148	174	172	142	168	200	162	186	174	160	144	152	130	144	161	171	158	186	177	187	194	221	242	236	245	250	274	232	260	190	205	279	271	214	191	185	188	205	198	174	167	167	170	212	189	207	227	250	255	246	187	192	193	205	211	254	295	301	359	335	375	388	393	465	444	422	423	475	334	327	387	382	282	270	287	259	252	215	221	239	263	278	246	232	229	260	247	281	357	361	291	309	370	378	321	259	322
88.5	98.7	117	119	110	109	110	139	161	202	198	130	130	146	175	171	159	169	153	133	139	169	137	141	137	143	155	168	176	177	222	151	142	152	151	138	166	181	171	178	178	149	150	165	200	229	205	216	220	210	273	283	173	167	215	271	180	174	185	211	227	222	202	203	275	248	216	228	231	240	260	261	224	183	174	199	225	241	255	263	270	285	293	292	307	377	437	419	408	376	409	325	302	292	296	223	222	249	254	226	205	206	231	243	228	218	199	175	177	206	217	303	321	243	250	316	356	354	325	348
111	93.8	122	130	108	99.4	106	143	150	181	202	195	172	176	200	197	165	163	153	118	124	143	123	151	158	140	147	171	183	166	154	150	148	185	162	146	159	201	187	173	163	148	159	168	200	224	212	225	209	206	209	173	161	137	166	178	155	163	189	169	150	161	165	216	255	245	238	234	212	210	190	189	226	189	167	195	232	240	243	276	233	232	253	263	304	277	246	204	244	261	383	297	275	260	260	242	221	275	287	224	186	176	165	149	197	163	159	124	130	133	145	218	200	192	197	245	305	317	296	300
100	72.6	92.4	115	93.6	79.8	89.4	136	138	143	152	194	167	149	177	193	151	154	158	139	130	124	131	160	190	191	177	182	186	177	187	170	184	183	154	136	133	144	162	172	164	162	159	186	244	226	209	202	206	207	193	176	154	114	164	180	169	160	171	154	156	158	189	237	233	229	232	245	203	156	164	172	192	193	161	225	249	221	249	252	216	231	242	262	269	277	244	183	195	177	227	235	227	209	235	220	178	198	209	221	204	145	142	157	153	106	93.4	120	139	144	141	167	168	175	194	207	258	275	269	247
86.1	76.1	102	131	123	129	127	148	133	152	151	159	158	160	148	154	144	162	179	164	163	141	138	179	205	189	175	188	224	178	172	181	208	160	165	132	126	137	160	172	151	153	152	156	232	211	207	220	226	199	169	160	162	131	125	167	188	169	198	182	165	175	178	200	229	216	224	213	173	152	175	193	195	190	192	209	196	228	238	227	208	217	242	261	269	266	283	265	247	187	178	179	197	178	208	158	159	160	146	167	150	131	115	94	89.4	98.8	82.5	88.5	118	131	121	149	140	160	169	181	210	205	256	237
75.9	94.7	101	119	152	153	144	150	136	153	172	141	166	165	144	140	141	184	263	211	199	169	162	177	199	198	167	156	138	154	175	199	211	202	187	135	125	123	149	150	127	117	130	132	177	190	206	209	196	203	198	177	199	208	215	233	250	245	196	188	198	196	186	178	190	217	217	199	155	150	127	137	154	166	170	183	186	203	217	238	220	220	226	242	249	228	213	230	193	136	149	148	183	165	181	150	146	155	130	160	133	109	104	58	65.4	97.3	73.2	61.9	83.8	134	132	125	124	117	140	162	165	149	187	201
110	114	107	121	154	159	154	148	159	173	198	165	159	155	151	179	162	162	193	196	210	186	156	123	141	114	108	136	145	142	188	193	176	209	200	147	147	157	161	152	150	135	137	168	226	186	186	191	191	210	217	194	233	250	256	226	267	301	207	176	174	163	184	212	149	146	160	157	133	149	125	148	150	159	172	159	206	170	179	191	203	205	235	210	207	155	163	143	151	124	133	153	173	158	133	143	134	166	144	113	100	88.4	94.3	74.9	78.8	79	83.9	80.1	82.9	107	114	114	112	136	121	162	148	133	139	138
90.9	103	102	112	148	171	146	138	167	173	185	170	162	176	175	185	158	157	168	162	191	190	204	170	122	120	119	132	159	189	159	185	176	173	179	154	177	220	212	168	166	135	127	164	195	172	181	174	188	230	246	213	212	248	236	235	285	306	235	179	164	150	151	143	148	141	145	168	207	155	115	139	144	155	206	228	168	188	214	198	205	219	273	253	151	140	160	144	133	119	108	132	138	146	143	174	118	90.1	125	121	105	86.5	82.3	55	55.4	64.6	51	57.4	75.6	79.1	79.1	107	135	88.6	102	156	150	127	123	122
98.1	111	119	124	139	152	163	148	132	159	189	188	180	170	151	162	162	175	165	141	161	198	227	190	150	162	160	187	224	193	176	193	189	186	184	180	206	204	203	165	204	188	152	184	172	182	192	182	189	222	257	221	227	262	244	218	218	243	210	190	164	144	146	156	138	117	130	160	181	182	141	156	147	143	172	182	136	152	191	198	169	186	246	208	175	146	173	157	123	133	117	123	137	114	119	131	103	78.7	101	115	101	100	78.7	47.7	35.4	36.6	55.5	53.9	60.7	60.2	60.2	92.8	99.2	69.7	76.1	116	135	107	115	114
112	118	109	109	142	164	188	172	140	156	185	186	183	159	129	135	139	165	137	148	130	156	196	178	157	147	131	172	249	238	218	175	185	187	222	172	174	167	202	209	203	183	191	189	173	173	190	202	206	218	283	250	263	279	234	174	186	192	205	209	203	179	174	169	143	134	120	120	110	132	132	157	170	160	158	147	123	131	127	139	157	189	216	183	172	174	196	173	187	136	122	131	140	126	116	111	91.9	78.6	83.2	79	82.6	76.2	77.2	49.1	25.9	33.5	59.2	43.1	46	47.4	47.9	52.1	68.8	67.1	73.1	93.7	132	103	81.5	98.8
109	104	87.1	108	180	248	286	184	194	165	196	169	167	180	152	132	142	148	142	153	129	131	143	96.7	91	110	142	178	198	199	165	180	199	186	208	159	155	160	174	205	203	181	211	176	173	164	207	201	222	244	320	241	220	194	190	180	161	181	195	217	216	167	163	169	144	115	104	118	121	114	121	118	145	134	101	119	157	165	133	103	102	149	111	157	196	126	139	119	128	132	94.8	126	140	117	100	85.1	74.6	67.1	65.5	63.9	63.6	64	56.3	40.9	24.1	41.8	33	29.8	35.3	34.6	35.5	32.3	28.5	36	48.1	68.7	99.9	88.5	67.7	86.7
123	98.8	109	178	199	292	254	197	179	190	199	149	151	176	146	122	141	136	156	135	129	135	125	132	81	92.6	109	115	134	162	127	183	186	183	227	162	129	132	137	150	160	154	146	121	150	164	207	205	214	218	230	203	198	151	150	150	160	192	164	224	216	133	135	168	122	115	96.8	118	108	113	93.6	107	132	105	87.9	94.4	127	145	165	137	164	160	125	143	170	132	104	84.6	86.7	67.2	55.5	88.8	133	105	54.7	56.6	50.8	42.2	35.5	40.6	40.4	47.9	31.8	23	23.1	31.9	27.9	40	27.3	39.5	33.5	27.4	27.4	33.6	34.5	54.2	62.8	65.8	71.5	88.8
129	132	167	216	233	326	263	188	170	160	157	122	130	151	141	119	128	129	134	127	130	134	121	129	106	84.8	84.1	114	129	116	134	182	177	154	127	103	117	148	176	144	116	135	160	123	120	152	173	182	191	214	203	164	152	172	159	186	197	171	171	220	179	139	117	108	109	118	111	108	118	101	118	102	147	75.5	88.6	95.4	105	125	156	114	127	153	112	114	127	116	102	91.4	98.6	77.2	55.4	81.9	91.5	73.5	62.9	50.8	34.8	29.3	29.9	35.9	40.7	34.6	31.6	24	25.5	32.5	19.1	45.4	28.5	29.4	25.4	22.3	21.6	24	25.5	48.2	50.9	51.7	58.7	71
111	121	153	188	228	279	216	156	152	116	98.6	103	115	113	118	112	122	119	121	119	113	122	134	137	105	86.1	77.3	107	116	129	137	165	158	132	108	84.7	114	141	134	148	149	189	151	110	118	131	154	171	198	211	208	160	165	154	189	151	175	166	131	143	171	143	119	104	125	142	109	134	123	115	171	142	109	77.9	82.6	119	78	75.4	97.1	93.8	115	98.1	71.4	75.7	94.4	94.3	95.6	89.1	95.8	49.4	43	67.1	82	68.8	69.5	43.8	36.7	35.3	31.6	36.1	30.8	30.6	36.6	14.1	17.9	24	16.3	32.4	30.1	20.6	23.6	16.4	17	25.5	33	38.3	38.8	42	49.2	63
95.5	105	149	178	177	202	181	133	116	96.9	89.8	79.5	105	98.8	99.9	98.8	119	107	108	98.5	95.3	113	126	113	83.5	63	46.5	80.1	81.4	78.5	92.4	147	140	128	90.4	88.9	87	108	101	135	132	160	156	96	125	147	181	166	206	232	188	179	171	139	164	94.5	130	128	117	133	177	144	120	111	95.2	150	147	119	119	116	145	110	83.2	59.1	61.7	85.7	58.6	49	55.4	68.1	75.7	54.8	88.4	70.2	61.7	107	151	70.6	131	47.9	68.6	93	83.2	74.2	58	32	32.8	56.6	25.8	33.3	33.2	25.3	22.9	26.3	21.7	24.3	19.3	20.2	19.6	20.2	18.9	20	23.1	36.2	39.9	33.7	36.9	33.4	45	43.9
82.5	87.3	105	181	174	161	149	116	116	119	103	82.2	93.8	105	97.4	93.1	108	111	99	76.7	89.4	148	128	119	94.1	69.5	59.2	75.5	92.6	98.2	78.4	91.5	120	116	85	86.4	103	130	119	144	147	126	136	141	155	145	188	179	159	184	147	118	134	129	152	96.2	114	108	92.7	73.8	115	129	116	93.1	91.8	127	157	91.9	95.1	132	148	89.1	79.5	52.7	61.5	49.8	32.9	40.6	43.8	64.6	54.8	69.4	95.1	76.2	44.4	86.6	107	66.1	80	50.3	64.4	76.3	84.8	29.4	26.9	24.7	28.7	59.2	21.1	23.4	32.2	22.3	21.8	22.8	22.2	21.8	16.4	10.7	10.3	14.1	13	15.5	15.2	14.2	15.3	18.1	26.1	30.1	30.8	29.1
72.1	77.2	73.8	102	127	129	146	104	108	115	136	98.3	70.3	82.5	82	87.3	94.1	89.3	81.9	80.4	93.7	98.3	90	81.4	96.8	77	86.8	97.9	97.2	107	99.5	81.6	93.5	94.7	85	89.9	118	121	99.1	136	157	138	127	150	145	124	177	166	208	140	122	89.7	94.7	97.5	130	123	81.4	77.2	87.7	71.5	94.6	109	77	77.1	125	119	134	94.5	86.8	92.1	124	90.8	88.1	43.8	48.8	33	29.6	61.7	49.3	43.5	39.4	27.6	48.7	89	90.5	79.2	77.2	79.2	61.2	79.2	102	137	77.4	30.7	34.2	35	15.1	23.9	16.7	16.5	17.3	22.8	19.5	19.1	18.1	12.4	10.8	8.3	7.78	7.58	7.71	7.31	7.63	6.7	8.22	10.4	11.8	14.7	14.4	19.3
73.3	69.3	53.8	67.3	93.2	108	142	127	102	96.4	109	123	83.4	71.6	84.3	94.5	83.7	96.1	92.8	107	104	81.5	67	96.5	67.1	66.9	89.3	82.3	79.4	115	139	118	76.3	83.8	110	105	83.2	89.9	96.4	107	114	120	117	107	128	136	167	120	127	143	136	104	87.8	77.7	94.6	103	62.5	84.3	66.5	76.5	85.7	74	64.6	74.9	105	147	117	89.5	54.6	34.4	60.1	39.9	57.5	55.6	49.4	53.4	31.9	52.3	48.5	52.4	47.7	24.1	41.1	63.6	95.5	93	75.5	67.3	87.9	118	111	75.7	36.4	42.6	45.4	39.5	38.6	29.2	34.6	18.5	15.6	18.1	23.6	13.7	8.68	7.19	6.73	6.52	6.05	5.86	6.15	4.61	4.69	5.25	7.64	11	10.6	11.2	10.9	15.4
81.6	74.6	64.2	68.1	63	70.8	87.5	102	87.5	86.3	86.4	85.5	81.9	76.6	80	85	75.7	80.6	81.9	80.4	91	70.9	58.5	47.4	46.4	70.1	67.5	61.7	75.1	53.7	48.8	69.7	63.1	55	51.1	57.9	70.4	68.1	77.3	128	127	119	107	96.2	113	156	178	117	125	181	118	80.1	99.2	84.8	120	75.9	73.4	63.2	59.8	62.8	95.8	107	56.8	45.9	38.9	65.6	74.6	56.9	47	26.1	25.2	22	33.3	37.9	35.5	41.8	41.8	33.2	27.9	20.4	30.3	38.5	56.7	81.2	123	60.5	40.5	76.3	81.1	107	146	65.9	33.5	61.5	61.2	30.2	33.3	28.9	46.8	21.2	13.9	32.1	17.2	6.68	6.12	5.71	3.77	2.5	2.29	2.19	2.79	1.61	1.63	2.31	3.28	25.6	8.95	6.64	5.73	9.17
74.5	67.5	71.8	72.5	64.8	89.6	88.5	100	86.7	71.7	61.9	65.2	72.5	60.4	66.5	73.7	91.2	86.3	109	70.6	67.8	84.5	70.2	59.4	24.1	44	48.5	70	52.8	75.1	48.4	56.9	45.9	44.3	37.3	49.1	58.5	65.1	70.1	104	102	103	88.8	92.3	118	146	165	108	169	149	132	71.1	109	165	184	106	57.3	46.2	52.6	50.2	57.4	65.4	89.5	66.5	80.7	73.5	92.7	60.4	62.8	20.2	18.7	22.6	55.6	40.7	26.2	38.5	22.8	17.8	13.7	17.9	37.9	31.7	50.6	121	143	129	48.4	50.8	59.3	94.3	119	67.6	31.7	73.5	76.5	17.7	5.35	19.9	17.1	9.72	6.08	10.3	5.6	4.72	4.06	3.23	2.34	1.5	1.39	1.24	1.3	2.05	1.59	1.09	2.44	5.55	3.08	3.47	7	11.1
74.2	61.2	67.3	63.9	61	74.6	87.3	75.5	68.5	64.6	52.2	60	62.5	56.8	60.8	58.5	109	68.9	70.9	61.4	56.2	57.3	73.3	53.8	35.1	45.1	61.2	66.3	50.2	52.9	28.2	36.7	41.2	42.1	46.5	52.8	56	53.7	82.6	128	110	95.7	96.6	112	97.7	126	159	111	123	146	159	98.5	102	101	84.1	62	39.3	43	77.8	59.5	38.5	38.9	65	96.9	109	201	88.3	66.9	74.8	34.7	32.5	25.8	12.1	23.2	28.3	25.9	25.5	20.5	6.27	10.4	140	59.8	55.7	89.9	112	120	75.2	83.3	93.7	114	103	75.7	75.2	76.1	69.7	36.7	19.4	8.81	9.58	3.38	4.29	8.98	2.65	5.09	3.5	3.21	1.56	0.954	0.811	0.704	0.79	0.497	0.495	0.623	0.875	3.29	3.04	3.86	5.46	11.8
69.7	58.9	74.1	65.1	52.7	48	47.8	48.9	53	49.4	55.5	52.7	51.7	48.7	55	53	58.3	55.5	57.8	49.4	51.3	45.7	64	52.1	45.2	44.3	54.8	52.8	64.1	58.6	51.1	51.3	56.8	69.3	54.9	71.1	72.4	75.3	79.9	117	119	117	125	117	99.7	141	159	119	121	106	88.6	82.4	85.1	85.7	62.7	53.9	41.6	120	99.3	49.6	45.5	39.7	47.2	113	106	150	113	104	69.8	50.7	42	19.1	24.4	26.4	38.2	30.3	22.3	32.8	49.8	38.4	25.4	36.2	31.8	122	94.7	112	73.7	90.2	109	94.6	149	126	163	117	48.4	23.9	38.3	21.9	11	8.14	4.37	2.58	7.12	3.49	3.33	3.1	3.34	4.9	0.698	0.751	0.625	0.398	0.386	0.479	1.42	2.4	10.2	4.3	5.05	5.82
77.4	69	64.1	59.1	60.9	51.5	50.3	50.8	53	48.6	51.2	39.4	35.7	36.2	38	34.8	28.8	36.8	37	35.9	38.3	44	60.8	50.3	49.2	51.1	47.9	37.8	38.2	72	59.4	51.4	50	62.6	70.5	79.7	78.3	95.5	102	107	119	133	112	98.3	120	147	113	91.7	90.7	94.8	103	98.7	112	83.6	77	53.8	60.7	127	122	39	42.5	44.3	62.3	72.2	83.4	90.7	84.7	80.6	62.8	38.1	27	10.3	19.7	30.9	32.4	41.5	32.7	53.4	79.6	46.6	19.3	12.3	31.1	77.7	106	121	97.8	47	44.3	88.8	109	72.6	89.9	125	79.5	37.3	52.3	17.9	10.5	14.2	2.68	3.17	17.5	10.4	2.46	5.21	18.1	6.91	1.69	0.696	0.645	5.05	2.29	2.84	1.01	13.9	13.9	6.07	13.5	13.3
72	75.5	73.6	67	60.3	56.4	63.3	58.9	54.7	51.4	46.6	37.2	33.4	31.6	41.3	32.8	29.7	30.5	28.9	28	33.2	56.8	67.8	47.9	42.9	34.7	33.6	41.1	37.3	51.1	79.3	64.6	56.6	54.7	98.1	97.8	90.4	94.1	100	109	144	120	108	92.3	102	121	93.3	32.6	44.4	82.4	115	104	67.2	74.8	71.9	72.4	64.3	69.3	86.4	49.4	44.5	48	58.1	49.8	97.2	51.1	42.5	42.1	35.4	45.8	23.3	7.38	13.1	19.5	29.5	95.8	26.5	11.7	11.8	14	13.7	13.6	29.9	67.2	58	67.1	52.8	46.4	59.5	73.8	57.8	29.7	10.1	52.3	55.4	44.7	43.5	20.9	3.26	4.15	9.47	3.37	2.09	4.65	2.36	13.9	4.73	0.997	0.72	0.546	0.489	0.369	0.191	4.43	2.96	7.45	11.6	8.78	8.25	3.79
103	107	78.4	67.2	68.8	69.3	57.1	50.4	50.1	45.6	52.7	42.6	38.7	49.4	44.2	37.4	38.9	45.8	35.9	29.5	34.9	42.3	44	41.7	30.9	31.1	36.1	79.7	57.1	49.5	61.6	71.1	73.8	70.6	74.5	103	109	101	112	111	99.8	95.6	104	107	107	132	111	73.7	96.8	71.6	105	81.2	73.8	39.9	48.7	48.6	55.3	92.2	106	72.5	44.7	67.5	61.4	40.6	56.7	35.6	35.4	56.5	36.6	50.1	32.6	17.4	46.5	18.6	12.9	17.4	13.7	13.6	6.77	9.15	10	18.3	22.3	41.8	38.4	62.3	67.2	56.2	53.8	72	70.3	30.3	13.8	46.7	39.9	20.1	3.05	8.23	18.7	10.8	9.38	2.18	3.48	2.42	3.1	2.14	1.74	0.997	0.69	0.491	0.401	0.183	0.272	0.326	3.02	1.58	13.2	7.62	6.55	4.47
114	122	84.4	68.9	84.6	62.1	58.7	64.3	64.8	63	51.1	32.4	33.4	35.1	43.6	34.4	36.7	41.9	38.8	29.6	33.3	30.5	24.5	34.8	39.3	32	38.7	38.1	38.8	44.4	65.9	80.5	80.6	93	105	106	107	112	101	133	121	114	107	117	106	103	104	72.3	193	99.8	94.5	60.3	40.6	38.8	27.3	41.3	56.7	87.2	87.6	47.1	40.1	43.2	32.6	29.1	41.4	24.5	20.8	41.6	24.8	30.8	35.4	27.8	32.1	19.5	13.1	15.3	25.7	15.8	8.93	9.02	9.08	22.1	20.1	31.8	43.3	68.6	73.6	44.1	51	52.8	62.2	24.8	11.2	35.2	46.1	41.6	18	15.3	31.8	34.3	9.28	7.38	2.57	4.35	2.72	2.43	1.98	1.12	0.761	0.532	0.502	0.215	0.139	0.211	0.575	1.08	1.54	2.06	4.86	5.36
88.9	94.7	99	116	86.7	60.1	61.1	97.5	121	118	89	39.4	37.8	34	47.6	31.5	36.9	47.2	33.7	29.1	33.6	33.4	28.9	39.9	46.5	46.2	43.6	39.7	47.2	47.4	59.8	71.8	77.6	76.8	79.3	93.5	91.3	96.7	87.4	99.3	102	101	91.9	95.1	101	77.6	81.8	45.3	61.6	67.7	52	37.8	24.3	24.5	26.2	29	59.6	66.2	85.9	78.1	41.5	31.3	53.9	27.8	18.3	24.6	22.5	23.2	22.8	26	18.1	32.3	36.5	15.2	17.1	20.1	12.8	5.82	5.47	5.57	4.43	7.84	8.07	18.5	16.4	20.2	14.9	10.3	8.06	17.5	36.1	44.4	17.5	42.3	37.9	27.9	38.2	26.7	24.1	24.7	13.2	10.9	6.24	2.99	3.93	2.51	2.04	0.858	0.578	0.399	0.589	0.281	0.197	0.228	4.24	1.25	1.74	2.23	2.6	2.63
102	100	110	124	90.6	82.2	81.4	101	103	113	119	66.3	43.9	44.3	53.2	34.3	44.3	53.9	34.2	30.3	45.6	30.6	29.7	43.6	38.9	33.6	33.6	38.7	54.9	50.1	58.8	66.6	79.3	71.1	66.2	80.5	96.1	95.4	100	99	102	120	99.2	91.3	96.6	92.4	111	52.9	56.6	44.9	26.4	43.6	12.2	24.5	41	34.9	43.4	88.7	77.3	50.6	140	27.6	28.9	15	19.5	26.8	51.2	20.1	19.9	16.6	12.7	19.5	32	16.6	13.4	17.1	9.62	6.73	2.45	2.59	4.7	11.9	7.31	12.5	11	12	12	9.17	5.07	19	30.7	12.5	8.78	10.6	11.9	13.6	28.5	20.8	13.1	8.02	10.9	12.8	7.84	6.63	4.47	2.78	2.24	3.54	3.02	0.659	0.348	0.642	4.68	10.5	10.8	7.11	2.02	2.36	2.73	2.32
115	102	87.1	95.9	96.4	97	51.7	96.7	99.4	116	104	59.5	29.9	29.8	46.8	52.3	50.3	48.4	40	31.1	31	27.2	29.4	36.8	30.3	31.1	35.2	45	49.8	55.5	55.8	70.5	92.7	99.8	95.9	95.5	99.2	105	104	89.2	87.8	92.3	76.1	89.7	99.5	110	107	32.9	32.8	44.8	48.2	73.7	50.9	46.1	34.9	39.8	41.7	113	109	56.7	156	29.1	20.1	13.5	14.8	38.5	71.4	30.8	13.8	11.9	8.87	4.91	5.01	3.6	3.52	4.98	6.9	5.05	4.98	7.06	6.37	5.74	4.57	5.5	6.8	8.11	10.8	8.05	1.39	12.9	0.242	5.27	5.35	8.29	2.12	6.37	14.1	13	10.5	6.13	6.79	6.89	11.6	15.3	9.63	3.29	2.49	3.4	3.59	3.68	0.396	0.344	4.21	6.53	6.12	5.38	2.23	10.3	10.3	2.77
124	114	95.1	92.2	108	91.6	57.9	112	113	118	92.5	56.1	42.1	27	42.7	30.3	26.9	32.4	47.7	55.5	33	30.2	32.3	35.6	33.7	45.9	51.3	43.6	41.9	57.4	57.3	72.7	110	114	119	108	105	101	102	96.5	79.7	76.5	76.1	81.9	105	116	83.1	42.8	40.2	63	45.5	81	117	125	126	68.1	66.1	89.2	78.1	57.5	35.8	34.6	40.4	13.6	17.8	28.6	35.6	20.6	12	50.5	12.7	4.42	4.26	6.43	6.56	9.53	8.78	7.33	7.26	9.8	11	2.85	3.67	8.66	4.09	4.69	4.11	2.4	2.3	14.5	4.47	7.14	5.24	3.68	2.51	6.58	7.74	8.51	5.24	5.59	7.7	9	5.23	8.07	6.35	3.48	2.77	2.94	3.37	3.77	0.469	0.414	0.299	0.642	1.2	1.77	7.68	3.09	3.48	3.04
110	108	103	102	107	89.5	74.2	87.7	91	96.5	100	86.6	78.8	53.9	52.9	30.7	34.4	37	41	46.6	42.2	36.1	37.8	44.9	51.2	47.2	43.7	40.5	59.2	72.9	83	83.7	132	94.9	98.6	88.5	104	114	115	88.1	62.5	57.5	63.1	51.2	46.4	42.3	28.9	42.8	48.6	33.3	46.2	82.7	95.8	93.7	113	82.3	74.3	105	88.6	41.5	63.2	63.9	52.7	23.2	18.3	20.9	18.7	11.5	13	34.1	14.8	4.37	2.8	3.7	2.95	1.83	2.3	1.18	3.07	2.95	2.97	3.52	3.23	5.83	4.46	4.03	3.49	2.15	0.921	2.1	1.53	1.25	0.606	1.97	2.46	6.5	5.98	5.19	5.09	4.22	6.39	8.01	5.15	7.58	6.99	6.39	6.57	4.02	1.12	2.97	2.6	0.759	0.558	0.784	3.52	1.84	2.33	2.75	3.04	2.88
98.9	107	109	118	112	102	65.9	89.9	118	120	108	86.6	75.8	51.3	57.2	35.7	38.5	37.6	44.5	40.3	39.2	34.3	33.4	39	43.3	34.6	36.4	57.1	57.6	60.2	74.2	73.5	86.8	83.5	82.6	94.9	97.8	125	128	104	76.2	70.9	63.5	57.4	27.8	59.5	35.1	38.2	34.9	35.9	64.4	49.8	52.3	86.8	83.4	110	76.4	124	165	55.1	48.3	54	48.3	26.8	24.4	19.5	27	17.4	18.6	13.8	18.2	6.48	3.34	2.63	2.79	6	3.05	2.08	4.34	1.41	0.84	2.1	1.44	9.56	7.27	4.88	3.58	1.72	0.935	0.499	0.565	1.03	1.08	1.33	1.75	4.69	5.53	4.07	4.22	4.65	4.79	7.52	8.52	5.07	8.77	3.78	4.39	3.59	1.61	0.9	2.47	0.868	0.647	0.907	1.32	1.95	3.06	2.9	3.18	2.99
72.1	90.6	101	118	124	99.9	74.1	115	121	111	88.9	48.7	46.3	69.4	48.6	34.1	37.7	53	61.3	39.3	36.6	35	35.3	34.5	34.4	34.7	35.6	57.4	62.9	53.1	64.5	64.1	81.2	75.6	84.2	79.8	95.4	110	92.1	75.2	70.5	67.1	60	50.8	32.5	36.3	36.3	26.3	18	28.3	39.4	65.4	72.5	98.4	84.9	67.9	57.2	34.9	98.4	38.2	57.5	77.6	63.7	40.3	27.4	20.2	16.3	27.5	31.8	12.2	12.7	6.57	3.46	2.62	2.8	2.21	4.33	2.57	1.15	0.816	0.78	0.733	0.676	0.912	2.15	8.74	0.667	0.341	0.42	0.607	0.564	0.637	1.11	0.742	1.15	3.94	4	4.08	4.21	4.62	4.75	4.92	4.81	5.19	8.68	6.51	2.64	3.35	3.14	2.47	0.768	1.42	1.43	1.06	1.74	2.42	5.1	5.9	3.22	3.03
96.6	88.6	89.1	110	95.4	107	129	133	105	75.4	70.3	59.2	81.8	71.2	54.4	41.4	47	51.2	48.7	40.2	38	38.3	37.1	34.8	33.7	29.6	32.3	34.6	48.7	47.1	51.3	58.9	67.2	74.5	82.5	67.4	103	124	123	105	90.9	69.3	70.1	65.1	53.2	26.9	24.3	49.1	28.8	16.7	24.5	45.4	65.6	86.8	44.9	65.9	86.2	60	88.2	24.2	62.4	66.5	33.7	29.4	24.7	14.6	16.1	10.3	10.8	9.34	8.77	4.25	3.36	2.21	2.18	1.19	1.38	1.3	0.868	1.2	1.57	0.652	0.592	0.0424	0.0375	0.896	0.353	0.282	0.35	0.419	0.496	0.572	0.639	0.677	1.07	3.6	4.09	3.7	4.21	4.89	4.2	4.08	3.97	5.21	7.34	7.08	3.15	1.57	1.45	0.84	0.71	0.975	0.921	0.654	2.3	2.64	2.68	2.86	3.27	3.12
55.6	76	56.5	71	81.5	96.3	77.4	96.9	74.3	73	70.4	69.4	73.5	52.5	51.1	62	57	55.9	63.7	56.6	52.7	52.4	44.3	33	28	27.8	28.3	38.7	41	36.3	46.3	49.7	59.5	66.4	86	73.2	70.7	70.7	79.3	85.2	75.9	74.1	90.8	83.2	37.3	18.6	25.5	41.1	58.2	32.4	23.4	50.2	37.2	57.5	21.3	52.3	47.7	48.7	42.2	21.6	8.09	21.1	15.7	16.4	10.4	15.9	14	6.42	4.55	3.85	4.74	10.3	2.14	2	1.85	1.13	1.17	1.62	0.996	1.22	0.621	0.549	0.486	0.0336	0.0284	0.0354	0.0546	0.171	0.214	0.27	0.336	0.477	0.543	0.583	0.594	4.43	5.45	4.49	5.12	4.37	4.88	4.85	3.97	4.83	4.57	5.32	4.58	3.35	2.39	1.62	0.631	0.783	1.28	1.21	1.54	3.26	4.98	3.12	3.77	3.9
66	81.4	76.6	67.5	59.6	86.9	69	74.7	73.2	60.2	83.7	79.7	53.5	46.8	53.5	65.1	62.1	61.5	50.4	50.6	46	42.7	37.2	33.2	38.8	33.1	29.8	29.7	30.7	36	44	42.4	43.6	54.2	85.7	69	62.4	60.9	77.7	94.8	61.5	61.5	84	62.1	37.9	17	21.6	27.7	57.2	21.1	17.6	46.3	28.5	13.8	17	21.6	33.6	21.7	21	20.5	16.2	9.47	9.87	10.8	8.62	11.6	7.15	3.71	3.2	2.5	2.22	5.01	2.38	1.83	1.75	1.1	0.982	0.897	0.788	0.653	0.557	0.474	0.404	0.0265	0.0208	0.025	0.0389	0.123	0.154	0.205	0.273	0.408	0.483	0.521	0.53	3.89	4.46	3.97	3.91	4.32	3.68	3.56	3.32	4.06	3.53	3.72	3.25	2.05	0.894	1.61	2.36	0.712	0.566	0.532	1.5	5.78	3.9	4.82	3.83	4
73.6	82.2	78.6	88.6	66.8	48.5	48	48.3	43.4	38.7	38.4	59.3	48.7	40.3	49.6	56.4	56	59.1	53.2	41.5	44.2	48	38.4	35.9	32.7	33.5	30.6	27	31.5	32.9	33.3	33.6	36	40	67.2	47.7	50.9	53.3	61.4	79.5	67.9	67.8	52.6	50.8	36.6	14.9	10	14.9	31.1	31.7	20.1	47.9	30.4	11.7	13	12.6	41.6	59.3	13.9	25.7	11.9	11.4	15.6	4.74	3.76	6.41	7.47	5.74	3.81	3.24	2.84	2.34	2.16	1.97	1.67	1.09	2.63	0.87	0.751	0.607	0.491	0.398	0.33	0.0207	0.0153	0.0175	0.0275	0.0875	0.11	0.154	0.219	0.341	0.411	0.448	0.457	3.32	3.37	3.35	3.88	3.06	2.97	2.84	2.68	3.09	3.14	3.44	3.48	1.32	0.759	0.597	1.69	1.42	0.513	0.484	2.15	1.7	2.34	3.12	3.93	4.14
41.4	65.1	79.2	88.8	90.1	71.9	50.7	30.1	21	25.5	31.9	41.2	59.6	43.5	56.9	67.9	52.2	55.1	55.9	49	43.7	51.9	38.4	33	28.5	30.3	26.3	28.1	32.2	28.7	39	32.7	30.7	30.4	36.6	38.6	50.7	57.8	62.7	34.4	44.5	41.2	40.9	48.7	43.1	18.5	13.9	12.5	20.1	10.6	12.1	13	27.9	17.3	30.1	18.1	10.4	19.3	9.85	12.9	24.6	5.68	1.55	4.98	9.42	8.77	6.83	6.57	8.2	2.71	4.45	4.45	2.34	2.11	1.71	1.11	0.989	0.859	0.722	0.832	0.42	0.323	0.266	0.0164	0.0117	0.013	0.0206	0.0653	0.0828	0.119	0.172	0.271	0.33	0.36	0.368	2.65	2.7	2.67	2.55	2.36	2.85	2.46	3.14	2.41	2.31	2.52	1.89	0.828	0.838	0.518	1.13	0.55	0.441	0.819	1.08	1.77	4.51	5.7	4.18	4.44
12.5	28.3	49	40.7	32.1	28.3	26.7	21	14.7	25	24.7	29	41.3	63.9	44.6	44.3	44.8	40.5	42	42	35.8	35.1	33.6	31.5	29.7	37.9	29.5	30.2	48.7	39.8	30.6	28.6	29.4	27.8	31.7	26.3	28.5	36.1	32.5	25.7	21.8	44	26.9	43.9	53.1	29.9	21.4	40.3	21.8	13.8	40.1	16	14.5	32	48.4	23.2	18.5	20.7	9.43	6.53	4.84	2.15	2.08	10.2	4.9	5.84	7.29	10.5	8.52	5.23	2.27	4.1	1.59	1.76	1.27	0.305	0.268	0.231	0.188	0.256	1.75	1.73	0.0997	0.473	0.0213	0.0228	0.0359	0.0877	0.111	0.166	0.252	0.202	0.251	0.276	0.282	1.16	1.18	1.16	1.08	0.699	0.49	0.467	0.458	1.22	1.5	1.12	0.968	0.802	1.09	0.684	0.522	0.439	0.35	0.436	0.874	1.16	1.65	2.28	3.07	5.8
13.6	16.2	33.3	28.1	19.3	10.3	9.43	14.6	27.2	44	37.2	36.7	42.8	52.4	51.1	51.2	45.6	48.2	43.5	44.8	39	34.3	35.1	32.3	33.9	43.3	43.2	27.8	32.4	30.5	39.8	25.8	23.8	23.1	22.9	24.1	24.3	21.7	18.6	16.4	15.6	15.9	24.4	38.1	72.9	48.7	24.8	13.7	7.23	6.68	11.7	10.6	23.6	33	22.3	20.1	10.6	8.77	6.12	2.4	5.65	3.34	2.05	6.5	3.7	6.27	4.74	4.67	3.64	4.56	2.04	1.55	2.83	2.44	1.95	0.31	0.27	1.6	0.179	0.23	0.14	2.1	0.12	1.06	2.02	0.0109	0.0175	0.0428	0.0892	0.0892	0.147	0.124	3.1	1.34	0.182	0.742	0.76	0.804	0.645	1.13	0.444	0.234	0.248	0.718	1.13	1.24	0.666	1.48	0.463	0.416	0.342	0.356	0.376	0.346	0.766	1.51	1.53	2.45	3.11	5.4
11.1	12.1	14.7	9.89	5.6	5.7	7.43	9.17	21.6	38	51.4	39.8	48.3	50.5	60.5	61.6	52.3	51.9	50	57.4	37.9	38.2	37.5	55.9	61.9	34.7	33	20.6	32.4	39.3	45.8	24.8	25.9	25	24.6	17.3	18.5	20.1	18.7	10.6	11.4	13	18	26.4	74.2	51.5	37.8	28.3	15.1	9.56	7.64	20.1	32.2	82.3	35	11.9	9.34	11.6	9.33	3.39	2.25	1.88	1.7	2.75	4.12	6.08	2.49	2.21	2.95	3.77	2.71	1.69	1.69	1.62	1.48	0.356	0.317	3.47	3.35	2.71	0.16	0.0933	0.0696	0.019	0.00893	0.0302	0.00861	0.021	0.0265	0.0511	0.0946	0.901	1.17	12.7	1.11	0.519	0.533	0.496	0.408	0.592	1.18	0.108	0.13	0.42	0.482	0.497	0.467	0.391	0.364	0.328	0.28	0.291	0.423	0.373	0.756	1.5	1.88	3.22	4.5	12.4
7.98	20	13.8	11	5.12	5.73	6.75	12.3	21.3	40	68.3	65.2	66.9	53.2	56.6	64.7	60.5	59.3	66.8	64.8	43.7	43.2	50.2	58.2	55.1	41.7	23.5	22.1	28.6	24.6	39.1	25.3	21.4	17.1	18.8	18.4	18.3	17	15.8	8.14	9.23	7.55	11.5	16.8	14	30.8	32	49.4	36.3	13.9	10.9	16.4	35.5	26.2	8.14	16.8	11.5	11.3	8.78	1.97	0.936	0.858	1.89	4.57	2.4	3.21	2.71	2.27	5.35	5.23	2.58	3.79	3.95	1.93	1.8	0.441	0.41	0.356	0.284	0.377	0.236	0.146	3.45	0.0293	0.0131	0.00652	0.00944	0.0221	0.0273	0.0517	0.0951	0.976	0.11	23.8	7.98	0.865	0.504	0.462	0.376	1.41	0.105	0.09	0.107	0.338	0.384	1.17	0.374	0.316	0.297	0.269	0.232	0.245	0.197	0.924	0.755	1.05	1.88	2.6	5.3	13.3
8.08	6.49	14.5	32.7	8.01	11.1	9.25	10.5	12.7	31.4	37.8	80.6	64.8	68.6	58.1	59.8	85.5	51.4	63.2	67.7	71.3	64	49.6	50.9	44.5	41.4	30.8	25.8	26.7	24.3	24	20	16.6	18	15.2	15.4	15.2	18.5	17.4	10.6	10.6	8.69	12	25.6	35.4	33.2	38.1	62	73.8	40.9	14.1	26.9	26.9	12.8	26.6	25.2	11.3	9.44	6.31	1.34	3.31	1.16	1.03	4.84	4.03	4.99	3.4	3.44	3.5	4.84	3.21	3.37	3.39	3.3	3.2	0.607	0.577	0.509	0.41	0.931	0.6	5.28	4.76	0.223	0.288	0.318	0.323	0.275	0.202	0.534	0.164	0.108	0.141	10.5	12.5	0.52	0.52	0.47	0.376	0.168	0.112	0.0897	0.103	0.305	0.339	0.349	0.334	0.341	0.327	0.3	0.261	0.179	0.148	0.388	0.73	1.3	1.85	3.69	4.11	6.32
6.64	6.44	7.46	28.2	33.2	5.88	3.89	2.66	5.92	24.7	45.1	33.6	35.3	46.9	72	66.8	103	56.5	57.5	63	63.5	62.6	56.7	56.7	59.8	46.3	38	30.6	31	24	23.2	16.1	17.4	16.7	15	11.8	11.9	15.7	16.6	9.43	10.4	7.77	10.8	46.9	39.2	48	59.7	20.1	22.6	17.6	9.2	7.87	7.99	27.2	48.8	56.2	22.6	22.2	18.8	7.26	3.23	2.65	1.85	5.24	4.35	3.88	3.74	5.51	3.91	3.6	3.62	3.8	3.82	3.88	3.59	0.7	0.68	0.604	0.558	1.19	0.926	4	3.92	0.882	0.602	2.2	0.621	3.75	0.528	0.473	0.885	0.25	0.141	0.156	6.63	2.65	1.45	0.94	0.342	0.148	0.0927	0.0678	0.0735	0.207	0.221	0.226	0.411	0.543	0.231	0.217	0.194	0.137	0.169	0.44	0.799	1.4	1.95	3.1	3.95	4.36
6.79	6.65	5.6	2.97	2.41	1.96	3.05	1.88	3.77	26.2	29.5	26.9	34.8	28.5	37.9	56.6	56.3	75.9	78	62.6	58.8	58	56.6	73.8	60.7	50.8	36.2	33.6	25.8	22.5	22.2	16.5	15.8	13.6	10.6	10.4	10.1	14.2	19.3	22.4	18.2	8.65	9.23	20.5	31.6	39.8	47.3	16.2	15.6	16	9.29	13.9	18.5	11.6	54.3	51.2	35.9	37.2	22.9	7.13	5.81	17.8	14.5	10.7	5.93	4.36	5.75	4.18	4.51	5.65	3.96	4.31	4.23	5.18	5.17	0.824	3.73	12.4	1.58	2.03	1.68	1.46	1.29	0.938	2.57	5.01	0.899	0.875	3.34	0.757	2.36	0.66	0.477	0.205	0.187	3.7	3.13	0.516	0.401	0.409	0.0987	0.0626	0.0608	0.153	0.697	0.253	0.747	0.159	0.16	0.206	0.144	0.254	0.0968	0.383	0.759	1.36	3.68	3.09	4.01	4.16
7.25	6.94	5.17	2.71	3.03	1.98	2.22	1.25	2.91	18.6	36.1	31.4	17.8	34.3	20.2	21.3	25.5	39.1	34.6	54.3	52.2	51.2	51.7	59.9	59.8	53.4	43.6	39.7	28.1	28	24	17.3	14.9	11.7	9.26	9.46	10.1	14.1	14.1	9.02	9.67	7.33	7.17	10.4	12.4	16.3	26.2	23.8	15.8	16.1	19.2	12.4	11.7	17.2	44.1	41.8	65.1	36.3	21.4	28	28.1	14.5	10.7	9.99	8.93	8.61	5.78	7.6	4.53	6.46	4.24	4.77	4.94	4.65	4.81	1.55	1.81	2.11	2.27	2.82	2.39	2.04	1.73	1.09	0.981	0.921	0.923	3.11	3.4	3.71	0.764	0.675	0.479	0.27	0.261	0.847	0.814	0.717	0.553	0.229	0.129	0.283	0.0647	0.544	0.565	0.258	0.82	0.116	0.116	0.115	4.12	0.0871	0.0844	0.35	0.737	1.35	2.16	2.71	3.66	6.4
5.85	6.32	5.34	3.62	3.27	2.66	2.47	1.23	2.56	3.48	5.31	22	11.2	10	11.7	18.7	17.8	19.7	19.6	29.5	34.6	36.3	44.1	56.1	53.1	55.1	48.5	45.4	41.4	36.4	30.1	18.6	15.9	11.4	9.37	8.27	8.25	11.6	16.7	16.3	11.5	9.64	7.08	6.23	10.4	12.4	14.6	17.8	15.1	14.9	30.8	56.2	41.4	11.1	14	80	87.7	140	84.8	43	40.7	36.1	23.5	16.8	13.3	9.21	10.4	5.78	9.93	5.28	5.73	6.07	6.16	6.49	7.02	5.07	5.36	5.38	6.98	5.64	4.65	3.76	2.98	1.4	1.04	0.832	0.836	0.983	1.8	2.98	1.52	1.28	11.5	18.7	6.99	1.94	1.86	1.64	3.11	1.86	0.344	0.168	0.311	0.376	0.339	0.0966	0.0901	0.197	0.017	0.0177	3.26	3.67	0.0707	0.281	0.646	1.44	2.06	2.89	3.92	7.43
6.12	6.37	6.33	4.62	3.33	4.08	2.57	1.28	1.31	3.86	6.02	9.86	6.26	8.1	7.92	21.2	15.8	19	18.7	23.1	26.7	26.7	32.5	43.5	54.3	59.3	62.9	57.5	55.3	44.7	35.6	19.1	13.9	12.5	12	10.7	8.52	9.12	11.1	11.3	8.92	9.37	8.71	6.52	6.53	6.84	7.6	12	12.5	14.9	17.2	29.5	28.8	17	18.9	42.2	69.6	127	105	48.7	20.9	23	31	24.2	16.6	7.87	7.23	7.67	7.02	6.67	6.03	9.02	6.71	7.33	10.8	8.28	7.35	6.36	7.62	6.78	5.68	4.63	3.61	1.56	1.09	0.811	0.807	0.949	1.69	2.37	2.9	13.1	48.9	57.2	7.07	2.36	2.26	1.99	1.52	0.717	0.437	0.704	0.499	0.0484	0.371	0.217	0.0318	0.00662	0.00666	0.00823	1.36	2.26	1.14	0.302	0.665	1.49	2.12	2.92	3.88	7.39
5.43	5.95	7.48	7.08	6.69	6	3.3	2.79	1.79	2.1	3.34	3.83	3.47	5.65	6.84	8.69	11.9	25	28.7	18.6	20.5	25.3	26.3	38.6	48.6	55.3	59.3	62.9	62.4	50.3	38.6	23	16.2	14.1	10.9	9.63	7.48	6.8	6.35	7.34	8.24	8.18	8.28	10.8	7.04	7.51	9.26	9.2	5.9	8.92	6.09	13.4	29.1	15.4	20.4	68.3	60.4	55.1	35.2	59.9	36.5	38.3	14.1	16	19.8	11.3	16.5	11.1	9.28	8.02	5.78	6.61	7.14	7.88	8.86	7.75	8.98	7.22	6.65	7.97	9.01	7.8	4.3	2.47	1.14	0.785	0.77	1	0.981	1.15	2.93	12	55.4	24.7	5.54	2.72	2.56	2.22	1.89	0.763	0.403	0.307	0.532	0.159	0.2	0.0508	0.133	0.0955	0.0017	0.00348	0.00705	0.0452	0.0475	0.26	0.629	1.42	2.05	2.8	3.7	6.98
4.01	4.43	7.52	8.65	5.13	4.98	3.81	3.99	3.18	2.52	1.74	2.32	2.87	4.04	5.85	7.59	9.19	23.1	31.5	28.7	18.6	18.7	24.1	35	43.8	57.6	60.2	61.8	61.6	64.4	53.2	23.4	14.7	10.5	10.3	9.99	8.07	7.52	6.63	6.98	7.27	7.14	7.58	21.4	8.72	7.3	5.91	3.65	4.11	3.02	1.63	11.1	11.9	5.66	14.1	67.9	41.4	35.3	61.2	67.2	39.7	17.9	8.34	10.9	10.6	13	20	13	12.8	7.76	5.86	6.6	10.7	8.24	11	19	8.06	35.8	27.3	10.1	8.53	6.65	5.14	1.92	1.25	0.855	2.55	1.15	1.12	2.32	1.77	1.9	2.29	2.4	5.41	5.04	4.23	3.46	4.18	1.42	1.05	0.458	0.607	0.0955	0.201	0.00134	0.0436	0.0233	0.00211	0.00337	0.00592	0.0284	0.0369	0.207	0.551	1.29	1.88	2.57	4.11	4.36
1.52	2.03	2.94	2.04	1.9	1.7	1.59	1.46	1.34	1.54	1.8	2.21	2.38	2.43	3.15	5.67	7.71	8.96	13.7	17.5	18.2	19.6	25.5	37.1	42.1	49.7	53.1	54.4	58.2	61.5	58.2	40.6	19.2	10.2	11.7	13.8	9.13	5.88	8.25	8.95	5.91	6.54	6.66	8.58	13.2	10.3	8.91	10.5	8.98	10.4	7.15	17.1	4.46	5.6	10.7	49.3	33.5	27.2	40.9	59.6	31	10.7	15.9	15.8	19.9	19.5	21.7	8.81	4.93	4.62	4.9	5.88	6.56	7.63	9.1	10.1	13.8	31.1	47.7	10.7	9.31	7.76	6.04	2.36	1.51	1	0.953	2.86	2.25	1.47	2	3.17	3.81	5.44	5.33	4.43	3.42	3.09	2.33	0.616	0.393	0.156	0.107	0.052	0.094	0.00203	0.00201	0.00245	0.00243	0.00315	1.32	2.51	0.00987	0.122	0.406	1.16	1.75	2.4	8.23	2.54
1.18	1.37	1.54	2.97	6.13	1.67	2.09	1.68	2.67	1.57	2.33	3.59	3.69	2.06	2.91	4.73	6.1	7.41	9.41	13.7	14.6	18.2	23.2	35.3	41.6	46.9	51.8	49.8	53.8	56.4	47.7	33.8	27.9	22	12.2	8.6	9.43	9.5	13.1	12.1	10.1	7.51	8.23	8.19	8.01	7.55	7.12	9.03	11.6	8.15	7.63	4.11	4.16	5.45	9.33	29	29.1	17.6	18.2	29	28.3	16.9	31	16.3	20.6	13.1	12.4	9.53	5.56	4.39	4.73	6.32	8.31	9.05	17.1	15.1	9.93	25.6	23.9	13.4	10.3	8.63	6.68	2.4	1.44	0.881	0.876	2.35	2.36	1.7	2.28	3.58	5.04	8	8.05	4.54	3.69	2.84	3.06	0.878	0.282	0.109	0.0798	0.0188	0.0719	0.00235	0.139	0.0393	0.149	0.00305	0.734	2.49	2.23	2.11	0.376	1.09	1.65	2.27	2.97	5.93
0.948	0.909	0.895	1.21	6.82	1.11	1.07	2.07	3.02	1.39	1.72	2.48	3.12	3.84	2.62	3.72	4.95	5.95	7.14	10.1	18.7	20.8	20.6	31.7	38.5	42.6	44.1	49.2	57.7	43.9	42.1	33.7	26.3	16.9	18.4	14.3	16.2	16.5	26.3	22	15.7	12.6	10.2	7.63	7.45	7.9	7.09	7.22	7.37	9.68	9	4.99	5.71	7.93	5.03	8.04	9.55	10.4	12.3	14.7	21.3	23.7	22.7	14.8	15	13	10.9	6.51	5.03	4.43	5.6	5.82	6.58	7.94	11.3	11.9	14.1	33	19.6	16	10.8	9.02	8.36	3.42	1.73	0.94	0.973	1.62	1.68	2.56	2.56	3.9	7.51	21.7	9.28	5.38	4.46	3.37	2.82	0.608	0.544	0.122	0.111	0.0409	0.0182	0.014	0.0572	0.0185	0.0192	0.018	0.0149	1.61	24	21.4	6.08	1.01	1.54	2.14	4.37	2.22
1.62	1.5	0.694	0.607	0.606	0.559	0.681	1.49	0.905	1.8	1.72	2.56	2.78	3.46	2.99	3.43	4.23	6.23	6.65	9.42	22	33.5	17.9	26	31	34.7	35.9	35.7	41.6	38.6	35.8	28.2	18.6	18	18.9	25.2	21.5	17.5	27.2	22.1	19.9	15.6	10.1	9.18	8.73	8.26	7.94	7.99	7.83	10	9.31	11.3	7	7.25	7.78	22.4	23.6	20.7	9.11	9.74	11.3	21.3	11.4	22	23.3	19.3	14.7	6.24	5.38	6.3	6.24	6.59	6.75	10.2	11.6	8.68	11.2	14.8	10.8	14.6	11.4	9.24	7.37	4.12	4.13	3.22	1.23	3.3	2.08	3.58	5.05	4.86	9.94	24	9.69	9.48	6.54	4.37	2.72	0.849	0.545	0.382	0.139	0.0634	0.125	0.124	0.0655	0.0495	0.0517	0.048	0.0387	0.464	10.5	21.6	11.8	5.26	1.36	2.09	3.15	2.14
0.152	0.415	1.13	1.48	0.23	0.202	0.168	0.254	0.388	1.01	0.603	1.19	1.08	3.28	2.88	3.2	3.39	5.04	7.36	9.79	9.54	18.2	19.4	16.2	18.8	19.8	20.2	21.3	20.6	24.9	27.6	32.4	24	21.2	27.2	39.7	27.4	23.4	25.4	27.3	33.3	25.2	16.7	13.4	12.5	11.4	10.5	10.2	9.93	7.53	9.63	9.8	7.55	7.2	14.5	48.1	32.1	12.9	13.2	13.1	10.8	11.7	25	26.5	19.8	19.3	10.4	6.34	5.51	5.23	5.21	7.04	12.2	14.6	9.31	8.08	8.9	9.01	9.05	11	9.04	7.89	6.41	5.24	7.47	5.42	1.96	3.55	4.32	4.13	5.54	7.84	7.21	7.5	7.43	5.23	4.35	3.8	2.72	1.65	0.959	0.511	0.314	0.461	0.435	0.432	0.453	0.489	0.511	0.474	0.38	1.22	0.12	0.0873	0.255	0.674	1.13	4.77	2.33	2.51
0.117	0.0963	0.281	0.371	0.484	0.575	0.185	0.349	0.15	0.229	0.543	0.885	1.05	1.32	1.9	4.17	2.39	4.67	6.74	9.06	9.81	10.9	16.5	26	13.9	14.2	13.9	14.8	19.1	23.7	33	31.2	26.7	30.1	19.9	28.1	33.9	33.2	23.2	25.2	34.6	28	23.2	16.6	15.7	13.8	11.7	9.68	9.84	7.83	7.21	8.3	13.5	9.05	13.2	30.8	27.9	37.4	13.2	18	17.7	18	24	27.3	24	18.4	12.2	6.6	5.46	5.22	5.46	8.02	8.98	8.69	9.48	7.95	8.8	8.91	9.29	10.1	9.3	8.19	6.86	3.97	3.83	4.9	2.29	3.85	3.87	5.88	12	7.73	7.25	7.19	7.44	5.3	4.64	3.58	2.77	1.05	0.721	0.427	0.386	0.594	0.587	0.598	0.626	0.677	0.707	0.656	4.53	12.7	1.01	0.115	0.212	0.539	0.953	5.53	4.64	2.5
0.061	0.053	0.0361	0.0679	0.0775	0.146	0.549	0.493	1.05	0.526	0.236	1.01	0.774	1.27	1.36	3.89	2.72	2.47	4.66	7.35	9.33	9.9	10.5	31.6	14.4	12.8	10.9	12.5	12.9	18.3	28.5	38.5	35.3	28.3	28.4	30.7	32.9	45	33.8	35.5	38	33.7	30	20.3	20.7	17.1	14.2	11.2	10.4	8.06	7.37	10.5	11.7	11.5	8.08	21	45.6	47.4	26.8	13.4	24	19.6	24.6	22.3	21.5	18.1	13	6.81	5.71	5.41	8.44	8.89	11.7	12.7	9.4	7.75	8.7	11.6	10.4	10.1	9.37	8.33	7.02	4.78	3.2	2.68	2.72	4.2	4.22	5.91	8.44	7.52	6.51	7.09	7.17	5.69	4.98	3.23	2.21	1.1	0.659	0.562	0.539	0.705	0.731	0.768	1.01	1.27	1.41	1.13	0.707	5.86	1.86	0.171	0.196	0.378	0.759	2.28	1.83	2.76
0.104	0.0904	0.0396	0.0815	0.0447	0.063	0.237	0.451	0.27	0.12	0.113	0.329	0.622	0.966	1.28	2.56	2.74	2.67	2.97	4.16	7.3	9.12	9.23	10.6	15.6	30.2	11.8	13.1	44.1	20.6	21	48.8	55.3	36.6	44.6	38	47.3	61.9	57.6	51.7	47.5	45.5	41.8	28.1	26.7	23.8	20.4	15	10.7	9.63	9.49	6.6	11.2	8.96	5.84	14.3	37.4	42.1	23.5	13.6	15	13.1	13.5	17.2	14.7	13	11.5	7.03	5.96	5.63	5.99	7.76	19.7	11.6	10.3	8.03	10.1	8.84	8.49	10	10	8.37	7.24	9.43	4.49	3.19	3.2	4.96	4.96	5.59	6.92	6.69	6.53	6.09	5.27	4.81	4.12	3.59	2.79	1.26	0.596	0.539	0.559	0.795	0.867	1.05	1.46	3.5	2.7	2.74	0.929	5.64	1.72	0.254	0.325	0.737	1.49	1.08	1.68	3.29
2.16	1.89	0	0.964	0.00921	1.39	0.00696	0.0955	0.1	0.382	0.353	0.195	0.394	0.689	0.813	0.827	1.07	1.34	1.23	2.51	3.86	5.98	7.17	9.39	10.5	19.9	13.2	11.4	22.2	25.3	16.5	35	49.3	67.3	64	79.2	89.4	89.4	80.9	80	76.9	81.8	66.5	53.4	44.4	36.9	31.6	17	12.3	10.1	8.15	4.55	4.48	5.16	6.75	23.2	14.3	13.6	21.5	15.2	14.1	12.7	12.5	13.4	11	10.4	9.44	6.53	6.05	5.49	5.77	1.86	3.87	4.59	2.73	2.52	2.75	3.87	3.05	2.38	2.22	1.83	1.63	12.2	3.71	3.36	3.71	5.11	5.09	5.93	16.7	6.48	6.02	5.68	5.87	5.98	5.17	2.95	2.52	0.974	0.454	0.332	0.392	0.981	1.11	1.38	2	7.7	4.61	4.85	14.4	9.01	3.75	0.325	0.45	0.62	1.08	1.93	3.15	5.33
0.3	0	0	0.0102	0.189	0.256	0.0039	0.0498	0.0892	0.305	0.5	0.199	0.147	0.162	0.262	0.897	0.782	0.935	1.2	2.3	3.04	4.25	6.99	8.74	7.17	8.73	12.8	12	6.39	10.4	11.7	24.7	64.3	70.3	88	93.2	90.3	74.4	72	95.2	101	93.4	89.3	53	50.5	44.5	37	18.7	14.1	13.6	12.8	12.3	6.94	6.34	4.85	17	16.6	11.7	12.9	18.6	19.3	14.7	12.9	13.3	13	11.5	9.92	8.49	6.03	5.79	7.06	3.6	2.91	1.85	2.12	3.44	2.91	2.83	2.98	5.61	8.03	2.03	1.68	5.14	4.08	4.68	6.12	9.32	16.8	25.7	13.9	7.86	6.11	5.89	10.4	13.4	6.32	2.82	1.85	0.796	0.502	0.395	0.414	1.08	1.26	1.77	2.42	3.95	4.31	4.35	11.7	6.32	2.16	0.405	0.586	0.828	1.22	2.41	3.54	6.52
0	0	0	0.000797	0.000804	0.00152	0.00243	0.021	0.0581	0.0655	0.303	0.308	0.126	0.0977	0.124	1.09	0.708	1.06	1.13	2.83	2.4	3.47	4.33	7.84	8.16	8.09	8	13.3	8.68	5.56	5.64	11.5	26	45.4	43.2	46.7	40.7	47.7	56.9	79.9	91	105	101	65.7	54.1	45.5	36.6	21.6	14.2	13.4	11.2	4.67	8.98	13.7	7.46	10.5	8.91	16.8	23.1	15.7	15.7	16.9	11.7	11.1	11.6	12	9.66	9.7	9.62	9.03	6.84	3.81	3.17	3.33	1.94	3.41	2.85	3.99	3.47	4.52	3.28	3.8	1.91	6.04	8.84	22.3	18.4	19.3	19.4	26.9	15.6	8.26	6.87	6.28	14.3	7.73	3.14	2.56	2.08	2	0.527	0.524	0.446	1.06	1.22	1.37	3.7	4.4	3.57	3.77	5.32	4.35	2.26	0.439	0.675	0.98	1.37	2.35	3.76	7.82
0.15	0	0.63	0.687	0.276	0.00191	0.00256	0.0201	0.0242	0.0358	0.0399	0.0377	0.0943	0.12	0.102	0.159	0.587	0.802	1.2	3.05	3.63	2.85	3.93	4.68	4.93	4.81	6.52	9.32	7.85	5.67	6.16	4.69	2.08	5.38	8.29	19.1	19	31	42.2	55.7	60.2	76.6	93	59.4	55.8	48.2	38.2	23.2	16.4	10.8	9.06	4.89	9.23	15	15.8	22.6	14.1	14.4	23.1	15.5	19.8	23.9	14.1	11.4	9.79	9.58	12	10.3	10.2	10.1	8.75	4.37	4.39	5.02	2.1	2.93	3.04	3.07	3.1	10.6	3.26	7.58	6.36	5	20.2	20.4	30.6	19.5	20.2	24.7	9.11	7.23	6.48	5.7	12	4.16	3.16	2.43	2.12	1.78	0.555	0.511	0.886	0.924	1	1.06	2.22	3.2	2.2	1.53	1.26	1.65	1.09	0.429	1.54	1.08	1.51	2.49	3.84	7.35
