56.6	71.5	79.4	83.4	115	151	136	146	138	177	196	168	172	188	242	288	276	252	281	269	278	275	358	325	333	283	309	377	448	493	488	499	468	495	549	490	465	439	551	586	510	493	426	503	546	419	394	325	325	268	227	230	246	244	256	305	296	329	463	505	410	387	443	352	325	304	333	250	205	231	282	249	262	285	281	294	281	280	317	335	341	362	412	369	355	371	361	302	287	287	330	371	347	250	253	218	247	274	235	225	268	299	271	232	273	273	271	260	226	228	256	251	217	236	260	323	327	352	367	348
77.5	102	112	91.3	123	144	141	127	145	190	186	183	194	257	288	297	274	284	291	299	334	325	363	337	303	300	338	429	565	680	629	527	550	650	655	522	432	439	503	504	511	553	475	496	478	442	380	312	265	183	168	192	273	261	256	239	234	294	400	472	476	445	351	313	367	334	394	330	239	253	293	297	323	288	345	407	435	410	407	342	363	324	341	339	371	295	312	320	306	260	293	326	284	266	240	241	283	338	330	242	252	277	243	244	248	219	210	190	184	197	236	227	236	267	315	379	357	324	323	298
101	121	117	96	118	139	136	131	178	208	187	186	204	226	254	268	240	268	265	248	279	415	443	350	329	349	447	490	630	551	543	484	486	543	538	437	333	336	409	414	420	424	427	472	425	303	232	223	232	240	211	236	317	262	274	332	351	414	470	463	509	386	297	355	367	434	414	348	377	322	353	456	393	369	338	374	546	432	396	301	289	303	331	322	365	343	303	289	268	213	238	220	204	214	214	227	321	299	359	266	235	236	223	206	188	191	175	160	172	175	181	210	223	238	281	313	306	297	294	228
135	128	146	124	127	141	135	153	165	184	229	235	220	207	249	272	269	265	266	276	352	428	450	406	358	413	472	522	615	494	428	459	491	408	381	264	237	283	361	339	415	338	301	302	333	248	159	224	242	320	366	289	226	266	287	335	384	477	522	467	494	390	440	444	418	433	359	373	371	362	441	380	299	308	297	427	398	330	299	294	266	345	347	313	359	372	373	348	304	221	185	188	175	188	210	187	193	201	221	213	211	220	183	187	139	147	194	180	155	183	195	202	227	227	251	278	322	297	280	258
122	126	147	154	134	142	176	176	184	192	207	200	207	205	259	256	244	268	251	272	304	392	450	357	394	440	410	495	566	545	434	433	365	296	260	231	216	254	268	278	265	208	209	235	238	186	180	298	334	371	333	493	281	282	311	328	368	383	437	475	474	507	449	485	426	344	304	293	380	351	406	391	357	310	307	331	294	309	348	290	277	353	342	336	362	363	335	316	281	275	219	197	156	189	232	184	173	145	170	171	192	185	186	163	134	189	202	181	199	207	198	178	209	213	253	231	269	287	269	283
110	135	151	150	145	186	214	217	226	239	221	216	193	241	271	247	245	272	241	305	354	513	488	465	456	501	462	468	500	527	469	411	372	316	316	298	238	267	353	341	278	245	233	278	288	371	359	474	482	455	364	353	314	332	388	356	334	368	453	480	518	463	396	364	338	339	318	328	376	402	370	364	315	310	311	335	295	273	297	310	309	301	322	368	339	383	353	337	328	270	268	206	183	205	215	180	155	161	153	174	199	196	150	131	148	155	166	187	225	239	201	192	220	215	212	224	278	266	299	300
120	145	151	147	164	211	217	248	270	242	256	268	219	234	217	227	249	318	303	324	464	591	554	451	405	428	391	465	496	484	413	342	331	352	315	276	249	263	338	282	231	205	250	381	361	385	440	476	487	466	383	375	366	410	356	322	322	351	523	513	547	551	506	338	266	274	354	329	302	291	374	326	304	304	307	288	301	283	279	329	323	324	309	299	323	263	283	378	300	289	213	147	157	158	164	133	144	131	137	160	169	142	118	139	139	123	136	165	178	164	190	188	200	175	147	188	236	226	271	276
121	157	162	165	152	168	196	220	230	212	263	270	214	202	242	249	243	223	309	387	436	514	466	434	388	436	499	490	584	529	381	356	323	375	386	407	286	281	308	252	209	185	269	378	383	440	479	480	488	471	403	419	434	383	347	338	428	537	479	449	501	562	617	489	316	279	307	279	252	238	215	270	294	295	272	249	263	261	272	311	374	359	293	300	278	248	272	337	284	243	188	209	151	135	204	181	126	125	154	141	158	121	90.2	137	170	150	160	155	152	129	126	148	156	120	135	161	202	184	209	205
129	155	170	174	173	172	188	248	224	206	230	231	216	234	234	236	241	256	331	323	326	503	466	443	338	435	428	487	487	521	475	460	422	428	430	433	316	261	208	230	235	228	246	315	398	440	473	484	490	479	417	446	465	422	352	301	395	403	399	447	500	607	516	407	303	332	347	255	268	162	149	204	223	312	255	225	224	258	271	302	341	323	304	313	288	261	216	268	274	303	316	326	363	208	260	171	158	122	158	131	132	131	113	137	115	125	131	128	138	113	127	136	130	118	138	161	152	136	137	167
148	143	185	170	144	140	167	202	177	172	146	193	205	229	256	329	427	292	369	323	287	380	427	385	330	403	378	377	496	513	497	524	364	378	364	424	338	265	206	217	279	269	312	367	432	472	493	512	493	472	451	492	495	497	453	397	517	491	486	573	465	532	579	529	401	338	253	234	254	206	175	200	227	302	296	285	287	283	249	241	226	232	255	304	326	225	208	283	279	380	433	306	311	185	164	176	199	176	176	138	107	102	127	113	87.6	90.7	114	131	130	113	127	156	139	145	138	151	139	103	124	139
129	132	130	133	114	111	118	133	122	173	197	192	202	236	268	324	382	341	285	300	281	302	335	375	331	378	312	366	413	453	451	413	401	382	252	292	320	252	201	177	214	259	334	411	470	482	539	504	506	504	502	505	499	512	506	490	482	491	507	534	486	457	466	504	500	445	361	288	291	234	242	238	305	286	258	294	295	279	222	226	221	233	244	292	278	221	244	287	307	377	346	284	241	150	127	186	221	169	137	95.2	92	123	143	98.5	91.2	92.2	89.8	98.1	123	110	118	145	134	124	129	116	114	136	149	110
126	126	129	129	140	115	111	122	118	159	183	184	207	266	278	294	380	363	286	271	221	226	237	330	405	412	422	420	365	420	450	366	349	318	266	237	297	299	237	245	262	328	418	442	495	490	496	520	517	504	512	555	522	547	537	493	535	492	486	487	452	398	420	427	595	510	486	411	370	344	298	276	273	227	186	201	219	243	243	221	198	212	256	282	342	292	244	336	329	337	406	340	366	347	185	187	178	150	127	70.2	78.9	108	93	60.4	53.2	73.6	65	73.9	91.4	79.2	86.7	91.9	107	91	105	127	137	142	140	118
120	113	107	124	113	106	110	119	135	171	181	168	160	228	261	279	361	391	309	232	192	217	231	271	340	345	397	339	291	333	395	377	324	274	264	308	279	269	235	261	290	403	453	437	492	543	555	556	543	551	609	589	547	517	519	488	496	417	476	447	432	430	431	484	516	489	519	374	393	325	246	206	220	198	186	182	214	204	218	220	219	223	203	245	361	378	277	358	333	454	445	406	383	272	162	159	135	134	110	71.3	67.9	78.3	76.2	65.1	62.2	55.2	59	62.7	72.4	75.7	79.1	73.1	66.8	65.8	81.9	128	136	119	123	125
121	105	98.3	82.3	92.7	98	114	101	135	171	165	156	137	225	252	253	342	281	297	256	253	293	290	274	287	322	307	315	338	299	337	269	243	254	174	205	177	182	248	278	389	494	541	483	530	499	521	569	570	578	557	529	530	505	502	461	384	335	404	446	439	410	394	393	417	496	453	367	276	325	248	230	220	243	238	192	189	195	216	217	222	211	157	187	254	306	254	286	330	412	422	383	375	313	198	189	182	135	80.4	84.2	85.8	76.6	70.2	66.1	45	43.7	68.2	84.7	70.9	61.4	51.3	61.4	42.5	44.6	69	92.6	103	126	109	74.1
111	114	124	101	105	91.3	135	124	126	136	139	150	143	185	241	256	319	275	286	235	229	254	268	302	363	314	304	307	384	299	247	230	214	210	140	154	160	178	316	320	343	451	496	447	481	470	499	508	513	548	548	507	508	512	505	441	388	325	352	454	448	434	432	424	374	387	373	330	274	301	248	181	172	221	225	189	165	187	204	200	193	179	180	192	203	261	195	282	284	286	314	346	405	353	195	197	198	157	115	95.4	67.7	75.2	67.7	57.8	51.3	39.1	41.3	50.3	50.6	39.6	37.6	38.8	37.4	34.2	55.4	71	72.1	61.4	63.2	53
130	111	108	112	113	122	171	119	118	141	153	176	163	184	232	237	299	305	330	258	280	294	249	307	325	342	377	342	328	270	251	173	153	123	123	160	161	212	283	318	393	486	520	487	458	486	518	518	528	519	506	494	513	552	537	492	408	389	399	391	357	345	374	384	348	318	345	428	422	290	235	174	149	168	181	145	140	155	159	164	175	166	199	196	198	228	178	240	184	233	266	320	356	376	286	184	174	169	155	159	106	98	124	130	65	32.5	30.2	29.4	25.3	36.7	39.3	58.9	25.8	44.4	39.4	64	50.8	54	69.9	54.3
113	94.6	121	111	115	122	136	134	125	182	187	170	166	223	234	246	254	291	308	229	258	276	242	301	257	248	269	186	209	191	164	132	124	161	181	239	195	229	262	338	342	394	473	466	474	492	538	525	510	501	496	496	510	559	578	498	406	391	338	332	301	281	292	319	299	340	381	408	412	231	181	156	179	198	192	186	161	166	186	169	154	158	163	192	251	213	155	191	122	194	213	242	261	291	284	190	184	185	179	187	155	104	106	82.1	62.2	47.6	34.7	39.6	42.5	48.5	94.9	46.4	28	29.4	30.3	66.1	37.7	54.6	56.3	46.8
127	116	127	106	111	138	131	152	165	190	230	188	190	262	304	272	276	288	269	219	208	232	236	227	236	203	234	197	264	182	157	126	144	164	214	209	224	252	299	357	291	327	421	422	427	468	487	451	474	466	484	482	495	543	551	479	437	403	388	468	480	328	242	253	306	418	442	481	515	328	262	218	222	228	231	229	221	223	229	183	208	170	177	183	223	205	212	197	213	233	299	280	231	255	277	342	226	204	158	182	138	130	143	162	134	103	120	56.8	65.3	147	78.4	43.5	31.1	29	34.1	29.1	24.5	50.4	58.6	67.7
123	119	150	140	133	137	121	157	188	179	181	179	185	242	264	268	262	249	251	268	223	252	292	212	192	237	246	258	280	207	192	136	157	168	267	252	241	235	361	368	348	390	432	406	453	433	479	460	421	464	475	478	474	481	470	426	401	368	381	521	447	284	251	264	297	442	495	485	455	375	322	249	225	209	213	200	205	204	130	135	165	112	126	190	225	226	255	225	213	264	258	253	240	334	339	365	372	205	182	162	157	193	162	182	156	136	125	68.2	104	92.2	43.5	17.8	27.6	53.3	43.6	37.3	29.3	33.8	42.4	51.1
139	151	156	175	188	177	173	201	188	177	184	176	182	185	229	196	217	245	252	232	220	222	232	213	188	240	259	293	269	306	238	225	178	204	257	311	281	264	275	340	314	390	397	277	304	314	425	424	469	492	531	483	487	452	334	424	446	449	400	457	329	258	211	263	271	337	378	446	420	312	232	212	192	251	224	149	174	169	159	131	132	106	153	156	169	194	220	252	252	203	185	181	249	337	323	397	424	344	198	184	144	147	126	163	175	139	150	113	102	66.9	54.4	25.7	23.7	37.7	47.6	43.3	24.5	17.8	48.5	37.9
161	181	185	210	196	173	185	202	200	160	148	167	197	235	242	231	266	304	287	276	258	200	237	260	249	265	301	287	283	328	281	268	201	194	207	248	230	281	286	331	280	299	322	288	300	350	482	438	442	502	483	468	434	438	357	384	427	404	410	371	290	244	188	282	242	316	368	343	359	323	237	174	168	152	152	181	154	199	211	168	146	163	177	159	192	192	220	271	246	192	166	143	212	241	202	261	333	364	336	201	231	152	149	163	173	173	139	177	189	170	107	42.8	34.4	38	36	27.9	19.7	16.1	31.7	27.3
160	184	176	218	222	185	159	202	204	225	196	219	239	304	320	330	309	319	340	319	294	234	253	247	220	214	303	266	260	336	296	347	252	188	219	237	258	252	260	292	292	274	362	353	397	378	479	459	424	441	460	434	339	341	332	348	306	279	287	332	258	305	275	315	244	300	398	410	397	302	236	162	158	98.3	171	198	187	170	217	190	193	283	255	256	258	321	260	218	224	220	213	228	226	199	223	262	236	261	293	321	290	188	228	371	391	404	380	333	367	277	227	83.8	80.6	111	72.8	50.1	48.9	38.5	37.8	15.1
154	157	149	200	193	182	165	232	240	271	229	214	272	264	284	221	236	272	331	300	302	242	270	208	158	185	184	225	287	272	285	234	208	221	227	243	236	223	222	281	305	290	291	335	392	386	415	416	312	318	362	321	282	281	263	297	266	265	196	180	168	232	252	326	291	265	284	361	214	317	261	152	150	123	217	201	205	182	229	234	243	306	310	302	220	270	296	265	247	228	242	284	195	155	229	283	279	234	288	275	260	276	292	423	458	416	392	337	331	273	228	90.7	89.4	74.2	123	70.2	50.1	45.8	43.1	30.2
123	129	138	150	156	182	171	237	270	263	254	224	276	280	264	194	198	234	299	327	360	303	186	184	223	244	235	289	316	305	294	252	204	253	230	309	354	309	227	314	275	243	266	314	328	414	360	376	328	282	308	335	341	220	210	224	221	242	165	196	214	232	230	239	209	257	292	302	227	280	169	111	111	99	138	144	178	167	170	188	209	271	233	198	272	318	396	356	364	258	222	195	200	226	268	282	318	264	324	311	284	272	313	412	415	439	410	340	374	360	244	126	82.1	110	118	64.3	50.2	49.1	50.3	43.3
110	140	150	133	133	155	162	236	254	216	206	194	255	245	270	255	252	242	305	363	388	322	215	227	255	279	250	316	261	237	198	295	296	362	337	339	345	276	217	212	214	226	257	294	308	293	286	367	351	344	328	356	370	347	246	182	177	151	164	209	223	226	238	166	138	168	240	214	217	249	158	173	112	105	146	153	155	135	132	176	199	207	242	262	252	425	412	302	250	327	290	244	273	277	221	249	275	282	291	339	307	291	411	506	504	454	424	437	366	343	319	276	141	114	101	47.7	57.2	47.4	60.5	48
110	149	158	153	141	123	136	169	230	202	210	250	239	251	238	209	226	216	226	263	347	231	237	256	268	266	336	238	262	275	200	240	269	359	341	273	292	276	255	216	196	269	363	290	271	233	208	194	219	256	248	211	294	267	191	135	123	129	152	194	248	199	178	192	177	159	182	163	185	125	110	162	131	137	136	175	182	110	133	183	198	143	176	280	290	304	261	275	317	296	294	262	295	220	166	193	153	211	250	226	357	340	319	409	431	417	393	381	351	329	311	303	262	115	110	97.1	72.7	70.1	81.8	39
110	124	132	142	167	126	137	200	188	223	264	265	265	274	215	189	185	207	212	216	239	224	219	239	239	249	340	273	334	266	206	299	350	291	318	255	239	265	277	304	266	319	357	309	290	226	136	80	124	211	208	169	166	195	105	73.6	77.6	110	159	176	172	140	157	259	192	221	205	201	167	142	64.1	141	129	141	118	116	119	124	138	133	191	151	179	254	265	280	227	259	316	312	366	327	275	245	189	178	182	235	286	184	360	441	429	412	396	389	333	374	363	309	307	319	237	189	160	82.4	73.8	56.6	58.6	30.5
90.1	104	124	146	154	121	105	245	200	200	207	224	238	302	298	233	220	238	218	187	202	273	263	209	206	219	249	335	276	219	203	281	298	310	231	257	233	217	248	309	247	314	312	354	260	224	207	155	124	228	189	155	143	138	110	97.4	93.3	127	128	155	145	142	140	146	136	182	208	132	114	97.9	45.3	75	102	80.3	54.7	93.2	87.3	124	135	137	144	145	151	220	239	279	251	260	290	243	274	275	307	348	249	180	177	224	260	258	333	367	393	395	403	411	370	363	309	329	281	359	239	170	128	175	173	90.4	32.7	16
99.3	118	142	159	125	116	105	177	212	181	165	223	243	335	341	264	246	242	207	173	178	209	182	143	165	200	221	311	303	269	254	238	217	260	265	247	205	236	211	275	256	289	304	281	258	254	250	192	151	152	168	199	145	179	172	141	97.9	107	95.7	135	112	125	109	143	111	198	136	114	115	59.6	33.6	63.2	66	70.7	58.4	73.7	88.3	134	150	170	186	162	165	215	214	237	258	274	250	225	253	281	318	270	204	186	203	187	217	280	286	296	342	329	329	341	309	334	286	332	266	381	318	219	116	175	196	195	63.6	58.2
117	112	147	123	94	109	105	106	118	113	142	154	170	253	249	225	219	172	179	179	143	148	164	144	145	157	149	185	194	185	195	201	186	207	214	257	213	223	216	256	257	233	227	209	237	230	233	220	162	153	184	143	142	193	154	108	72.3	77.3	71.9	105	90.7	118	94.3	91.8	103	153	104	94.7	84	68.7	91	115	130	130	116	75.2	95.4	176	170	206	184	158	145	154	145	162	168	186	181	190	202	245	286	226	145	129	142	129	139	188	197	218	206	213	229	234	222	307	319	316	303	381	407	325	272	203	135	71.5	86.5	66.6
127	101	110	93.7	80	92	119	147	121	161	150	161	219	235	225	222	208	179	192	176	163	202	179	120	118	128	184	177	183	167	149	176	180	175	202	207	209	220	242	253	300	286	252	185	246	367	203	193	187	160	126	154	177	137	112	96.3	81.7	94.8	88.5	91.8	94.6	115	125	109	114	111	111	121	132	119	127	198	175	171	164	105	111	186	188	169	169	144	126	121	118	138	135	154	189	196	233	299	228	150	190	171	150	128	145	140	187	139	153	204	174	177	207	197	296	242	189	321	373	345	333	243	161	136	130	96.2
130	106	124	113	106	98.7	112	167	172	182	174	210	245	263	301	233	180	183	170	175	149	145	152	106	119	94.1	126	156	187	207	163	148	183	233	197	203	216	236	289	294	317	278	163	158	230	320	348	177	188	168	147	120	151	117	119	93.4	135	123	122	133	122	106	89.2	118	96.7	118	97.9	97.6	125	112	126	146	153	219	179	121	119	137	166	172	178	149	124	138	116	121	133	156	143	139	207	246	225	146	136	144	136	138	143	118	120	114	147	195	157	162	206	205	231	160	160	226	269	299	309	200	204	146	110	76
135	147	143	120	101	76.1	97.8	132	186	188	172	169	217	270	255	198	173	182	168	164	123	134	128	131	166	145	91.6	182	210	230	162	170	184	221	222	207	181	197	234	218	215	235	207	153	145	130	230	121	131	150	150	152	77.6	62.9	69.1	147	157	82.8	94.9	110	96.9	100	87.8	84.7	86.3	73.9	88.2	101	88	92.6	101	165	172	159	138	129	111	109	131	153	149	136	123	172	120	111	98.6	91.1	93.1	114	160	217	182	209	171	163	152	169	130	108	104	121	146	210	228	193	158	164	200	161	135	206	203	190	148	161	154	139	138	143
131	127	121	114	118	105	113	116	134	136	147	178	190	209	169	183	183	206	176	170	126	125	125	125	167	148	170	207	171	176	150	145	145	196	239	189	162	152	170	119	130	150	140	107	88.8	87.2	96.8	114	111	97.6	131	115	57.8	58	71.5	133	65	55.4	71	98.7	99.6	125	114	138	115	83.3	73.6	69.6	73.2	86.5	95.6	120	118	123	232	135	116	88.9	89.6	127	123	109	94.7	124	100	82.9	88.1	63	62.5	99.7	103	129	132	173	119	135	124	121	107	89.4	105	66	82	202	133	101	92.3	99.4	145	157	149	162	188	150	166	159	158	134	118	86.9
116	115	105	97.5	101	95.2	95.2	83.1	83.2	83.6	99.4	163	173	185	149	163	166	181	172	129	112	95.4	106	93.6	117	155	161	160	148	130	135	129	128	160	153	155	145	124	108	105	144	116	80.1	68.9	75.9	81.6	84	69.7	54.7	62.9	79.6	86.1	71.4	67.4	76.3	146	123	115	80.8	92.3	82.9	68.4	99	137	173	120	89.7	85.9	53.4	45.9	59	88.2	43.2	120	140	81.1	93	81.9	68.5	82.8	85.3	84.1	81.5	82.7	89.8	86.8	89.1	77.1	88.1	107	110	83.5	80.1	91.4	75.4	74.5	86.3	76.7	101	87.5	65.3	67.9	62.3	103	75.2	52.4	61.3	102	91.7	73.9	95.3	106	203	88.5	67.3	135	147	138	94.1	81.8
105	101	111	103	110	105	93.8	83	95.8	110	135	194	203	192	141	149	155	170	170	179	169	142	147	154	183	222	154	182	138	121	123	128	117	103	108	122	110	92.7	84.9	93.2	123	86.3	69.7	70.6	80.8	72.1	90.5	69.5	70.2	60.9	88	120	112	82.8	70.4	128	60.1	98.8	68.8	99.4	78.3	61.3	81	128	140	164	105	79.3	82.9	54.7	51.7	45.6	48.3	105	89.8	69.4	74.8	61.5	44.9	57.4	69.7	83.8	90.4	91.7	74.2	76	79.9	114	113	105	103	75.7	54.4	112	76.5	43.5	69	62.3	47.6	60.5	51.3	57.9	117	108	61.4	40.9	34	64.7	76.4	62	86.1	85.2	103	97.4	43.1	53.7	52.5	56.7	74.5	64.9
96.8	108	119	107	113	105	119	112	111	109	125	179	176	171	158	168	139	149	174	150	140	132	177	144	155	198	189	130	142	145	138	124	123	129	117	158	138	98.4	89.2	73.6	69.7	64.4	63.7	71	80.9	66.4	62.7	63.5	91.1	98.2	102	120	111	122	137	128	139	164	118	168	103	59.7	95.2	107	139	136	128	74.3	72.9	54.3	45	79.7	62.3	72.1	47.1	50.4	38.3	25.5	22.9	30.1	55.1	95.7	96.5	80.1	63.8	85.8	107	89.4	75.4	81.9	91.9	98.1	91.7	144	84.5	43.5	40	56.9	42.3	40.2	39.6	32.1	37	41.2	25.2	31.8	33.6	33.7	52.4	52.9	65.2	61.1	61.3	36.4	41.5	45.6	32.8	35.6	38.4	28.6
132	123	116	111	124	130	138	137	145	113	123	165	165	161	164	153	149	180	179	144	129	117	118	97	101	129	110	99.8	106	134	133	96.2	93.8	97.7	115	133	125	117	80.8	77.4	62.6	59.6	53	55.1	67.2	65.6	50.9	84.6	94.7	110	110	185	138	172	185	144	110	112	135	128	85.9	83.3	73.5	70.9	106	86	112	62.1	47.6	38.5	40.7	70.2	65.6	45.7	27.9	51.3	52	20.7	30.4	37	78	81.6	112	101	63.7	44.2	72.4	90	63	77.8	138	100	143	177	106	54.9	43.7	55.7	41.1	48.5	59.2	49.8	25.5	13.5	30.2	16.5	26.2	21.8	34.7	36.8	34.4	29	29.8	28.3	33.6	30.1	31.6	36.8	34.9	21.3
140	115	112	99.5	116	120	144	128	106	97.4	108	161	167	168	175	170	158	200	212	181	145	115	110	90	85.5	118	104	112	138	131	136	111	168	101	85.8	87.7	91.6	104	97.5	75.2	62.7	64.4	62.4	59.5	53	73.3	70.1	88.3	88.6	120	90.3	170	135	151	184	147	141	109	71.6	92	76.7	101	81.2	83.6	79.3	92	50	42.3	63.8	58.8	57.7	110	91.2	39.4	39.8	29.3	28.6	29.1	39.6	51.8	72.9	74.8	69.5	36.4	35.5	37.5	43.2	50.3	63.1	81.8	76.4	82.8	95.2	65.3	76.3	65.9	30.8	34.2	43	86.6	76.5	28	18.9	3.64	3.51	9.8	26.7	6.57	13.9	29.6	46.6	20.6	15.3	14.5	19.1	26.8	26.6	30.4	22.1	13.3
112	114	108	86.8	108	137	171	134	115	112	112	153	162	163	187	177	172	219	210	152	159	104	111	183	124	179	131	95.7	110	107	92.3	66.2	93.2	88.1	34.9	85.5	83.2	77.5	55.7	49	56.4	63	76.6	71.1	59.9	78.2	63.2	73.3	78.1	80.4	93.8	151	139	116	130	107	185	185	175	44.9	59.7	58.4	91.6	95.3	124	90	43.2	53.9	71.3	55.9	67.2	67.8	18.6	22.3	21.2	21.5	31.2	36.2	51.3	60.7	54.9	51.8	33.6	23.6	26.7	26.8	21.4	34.1	63.9	70.3	64	89.1	48	43.7	67.3	47.2	29.3	35	28.7	41.9	31.3	23.7	11.6	2.54	2.22	2.04	10.3	12.9	13.4	12.8	17.6	20.1	9.52	16.2	16.5	16.7	13.7	17	16.8	10.2
82.5	87.8	95.7	97.1	134	128	128	133	125	90	97.2	148	160	169	177	178	170	183	190	210	188	148	146	127	111	118	80.6	98.6	82.3	82	57.2	38.1	31.4	40.4	54.8	99.1	112	67.7	53.9	55.4	44.8	42.2	49.9	52.6	56.8	58.9	69	70.8	56.3	60.2	61.8	117	99.1	80.2	68.6	95.2	146	174	198	62.3	83.8	71.2	78.6	97.1	93.8	92.7	93.5	75.3	45.5	43.4	58.1	52	30.2	32	23.8	12.2	32	47	73.2	45.9	52	53.4	40.6	37.7	41.4	30.6	29.7	18.9	26.7	44.3	60.4	51.1	17.5	15.6	55	33.9	35.2	38.9	33.5	31.1	21.4	20.6	7.87	2.19	6.81	10	17.2	1.97	8.05	23.5	22.5	15.6	16	11.8	7.76	9.85	14.2	19.1	23.3	12.3
79.6	73.9	73.5	80.3	104	105	87.9	114	149	112	132	157	136	125	167	223	197	221	198	285	229	158	90.1	72.4	98.5	92.6	64.5	64	86.1	82.1	58.9	39.7	52	56.4	63.3	101	278	124	73.1	74.8	46.1	45	54.5	60.4	64.5	74.5	62.2	101	97.9	74.2	80.8	77.6	72	83.7	77.3	110	108	93	220	130	54.9	79.6	53.4	49.3	61.4	58.7	52.4	71.8	64.7	51.6	55.8	55.8	51.9	29.6	21.9	19.1	17.4	42	59.1	58.4	42.7	52.8	53.8	37.3	83.1	55.8	43	24.9	31.2	34.2	55	35.5	5.27	9.39	13.2	24.4	37.2	43.7	11.7	5.95	16.9	16.3	15.8	18.1	21.1	8.75	11.2	3.63	3.03	2.3	3.11	2.95	7.38	11.3	10.3	11.3	12.2	16.2	28.9	18.1
74.9	77.1	79	88.8	93	91.5	83.4	118	128	108	115	146	138	169	152	173	139	203	213	262	191	170	134	67.9	94.7	75.9	65.4	74.9	55.1	67.4	65.7	55.9	61.9	60.4	74.4	106	133	116	63.6	40.1	37.9	58.4	95.7	75.7	49.9	33.2	44.8	85.5	101	68.9	63.1	68.4	92.2	94.3	118	147	132	143	141	69.3	29.3	97.1	60.6	26.8	27.2	44.2	28.4	56.3	45.5	52.4	60	53.4	42.8	78.8	18.1	46.6	48.9	32.3	31	27.4	42	54.6	46.3	40.5	82.9	44.8	36.6	27.4	36.3	42.2	23.2	16.8	14.9	16.9	6.1	18.7	19.8	6.06	16.9	4.38	8.65	18.2	15.2	22	22.3	11.4	14.6	9.91	7.9	3.7	8.29	3.62	2.06	5.28	2.51	6.09	9.37	17.3	15.2	22.7
71.2	86.4	88.1	130	146	88.9	125	140	123	96.8	98.3	135	166	183	144	164	120	158	187	186	110	107	73.8	56.6	73.9	88.7	60.2	64.1	78.1	58.1	51	52.9	51.5	44.8	94.3	89.7	88.8	65.2	38.6	40.2	55.8	67.9	122	63.6	28.5	23.4	37.7	60.8	55.5	36.2	50.7	84	84.9	114	152	278	185	206	64.6	53.1	64.7	108	42.6	29.7	24	36.5	21.2	27.2	41	67.2	33.6	64.5	55.7	50.4	34.8	12.6	34.9	55.6	66.7	33	68.2	81.7	55.8	43.4	55.1	36.7	43.5	20.5	35.2	12.3	18.9	18.6	19.5	28.2	15	9.91	21.5	6.04	18.9	3.87	15.1	14.6	26.2	21.7	3	3.9	15.8	9.67	7.64	1.57	1.46	1.64	1.52	3.68	9.09	10.3	3.18	10.4	13.6	14.9
68	92.6	103	103	121	93.1	100	130	118	115	110	150	161	162	147	150	126	139	178	123	106	119	87.5	87.9	159	110	81.3	63.4	52.3	59.4	58.8	40.5	34.8	39.6	83.5	89.2	79.9	47.7	51.5	65.6	60.8	121	57.2	34	31.9	23.4	34.9	46.8	49	47.3	77.6	94.7	77.3	97.1	110	202	230	185	66.7	104	124	126	28.9	26.3	43.9	24.7	22.6	22.4	68.9	55.5	26.8	28.6	23.7	22	25.3	46.2	35.3	45.6	33.2	30.3	38.9	51.3	23.8	34.5	34	33.2	16.5	9.54	7.03	10.6	17.3	15.8	16.8	23.3	29.1	6.83	6.39	5.63	17.4	4.93	15.2	25.7	26.4	33.3	15.5	6.5	15.8	8.38	5.76	1.62	1.48	1.62	1.45	6.66	12.1	10.1	5.91	3.61	4.13	7.42
79.5	115	76.1	92	80.5	78.2	85.1	112	113	138	146	138	113	140	149	139	131	118	139	94.2	110	143	138	144	209	144	112	93.2	55.5	45.1	50.9	60.5	78.2	64.1	77.2	70.8	62	67.9	100	79.5	69.6	56.5	46.1	43	45.9	27.3	23.2	42	55.7	57.2	73.2	69.8	73.6	70.9	65.6	169	136	73.1	37.3	42.8	70.6	53	19.9	34.6	47.6	32.7	34.3	32	26.5	25.9	18.4	13	29.2	20.2	25.3	4.17	16.6	30.4	29.8	25.6	30.6	27.2	17.9	22.2	27.5	38.1	29.2	14.8	4.9	4.15	4.7	5.59	9.78	5.04	8.89	5.37	5.19	5.67	4.04	5.51	4.43	20.8	33.7	38.9	15.8	7.85	15.7	10.3	4.05	2.83	2.54	0.956	0.827	3.85	6.88	13.4	2.67	2.03	2.41	6.47
58.8	81.5	52.6	63.3	57.1	74	75.3	84.1	96.9	103	129	123	118	114	113	116	99.3	62.2	102	91.7	90.3	132	141	92.7	88.9	69.9	62.6	68.8	60	57.8	57.8	73.6	74.3	83	138	103	65.1	78.3	94.1	80.2	55.5	43.7	42.3	58.2	49.6	33.9	31.9	58.1	64.8	56.3	51.2	46.5	60	39.5	48.5	56.7	57.5	62.9	61.6	30.5	61.6	25.3	12.9	24.6	31.4	24.2	55.1	22.5	9.81	11.2	7.04	14.1	40.3	16.8	16.6	16.8	18.2	18.5	25.5	30.7	29.8	32.1	12.8	21.7	55.8	43.6	29	20.6	10.9	18.4	4.21	4.86	4.52	4.25	4.51	4.45	4.29	6.8	3.43	3.28	6.01	9.16	33.2	50.1	10.3	5.41	13.5	5.05	3.21	2.92	6.93	8.9	0.784	5.84	10.3	2.84	1.74	2.06	3.98	6.79
55.3	46.7	36.1	61.2	74.1	69.3	57.1	54.3	73.6	82.5	133	90.4	85.9	125	211	139	83.5	87.2	108	60.9	60	71.5	62.9	46.1	56.1	67.8	40.6	58.8	57.6	53.9	56.7	63.6	65.8	46.8	74.9	50.5	61.4	80.8	93.7	85	60.9	47	56.6	85.8	74.3	48.5	65.8	107	74.2	45.9	35.6	46.3	66.9	38.6	32.5	26	24.7	54.6	40.4	37.4	63.5	22.8	35.8	20.6	20.6	22.2	55.4	56.4	16.7	3.97	3.69	10.9	13.6	22.4	28.1	38.7	44.7	48.7	18.1	9.15	19.7	6.53	6.98	19.1	24.5	36.8	15	8.07	12.2	7.96	4.37	4.74	4.4	4.13	3.93	4.17	3.99	6.61	4.65	6.18	4.38	10.4	39.8	73.5	20.1	8.18	20.5	7.91	7.33	3.08	4.32	6.77	0.862	6.58	6.82	3.21	2.57	9.27	16.4	6.98
55.4	46.9	45.1	55.1	60.3	51.7	38.8	36.2	63.5	92.5	63.3	71	61.3	98.3	114	104	89.6	89	83.9	85.1	77.8	94.8	50.9	48.3	51.1	45	27.2	44.4	63.3	50.1	44.2	30	48.7	41.2	52.7	94.8	87.1	70.9	55.1	49.1	42.1	49.1	58.2	72.1	56.4	34.5	28.7	53.4	52.1	41	32.2	41.2	47	30.4	27.1	10.8	7.3	16.9	22.3	35.8	31.3	19.6	18.4	17.1	16	4.92	26.2	32.5	26.1	9.09	14.2	20.1	20.4	12.4	36.2	49.2	57.3	38.2	6.24	5.5	9	12.8	17.4	17.6	16.9	16.3	8.6	8.14	21.3	23.7	12.2	4.52	4.19	3.92	3.67	3.87	3.71	3.54	3.14	2.99	2.66	6.35	28.8	21.8	14.4	8.81	17.1	9.98	8.49	3.29	3.06	1.18	1.05	1.12	1.36	1.84	10.4	31.7	18.6	8.39
42.1	45.9	46.8	69.4	64.5	63.1	63	50.4	57.9	80.4	78.9	83.5	67.9	82.2	68.2	91.1	69.4	108	110	89.1	107	111	69.8	68.5	70.4	46	66.3	63.9	93.9	81.4	89.1	90.3	77.8	63.4	98.7	101	37.4	27.8	17.9	15.4	20.1	16.2	83.1	29.6	29.7	17.8	15.3	43.4	49.4	38.7	30.1	17.4	33.3	6.89	10.8	4.15	4.05	4.06	4.01	8.58	35.5	20.3	17.4	8.63	2.97	2.82	2.71	11.7	12.7	3.64	14.2	20.4	31	21.3	25.7	31.5	40.9	27.6	5.23	30.1	84.8	38.4	57.7	66.6	28.4	9.22	6.24	9.89	9.46	8.96	6.17	3.85	3.6	3.41	3.13	3.33	3.24	7.06	4.21	23.9	18.4	8.75	8.97	4.23	17.3	4.64	8.86	10.3	9.02	4.17	3.73	1.88	1.78	1.85	2.19	2.57	22.2	110	36.5	10.1
46.6	40.4	44.3	55	76.5	51.3	41.6	56.8	55.8	71	88.1	94.4	49.7	58.1	79.1	112	86.5	93.3	49.6	46.1	72.6	65.6	50.9	70.4	44	38.4	67	52.9	46.8	50.7	37.6	37.7	25.8	39.4	79.4	103	38.9	9.92	9.09	95.7	11.2	27.4	9.64	13.7	19.4	11.3	14.8	17.8	25.1	37.6	20.6	14.2	15.8	5.67	23.6	28	10.9	8.16	3.87	5.37	5.22	35.6	25.4	15.7	23.5	3.24	2.66	8.02	3.67	7.37	3.44	3.06	15.4	17.5	44.2	49.1	35.6	11.2	18.4	83.6	64.1	44.7	67.1	84.8	50	9.94	5.91	8.71	3.7	3.24	3.16	3.43	3.21	3.1	4.46	2.91	2.86	5.13	2.99	9.06	14.4	16	8.8	5.95	6.43	11.1	9.29	8.96	5.13	4.57	4.26	2.25	2.08	2.13	2.47	2.92	11.7	20.5	12.2	11.6
29.3	34.5	29.1	34.4	43.8	34.9	24.9	25.1	38.8	56.5	64.9	52.1	58.9	39.7	45.9	39.9	59.2	58.4	37.9	61	48.3	50.6	38.7	36.2	40.4	34.7	68.4	44.5	31.1	30.2	25.5	29.5	32.4	47.9	29.9	27.7	30.5	17	12.3	19.7	29.2	84.7	12.2	7.62	13.4	5.76	17.1	6.39	8.38	12.7	10.1	9.53	13.6	9.71	12.6	12.2	10.3	3.85	3.74	5.16	4.97	39.6	21.2	17.4	9.2	3.05	2.61	3.69	3.61	3.49	3.36	2.27	21.6	18.6	27.1	29.9	6.53	5.93	23.6	37.8	48.2	18.2	49.5	55.7	35.5	12.2	7.7	3.48	3.23	2.83	2.74	3	2.85	2.8	2.64	2.61	2.61	2.62	2.69	3.12	3	15.7	8.47	4.18	5.2	6.87	9.68	5.88	5.61	4.47	4.3	2.34	2.23	2.35	2.66	3.11	3.58	3.84	4.05	7.18
20.1	25.5	25.7	34.2	33.1	31.7	28.6	24.9	41.7	43.4	38.6	38.5	41.4	28.2	29.2	23.1	29.6	24.9	28.6	44.3	43.4	59.7	40.8	27.1	37.4	40.3	139	39.4	24.4	27.7	29.9	38.1	17.1	41.6	52.7	20.5	20.5	33.7	21.9	13.6	23	25.6	17.2	4.69	16.9	18.2	31.2	12.1	6.31	7.3	6.46	5.18	10.8	9.21	10.7	8.19	3.8	8.34	3.63	11.4	4.8	4.63	4.46	13.8	24	5.68	4.51	3.9	3.54	12.9	8.13	2.26	25.2	27.9	26.9	20.2	28.5	6.25	5.92	5.23	7.63	31.3	27.3	24.1	22.4	16.8	10.1	9.65	12.1	3.36	3.01	3.25	12.5	3.11	2.99	3.98	4.76	2.73	2.77	3.02	3	2.96	3.07	3.58	3.93	4.09	4.41	9.32	9.64	8.85	4.3	2.51	2.52	2.65	2.88	3.29	3.62	3.85	4.02	9.1
34.8	28.4	27.2	31.7	26.6	28.5	22.5	52.5	81	62.8	53.5	33.6	26.2	21.7	51.3	28.8	13.9	15.8	18.6	46.4	63.9	34.3	30.8	31.7	17.9	31.8	35.3	23.2	19.7	23.7	26.8	14.3	32.5	17.7	49.8	16.6	11	21.8	18.9	12	10.4	15	21.4	10.3	8.33	4.53	18.4	10.8	4.32	5.83	4.74	3.59	19.6	14.7	6.08	5.13	11.1	6.7	8.58	9.35	9.74	3.11	3.02	5.68	5.68	9.97	4.08	28.6	23	10.6	22.4	13.3	24.1	17.7	5.98	10.5	6.64	6.1	5.86	5.48	5.6	19.6	16	23.5	25.2	16.3	8.54	4.73	4.15	13.8	6.97	5.05	3.64	5.45	14.1	15.4	7.63	5.31	3.05	2.88	2.92	3	3.2	3.1	3.31	3.52	3.83	16.9	8.45	5.08	2.94	3.46	3.59	10.5	18.2	3.25	3.54	3.71	3.84	3.6
37	49.4	29.4	31.1	24.9	21.3	25.6	46.6	41.6	46.7	56.5	19	19.2	31	40.8	15.7	17.1	33.8	26.6	36.1	31.1	26.6	21.9	15.9	26.7	35.4	22.2	6.95	9.93	9.54	14.6	7.92	19.6	22.5	6.52	14.3	9.07	12.2	13	8.04	8.07	21.4	17.6	12.1	4.07	4.24	12.8	6.62	9.03	4.28	4.49	8.87	5.11	9.2	10.7	11.4	22.6	12.8	16.2	3.23	9.61	9.61	2.92	1.47	10.2	1.37	8.62	13.1	21.8	12.9	13	14.3	24.5	17.7	14.3	9.59	6.7	6.15	5.81	5.29	10.4	18.6	9.47	8.47	10.9	5.23	4	3.45	3.12	2.7	2.58	2.67	3.2	8.83	19.5	16.2	8.34	5.17	2.36	2.54	2.56	2.66	2.84	2.75	2.93	3.15	3.38	2.46	2.62	2.89	3.04	3.66	3.85	9.42	6.47	5.77	3.6	3.73	3.83	3.56
38.8	36	14	23.4	28	21.4	22.1	22.4	20.6	19.3	16	16.1	16.1	16.1	14.2	11.1	17.8	29.5	37.7	28.4	25.8	45.7	19.6	18	11.4	15.4	0.573	2.97	2.39	11.3	7.2	3.45	31	35.4	13.8	16.3	22.2	15.4	14.5	9.78	20.5	16.2	14	14.8	7.8	8.97	12	15.1	6.11	3.97	4.14	8.51	12.6	10.8	15.8	11.6	17.3	6.62	4.96	3.05	9.94	14.7	10.6	1.43	20.3	4.19	1.31	2.44	2.4	2.38	3.01	24.6	40.1	6.19	6.24	6.65	6.73	6.18	8.63	5.03	8.75	9.96	5.93	5.47	8.28	21.4	3.09	3.18	2.61	2.19	3.2	2.16	2.13	5.56	15.3	14.8	8.55	4.34	2.04	2.22	2.24	2.32	2.5	2.43	2.6	2.82	3.05	2.31	2.53	2.79	3.01	3.62	7.96	3.93	3.92	3.44	6.02	3.78	3.93	3.7
21.2	31.3	37.5	33.3	42.7	22.1	23.3	31.9	32	15.6	17.5	15.6	9.98	9.58	12.7	6.13	7.9	22.2	16	9.19	20.9	10.4	12.3	11.2	9.86	20.5	7.69	5.58	7.75	8.96	10.4	4.18	14.5	21.3	3.95	10.2	9.7	13.6	12.1	8.03	16	16.5	21.7	4.87	3.77	4.44	4.03	4.43	3.52	9.48	3.72	6.74	2.85	10.7	3.98	6.2	10.1	4.78	3	2.8	10.7	2.74	2.7	1.38	11.7	18	18.9	2.45	2.43	2.68	11.6	4.66	6.07	6.31	6.11	6.45	6.47	5.87	5.37	4.72	4.24	5.15	4.23	8.97	32	39.9	20.9	7.77	2.19	3.38	1.72	1.8	1.72	4.59	2.55	3.08	2.51	1.69	1.77	1.95	1.98	2.05	2.22	2.2	2.33	2.52	2.72	2.18	2.43	2.69	2.89	3.4	3.55	3.67	3.71	3.46	3.7	3.92	4.18	4.07
13.3	15.4	12.3	18.6	24.4	20.7	13.7	9.69	14.2	10.2	12.9	5.16	5.03	4.47	4.21	11.7	4.03	10.1	19.8	12.5	15	10.1	8.25	11.5	8.05	26.3	10.1	8.24	3.58	6.82	2.78	3.36	11.2	5.42	9.1	11.1	10.4	16.9	17.2	20.9	34.8	19	8.04	3.93	4.02	3.94	4.02	3.2	3.29	3.32	3.27	9.93	2.03	2.05	5.22	12.2	9.24	43	7.04	3.81	3.88	3.89	3.84	3.64	3.56	21.8	41.4	25.6	10.5	10.6	10.9	13.4	13.2	12.2	10.9	7.85	7.17	6.29	5.71	4.56	4.67	9.11	9.86	7.26	4.12	15.8	19.4	8.88	1.76	1.4	1.33	1.37	1.3	1.19	1.13	1.27	1.31	1.34	1.43	1.65	1.66	1.69	1.8	1.8	1.93	2.1	2.29	2.14	2.33	2.58	2.74	2.64	2.78	2.93	3.05	2.8	3.09	3.4	3.81	4.08
25.7	28.4	30.6	18	22.5	19.3	12.5	9.95	9.96	5.74	11.1	11.8	4.66	4.21	3.79	3.51	3.04	2.57	7.51	18.5	20.9	10.7	6.41	7.27	7.61	31	0.377	8.32	8	1.84	4.69	3.03	3.75	4.07	9.28	11.5	10.8	9.55	15.1	18.1	11.2	7.87	7.9	4.84	3.76	3.8	3.8	2.96	2.97	2.93	9.47	11.3	1.64	1.65	7.9	17.6	41.7	109	6.06	12.2	4.82	4.92	5.27	5.42	5.59	5.73	5.92	11.9	12.1	28.5	11.6	13.6	13	11.8	10.4	7.35	6.48	5.6	5.08	4.09	3.57	5.89	8.92	7.63	2.78	8.66	2.72	2.37	1.5	1.15	1.91	1.11	1.03	0.891	0.854	0.991	1.01	1.04	1.16	1.4	1.44	1.48	1.57	1.56	1.68	1.85	2.02	1.92	2.13	2.35	2.48	2.41	2.56	2.72	2.88	2.9	3.23	3.58	4.07	4.44
29.2	23.6	27	22.2	23.5	25.8	20.1	16	10.7	6	5.35	4.65	4.23	3.8	3.36	3	2.48	2.02	1.59	1.52	6.67	6.61	7.22	3.96	0.101	8.48	2.57	6.32	12.5	1.89	6.3	6.14	3.45	3.79	3.95	7.56	7.85	8.06	8.15	7.74	7.79	7.8	7.8	3.67	3.63	3.61	3.54	7.7	2.67	2.58	2.43	11.5	16.1	1.82	3.91	7.55	76	42	12.9	7.35	13.9	23.9	24	19.1	8.29	8.26	8.24	13.4	13.4	30.3	12.2	13.6	12.7	13.5	9.83	6.74	5.69	4.84	4.39	3.51	2.98	2.79	2.76	2.47	2.26	1.92	2	7.05	1.08	0.766	0.699	0.698	0.654	3.86	0.458	0.625	0.648	0.713	0.868	1.14	1.21	1.27	1.38	1.37	1.48	1.63	1.78	1.79	1.97	2.16	2.29	2.27	2.44	2.62	2.84	3.05	3.46	3.8	4.34	4.78
27.5	20	13	29.7	29.7	28.7	27.1	34.6	5.42	5.92	4.37	4.01	3.64	3.32	2.85	2.54	2.1	1.7	1.34	0.749	0.446	3.33	3.32	0.152	3.43	0.433	0.341	10.6	6.57	13.2	6.66	2.81	3.35	3.72	8.02	7.48	7.8	12.4	8.1	7.65	8.41	7.69	7.57	3.62	3.49	3.4	3.28	8.83	2.36	2.24	3.19	3.18	12.4	5.97	8.15	8.78	58.3	11.4	10.9	8.66	8.87	34.1	9.34	24.8	9.47	9.3	9.11	20.7	36.7	30.1	20.2	12.7	11.6	10.3	8.82	5.91	4.86	4.07	3.65	2.73	13.5	2.05	2.18	1.78	1.59	1.53	4.07	1.78	4.55	6.25	5.09	3.69	0.182	0.186	0.189	0.27	0.275	0.38	0.577	0.86	0.946	1.03	1.14	1.13	1.25	1.38	1.51	1.56	1.72	1.91	2.1	2.1	2.29	2.53	2.84	3.18	3.61	4.03	4.58	5.08
8.11	13.9	12	31.1	17.8	22.9	22.3	20.8	12.7	6.05	5.23	3.52	3.44	2.63	2.33	3.12	2.53	2.02	1.62	1.67	1.09	1.15	0.676	0.438	5.8	0.672	0.919	1.7	2.91	3.68	3.95	6.99	8.39	9.36	9.96	7.83	8.1	16	13.7	5.4	7.67	5.48	5.23	3.69	3.6	3.43	3.23	9.96	2.99	3.97	4.8	5.21	5.26	8.03	5.65	6.18	12.7	32	26.4	14	9.19	13.5	14.3	9.81	9.84	9.59	9.33	22.7	21.4	12.5	11.3	11.5	10.4	9.05	7.62	4.68	3.61	2.97	2.63	2.25	2.79	1.51	1.46	1.14	1.01	0.901	3.78	0.753	0.082	1.58	1.81	2.04	3.15	3.03	0.132	0.265	1.66	0.302	0.421	0.457	0.543	0.616	0.683	0.761	0.845	0.966	1.08	1.14	1.27	1.46	1.63	1.73	1.94	2.25	2.64	3.39	4.06	4.35	4.9	4.44
11.1	13.5	13	25.7	12.4	16.4	14.4	11.2	11	6.84	8.58	5.01	3.37	2.31	1.74	2.32	1.83	1.47	1.22	4.45	0.976	8.5	0.716	11.9	0.535	0.608	0.964	1.74	2.19	4.06	6.52	11.6	15.3	12.6	9.92	7.68	8	12.3	16.2	5.31	6.16	18.4	20.2	3.84	3.82	4.47	4.9	4.63	5.33	6.1	6.81	6.98	6.99	6.86	7.06	7.35	11.5	18.1	15.5	9.5	12.4	17.1	21.6	9.89	9.9	9.63	9.29	12.8	12.6	11.8	10.6	10.6	12.6	8.07	6.65	3.8	2.95	2.33	2.04	1.66	1.21	0.9	9.01	3	1.37	0.317	0.128	0.216	0.0447	1.17	3.2	4.46	7.45	5.63	2.79	0.163	0.161	0.162	0.309	0.373	0.469	0.557	0.626	0.74	0.835	0.941	1.04	1.06	1.17	1.35	1.53	1.67	3.6	2.32	2.71	3.47	4.21	4.57	5.11	4.66
12.7	13.6	10.4	17.3	15.7	15.8	18	7.04	5.04	9.07	8.45	7.22	6.28	3	1.44	1.82	1.46	1.19	1.05	1.23	1.01	1.86	7.18	10.1	0.634	0.689	1.01	1.76	2.17	5.39	14.3	10.6	14.2	20.4	16.7	7.29	7.71	7.89	7.86	10.8	29	32	20.2	4.75	5.2	5.79	6.19	6.02	6.62	7.34	7.78	7.64	8.02	7.43	7.53	13.5	8.06	8.54	8.74	9.19	9.28	9.37	9.38	9.45	9.41	9.12	16.4	11.6	11.3	10.6	9.47	9.4	8.24	7.14	5.72	3.22	2.46	1.89	1.79	1.49	0.822	0.509	9.9	1.28	2.98	0.135	0.0174	0.0268	0.0573	0.0232	1.99	4.81	9.81	8.73	5	0.0976	0.096	0.0934	0.13	0.267	0.377	0.476	0.55	0.685	0.77	0.859	0.942	0.957	1.05	1.22	1.41	2.74	1.91	2.22	2.68	3.44	4.05	4.61	5.18	4.74
14.6	6.74	10.4	17.8	18.4	15.6	27.8	9.38	9.87	35.2	10.9	14.5	8.03	2.34	1.29	1.68	1.42	1.23	1.1	8.15	1.18	2.42	1.5	1.13	1.2	0.784	2.15	1.79	2.11	2.73	3.55	10.3	13.3	35.9	28.4	6.85	7.23	7.33	7.09	42.2	5.28	5.86	6.39	6.83	5.82	6.23	6.53	6.46	6.98	7.44	7.7	7.56	7.54	7.32	15.3	15.1	7.78	16.6	19.6	8.48	8.52	8.59	8.54	8.51	9.06	12.5	7.75	9.88	9.65	9.09	8.18	8.05	7.14	6.14	5.07	2.96	2.3	1.79	3.3	8.27	1.38	0.495	3.66	3.04	0.363	1.09	0.0124	0.0191	0.65	0.0166	0.0203	1.86	3.42	4.75	4.87	0.0698	0.0685	0.0666	0.091	0.222	0.33	0.424	0.5	0.725	0.825	1.63	1.11	1.18	1.06	1.24	1.43	1.63	1.9	2.28	2.72	3.47	4.08	4.67	5.28	4.82
8.65	20.4	12.2	15.3	19.3	21.5	10.7	4.62	7.95	11.3	10	5.96	3.38	2	1.46	2.17	1.96	1.78	1.68	10.2	10.2	1.3	1.56	6.96	4.25	0.706	0.883	1.84	14.6	2.68	3.79	11.9	12.1	17.9	17.5	7.37	7.77	7.85	7.79	13.8	4.6	5.11	6.05	4.9	4.68	5.11	5.47	6.39	6.93	7.26	7.34	7.47	7.47	7.25	22.1	18.2	7.34	16.4	18.8	14.5	12.8	7.47	7.42	7.27	7.34	7.4	6.63	7.4	7.24	6.93	14	5.95	5.44	4.8	4.1	3.06	2.57	2.03	1.68	1.4	0.844	0.564	1.65	0.538	0.619	0.593	0.327	0.164	0.248	0	0	0.97	0.227	0.869	0.674	0	0	0	0.00512	0.0959	0.178	0.239	0.284	0.555	0.638	0.705	3.5	2.61	1.99	0.824	0.982	0.896	1.06	1.31	1.59	2.6	3.09	3.58	4.1	4.48
13.9	14.7	11.6	25.7	20.8	31.9	18	6.12	2.84	7.15	7.63	2.01	2.02	1.64	1.73	1.96	1.9	1.83	1.74	5.39	4.82	1.49	1.42	7.11	20.6	4.99	1.07	1.92	15.1	2.58	9.98	11.3	9.49	8.96	8.24	6.87	7.53	7.69	7.3	4.1	5.13	11.2	5.59	4.33	4.4	4.92	5.1	5.95	6.45	6.8	6.87	6.95	6.97	6.81	14.4	6.19	6.24	6.41	10.3	8.53	9.47	6.37	6.31	38	6.52	5.78	5.62	36.7	21.4	19.2	11.2	5.2	4.59	4.13	3.85	2.87	2.39	1.93	1.58	1.1	0.749	0.544	0.572	0.642	0.744	0.686	0.488	0.331	0.188	0.0471	0	0	0	0.48	0	0	0	0	0	0.051	0.123	0.176	0.213	0.422	0.492	0.594	0.602	3.45	6.55	4.76	1.62	0.787	0.949	1.2	1.51	2.45	2.98	3.44	3.99	4.41
12.6	16.9	15	21.5	18.3	27.9	32.8	11.1	7.32	6.18	6.41	3.66	8.67	3.62	2.44	1.91	1.95	1.94	1.88	1.83	1.97	1.74	1.68	0.927	10.3	9.28	1.22	15.5	16.4	7.43	6.06	5.29	6.11	6.74	7.3	6.59	7.24	7.26	6.79	4.87	4.61	4.58	4.45	4.09	4.23	4.55	4.79	5.57	5.99	6.3	6.33	6.39	6.41	6.52	6.56	5.57	13.2	5.58	5.56	8.19	5.42	5.38	5.31	24.2	4.96	4.78	5.18	53.5	19.3	4.27	4.97	3.93	3.78	3.56	3	2.53	2.14	1.74	1.39	1.23	1.09	0.444	0.511	0.634	0.746	0.702	0.522	0.356	0.205	0.0537	0	3.53	1.81	0	0	0	0	0	0	0.00228	0.0625	0.134	0.136	0.279	0.337	0.396	0.438	0.366	0.428	2.38	2.89	2.26	0.839	1.09	1.38	2.3	2.8	3.31	3.88	4.33
7.21	13.4	12.6	19	23.2	24.8	21.8	16.3	7.48	7.51	3.51	7.06	4.22	2.96	0.899	2.02	2.11	2.14	2.09	2.06	2.1	2.03	2.03	1.15	1.17	1.14	1.13	3.47	11.4	5.33	2.47	4.26	4.91	5.53	5.98	5.52	6.01	5.97	5.62	5.08	4.27	4.18	4.28	3.79	3.88	4.14	4.4	5.07	5.46	5.6	5.66	5.72	5.65	7.47	15.1	12.2	4.8	4.88	4.86	4.75	4.7	4.63	4.59	4.36	4.16	23	3.88	13.3	28.7	12	3.23	3.36	3.12	2.88	2.43	2.07	1.74	1.39	1.08	0.735	0.399	0.322	0.343	0.469	0.593	0.547	0.374	0.213	0.0645	0	0	0.0381	3.09	0.212	1.91	0	0.084	0	1.14	0	0	0.0253	0.0633	0.185	0.248	0.297	0.39	0.304	0.368	0.49	0.625	1.09	3.02	1.18	1.31	2.21	2.71	3.23	3.81	4.29
3.01	4.53	8.85	5.06	10.3	13.7	7.41	12.3	8.32	17.9	7.63	16.7	7.25	3.88	1.14	2.24	2.44	2.77	2.52	2.08	2.08	2.1	2.16	1.87	1.91	1.86	1.71	10.3	1.3	7.03	1.06	1.66	2.04	2.36	2.63	2	2.15	2.16	2.1	1.63	1.79	1.77	3.01	3.17	3.23	3.49	3.71	4.65	4.9	5.04	5.1	4.58	4.56	4.54	9.41	4.02	3.99	4.02	3.97	4.11	4.06	3.96	3.85	3.42	3.23	3.06	40.1	54.4	8.32	5	1.88	2.56	1.95	1.77	1.48	1.25	1	0.766	0.55	0.298	0.0896	0.0218	0.112	0.179	0.268	0.277	0.134	0.0314	0	0	0.0209	0	0	0	0	0.631	0	0	0	0	0	0.0258	0	0.0356	0.0895	0.141	0.2	0.197	0.256	0.372	0.492	0.513	0.669	0.919	1.92	3.73	3.09	2.97	3.52	4.01
0.859	1.35	3.42	9.88	3.62	3.88	1.92	11.2	12.5	16	11.2	11.7	17.2	8.03	3.02	3.1	3.21	2.64	6.33	2.28	2.31	2.37	2.97	2.15	2.23	2.14	1.88	1.09	2.33	2.45	1.04	1.41	1.62	1.8	1.94	1.41	1.48	1.47	1.47	1.48	1.62	1.6	2.63	2.86	2.96	3.17	3.43	4.18	4.51	4.57	4.62	4.18	4.15	3.96	3.85	3.71	3.5	3.51	3.42	3.45	3.37	3.24	3.1	2.73	2.55	6.72	15	9.43	40.4	30.5	1.74	5.47	1.43	1.33	1.04	0.884	0.706	0.473	0.28	0.00486	0	0	1.18	0.0308	0.135	0.124	0.014	0	0	0	0	0	0	0	0	0.0825	0	0	0	0	0	0.135	0	0	0	0	0.0641	0.107	0.182	0.291	0.413	0.448	0.61	0.86	1.14	1.92	2.4	2.91	3.46	3.96
0.491	1.21	3.82	4.45	3.41	2.91	3.08	5.74	11.4	11.8	16.9	39.8	56.6	14.5	5.05	5.08	3.03	2.83	2.82	2.52	2.59	2.84	2.94	2.51	3.64	2.61	2.16	1.22	1.35	1.61	5.9	10.6	14.7	1.65	1.43	1.01	1.05	2.61	1.12	1.29	1.39	1.36	1.34	2.36	2.49	2.73	2.94	3.6	3.83	3.94	3.99	3.72	3.69	3.49	3.3	3.33	3	2.97	2.94	2.73	2.76	2.73	2.39	2.06	1.88	7.9	29	29.1	22	0.99	15.3	1.05	1.09	0.979	0.747	0.606	0.453	0.232	0.0366	0	0	0.576	0	0	0	0	0	0	0.0188	0.0315	0	0	0	0	0	0	0	0.0111	0	0	0	0	0	0	0	0	0	0.0282	0.0808	0.211	0.333	0.387	0.551	0.804	1.08	1.85	2.35	2.89	3.43	3.92
0.243	0.365	1.39	0.973	1.63	2.53	2.11	2.71	4.43	4.44	13.5	33.3	30.4	13.8	10.2	6.96	4.16	5.09	3.61	2.78	6.86	3.17	3.46	3.15	3.15	2.97	2.54	1.43	1.11	1.4	25	16.2	40.2	1.27	1.4	0.954	0.985	0.97	0.986	1.21	1.24	1.19	1.15	2.05	2.2	2.35	2.64	3.23	3.45	3.54	3.57	3.41	3.39	3.19	2.96	2.69	2.6	2.57	2.52	2.49	9.38	2.04	1.92	1.58	1.43	11.6	30.2	26.5	41	43.8	33	5.55	0.893	14	0.581	0.344	0.202	1.44	1.32	0.584	0.153	0	0	0	0	0	0	0	0	0.185	0.0588	0	0	0	0	0	0	0	0	0	0.0101	0	0	0	0	0	0	0	0.00686	0.157	0.285	0.347	0.513	0.765	1.05	1.82	2.31	2.85	3.44	3.94
0.0764	0.0508	2.53	20.4	7.45	2.93	1.42	2.32	1.02	3.66	7.72	11.8	13	23.8	21.1	14.3	6.16	4.9	4.03	4.15	4.44	4.34	4.88	6.91	7.34	10.1	5.94	4.43	3.38	2.55	2.07	7.2	7.46	0.625	0.712	0.732	0.696	0.702	0.729	0.938	0.911	0.861	0.823	1.53	1.61	1.82	2.18	2.81	3.14	3.22	3.26	3.21	3.2	3.04	2.77	2.51	2.41	2.39	2.31	3.21	1.96	7.41	1.73	1.51	1.34	1.91	5.12	10.2	29.1	41.7	15	1.1	1.06	0.948	0.664	0.34	0.22	5.32	0.112	0	0.0256	0	0	0	0	0	0	0	0	0.394	0.653	0.0232	0.0152	0.018	0.0196	0.0299	0.0323	0.0292	0.021	0	0	0	0	0	0	0	3.48	0	0	0.0695	0.2	0.364	0.59	0.936	1.32	2.24	2.88	3.53	4.28	3.44
0.075	0.0375	2.1	13.4	13.8	0.613	0.219	0.82	0.693	5.94	16.7	5.29	11	17.1	32.7	21.1	13.5	7.82	5.92	4.59	4.43	4.83	5.2	7.81	10.4	10.3	6.71	5.01	3.79	2.8	2.06	0.0361	0.224	0.377	0.456	0.41	0.442	0.434	0.456	0.598	0.596	0.537	0.548	1.01	1.1	1.28	1.67	2.39	2.73	2.87	2.91	2.95	2.94	2.74	2.5	2.26	2.17	2.14	7.85	1.74	1.86	1.6	1.49	1.31	1.16	1.1	7.68	14.1	20.3	18.5	1.79	0.998	3.2	0.9	0.755	0.388	0.291	4.65	4.63	0	0	0	0.121	0	0	0	0.0135	0	0.0574	0.52	0.0444	0.0152	0.0212	0.0251	0.036	0.0418	0.0451	0.0483	0.0292	0	0	0	0.464	0	0	0	0.386	0	0	0	0.136	0.31	0.542	0.902	1.3	2.27	2.87	3.54	4.31	3.57
0.0107	0.016	0	0.259	0.543	0	0	0.0726	0.0139	9.68	15.5	8.89	10	7.1	17.5	20.4	17.6	12.3	5.54	4.86	4.91	5.4	5.57	8.36	8.83	8.46	7.16	5.39	4.12	3.06	2.2	0	0.067	0.217	0.29	0.263	0.406	0.269	0.29	0.385	0.382	0.32	0.314	0.631	0.69	0.845	1.21	1.94	2.32	2.48	2.52	2.6	2.58	2.38	2.24	1.94	1.86	1.84	1.79	1.41	1.76	1.74	1.23	1.08	0.963	0.963	7.09	13.8	21.7	22.3	20.1	1.1	4.9	1.01	0.845	0.428	0.32	0.231	0.165	1.14	0	1.24	0.207	0	0	0	0	0	0.141	0.433	0	0.244	0.0376	0.0525	0.056	0.0733	0.0787	0.072	0.053	0	0.00782	0	0	0	0	0	0	0	0	0	0.104	0.284	0.523	0.886	1.28	2.22	2.85	3.53	4.32	3.65
0.00803	0.224	0.417	0	0.0103	0.0957	0.0103	0.00708	0.0171	1.7	4.84	26.6	7.13	19.3	11.6	4.22	3.54	4.84	5.25	4.64	7.24	7.45	6.18	8.59	8.95	8.56	7.3	8.31	4.35	3.29	2.39	0	0.0214	0	0.0719	0.0576	0.566	0.0638	0.125	0.123	0.121	0.0573	0.0537	0.184	0.256	0.401	0.755	1.45	1.84	2.02	2.08	2.17	2.15	1.95	1.75	1.55	1.43	1.42	1.38	0.98	0.952	0.914	1.09	0.766	0.694	0.648	6.92	6.65	21.3	25.5	15.1	4.79	4.32	3.13	0.863	0.427	0.305	0.212	0.151	0	1.03	0.831	0	1.41	0.337	0	0	0	0.163	0	0	0.0481	0.0647	0.207	0.082	0.124	0.42	0.123	0.0917	0	0	0.0558	0.00835	0	0	0	0.123	0	0	0	0.079	0.269	0.518	0.878	1.28	2.21	2.84	3.51	4.31	3.7
0	0.0943	0	0.0521	0.654	0.018	0	0	0.109	0.386	0.36	1.33	1.49	3.92	3.16	3.16	2.03	1.76	2.43	3.22	3.92	4.17	4.34	9.6	10.5	9.45	8.21	7.26	5.75	4.42	3.22	0.476	0.182	0.03	0.0214	0	0	0	0	0	0	0	0	0	0	0	0.216	0.899	1.26	1.45	1.55	1.63	1.52	1.2	0.928	0.624	0.594	0.583	0.598	0.539	0.472	0.47	0.577	0.67	0.7	0.726	0.755	1.25	6.39	11.3	9.68	7.14	1.25	1.12	1.23	0.316	0.214	0.142	0.102	0	0.012	0	0	0.0204	1.58	0	0	0.0146	0.00916	0.0245	0.0526	0.115	0.155	0.181	0.195	0.262	0.286	0.258	0.196	0.371	0.0248	0.0117	0.00829	0	0	0	0	0	0	0	0.0486	0.228	0.475	0.83	1.22	1.66	2.14	2.72	3.88	3.92
0.0979	0.0269	0	0.0435	0.1	0.132	0	0.0624	0.0406	0.471	1.62	1.23	0.58	1.13	0.795	2.1	1.44	3.84	3.93	3.56	3.89	4.25	4.34	10.5	10.3	11.5	8.34	7.46	6.08	4.72	3.46	0.515	0.205	0.042	0.0299	0	0	0	0	0	0	0	0	0	0	0	0	0.58	0.887	1.05	1.18	1.28	1.2	0.922	0.595	0.504	0.503	0.49	0.497	0.407	0.38	0.393	0.444	0.639	0.705	0.781	0.822	1.31	1.37	13.2	5.4	2.97	1.31	1.16	0.927	0.603	0.288	0.128	0.092	0	0	0	0	0	0	0	0	0.00914	0.0128	0.0388	0.0687	0.15	0.2	0.233	1.35	0.337	0.36	0.333	0.253	0.116	0.0332	0.0163	0.0116	0	0	0	0	0	0	0	0.0171	0.204	0.449	0.81	1.23	1.68	2.13	2.7	3.44	4.01
0.171	0.0533	0.00991	0.153	0.31	0.0786	0.132	0.0904	0.00311	0.0156	0.155	0.451	0.31	0.166	0.387	2.01	2.14	6.71	7.34	3.22	3.92	4.32	4.16	9.61	15.1	9.52	7.99	7.31	7.16	4.73	3.48	0.522	0.215	0.0827	0.0378	0	0	0	0	0	0	0	0	0	0	0	0	0.453	0.677	0.78	0.914	1.01	0.931	0.602	0.41	0.404	0.401	0.39	0.365	0.318	0.38	0.314	0.377	0.569	0.648	0.737	0.762	1.28	1.36	4.08	1.39	1.7	1.3	1.14	1.09	0.382	0.673	0.113	0.0806	0	0	0	0	0.153	0	0	0	0.0128	0.0179	0.0471	0.0828	0.177	0.235	0.275	0.3	0.407	0.439	0.411	3.95	0.218	0.05	0.0293	0.0209	0	0.0106	0.321	0	0	0	0	0.00421	0.189	0.434	0.79	1.18	1.66	2.09	2.65	3.36	3.84
0.0945	0.0868	0.246	0.0886	0.0681	0.0608	0.112	0.243	0.393	0.116	0.139	0.247	0.647	0.066	0.305	1.02	1.64	2.92	8.69	6.64	3.48	4.62	4.84	8.6	10.3	8.82	8.78	8.49	6.48	4.44	3.28	0.499	0.24	0.0627	0.0448	0	0	0	0	0	0	0	0.0251	0	0	0	0	0.291	0.485	0.554	0.67	0.734	0.654	0.333	0.295	0.29	0.288	0.281	0.264	0.231	0.213	0.235	0.318	0.455	0.528	0.594	0.679	1.14	1.23	1.27	1.2	1.24	1.18	1.04	1.07	0.848	0.162	0.371	0.0685	0	0	0	0	0.128	0	0.194	0	0.0175	0.0246	0.0503	0.0996	0.197	0.26	0.307	0.349	0.472	0.517	0.494	0.496	0.204	0.0751	0.0507	0.0362	0.218	0	0.384	0	0	0	0	0	0.163	0.406	0.753	1.14	1.57	2.02	2.53	3.19	3.39
0.409	0.307	0.275	0.092	0	0	0.105	0.0287	0.00641	0.0527	0.0077	0.00871	0.367	0	0.0654	0.265	0.387	1.2	1.11	2.23	2.6	3.64	3.77	5.48	5.59	6.09	5.31	4.84	4.18	3.36	2.52	0.874	0.405	0.129	0.0922	0	0	0	0	0	0	0	0	0	0	0	0	0.0115	0.107	0.148	0.192	0.234	0.151	0	0	0	0	0.0191	0	0.0706	0.0545	0.0636	0.11	0.496	0.608	0.707	0.824	0.945	1.06	1.09	1.04	1.02	0.948	0.833	0.645	0.333	0.617	0.337	0.332	0	0	0	0	0	0.00537	0.0332	0.375	0.238	0.884	0.112	0.96	0.319	1.46	0.5	0.565	0.724	0.804	0.884	0.642	0.386	0.283	0.203	0.152	0	0	0	0	0	0	0	0	0.193	0.513	0.949	1.44	1.5	1.94	2.36	2.87	2.85
0.231	0.186	0.0719	0.671	0.327	0.0729	0.206	0.274	0.0446	0	0.0157	0.107	0.209	0	0.0444	0.266	0.22	0.375	1.06	1.81	2.06	2.2	2.35	4.3	6.21	6.13	4.43	4.67	3.79	3.15	2.36	9.88	0.389	0.529	0.105	0	0	0	0	0	0	0	0	0	0	0	0	0	0	0.0375	0.0817	0.0944	0.0126	0.42	0	0.0195	0	0	0	0.0216	0.0211	0.0305	0.0499	0.32	0.419	0.524	0.662	0.806	0.942	0.986	0.943	0.907	0.855	0.748	0.575	0.216	0.126	0.667	1.15	0.125	0	0.00501	0	0	0	0	0.0991	2.48	3.8	2.1	0.223	1.56	1.53	1.59	0.626	0.812	0.91	0.886	0.746	0.461	0.353	0.268	0.189	0	0	0.00612	0	0.0104	0	0	0	0.126	0.439	0.869	1.34	1.42	1.85	2.26	2.75	2.7
0	0.0362	0.0407	0.0765	0.711	0.0318	0.0511	0.467	0.0254	0.0728	0.0723	0.266	0.155	0.0481	0.0932	0.124	0.0665	0.447	1.98	1.95	4.28	4.35	2.05	3.53	3.87	3.83	3.54	3.79	3.36	2.75	2.12	0.704	8.31	0.143	0.107	0	0	0	0	0.0101	0	0	0	0	0	0	0	0	0	0	0	0	0	0	1.15	0	0	0	0	0.00274	0.0142	0.0124	0.0286	0.207	0.281	0.394	0.552	0.698	0.846	0.9	0.862	0.831	0.791	0.694	0.532	0.198	0.109	0.056	0.265	0.675	0.247	0	0	0	0	1.42	0	0.0571	3.61	0.144	0.961	1.98	1.39	1.54	2.95	2.01	1.1	1.09	0.943	0.605	0.49	0.38	0.281	1.1	0	0	0	0	0	0	0	0.0825	0.383	0.784	1.19	1.29	1.71	2.09	2.56	2.52
0.127	0	0.00903	0	0.0485	0.00966	0.0837	0.227	0.0222	0.0104	0.204	0.438	0.0793	0.0942	0.0698	0.162	0.278	1.32	2.85	1.34	3.93	5.89	1.86	3.02	3.2	3.04	2.87	2.99	3.2	8.16	1.75	0.562	0.452	0.127	0.0978	0	0	0.0568	0	0.359	0	0	0	0	0	0	0.197	0.207	0	0	0	0	0	0	0.449	0	0	0	0	0.00196	0.00274	0.00934	0.0218	0.159	0.216	0.321	0.468	0.624	0.771	0.829	0.806	0.788	0.762	0.672	0.517	0.194	0.116	0.0586	0.042	0.0721	1.61	1.4	0.00591	0	0	0	0	0.107	1.53	1.19	0.275	2.34	1.42	4.54	1.05	2.84	2.19	2.35	1.25	0.816	0.691	0.562	0.403	0.234	0	0	0.0403	0	0	0	0	0	0.235	0.593	0.993	1.11	1.48	1.82	2.26	2.24
1.61e-05	0.109	0.0997	0.0481	0.0016	0.00231	0.00333	0.0314	0.026	0.0588	0.0186	0.251	1.34	0.153	0.224	0.29	1.89	4.41	4.69	1.66	0.874	2.24	2.35	1.26	2.17	1.48	1.29	1.4	1.27	9.49	1.45	0.189	0.0798	0.037	0.0345	0.0254	0.0232	0.166	0.0139	0	0	0	0	0	0	0	0	0.226	0	0	0	0	0	0	0	0	0	0	0	0	0	0	0	0.0545	0.0746	0.122	0.196	0.57	0.723	0.792	0.779	1.33	0.787	0.701	0.542	0.264	0.152	0.0846	0.0606	0	0.668	0.902	0.485	0	0	0	0	2.59	2.78	0.255	0.241	2.63	4.63	5.11	5.28	2.57	2.96	2.94	2.23	1.77	1.65	2.22	0.921	0.111	0.0413	0.00568	0.00404	0	0	0	0	0	0.0759	0.355	0.599	0.696	0.954	1.19	1.52	2.39
0.0226	8.31e-05	0.118	0.052	0.019	0.00324	0.00466	0.00772	0.00965	0.103	0.313	1.58	0.266	0.983	0.346	0.23	4.27	5.58	4.11	2.14	0.525	0.571	1.47	3.27	1.07	0.959	0.892	1.08	0.788	0.691	6.07	5.83	0.0871	0.0455	0.0398	0.0273	0.0298	0.0272	0.0195	0	0.00702	0	0	0	0	0	0	0	0	0	0	0	0	0	0	0	0	0	0	0	0	0.0109	0	0.0304	0.0423	0.0851	0.159	0.493	0.646	0.719	0.721	1.1	0.754	0.678	0.526	0.258	0.153	0.0883	0.0631	0	0	0.126	0.848	1.6	0	0	0.0574	0.0483	0.0676	2.67	2.3	2.19	2.6	1.35	5.64	3.1	2.63	3.51	2.49	2.68	2.56	1.74	1.41	0.139	0.0522	0.0134	0.00566	0	0.00934	0	0	0	0	0.194	0.43	0.534	0.754	0.973	1.27	2.03
6.27e-05	0.000213	0.00502	0.344	0.0628	0.0312	0.0844	0.0423	0.0228	0.0259	0.138	1.24	0.475	0.429	1.41	0.484	4.55	4.4	3.38	1.83	0.339	0.466	0.902	2.77	1.16	1.31	0.533	0.548	0.518	0.733	4.99	16.4	5.86	2.63	2.22	2.9	2.77	0.113	0.0877	0	0.00654	0.00632	0	0	0	0	0	0	0	0	0	0	0	0	0	0	0	0.0179	0	0	0	0	0	0.0161	0.0227	1.93	0.129	0.42	0.578	0.641	0.654	0.698	0.724	0.648	0.978	0.249	0.731	0.097	0.0637	0	0	0.00732	0	11.7	1.91	1.69	0	0.0467	0.0639	2.24	0.248	2.92	3.1	0.911	1.2	3.1	2.75	4.15	4.75	3.93	4.62	4.3	1.21	0.147	0.0557	0.00944	0.00775	0	0	0	0.0849	0	0	0.0788	0.272	0.381	0.569	0.772	1.04	1.72
0.000137	0.000451	0.0101	0.491	0.797	0.157	0.0605	0.178	0.0369	0.0461	0.0591	0.0563	0.264	0.548	0.543	1.57	6.17	4.63	2.71	1	0.332	0.351	0.403	0.527	0.656	10.4	0.627	0.431	3.65	2.2	0.547	5.94	17.1	6.5	1.78	0.326	2.08	0.274	0.216	0	0.0062	0	0	0	0	0	0	0	0	0	0	0	0	0	0	0.624	0	0.0731	0.0585	0	0	0	0	0.0115	0.255	0.371	0.108	0.355	0.48	0.553	0.581	0.638	0.665	0.61	0.477	0.702	0.614	0.0858	0.0621	0	0.227	0	0	4.78	1.59	1.72	0	0.277	0.139	0.583	2.74	0.456	5.3	5.14	8.23	4.63	4.67	3.94	4.83	2.93	3.68	1.61	1.12	0.136	0.0521	0.0102	0.0103	0.00899	0	0	0	0	0	0.00181	0.169	0.278	0.44	0.62	0.869	1.48
0.0254	0.0513	0.0025	0.373	0.0867	0.331	0.19	0.0547	0.118	0.643	0.128	0.279	0.4	0.457	0.607	2.11	2.33	0.6	0.83	0.76	0.523	0.629	0.925	0.566	0.704	0.943	0.587	0.0906	1.14	1.41	0.325	0.228	5.75	9.1	2.89	2.47	2.81	2.54	2.05	1.17	0.683	0.431	0.302	0.02	0.00727	0.00082	0.000586	0	0	0.0121	0	0	0	0	0	0	0	0	0	0	0	0	0	0	0.41	0	0	0.168	0.228	0.27	0.294	0.35	0.377	0.349	0.366	0.145	0.089	0.0539	0.627	0.0046	0.00189	0.00081	0.00137	0.00573	3.23	0.00954	0.0122	0.0204	0.0226	1.37	0.109	0.312	0.413	0.586	8.94	4.93	3.97	3.64	3.21	1.9	1.67	1.35	0.984	0.48	0.0456	0.427	0.012	0.0601	0.0546	0.054	0.0463	0.0199	0.385	0.0194	0.105	0.596	0.397	0.576	0.825	1.37
0.000445	0.0516	0.00335	1.56	3.85	0.145	0.0443	0.0533	0.063	0.462	2.61	0.372	0.419	0.456	0.496	1.6	0.539	0.747	0.769	0.93	1.14	1.05	0.943	1.08	0.648	0.865	0.397	0.169	0.19	0.533	0.199	0.971	5.32	5.68	6.11	4.85	4.12	5.46	2.82	1.59	1.02	0.611	0.429	0.0279	0.0102	0.00115	0.000821	0.0092	0	0	0	0	0	0	0	0	0	0	0	0	0	0	0	0	0	0.285	0.02	0.13	0.179	0.219	0.751	0.328	0.361	0.326	0.256	0.136	0.0845	0.0517	0.0383	0.00455	0.00201	0.00113	0.00192	0.00801	0.139	2.83	3.07	1.72	0.0117	0.0249	0.287	0.257	0.442	0.512	0.758	1.7	3.97	3.76	1.93	1.78	1.53	1.23	0.902	0.613	0.278	0.442	0.945	0.258	0.0746	0.0755	0.0648	0.0278	0.0222	0.0272	0.0427	0.231	1.56	0.529	0.787	1.34
0.000545	0.00204	0.0541	1.03	0.387	0.21	0.0531	0.0621	0.0723	0.0859	1.07	0.927	0.43	0.471	0.496	0.857	0.645	0.598	0.665	0.992	1.39	1.24	0.875	0.537	0.439	0.882	0.677	0.247	0.124	0.0688	0.0654	0.575	9.98	3.39	4.54	10.4	8.64	5.15	3.58	2.1	1.54	1.03	0.74	0.051	0.0217	0.00615	0.0164	0	0	0	0	0.00943	0	0	0	0	0	0	0	0	0	0	0	0.493	0.186	0	0	0.097	0.135	0.192	0.202	0.256	0.29	0.276	0.217	0.115	0.0723	0.0608	0.04	0.00606	0.00474	0.00514	0.00727	3.73	3.57	0.0369	0.0352	1.67	0.0285	0.0373	0.0838	0.253	4.64	0.455	0.668	1.49	1.83	3.53	3.5	2.27	1.3	1.04	0.765	0.878	0.489	0.448	0.494	0.673	0.332	0.962	0.11	0.05	0.0432	0.05	0.0707	0.207	0.337	0.515	1.98	1.34
0.000547	0.00284	0.00419	0.0207	0.0258	0.0511	1.85	0.0919	0.0825	0.0875	0.0985	0.412	0.39	0.415	0.434	0.424	0.6	0.676	0.627	0.675	1.05	1.51	1.69	1.22	1.26	0.34	0.303	0.978	0.198	0.073	0.0621	0.9	0.681	0.769	2.46	7.05	8.58	7.06	4.97	2.68	2.25	1.7	1.25	0.0939	0.0418	0.0158	0.0113	0	0	0	0	0	0	0	0	0	0.0149	0	0	0	0	0	0	0.0251	0.1	0.229	0.0259	0.0694	0.0966	0.122	0.144	0.184	0.418	0.199	0.156	0.0827	0.052	0.039	0.0442	0.00909	0.00998	0.0128	0.0175	0.0655	4.23	3.38	2.74	3.93	4.25	0.0693	0.0793	0.297	2.22	0.525	0.56	1.18	3.22	1.44	2.88	2.33	1.72	0.771	0.576	0.0731	0.0354	0.0218	0.837	0.896	0.734	0.799	0.182	0.214	0.0786	0.107	0.115	0.319	0.38	0.549	0.814	2.79
