5.98	2.96	4.97	2.65	2.64	2.42	2.13	0.971	0.663	1.73	0.325	0.0653	0.0261	0.00568	0.00408	0	3.1	0	0.0244	4.66	16.2	28.6	60	32.4	47.9	72.9	47.5	5.99	8.53	11.7	3.97	0.000429	0.000522	0.213	0.00725	0.0819	0.103	0.775	0.486	0.831	0.598	4.38	0.533	2.93	3.47	3.29	46.4	40.4	36	37	14.3	9.08	7.1	6.69	8.57	15.4	15.1	17.8	19.5	43.1	28.4	27.1	42.3	36.6	26.8	27.2	31	33.8	38	37.7	36.1	39.4	44.7	47.5	48.5	62.3	62.8	70.5	66.9	72.9	63.2	66.2	78.8	58.9	62.7	66.7	67.7	9.9	12.1	17.8	17.9	38.2	23.4	16.6	39.2	48.9	45.7	44.6	52.4	44.9	50.5	45	31.6	30.9	40.6	28.7	18.7	40.9	53.4	34.5	52.9	38.2	31.7	41.8	43.4	38.4	51.4	57.3	39.3	46.7
4.8	1.06	1.04	0.822	0.81	0.731	0.589	0.316	0.213	0.142	0.103	0.0121	0	0	0	0	3.36	9.66	8.02	41.9	38.9	52.1	68.7	51.1	122	129	136	48	24.7	14.8	6.95	0.64	0.0568	0.000185	0.000482	0.0437	0.123	0.581	0.16	1.9	23.1	37.2	31.2	44	117	93.7	163	88.3	89.8	30.6	19.2	8.77	6.3	6.46	7.91	9.42	12	12.5	17.7	33.8	20.1	23.3	59.9	33.2	34.2	25.6	28.3	38.3	32.6	34.8	36.6	40.1	63.1	46.3	50.8	55.9	62	59.5	84.4	76.9	66.1	77.3	83.1	68.5	75.1	75.9	83.3	79.6	62.8	73	74.2	26	22.7	26.2	39.3	39.1	60.8	69.2	64.3	51.2	75.4	66.8	65.6	53.3	49.4	39.4	33	22	46.8	46.3	40.2	56.3	65.3	84.7	99.9	78.2	77.8	73.2	74.6	56.4
1.14	0.772	0.601	0.445	0.406	0.352	0.281	0.149	0.0989	0.0651	0.0469	0	0	0	0	0	6.2	7.81	19	48.8	28.6	34.2	71.8	64.6	82.3	137	91.4	51.9	31.3	19.3	7.12	4.54	3.07	8.1	0.000543	0.0492	3.17	6.34	7.73	46.7	48.6	39.1	11.4	122	247	241	240	78.3	3.78	37.9	4.39	5.14	6.11	6.9	7.66	9.95	11.7	12.7	25.8	41.1	40	40.7	23.7	38.2	40.8	30.8	29.7	32.7	40.9	35.7	37.8	48.8	59.1	53.1	64.8	71.1	71.3	68.5	70.9	71.2	64.6	74.8	80.7	67.8	95.7	94.3	95.4	88.9	88.5	72.3	80	29.5	50.2	54.5	55.3	50.9	63.4	74.2	77.1	60.6	75.7	73.5	79.2	56.4	38.4	32.8	37.5	30.8	42.6	57.3	42.4	55.2	77.1	97.2	123	71.4	73	91.2	97.1	74.5
1.15	0.543	0.45	0.287	0.211	0.155	0.134	0.0625	0.0388	0.0237	0.017	0	3	0.132	0	0.0744	5.22	10.6	50.7	37.1	31.1	55.2	102	82.9	94.4	84.5	51	29.2	33.7	45.8	12.4	19.7	14.3	0.639	0.0353	0.323	6.59	11.9	23.5	84.9	69.3	44.4	84.1	151	189	227	159	37.6	37.2	37.4	37.6	5.77	6.26	9.04	7.89	10.7	22	13.2	26.5	23.7	20.7	64.1	51.3	37	39.4	39.7	30.9	35.1	47.4	61.5	53.7	51.4	66.9	62.4	59.7	73.6	79	84.8	96.9	85.6	66.5	78.8	90.1	80	92.6	99.5	107	96.4	93.3	70.3	83.5	74.8	73.9	65.4	88.3	73.7	64.6	61.9	65	77.8	93	73.3	73.9	59	50.4	55.7	53.1	60.3	62.3	61.2	77.4	86.3	90.6	87.4	92.7	76.4	97.9	98.2	111	86.3
1.53	1.13	0.751	0.469	0.391	0.152	0.201	0.497	0.0337	0.18	0.0996	1.71	6.04	3.9	0.0124	4.49	3.75	6.64	36.7	40.7	37.7	33.5	22	32.2	50.2	33.3	84.4	58.3	51.1	46.4	22.5	44.6	51.7	60.9	25.6	12.9	32.7	40.6	30.6	96.1	137	93	148	184	57.5	19	55.9	39	41	5.4	8.24	8.12	6.12	11.1	8.82	11.9	17.6	26.8	15.7	20.6	26.3	47.2	49.5	29.4	40.6	42.3	33.4	40.3	55.3	74.6	86.3	62.4	78	73.6	74.3	75.3	64.2	74.6	91.7	104	87.8	84.5	117	86	85.3	111	116	98	93.5	106	82.4	50	109	116	103	100	73.3	63	70.5	96.3	102	90.4	55.2	66.8	77.7	61.6	52	70.4	77.1	73.2	117	133	113	121	126	90.4	114	123	149	94.5
2.58	1.67	1.31	0.445	0.263	0.155	0.117	0.0282	0.122	2.57	0.111	5.5	9.44	5.22	8.11	32.1	13.2	11.2	15.2	39.9	41.5	13.2	18.7	46.8	69.6	58.9	76.9	110	136	88.2	66.4	139	80.9	48.6	55.2	22.4	52.9	53.1	59.6	172	141	82.8	77	38.1	56.2	38.9	33.5	8.67	5.77	5.58	5.54	9.27	5.16	5.52	6.45	7.5	10	9.39	10.8	21.5	24.5	27.2	38.2	39.2	45	37.8	40.5	42.2	62.5	93.5	110	74.8	99.7	127	68.5	72.6	61	57.4	75.3	77.3	93.6	107	98	110	109	87.9	109	101	112	124	125	79.5	162	163	140	111	80.5	78.3	95.2	128	123	85	80.8	85.9	75.8	86.8	86.1	98.9	130	128	162	196	189	174	135	125	125	139	140	105
3	2.02	1.56	0.531	0.286	0.151	0.112	0.0259	3.63	2.18	0.165	5.62	15.7	11.4	14.5	35.1	16.8	21.6	28.3	49.5	42.1	54.1	36.1	65.9	86.5	74	75.9	76.7	176	140	98.3	96.6	55.6	47	31.8	18.6	45.5	76.2	86.6	101	150	40.3	23.2	23	57	30.1	18.9	6.85	6.52	13.9	7.09	6	13.4	5.99	6.86	7.89	8.78	9.95	11.8	34.3	29.2	23.8	25.6	34.3	38.8	51.6	55.8	50.7	67.7	116	99.4	106	115	131	94.9	81.2	112	102	104	115	140	134	150	154	172	130	116	125	134	134	142	166	158	153	130	109	112	110	133	119	134	109	100	93	114	119	104	113	120	137	194	231	169	136	121	108	117	124	125	103
3.63	2.59	2.05	0.661	0.381	4.52	8.73	0.862	3.05	3.56	0.135	7.64	14.4	13.7	16	16.1	12.5	31.4	39.4	114	123	71.8	71.6	75	41.1	43.3	78.9	64.7	137	117	93.8	90	60.8	38.1	50	16	27.8	70.3	66.3	67.8	97.7	28.3	0.873	5.78	19.3	8.41	15.2	8.52	8.15	7.75	7.31	6.46	12.7	19.3	7.9	8.64	9.46	10.6	12.3	26.9	29.8	28.5	29.2	40	39.8	54.7	64.9	60.4	73.8	122	112	137	124	132	126	104	146	124	113	150	129	119	158	162	157	126	165	178	173	166	141	217	93.5	149	160	149	143	129	127	134	159	136	140	123	118	128	136	132	140	142	163	171	149	146	117	107	104	118	105	97
4.43	3.35	2.61	0.878	0.741	16.4	8.24	3.84	3.52	8.26	3.77	3.1	11.2	23.6	23.7	20.5	17.9	46.5	79.6	120	101	91.1	62.5	130	21.9	53.6	53.5	52.3	85.1	76	44.3	47.5	26.2	31.2	51.9	24.2	15.8	9.36	10.2	37	45.3	29.5	1.58	8.31	10.6	24.6	13	11.3	10.5	9.99	9.34	8.06	8.29	16	19.5	12.4	13.6	14.8	15.4	28.7	31.1	38.3	27	37	48.1	55.7	57.2	68.6	75.1	93.2	102	130	150	127	134	141	149	139	155	182	139	135	129	157	171	121	112	143	125	137	182	195	207	145	159	147	148	185	166	151	179	165	144	149	151	140	154	164	163	174	170	199	194	154	148	142	130	125	108	104
1.25	0.947	1.76	0.89	6.29	17.1	1.29	7	9.7	16.1	8.41	13	14.8	17.6	26.2	23.5	30.5	88.1	75.3	68.1	66.9	42.4	30.5	32.4	37.5	36.8	42.9	104	123	107	90.1	52.5	23.9	37.9	39.1	12.5	31.6	29	2.11	6.51	14	2.46	3.26	11.3	14.9	14.2	13.4	18.6	14.1	16.1	12.4	10.6	10.1	14.6	18.9	21.3	19.7	20	21.3	27.3	25.9	35.6	37.4	38	41.3	59.9	57.2	62.1	62.8	107	106	132	124	105	124	105	115	178	159	132	133	132	128	108	110	108	132	140	113	148	229	175	184	183	183	182	195	215	179	161	173	152	144	150	148	143	141	147	176	189	226	231	190	167	171	150	122	129	128	118
1.72	1.08	6.36	3.56	9.36	6.25	4.09	9.58	13.8	18.2	15.7	16.6	13.5	33.1	52	35.6	63.1	66.7	91.4	107	82.1	49.5	53.7	53.8	65.2	78.2	59.4	121	92	135	98.3	46.1	43.8	56.5	27	9.46	35	69.5	2.37	7.95	9.54	1.76	4.5	14.7	19.2	21.1	16.1	17.1	16.4	18.4	14.1	11.8	11.3	10.7	18.1	23.1	25.4	19.3	19.2	29.7	38.4	56.2	51.1	38	41.9	63.4	72.6	59.2	70.5	77.5	84.7	94	90.1	95	112	104	113	167	146	182	157	96.3	148	131	135	114	110	126	163	207	181	155	173	116	172	251	262	223	201	153	152	141	133	121	136	132	131	127	159	161	146	176	144	124	147	124	127	150	155	139
1.5	3	3.08	6.97	7.75	10.1	15.5	24.6	22.3	39.9	32.1	35.2	19.6	49	22.9	45.7	48.1	86.9	103	110	106	56.7	50.2	55	86.4	88.3	84.8	149	135	104	43.4	36.8	35.5	27.4	20.9	17.7	18.7	9.05	3.91	8.94	9.29	2.04	10.6	15.7	22.7	23.1	29.7	21.2	24.1	18.1	16.5	13.8	13	12.3	19.1	25.2	31.6	25.3	26	45.7	54.3	46.1	38.6	47.6	57.4	53.3	54	53	60.1	66.9	82.2	99	106	86.7	92	104	151	140	141	129	132	123	156	142	154	116	125	114	158	174	205	174	178	209	192	227	204	202	168	134	118	94	107	126	131	116	117	111	126	118	126	149	136	124	131	122	126	156	153	113
1.68	1.45	1.92	12.2	12.9	12.4	17.4	39.1	32.1	68.6	43.8	42.1	33.4	48.3	77.6	107	152	142	156	117	106	51.4	63.7	86	138	157	83.6	89.9	71.6	49.6	38.5	40.8	42	60.7	39.3	43.9	4.02	3.35	2.98	6.56	6.51	4.49	7.34	21.2	17.8	26.1	30.3	22.1	31.5	35.7	27.8	22.5	23.7	29.6	33.4	26.6	23.4	20.4	27.2	42.6	54	23.8	25.1	45.2	49.3	41.6	69.7	83.4	86.8	85.7	60.5	92.5	127	91.8	76.1	90.2	129	130	120	103	80.7	88.9	127	155	174	125	149	157	158	177	268	216	189	251	134	174	193	181	172	146	130	115	104	111	137	119	133	167	148	152	143	149	137	147	139	110	120	138	124	81.5
2.3	1.45	4.44	15.6	12.6	38	35.1	59.5	39.2	33.1	69.4	42.3	31.7	78.1	125	144	183	187	135	77.4	76.8	123	91.7	107	105	113	69.3	100	104	74.2	45.2	29.1	73.5	31.5	21.4	27.1	11.1	2.87	2.48	2.72	5.13	1.75	5.74	20.2	26	26.6	49.1	54.5	60.1	45.2	62	41.9	51.6	49.2	60.7	37.8	30.4	21.6	19.9	39.5	35.3	28.3	22.3	42.3	48.2	37.7	50.6	59.3	67.2	53.4	54.6	69.3	75.4	97.7	82.4	96.9	101	51.7	58.2	56.5	37.3	73.7	86.2	103	177	206	208	164	152	148	248	243	140	214	184	183	171	186	162	128	127	97	99.2	98.8	111	92.7	80.2	107	102	100	85.8	91.8	94.8	90.2	86.9	80.9	98.4	106	99.1	68.9
24.8	2.27	6.18	15.8	25.3	41.9	76	103	49.5	57	52.5	39.4	80.7	87.7	176	213	252	115	89	116	119	163	130	106	88	74.7	86.9	144	170	130	101	35	9.56	15.2	20.9	4.02	3.91	3.28	3.48	10.2	4.35	1.71	5.36	19.1	33	48.6	61.5	55.6	48.6	40.6	66.3	50	55.6	56.6	57.6	43.7	26.3	21.4	17.3	31.4	41.8	19.4	26.5	45.7	46.1	39.6	43.4	75.5	56	57.7	51.1	43.5	38	48.7	61.9	44.3	34.1	38.2	67.9	51.3	64.9	84.9	126	137	176	208	166	144	153	217	278	244	193	255	191	163	150	158	156	116	126	114	96.1	89.5	69.4	79.9	65.2	57.7	54.4	53.2	62.1	69.4	75.4	74.1	94.7	95.3	91.4	86.5	76.3	75.2
54.7	17.9	7.88	43.6	24.5	57.9	160	151	120	111	105	97.1	102	129	229	318	302	165	139	152	144	188	206	131	96.8	105	128	170	239	145	175	103	29.9	23	7.01	4.17	3.61	3.31	3.28	4.92	2.07	10.6	12.6	27.5	43	94.5	73.3	57.2	51.2	64.4	92.8	58.3	40.7	37.6	32.6	18.7	18.6	14.3	17.2	21.2	21.6	16.8	22.3	29.7	48.7	45	76.9	76.7	46.6	45.4	38.2	47	34.7	56.8	59.5	52.3	55.4	57.7	88.5	64.6	56.5	84.9	141	174	248	218	190	155	220	228	286	228	192	188	182	85	75.9	129	130	107	149	121	103	80.5	55.9	62.7	64.2	53.9	51.2	34.7	40.5	60.1	84.5	77.6	103	91.7	71	65.1	70.9	62.7
62.9	60.3	101	64.9	63.1	122	185	210	203	182	152	115	153	152	232	250	270	176	207	241	222	220	235	205	193	211	183	235	257	248	210	121	46.6	29.4	15.8	24.2	14.9	9.8	9.71	11.4	21.7	28	16.7	46.3	66.5	64.8	52.9	51.4	45	54.2	68.5	41.6	23.8	27.7	45.5	28.9	23.2	15.2	23.7	13.3	16.1	12.4	13.2	34.4	41.9	49.6	104	55.7	44.3	39.6	29.3	28.8	54.9	51.4	41.6	44.8	53.1	81.8	50.7	91.5	81.2	86.8	169	156	164	211	177	191	245	219	246	190	174	128	94	42.6	80.1	150	149	114	111	91.1	71.2	55	54.5	52.2	52.6	52.4	35.3	45.2	56.2	80.1	74.6	66.8	83.3	68.8	58.4	53.8	64.3	62.7
99.3	72.2	72.7	73.8	100	152	201	169	115	101	97.8	47.3	61.9	77.1	87.2	148	242	171	194	263	267	219	193	231	239	234	222	228	210	221	121	83.8	34.8	19.4	16.5	11.2	7.26	6.65	6.11	21.9	33.3	26.6	21.9	49.6	39.4	32.5	34.1	34.3	25.9	26.1	27.8	29	20.9	21.3	58.4	43.7	19.3	5.82	10.5	7.4	8.78	11.2	20.5	28.6	27.4	33	35.2	31	18.1	6.1	5.22	5.8	17.7	26.1	5.87	15.6	25.7	37.4	47.4	108	137	123	126	122	130	174	130	117	127	157	142	135	155	131	68.7	98.7	114	166	177	134	92.2	79.6	65.6	37.1	42.9	44.7	49.1	42.4	40	57.7	63.4	69	72.8	57.6	43	49.5	41.2	41.6	55	53.4
133	102	112	124	117	161	198	199	158	95.3	115	43	68.4	126	56.5	93.5	114	189	195	260	266	227	172	211	253	245	215	209	217	199	144	94.3	67.8	8.98	10.7	9.26	13.1	10.9	2.57	26	36.2	20.3	25.3	41.5	40.4	34.3	39.9	49.5	38.2	23.8	22.1	14.7	27.3	63.5	42.1	51.1	48.4	10.4	3.55	4.24	13.4	27.9	51.2	34.8	27.2	13.2	16.5	9.23	7.74	3.32	3.7	8.02	5.53	9.52	6.9	24	28	58.4	70.6	86.3	82.2	122	91.4	80.5	120	131	109	166	133	151	152	156	115	120	131	106	117	109	128	119	110	104	97.7	55.7	70.6	59.1	50.4	43.5	77.2	78.2	104	87.7	74	64.6	66.9	64.3	56.2	55.7	52.3	47.4
125	111	132	198	160	132	187	238	201	125	94.8	59.1	52.9	60.1	81.9	141	121	311	324	285	248	252	219	232	280	305	196	201	184	188	134	91.7	71.6	39	17.1	11.2	14.1	20.5	6.38	32.3	41.2	27.5	26.9	44	38.7	39.3	50.6	50	30.1	27.2	30.4	21.4	20.6	42.3	53.4	48.8	17.6	6.86	7.18	6.12	28.7	28.4	14.2	14.2	7	16.9	15.8	11.9	18.7	7.89	18.1	30.4	17.1	16.3	28.1	51.3	37.8	68.1	55.7	67.2	116	186	115	83	97.9	99.2	129	205	129	103	113	112	94.7	139	138	112	152	125	125	137	118	130	115	122	123	115	78.4	109	133	130	152	116	106	85.8	84.5	72.3	65	56.4	56.6	48.7
151	119	119	199	260	205	208	192	203	173	113	52.7	65.6	84.4	111	149	300	322	337	292	279	299	255	281	294	255	179	142	152	99.1	102	94	98.2	84.5	40.9	32.4	19.5	12.3	6.78	34.7	38.1	22.2	19.3	35.2	42.9	33.4	46.2	50.3	27	36	34.6	28.3	38.1	43.9	49.8	11.3	6.17	7.32	6.18	13.5	30.2	15.7	8.64	10.1	9.45	10.3	5.69	23.4	18.6	21.9	14.5	33.6	34.1	11.1	28.5	64.6	77.5	55.1	51.6	79.1	130	184	130	63.6	80.4	89	121	120	93.3	72	93.8	76.3	63.7	96.4	112	119	149	171	154	108	119	120	145	212	170	154	131	135	143	146	172	160	154	122	84.4	80.4	66.7	65.5	60.6	65
148	160	173	218	283	225	225	174	141	146	86	72.5	110	134	160	192	251	289	256	236	221	250	205	250	280	231	179	150	209	115	88.1	73.4	67.4	79.7	42.5	28.7	17.9	19.5	12.5	23.1	28.9	29.3	29.8	29	33.4	30.2	31.9	38.2	22	32.8	31.3	18.4	14.5	25.8	21.4	29.2	19.8	11	19.5	16.6	23.1	26.6	22.8	24.3	20.4	9.42	10.6	34.4	11	16.2	8.9	26.8	20.7	14.5	35.1	80.3	109	86.7	106	152	129	87.2	75.2	59.4	75.7	113	101	101	86.6	68.9	84.4	66.3	77.8	105	108	141	160	180	182	180	199	208	238	292	262	278	280	294	287	329	331	163	162	111	89.9	84.7	110	75.9	72.8	55.2
166	239	204	187	190	219	201	201	178	155	119	94.5	177	210	175	259	273	290	202	280	274	237	194	239	286	194	188	262	185	135	89.1	28.5	28.7	19.5	21.3	16.5	11.5	11.6	10.6	25.3	32.9	34.8	41.9	23.2	23.4	31.4	30.3	52.2	24	29.2	40.7	19.7	32.1	21.4	22.3	19.3	32.7	13.1	16.9	22.3	34.1	46.4	26.3	14.2	17.1	21.7	6.05	43.7	24.9	7.45	2.26	17.9	24.8	21	44.1	89	111	137	156	111	68.9	65.1	57	74.1	90.1	78.8	79.7	79.6	83.3	99.2	154	106	143	178	185	196	168	172	179	186	226	259	260	288	315	269	266	300	364	371	353	174	139	134	125	112	120	82.5	90.9	59.1
264	232	173	171	189	207	228	172	182	184	124	156	201	303	288	309	246	250	221	224	226	231	171	233	270	202	186	246	176	91.4	65.4	26.9	18.8	14.3	5.78	12.5	23.7	9.36	16.4	27.5	21.8	26	40.3	20.9	48	54.9	30.7	38.5	34.4	40.3	51	71	35.4	22.7	49.3	19.2	28.9	28.4	31.7	19.7	25.9	34.6	35.4	14.9	21.5	23.3	8.53	26.6	23.7	14.7	9.65	24.4	27.8	21.8	35.6	97.1	124	156	137	59.3	59.1	48.2	56.7	75.8	93.5	75.3	90.3	86	95.3	110	117	89.1	145	157	174	181	183	185	194	206	246	200	242	329	338	388	362	332	437	460	308	120	145	137	131	100	114	102	107	72.8
225	191	193	159	193	246	291	242	223	297	224	218	187	240	337	273	276	236	263	204	213	212	191	231	283	214	154	178	140	95.5	71.5	36.3	24.3	19.6	17	15.5	35.8	18	23.6	36.4	23.4	29.2	45	56.4	44.6	50.2	33	39.8	40	42.9	43	69.2	82.2	60.9	81.1	36.2	22.1	34.7	40.1	24.3	21.7	30.1	35.6	107	91.9	50.2	34.5	38.2	42.6	34.2	27.5	37.5	30.1	24.8	40.1	99.8	98.3	81.2	59.6	34.6	40.3	68.3	73.2	63.4	92.7	83.9	89.6	81.9	110	126	104	91.6	123	162	165	181	193	211	203	193	191	240	303	371	394	471	480	447	387	404	358	128	97	84.4	113	90.4	94.4	94.2	94.3	94.6
139	137	170	154	144	229	269	271	240	265	230	222	236	211	224	223	272	253	219	189	156	152	175	212	217	180	166	159	131	116	92.7	83.5	61.2	59.1	48.5	15.7	21.1	17.4	19.8	34.3	36	45.8	81	77.8	54.6	47.6	25.6	39.3	34.4	26.7	47.7	47.4	63.1	79.4	161	35.5	11.3	26.8	32	32.8	41	44.5	46.4	48.9	90.4	77.5	60.4	70	84.8	151	61.6	48.9	32.3	34.4	36.2	38.3	33.3	29.5	41.4	50.4	49.9	64.6	74.4	76.3	105	150	82.4	77.8	93.1	97.7	139	121	154	165	188	180	179	203	209	218	177	250	324	390	395	448	485	488	453	450	438	276	212	196	204	169	170	192	208	109
133	137	130	173	210	259	278	257	300	283	283	265	307	274	268	198	246	229	209	172	158	161	181	228	218	179	167	174	136	125	110	94.9	84.4	87	54.8	17.9	20.9	23.8	30.4	39.5	46.1	58.1	45.4	72	70.6	109	70.3	41	36.6	27.6	26.2	73.6	106	123	158	20.7	17.6	35.3	23	23.1	27.5	45	40.4	57.5	98.5	141	114	142	213	164	119	92.1	50.1	42.6	41.3	44	31.9	40.7	38.7	41.2	43.5	49.2	63.6	70.4	71	86.2	42.8	77.7	116	104	175	166	194	151	188	187	168	183	212	222	192	252	301	350	402	437	443	417	426	434	436	272	214	190	185	154	163	205	223	93.6
101	135	98.5	181	230	225	245	256	299	249	269	312	309	288	239	210	209	216	191	199	163	162	214	255	230	187	148	164	163	149	126	108	86.7	83.9	53.8	17.1	34.1	57.9	65.2	58.7	61.8	85.8	64.9	87.6	81.2	96.7	68	33.5	47.3	39.7	28.1	27.8	83.2	67.7	73.4	41.4	34	47.5	33.7	28.8	24.4	36	58.1	98.1	83.5	107	112	147	178	148	107	72.1	84.8	84.3	70.9	33.5	46.9	36.9	23.7	36.6	41.2	53.3	68	83.4	81	68.6	39.9	69.3	114	131	169	144	180	187	172	168	174	151	184	182	211	313	317	384	415	460	416	428	447	492	485	258	231	241	251	214	197	219	249	164
97.5	109	140	182	245	232	246	259	323	279	217	259	247	285	243	207	189	185	232	226	211	176	205	227	208	170	146	173	164	148	134	80.4	86.1	71.9	65.7	22.2	19.8	46.9	84.1	87	85.5	113	117	103	88.9	65.7	52.2	48.1	67.2	68.4	47.5	29.4	64.1	49.4	62.7	55.4	56	56.1	41.8	43.3	47.5	48.8	64.8	83.6	91.3	171	176	153	146	150	93.5	79.3	60.2	68.1	46.6	26.6	33.6	36	23	39.4	51.4	49.7	64.1	114	103	103	82.1	109	91.7	179	202	143	85.7	108	115	159	177	197	234	224	232	290	323	365	377	399	415	476	517	567	490	277	282	266	276	248	250	249	252	186
153	201	216	217	258	241	222	264	327	279	282	238	283	285	226	195	170	160	169	222	257	253	220	196	154	134	141	152	133	95.2	71.6	94.8	87.8	77.2	77.2	57.9	43.4	51.4	69.1	122	154	137	123	116	126	99	73.3	75.1	84.2	86.1	77	63.9	62.3	64.8	79	93.8	89.2	83.2	62.7	68.6	80.2	79.6	90.9	148	118	136	150	154	129	179	69.3	72	58.1	48.2	28.7	20.4	17.1	15.4	16.4	28.3	47.6	47.2	67.8	87.5	87.1	129	87.3	84.8	109	129	144	116	89.9	85.6	89.2	158	189	178	181	179	193	232	280	355	335	304	371	385	417	379	393	314	268	297	287	248	285	302	236	243
199	236	247	233	258	282	236	246	327	342	313	293	340	294	261	219	202	215	206	184	179	176	153	128	119	131	165	168	131	75.1	63.3	70.3	86.1	85	82.8	67.2	67.6	81.4	73.4	97.1	113	119	130	155	199	167	116	82.7	92.8	106	92.2	76.7	64.1	61.2	78.6	90.6	83.7	71.3	79.1	97.5	110	132	147	139	123	164	155	156	79.7	86.9	79.8	45.4	56.8	35.6	22.1	15.8	22.3	15.8	14.8	26.7	36.6	58.8	75.7	111	146	152	120	89.7	103	122	130	113	110	115	149	188	193	165	161	210	236	251	310	345	308	290	303	391	344	400	433	307	275	287	313	255	327	314	261	222
242	293	323	306	290	275	256	306	426	456	354	293	377	343	304	282	203	276	272	190	181	138	170	150	178	133	130	145	121	88.1	89.2	92	85.6	99.8	112	93.2	91.6	85.7	96.4	127	116	137	150	176	175	174	130	95	96.5	105	151	81.5	66.4	64.1	68.7	84.9	89.2	78	102	110	122	124	145	96.4	81.7	126	164	103	69.7	55	58.5	43.7	36.8	38.2	25.3	19.5	18.2	19.5	23.9	33.5	46	64.3	64.4	92.1	124	121	106	88.7	83.8	79.8	112	110	121	146	199	220	209	191	197	216	226	257	288	322	287	283	282	342	326	383	295	290	276	283	305	281	313	300	257	245
248	286	338	327	314	293	265	333	437	444	357	299	380	358	329	273	247	249	230	168	185	204	186	145	153	136	128	180	128	131	139	108	102	124	129	134	100	98.5	102	149	134	141	140	173	171	171	114	112	104	88	117	83.8	79.6	70.1	79.6	77.4	88.2	101	105	126	146	157	113	68	97.2	151	169	140	87.4	80.6	89.4	58.3	44.9	41.3	29.2	25.5	34.9	29.1	31.6	46	55.7	61	58.1	89.2	89.5	98.6	115	109	105	106	120	113	140	190	230	246	245	239	209	206	238	266	293	287	206	207	230	275	256	257	267	258	273	259	262	243	258	312	273	258
252	341	365	338	325	315	308	327	330	339	291	256	299	273	271	267	261	241	240	249	218	206	176	132	138	157	180	135	120	147	157	95.7	108	115	132	140	102	132	140	153	137	125	135	128	147	154	137	105	102	78.7	75.1	75.1	71.7	74.1	74.9	70.6	99.4	106	101	114	149	107	77.7	86.6	122	152	175	135	86.1	86.3	70.3	47.8	44.2	42.5	41.9	37.5	35	34.3	38.9	40.8	37.3	43.9	70.7	76	75.3	63.5	87.9	85.9	122	100	106	107	118	157	230	271	270	225	195	192	209	260	287	234	162	113	86.3	146	175	232	197	227	231	245	271	232	235	251	250	244
260	334	386	319	309	292	306	313	321	313	313	313	304	281	227	241	249	252	256	283	183	212	241	193	157	226	178	191	136	95.7	140	110	91.6	117	129	107	99	135	128	131	128	146	172	165	131	141	120	112	100	95.3	82.4	79.4	72.4	68.5	63.4	66.8	76.2	85.7	95.5	108	97.8	97.3	76.7	117	102	125	160	137	134	138	68.3	48.3	57	58.7	61.5	46.5	38.8	46.8	39.6	39	37.7	48.2	79.9	74.6	69.4	80.4	83.8	76.1	83.6	117	127	134	143	197	251	311	267	228	222	251	226	226	229	229	186	149	111	165	196	211	208	240	234	221	239	230	227	251	257	234
289	308	323	276	304	333	281	285	292	284	356	458	369	305	268	252	251	257	255	315	232	238	333	253	211	222	175	173	139	135	118	136	135	134	108	110	130	112	126	150	132	166	184	178	137	139	136	123	115	104	112	106	104	93	70.6	54.9	65.5	89.1	104	120	85.6	91.1	119	206	131	161	124	123	149	83.6	62.2	62.8	87.3	92.5	71.4	41.4	42	56.2	51.7	55.3	44.1	55.1	80.6	83.5	66	90.3	95.9	88.5	93	126	145	137	175	239	303	218	203	224	240	250	250	267	267	306	216	151	165	212	208	215	176	223	226	241	252	230	237	260	270	234
260	292	318	334	328	332	271	265	284	249	268	333	272	286	293	362	232	253	272	292	258	253	350	373	344	194	195	179	181	163	159	175	148	143	111	138	168	155	123	133	133	155	164	166	144	151	149	131	114	131	141	136	111	93.8	80.7	67.5	64.3	71.2	87.8	115	129	144	155	146	166	160	143	120	94.1	61.8	53.8	71.2	111	119	87.2	52.1	67	86.3	69.9	72.8	73.1	74.3	88.5	75.2	89.2	114	145	131	149	158	169	162	224	290	278	210	149	169	238	268	268	286	274	333	298	230	171	206	197	192	186	222	202	235	251	215	214	225	219	201
292	332	340	345	299	302	298	239	249	238	232	236	225	207	213	333	221	234	276	295	224	290	305	340	315	222	235	163	211	176	128	152	133	120	106	127	156	152	124	131	122	112	128	139	116	132	117	124	140	140	155	160	146	134	101	69.8	72.7	85	93	134	172	124	134	152	159	161	98.9	94.6	52.5	42.8	51.1	70.6	103	84.1	89.7	60.3	86.8	81.6	71.9	79.3	127	209	189	104	121	111	136	167	165	207	210	181	218	244	268	239	179	205	230	233	252	252	216	295	223	189	137	175	170	145	160	162	148	206	181	149	150	161	158	142
317	337	339	278	281	293	292	277	277	315	255	219	194	215	211	256	264	270	277	251	319	320	230	257	280	220	201	288	271	228	165	133	143	126	96.8	162	163	155	134	143	136	127	151	175	138	139	133	131	156	150	162	184	159	158	128	79.9	88.9	102	98.2	130	148	119	107	151	153	119	99.9	91.4	68.3	78.6	69.4	46.3	64.9	63.1	96.7	73.3	59.8	71.6	96.9	114	155	164	150	157	136	131	139	139	140	160	166	182	199	246	301	286	220	203	231	248	202	212	216	267	226	173	158	205	122	106	129	160	172	173	141	118	130	148	146	128
342	316	326	274	274	258	280	303	300	294	265	279	224	233	266	244	288	313	239	244	258	295	258	204	270	324	317	320	229	274	198	154	142	111	121	132	149	144	149	136	142	147	146	170	148	149	157	171	142	167	203	212	182	158	134	115	102	92.9	103	143	144	114	103	143	137	134	108	99.2	101	98.3	104	63.6	72.8	84.7	80.6	95.2	94.1	92.4	111	205	205	166	177	183	152	125	133	101	102	112	131	179	209	267	293	264	239	225	199	196	188	208	184	236	267	174	158	144	136	99.3	88.8	128	122	105	120	116	138	162	156	138
351	306	294	291	284	289	266	261	286	298	311	284	261	271	271	275	267	263	252	291	259	281	296	340	253	330	307	287	184	214	185	185	156	135	117	144	169	160	175	181	146	142	155	180	174	156	178	191	172	205	204	167	177	159	143	151	126	111	147	220	183	130	87.1	105	121	137	146	137	105	111	113	104	100	121	119	133	139	147	195	225	195	213	213	227	156	153	224	98.9	94.8	98.6	137	172	213	253	273	247	220	217	197	190	199	205	179	209	224	197	182	148	140	95.1	81.7	115	100	110	120	125	162	184	166	145
323	344	298	251	200	233	271	239	228	267	298	289	275	297	282	264	255	256	247	277	312	299	338	428	340	375	304	267	194	204	229	210	152	138	106	141	191	192	161	185	141	116	138	171	170	178	165	172	146	152	182	168	198	184	139	141	178	138	156	204	210	161	122	114	123	157	177	140	118	83.8	104	117	130	159	176	150	150	244	152	243	232	185	215	207	178	166	145	97.8	105	107	158	192	221	257	310	257	216	203	242	243	231	231	203	249	229	205	187	188	163	131	104	104	138	128	119	148	182	187	179	150
232	308	341	233	213	238	252	286	288	298	311	272	275	290	306	281	245	245	219	275	313	306	307	361	333	391	460	324	304	244	269	261	197	186	195	166	199	191	175	173	169	142	157	186	174	170	163	202	173	166	180	172	152	151	113	118	164	127	140	168	198	184	230	186	190	227	226	174	129	104	125	131	166	153	177	152	153	157	157	254	185	326	213	177	170	173	139	141	179	176	215	218	253	237	265	195	221	289	236	244	235	226	232	279	246	281	235	192	163	132	116	125	138	151	166	166	173	170	145	131
277	391	429	251	256	258	295	350	328	282	288	278	269	266	269	256	252	249	224	218	241	264	269	268	241	342	500	431	416	349	324	280	206	206	182	187	212	189	192	218	191	158	168	212	209	207	152	209	195	175	190	209	179	179	157	148	171	174	159	173	136	177	162	186	224	256	281	213	183	113	112	112	115	136	150	241	133	137	155	162	194	219	188	166	152	183	182	218	227	251	233	234	248	237	244	201	228	275	257	220	268	225	202	268	223	279	290	228	161	147	131	126	155	173	178	153	173	165	145	140
323	322	407	259	258	267	269	296	305	302	272	258	294	254	252	245	232	232	241	279	302	272	257	251	252	341	399	427	446	417	352	263	194	189	230	212	209	201	227	228	180	175	198	262	246	220	160	165	188	176	191	235	212	217	228	197	211	226	196	196	182	208	181	181	200	238	311	256	206	158	163	176	150	135	165	260	146	133	132	198	220	236	173	147	154	216	204	232	229	255	245	199	205	212	229	222	224	262	253	222	282	248	259	279	286	331	279	209	165	160	153	127	183	190	201	158	148	142	138	140
247	256	232	209	230	229	240	242	282	297	295	230	264	214	228	200	228	276	318	390	346	271	268	281	345	279	297	418	464	419	288	257	236	209	244	252	249	201	189	192	193	199	213	260	226	235	195	172	174	182	183	228	202	210	176	152	136	174	201	211	195	160	208	154	156	183	219	288	327	256	183	206	198	173	196	301	173	132	110	137	157	170	160	117	149	174	171	177	209	231	185	176	190	215	245	214	249	256	224	196	285	290	265	304	315	325	251	192	162	159	176	191	196	188	159	139	120	144	130	176
201	231	266	221	231	230	267	277	292	271	281	258	262	251	242	279	252	271	272	378	342	269	340	376	376	300	278	364	469	459	362	285	269	261	241	269	287	269	217	211	204	198	197	258	222	263	220	204	200	196	195	237	237	195	177	162	177	180	217	287	184	177	176	194	244	202	216	277	333	381	232	225	288	248	209	241	209	175	164	179	166	172	162	112	129	207	219	213	249	279	221	206	247	246	282	295	299	315	266	225	267	327	291	316	314	300	292	218	195	181	189	180	174	149	145	137	120	137	160	216
226	222	291	214	230	235	257	319	353	309	266	269	264	289	325	287	259	279	307	328	317	270	294	367	316	344	301	370	412	429	384	289	250	260	268	252	282	298	264	235	230	235	215	223	223	243	217	217	205	186	183	186	183	199	213	221	208	199	271	347	304	201	176	262	353	335	246	313	339	322	317	285	263	233	256	348	312	242	205	195	175	161	189	123	114	142	209	215	235	288	230	223	273	295	273	338	329	339	310	262	233	292	295	292	280	319	328	229	212	192	204	205	194	134	145	142	129	121	146	173
258	262	197	192	204	228	221	274	344	328	278	287	304	239	288	277	234	256	282	273	319	299	293	349	355	367	378	402	425	371	362	298	280	230	227	272	296	292	268	271	248	255	242	260	246	269	243	253	255	286	238	239	196	288	275	290	257	189	267	286	333	360	197	288	409	463	254	320	342	315	307	349	311	254	237	260	380	327	245	205	173	171	156	125	121	135	145	186	258	345	280	279	273	304	316	354	309	388	318	264	213	242	255	279	298	334	301	221	227	212	223	256	223	147	137	147	126	120	127	137
202	232	255	220	215	238	299	283	312	328	295	253	249	265	274	289	253	234	246	270	326	322	291	307	359	398	409	432	471	458	365	321	300	241	226	262	277	255	269	317	295	273	311	361	303	296	302	297	322	312	307	231	199	306	310	216	211	181	205	218	194	201	229	227	256	275	289	362	334	335	502	411	304	212	240	259	343	305	236	201	194	201	176	119	103	111	115	115	250	355	279	271	283	292	324	324	284	309	301	279	266	245	235	265	298	371	287	230	247	246	263	237	190	122	113	126	120	125	146	145
223	233	270	239	261	249	308	284	286	308	324	288	262	272	289	268	234	226	231	280	309	252	246	349	441	431	415	440	474	397	315	255	252	260	187	226	250	254	274	296	299	285	302	365	360	339	359	294	239	297	335	303	263	330	382	280	261	235	249	255	258	262	342	486	348	333	303	388	526	527	470	497	394	242	230	286	310	272	328	200	165	209	148	149	137	139	141	152	142	250	256	287	299	285	321	305	264	299	367	332	293	245	218	238	252	322	281	231	286	287	284	256	163	140	123	126	124	145	154	166
280	208	234	226	255	222	256	274	296	300	281	313	290	275	252	242	245	239	243	250	259	263	254	366	429	379	402	400	378	326	236	237	221	218	200	242	259	256	285	322	319	299	286	348	356	338	327	273	253	284	392	331	352	401	368	338	307	278	284	293	309	345	449	793	752	455	372	352	476	516	510	532	501	365	306	322	259	284	356	314	237	237	213	206	192	198	217	204	203	195	238	271	305	360	448	328	258	284	362	328	275	246	231	268	251	285	241	229	251	262	266	219	144	152	155	151	151	172	192	192
281	226	233	201	216	227	249	263	272	267	257	277	281	269	244	233	234	258	243	227	235	235	239	361	440	351	305	353	364	289	230	225	204	195	210	231	259	253	293	296	356	318	296	333	314	361	302	286	308	337	390	335	376	373	370	359	361	316	315	314	311	309	394	599	865	741	463	444	348	332	491	484	542	448	321	304	273	229	274	308	282	291	257	253	234	253	254	225	274	292	265	267	289	344	372	339	318	348	334	297	275	300	274	319	288	249	227	252	225	235	247	187	129	146	125	124	138	171	207	194
242	202	211	213	209	231	278	260	264	267	259	249	258	245	230	206	210	229	258	263	233	209	219	298	453	425	381	354	335	322	269	213	180	188	209	242	252	252	293	331	382	375	321	277	271	283	319	297	369	390	374	312	315	342	328	296	313	296	306	307	315	290	260	392	516	602	442	554	445	300	348	427	505	407	310	234	240	212	229	246	216	271	278	269	306	275	278	246	266	322	254	267	257	282	323	315	369	310	283	281	269	320	297	378	355	264	281	276	242	234	199	158	146	167	185	158	143	166	204	160
205	212	227	170	203	242	265	281	291	281	259	233	259	245	216	201	188	202	250	267	188	197	200	276	335	366	358	335	293	280	229	199	192	210	216	251	268	303	315	347	343	332	297	296	275	275	352	308	316	346	336	277	330	432	358	275	300	304	309	351	348	303	367	501	482	514	500	741	532	374	352	443	480	371	357	288	265	249	262	262	255	300	306	317	346	383	306	319	277	313	322	325	319	281	289	304	277	278	271	313	323	361	313	345	292	260	301	304	273	251	183	170	194	261	213	270	175	163	187	156
166	202	218	171	227	270	271	249	260	284	277	251	228	227	239	211	205	214	230	258	229	200	219	234	276	370	308	264	262	235	211	207	204	218	239	248	243	252	266	331	335	329	305	304	310	279	266	249	250	286	289	263	306	415	384	263	271	313	297	298	282	262	340	466	443	456	483	521	364	349	313	367	392	363	406	355	278	288	314	250	291	342	304	301	332	397	341	381	338	344	327	372	327	311	312	281	289	281	277	295	308	338	295	301	301	298	280	312	295	270	263	207	239	249	214	274	194	160	174	136
146	162	199	163	209	280	254	237	265	295	260	232	231	224	235	215	216	222	213	207	200	202	214	228	273	263	258	251	224	233	196	182	201	244	244	249	228	235	236	259	288	323	310	270	274	255	237	257	251	257	251	213	279	327	387	308	282	306	273	289	270	262	326	427	424	374	446	420	354	346	381	469	469	390	417	349	243	287	284	262	298	317	311	319	351	371	355	422	360	376	406	414	327	258	224	307	296	296	272	284	292	310	305	339	369	323	281	310	281	264	312	253	281	248	220	208	208	162	159	137
115	102	125	105	162	234	211	220	251	286	304	198	190	212	239	225	243	249	227	239	204	224	250	327	357	303	261	236	235	217	214	194	193	198	238	245	240	249	225	261	254	262	247	207	195	216	227	238	209	249	265	193	228	264	271	261	327	311	251	273	215	230	360	383	315	350	367	439	367	403	414	450	457	423	399	326	251	272	313	290	285	283	306	324	373	341	324	401	353	386	361	323	353	275	259	311	305	308	343	298	268	262	271	348	371	301	302	358	261	256	252	279	281	243	245	217	190	144	184	150
110	94.1	105	91.1	115	151	214	232	222	230	247	195	195	204	229	282	331	270	240	215	191	211	253	343	404	303	219	230	231	231	248	200	183	169	194	254	283	285	261	290	263	225	214	210	242	244	269	254	221	263	262	181	241	244	277	266	329	342	322	313	248	245	351	404	354	385	363	423	400	489	430	434	428	461	443	333	301	309	307	253	260	265	279	312	379	431	292	359	348	382	394	315	251	252	342	332	328	311	339	318	302	284	283	353	365	332	304	316	285	246	233	246	248	254	242	251	201	199	201	178
127	105	106	85.6	78.9	106	157	231	208	197	206	182	182	217	230	312	305	306	233	233	206	199	221	285	307	305	223	220	225	240	244	189	210	197	201	242	269	284	264	254	271	219	241	270	275	275	301	253	233	240	226	181	219	310	271	268	293	310	393	343	316	307	316	396	385	337	374	404	404	436	419	409	374	475	470	346	354	375	399	316	267	266	285	305	266	343	332	333	367	410	369	335	279	257	378	353	335	352	368	334	318	315	316	351	352	336	308	302	289	230	214	238	294	197	165	212	189	202	204	202
140	113	115	91.4	92	87	110	189	201	207	197	182	188	209	216	225	272	287	239	270	279	225	218	274	264	269	225	228	214	211	243	219	204	182	198	203	201	214	229	268	250	235	263	290	278	244	305	265	295	348	237	139	168	236	264	257	247	252	296	297	284	330	314	365	419	380	411	509	439	471	372	380	380	487	559	466	374	385	469	426	368	302	377	324	237	237	293	359	386	448	351	346	308	406	383	350	299	330	358	349	360	322	320	349	336	307	312	296	248	221	244	250	277	176	170	221	219	190	148	164
170	192	171	156	121	109	128	130	168	137	117	122	165	184	218	234	233	268	277	296	298	278	248	263	228	225	210	240	259	244	228	242	203	179	173	155	192	187	192	233	202	216	229	270	257	229	251	221	259	324	289	170	192	225	246	322	259	231	189	199	185	232	261	332	368	357	440	441	426	451	493	441	431	466	559	567	452	455	496	497	433	350	470	336	295	219	298	433	341	347	280	253	286	441	364	342	346	339	353	323	325	323	279	322	304	340	290	286	249	228	229	257	260	183	167	219	221	231	156	149
184	186	196	187	168	151	154	176	151	149	159	151	184	247	254	265	269	278	295	298	307	296	265	268	247	230	210	207	220	218	221	209	206	197	180	151	192	190	203	209	201	231	256	291	296	259	240	200	253	294	281	226	259	280	269	322	286	277	259	231	188	207	200	274	302	348	349	345	342	412	495	451	445	420	495	545	425	420	456	433	415	346	400	398	442	291	411	419	379	343	294	250	281	345	349	278	336	376	341	281	270	295	333	325	327	312	282	266	223	175	198	225	235	151	196	266	292	237	207	189
196	198	186	208	274	266	187	177	177	197	224	180	226	288	324	315	258	265	269	333	311	274	280	282	263	247	231	200	190	200	216	230	221	202	180	149	151	183	186	194	220	231	236	362	370	273	290	278	338	319	293	265	255	241	284	285	257	245	264	297	234	232	185	251	260	318	333	312	316	432	484	407	381	417	429	421	420	498	445	382	376	319	331	467	444	342	459	372	291	321	338	262	266	313	324	290	326	394	339	313	277	296	353	392	335	289	249	261	203	168	168	206	181	140	212	318	282	257	228	209
239	258	251	234	255	322	321	236	216	230	245	219	227	276	340	342	296	300	268	323	310	274	276	276	264	238	230	188	187	190	196	188	192	174	175	163	168	157	158	174	195	234	224	347	342	304	358	308	323	268	271	221	236	268	282	265	234	201	209	272	256	218	186	237	302	326	398	378	362	405	491	461	396	386	416	443	490	502	381	336	363	336	333	406	371	348	395	349	200	260	344	354	260	321	329	286	352	347	324	350	289	281	307	290	257	273	216	242	190	204	183	183	166	169	241	260	242	226	220	187
266	307	281	273	241	255	256	199	167	215	258	276	261	290	278	295	265	310	297	338	331	287	297	290	255	252	252	202	182	186	183	164	179	168	193	182	173	180	155	149	212	223	188	260	287	306	360	359	331	271	307	267	332	390	377	283	295	285	260	262	291	280	259	268	325	318	324	395	372	401	466	474	473	431	443	496	499	463	448	333	426	386	369	370	369	373	413	302	321	279	305	321	256	382	439	339	404	348	326	299	293	282	284	257	277	279	262	254	226	200	199	230	192	184	205	227	187	186	216	189
239	315	372	356	340	323	320	275	220	191	188	226	231	241	285	302	274	257	289	334	320	315	307	284	243	265	263	223	188	173	197	169	182	171	190	172	157	205	177	142	191	190	212	231	312	360	327	352	287	268	247	231	341	425	419	370	346	348	341	297	295	291	255	281	321	323	373	386	392	394	402	452	475	478	474	497	470	390	385	369	426	398	390	386	386	437	352	341	325	265	265	317	280	364	365	383	392	386	310	344	363	288	247	284	290	288	253	277	254	232	185	215	221	204	215	213	184	170	184	168
233	285	342	362	424	386	332	319	292	233	207	246	222	223	213	245	282	246	253	297	313	293	282	283	256	257	286	253	203	198	193	168	185	193	222	183	179	190	184	141	209	255	201	218	294	345	272	247	298	290	250	234	304	357	422	384	359	324	352	331	291	294	289	271	304	302	368	412	384	396	419	462	472	476	477	495	471	439	486	428	370	418	391	345	370	388	329	288	230	218	247	321	283	395	356	351	285	316	314	376	347	275	240	266	279	281	312	323	307	239	200	218	213	240	247	220	178	162	182	177
158	235	318	342	428	415	347	374	344	228	191	217	215	218	208	210	248	234	231	260	273	275	277	288	233	221	233	243	221	278	256	193	187	196	202	162	170	178	174	207	247	272	235	212	235	274	261	191	295	332	259	238	248	295	380	405	337	343	329	407	311	272	328	323	267	223	273	348	377	477	469	459	453	464	459	464	434	439	558	484	436	459	418	326	356	481	386	279	204	173	215	260	265	332	361	350	273	297	287	342	330	300	300	262	263	269	302	368	336	283	265	259	212	240	281	263	182	168	188	160
111	144	189	240	320	300	276	232	199	171	164	194	240	252	226	224	223	218	225	248	260	244	232	258	206	190	197	194	198	220	254	209	188	168	168	167	152	144	158	184	217	220	205	255	261	234	236	260	322	368	311	251	231	242	302	312	287	321	339	286	340	320	334	352	343	280	294	370	376	426	470	476	450	459	465	450	456	495	562	648	557	553	465	377	405	379	366	297	250	186	188	220	246	283	332	354	305	271	296	272	280	273	260	264	258	263	289	363	342	297	298	243	215	215	246	224	213	183	180	149
116	130	188	209	251	233	198	179	184	168	169	177	229	276	281	264	249	213	216	244	258	225	207	248	198	201	204	196	173	165	175	169	157	155	155	143	146	155	157	161	202	213	214	199	243	260	307	314	376	399	407	291	254	331	313	263	271	283	304	357	383	401	394	425	428	372	370	381	391	422	407	456	478	476	473	459	397	405	496	553	591	529	445	357	363	362	364	323	306	236	214	204	227	266	423	421	339	282	244	252	262	243	246	299	305	301	287	333	359	365	295	238	201	205	217	220	206	210	202	181
130	147	147	132	161	174	158	162	204	201	240	246	283	316	270	274	267	242	248	248	226	186	199	221	224	214	182	197	177	151	151	175	168	149	160	138	135	172	193	177	154	174	200	243	279	285	352	321	333	353	355	276	345	322	319	292	295	291	308	321	344	361	373	461	463	405	402	387	388	444	401	435	470	497	473	491	405	410	489	452	471	453	445	311	304	333	380	348	327	260	220	208	218	254	396	356	305	241	229	251	260	267	253	279	308	276	264	262	252	225	232	244	195	212	205	226	204	195	197	161
119	131	117	118	136	162	150	171	274	288	346	408	368	345	337	331	317	263	230	248	201	175	168	179	222	208	200	199	188	188	180	158	154	147	142	132	154	159	158	152	150	152	159	216	269	345	287	261	243	280	328	267	255	259	277	284	268	251	270	261	261	335	346	416	445	453	412	389	410	386	397	428	428	411	457	582	491	498	499	465	450	435	456	341	323	351	402	350	319	264	273	282	243	283	327	342	309	245	259	328	303	280	251	272	270	274	243	206	244	219	260	252	195	182	183	227	221	193	197	154
108	108	123	137	135	137	132	136	201	276	398	546	473	427	393	368	357	298	296	238	221	184	170	171	154	158	170	187	189	183	176	197	175	172	162	133	123	120	128	136	142	159	196	203	242	301	276	245	260	268	285	244	221	283	296	282	292	297	331	266	226	228	254	399	419	450	446	435	396	393	383	404	412	383	408	503	479	473	480	438	389	369	408	377	339	342	381	329	293	268	281	251	342	356	314	340	299	249	257	314	310	271	234	255	252	300	248	217	252	279	262	249	197	186	188	224	239	218	185	153
107	93.6	113	140	143	123	129	128	153	213	282	411	571	520	501	462	440	427	387	243	198	170	166	157	142	148	152	179	179	183	183	186	208	198	188	137	122	116	117	131	132	131	140	170	161	214	295	326	301	338	304	291	285	248	209	254	282	289	338	325	269	248	267	372	442	460	488	455	439	406	411	449	430	370	348	448	455	448	456	420	382	377	371	369	358	371	337	312	276	264	245	236	296	306	285	333	311	251	273	309	306	302	284	269	268	284	238	225	263	266	246	247	224	220	219	213	207	173	172	156
108	112	114	104	121	134	138	153	154	181	239	263	308	422	505	446	402	345	328	266	211	174	162	154	143	131	139	163	169	174	175	206	214	223	183	145	154	133	129	135	165	177	147	133	167	148	249	307	338	304	306	277	215	205	215	218	204	274	342	369	377	344	325	355	403	453	420	412	425	420	401	443	475	369	340	382	480	489	515	388	378	375	334	307	352	378	327	325	317	288	279	260	335	347	336	347	316	285	269	312	294	283	328	283	255	272	250	220	202	250	247	247	229	233	224	238	217	156	175	161
92.6	109	121	106	109	127	158	148	126	161	207	240	191	225	229	301	302	284	265	247	211	197	174	150	143	133	133	155	162	166	179	220	210	211	209	154	176	168	145	149	188	241	168	125	131	148	194	239	284	255	234	184	171	176	216	203	171	208	272	376	407	328	308	325	335	371	356	377	407	397	396	429	423	362	326	380	434	493	494	355	371	390	346	288	310	394	344	301	346	296	305	270	341	411	403	326	300	334	270	290	300	271	296	279	249	256	224	239	196	239	264	243	205	209	240	256	245	189	177	175
68.4	84.2	90.9	85.4	96.5	95	113	136	127	118	128	157	144	161	160	159	187	195	173	168	159	149	136	144	146	133	132	125	131	137	146	164	175	186	187	189	186	176	165	166	181	183	175	187	155	174	176	152	200	240	229	169	165	132	154	149	128	142	147	233	336	295	278	317	328	321	324	362	395	375	340	354	371	359	332	348	361	405	445	342	369	345	314	266	292	311	312	291	319	302	333	280	321	322	336	298	267	255	271	272	286	254	270	294	237	235	233	228	201	225	268	242	207	185	201	220	223	184	160	171
66.1	81.7	94.3	84.7	86.6	95.5	108	149	129	111	114	122	147	126	130	132	131	132	157	163	141	128	123	132	135	139	129	114	111	129	129	153	167	187	198	197	195	179	176	176	201	192	172	201	211	207	199	156	175	230	206	151	165	154	133	114	95.5	114	141	207	241	289	330	325	309	306	349	365	369	333	317	347	386	370	346	363	368	465	475	376	391	324	307	286	324	313	296	286	288	295	317	274	252	274	306	304	283	263	279	315	296	263	296	298	245	228	233	212	223	245	274	238	221	205	205	202	190	182	180	161
66.1	76.7	83.4	85.8	92.6	105	109	137	127	107	110	111	98.4	107	114	118	115	135	160	193	182	161	147	148	134	138	137	126	117	120	120	149	161	185	197	201	188	182	197	196	194	174	176	210	193	204	207	223	179	205	159	142	134	152	133	133	138	128	157	195	230	266	316	303	294	301	315	350	336	322	324	337	354	337	305	320	313	353	373	348	364	321	332	348	287	289	274	274	290	288	318	304	263	309	325	362	369	297	247	302	311	303	311	288	257	235	226	229	248	248	273	273	230	216	228	212	182	196	214	175
61.3	71.9	74.9	73.8	81.3	85.6	82.9	87.3	111	96.5	104	133	123	122	108	129	115	123	160	196	211	192	189	161	149	150	135	122	118	121	119	144	158	177	183	187	194	190	190	209	197	167	174	222	173	228	180	162	180	179	116	101	124	128	166	146	191	240	195	207	239	257	276	313	308	330	335	340	340	340	316	364	352	334	313	272	277	273	287	346	370	365	364	330	315	354	311	286	273	281	324	351	353	376	367	359	376	302	262	311	331	305	280	257	242	265	234	242	249	248	263	262	266	229	252	245	239	221	235	187
37.1	42	39.9	44	52.3	53.9	49.4	55.4	58.7	63.5	69.8	99.4	114	106	90.8	113	108	110	135	172	208	196	168	168	167	160	151	137	130	143	139	133	135	156	164	183	205	194	167	186	187	169	153	175	184	190	188	202	179	195	234	181	159	159	172	189	184	241	250	235	263	255	274	282	275	292	294	287	295	300	290	313	287	308	289	237	224	245	262	341	397	438	429	369	332	358	363	357	330	317	325	356	372	417	370	325	328	299	266	291	313	283	255	259	232	249	245	265	271	270	263	248	253	260	238	232	239	240	230	214
35	30.9	32.3	33.4	51.2	45.9	43.8	47.4	43.7	45.4	56.6	76.3	91.3	98.5	92.5	108	111	114	126	163	193	214	208	193	184	188	186	185	156	158	147	140	141	156	183	180	166	206	176	176	187	213	201	208	190	227	287	212	184	171	179	186	198	185	153	167	196	198	230	237	259	277	275	279	280	291	281	287	291	306	311	309	302	294	303	274	277	264	286	335	377	420	417	417	370	372	404	388	366	324	337	373	399	434	382	333	308	316	272	277	272	281	268	262	244	252	293	282	279	296	284	279	275	286	247	245	251	240	210	226
14.9	16.3	18	24.8	66.4	34.2	34.2	36.6	36.7	38.4	50.9	73.8	86.9	95.2	91.8	106	108	113	112	141	174	205	223	223	194	183	187	194	168	157	136	131	138	162	189	174	160	167	164	196	214	217	239	258	241	236	219	177	181	203	201	169	156	189	171	185	211	217	252	264	274	292	300	284	291	309	294	283	279	298	339	301	266	276	307	293	337	320	329	377	352	381	409	410	427	458	452	399	377	326	337	364	420	452	380	357	326	299	310	320	296	260	252	263	259	295	301	307	314	325	314	291	316	310	291	270	232	232	210	239
11.1	10.7	11	13.4	13	16	18.9	36.1	30.9	36.4	48.5	63.7	70.2	80.2	82.6	95.9	97.9	109	106	120	155	190	219	256	227	203	195	191	170	152	149	157	156	174	190	183	167	162	165	181	208	247	206	191	227	216	188	140	135	155	170	173	169	196	176	196	236	270	286	308	314	299	286	331	285	291	291	280	294	332	355	330	283	304	314	311	345	381	361	361	353	381	445	465	470	470	451	389	372	344	347	331	381	435	383	380	345	343	325	305	278	249	241	262	277	273	280	308	350	370	369	325	315	330	329	282	225	213	222	259
2.64	2.87	6.52	4.5	4.65	5.25	6.52	10.9	13.5	18.7	22	51.2	60.6	72	74	83.8	80.6	81.5	84.7	105	114	154	176	208	208	180	197	230	198	193	214	221	203	207	233	245	253	205	194	210	207	208	196	200	192	191	169	149	151	145	148	178	218	275	229	193	259	282	309	342	332	313	294	295	263	303	273	257	251	302	273	253	298	327	349	319	316	365	310	341	327	367	401	480	486	466	467	424	398	391	332	332	364	393	348	349	343	337	323	267	264	259	244	276	285	296	299	334	374	379	376	328	309	328	351	304	262	244	253	275
1.32	1.68	1.35	2.61	2.67	2.88	3.48	5.92	6.58	11.1	20.4	43.4	52.2	57.8	65.8	75.5	76.3	80	79.8	107	115	126	149	176	174	161	160	180	174	195	273	320	255	241	236	249	301	264	223	228	234	241	245	251	214	193	175	164	165	158	156	195	244	203	246	207	224	263	318	335	328	292	312	244	236	243	255	259	288	252	267	263	281	298	355	342	313	371	332	325	333	375	397	482	471	474	467	459	429	405	327	323	320	330	324	325	339	322	344	330	264	277	286	304	314	340	344	362	403	396	391	341	341	361	390	336	299	268	264	268
0.792	0.956	0.858	1.57	1.45	1.59	1.94	3.51	4.15	7.03	12.1	38.3	45.2	52.4	57.9	67.6	76.2	79.4	79.5	96.1	111	117	125	149	148	145	143	150	151	169	263	377	380	356	385	331	323	356	300	247	225	232	248	266	231	204	178	178	171	176	162	175	182	213	259	203	214	234	286	347	315	273	286	249	214	221	250	251	292	263	261	279	324	294	339	349	328	341	340	328	315	352	394	401	452	415	464	463	425	380	328	322	298	306	323	331	321	318	326	315	292	281	282	314	362	351	396	438	430	415	391	388	388	404	378	342	338	299	278	290
0.71	0.619	0.574	1.42	1.29	1.4	1.79	3.23	3.83	5.4	9.04	24.4	39	45.7	52.1	58.3	73.8	74.1	78.3	95.6	100	105	104	102	110	164	138	126	125	153	216	381	422	447	535	476	362	324	283	257	231	240	258	245	229	193	186	183	171	211	250	209	167	167	179	170	206	226	265	249	256	254	286	269	226	230	253	249	293	273	296	316	339	311	308	320	327	330	303	331	321	319	347	383	403	428	437	414	399	359	336	297	277	294	329	359	369	315	297	293	312	316	297	327	394	392	421	455	462	441	423	401	419	417	390	360	323	317	299	307
0	0.72	0.84	1.71	1.52	1.65	2.1	5.08	5.95	8.19	11.7	17.1	25.3	32.8	36.9	49	65.6	75.5	81.6	86.3	92.1	97.3	90.7	84.7	80.8	103	96.8	104	101	145	196	262	317	428	485	523	434	353	278	256	277	244	223	266	225	182	170	200	154	217	248	171	173	151	143	150	184	202	241	231	245	258	259	264	235	237	258	287	294	254	360	392	344	290	251	284	344	305	288	313	303	287	341	372	432	459	484	453	462	354	333	319	301	334	368	399	352	331	351	316	339	370	350	405	438	448	470	484	490	487	465	441	429	432	420	412	341	325	323	330
0	0	0.78	1.76	1.37	1.69	1.85	4.5	5.34	6.88	9.14	12.2	15.5	22.7	29.5	47.9	63.9	72.5	71.9	105	95.1	93	80.2	73.8	80.8	76.4	87.4	98	113	155	158	189	242	331	429	432	418	309	295	291	304	263	236	221	230	193	171	214	171	144	159	154	140	141	159	159	178	220	257	216	230	261	245	225	223	251	291	257	256	261	336	388	322	274	265	283	308	304	357	331	328	358	366	373	394	401	395	436	426	317	320	358	345	339	371	402	388	360	340	322	330	395	429	459	477	485	520	505	516	508	473	445	441	414	406	392	394	344	314	319
0.12	0	0	1.1	1.14	2.19	2.07	4.16	4.87	6.14	7.33	8.74	9.93	14.1	19.1	40.1	58.7	72.1	66.6	92.7	93.8	93	83	80.4	79.6	73.1	76	77	96.3	141	156	151	196	232	291	289	273	293	296	290	340	282	244	232	233	188	175	179	152	144	137	127	127	134	181	184	205	228	242	243	248	258	234	226	230	273	270	237	250	263	320	355	397	299	310	307	321	342	405	418	405	402	385	336	342	265	286	324	428	317	340	344	358	376	363	381	349	350	345	350	372	399	410	461	501	540	554	538	532	514	484	452	457	413	390	380	401	381	320	297
0	0	0	1.08	1.1	1.78	2.16	4.16	4.59	6.22	6.66	7.41	8.03	11.3	14.9	26.5	42.4	57.2	79.6	90.2	94.9	87.3	93.3	77.5	67.9	69.3	73.4	73.4	77.6	126	144	144	172	187	178	181	194	200	215	235	272	260	235	222	245	196	166	139	130	123	135	132	127	118	141	195	214	220	225	239	247	249	222	245	246	254	278	284	289	294	292	290	293	343	329	321	371	361	447	462	413	424	383	307	376	406	364	319	303	292	414	389	429	465	438	403	343	321	345	372	389	406	443	484	492	538	525	529	527	519	462	422	426	405	396	369	389	389	349	304
