181	191	217	246	199	170	173	155	146	167	200	185	256	271	290	302	294	319	344	262	250	251	255	274	275	266	285	298	284	285	299	279	296	307	294	349	399	377	474	438	432	418	554	455	401	402	466	399	312	287	311	326	280	260	285	294	259	307	325	301	296	295	331	450	423	423	455	404	428	344	312	272	272	258	274	265	306	274	302	314	284	256	235	226	219	257	242	190	184	212	244	207	217	246	239	205	233	223	202	186	202	218	247	253	220	206	205	253	242	214	195	169	170	179	170	176	159	158	172	237
248	288	314	351	270	265	268	193	166	176	218	222	244	223	252	249	235	247	228	205	197	206	208	242	224	215	248	248	255	255	273	293	364	373	407	321	353	427	472	514	624	619	635	536	506	494	508	420	330	307	312	288	253	253	257	209	230	320	294	336	347	393	458	440	436	476	395	345	335	329	324	300	277	305	293	263	251	276	293	315	297	303	292	288	264	268	266	323	286	301	327	331	315	334	298	262	236	223	209	216	217	248	244	275	252	254	247	286	269	263	253	183	187	231	178	174	169	184	189	228
281	327	310	290	276	285	268	199	183	200	255	204	188	227	227	202	200	183	192	192	198	203	219	220	211	220	236	278	268	230	276	298	345	334	363	292	301	346	359	418	474	521	524	418	423	408	404	360	294	294	348	319	286	243	233	198	247	282	301	360	370	372	387	395	390	416	368	310	312	318	371	308	309	286	303	277	254	308	327	334	327	313	325	328	352	308	276	331	377	344	353	360	365	348	293	247	234	228	219	216	198	235	207	245	264	262	262	250	232	227	241	205	230	197	199	188	184	190	177	230
307	304	310	296	286	303	272	196	226	247	269	236	171	214	218	169	157	156	188	222	211	210	212	217	215	226	287	305	261	257	259	262	296	294	324	249	285	343	334	377	372	408	426	381	392	423	368	344	307	308	316	317	240	224	240	194	260	302	311	327	367	401	409	379	383	410	350	338	325	314	322	336	331	305	323	348	309	322	340	372	353	386	335	317	298	313	304	356	430	327	334	396	401	347	302	240	247	244	229	236	218	196	195	246	256	235	245	267	250	238	244	209	185	172	177	180	190	186	180	216
297	319	332	308	325	362	320	243	250	225	247	171	163	179	223	164	159	172	199	222	212	222	222	239	224	235	271	296	282	284	272	277	264	262	311	274	342	317	290	339	343	368	388	404	411	399	371	376	397	368	331	277	250	264	275	181	195	277	293	342	359	430	446	357	349	353	320	338	321	333	350	373	339	311	311	323	332	346	360	373	353	341	326	336	321	293	304	362	370	394	344	395	434	366	346	305	268	247	225	210	182	167	200	290	262	255	282	300	269	245	234	196	182	159	184	180	206	207	197	224
324	341	382	345	363	352	390	269	253	249	237	202	185	187	191	149	140	147	171	227	200	185	200	241	268	252	289	267	269	278	247	239	228	279	271	249	262	233	221	295	277	272	308	409	416	420	418	417	428	417	390	320	308	309	315	262	267	292	294	349	368	458	469	282	295	276	286	310	318	306	303	353	323	295	301	267	256	282	315	302	286	267	299	305	270	249	290	253	271	308	315	264	323	344	363	330	256	208	168	144	113	107	133	201	198	219	235	254	285	224	229	239	237	265	261	250	234	237	237	261
320	350	373	365	360	334	344	254	231	219	214	209	204	219	196	141	136	150	193	210	177	167	195	234	273	285	299	315	285	250	241	209	197	249	216	173	198	231	217	224	194	191	214	340	344	354	367	387	401	385	376	330	315	291	301	272	269	271	280	301	324	410	339	279	280	280	278	278	275	276	277	321	295	284	293	263	255	283	263	293	270	280	288	293	276	243	253	235	258	253	244	247	262	339	298	252	241	208	198	145	104	110	123	168	183	214	202	192	201	207	230	250	254	238	221	232	229	197	194	228
319	356	366	339	342	333	304	269	219	211	234	208	195	209	192	132	135	158	173	190	171	176	215	256	293	283	275	263	277	283	346	294	255	243	233	169	161	194	187	151	158	162	146	284	293	299	317	381	397	347	360	358	319	291	305	283	295	307	312	304	318	352	343	284	297	271	253	278	285	253	268	300	274	275	286	252	277	248	247	260	256	269	245	263	261	240	239	249	254	230	246	315	258	277	278	254	229	203	208	150	119	95.8	105	143	156	145	164	166	177	185	209	252	267	240	246	243	233	201	184	202
323	346	345	324	322	293	303	284	236	218	261	208	190	184	206	151	145	170	160	179	168	201	206	235	257	299	319	292	297	344	364	301	212	208	239	148	131	110	113	116	135	144	123	243	257	268	301	364	365	363	354	357	315	308	320	281	308	369	386	347	328	419	405	304	387	336	333	317	285	264	270	300	278	290	280	296	277	256	254	260	248	251	234	250	238	216	250	226	231	228	262	289	320	238	238	235	204	172	177	136	99	101	85	99.7	109	126	129	160	175	172	203	249	243	270	251	205	201	185	169	192
238	229	205	178	178	189	227	214	217	225	255	243	214	197	231	260	181	163	165	186	181	207	232	287	288	306	348	262	293	334	274	186	181	190	205	169	177	174	184	140	142	126	117	255	265	296	309	381	396	417	372	348	313	345	363	383	368	407	422	361	365	428	484	366	385	368	442	334	300	283	309	327	312	319	305	333	338	338	335	280	247	253	273	225	211	204	217	207	216	238	220	299	331	279	285	288	244	238	240	168	132	126	95.9	87.4	81.8	95.4	102	119	137	129	159	198	159	192	162	148	127	109	113	146
195	181	170	146	186	200	205	174	177	189	217	206	160	162	178	217	157	147	143	158	160	193	230	243	284	318	265	271	276	327	327	224	177	180	164	167	192	190	176	138	151	137	170	247	271	300	367	389	392	376	414	359	356	357	380	418	391	387	415	470	438	397	469	385	363	380	440	356	350	309	304	297	282	287	279	328	308	301	325	310	259	269	303	265	226	210	203	211	217	225	210	300	291	237	282	227	201	247	218	162	147	106	94.8	71.3	75.8	93.8	89.3	89.7	99.5	98.9	137	144	161	167	168	138	130	102	93.9	108
175	167	162	133	148	155	172	132	134	166	220	174	134	135	147	149	136	135	148	165	187	213	250	240	282	275	254	240	314	280	247	248	198	205	180	156	161	174	164	125	132	175	251	250	269	295	331	387	376	374	413	386	384	403	387	438	440	421	438	482	416	427	569	446	379	365	372	353	313	281	284	271	271	273	268	301	319	315	340	292	296	287	293	247	221	198	193	226	212	206	215	291	283	316	242	232	216	240	223	176	131	134	101	66.2	63.9	98.7	78.9	86.1	92.8	117	109	117	136	138	142	123	105	106	107	97.3
151	169	161	132	143	126	138	125	136	169	175	127	113	140	166	151	146	154	172	178	202	265	274	236	241	310	292	239	241	233	192	184	190	167	161	161	171	170	181	171	197	193	219	269	284	322	373	382	384	377	410	410	432	429	429	439	440	444	439	471	441	454	487	481	443	440	375	333	275	270	287	261	267	289	294	291	291	307	320	319	312	280	254	272	264	204	203	208	200	212	225	305	316	294	238	241	283	251	208	174	145	138	117	67.5	71.2	75.2	79.1	83.8	84.9	95.8	94	104	133	111	101	108	107	104	118	111
142	134	149	129	168	155	147	146	152	146	141	152	144	162	181	149	146	168	200	213	207	245	211	182	181	228	266	233	212	172	166	226	239	206	174	131	170	160	237	260	204	223	240	331	329	353	376	420	439	438	442	403	436	451	435	444	443	462	503	504	487	498	541	560	538	523	495	436	393	348	394	314	296	290	300	283	265	299	323	357	364	359	317	327	282	275	261	246	240	275	268	359	412	439	350	379	399	350	307	164	127	149	119	68.4	55.2	61.2	64.1	57.4	63.2	90.5	110	90.9	60.5	62.6	67.4	77.8	85.4	86.5	99.1	87.3
127	118	134	126	143	135	142	150	172	140	136	152	159	180	180	143	147	148	174	237	190	196	206	235	185	218	192	196	186	147	221	201	205	135	133	129	152	160	203	228	239	243	268	337	357	376	377	434	424	444	422	383	401	437	422	443	448	455	530	489	451	434	484	556	487	446	457	449	409	364	344	281	267	243	262	268	261	339	304	352	340	270	287	313	277	279	277	242	228	239	237	335	369	377	408	524	425	335	293	169	138	92	103	70.8	55.9	61.1	54.8	55.5	58.5	59.5	72	62.6	56.7	56.5	53.6	79.4	73.4	69.9	80.2	81.4
122	124	140	131	143	146	155	142	143	133	139	177	157	166	176	145	161	164	184	206	199	163	165	179	164	202	213	196	151	177	207	240	214	124	127	131	140	149	219	220	236	272	347	395	401	407	414	438	438	428	413	391	411	403	394	447	442	440	515	484	433	432	468	552	485	477	483	415	394	357	342	275	264	246	271	253	264	289	301	353	316	275	275	308	271	288	255	226	215	210	234	317	318	368	603	568	454	342	310	174	131	115	85.1	81.8	70.2	62.3	56.8	52.6	59.4	47.7	55.9	45.1	42.9	36.7	44.5	82.4	67.8	69.1	65.9	58.3
119	123	155	136	137	137	145	157	149	174	147	172	150	156	202	164	164	169	208	181	151	161	168	189	201	186	204	184	158	192	180	149	163	122	157	145	164	168	189	214	248	330	445	411	431	459	432	436	439	436	435	383	392	380	381	409	412	429	458	442	409	440	483	541	513	520	587	427	411	356	340	289	267	260	259	220	251	257	269	314	285	274	262	290	259	269	235	242	237	217	245	367	338	407	456	450	395	371	373	239	152	123	111	70.1	58.3	69.5	59.6	58.5	44	46.9	40.8	29.5	27.5	30	34.7	55.4	56.3	58.6	71.7	67.2
150	137	155	153	152	136	127	132	137	151	153	154	148	165	200	176	181	194	230	187	169	161	183	225	209	206	198	230	191	202	192	125	125	117	143	234	272	240	255	269	303	294	299	253	262	295	332	386	423	384	367	315	318	278	308	406	418	365	372	345	345	390	470	488	479	503	532	466	431	403	336	236	193	281	187	197	220	251	225	226	236	245	259	227	208	209	170	228	195	206	200	285	269	380	340	361	262	307	344	248	189	144	114	101	93.7	94.1	62.5	39.8	44.8	33.8	31.7	24.9	18.8	19.1	16.7	22.1	21.2	20.5	28.5	23.3
143	132	149	147	131	131	132	122	135	129	139	150	146	171	183	170	173	182	230	201	173	168	181	191	189	182	182	194	190	218	180	130	147	136	176	245	259	235	259	267	258	271	239	244	268	295	339	376	339	338	332	309	386	275	308	414	380	362	354	368	347	380	432	481	475	477	480	459	422	385	381	258	158	160	176	164	208	238	212	233	214	209	244	191	188	192	195	203	196	203	221	328	344	322	419	409	326	315	297	249	214	156	137	118	99.3	104	97.1	47.6	35.6	28.6	23.1	29.4	19.7	18.4	25.1	20.1	20.5	19.4	26.1	18.5
135	128	133	148	145	135	131	134	178	153	140	146	151	173	177	187	184	203	245	201	186	207	210	189	195	197	206	196	205	209	192	188	169	206	251	270	293	232	283	250	236	298	224	245	269	292	272	304	299	282	306	277	324	323	296	379	352	299	292	362	347	402	443	473	474	454	473	427	451	438	374	245	148	160	152	149	212	222	198	211	184	200	205	165	146	163	181	205	208	213	226	359	348	356	486	427	389	366	385	294	267	187	214	176	125	96.8	86.8	50.5	37.3	44.5	33.4	32.6	29.5	29	33.6	29.2	39.2	38	32.3	8.22
129	147	133	140	152	149	134	142	154	163	155	175	174	171	207	248	233	275	300	231	208	222	231	210	221	219	222	223	217	263	225	236	223	237	204	258	246	216	275	265	270	235	217	225	256	341	265	291	284	303	283	270	315	287	271	376	305	309	333	361	389	407	447	473	438	415	446	394	389	395	314	218	178	167	137	134	193	187	178	184	162	164	188	171	164	149	174	246	211	221	223	345	331	340	399	486	467	430	436	322	192	173	184	152	148	103	76	52.1	37.8	29.6	46.2	32.8	42	59.6	73.5	58.2	51.3	49.6	26.7	11.9
135	162	138	134	157	158	165	182	183	211	197	199	212	177	218	226	280	309	355	204	209	216	205	195	190	160	140	183	198	202	203	190	209	217	232	208	222	168	173	171	170	172	211	235	258	237	234	281	257	292	275	249	229	220	205	267	211	235	201	316	316	282	317	309	316	316	295	271	284	264	251	208	169	153	124	109	91.1	91.6	118	171	171	182	183	209	263	200	251	272	216	213	257	247	274	334	328	296	255	234	223	198	177	156	162	182	177	185	168	145	141	141	141	24.6	30.3	35.9	47.2	49.4	57.6	60.6	38.2	10.2
124	139	127	108	118	135	153	175	170	184	186	208	193	173	230	245	249	233	264	216	209	202	182	179	180	164	167	170	173	176	195	220	190	265	274	187	171	148	160	164	171	181	209	214	246	238	243	323	310	343	275	312	254	238	254	218	221	191	166	230	260	287	319	277	265	280	261	242	234	217	188	191	167	138	102	110	90.5	93.3	115	148	152	181	171	223	248	212	263	222	225	227	240	279	248	353	311	331	285	232	235	164	198	159	167	184	174	171	165	148	147	140	139	23.8	29.5	30.7	35.2	57.8	55.1	48.6	53.6	24.1
109	120	115	105	121	130	170	184	187	210	229	223	224	189	214	214	216	234	256	187	187	197	188	179	173	155	183	198	172	174	204	242	233	246	256	228	196	180	206	193	208	189	217	197	217	226	232	341	334	299	278	293	353	228	234	205	217	165	151	238	202	229	253	237	213	217	204	201	210	179	192	177	153	116	104	97.5	89.3	89.1	86.7	133	148	193	182	250	292	234	246	241	228	238	246	276	272	291	295	324	278	249	230	202	227	187	170	185	202	186	213	173	156	155	146	36.8	24.4	24.4	23.4	37.3	50.8	60.4	52.8	31
95.1	104	106	110	121	137	161	203	191	216	240	232	257	234	237	248	245	273	289	194	180	180	204	188	182	182	191	237	187	201	239	245	276	269	272	217	228	222	210	194	216	200	204	201	238	211	217	299	269	280	295	322	337	349	240	229	228	185	186	278	187	185	179	169	154	156	152	174	184	199	198	168	162	131	103	61.1	66.4	75.3	81.9	134	133	156	198	301	284	259	273	339	285	270	274	412	335	315	292	331	316	291	275	269	242	222	247	217	214	216	201	198	174	172	158	43.2	38.5	44.2	46.9	37.9	56.3	64.7	63.1	51.8
115	132	130	141	154	179	185	226	233	250	296	271	286	261	228	209	199	210	256	215	182	202	225	218	215	211	224	258	242	238	242	238	255	252	270	158	194	166	227	219	210	215	236	192	253	230	244	245	228	212	234	246	255	239	198	176	168	164	134	134	158	211	207	194	159	155	150	147	166	177	146	112	118	124	110	92.4	91.8	88.1	105	123	137	168	201	287	264	329	322	282	386	306	313	319	226	284	254	262	251	267	261	250	222	258	254	235	244	242	249	219	213	207	189	187	178	166	158	138	140	135	147	120
125	128	144	151	147	177	197	224	220	238	272	250	256	276	268	242	195	221	213	194	183	190	202	208	206	211	226	253	258	228	234	225	233	230	236	212	187	193	221	219	202	206	237	202	185	172	204	226	193	190	228	199	232	192	170	143	148	125	186	136	140	173	192	203	171	162	136	129	125	117	117	120	119	103	107	95.1	78.4	81.7	89.2	109	112	135	183	215	219	249	279	254	263	280	274	231	212	190	274	244	239	266	266	256	222	228	244	281	250	242	241	232	223	213	209	203	184	174	168	143	135	139	158	131
127	135	155	181	145	155	198	215	218	229	259	272	314	299	293	287	239	205	191	198	187	184	181	197	199	211	226	255	229	231	237	205	217	249	242	284	188	157	201	215	197	227	216	173	159	147	181	229	215	189	220	218	225	208	175	149	127	126	201	177	125	167	201	204	184	165	139	124	112	101	104	114	110	96.9	95.6	84.5	76.9	79.2	88.6	118	103	123	141	192	220	232	251	233	231	232	254	184	208	190	291	238	227	248	298	235	210	219	216	253	272	251	254	248	236	227	228	216	190	175	170	146	144	143	153	129
146	159	173	158	164	177	190	226	239	241	269	307	293	298	299	238	254	193	210	202	182	182	173	200	205	201	218	253	252	255	268	242	211	227	254	238	245	156	214	223	220	206	210	171	151	145	170	235	199	193	211	234	196	185	203	127	126	122	140	155	136	167	216	206	207	212	175	139	127	113	124	108	96.9	93.5	85.8	79.1	78.6	80.9	92.4	108	104	128	157	200	255	219	259	254	267	241	227	198	177	165	385	252	203	261	250	240	208	224	248	249	274	252	254	269	230	230	223	214	189	193	173	159	150	149	144	72.2
149	154	164	147	162	157	166	169	208	221	286	196	207	246	255	231	197	165	184	171	174	175	178	194	209	203	217	238	256	258	270	279	245	251	289	217	269	237	268	197	213	191	216	164	165	165	170	176	156	149	145	158	191	229	225	267	234	256	249	222	195	168	214	184	198	212	200	171	181	146	104	100	86	81.6	82.2	77.2	71.7	82	88.4	99	118	128	135	146	162	191	246	209	188	192	214	198	176	202	256	212	226	242	251	236	218	216	210	208	202	189	196	193	192	179	182	173	171	177	171	187	193	180	181	236
139	136	144	126	126	141	150	169	239	230	226	184	186	206	205	191	173	150	145	143	133	154	154	194	219	203	205	222	243	256	259	242	232	234	254	233	257	270	305	264	214	191	158	146	164	144	137	148	146	142	142	199	234	254	248	252	245	273	250	236	190	178	193	166	170	166	197	170	185	186	138	110	94.5	86.4	82.2	78.3	76.3	94.6	107	102	112	128	132	140	172	161	190	213	179	178	198	175	185	173	298	216	201	196	203	190	190	192	185	170	159	150	155	169	160	156	156	172	167	153	159	206	208	182	189	253
133	131	142	123	123	125	145	164	184	201	209	174	190	190	195	169	146	141	145	144	116	127	147	242	210	204	227	245	251	269	270	243	236	227	234	225	322	265	246	235	251	180	155	145	198	188	174	122	135	131	143	160	191	221	225	259	252	272	267	239	237	186	160	179	179	168	183	156	153	177	151	139	116	112	87.9	85.1	88.6	80.7	96.1	108	113	121	135	157	173	158	187	171	168	176	173	168	167	167	168	186	180	177	172	165	160	170	166	153	135	128	127	134	126	120	118	136	139	134	141	195	191	188	206	271
133	141	145	129	130	133	141	159	183	195	205	163	142	138	168	133	126	126	130	149	121	105	122	232	248	201	244	271	255	264	249	252	269	242	247	214	271	272	289	258	230	190	163	158	172	207	209	123	107	104	140	150	141	186	203	252	239	276	246	211	204	221	175	188	193	175	178	164	180	158	128	130	120	117	88.7	93.5	97.2	91.3	87	108	103	113	135	152	152	153	171	173	178	183	177	173	161	145	150	157	153	148	143	139	127	131	131	109	109	98	91.9	100	93.8	91	92.3	113	115	117	124	178	177	182	195	270
122	134	148	139	142	147	162	160	184	177	200	160	148	151	169	152	144	148	146	154	142	122	137	183	212	204	230	250	275	276	286	277	268	286	297	240	216	253	253	207	190	168	178	165	170	135	144	106	87.1	84.1	97.8	92.5	79.1	102	134	182	178	168	175	158	197	275	281	286	252	221	214	175	169	145	134	124	103	94.5	96.4	110	111	119	103	110	109	135	150	137	151	148	149	155	170	184	187	124	123	101	106	108	108	95.7	81.2	94.3	83	84.2	74.9	27.7	27.7	18.3	21.8	34.4	36.1	30	33.6	57.2	57.1	62.8	68.2	132	139	142	148	164
112	120	124	124	128	141	148	141	171	165	174	159	146	152	150	130	130	147	142	138	142	124	133	182	175	190	221	223	236	240	258	289	256	265	270	220	201	212	229	206	176	158	158	119	154	126	119	77.7	94.4	86.7	77	76.7	81.6	93.3	96.8	169	167	153	151	168	187	239	249	250	262	251	223	178	148	138	122	113	97.5	85.9	110	137	105	109	120	107	119	150	133	125	114	120	132	128	140	138	146	100	92.8	86.5	101	103	101	95.1	68.8	71.1	70.2	63	58.8	18	18.8	13.8	28	23.2	16.3	16.5	20	35	33.8	42.6	52.1	99	110	113	119	127
104	107	115	119	127	150	148	149	164	161	170	140	134	138	138	126	126	136	138	123	132	119	142	189	168	173	188	209	196	229	265	256	240	244	289	237	208	207	202	182	156	169	121	133	128	145	126	83.6	87.1	75.1	83.3	92.6	113	84.5	99.5	160	159	155	155	155	239	216	290	258	223	231	222	165	149	131	113	99.6	92.2	90.4	94.6	126	115	106	122	101	104	121	126	93.2	98.3	111	115	126	121	115	120	84	74.2	67.7	73.4	70.5	61.9	58.4	51.8	52.8	61.8	52.6	49.8	14.1	11.5	16.1	12.6	10.7	10	9.34	13.2	20.6	21.8	26.5	32.7	83	89.5	88.2	89.4	87.9
108	108	117	121	124	150	157	164	153	159	163	134	129	117	127	130	128	136	141	97.2	110	125	127	140	160	174	181	204	214	203	244	260	218	225	274	265	239	232	240	186	151	133	129	140	124	126	135	90.3	68	84.4	131	131	130	116	106	186	207	151	135	176	227	183	223	245	226	231	259	168	132	125	132	97.6	93.9	97	94.1	135	126	110	127	99.8	95.1	101	105	99.2	114	123	109	111	110	105	96.4	73	62.2	61.5	50.4	48	39.4	42.5	37.4	46.8	56.5	54.7	39.8	19.1	11.9	8.86	6.66	8.02	6.97	6.98	7.73	14.8	15.9	19.8	25.1	57.5	61.3	64	69.5	65.7
108	111	122	103	115	144	156	136	133	133	147	102	99	100	96.9	95.7	99.5	110	114	130	129	149	167	118	133	155	148	119	161	174	196	244	179	156	197	234	232	202	236	204	174	176	177	158	146	119	111	107	103	136	147	251	177	199	194	162	198	198	168	167	176	136	147	162	152	159	144	127	116	114	118	103	93.8	97.4	119	130	124	93.4	68.4	46.6	52.7	67.8	68.6	61.4	96.4	84	63.6	65.4	64.4	65.1	59.4	57.2	41.7	43.2	53.7	47.5	45.4	30.6	27.3	30.1	54.4	50.3	27.3	13.9	6.2	10.9	4.39	5.61	4.43	4.06	4.5	5.58	6.07	8.03	9.4	13.6	16.9	25.1	19	16.6
106	109	113	103	114	121	136	124	143	129	129	99.1	98.5	92.2	90.2	101	95.9	101	105	122	124	144	178	147	143	127	126	114	111	120	157	198	211	179	217	223	199	183	210	215	187	165	182	156	133	128	118	88.4	112	137	173	241	154	150	181	159	190	172	171	151	161	129	122	126	125	152	153	108	126	103	83.6	90.5	74.5	71.7	75.2	71.9	94	84.9	64.2	39.8	68.9	72	49.8	70.5	71	85	75.3	77.8	71.2	71.3	39.4	40.8	35.5	33.6	35.5	30.8	22.3	21.3	20.8	25.9	19.9	23.1	15	10.3	3.37	2.66	2.3	2.92	2.34	2.18	2.42	3.03	3.31	3.91	4.84	7.58	7.2	11.2	8.12	6.73
107	118	136	124	119	118	129	132	129	186	153	100	96.8	84.6	86.4	107	107	105	97.8	111	126	139	208	193	250	203	162	156	124	119	133	157	201	164	202	213	202	173	185	175	196	188	166	149	144	140	124	107	106	103	142	223	153	166	169	145	171	166	186	169	141	145	128	138	154	169	135	68.7	104	98.1	81.2	84.4	67.8	62.8	58.3	77.2	73.2	67.4	56.7	54.8	50.3	42.1	43.3	78.5	65.7	88.7	100	58.8	89.8	46	30.7	41.9	32.2	28.9	31.8	33.7	17.1	15.1	19.9	15.7	18.3	12.6	10.5	5.64	1.74	1.24	1.09	1.4	2.75	1.13	1.26	1.59	1.75	1.97	2.28	2.69	3.01	3.13	3.08	2.77
114	136	128	121	114	116	128	134	127	166	150	103	107	91.3	90.1	96.3	111	102	99.4	109	116	131	162	213	245	198	195	204	179	141	129	137	145	134	138	182	182	170	176	177	172	186	153	161	154	167	126	114	132	119	134	153	149	170	180	163	170	165	164	159	142	126	131	124	147	124	114	83.9	88.8	93.6	57.5	77.7	81	73.4	65.7	66.4	85.2	50.7	48.1	51.8	42.7	37.4	54.2	71.2	58.5	93.2	59	50.5	50.7	43.1	32.2	36.4	30.6	25	22.8	17.1	18.5	22.7	21.9	25.7	14.7	10.7	8.94	8.14	1.36	0.981	0.879	1.16	4.94	0.985	1.09	1.36	1.48	1.74	1.97	2.39	3.12	2.42	2.34	2
96	115	118	82.7	84.5	103	105	112	129	141	147	121	121	115	104	94.8	100	101	101	106	109	119	136	164	211	172	175	202	169	122	136	123	91.5	69	68.6	114	129	178	174	154	173	180	196	175	199	270	260	213	251	165	170	162	150	174	210	133	122	95.4	108	53.1	51.8	43.7	54.8	70.4	81.1	86.5	66.5	78.9	87.9	65.1	62.2	87	86.6	72.6	69.8	103	119	44.5	37.9	13.3	28.1	20.3	36.4	53.2	24.4	20.8	16.7	14.7	33.9	24.8	13.6	43.7	27.9	24.7	25.6	40.6	55.9	45.7	51.5	26.7	16.2	13.8	12.9	1.37	0.932	0.684	0.636	1.3	2.37	1.19	1.34	3.69	3.2	1.82	1.93	2.08	2.17	2.19	2.08	0.666
103	98.4	96.5	81.9	72.9	80.6	98.5	109	114	128	129	114	111	105	104	92	90.1	105	105	109	115	105	114	144	200	173	190	223	173	156	155	89.1	68.5	69.7	57.2	87.1	96	108	138	122	128	139	165	165	164	187	253	207	224	212	174	184	144	152	157	115	122	112	114	62.8	49.6	39.1	72.2	45.2	41.9	40.5	51	86	95.6	86.9	62	85.7	72.9	48.2	38.7	49.8	87.9	49.6	56	28.4	17.3	15.9	15.2	38.1	20	12.4	18.9	11.3	21	21.1	14.1	27.4	32	26.1	27.1	43.9	70.4	71.3	25.8	25.5	25.1	8.49	7.9	0.811	0.559	0.428	0.43	0.959	2.19	0.99	1.05	1.29	1.31	1.4	1.53	1.52	1.3	1.23	1.09	0.32
98.1	95.2	121	101	68.4	75.2	74.4	114	114	123	134	112	110	108	104	92.1	90	109	110	115	115	112	109	131	170	193	182	241	180	160	137	92.7	68.2	66	44.6	83.1	84.5	94.7	110	110	109	113	161	129	132	151	215	225	241	216	213	197	158	149	158	118	144	125	144	123	72.1	40.8	56.8	44.2	35.1	26	45.3	57.3	76.3	95	73.2	79.2	52.5	45.7	49.8	42.9	31.8	66	97	22.9	10.7	11.1	10.2	41.3	46.3	23	23.2	20.2	21.5	22.4	14.4	28.1	34.5	32.5	30.6	48	58.8	41.2	35.4	8.55	6.51	6.04	12.5	0.582	0.45	0.393	0.414	0.959	1	1.04	1.05	1.17	1.18	1.15	1.04	0.924	0.83	0.711	0.564	0.14
88.8	118	123	101	73.3	68.9	77	121	118	120	122	122	121	113	104	93.4	92.7	99.6	115	125	132	103	104	131	145	174	183	241	170	170	170	151	94.1	95.7	72.2	91.6	88.5	114	126	116	101	115	128	141	131	149	167	230	247	309	179	157	155	134	166	108	107	89.9	125	183	91	60.2	63.1	27.5	25.6	29.6	22.5	56.3	54.9	64.8	65.8	86.9	69.8	32.3	39.1	50.1	29.6	33.3	42.4	13.3	47.3	59	27.7	16.5	42.4	12.2	19.2	18.1	35.6	12.2	16.5	41.6	40.8	41.1	34.7	53.8	50.5	37.2	30.9	6.24	2.57	2.34	28.3	0.699	5.3	5.02	0.584	1.31	1.32	1.3	1.26	1.34	1.38	1.2	1.07	0.92	0.785	0.69	0.648	0.125
115	138	127	109	99.5	99.3	116	95.2	120	99.5	102	99.7	117	117	120	86.7	90.5	93.8	125	125	147	102	109	108	149	158	189	199	178	219	194	165	110	138	184	146	139	110	205	126	100	109	128	127	158	154	168	131	141	210	164	95.9	86.2	94.3	107	74.4	65.8	73.6	92.7	79.4	66.7	44.8	59.2	24.2	19.2	21.4	28.2	60.5	51.9	43.4	85.7	150	96.1	35.9	32.2	125	31.8	13.8	19.1	50.3	73.9	78.5	84.3	51.4	28.8	13	21.4	14.6	21.1	9.24	12.1	13.5	13.9	6.83	30.1	14.7	21.1	9.81	35.9	15	21.9	7.88	11	2.74	7.55	2.99	4.72	3.62	3.33	4.14	2.34	1.39	1.29	1.16	1.02	1.03	0.848	0.692	0.655	0.209
118	125	127	108	112	93.8	94	86.5	98.9	109	99.2	94.4	110	107	124	94.6	85.7	102	114	114	119	104	101	146	141	166	135	162	156	175	141	142	109	124	181	136	104	97	158	116	102	95.7	121	129	140	151	185	174	151	138	138	116	94	141	164	74.8	58.4	70.8	57.1	48	70.7	45.2	40.4	11.7	16.3	26.7	13.5	50	40.3	46.1	32	62	64.5	27.1	29.9	55.2	88.6	15.2	37.8	50.1	41	52	90.7	73.1	65.7	34	22.1	12.5	2.85	3.37	12.8	22.6	19.3	12.3	65.5	20.4	9.35	9.23	39.7	3.69	25.9	31.4	29.1	8.43	3.1	3.61	5.32	4.18	4.25	3.88	2.67	1.55	1.41	1.21	1.03	1.09	0.819	2.07	0.472	0.174
126	121	128	116	106	100	93.5	85.3	82.2	87.9	101	86.5	97.4	95.2	103	91.3	93.7	98.5	115	114	106	115	86.9	122	110	131	172	156	152	132	123	85.5	95.3	135	117	88.6	86.8	84.8	108	91.6	67.8	78.4	87.8	107	126	125	123	102	120	128	130	137	110	115	146	60	56.1	56.6	65.4	58.7	51.2	56.6	65.9	17.5	28.1	19.5	21.9	34.3	25.9	29.4	29.6	29.8	37.3	27.6	34.5	90.5	27.9	73.6	60.7	26.3	63.2	87	61.1	33.9	71.8	109	18.6	10	4.04	4.19	6.24	11.6	12.4	4.68	5.55	19.4	8.64	8.41	40.5	8.82	3.43	3.19	14.2	3.27	4.04	6.33	8.32	4.88	4.45	4.63	3.17	1.72	1.48	1.26	1.04	1	0.799	0.536	0.407	0.147
141	134	136	114	113	122	118	96	88.1	87.1	121	111	90.8	88.4	98.4	91.2	95.6	89	92	105	108	97.6	87.9	108	106	105	109	167	207	159	140	94	93.5	119	129	107	123	75.2	77.2	76.5	61.3	90.8	77.9	94.6	106	121	134	95	97.8	100	110	116	107	114	132	52.8	49.4	50.4	54.3	62.1	63.1	76.3	30.5	19.3	43.1	39.6	35.5	20.9	25.5	34.5	44.4	18.5	37.9	64.9	35.1	45.6	87.2	26.1	114	71	110	53.3	59.6	21.3	23.4	49.3	17.5	7.55	12.9	12	11.9	12.5	6.74	5.39	4.21	17	7.26	7.04	18	11.7	8.85	8.71	9.23	4.52	9.07	7.66	8.64	5.37	4.83	3.9	3.35	1.84	1.57	1.31	1.05	0.968	0.659	0.448	0.338	0.121
132	145	146	130	143	143	127	106	106	103	121	98.8	95.9	97.7	102	80.9	82.1	83.8	86.2	76.6	87.2	101	96.5	84.8	110	131	161	191	186	144	175	139	115	124	117	94.8	104	89.3	89.2	70	65.8	86	92.5	92	98.3	96.8	105	118	128	107	104	97	129	99.9	86	71.1	70.9	67.4	51.9	54.3	68.3	61.9	70.4	15.7	6.3	21.9	46.6	65.7	69.9	50.6	24.6	21.6	7.6	42.9	45.4	23.7	21.1	32.8	28.8	62.6	76.1	83.3	64.1	43.7	47.6	41.6	42.7	20.6	26.2	17.6	14.9	4.82	4.19	3.84	3.43	3.28	3.12	3.02	12.9	3.59	6.72	3.81	4.16	4	9.17	6.63	4.68	3.25	3.16	2.95	2.63	0.947	0.913	0.961	1.03	2.61	2.41	2.26	2.16	0.199
124	158	146	127	137	125	115	97.9	101	101	97.3	95.7	97.2	96.9	114	78.4	77.6	85	80.1	76.5	72.5	98.3	92.5	81.9	113	130	159	154	116	111	192	143	121	115	108	93.2	95.1	93.1	96.6	77.1	76.3	80.6	81.8	89.9	113	103	106	106	112	117	100	87.4	87.3	78.9	69.9	89.2	83.1	52.4	42.5	55.3	60.5	48.1	76.6	34.9	6.89	30.6	24.2	51.8	42.1	34.3	23	12.7	12.8	13.2	11.2	8.88	19.4	14.1	21.6	45.8	34.4	75.3	69.2	43	48	52.6	38.3	38.1	24.9	15.4	12.9	12.4	3.47	3.25	10.3	10.1	2.66	2.6	15.5	5.74	5.17	4.31	4.32	4.29	4.73	4.95	4.84	3.54	3.45	3.22	2.82	0.935	0.771	0.995	1.09	2.86	2.79	2.9	2.65	0.323
126	123	128	127	120	121	114	97	99	96.6	95.7	102	102	102	128	80.9	77.4	77.8	76.2	68.7	79.8	63.9	81.3	95.4	83.1	90.1	111	119	118	115	128	114	115	140	114	97.7	96.3	86.8	87.2	72.1	65.8	65.6	68.7	95.8	105	106	105	99.3	87.8	111	99.3	105	76.9	88.7	105	82	86.4	66.2	37.2	28.9	29.2	32.7	40.8	6.36	6.45	15.4	35.2	64.1	46.3	39.7	21.1	11	8.43	26.1	30.1	121	38.8	21.7	3.08	24.8	24.6	44.8	57.5	48	54.4	40.1	40.1	19.7	18	14.5	11.4	10.7	9.4	12.7	10.8	2.39	2.28	2.23	2.19	3.39	3.35	3.66	4.32	4.14	4.61	4.81	4.75	3.49	3.43	3.2	2.78	0.911	0.745	1.01	1.18	3.46	3.48	3.55	3.52	0.705
115	110	123	131	127	133	145	105	101	101	97.1	106	106	106	106	95.4	85.8	82	77.3	78.9	66	74.4	68.2	73.9	66.9	79.1	90	108	111	114	140	139	122	112	146	111	98.4	82.7	101	89.7	74.6	62.5	65.7	97.5	97.2	97.3	101	110	97.7	105	103	100	102	94.2	124	66.1	43.7	36.3	23.6	18.7	19	27.7	30.9	13.3	40.9	56.2	29.3	47.1	37.1	35.1	19.2	8.76	15.3	22.5	19.9	50.2	23.2	25.3	7.49	12.4	28.7	32.5	45.8	35.7	54.4	37.7	40	21.7	15.4	11.8	13.7	9.81	13.7	2.08	1.81	1.9	1.81	1.75	18.4	2.66	2.84	7.65	7.64	7.44	3.97	4.18	4.31	3.1	3.11	2.89	2.5	0.811	0.755	0.755	0.849	3.41	3.45	3.63	3.62	0.954
77	85.7	109	142	137	148	163	123	123	124	128	112	106	101	99.8	73.2	69.1	64.2	60.2	62.1	60.7	70.6	78.7	59.6	52	56	62.3	63.4	63.5	70.1	67.2	86.8	91.5	90	106	70.4	73	72	84.7	90.5	66.8	65.7	71.6	105	75.8	75.3	75.3	87.4	71.2	67.2	72.2	48.5	43.9	46.6	84.9	70.5	49.5	33.7	25.8	17.3	10.8	18.5	17.7	16.2	33.8	35.2	37.6	46.4	28.8	27.1	20.6	15.8	15.6	12.6	12	20.3	27.6	8.69	3.58	2.6	2.27	3.66	6.85	9.29	44.3	55.8	26.5	2.12	1.74	1.69	13.4	11.1	1.53	4.14	1.32	1.45	1.42	1.35	2.25	2.1	1.72	6.79	2.13	2.5	2.82	2.99	3.13	2.68	2.67	2.51	2.15	1.47	1.15	0.881	0.662	0.294	0.488	0.632	0.816	0.405
74.5	84.3	96.8	134	141	155	164	128	130	133	138	128	118	103	98	78.9	66.7	63.8	61.3	57.7	72.8	71	58.8	53	49.9	50.9	56.4	61.9	86.7	71.3	67	75.7	78.7	80.3	93.8	69	63.9	66.8	68.6	87.1	67.7	60	65.5	78.5	66.5	67.2	72.1	74.3	70.3	67.6	61	46.3	35.2	43.8	119	66.9	45.8	34.8	29.1	21.9	15.2	9.57	11.7	19.1	23.1	20.3	15.7	33.9	32.7	38.4	29.4	13.4	10.8	9.28	8.02	13.6	10.3	3.64	2.8	9.63	1	10.8	3.22	6.52	45.1	46.7	7.89	0.982	0.982	2.73	1.6	1	1.4	18.3	1.28	1.19	1.18	1.18	1.87	1.31	1.27	1.37	1.64	2.12	2.25	2.44	2.52	2.27	2.33	2.21	1.87	1.34	0.998	0.716	0.582	0.317	0.395	0.578	0.689	0.537
77.8	87.8	98.1	160	153	165	171	138	148	149	154	132	125	108	102	82.8	74.3	63.8	69.1	62.8	80.8	81	64.5	50.9	41.2	40.3	49.5	59.6	55.1	70	62.2	65.6	69.8	75.3	77.9	63.3	60.8	57.5	59	77.1	61.5	56.4	57.7	70.9	64.6	75.1	71.8	73.9	77.2	69	62.5	46	37.6	34.7	59.2	72.8	45.2	34.3	34.3	23.1	22.8	22.6	17.6	24.3	24.3	25.9	10.9	18.4	18	12.3	32.5	17	8.83	12.4	6.25	10.9	9.39	3.35	2.22	1.09	9.41	6.78	1.3	4.4	39.2	31.9	16.5	0.6	1.15	0.577	0.435	1.25	0.87	0.857	0.833	1.11	13.1	7.96	6.53	1.01	0.945	1.05	1.26	1.54	1.8	1.93	2.04	1.87	1.97	1.88	1.56	1.03	0.995	0.593	0.583	0.395	0.51	0.726	0.86	0.682
73.3	85.4	95.5	142	153	175	167	143	179	183	172	151	134	122	113	84.9	72.9	65.3	60.3	60.2	68.3	90.8	90.1	56.8	38.4	37.2	45.9	51.8	49.7	48.3	46.2	54.4	61.4	69.9	74.6	64.4	56.7	53.3	54.4	66.3	56.5	55.4	57.5	80.9	58.2	54.9	61.3	73.5	64.6	75.3	70	49.4	42.3	41.7	35	59.8	50.1	42.1	38.1	24.2	12.8	8.42	8.03	17.6	11.3	9.6	6.4	9.44	6.12	6.35	24.4	22	20.3	16.6	6.03	9.85	5.75	2.36	2.82	2.94	4.76	3.62	0.972	13.3	3.71	4.87	3.97	1.27	1.26	0.404	0.359	0.811	0.795	0.772	0.77	0.935	13	11.3	8.22	5.19	0.741	0.808	0.976	1.19	1.37	1.49	1.58	1.46	1.54	1.46	1.22	0.8	0.589	1.3	1.71	0.456	0.597	0.846	0.979	0.77
98.8	103	117	117	129	146	154	146	169	177	185	137	130	125	120	89.4	90.7	82.6	67.1	57.9	59	68.9	77.4	64.3	44.2	47.8	53.3	46.2	46.4	50	47.8	38.7	37.8	44.1	64.1	55.5	48.7	46.6	52.1	45.4	47.1	48.5	47.8	61.7	64.8	71.7	75.7	79.1	56.3	72.1	59.6	37.3	34.8	51.6	47.1	32.3	28.4	25.2	26.1	20.1	13.3	12	9.93	16.6	10.1	8.54	6.7	12.1	10.3	9.45	13.9	13.6	15.1	13.8	14	10	5.49	6.07	7.6	8.79	15.5	6.7	17.8	4.34	2.36	13.7	5.37	12	0.889	2.4	0.522	0.744	0.722	0.692	0.653	0.971	3.68	3.48	3.11	2.15	0.389	0.413	0.498	0.651	0.746	0.817	0.87	0.284	0.303	0.289	0.239	12.3	14.8	8.4	2.49	1.14	0.69	0.94	1.12	0.879
105	101	104	114	129	140	140	131	143	157	159	156	127	121	124	99.9	88.1	87.2	65.4	60.1	56.1	57.2	52.1	45.6	45.9	50.9	52.2	44.5	44.6	47.1	46	38.3	37	36.8	59.7	46.6	45	41.5	39.8	37.7	41	41.6	48.6	51.7	59.9	72.3	73.8	64.1	58	42.3	43.1	33	37.1	43.5	46.5	31.1	29	27.7	33.5	29.1	15	12.1	7.13	9.65	8.54	6.77	8.78	15	10.8	13	8.84	7.27	7.55	12.6	14.7	8.71	5.79	5.22	5.64	7.8	7.84	7.27	6.87	1.28	1.3	1.52	1.73	1.86	0.732	0.364	0.36	0.677	0.646	0.606	0.561	0.81	0.735	0.656	0.574	0.288	0.239	0.239	0.286	0.372	0.424	0.468	0.505	0.17	0.183	0.173	0.141	0.161	0.111	8.2	10.4	1.15	0.794	1.05	1.26	0.987
101	99.5	108	103	112	121	134	138	147	147	148	143	126	120	119	102	79	76.4	83.5	74.6	63.2	55.5	64.5	50.8	42.4	44.3	45.2	44.7	44	44.1	48	44.9	38.8	38.6	37.1	44.6	42.2	38	33.7	34.2	34.1	35.2	40.4	50.9	61.7	64.7	71.8	54.3	55	38.2	35.8	32.1	35	34.4	39.1	38.4	33	34.8	34.4	21.2	18.3	13.8	9.38	9.49	8.64	6.16	6.05	15.2	13.1	9.47	8.44	4.88	8.7	8.82	7.05	7.21	4.79	4.54	4.72	7	6.22	6	5.46	9.94	0.904	1.02	1.58	1.75	0.312	0.717	0.283	0.584	0.553	0.511	0.466	0.655	0.581	0.501	1.96	2.14	0.146	0.134	0.159	0.206	0.233	0.26	0.288	0.0989	0.109	0.103	0.0832	0.0937	0.0838	0.406	0.644	0.674	0.907	1.16	1.38	1.09
109	110	110	103	123	124	129	128	144	139	148	138	137	115	103	93.9	87.1	83.9	87.8	75.9	71.4	59.3	68.6	59.1	50.1	48	47.3	44.7	44.7	44	44.5	42.4	41.4	39.7	36.3	40.4	39.5	34.3	33.9	34.7	31.9	35.6	36.3	55.7	58.2	61.1	67.8	53.7	43.5	36.1	29.7	32.8	47.2	38.2	31.4	24	44.9	40.5	44.1	26.3	21.3	17.6	13.8	11.4	7.94	6.8	6.55	19.6	14.2	12.2	11.6	4.5	4.86	5.44	6.45	6.02	4.02	3.81	4	6.13	5.41	4.94	9.34	17.5	0.779	0.816	0.829	0.335	1.09	0.239	0.148	0.465	0.439	0.406	0.366	0.512	0.449	0.385	1.7	1.91	0.111	0.101	0.119	0.154	0.173	0.195	0.219	0.0761	0.0849	0.0818	0.0687	0.082	7.9	0.513	0.754	0.749	0.996	1.26	1.51	1.18
130	138	138	74.2	76.1	85.2	88.1	75.5	81.5	102	135	107	112	99.7	84.2	83.5	81.6	79.2	77.8	85.9	79.5	75	71.6	68.3	65.1	63.3	57.8	57	54.9	54.2	53.8	44.9	45.2	44.1	43.4	32.1	27.8	25	23	35.7	34.1	40.7	41	54.3	66.3	69.5	77.5	70.1	71	72.3	64.9	43.7	49.3	51.6	27.5	19	18.7	17.4	18.7	17	22	11.2	8.1	9.17	7.78	7.07	6.16	12.4	9.75	11.8	8.12	3.63	1.82	1.52	1.33	0.747	0.656	0.591	3.37	0.072	0.651	0.0243	0.0259	1.89	2.09	2.28	2.44	2.28	0.845	0.707	0.776	0.555	0.588	0.674	0.681	0.374	0.235	0.148	0.122	0.0636	0.0468	0.0418	0.0488	0.0507	0.0568	0.0648	0.075	0.721	0.751	1.03	1.16	0.835	0.78	0.894	0.9	0.707	0.849	1.12	1.3	1.1
107	132	119	72	81.2	74.3	80.6	71.8	71.9	83	112	115	88	82.5	75.9	76.1	69.2	78.4	70.8	89.6	80.5	82.7	78.8	71.5	71.8	65.4	64.8	59.9	55.7	56.3	54.1	43.6	42.5	43.5	41.4	30.6	27.7	26.8	24.2	27	29.8	37.5	39.5	49.1	51.9	55	61.2	50.9	56.6	58.3	49.8	32.4	37	39.8	30.6	17.3	22.3	19.8	17.2	18.1	17.4	10.4	8.51	8.5	7.6	9.46	14.7	14.9	11.1	5.13	4.24	2.19	1.88	1.59	1.2	0.52	1.55	1.91	0.325	0.0469	0.289	0.696	0.0165	1.64	1.83	2	2.1	0.771	0.684	0.581	0.565	0.443	0.426	0.531	0.549	0.267	0.932	0.83	0.0681	0.0349	0.0249	0.0212	0.024	0.0242	0.0266	0.0319	0.0403	0.746	0.787	1.11	1.23	0.852	0.828	0.914	0.948	4.85	1.95	1.17	1.36	1.26
79.3	95.1	106	72	74.8	72.1	61.5	62.7	61.5	77	68.7	79.1	86.4	87.4	75.3	80.5	74.1	73.3	66.9	93.8	86.6	87.8	88	77	70	67.6	73.9	69.1	57.2	57.9	61	45.3	42.4	43.5	42.6	31.4	29.4	26.4	24.3	22.2	29.5	32.2	35.4	45	44.9	50.1	49.1	46.2	40.4	42.8	35.3	28.2	26.8	22.9	25.6	22.1	22.1	24.4	17.6	13.6	9.49	8.45	7.82	9.2	6.14	6.36	7.94	9.91	7.24	4.76	3.55	3.49	2.28	2.71	1.51	0.458	0.756	0.291	0.208	0.0717	0.157	0.611	1.35	2.82	1.46	1.65	1.71	0.671	0.562	0.32	0.461	0.352	0.35	0.409	0.509	0.189	0.144	0.0447	0.036	0.018	0.0122	0.00972	0.0106	0.11	0.114	0.0584	0.0241	0.799	0.853	1.2	1.32	0.933	0.91	0.999	1.03	0.905	0.966	1.24	1.44	1.33
72.8	91.3	79.3	65.1	80.5	55.6	48.9	54.8	57	54.5	59.9	62.7	60	89.9	108	121	72.1	62.9	63.8	91.6	87.6	95.3	133	95.9	72.2	67.5	70.6	62.8	59.5	69.8	72.4	44	42.6	44.6	48.4	33.4	30.7	27.7	25.8	23.3	36.8	30	32.9	49.9	51.2	47.4	52.3	50.3	48	35.5	38.7	29.7	27.5	22	23.4	20.9	15.6	17.6	16	13.7	9.41	8.11	7.69	11.5	9.32	7.64	8.13	7.32	6.67	4.87	3.67	3.35	2.99	3.06	2.1	0.583	0.418	0.303	0.239	0.132	0.182	0.604	3.27	2.74	2.79	1.65	1.72	0.608	0.556	0.31	0.398	0.372	0.409	0.402	0.482	0.208	0.124	0.032	0.0257	0.0128	0.00871	0.00733	0.0087	0.00911	0.0889	0.016	0.0263	0.822	0.839	1.19	1.32	0.968	0.989	1.08	1.12	0.965	1.03	1.32	1.54	1.4
33.4	66.9	54.6	40.8	41.1	58.7	64.3	54.1	57.9	52.4	43.4	75.9	77.2	100	87	88.9	91.8	93.7	95	101	102	107	115	137	116	96.7	95.5	92.9	90.6	94.1	98.5	57.9	53	52.7	59	46.7	40.6	36.1	34.8	31.5	34.6	30.9	29.7	46.7	64.5	66	72.8	55.9	66.5	45.1	40.1	32.8	31.4	25.3	27	22.7	23.9	21	15.8	11.4	10.4	10.2	9.97	11.6	13.4	14.6	10.7	5.97	8.72	6.42	5.46	4.84	4.39	3.87	3.64	1.76	1.23	0.901	0.679	0.257	0.129	0.0577	0.042	0	0.238	0	0	0	0	0	0	0.0207	0.0033	0.0179	0.00254	0	0	0	0	0	0	0	0	0.0161	0.733	0.0467	0.0587	0.251	0.11	0.198	0.314	0.571	0.751	0.926	1.05	1.46	1.66	1.88	2.13	1.89
20.3	49.3	44.2	37.3	31.2	38.2	33	39.8	35.1	36.2	35.6	72.7	73.6	79.2	75.4	88.1	85.6	90.8	99.9	100	108	106	105	131	121	111	96.4	94	94.3	90.3	96.9	75	91.4	62.7	59	50.8	42.8	36.6	35.5	32.7	30.3	29.1	30.3	46.4	54.3	52.5	54.1	50.6	51.1	38.8	36	29	26.3	27	23.8	23	20.5	22.9	18.4	12	12.6	9.39	9.23	13.8	15	15.8	9.52	6.01	6.73	7.21	5.2	5.68	5.2	4.64	4.71	2.21	1.62	1.18	0.886	0.336	0.168	0.0732	0.0526	0	0	0	0	0	0	0	0	0.00126	0.00125	0.00115	0.000957	0	0	0	0	0	0	0	0	0.0135	0.0178	0.0345	0.0634	0.0936	0.123	0.18	0.313	0.635	0.841	1.03	1.16	1.56	1.77	1.99	2.26	1.98
7.79	39.5	43.1	38	17.4	19.5	25.6	21.8	19.8	21.2	25.8	61.8	61	67.9	65.7	81.2	93.3	100	118	125	101	104	103	118	112	104	100	99	98.1	96.4	93	73.8	72.5	63.5	59.9	52.4	54.9	42.6	39.9	35	32.5	27.8	27.1	33.3	42.6	56.5	54.8	56.3	47.8	41.9	35.9	24.5	24.3	24.3	23.3	19.3	18.7	21.1	18	12.8	13.8	9.34	8.92	16.3	12.9	12.3	11.2	6.7	8.75	6.1	7.87	6.49	6.05	6.19	6.79	2.7	2.05	1.49	1.12	0.428	0.21	0.089	0.0636	0	0	0	0	0	0	0	0	0.000145	0.000202	0.000202	0.000144	0	0	0	0.00946	0	0	0	0	0.0114	0.016	0.0326	0.0615	0.0916	0.121	0.202	0.347	0.69	0.916	1.11	1.24	1.64	1.86	2.1	2.39	2.08
1.97	5.77	31.5	79.1	36.3	20.7	19.1	30.7	28	18.2	21.7	48.1	49.4	51.9	54.2	70.5	94.6	140	128	117	95.8	97.8	100	120	111	104	104	101	95	95.4	94.6	75.4	69.7	62.5	57.5	50	55.9	50.7	44.6	37.2	34.9	31.2	31.3	30.2	33	49.7	59.8	46.8	49.5	43	41.1	24.2	22.3	22.8	22.6	20.6	19.1	22.8	15.9	11.8	13.9	11	11.4	19.8	16	13.8	12.9	14.3	7.04	6.65	6.08	7.27	6.9	6.57	7.5	3.17	2.47	1.84	1.39	0.531	0.257	0.105	0.0751	0	0	0	0	0	0	0	0	0.000103	0.000144	0.000145	0.000104	0	0	0	0	0	0	0	0	0.00998	0.0139	0.0283	0.0531	0.227	0.267	0.351	0.32	0.679	0.918	1.12	1.27	1.68	1.9	2.18	2.53	2.3
4.81	2.8	5.82	13.6	14.7	17.9	14.4	22.8	33.1	26.9	35.7	62.5	78	85.2	102	97.5	98.4	114	119	95.8	98.5	96.8	103	89.7	80.7	75.1	69.3	73.1	83.6	101	102	89.2	84.8	90.1	95.3	70.5	69.3	65.9	62.4	63.1	59.1	55.5	51.8	35.4	34.8	35.7	36	52.9	47.7	42.7	54.2	39.9	34.9	35.1	34.7	40.7	39.6	46	43.3	44.7	41.9	44.4	41.1	29.7	26.5	21.1	18.8	10.7	8.56	6.99	6.18	6.89	6.68	6.23	5.52	1.18	0.975	0.776	0.59	0.625	0.301	0.12	0.0856	0	0	0	0	0	0	0	0	0	0	0	0	0	0	0	0	0	0.0218	0	0	0.00399	0.00559	0.0112	0.0209	0.0435	0.0573	0.0918	0.205	0.694	0.942	1.14	1.27	1.27	1.43	1.65	1.96	2.29
5.1	2.75	3.15	4.36	5.73	7.56	10.8	12.3	30.6	30.9	32	58.2	68.5	76.9	101	106	95.9	96.4	106	77.4	87.6	90.1	97.3	94.1	80.2	68.6	66.9	69.5	70.1	82.5	89.2	85.4	84.5	86.3	87.9	82.7	68	66.3	62.8	68.6	63.6	58.9	54.7	35.7	36.1	33.1	38.1	45.9	38.8	38.2	41.3	36.1	38	38.4	34.6	38.1	34.8	41.8	43	48	43.2	43.3	40.6	32.5	27.6	23.4	18.4	17.5	10.6	12.9	10.4	8.4	7.65	7.2	6.42	1.33	1.12	0.895	0.681	0.726	0.347	0.136	0.0972	0	0	0	0	0	0	0	0.0201	0	0	0.0209	1.27	0.766	0	0.956	0	0	0	0	0	0.00331	0.00464	0.00917	0.017	0.0351	0.0462	0.0816	0.209	0.69	0.946	1.15	1.31	1.31	1.49	1.75	2.1	2.31
4.47	3.34	3.4	6.19	7.92	6.34	9.76	9.37	16.8	25.8	23.1	63.1	67.5	74.8	88.4	110	134	106	114	86.8	84.9	88.9	95.7	88.9	83	67	57.4	63	62.8	72	80.1	82.2	83.6	87.4	87.9	87.1	70.7	65.6	63.5	78.7	72.4	65.1	60	32.6	34.7	32.9	32.5	40.8	40.8	38.4	39.2	35.1	41.5	38.7	33.7	32.8	33.1	34.8	38.8	53.8	47.6	43.1	39.5	32.7	27	23.5	22.9	23.6	15.4	11.9	10.7	11.1	8.8	8.01	7.17	1.45	1.23	1	0.766	0.817	0.389	0.15	0.107	0	0	0	0	0	0	0	0	0	0	0.0211	0.0206	0	0	0	0	0	0	0	0	0.0101	0.00964	0.0121	0.0174	0.0323	0.0396	0.0872	0.218	0.639	0.88	1.08	1.23	1.25	1.43	1.72	2.1	2.35
2.91	2.67	5.54	10.4	11.1	6.18	8.65	8.26	10	17	26.8	65.6	80.9	91	101	112	121	112	101	94.5	85.5	93.1	97.4	91.3	75.9	70.9	79.5	69.8	61.7	60.3	73.7	82.3	81.4	79.6	79.8	71.1	69.5	66.8	64	87.8	79	72.1	66.6	36.8	37.7	31.2	33.4	39.8	40.5	43.1	49.3	39.2	38.5	36.7	33.6	30.8	31.2	28	34.3	67	51.4	47.1	44.7	37.7	30.4	26.4	23	23.2	17.8	15.6	16.2	11.8	10.5	10	8.52	1.58	1.34	1.09	0.836	0.972	0.428	0.161	0.115	0.192	0.0984	0.103	0	0	0	0	0	0	0	0	0	0	0	0	0	0	0	0	0	0.0243	0.0206	0.0199	0.0222	0.037	0.0608	0.143	0.261	0.567	0.769	0.945	1.09	1.11	1.29	2.73	2.01	2.35
2.29	2.32	4.89	59	11.1	6.41	4.95	10.1	4.96	8.08	19.6	52.6	78.8	91.3	90.1	126	149	149	158	135	133	136	126	93.3	80.9	79	80.3	61.1	59.3	58.6	56.3	58.7	59.6	61.8	68.1	77.4	85.7	88.5	90.9	94.6	88.4	84.5	81.9	64.3	53.8	45.5	46.7	35.6	32.3	38.5	39.4	39.9	41.7	25.5	21.2	32.3	31.6	35.1	38.4	49.2	55.2	69.2	80.6	45.5	46.5	46.1	45.5	27.4	27.1	22.6	21.5	17.1	17.6	13.8	12.6	1.55	1.32	1.08	0.831	1.85	1.26	0.888	0.801	0.553	0.403	0.319	0.248	0	0.0355	0.0206	0.0724	0.00306	0.00433	0.00659	0.00985	0.0541	0.0677	0.0777	0.0849	0.0912	0.0977	0.0948	0.0819	0.0835	0.0686	0.062	0.0625	0.0522	0.0644	0.118	0.197	0.351	0.48	0.606	0.725	0.795	1.92	2.25	1.68	1.97
1.97	4.73	2.61	25.5	42.6	3.59	3.64	5.51	5.13	27.5	44.8	45.7	50.6	72.2	75.3	107	130	129	135	120	116	116	114	90	82	79.7	73.1	59.5	56.7	55.9	54.2	55.9	53.8	57.9	61.7	76.3	82.4	84.7	86.5	92.1	86.5	82.5	80.2	66.8	56.3	49.7	44	34.6	35.8	40.1	44.4	25.5	25.4	18.4	21.2	29.4	32	34.7	37.9	53.4	54.4	60.9	68.3	55.4	46.7	49.3	47.1	29.7	26.5	25.7	23.3	21.6	19.5	15.4	14.2	1.65	1.41	1.16	0.896	2	1.35	0.947	0.841	0.659	0.424	0.338	0.263	0	0	0	0	0.00428	0.00602	0.00922	0.0138	0.0759	0.109	0.109	0.119	0.127	0.137	0.132	0.126	0.12	0.101	0.0898	0.0843	0.0693	0.0778	0.123	0.187	0.291	0.393	0.541	0.638	0.741	0.939	2.19	1.62	1.94
3.91	1.78	1.83	1.93	2.47	2.09	2.67	10.4	7.3	38.8	51.9	49	50.6	52.9	58.3	81.6	98.5	106	118	110	104	102	104	83.4	80.7	77.2	70.9	60.7	57.7	53.6	58.3	59.6	61.1	55	57.6	72.5	74	78.5	80.9	88.8	86.2	80.1	78.7	66.7	70.3	63.1	53.2	40.4	41.6	36.6	34.6	23	22	20.4	31.1	37.6	49.7	38.3	32.3	49.4	56.2	49.6	61.9	52.2	52.5	50.8	49.6	36.1	28.7	27	24.8	22	20.8	16.2	15.4	1.88	1.53	1.24	0.96	2.15	1.44	1	0.857	0.723	0.495	0.437	0.351	0	0	0.35	0.251	0.49	0.0105	0.0154	0.0222	0.12	0.148	0.17	0.188	0.204	0.22	0.215	0.187	0.194	0.163	0.147	0.136	0.109	0.115	0.156	0.229	0.287	0.37	0.461	0.562	0.713	0.907	1.2	1.6	1.92
6.63	5.42	1.99	3.4	1.97	1.91	2.38	12.7	9.47	19.7	35.3	63.3	47.4	80	65.2	69	74.4	88.6	98.9	102	95.4	97.7	96.4	81	79	81.3	79.9	66	61	54.1	57.2	56.3	51.7	55.4	55.2	70.6	72.4	76.9	81.4	86.3	90.3	84.3	78.8	83.7	73.3	61.7	55.7	44.6	46.2	35.4	33.1	23.4	23	21.1	28.9	48.2	29.4	31.3	27.1	44.6	46.4	55	63.5	60	56.1	53.2	50.4	46.4	35	28.1	30.5	28	25.1	22.4	16.6	7.46	1.74	5.09	1.03	2.32	1.57	1.09	1	1.02	0.554	0.416	0.332	0	0.106	0.572	0.108	0.0129	0.0177	0.0251	0.0352	0.187	0.228	0.263	0.292	0.319	0.349	0.567	0.305	0.321	0.275	0.239	0.236	0.369	0.369	0.409	0.456	0.332	0.405	0.483	0.57	0.714	0.901	1.2	1.6	1.91
4.16	4.6	4.51	2.38	2.51	2.6	2.72	5.53	6.37	7.45	10.1	41.2	36.7	38.9	39.8	35.7	28.9	25	25.6	33.7	37.7	43.6	54	84.3	104	101	99.4	76.1	87.9	78.4	79.6	69.3	62.1	60.5	60.6	71.3	78.5	84.4	85.3	88	89.5	105	84.3	64.9	59.9	50.5	55.3	37.4	35.2	29.6	26.1	37.2	53.7	13.8	11	26.6	11.6	12.2	29.5	62.2	55.5	64.2	77.1	52.5	51.3	56.1	65.4	47.1	44.6	36.9	38.7	28.6	28	25.1	21	16.1	14	8.79	6.17	3.16	1.65	0.776	0.559	0.449	0.33	0.182	0.0657	0.00848	0.00675	0.762	0.403	0.0854	0.116	0.162	0.223	0.425	0.516	0.597	0.668	0.901	0.984	0.974	0.872	0.824	0.714	0.619	0.549	0.771	0.711	0.704	0.795	0.446	0.499	0.547	0.599	0.704	0.882	1.16	1.55	1.93
3.66	3.89	4.03	2.32	2.41	2.74	2.6	4.23	5.75	6.66	11.5	26.4	22.5	25.3	27.2	29.4	26.5	29.8	28.6	27	30.1	36.7	46.6	83.8	101	104	99	75.2	80.9	77.9	76.1	66.7	62.3	60.9	62.2	74.8	85	90.5	95.1	94.1	84.4	95.8	90.6	75.5	63.3	57.5	56.8	36.2	36.8	31.4	29.3	36.4	68.3	16.8	12.2	26.7	11.1	14.8	14.7	34.4	34.4	53.1	67.7	47	46.5	49.5	60.3	47	43.1	43.5	34.8	30	29.4	29	26.5	16.4	18.6	9.78	8.26	3.42	1.85	0.916	0.661	0.441	0.269	0.175	0.0643	0.0114	0.0093	0.123	0.108	0.261	0.149	0.207	0.284	0.536	0.651	0.75	0.84	1.14	1.25	1.23	1.11	1.06	0.924	0.797	0.692	0.825	0.802	0.785	0.876	0.505	0.542	0.574	0.613	0.711	0.879	1.15	1.53	1.9
3.09	3.48	3.02	2.3	2.83	3.3	2.91	3.75	4.69	6.15	7.17	19.2	19.8	21.5	23.9	21.9	22.4	36.9	37	22.5	25.2	31.2	40.6	75.3	90.9	98	97.8	90.9	82.9	79.6	76.2	80	63.1	61.4	61.8	73.4	76.4	77.1	80.7	77.8	74.2	73.4	77.3	81.3	74.7	65.9	67.2	39.5	37.4	32.1	29.3	36.5	24	20.2	14.5	15.6	29.7	47.5	33.6	50.8	39.8	56.3	52.6	46.5	44.5	44.1	51.1	50.5	46.5	45.7	40.5	34.8	33.8	30.9	27.6	15.9	13.3	12.3	7.96	4.18	1.91	0.987	0.716	0.325	0.202	0.117	0.0587	0.0178	0.0154	0.0266	0.0517	0.127	0.168	0.232	0.319	0.604	0.732	0.845	1.26	1.27	1.39	1.38	1.26	1.21	1.07	0.921	0.769	0.863	0.76	0.786	0.794	0.496	0.526	0.551	0.587	0.689	0.858	1.14	1.57	1.8
2.38	2.64	2.8	2.53	2.69	3.14	3.94	2.73	3.72	5.28	6.51	17.6	18.8	20.2	21.7	19.2	18.8	26	37	29.2	22.5	27.2	35.3	67.8	81.3	88	91.4	106	89.4	81.8	77.5	64.6	61.4	58.6	57.1	67.4	67.9	69.7	75.9	76.9	69.6	69.2	73.3	86.4	65.5	67.5	64.3	45.2	40.7	33.9	28.1	45.1	48	28.2	34.8	17.8	32.9	44.3	39.9	53.7	37	55.7	57.2	47.1	44.4	47.9	51.5	53.4	49.2	46.7	49.9	41.7	36.2	33.6	29.7	16	15.3	14.3	7.59	3.84	2.24	1.01	0.751	0.416	0.775	0.204	0.099	0.0277	0.0249	0.0351	0.0581	0.134	0.172	0.238	0.329	0.628	0.764	0.879	0.973	1.3	1.42	1.42	1.3	1.31	1.15	0.995	0.822	0.852	0.735	0.69	0.756	0.45	0.475	0.497	0.536	0.642	0.811	1.07	1.43	1.64
0.557	0.769	1.08	0.902	1.02	1.11	1.33	1.18	1.1	1.23	1.36	2.3	1.97	1.58	1.93	8.17	8.94	12.2	17.2	25.7	28.7	32.7	39.1	62.1	75.1	79.7	79	77.9	79.6	78.8	70.3	57.2	71.9	53.9	57.3	62.4	63.1	65.3	71.4	57	48.5	57.6	50.1	44.4	47.2	45.8	39.2	33.6	30.4	29.8	29.2	27.6	36.5	73	48.2	42.7	41.4	40.6	32	34.4	32.8	27.7	27.1	33.6	32.7	33.5	34.6	34.3	32.1	35.1	42.7	49.5	41.7	37.5	35.2	7.86	6.09	10.8	3.73	3.36	2.77	1.38	1.26	0.242	0.118	0.0399	0.037	0.0636	0.052	0.072	0.148	0.122	0.152	0.21	0.296	0.567	0.693	0.796	0.876	1.2	1.3	1.31	1.21	1.41	1.29	1.13	0.919	0.545	0.387	0.318	0.319	0.372	0.403	0.432	0.494	0.679	0.883	1.19	1.55	1.34
0.43	0.492	0.614	1.11	0.779	0.877	1.25	1.17	0.966	0.832	0.891	1.91	2.21	1.06	1.32	5.97	6.7	8.4	11.3	22.3	23.6	30.4	34.3	53.5	64	70.9	67.8	68.1	72.4	71.4	63.1	48.9	51.8	46	44.6	51.4	53.7	59.1	61.3	42.1	40.4	49.4	45.8	38.9	36.7	44.1	37.1	39.7	30	29.1	30.5	29.4	27.4	42.6	75.8	74.5	49.5	32.4	40.2	33.5	34.7	30.6	27.9	38.4	36.1	33.1	33.3	35	32.9	34	36.5	50.6	47.1	39.5	33.5	7	5.14	4.36	3.06	3.1	2.03	1.18	0.971	0.247	0.695	0.0495	0.0463	0.0714	0.0664	0.125	0.152	0.129	0.156	0.215	0.305	0.589	1.23	0.826	0.904	1.23	1.95	1.34	1.26	1.47	1.37	1.2	0.975	0.57	0.393	0.288	0.268	0.308	0.332	0.353	0.421	0.608	0.817	1.12	1.46	1.24
0.315	0.317	0.418	0.679	1.38	0.619	0.634	1.17	0.707	0.634	0.725	1.62	1.02	0.764	0.915	4.65	5.14	6.53	9.11	19	31.6	34.4	30.3	45.3	53.9	58.8	58.7	58.2	63.1	62	55.8	43.3	41.4	42.2	46.2	50.6	51.4	56.3	60.9	45.5	42.5	49	49.5	43	40.1	41.7	36.4	38.8	31.6	29.7	31.4	34.1	30.2	27.9	31.7	60.1	56.2	31.5	38.9	53.4	43.1	34	30.8	37.8	35.9	34.5	34.4	35.7	36.3	34	39.9	49.3	45.9	42.1	35.2	7.59	5.23	3.79	2.99	2.83	1.83	1.19	1.43	0.266	0.139	0.0738	0.0706	0.112	0.107	0.167	0.199	0.177	0.208	0.282	0.4	0.773	0.947	1.05	1.09	2.36	1.89	1.8	1.65	1.52	1.37	1.18	0.948	0.547	0.368	0.262	0.227	0.22	0.209	0.228	0.298	0.484	0.671	0.966	1.31	1.14
0.511	0.656	0.334	0.359	0.418	0.489	0.567	0.818	0.453	0.657	0.791	2.01	0.839	0.807	0.82	4.15	4.31	5.14	7.15	16.8	36	36.5	29.2	37.3	42.8	46.1	47.4	45.4	48.4	53.8	47.8	36.3	39.8	35.1	39.6	42.2	49.1	53.3	56.3	61.7	52	49.3	42.4	35.2	33.5	37.3	37.4	37	32.4	35	32	40.1	33.1	29.9	28	40.9	46.1	32.3	31.5	37.8	35.4	42.9	42.3	39.5	39.5	37.7	35.3	34.7	39.6	33.9	35.6	48.7	42.8	38.5	32.2	7.93	5.32	3.92	3.11	2.9	1.87	1.23	1.21	0.324	0.175	0.112	0.87	0.178	0.175	0.24	0.284	0.266	0.307	0.413	0.582	1.12	1.37	1.48	2.39	2.41	2.08	2.4	1.84	1.61	1.29	1.06	0.84	0.476	0.312	0.213	0.183	0.175	0.139	0.111	0.155	0.282	0.491	0.791	1.16	1.04
0.617	0.989	1.66	0.572	0.225	0.244	0.287	0.317	0.432	0.514	0.859	0.653	0.513	0.666	0.878	0.52	0.564	0.676	0.909	7.95	9.71	26.8	16.9	22	21.6	22.2	25.3	37.2	37.6	40.6	50.7	44.7	50.2	43.7	42.3	38.1	43	45.5	44.1	33.7	37.2	41.6	35.6	28.8	29.3	34.2	32.5	28	34	30.2	28.8	27	27.8	31	30.3	34.1	43.3	35.2	34.8	23.5	24.7	25.8	28.2	35.6	35.5	36.7	37	32.9	32.4	30.8	29.9	32.4	34.4	28.5	24.9	9.57	6.57	4.83	3.54	3.05	1.9	1.29	1.09	2.36	2.32	2.65	3.13	0.411	0.369	0.408	0.49	0.899	1.08	1.44	1.96	2.43	2.96	4.41	4.1	2.95	4.24	3.51	2.11	1.02	0.79	0.615	0.479	0.165	0.0984	0.0637	0.0536	0.0206	0.0158	0.0125	0.0106	0.0465	0.231	0.535	0.904	0.96
0.439	0.613	0.785	0.322	0.237	0.494	0.251	0.188	0.221	0.305	0.669	0.267	0.327	0.405	0.527	0.477	0.378	0.433	0.503	6.47	6.61	7.49	17.4	38.4	18.1	15.3	17.1	29	29.7	31.6	34.9	29.1	51.6	40.9	41.8	35.5	39.3	40	38.9	35.1	33.1	41.4	35.9	29.7	31.7	31.2	31.2	29.2	31.5	28	31.1	28.2	26.4	27.4	29.6	34.1	37.3	40.2	34.5	23.9	23.7	26	26.9	36.4	37.4	37.1	37.6	38.6	38.6	33.5	31.5	32.4	31.6	26.4	21.9	11.5	7.78	4.51	3.5	3.24	1.89	1.2	1.01	2.52	2.37	2.69	2.9	0.736	0.47	0.519	0.617	0.935	1.12	1.5	2.18	3	4.12	4.65	3.72	3.8	2.54	2.63	1.82	1.03	0.741	0.528	0.408	0.13	0.0762	0.0449	0.0365	0.0133	0.00932	0.00725	0.00712	0.00843	0.00825	0.256	0.655	0.831
0.307	0.422	0.585	0.108	0.112	0.201	0.215	0.154	0.223	0.196	0.272	0.549	0.287	0.306	0.35	0.571	0.386	0.295	0.3	5.84	5.73	6.09	8.49	55.9	16.7	18.2	12.8	22.7	27	27.5	28	22	24.3	34.1	47.2	50.2	41.8	39	44.9	39.2	35.8	35.5	35.4	32.2	43	36.7	31.1	30	32.1	30.3	32.9	28	29	27.6	27.5	33.4	35.1	35.6	35.1	25.9	24.1	25.4	39.3	39.1	38.8	38.9	39.8	42	43.4	39.9	36.8	32.6	29.8	25.9	21.8	10.8	10.3	5.67	3.55	3.11	1.88	1.16	1.01	3.09	2.66	2.89	3.11	1.15	0.733	0.658	0.743	1.02	1.17	1.57	2.17	3.28	3.99	4.75	4.44	4.42	3.41	2.35	1.92	1.09	0.772	0.559	0.452	0.156	0.107	0.078	0.0679	0.0274	0.0296	0.0208	0.0222	0.0284	0.03	0.087	0.526	0.885
0.837	1.35	0.407	0.0903	0.0907	0.0953	0.22	0.194	0.178	0.178	0.209	0.179	0.304	0.27	0.274	0.774	0.73	0.457	0.412	6.23	5.53	5.74	6.79	10.2	13.2	41.5	11.3	20.2	39.3	38.7	29	27	25.4	30	37.5	39.5	37.2	36.4	40.6	39.8	42.5	41	39.3	39.9	51	45.9	38.7	33.8	32.3	38.8	36.7	32.7	27.1	28.2	27.6	32.8	32.1	34.9	35.4	25	25.2	24.3	27.5	40.7	40	40.9	41.3	44.9	43.3	43.9	41.5	33.8	30.4	26.2	22.8	10.2	9.51	6.57	3.81	2.9	1.87	1.28	1.15	3.88	4.4	3.03	3.37	2.3	1.18	1.17	1.44	1.07	1.18	1.52	2.11	3.27	3.97	4.15	3.83	3.09	3.68	2.42	2.02	1.19	0.895	0.703	0.611	0.234	0.192	0.163	0.154	0.0693	0.0556	0.0533	0.0558	0.0705	0.0736	0.0903	0.435	1.06
0	0	0	0.23	0.0981	0.14	0.266	0.124	0.13	0.242	0.375	0.284	0.371	0.413	0.413	0.363	0.388	0.471	0.759	1.12	1.76	1.82	1.98	2.07	2.48	11.7	3.32	6.43	9.01	14.3	6.62	6.8	6.57	11.4	17	27.4	37.9	38.4	48.1	50.6	53.9	53.9	54.5	43.4	45.9	43.4	39.6	47.5	36.6	35.5	32.5	27.7	26.9	27.5	27.8	30.8	31.3	31.1	33.3	34.8	35.1	35.4	36.2	37.8	39.1	44	49.1	70.5	68	67.4	73	53.7	40.7	32.8	28.4	17.9	21.5	11.6	7.87	1.01	0.589	2.15	0.396	4.31	4.32	3.56	1.77	0.787	0.925	1.82	3.45	2.79	3.57	2.86	3.17	2.74	3.3	3.46	3.38	3.1	2.38	2.12	1.81	1.2	0.952	0.791	0.718	0.591	0.524	0.471	0.432	0.334	0.301	0.291	0.303	0.368	0.383	0.457	0.766	1.81
0	0	0	0.399	0.656	0.221	0.277	0.125	0.143	0.29	0.83	0.386	0.414	0.442	0.426	0.386	0.385	0.402	0.557	1.26	1.64	1.48	1.59	1.77	1.81	1.88	2.88	8.14	6.89	8.85	7.35	3.99	10.9	4.93	7.74	36.4	30.4	41.6	45.1	51.3	54.4	58	58.4	47.9	42.6	38.6	51.2	60.2	65.3	52.9	44.7	39	27.4	26.7	26.2	28.8	31.8	29.9	31.5	33.8	34.9	34.7	35.2	34.9	37.4	44.8	49.1	65.6	65.1	64.3	63.6	50.7	46.1	40.7	35.8	21.8	20.4	12.3	8.88	0.889	0.703	2.44	2.54	3.12	2.26	3.77	3.73	0.948	0.987	1.7	2.54	4.42	3.82	3.07	3.35	2.73	3.32	3.5	3.21	2.61	2.41	2.17	1.9	1.29	1.07	0.924	0.865	0.737	0.682	0.632	0.582	0.454	0.412	0.4	0.417	0.503	0.524	0.619	0.789	2.06
0	0	0	0.769	0.894	1.01	1.25	0.151	0.155	0.199	0.415	0.53	0.412	0.445	0.406	0.47	0.337	0.366	0.426	1.5	1.72	1.47	1.55	2.3	1.99	1.84	1.7	8.39	6.6	5.63	6.27	4.18	8.24	3.74	5.33	14.2	20.6	38	49.7	51.8	55.2	57.6	57.1	45.5	44.3	41.5	47.5	74.7	72.5	62.2	43.6	35.8	31.5	29.1	26.3	28.3	28.3	32	31.8	35	35	36.8	36.6	36.1	38.2	42.5	47.5	62.2	61.6	59.8	60.5	57	48.4	46.7	36	29.7	23.1	16.8	13.1	3.21	2.88	0.672	5.67	2.55	1.65	2.39	3.2	1.47	1.49	1.33	2.49	3.87	3.63	3.93	3.72	3.3	3.34	3.46	3.29	2.73	2.58	2.41	2.2	1.59	1.43	1.32	1.28	1.13	1.1	1.05	1.01	0.816	0.775	0.752	0.743	0.852	0.842	0.914	1.07	2.27
0.151	0.151	0	0.959	1.18	1.34	1.48	0.577	0.158	0.24	0.291	0.343	0.417	0.559	0.405	0.373	0.372	0.418	0.467	2.12	1.61	1.47	1.46	3.35	2.88	2.38	2.25	6.1	5.89	5.22	4.96	4.48	2.88	3.47	5.28	11.7	16.5	25.1	33.4	50.7	55.9	56.8	57	50	44.9	43.4	39.6	45.9	43.3	37.4	37.2	42.1	39.6	33.9	27.7	28.3	27.6	30.8	32	37.1	35.9	35.8	37.4	40.3	42	43.4	47	60.7	60.6	59.9	57.8	58	52.9	56.8	42	35	26.9	20.3	16.9	4.24	1.74	1.48	4.34	2.12	3.07	2.15	2.97	3	2.35	2.04	2.24	4.63	5.52	5.53	4.63	4.3	3.69	3.64	3.45	2.95	2.89	2.81	2.72	2.18	2.03	1.98	2.34	1.78	1.76	1.73	1.69	1.41	1.38	1.34	1.28	1.4	1.34	1.34	1.42	2.56
