83.5	135	220	302	289	274	233	191	178	169	258	237	251	277	308	301	401	405	378	358	372	340	362	333	322	279	280	315	357	412	364	368	415	403	423	442	412	405	411	359	484	663	648	430	338	242	213	206	147	104	119	140	175	231	281	376	310	288	289	258	203	210	227	255	291	269	276	232	338	390	318	341	433	436	397	381	382	321	340	381	407	425	413	421	333	425	391	215	333	332	341	388	302	249	224	202	215	195	243	252	227	203	184	170	149	208	195	214	215	243	245	237	266	272	288	246	237	293	316	258
183	310	479	430	371	452	314	296	186	183	246	311	273	277	248	249	345	455	378	409	422	343	282	347	345	270	228	308	390	417	374	413	438	503	503	506	375	463	506	377	332	714	633	366	334	256	241	221	126	108	123	109	122	138	166	229	225	300	276	270	255	203	190	207	248	225	212	222	373	384	389	394	391	436	425	390	362	305	307	373	376	391	408	434	416	431	414	354	342	377	401	424	324	269	202	177	166	154	220	213	202	222	215	223	220	280	248	211	174	193	220	248	240	231	232	248	222	266	259	243
374	471	464	463	415	377	393	404	344	358	335	290	298	244	245	275	277	365	338	353	414	385	298	304	305	259	229	264	291	354	323	386	381	345	299	289	256	230	306	321	263	376	263	253	210	225	156	129	118	128	126	118	94	107	109	144	214	275	283	212	181	197	193	202	192	187	222	301	352	322	334	376	421	430	415	399	409	384	327	333	338	355	351	414	427	416	447	406	430	345	345	278	180	156	145	168	161	184	239	180	162	164	188	198	230	240	217	230	235	216	198	233	224	218	201	198	208	230	224	225
483	532	469	490	413	425	517	520	552	363	332	300	271	235	255	253	297	321	261	263	295	313	292	277	282	277	249	280	232	296	283	319	324	276	204	186	205	219	330	327	226	226	241	204	156	147	122	126	143	160	144	121	98.9	96.1	104	150	216	268	204	152	169	221	191	173	179	170	219	277	295	424	342	316	399	446	450	392	381	372	270	300	336	362	310	355	391	424	467	448	391	295	359	225	157	149	153	127	136	127	162	200	185	201	233	237	202	190	190	271	276	246	224	216	166	194	213	219	181	258	265	228
392	645	556	525	631	573	613	486	482	363	313	312	271	276	263	247	251	244	303	233	233	258	268	251	241	238	275	219	197	242	244	263	168	142	142	170	201	199	256	206	156	157	244	196	168	128	135	208	173	148	175	132	95.1	104	132	163	170	177	178	130	146	170	195	200	199	206	216	246	287	343	337	345	343	401	365	306	296	235	238	297	291	330	282	353	400	431	447	455	406	415	329	159	186	152	170	166	163	103	110	160	176	201	243	219	238	238	262	298	288	264	255	230	165	169	186	184	202	212	223	181
340	493	482	434	549	748	496	414	399	437	295	260	262	294	295	240	298	309	277	275	224	247	264	253	272	272	204	243	223	263	208	180	148	163	123	136	126	145	148	169	141	167	157	178	174	180	173	176	181	167	166	132	116	127	145	161	156	163	209	164	172	203	308	232	234	287	292	345	359	340	372	280	256	241	243	199	187	245	238	262	286	246	266	318	350	364	377	469	442	466	440	165	263	241	231	238	233	226	205	181	171	156	213	247	208	232	242	216	238	247	277	278	239	198	231	212	238	191	175	214
349	367	420	438	362	412	409	314	352	322	286	282	358	320	309	266	292	282	258	254	204	171	226	303	305	278	264	310	322	311	169	133	152	138	96.8	98.8	119	128	154	148	156	167	179	188	168	182	174	189	211	172	166	130	131	131	140	139	157	173	206	215	238	276	285	275	267	264	292	359	471	422	330	244	249	215	212	238	223	226	249	248	216	193	254	297	316	372	341	416	440	425	419	237	281	297	255	245	254	235	188	168	143	166	188	201	172	202	190	204	213	208	262	290	290	237	243	229	165	123	146	191
349	407	381	465	474	340	327	321	376	385	307	242	269	385	365	299	286	240	247	266	202	201	248	363	371	299	288	325	332	286	260	206	159	103	81.7	101	106	125	131	147	145	144	173	207	196	151	187	183	172	169	149	137	147	142	162	158	175	210	227	280	271	235	253	243	230	272	332	338	476	440	341	266	319	228	287	271	225	222	233	215	185	234	273	269	325	334	347	411	435	433	419	199	180	241	272	232	229	276	159	169	159	140	220	213	193	201	217	247	239	217	253	246	263	240	230	240	182	140	146	175
304	341	325	529	490	306	274	260	245	305	256	229	180	213	288	265	240	232	194	221	220	235	267	368	322	245	256	335	308	306	327	311	224	153	110	104	102	91.2	113	152	154	124	138	190	204	208	213	200	187	181	186	160	157	155	154	175	185	248	259	299	252	256	247	194	222	219	234	271	289	323	245	308	342	308	281	230	195	219	185	188	177	212	274	275	297	335	333	405	406	430	416	315	227	203	241	226	185	279	173	180	146	112	168	188	203	185	180	188	189	175	177	192	213	236	255	247	170	156	155	179
324	290	259	372	387	302	283	239	251	287	245	284	263	360	345	288	266	255	241	248	291	299	304	322	264	222	284	365	378	281	338	265	229	175	208	188	141	143	127	179	214	160	180	224	241	242	271	274	244	226	235	183	199	186	181	189	227	221	283	280	317	268	270	209	225	261	203	189	231	264	260	234	268	293	286	247	194	180	210	164	189	252	380	329	304	278	345	373	345	413	420	418	362	232	275	286	305	298	271	210	163	166	170	136	154	166	155	121	134	132	144	166	223	199	189	186	132	152	147	111
459	315	176	187	306	280	316	273	346	309	221	265	380	302	255	223	175	208	264	250	263	320	334	271	277	234	277	330	350	366	303	217	227	190	232	224	163	154	143	134	144	182	174	208	229	252	302	268	256	250	259	237	249	239	205	216	213	209	258	299	306	254	293	325	330	352	179	197	198	229	235	232	231	236	228	252	201	183	193	193	207	198	248	257	301	282	299	315	287	336	354	282	305	251	252	282	340	361	363	204	120	112	168	147	129	141	143	156	145	136	140	138	133	116	114	155	117	140	114	110
394	276	248	263	265	296	325	259	313	346	391	394	342	261	232	170	183	206	268	207	228	270	320	365	360	339	311	243	313	330	286	281	257	183	142	154	144	157	90.1	108	161	214	192	167	211	231	274	279	261	239	238	257	261	256	251	205	218	221	271	280	292	264	296	275	349	387	267	204	177	193	197	201	159	188	216	268	244	222	210	159	136	150	232	239	269	237	242	283	328	296	346	350	320	346	303	356	294	231	240	196	98.1	93.1	126	111	103	95.2	111	112	124	122	109	104	101	61.7	86.3	94.7	105	124	136	118
371	314	364	404	363	342	295	283	318	371	352	371	253	226	250	206	264	294	352	280	291	295	329	375	358	356	285	302	312	339	243	273	207	165	121	148	117	121	86.8	151	244	281	207	189	208	302	292	243	244	251	257	261	241	259	267	248	220	229	267	289	311	259	277	244	321	341	218	192	195	177	152	141	150	165	209	223	180	180	157	119	114	155	186	225	211	226	228	247	272	384	314	429	420	423	254	275	175	112	94.9	153	103	68	79.8	78.8	85.8	91.6	95.3	77	89.2	76.3	78.9	88.7	78.4	66.7	63.4	69.5	75.2	74.3	81.4	104
351	324	341	336	351	256	399	319	255	250	279	267	225	194	194	250	265	328	349	395	452	362	287	297	297	371	320	366	317	335	281	208	241	165	130	123	116	91.8	95.5	272	311	292	245	270	285	360	344	313	306	252	266	263	251	255	294	279	220	270	304	225	302	245	269	242	330	335	194	175	170	144	81.4	135	128	138	167	191	155	184	139	104	77	122	176	202	177	201	272	252	251	304	279	336	322	315	191	157	158	117	84.7	74.8	44	30.5	52.9	55.5	41.2	59.5	54	41	53.4	59.6	49.4	37.1	36.8	48.6	36	44.3	33.8	45.4	32.1	61.5
333	285	339	273	286	234	262	228	223	250	202	234	239	209	221	204	193	234	307	387	469	400	289	287	273	317	313	277	280	260	233	185	199	134	124	98.6	104	89.7	101	243	329	252	367	356	377	402	350	327	366	299	294	287	244	256	260	242	246	298	281	193	205	241	364	283	277	282	199	168	169	158	98.7	126	99.5	95.4	144	159	222	239	120	84.9	114	185	173	169	170	182	200	188	202	270	241	239	243	271	222	186	146	117	104	78.6	57.4	45.7	42.4	15.6	20.7	35.7	29.3	11.6	15.1	24.1	45.7	33.6	24.1	30.5	30.3	11	12.8	26.5	17.6	37.7
443	346	263	213	227	185	210	175	169	166	179	245	222	235	184	212	200	244	275	314	360	283	249	245	213	226	273	300	235	230	207	164	172	132	124	124	150	182	165	181	226	227	410	285	377	394	445	421	347	363	314	315	290	282	283	261	258	313	279	214	215	220	321	288	292	250	178	180	180	139	116	115	132	86.5	151	195	212	192	111	84.8	94	177	183	153	115	179	146	189	192	202	240	230	206	161	200	134	122	81.6	59.3	38.2	50.9	44.9	39.3	38.7	30.9	45	33.3	18.9	29.1	15.9	17.3	28.3	26.9	12.7	20.3	28.3	15.2	14.7	20.3	31.1
441	374	278	247	297	263	265	271	204	151	155	235	231	280	250	183	200	189	188	259	261	251	262	224	177	156	176	147	150	176	170	129	118	159	128	148	142	190	232	337	237	245	374	281	351	414	423	396	355	376	389	358	338	285	344	298	300	361	348	264	224	168	253	363	327	230	219	198	205	138	91.5	104	105	103	131	194	195	147	125	93.4	111	200	191	126	137	192	180	152	199	190	233	225	188	195	168	130	111	89.2	114	93.6	60.8	52.7	41.8	30.1	31.3	36.5	34.8	30.8	19.1	22.2	6.33	12.4	15.6	16	17.7	21.5	22.2	19.4	24.9	26.2
250	323	275	247	230	239	244	270	247	166	206	247	233	248	265	232	207	170	147	180	195	221	182	145	148	125	139	131	149	131	113	60.3	79.9	133	179	262	254	257	253	282	252	291	350	387	404	435	447	395	436	406	400	333	359	313	317	320	339	323	308	214	215	184	215	268	255	300	309	269	170	75.6	66.2	117	106	127	104	137	189	166	101	126	151	246	138	120	126	143	144	198	206	178	195	211	203	212	253	223	119	151	171	202	204	167	148	86.7	52.7	42.6	36.4	30.6	32.4	50.9	19	17.1	39.2	30.5	22.7	21.2	18.8	9.09	20.5	30.2
271	335	274	197	232	265	254	282	253	171	207	242	228	251	292	205	199	165	167	184	203	178	172	138	154	114	126	156	172	141	118	74.6	116	133	248	329	301	263	286	319	374	384	410	435	338	437	418	377	336	347	337	270	262	301	335	243	276	282	280	251	310	247	214	218	232	239	274	227	140	124	89.8	96.7	83.3	95.7	104	132	121	120	133	145	171	260	195	167	150	158	206	233	239	197	191	222	299	222	259	244	225	153	133	164	176	222	232	152	105	93.5	68	43.4	36.1	53.9	38.1	34.9	30.6	23.5	9.9	6.6	15.3	18.5	5.67	11.9
396	391	282	229	224	272	284	256	276	216	250	265	265	273	264	259	257	211	231	194	176	183	198	141	131	120	148	173	162	146	159	139	138	169	242	266	272	272	321	417	446	396	297	318	342	385	357	350	386	378	367	241	199	293	325	241	217	206	286	248	353	285	198	274	258	219	200	310	195	137	118	70.4	93.6	101	145	141	134	178	137	155	145	208	250	226	165	167	255	273	211	204	233	220	175	234	303	327	319	187	130	165	189	218	234	219	175	129	103	60.4	68.9	50.5	28.7	35	30.1	33	15.7	19.7	15.8	18.2	16.7	17.3
448	419	295	260	274	236	228	272	275	288	295	318	261	283	280	258	238	220	259	170	136	188	169	137	137	129	159	178	147	160	231	277	196	189	197	215	213	255	292	412	387	358	271	289	270	258	209	276	351	366	314	225	244	283	267	224	170	190	240	204	243	278	293	302	267	222	195	281	246	173	98	103	90.5	76	74.9	106	119	145	180	240	257	224	234	267	241	285	270	272	263	297	217	169	179	151	160	331	290	194	184	152	103	94.2	186	166	167	114	106	55.3	62.5	71	47	33.6	37.1	39.7	21.2	16.8	18.2	6.6	13.4	17.6
416	438	328	290	440	368	307	366	329	348	279	290	288	290	312	278	225	210	222	151	139	150	126	122	123	156	153	146	149	158	180	209	181	188	222	244	172	193	241	245	256	264	284	323	255	216	230	241	263	299	265	261	272	245	250	226	197	198	205	179	172	244	242	273	256	273	275	255	203	195	205	123	56.3	45.1	38.7	114	174	142	160	241	305	305	280	279	265	302	335	252	282	264	226	213	236	227	177	243	290	195	177	168	142	114	116	134	147	158	159	147	129	126	107	40.1	41.8	45	41.2	50.1	23.8	20	18.5	29.3
310	347	333	293	382	337	339	330	324	317	287	310	354	283	262	249	211	178	175	151	128	122	132	130	121	141	122	127	122	119	133	127	155	184	175	183	164	190	215	209	254	257	261	282	273	293	296	342	298	258	328	304	314	232	229	205	185	212	165	183	145	170	182	201	173	196	231	242	154	232	312	160	55.8	70.3	93.1	111	251	294	181	248	265	240	295	310	275	323	361	328	280	282	230	348	290	245	233	194	164	148	140	138	157	119	117	120	124	123	131	127	126	116	99.7	25.3	23.7	21.1	20.3	23.8	21.8	15	24.3	25.1
303	330	350	277	270	256	326	371	385	290	299	242	346	337	251	213	198	166	199	160	153	158	168	152	128	142	135	144	149	146	138	135	158	166	160	180	183	196	226	221	260	261	258	289	265	273	256	297	280	305	294	304	239	223	174	142	184	196	124	136	116	143	132	182	151	141	172	234	210	250	248	196	96.3	49.8	70.6	139	237	225	195	226	241	262	287	346	378	381	338	316	330	315	270	303	278	218	179	206	316	209	160	176	187	172	176	133	127	161	154	120	112	122	96.5	17.6	24.6	44.3	29.2	28.3	42.2	18	2.82	2.82
386	347	368	299	324	359	364	408	430	394	397	343	372	403	304	219	192	149	175	142	165	167	166	149	125	149	139	162	146	157	193	173	214	213	192	159	187	235	251	291	287	346	310	290	278	290	296	301	270	306	262	210	215	160	175	117	126	134	91.1	114	117	98.2	98.8	91.7	111	129	186	254	306	184	194	178	150	101	109	215	283	265	195	267	340	371	384	335	337	362	308	330	325	293	237	285	248	239	201	228	331	229	216	273	200	208	140	148	145	173	229	187	150	133	95.9	36.3	22.5	59.2	16.5	42.8	37.2	25.3	12.6	32.6
383	396	388	421	383	455	479	480	464	438	347	363	361	385	314	232	220	176	161	160	180	161	169	148	141	165	148	172	174	178	213	207	238	215	187	141	163	191	203	217	246	292	294	283	256	251	230	225	241	194	165	149	156	111	114	90.6	84.2	131	123	135	113	109	96.1	87.3	107	121	175	247	270	245	158	149	118	130	141	169	206	224	164	201	247	251	254	262	343	363	312	376	379	317	267	286	385	383	318	265	227	192	193	276	241	176	195	189	176	178	236	232	244	271	156	178	150	124	115	103	116	109	123	49.5
323	381	376	326	350	455	491	397	383	481	320	387	464	324	262	191	171	167	158	164	140	141	153	153	150	151	158	183	167	191	210	206	195	183	178	151	169	204	229	231	234	252	269	257	251	230	200	195	205	202	196	111	100	116	117	88.1	112	160	136	117	122	88	111	108	112	125	177	221	132	106	76.9	88.9	96.3	120	142	151	149	183	212	237	259	249	258	267	319	274	278	274	331	335	230	174	235	248	225	200	225	179	234	294	229	241	304	206	166	156	246	235	303	221	314	238	193	171	143	107	110	102	110	47.8
320	412	388	407	408	462	462	438	368	394	351	353	303	298	272	218	220	149	140	145	145	129	119	139	148	131	135	136	156	181	204	165	147	168	205	212	217	257	271	267	301	250	258	256	259	208	195	192	157	160	179	138	101	114	132	106	165	177	92.7	47.1	87.8	155	111	103	147	125	220	292	117	119	64.1	86.7	80.2	96.5	101	108	128	137	186	260	202	238	234	226	297	276	313	288	294	330	259	202	209	195	199	171	213	179	294	227	311	351	271	171	146	169	292	224	262	242	333	269	220	184	143	144	124	112	111	61.7
313	383	413	452	473	463	466	446	466	417	344	279	285	321	333	244	235	190	138	126	120	111	112	137	157	157	149	150	199	177	210	150	151	208	202	236	286	280	323	247	258	241	254	247	260	221	195	149	170	143	135	110	115	123	162	149	121	87.4	62.1	120	148	161	92.1	96.6	123	103	181	140	93.8	47.1	19.7	84.9	69.2	75.7	64	76.3	90.5	132	181	238	197	244	255	217	266	279	268	303	277	285	314	248	146	101	140	210	209	186	254	259	283	318	206	198	189	247	246	265	280	293	348	232	262	222	159	195	197	174	142	99.1
355	437	449	483	483	481	435	450	487	506	477	391	388	347	472	390	255	246	185	146	129	111	91.5	125	152	139	149	176	231	202	216	200	177	171	188	221	230	233	269	195	180	201	198	184	186	162	137	137	153	137	130	133	101	118	158	164	127	101	105	114	175	153	99.4	93.7	125	119	161	128	185	99.5	82.5	101	78.2	78.1	66.2	81.2	87.4	118	174	244	230	239	280	253	221	209	278	308	303	260	267	243	192	181	228	298	233	218	187	192	164	207	190	202	193	230	250	206	259	272	320	232	273	244	221	214	289	198	186	114
359	438	441	488	493	479	470	467	485	488	484	357	373	340	393	439	329	284	204	151	149	148	117	128	146	131	131	158	177	195	206	217	195	183	187	195	215	214	256	191	182	193	174	137	150	147	136	125	137	119	107	106	92.2	81.4	98.2	143	149	116	97.7	95.1	105	105	90.2	78.6	88.7	105	138	157	141	111	116	151	108	81.9	94.6	104	79.7	103	139	213	252	254	232	197	183	190	224	369	333	276	273	286	159	197	152	148	197	157	165	142	168	211	159	185	174	221	220	186	208	187	230	203	198	202	244	211	257	224	153	141
348	362	423	456	478	505	485	477	481	494	471	388	292	274	265	466	322	267	228	159	193	159	181	152	180	164	144	150	175	179	190	199	199	186	195	204	232	224	230	169	183	204	213	179	149	150	141	131	109	95.1	91.2	81.6	96.3	110	145	159	194	155	114	109	78.4	79	73.4	66.7	81.8	104	184	89.6	119	89.6	94.9	157	149	86.7	72.4	85.4	93.3	99.4	100	186	215	220	185	153	140	187	209	308	287	230	212	223	148	174	128	120	123	179	121	123	193	301	170	118	174	158	150	159	164	162	165	171	179	186	213	178	256	262	178	205
331	359	471	451	459	536	541	493	474	467	473	396	358	302	250	302	232	245	300	182	180	191	188	215	171	196	165	166	200	184	169	194	202	203	230	275	299	238	205	181	168	156	177	125	120	130	131	164	132	93.2	123	106	73.3	91.6	136	166	144	146	112	104	87.8	79.9	77.8	106	143	126	172	137	92.7	114	153	128	196	107	75.7	83.2	91.5	105	123	148	156	212	174	128	136	165	183	211	193	170	177	220	166	120	152	121	114	135	122	109	127	172	117	127	126	117	115	118	117	193	190	182	187	184	156	131	208	290	196	163
290	379	481	441	474	526	557	472	402	411	440	353	316	293	260	257	296	233	246	259	235	164	164	232	229	201	212	205	187	174	155	213	190	188	185	207	212	204	210	162	149	150	167	114	113	129	131	134	118	104	109	111	94.1	78.3	64.2	88	82.6	94.9	94.2	84.8	79	91.6	89.5	92.2	110	147	175	169	182	273	119	103	115	110	90.4	98.3	111	122	110	109	117	152	149	131	99.3	118	119	167	176	160	162	195	117	137	120	131	88.2	93.8	68.5	80.9	64.9	80.2	82.6	75.8	40.9	54.3	78.7	65.3	76.8	103	129	135	180	183	162	148	137	166	206	203
282	322	379	459	464	436	483	404	290	282	348	300	285	322	273	222	239	225	215	224	273	198	209	206	215	215	210	184	173	182	182	182	223	198	171	162	163	189	174	124	131	136	147	148	117	124	114	116	132	105	98.9	89.2	96.8	96.7	79	99.3	111	96.9	85.8	79	88.2	87.9	109	167	218	198	134	132	170	92.4	93.2	131	106	117	109	109	124	122	111	114	129	158	123	119	134	112	86.4	93	95.7	133	227	157	176	153	157	124	109	65.8	67.4	122	62.5	61.5	53	57.3	24.9	67.6	77.2	68	49.9	73.4	59.1	94.8	158	175	144	116	108	111	131	143
338	323	329	406	405	389	393	333	298	285	274	268	240	267	271	201	218	250	261	264	200	204	198	189	179	176	172	174	151	158	168	150	176	207	176	177	186	164	160	120	118	112	122	137	106	113	113	113	115	112	94.8	110	140	100	115	133	138	112	111	97.8	129	177	189	240	227	177	167	112	108	98.6	105	93.5	99.7	111	103	115	156	102	138	126	110	101	122	121	134	111	105	85.5	121	123	212	150	134	109	117	83	81.4	86.3	46.7	79.7	84.7	69.8	45.8	39.2	22.1	39.1	79.9	38	30.3	41.7	70.8	103	133	166	126	97	94.4	98.9	96.6	112
325	329	370	420	399	354	328	324	283	264	243	272	346	385	299	209	228	217	244	241	188	142	157	191	172	176	174	150	154	150	154	160	197	216	168	164	168	156	136	120	104	99.3	112	117	122	112	116	120	131	146	125	147	141	139	128	119	119	122	134	113	129	186	214	273	272	226	212	140	110	109	98.6	104	116	142	116	111	100	93.5	105	129	106	113	109	95.2	118	111	90.4	81.7	87.6	106	124	108	109	111	116	108	87.3	107	65.1	38.9	51.3	57	47.6	41.3	32.1	44.2	60.3	27.4	64.4	73	85.2	103	111	145	125	96.9	97.2	135	93.7	91.6
328	303	375	378	407	310	247	310	292	257	208	229	268	347	307	243	212	197	196	213	198	138	146	139	163	147	127	111	135	139	155	174	213	197	185	172	173	165	130	113	124	116	123	125	148	114	110	150	143	148	140	129	120	152	133	120	121	116	135	130	139	155	144	186	233	199	207	166	119	108	89	161	90.3	87.6	97	123	111	108	91	71.5	81.7	117	74.6	90.8	145	122	149	89.9	64.6	74.8	51.7	73.5	90.9	117	84.8	106	60.7	50.5	46.9	27.3	38.3	37.8	38.9	43.2	75.2	67.1	50	32.6	35.5	29.9	37.8	66.1	77.1	103	103	91.8	106	91.5	63.4	53
335	319	378	358	431	309	274	310	296	228	228	201	216	262	311	242	180	173	173	150	131	134	135	135	140	144	131	140	161	145	160	180	214	213	200	167	197	180	142	127	130	125	132	127	125	119	114	141	136	141	131	130	110	114	164	138	127	131	153	180	198	173	188	165	132	131	195	144	147	129	117	213	161	138	112	116	103	81.6	113	112	104	68.7	58.7	89.4	98.9	77.6	117	84.9	51.6	37.5	39.2	53.4	63.3	70.7	54	60.2	57.4	32.9	27.7	30.4	24.3	23	21.6	28.1	50.9	32.3	30	12.2	12.7	20.4	25.4	34.3	43.3	58	56.9	60.9	99.4	58.2	60.6	50
287	341	365	332	327	228	275	299	232	219	177	252	247	237	240	230	197	170	221	148	163	144	174	139	134	175	180	177	157	150	158	173	180	170	240	224	194	188	149	126	135	125	120	121	134	111	118	116	116	131	129	114	128	111	112	150	142	148	140	167	203	186	155	136	111	109	158	152	131	136	128	130	133	220	135	110	116	104	133	122	116	85.9	79.7	67.8	54.1	45.9	67.5	64.8	47.6	40.7	35.3	37.2	41.3	46.4	82	72.4	39.6	31	30.2	25.6	34.2	26.3	17.3	19.1	25.3	2	2.14	19.7	16.6	21.8	23.6	20.6	30.5	31.6	33	35.6	48.4	40.7	31.4	37.5
267	306	312	295	270	208	225	284	242	218	239	256	241	270	245	208	213	180	198	150	147	173	178	166	149	136	123	114	126	111	128	158	175	173	177	222	193	177	181	127	129	124	124	108	128	100	101	112	110	117	119	106	111	112	117	188	161	156	158	168	144	151	143	159	123	106	104	170	151	130	95.5	112	140	139	124	115	91.2	114	147	97	94.4	87.6	112	106	115	100	75.4	33	40.2	40.9	31.6	32.3	30.7	25	33.4	50.2	29.7	25.1	24.7	22.2	46.2	32.7	18.8	3.25	3.36	1.79	1.81	7.58	20.1	28.5	30.3	21.9	25.7	21.5	17.6	21.5	31.9	31.6	27.1	25.3
138	264	234	219	187	185	254	278	274	264	213	223	212	213	214	190	186	196	164	147	130	146	142	121	77.9	88.7	81.2	75	69.9	65.3	87.1	101	128	114	107	138	145	127	161	177	170	137	97	108	120	115	134	114	139	132	107	106	83.8	90.5	103	192	155	147	139	138	110	143	200	230	150	128	137	114	132	168	124	182	186	184	156	118	93.3	124	138	74.9	51.8	59.7	70.4	57.9	50.3	70	53.8	69.3	38.1	66.6	33.9	32.5	20.5	27.1	45.3	58	20.2	11.2	16.2	7.11	29.8	22.2	14.4	8.29	1.21	1.39	1.17	6.86	12.1	40.7	47.1	29.2	24	22.7	16.6	20.6	24.2	25.5	24.1	23.2
202	208	240	248	217	218	219	222	226	183	172	178	171	189	201	208	181	165	132	127	112	99.3	117	93.5	79.1	71.4	79.3	57.1	62.2	81.4	82.3	136	147	124	90.7	118	121	113	159	183	170	128	131	106	120	115	101	89.8	109	101	107	111	81.1	88.5	105	166	112	111	122	139	134	183	103	117	112	89	121	102	81.2	98.5	133	116	128	132	137	104	86.5	78.8	75.1	34.8	19.2	47.9	36.4	36.6	38	44	57.1	98.2	68.9	12	13.2	41.9	35.4	28.6	95.5	66.1	52.9	20.4	12.3	2.67	12.4	2.14	6.69	4.2	0.679	0.747	0.885	9.9	10.8	10.1	12.1	10.4	20	19	15.7	21.2	21.3	19.7	16.4	16.8
246	200	254	331	293	313	238	233	219	207	256	165	174	191	191	184	182	178	136	96.3	94.2	95.7	111	82.6	71.3	60.1	74.8	64.1	71.8	82	78.4	87.6	92.2	110	90.8	101	103	97.8	109	102	93.7	80.1	97	87.4	108	92.7	75.7	58.7	60.2	58.4	74.6	109	70.2	55.7	88.7	119	120	87.5	107	136	147	209	170	90.9	113	90.9	83.3	56.6	29.9	51	92.1	81.1	113	84	88.1	67	113	82.7	81.3	77	48.1	24.1	32.8	25.5	61.4	43.2	48.6	58.4	66.6	66	32.1	34.2	22.2	41.3	48	56.3	36.1	13.2	8.29	1.81	14.5	1.35	1.39	0.462	0.475	0.552	0.688	4.32	5.09	5.52	5.81	8.4	8.77	9.14	12.1	17.2	17.5	16.8	14	14.4
127	136	241	280	214	265	211	243	226	193	252	233	241	246	213	165	149	175	155	147	108	97.9	88.4	72.8	80	64.2	62	63.8	58.5	73	78.8	73.7	55.3	75.7	68.7	75.1	61	73	76.5	73.8	82.1	76.4	96.7	70.1	70.4	64.6	67.3	52	48.4	52.3	51.7	66	51.5	47.4	57.3	135	108	80.6	66.5	81.8	83.4	87.1	88.4	85.6	84	70.3	41.9	71.1	107	127	138	120	82.1	77.9	82.2	60.7	86.8	150	108	67.9	132	64.8	43.4	53.7	124	36	33.1	41.3	37.7	39.4	97.1	53.9	49.4	56.8	58.9	42.9	32.8	10	30.3	15.6	1.41	12	1.24	8.5	0.406	0.472	0.594	8.63	14.5	9.89	5.23	13.2	19.6	8.46	12.4	15.3	14.8	13.2	12.7	12.8
116	125	159	155	141	140	145	156	167	198	202	233	270	283	237	218	146	178	182	177	112	93	101	78.7	83.2	108	101	50.7	40	56.7	84.4	65.6	78.2	88.3	45.6	34.6	36.4	64.2	67.4	115	76.2	91.2	74.2	70.3	84.2	91.1	77.8	64.7	72.6	90.2	52.7	56.3	52	44.5	32.1	48.9	103	122	107	94.5	72.4	77.5	90.5	121	196	138	88	55.1	94.8	83.8	95.8	89.2	66.8	51	63.9	52.2	39.3	45.4	49.1	131	92.9	50.8	34.3	67.2	81.1	30.6	11.2	2.35	28.6	55	62.1	33.8	45.8	28.7	24.6	10.6	18.9	31.4	38.2	8.91	6.09	6.07	2.16	5.22	5.18	3.74	5.18	10.3	10.5	5.84	6.45	36.7	60	13.3	6.4	9.16	9.39	9.27	14.9	9.17
112	122	110	131	135	118	136	156	205	185	174	189	233	229	266	235	145	144	138	139	103	69.5	75.3	60.2	55.3	77.8	82.2	67.5	87.5	51.4	75.4	67.4	52.7	77.4	57.7	65.2	57	44.3	60.9	91.2	82.8	68.3	65.4	72.1	79.8	85.7	79.5	66.3	73.9	78.4	56.1	70.2	60.4	50.1	49.3	65.1	54.5	70	74.7	82.7	63.9	76.6	102	110	148	121	62.4	86	43.1	87.7	122	81.6	62.3	53.5	30.3	33.2	20.7	33.2	37.7	38.1	37.9	46.9	28.3	40.7	58.1	31.8	14.2	36.6	33.8	6.34	10.8	15.2	63.3	44.9	51.8	16.6	29	25.9	72.9	7.85	5.98	6.22	9	0.996	0.912	2.94	4.71	15.1	11.8	4.91	9.34	13.6	20.3	5.65	5.74	9.2	8.88	8.17	7.72	7.89
101	120	92.2	103	94.5	96.3	139	156	179	200	172	168	177	186	200	169	129	113	132	103	93.2	87.5	68.4	42.5	62	70.8	95.2	80.1	61.1	65.5	68.2	73.8	53.9	46.6	53.2	76	69.5	60.1	72.5	91.3	71	60.5	63	69.7	70.6	78	72.9	60.9	68.7	71.2	61.8	80.3	71	70.5	59.6	63.2	49.5	56.4	76	107	79.5	87.6	107	96.9	119	71.6	59.7	70.1	76.3	99.9	89.6	66.7	57.1	43.4	6.8	10.7	23.9	27.2	13	18.6	16.1	20.7	25.7	19.1	14.2	22.1	31	38.2	31.3	25.3	29.6	16.4	44.6	46.9	49.6	29.2	14.5	12	56.5	4.76	6.58	4.44	10.3	5.01	4.84	7.37	4	8.28	15.1	14.7	9.15	12.8	4.81	5.11	5.17	7.33	7.44	7.19	6.74	7.17
75.8	84	79.5	83.2	97.3	101	121	156	163	150	177	169	145	178	219	165	132	107	129	133	86.3	74.5	85.5	43.1	63.1	60	61.3	58.9	51.8	74.7	89.6	101	103	74.7	62.4	81.2	67.9	61.6	65.4	57.8	66	62	45.9	46.5	51.1	79.6	104	73.2	62.9	61.8	58.1	74.4	80.3	98.5	79.4	58.7	40.1	29.4	50.2	69.9	57.1	81	57	33.8	96	89.2	82.4	19.5	30.5	45.3	49.1	44.1	54	26.6	21.1	1.62	1.43	17.1	24	12.3	27.4	20.9	23.2	26.6	33	47.1	25.7	40.4	48.1	33.7	54.9	27.7	34.6	22.2	28.6	24.6	19.8	13	14.2	3.34	10.6	21.8	19.2	11.3	21.9	13.9	7.99	2.55	8.12	3.52	4.19	17.3	11.6	4.56	4.59	6.49	6.54	6.34	6.41	12.3
74.4	82.9	86.8	98.3	96.9	111	122	149	149	137	148	137	158	160	155	143	160	151	142	130	101	67.2	79.7	89.5	66.4	76.8	75	62.6	86.9	105	119	103	64.4	65.3	73.7	56.8	50.3	40.2	33.1	41.7	33.3	35.1	45.3	54.3	65.9	59.1	75.6	67.2	59.8	59.4	84	93.6	101	118	65.8	63.2	44.7	16.8	35.9	43.4	43.5	29.6	36.4	39.3	37.9	27.6	30.5	14.5	26.5	17	10.2	18.9	45.6	34.3	22.8	5.1	1.79	3.57	12.7	18.8	10.7	25.2	25.4	30.7	20.2	36.8	22.8	36.5	16.8	47.3	17.2	27.7	59	59.1	43.4	31.8	33.9	17.5	18.7	12.6	12.1	11.2	11.3	2.84	2.88	4.67	1.48	2.2	1.43	1.72	2.1	11.6	4.95	1.22	1.22	3.92	3.93	7.42	5.53	15.2
67.1	76.9	105	114	101	114	118	116	118	127	130	134	140	142	137	109	127	124	131	132	115	99.6	67.6	57	60.7	59.8	73.4	78.9	78.5	84.1	85.7	101	61.9	40.4	93.6	51	34.2	26.3	23.7	38.4	43.3	42.3	62.4	71.2	54.5	39.2	60.4	69.9	45.2	41.9	50.2	52.7	46.1	63.3	79.4	53.1	31.9	16.5	31.9	44.4	22.2	20.4	33.4	54.1	38.3	3.16	21.5	15.3	24.6	14	9.53	12.6	7.35	34.8	25.3	4.89	38.3	48.9	28.6	25	10.6	0.353	13.4	14.2	14.9	14.8	30.6	28.9	20.2	27.9	22.1	55.5	67.9	54.9	46.3	40.9	45.8	30.3	14.9	20.2	10.9	4.64	3.75	1.6	1.09	1.74	1.04	0.981	1.1	1.34	1.7	6.56	0.976	1.05	1.04	3.32	3.33	3.23	5.89	14.6
70.2	72.3	103	122	104	101	90.5	124	109	116	131	118	127	122	106	124	108	105	96.3	123	127	89.7	94.6	76.1	64.1	57.6	65.1	78.2	96.1	98.7	93.5	40.9	41.9	38.2	55.2	35.3	21.9	21.8	28.2	35.9	39.2	47.5	28.9	43.7	30.9	46.8	39.1	28.7	21.6	33.3	27.2	37.3	64.4	53.1	33.8	45.2	36.2	32.9	38.9	38.9	18.6	30.2	30.3	25.6	45	58.3	43.8	19.1	34	25.1	18.7	0.681	10.8	15.1	16.4	16.2	38.9	57	38.4	36.6	5.06	0.194	6.46	7.6	27.3	32.4	17.4	24.7	20.2	46.3	46.1	29.6	42.1	53.5	52.6	33	25.5	29.9	14.8	18.5	32	7.34	3.93	3.4	2.8	3.59	0.92	0.825	0.886	1.08	1.4	0.709	0.824	0.886	0.888	2.78	2.92	9	18.7	25.2
92.1	83.2	92.9	126	119	97.9	65.4	91.8	101	99.7	93.8	96.2	92.4	109	123	134	115	91.8	107	141	95.6	76.2	86.9	107	102	88.9	63.3	64.6	77	98.6	107	73.1	55.9	49.1	44.8	28.1	20.1	23.7	35.3	56	29.4	23.6	34.2	34.1	30.4	35	29	31	17.8	20	18.2	24.6	27.1	11.1	8.43	7.79	22.3	25.8	17.4	10.2	20.5	24.1	28.8	39.9	21.4	45.8	27	38.5	22.5	23.1	16.5	26.1	18.1	10.8	0.371	15.7	17.9	11.7	30.8	27.6	13.3	14.6	0.177	5.09	21.7	35.6	28.5	22.4	11.8	27.8	70.1	82.1	78.5	70.8	85.7	53.9	43.9	40	23	15.6	19.1	10.3	3.95	1.68	1.15	0.885	0.906	0.774	0.798	0.937	1.18	0.594	0.734	1.05	1.21	3.01	5.16	6.31	10.8	8.52
71.8	76.7	76.4	90.6	114	87	86.2	83.3	92.3	84.8	94.9	85	89.7	91.7	95.7	99.2	97.7	94.4	127	135	128	113	78.3	109	105	103	82.4	74.8	63	80.5	101	89.5	96.6	93.6	74.4	32.8	30.5	26.6	34	29.7	15	29.2	26.3	26.2	24.3	20.2	22.8	28.4	21.3	15.5	8.19	10.1	15.9	8.89	22.8	5.2	17.8	22.5	27.6	22.3	27.6	20.8	19.2	29.7	26	40.1	15.9	12.6	8.7	12.9	18.6	18.9	17.9	12.3	1.62	0.44	1.89	4.38	6.7	3.2	29.4	25.6	6.45	0.266	32.8	27.7	45.8	32.3	9.96	8.83	27.6	36.5	16.7	30.8	19.4	14.4	29.9	20.2	24	14	10.2	7.74	10.1	2.17	1.52	9.98	1.13	0.748	0.733	0.813	0.995	0.365	7.56	1.52	9.47	8.92	6.13	18	28.5	15.4
69.9	72.9	70.7	68.6	73.1	72.7	85	100	84.2	88.4	93.9	92.9	122	135	104	118	83	91.5	159	167	149	116	89.7	111	98.9	73.7	80.7	77.4	67.6	63.6	70.4	88.5	92	95.5	98.8	47.7	38.6	28.1	18.9	9.73	15.7	21	22.6	9.71	18.5	13.5	26.1	33.1	22.8	16.6	8.58	2.65	17.5	8.5	14.9	22	14.8	28.8	34.8	34.5	45.9	43.9	39.5	30.5	76	35.4	85.1	28.8	18	13.7	10.1	17.7	10.8	11.4	0.789	3.14	3.29	0.0225	4.72	6.13	27.2	33.7	28.5	21.2	35.4	14.2	5.96	10.9	0.927	0.986	8.83	11.6	15.5	50.4	10.1	25.1	17.4	15.9	20.8	21.1	11.6	4.79	4.89	2.21	1.57	1.21	1.12	0.698	0.641	0.662	6	0.27	0.327	21.5	16.6	12	8.07	14.3	12.9	9.6
66.1	70.9	68.2	69.1	67.1	58.7	79.4	87.9	94.9	77.9	81.1	86.4	116	112	88.4	119	99.5	70.8	108	95.4	119	102	99.6	125	71.2	53.5	91.7	78.5	64.3	59.2	36	47.7	75.8	78.8	82.7	35.1	25.9	21	12.8	8.62	10.4	10.3	12.2	19.5	25.9	31.8	39.5	48.4	30	23.2	21.8	26.1	34.7	26	12	9.62	10.1	11.7	17	31.8	42.1	37.4	25	21.7	31.2	32.4	46.1	46.2	23.9	11.4	10.6	14.2	18.5	8.42	1.45	2.54	4.39	6.07	0.0059	4.43	16.8	42.5	52.5	49	53.1	47.8	23.3	21.2	31.4	11.8	0.965	8.99	6.1	13.4	10.9	17.7	39	19.7	7.04	11.9	7.96	6.88	3.71	2.1	1.52	1.18	1.07	0.654	0.583	0.597	0.62	11.5	10.5	22.7	14.1	2.03	1.94	7.23	2.5	6.38
59.9	71.6	60.6	50.3	64.4	57.8	58.1	63.9	77.1	75.3	86.3	98.2	94.7	130	85.4	74.4	96.2	100	80.3	70.1	60	75.2	68.9	100	111	71.1	83.1	93.8	60.1	42.6	32.5	31.1	56.7	57.1	68.9	28.2	13.5	10.4	13.2	13.7	7.77	1.73	10.6	22.4	18.3	16.4	25.1	46.2	25.4	40.2	57	46.6	40.6	38.9	22.9	16.6	22.9	17.7	12.5	32.6	29	30.9	33.9	28.3	19.8	38.2	62.1	49.8	48.2	51.6	41.5	23.9	15.5	5.88	1.44	3.46	6.06	16.1	0.00431	5.02	3.79	55.8	2.48	29.3	39.3	28.9	10	0.775	15.8	0.912	0.907	5.66	7.25	5.53	6.07	10.7	35.8	24.1	9.79	10.7	7.03	5.99	7.86	1.84	1.37	1.09	1.33	1.93	2.72	0.539	7.24	28.6	14.1	9.34	0.685	1.5	1.72	9.3	7.64	4.94
61.7	68.7	70.2	47.7	61.6	59.1	45.2	58.8	52.4	63	68.5	69.4	68.5	82.4	75	56.6	57.6	71.4	61.1	61.8	58.8	59.4	67.7	48.9	55.6	50.5	59.6	69.9	65.8	61.7	53.6	36	34.4	34.1	35.4	23	17.1	14.4	14.4	21.7	8.7	4.1	7.89	14.3	12.1	13.4	34	23.3	31.1	49.3	50.8	37.3	32.3	33.4	25	11.7	16	5.22	9.96	9.57	4.59	10.9	36.3	18.7	26.2	24.6	22	34.8	41.1	49.7	143	36.9	3.51	0.0161	0.0134	0	0	11	1.97	0.021	2.54	0.06	0.137	0.0682	6.69	16.8	7.92	6.97	16.9	3.62	0.878	11.5	10	4.99	5.2	9.51	21.2	12.1	7.41	4.18	5.97	4.04	2.29	1.69	1.3	1.06	0.991	0.209	0.192	0.183	7.84	8.97	0.143	0.142	0.208	0.658	10.7	12.8	10.3	4.98
72.4	75.2	63.1	49.9	40.8	48.5	46.8	47.5	51.3	57.6	47	57.2	57.4	70.8	65.6	62.9	52.1	60.2	55.4	55.3	51.8	33.1	51.7	47.7	49.4	48.6	64.2	58.9	64.6	71	64.7	44.7	34.2	34.1	35.8	27.5	25.4	24.5	14.4	13.4	8.82	9.05	10.2	11.3	22.9	20.8	24.7	44.6	41.7	45.3	55.9	60.2	40.1	46.6	34	25.5	28	12.5	6.5	3.8	3.09	14.3	19.1	4.76	11.9	3.51	8.79	13	14.3	12.5	15.4	22.6	7.77	3.86	0.00457	0	0	0	0	0.00976	0.0109	0.0422	0.104	0.0535	0.072	3.22	5.74	12.2	8.13	1.1	0.994	10.5	11.8	15.9	10.1	11.9	12.9	8.94	5.54	3.41	2.69	4.61	4.56	1.41	1.14	0.967	0.915	0.196	0.184	0.172	0.189	0.12	0.107	0.1	0.0989	0.143	3.05	1.17	6.73	1.67
53.4	62.6	57.4	44.8	41.8	34.2	43.7	48.8	49.1	56.8	52.2	57.1	55.8	51.2	61.5	49.6	48.4	53.2	45.7	41.1	60.5	36.7	32.1	39.1	52	49.5	58.8	55.1	58.2	57.7	60.9	48.8	45.7	43.8	34.8	27.6	23.4	22.2	13.5	13	11	11.2	12	11.8	14.8	10.4	29.5	50.7	35.4	26.9	54.6	58.3	63.4	51.3	38.1	23.9	42.4	35.5	4.69	0.0279	11.2	13.7	7.97	4.46	0.00478	0.486	7.15	10.6	9.13	7.14	5.03	0.000174	0.0208	3.05	0.000146	0	0	0.191	0.0276	0.00516	0.00712	0.0324	0.0809	0.0426	0.105	0.0859	0.126	4.21	3.93	0.825	4.24	10.2	15.8	13.1	3.61	10.4	8.36	9.18	5.5	2.73	2.37	1.94	1.49	1.16	1.2	0.841	0.8	0.174	0.164	0.151	0.132	0.0958	0.0796	0.0702	0.0676	0.159	0.448	6.25	1.44	1.49
56.3	58.6	53.8	43.6	44.4	39.2	30.3	46.3	44.1	46.8	58.5	43.7	35.7	47.4	45.6	51.5	39.6	43.3	44	57.7	49.2	39.5	34	30.8	47.4	60.3	48.6	51.9	56.9	61.7	61.7	52.4	45.3	39.4	33.3	25.6	24.3	22	22.1	25.9	16.8	10.2	11.8	17.2	11.6	17.7	24.6	39.8	31.7	32.2	31.5	28.5	41.4	40.8	37.8	20.1	15.5	15.8	1.83	3.44	15.7	3.85	5.81	2.75	8.11	1.31	1.46	3.08	1.91	9.2e-05	9.21e-05	0.000125	0.000125	0.000146	0.00019	0	2.7	0	0	0.0336	0.00986	0.0305	0.0692	0.0358	0.0477	0.0711	4.09	3.77	3.57	11.9	4.32	17.1	16.2	14.5	4.84	4.55	5.23	10.7	5.42	3.47	2.69	2.81	1.28	2.01	0.828	0.681	0.647	0.14	0.132	2.15	0.104	0.0742	0.0603	0.0525	0.0511	0.0441	0.36	1.01	1.51	1.49
42.2	36.8	22	33.3	26.3	35	21.8	25.5	27.1	29.4	32.9	43.2	19.3	19.6	24.9	45.6	44.2	42.8	51.2	48.6	38.2	35.2	33.3	37.9	35.9	31.9	36.8	45.2	53.4	52.4	53.1	41.9	41.6	34.6	27.4	20.7	21.9	26.4	18.7	20.7	20.7	20.3	13.5	15.3	11.3	13.2	34.5	26.8	15.8	16.9	5.61	5.89	13.7	26	36.5	20.5	9.72	2.47	0.12	0.093	0.0544	3.36	0.0227	0.96	0.0277	0.00906	4.78	0	0	0	0	0	0	0	0	0.00257	0.00339	0.00778	0.0157	0.0346	0.0463	0.105	0.235	0.0347	0.0458	0.0678	4.2	20.2	8.14	0.47	0.456	9.77	1.76	0.364	8.7	6.77	8.09	3.4	3.07	1.36	3.16	2.42	0.348	0.45	3.46	0.332	0.314	0.367	0.076	0.0681	0.0576	0.0237	0.0186	0.0158	0.0156	0.0702	1.57	0.744	1.16	1.41
30.1	20.1	21.2	21.1	22.3	21.1	24.6	17.1	12	16.3	31.3	42	31	35	15.9	33.3	39.7	35.7	40.1	41.6	35.5	31.2	32.3	36.7	34.2	33.6	35.4	43.9	51.2	53.8	52.8	37.8	36.1	31.3	27.1	26.6	32	26.2	23.8	30.9	11.5	18.6	20.3	12.2	12.5	9.16	19	10.6	7.66	5.21	3.23	6.14	9.16	15.8	20.5	23.9	7.11	5.42	12.3	0.0739	1.36	2.79	18.3	11	3.5	0.884	18	0	2.77	0	0	0	0	0	2.29	0.00337	0.00468	0.01	0.0195	0.0425	0.0562	2.41	3.72	0.0264	0.0338	0.0489	3.21	7.32	3.51	0.338	0.324	0.28	0.267	0.248	0.222	0.927	7.37	11.6	1.69	0.38	0.287	0.231	0.252	2.01	3.75	0.228	2.98	0.0548	0.309	1.01	0.0355	0.0137	0.00965	0.00769	0.00782	0.0369	0.734	0.821	1.29	1.56
38.4	26.6	27.5	17.7	17	18.3	15.4	16.7	13.5	15.2	20	41.6	40.9	26.8	32.1	37.1	30.3	28.9	30.6	33.3	33.7	32.8	34.5	35.6	37.4	37.9	36	43.4	49.6	56.4	53.6	43.9	36.4	39.7	45.7	25.9	26.7	23.6	25.1	32	19.2	22.1	15.3	6.84	6.38	1.46	5.2	5.31	3.14	3.33	3.62	2.72	7	14.3	15.2	14.9	17.7	16.8	7.49	3.63	2.78	7.16	11.2	15.2	5.12	0.0136	16.4	8.39	2.32	0	2.9	3.09	2.93	0.887	0.827	0.00663	0.00918	0.0174	0.0312	0.066	0.0862	0.123	0.175	0.0253	0.0627	0.0414	0.0569	0.2	0.241	0.253	0.237	0.2	0.185	0.168	0.147	0.59	0.492	5.33	0.566	0.262	0.245	0.948	0.206	0.601	0.165	6.18	2.95	0.0588	0.0788	0.309	0.0216	0.0076	0.00453	0.00318	0.00359	0.0185	0.383	0.957	1.48	1.77
33	22.6	23.9	23.7	26.4	21.1	15.9	20.3	18.3	15.8	15.7	29.6	27.8	17.2	20.5	40.8	33.6	24.2	32.3	45.8	42.5	37.1	37.1	41.3	39.2	45.5	49	47.4	52	58.8	59.8	52.2	46.1	55	56.5	25.1	16.2	15.4	21.8	38.9	35.8	23.9	9.39	7.13	5.65	9.47	3.59	4.81	4.76	8.76	11.1	6.4	3.53	6.06	7.78	8.2	21.1	15.8	10.3	4.65	4.95	0.045	1.17	2.08	0.613	4.74	3.03	4.04	9.71	0.276	1.82	3.03	0	0	0	0.0123	0.0169	0.0435	0.0509	0.105	2	0.744	0.25	0.0317	0.0376	0.0456	0.0566	0.187	0.216	0.221	0.203	0.165	0.147	0.129	0.113	0.443	0.363	0.296	0.245	0.782	6.49	9.52	7.65	2.73	0.553	0.323	7.33	8.67	0.0241	0.0429	0.0158	0.00554	0.00327	0.00236	0.00281	0.0151	0.436	1.05	1.64	1.99
20.2	14.3	17.4	22.9	22.1	19	26.3	25.2	18.1	13.2	11.8	23.9	28.2	24.2	31.2	35.3	31.7	32.2	32	41	44	45.4	47	47	37.4	40.4	44.8	53.9	61.1	59.5	55.6	43.7	51.1	48.4	48.8	42.3	29.8	22.7	20.5	46	46.7	26.6	15.7	10.9	7.21	8.77	8.39	7.13	6.79	10.7	10.9	6.81	4.76	2.51	3.77	4.06	7.39	9.55	13.8	22.3	3.39	1.55	0.172	1	2.22	0.102	2.93	6.76	12.9	5.48	0.339	0.000817	0.000943	0.00272	0.0061	0.0261	0.0354	0.558	0.643	0.806	1.9	0.581	0.487	0.083	0.0959	0.108	0.122	0.212	0.233	0.23	0.203	0.0789	0.0659	0.055	0.0468	0.0834	0.0655	0.0518	0.0428	0.02	0.799	4.53	8.97	2.78	2.58	0.98	3.48	0.228	7.85	4.41	0.0139	0	0	0	0	0.00881	0.337	0.849	1.35	2.09
15.6	17	22	17.6	20.4	18.6	16.4	18.7	18.6	18.5	12.2	19.9	25.8	30.4	23.8	29.7	31.7	29.2	33.4	36.2	37.3	42.9	45.6	43.5	38	41.2	44	55.1	61.5	55.5	48.6	36.7	37.7	36.4	42.6	42.1	33.7	32.7	38.7	43.9	50.3	34.9	23.1	27.8	21.9	7.6	14.3	9.46	14	11.9	16.2	4.51	1.55	1.87	3.56	6.91	7.04	7.95	8.03	11.2	0.266	1.57	2.5	2.37	0.793	1.33	0.409	1.22	1.42	0.62	0.0148	0.00114	0.407	0.00364	0.00808	0.0343	0.0463	0.608	1.85	1.02	0.396	0.486	0.731	0.0966	0.11	0.118	0.122	0.196	0.203	0.19	4.33	6.64	0.0411	0.0304	0.0245	0.0402	0.0278	0.0196	0.0161	0.0234	0.00534	0.0197	0.468	2.73	5.12	7.04	3.69	2.38	7.63	7.25	0.347	0	0	0	0	0.00622	0.432	0.946	1.48	2.28
22.5	27.6	26.3	27.9	21.3	19.9	15.6	17.4	18.2	16.4	13.1	17	18.4	20	19.6	24.7	26.8	31.2	29.5	34.6	35.1	37	39	46.6	48.3	50.8	47.7	59.4	64.8	69.5	54.4	32.3	32.1	39.8	33.8	28.9	26.4	17.4	32.8	56.6	51.8	29.6	24.7	16.9	17.8	18.2	16	9.73	9.26	14.5	20.7	5.93	2.04	6.37	6.63	6.76	10.2	6.71	3.33	3.58	2	4.33	3.43	4.37	4.36	3.27	3.87	3.82	1.37	3.62	0.373	0.00795	1.05	0.0118	0.018	0.0666	0.0834	0.121	0.178	0.402	0.499	1.42	1.6	0.175	0.121	0.126	0.125	0.193	0.191	0.174	0.14	0.0473	0.0315	0.0207	0.0153	0.0214	0.00996	0.00375	0.00287	0.00117	0.000655	0.000496	4.25	0.004	0.0473	5.99	5.86	6.14	2.2	4.41	8.88	6.28	0.0155	0	0	0.00751	0.349	0.922	1.5	2.37
21.2	28.2	30.3	23.6	44.1	36.9	19.3	15.8	16.4	20.6	23.6	17.8	19.5	19.1	23.8	26.8	32.8	34.7	30.5	38.5	33.2	31.9	37.5	40.4	44.7	53.8	47.7	58.9	59.7	63.7	61	37.2	34.1	36.5	29.6	29.4	25.9	26.7	32.2	30.5	36.7	18.6	9.5	7.96	9.21	20.8	13	6.61	7.71	9.76	8.68	8.59	4.71	8.72	7.61	7.25	6.82	5.93	4.52	2.37	1.1	0.95	1.92	4.11	7.02	5.59	9.11	9.5	7.18	4.53	0.535	0.138	0.404	0.404	0.036	0.122	0.146	0.296	0.246	0.521	0.618	0.703	0.777	0.12	0.13	2.17	0.132	0.203	0.2	0.183	0.15	4.91	0.0373	0.0261	0.0193	0.0269	0.0122	1.24	0.00322	0.00125	0.000608	0.000354	0.742	0.036	0.00349	0.00365	2.74	6.9	4.78	1.03	4.37	6.01	5.28	0.0184	0.0223	0.0127	0.381	0.977	1.62	2.6
14.8	13.9	21.5	20.6	33.2	29.6	22.4	14.9	17.6	23.1	25.4	24.3	21	25.1	39.6	37.9	38	31.3	31.4	28.7	23.3	26	29.7	32.1	42	42	38.9	44.6	45	45.9	54.6	45.6	34.9	30.5	29.6	27.8	30.9	32.1	29.9	30.2	29.4	32.2	28.8	18.5	19.3	37	39.5	11.4	7.56	4.48	4.35	3.89	6.31	9.48	5.05	1.7	1.89	1.82	5.28	8.8	3.41	0.15	0.121	0.75	2.2	0.203	3.84	10	19.3	21.8	3.89	3.32	0.118	0.14	0.176	0.0725	0.0846	0.103	0.128	0.705	0.814	0.901	0.965	13.4	6.21	1.1	9.14	1.13	1.11	1.02	0.85	0.153	0.115	0.0846	0.0628	0.0646	0.029	4.96	0.00714	3.77	0.0596	0.0565	0	0	0	0.18	0	0	4.52	1.14	2.68	3.9	3.97	0.779	0.00685	0.0392	0.376	0.899	1.54	2.46
17.6	16.4	14	14.6	19.9	26.4	22.2	20.5	19.8	20.3	21.6	29.1	26.2	28.4	26.8	45.7	42	28.9	31.5	31.8	30.3	25.5	26.9	29.3	39.3	37.5	41.3	48.9	43.4	43.2	36.7	36.1	32.7	34	32.9	31.6	34.7	36.6	32.2	39.7	40.1	33.2	30.3	36.6	24	23.6	20.1	8.88	6.96	2.51	4.43	4.52	5.04	4.62	4.35	1.57	1.39	1.23	5.09	10.5	8.55	4.2	0.131	0.425	0.407	0.238	0.214	2.95	10.3	15.8	14.9	7.43	1.96	1.05	0.289	0.708	0.109	0.13	0.185	0.833	0.943	1.02	1.07	1.11	1.15	1.16	1.35	1.4	1.29	1.22	0.967	0.167	0.13	0.0989	0.0734	0.0756	0.0335	5.21	5.17	3.41	0.0184	0	0.0163	0	0	0.0585	0	0.0119	0	0.0372	3.49	3.02	6.16	7.53	0.00885	0.0506	0.383	0.965	1.66	2.66
10.5	8.94	11.1	13.9	16.5	21.2	18.1	14.4	16.1	21	34.7	32.1	53	36.3	39	51	53.1	46.6	47.8	53.6	47.3	36.4	42.5	33.2	31.8	37.9	39.8	42.2	39.2	43.6	42.6	35	32.5	35	36.3	51.3	42.5	38.2	34.7	39.6	30.1	23.3	25.4	9.98	7.63	6.29	1.59	4.82	4.83	3.99	2.85	3.57	3.69	4.13	4.25	5.62	1.43	1.31	1.22	0.219	6.9	0.907	0.154	0.521	0.411	3.26	0.319	4.26	13.1	14.2	17.1	11.9	2.43	0.325	0.393	2.43	0.177	5.52	8.3	1.05	1.12	1.16	2.67	1.17	2.65	1.36	1.59	1.65	1.55	1.46	1.2	0.321	0.137	0.106	0.0792	0.0828	0.038	0.014	0.0107	0	0	2.54	2.87	0.139	0.0201	0	0	0	0	0.0132	0	2.17	5.08	16	16.2	6.29	2.63	1.07	1.8	2.88
9.79	10.6	11.4	12.8	15.2	21	23.6	16.7	17.8	26.7	42.8	47.2	50	51.4	54.2	61.3	61.9	85.4	57.6	53.2	48.7	47.2	38.3	31.6	27	33.1	38	47.7	55.7	44.4	35.8	34.8	29.2	33.3	47.6	53.9	44.2	42.6	29.9	23	25	26.3	22.1	6.59	2.17	4.89	6.79	8.03	5.37	6.09	5.6	4.25	3.04	5.51	7.13	9.41	2.29	1.51	1.86	0.245	0.229	0.211	7.6	0.668	4.17	3.48	0.477	3.87	13.3	15.2	24.6	11.6	6.84	1.68	6.52	7.86	0.283	6.43	6.83	1.36	1.34	1.31	1.27	1.21	1.34	1.49	1.65	1.7	1.6	1.54	1.31	12.7	0.15	0.107	0.0806	0.086	0.0423	0.0382	0.0156	0	0	0	2.58	0.138	0	0	0	0	0	0	0	0.00366	3.9	34.4	21.5	10.2	8.17	1.13	1.89	3.05
10.3	10.2	19.3	37.5	18	26.3	19	18.7	17.1	23.4	74	55.8	70.9	61.2	55.5	79.7	79.8	66.4	54.4	47.1	40.3	33.9	33.5	27.8	35.6	32.1	30.7	36.7	34.2	39	34.4	29.8	26.2	33.2	46.5	51.9	40.2	28.9	30.1	33.7	29.3	27.3	24.6	5.37	5.67	5.31	12.3	11.7	7.55	6.84	7.57	3.89	2.16	6.37	13.3	4.2	5.1	2.1	2	0.729	0.321	0.61	15.1	10.4	1.3	2.15	1.15	3.01	6.77	14.2	16.5	15.1	7.81	3.5	2.69	2.86	4.33	4.05	0.489	1.99	1.86	1.74	1.69	3.13	4.5	1.86	1.89	2.04	1.92	1.83	7.29	19.3	19.1	13.1	0.0972	6.39	5.55	0.22	0.0353	0.0483	0.0269	5.9	5.69	0.0303	0.0284	2.04	0.0203	0.00488	0.00341	0.00386	0.00622	0.0185	2.61	7.91	0.0955	2.7	9.01	1.43	2.42	3.23
8.2	8.5	11.1	31	35.6	18.3	15.8	14.2	15.6	26.3	33.7	32.8	51.8	69.9	84.4	83.2	116	85.7	74.6	51	41.3	34.3	28.8	29.6	40.9	35.8	27.2	35.8	33.2	37.1	38.7	37.4	35.3	32.1	31.2	38.5	44.4	35.8	32	42	43.2	31.6	29.2	3.38	3.31	13.8	17.3	8.42	6.47	8.81	3.98	2.93	6.09	10.6	42.3	41.6	25	2.34	2.24	0.771	0.356	0.337	5.42	7.89	3.52	2.79	2.52	1.41	4.39	7.13	13.3	9.27	3.63	4.03	8.46	11.2	11.2	8.02	0.59	2.37	2.14	2.05	1.97	3.5	4.25	1.93	1.98	2.1	2.02	1.86	1.57	0.652	15.5	18.2	0.0986	14.9	7.39	5.56	4.55	2.1	0.0362	4.6	12	0.0493	0.593	3.3	0.0284	0.00682	0.781	0.00534	0.0085	0.0251	2.93	3.11	0.121	5.25	0.638	3.09	4.16	3.33
8.8	8.15	7.92	10.9	9.45	11	11.4	11.2	14.9	23	31.8	22	27.6	34.9	67.2	74.8	98.1	127	97.3	57.1	51.6	40.5	27.5	27.1	35.2	55.1	36.7	37.8	35.6	36.5	40.5	42.2	43.3	37.8	29.4	47.7	34.6	49	30	42.6	59.6	56.7	39	16.1	6.2	5.8	27.6	12.9	9.08	8.19	4.9	4.95	6.21	2.51	7.18	22.8	11.5	4.45	2.94	1.37	0.693	0.402	0.4	2.49	10.8	3.03	1.72	1.67	1.63	1.81	5.68	5.26	6.5	6.01	11.6	25.8	14.3	14.1	8.22	6.35	3.89	2.6	2.38	2.95	5.42	1.97	1.99	2.08	1.91	1.8	1.52	0.773	0.397	0.119	0.0928	6.95	6.5	5.63	8.57	4.23	1.51	0.921	1.22	0.159	1.25	1.26	0.0611	0.0175	0.016	0.017	0.0207	0.0526	0.0605	0.0959	0.159	1.71	2.12	3.04	2.37	3.33
6.37	7.13	8.26	12.3	9.82	11	9.31	8.27	11.7	19.5	30.1	44.5	27.9	37.6	30.3	46.2	54.5	79.2	84	57.2	59.1	47.2	40.9	40.6	37.1	41.4	37.5	36.7	40.6	42.1	41.1	37.2	42.3	41.7	26.5	36	42.5	39.4	39.4	48.7	60.2	57.3	45.3	43.6	39.8	26.1	17.9	14.1	11.8	7.14	8.8	20.2	4.63	3.41	3.08	14.8	4.03	4.16	3.4	1.48	1.86	1.82	0.895	2.56	10.8	5.08	4.21	5.61	8.73	9.81	4.22	2.33	3.75	6.24	3.66	7.57	11.6	10.3	15.3	17.7	11.1	3.31	2.87	2.58	3.62	1.91	1.92	1.96	1.76	1.63	1.35	0.745	0.386	0.0982	0.0797	0.14	3.62	4.2	3.75	2.2	0.73	0.0796	0.0795	0.119	0.125	0.986	0.118	0.0368	0.0369	0.0389	0.0428	0.101	0.109	0.174	0.209	0.416	0.513	1.21	2.34	3.37
4.47	6.26	5.87	6.58	7.53	8.65	8.13	8.33	8.81	10.2	9.28	23.9	16.2	14.5	17.8	30.1	28.1	27.7	38.6	40.7	54.9	46	53.5	65.4	50.6	47.3	41.7	40.1	32.2	37.9	37.7	45.4	53	59.2	31.3	29.5	32.2	39.2	37.6	41.8	62	60.8	52.7	67.5	43.5	39.9	37.5	22	16.3	6.52	3.03	11.4	10.5	5.34	1.4	2.39	4.64	17.8	9.49	1.23	1.49	3.29	0.651	3.68	3.26	3.12	3.36	4.62	7.61	4.9	4.53	7.91	9.72	14.3	8.77	9.74	13.1	25.4	18	10.4	11.9	5.71	4.64	2	1.52	1.29	1.3	1.34	1.15	5.1	0.838	0.574	0.295	0.216	0.182	0.18	0.139	0.12	0.125	0.192	0.199	0.203	0.205	0.729	0.241	0.246	0.254	0.229	0.236	0.248	0.503	0.236	1.85	0.309	0.411	0.491	0.589	1.18	5.64	4.05
4.38	5.95	5.7	5.78	6.81	6.85	7.12	6.95	7.45	8.58	9.67	12.5	6.62	8.5	8.28	23.6	19.8	20.7	24.1	29	28.9	31	39.6	51.8	61.4	45.5	38.9	36.5	29.3	30.3	37.7	42.1	46.3	47.1	39.2	38.3	38.6	40.2	37.3	49.4	64.6	78.5	63.7	58	53.4	47.4	38.1	23.7	19.7	7.16	6.6	11.9	27	8.56	1.66	1.53	1.32	12.4	21.3	1.63	1.18	4	1.06	4.23	3.72	3.42	3.26	6.01	6.49	5.52	5	12.8	16.3	16	15.8	20.1	18.5	14.5	11.8	11.2	10.6	6.61	5.78	2.05	1.39	1.07	1.08	1.07	1.93	3.44	0.537	0.236	0.181	0.16	0.145	0.179	0.141	0.136	0.147	0.232	0.248	0.257	0.261	0.307	0.312	0.321	0.336	0.308	0.321	0.336	0.354	0.313	0.327	0.388	0.491	0.568	0.666	1.19	2.39	16.2
4.53	5.77	5.84	5.98	6.22	6.34	6.85	6.88	6.35	6.06	5.67	4.7	5.13	4.78	6.16	8.31	15.1	29.9	33	17.7	19.3	21.2	27.6	36.2	40.7	41.4	37.2	34.5	25.5	24.7	36.7	35	38.6	43.3	39.6	44.6	47.4	48.1	49.6	53.1	68.1	74.8	81.3	65.1	55.6	47	43.8	17.4	11.1	10.7	4.63	10.8	33.8	23.8	1.9	1.74	1.51	1.59	6.64	1.51	1.42	8.35	2.22	4.86	4.17	3.67	3.6	6.69	4.32	5.04	7.07	12.2	15.2	12.7	17.4	17.6	19.1	19.4	6.67	10.7	10.7	9.12	6.89	7.27	1.55	1.12	1.12	1.08	0.824	0.657	0.464	0.183	0.135	0.124	0.122	0.147	0.161	0.15	0.936	0.269	0.292	0.308	0.319	0.386	0.393	0.421	0.465	0.448	0.486	0.518	0.542	0.475	0.496	0.554	0.646	0.705	0.791	1.24	2.46	14.1
3.46	4.55	5.54	5.01	5.45	5.31	5.04	5.51	5.77	5.48	5.53	3.87	4.21	4.82	5.06	6.31	6.36	12.6	39.1	20.5	17.7	18.6	22.4	29.6	34.5	37.2	33.5	27.7	25.1	26.4	26.2	33.3	30.6	32.9	44	50.6	52.4	54.2	57.4	57.8	68.3	68.7	58	66.6	58.2	39.8	46.9	17.6	7.96	13.8	4.1	5.86	8.52	2.28	2.07	1.93	1.7	1.53	1.43	1.18	1.09	1.02	7.72	6.87	4.93	4.07	3.47	2.81	2.58	3.58	4.09	9.9	11.2	13.4	15.3	8.68	15.1	13.7	18.8	12.5	11.9	9.45	7.35	2.78	1.72	1.18	1.14	1.1	0.824	0.639	1.85	0.169	0.115	0.109	0.114	0.144	0.149	0.162	0.183	0.3	0.331	0.357	0.377	0.754	0.486	0.685	0.641	0.655	0.731	0.793	0.828	0.725	0.756	0.806	0.874	5.5	0.963	1.32	5.81	8.58
2.24	2.16	3.27	2.46	2.69	2.77	2.82	3.6	3.51	3.78	3	1.61	1.24	2.02	2.29	3.73	5.36	7.27	13.8	11	11.6	17.1	16.8	23	25.6	30.1	27.8	44.3	40.7	33.3	33.5	32.1	30.6	32.3	32.1	68.2	59.6	60.3	67	71.2	79.2	77.1	74.8	70.2	68.5	51.5	39.3	47.6	43	34	28.7	14.4	13.6	16.7	14.6	15	18.4	9.26	8.28	7.48	12.7	8.43	8.75	12.3	11.4	7.81	5.81	2.43	2.25	3.39	4.22	9.41	5.51	7.25	19.4	20.8	19.3	26.4	18.5	16.8	21.6	13.7	8.25	2.88	2.56	2.01	1.87	0.756	0.601	0.486	0.283	0.0816	0.0714	0.0704	0.117	0.173	0.188	0.212	0.243	0.374	1.13	0.463	0.84	0.567	0.605	0.703	0.856	1.22	1.4	1.53	1.6	2.84	1.39	1.44	1.51	9.28	0.985	21.4	11.9	6.77
2.27	2.5	1.59	4.09	3.53	2.24	2.36	2.48	4.17	2.92	2.34	1.38	1.12	1.32	1.94	2.24	2.73	3.66	6.11	9.1	8.02	13.8	13.2	18.8	21.3	25.9	23.1	50.6	60.2	42.6	40.4	33.7	36.4	38	37.8	59.1	46.8	54.2	64.1	67.3	66.6	77.3	98.5	74	72.1	56.5	49.2	54.7	54.3	41	38	18.2	11.9	14.7	12.7	27.8	28.2	23.3	20.7	8.31	11.1	10.3	15	20.6	13	10.9	7.25	3.45	1.89	5.64	5.36	12.5	9.15	9.08	17.3	20.4	30.9	23.6	18.8	15.7	16.8	14.7	9.35	5.25	2.26	1.85	0.986	0.577	0.393	0.281	0.102	0.065	4.17	0.0817	0.0721	0.17	0.362	1.24	0.397	0.41	0.461	0.511	0.557	0.65	0.702	0.832	1.04	2.38	1.75	1.91	2	1.66	1.73	1.78	1.81	12.6	1.13	6.14	4.17	5.57
3.19	0.924	1.08	2.07	6.64	1.71	1.49	3.71	2.09	2.25	3.11	1.46	1.61	1.47	2.18	3.02	2.39	3.32	4.4	5.77	8.18	9.29	12.4	15.6	18.7	23.5	22.3	30.4	30.9	33.6	27.5	39.6	45.6	40.5	36	48.2	68.6	44.3	81.9	78.3	66	75.8	82	74.2	68	64.6	68.2	62.8	61.2	44	37	18.2	14.9	15.3	15.1	17.2	26.2	26	19.2	9.46	11.4	13.5	17.6	16.9	16.3	14.4	8.25	3.34	2.25	1.85	3.34	9.97	8.02	13.9	12.8	14.9	26.8	23.3	11.3	16.7	15.1	12.9	10.1	3.73	2.06	1.15	0.907	0.467	0.247	0.134	0.103	0.106	3.18	0.097	1.42	0.226	0.242	0.269	0.305	0.467	0.517	0.566	0.611	0.706	1.41	0.892	1.71	2.47	2.42	4.52	6.71	3.93	1.99	2.13	2.31	1.5	1.61	1.84	3.09	5.24
6.09	4.01	0.765	0.961	1.21	1.22	1.36	2.27	1.42	1.67	1.59	1.37	0.381	0.622	1.13	1.82	2.31	2.52	3.63	4.69	10.2	11	9.42	13.5	13.8	17	19.2	27.2	29.7	34.3	32.7	41.6	47	38.9	36.5	42.7	43.2	48.7	78.5	69.4	75.5	69.3	72.3	73.6	66.6	64	68	61.7	51.9	49.2	36.7	27.8	34.3	21.7	15.3	16.1	11.6	15.3	14.8	10.7	10.7	15.2	24.4	15.4	13.3	12.9	10.4	5.45	2.49	2.06	2.91	5.63	6.86	10.7	13.7	10.1	15.6	23	26.3	19.6	15.5	13.3	10.5	3.76	2.26	1.34	1.05	0.484	0.301	0.204	0.194	0.203	1.83	0.183	0.177	2.74	0.329	0.339	0.397	0.589	0.586	0.622	0.652	0.878	1.43	0.883	1.08	1.55	1.78	3.44	5.34	4.43	4.4	4.41	2.99	3.42	2.41	2.77	3.84	7.73
0.399	0.86	2.79	5.4	0.569	0.747	0.494	0.24	0.262	0.198	0.195	1.91	0.355	0.48	0.581	0.917	1.19	1.48	2.11	2.71	3.09	6.29	5.61	6.01	6.75	7.74	11.9	15.6	16.8	19.2	20.3	42	45.7	36.8	41.1	46	43.4	48.2	48.9	61.4	63.3	56.7	62.6	56.1	62.2	59.6	63.7	57.9	59.8	51.3	45.2	34.5	38.2	25.3	23.8	19	15.8	17.1	15.1	10.7	15.5	22.6	22.3	22.7	18	15.6	15.7	7.37	2.75	2.66	3.63	5.83	12.7	18.4	16.9	17.9	19.7	28.4	26.6	17.1	14.2	11.6	8.79	4.09	1.99	1.25	1.02	1.94	0.884	0.658	0.629	0.722	0.69	0.649	1.36	1.27	1.39	0.48	0.507	0.693	0.73	0.756	0.772	1.23	1.93	1.29	1.17	1.35	1.72	1.77	2.06	2.98	4.09	5.73	5.01	8	6.04	6.95	8.07	19.9
0.107	0.0498	0.315	1.48	1.57	4.12	0.569	0.0751	0.0669	0.0823	0.729	0.873	0.513	0.208	0.341	0.827	1	1.1	1.39	1.99	2.27	2.81	5.12	6.51	4.83	5.2	5.31	6.38	7.32	7.8	8.57	28.3	49.8	64.9	57.7	63	60	58.3	47.7	57.7	74.8	61.8	61.7	53.5	51.4	54.8	56.3	61	68.5	58.1	61.4	46.5	40	29.5	23.6	21	15.3	16.1	15.7	13.2	12.6	11	10.6	17	21.1	18.9	12.5	9.04	3.86	3.02	4	7.43	12.2	19.8	34	18.1	11.8	18.1	24.4	17.3	13	11.3	9.1	3.34	2.15	1.71	1.16	1.55	1.1	0.861	0.827	0.952	0.914	0.868	1.65	2.1	3.13	1.28	1.17	0.779	0.82	0.819	0.819	1.03	1.69	1.5	1.13	1.29	1.7	2.18	2.4	2.58	3.85	4.47	5.44	9.61	11.2	13.8	9.65	24.8
0.0874	0.0288	0.0268	0.0691	0.084	0.581	2.16	0.983	0.469	0.00755	0.267	1.84	0.533	0.225	0.271	0.563	0.705	0.856	1.14	1.64	1.88	2.21	2.82	7.25	4.1	3.95	3.83	3.46	5.47	7.49	5.34	13.8	27	54.6	53.3	55.3	53.6	48.3	45.4	60.5	73.1	70.1	64	51.2	56	56.2	47.7	51	58.6	55.6	61.9	51.8	43.7	32.9	26.5	21.7	24.4	23	17.3	12.2	11.3	10.7	11.9	12.7	19.1	18	9.28	11.6	6.55	5.6	4.84	7.04	9.45	11.5	20.6	16.7	11.7	18.5	29.8	20.6	16.4	11.6	9.34	3.48	2.33	1.57	1.34	1.86	4.75	1.76	1.17	1.34	1.3	1.2	1.06	0.894	0.762	2.21	1.31	0.836	0.81	0.933	0.779	0.813	1.14	1.76	1.27	1.13	1.51	2.36	2.91	2.4	3.17	4.11	4.84	6.49	12.2	21	16.9	24.5
0.0311	0.025	0.0225	0.0547	0.0472	0.039	0.447	0.934	0.431	0.184	0.0677	0.0881	0.474	0.162	0.184	0.444	0.687	0.721	0.926	1.23	1.52	1.7	1.98	2.58	3.64	8.31	2.94	2.18	7.41	7.16	4.85	11.3	17	52.2	85.6	61.2	79.6	89.8	71.7	67.7	80	78	87.2	65.9	48.2	44.6	50	42.1	48.6	51.8	68.8	49.5	44	51.2	37.1	24.6	25.9	20.6	16.8	12.3	11.6	9.1	13.1	18.7	19.9	16.6	8.85	5.64	7.26	8.37	8.33	8.02	9.08	11.1	14.5	11.1	15.6	13.5	19.4	17.7	20	15.5	10.2	7.12	2.46	1.75	1.55	2.28	4.55	4.77	4.23	2.73	1.83	1.68	1.47	1.21	1.01	0.847	1.73	1.93	1.38	1.01	0.851	0.662	0.874	1.63	1.71	1.06	1.18	1.63	2.66	3.57	3.89	3.44	4.37	8.22	10.9	12.5	14.5	29.6
0.09	0	0	0	0.00721	0.0205	0	0	0.0734	0.181	0.181	0.0453	0.0804	0.292	0.519	0.543	0.587	0.801	0.948	1.17	1.39	1.52	1.73	1.71	1.82	4.45	2.06	0.719	2.7	5.86	1.64	3.17	3.45	27.8	48.2	78.6	91.4	81	70.7	78.1	76.1	75.2	70.3	79.5	57.3	47.9	42.4	34	31.4	37.7	38.2	36.3	34.9	35.7	36.6	35.6	25.4	19.1	19.5	15.6	18	12.9	15.4	18.9	21.9	30	24.1	13.2	9.7	10.3	9.88	2.6	5.45	10.9	2.15	3.57	55.4	30.1	34.9	4.06	17.3	3.2	2.26	2.23	2.98	0.55	0.504	2.92	1.76	2.1	2.16	5.19	2.19	2.58	1.96	1.28	1.04	1.55	1.54	1.05	0.945	0.883	0.884	0.691	0.377	0.674	1.65	0.838	0.341	0.324	0.811	4.25	4.72	4.27	2.84	6.27	5.46	6.38	12	17.2
0.06	0.15	0.12	0.0188	0	0.00682	0.00635	0	0	0.0488	1.08	0.358	0.0224	0.0596	0.189	0.513	0.525	0.687	0.895	0.92	1.08	1.22	1.25	1.21	1.24	1.17	1.24	0.6	0.654	1.54	1.74	2.1	17.5	6.61	21.7	58.2	75.3	83.5	74.3	83.2	79.7	76.3	70.6	79.1	60.8	52.8	47.8	53.2	41.5	35.2	42.2	50.2	38.4	41.9	46.2	46.2	29.4	22.9	18.8	16.8	25.7	16.4	14.4	11.4	12.8	16.5	21.2	13.1	15.1	16.3	20.8	14.4	11.4	9.35	2.75	3.93	12.5	42.2	14.2	4.64	29.9	58.1	3.22	11.1	12.4	25.7	6.72	8.23	6.54	4.68	5	3.57	2.67	3.71	3.87	1.54	1.24	0.985	0.795	0.401	0.859	0.19	0.842	0.736	0.593	0.127	0.513	0.862	0.659	1.06	0.958	1.06	3.6	6.43	7.66	7.09	5.23	7.06	6.58	12.8
0	0	0.18	0	0	0	0.0378	0	0	0.0036	0.579	1.61	0.493	0.0383	0.0922	0.507	0.475	0.521	0.656	0.78	0.915	0.955	0.944	0.901	0.925	0.831	0.982	1.2	0.319	0.205	0.49	1.03	23.8	2.33	7.85	25.3	41.5	54.5	73.4	76.9	75.4	74.6	65.4	66.3	62	51.6	45.6	45	40.5	46.5	41.7	61.4	42.5	45.6	47.4	49.7	52.3	46.1	31.2	18.5	15.2	13.8	18.8	12.3	11.1	11.9	11.5	10.3	15.7	20	34.9	28.4	18.1	3.88	3.85	20.3	28.5	30.1	8.14	4.33	4.61	5.31	3.74	14.1	60.8	60.4	38.6	30	15.6	6.84	4.91	12.2	11.4	6.63	5.86	7.57	5.05	4.43	1.59	2.44	0.494	0.214	0.845	0.834	0.623	0.158	0.593	1.01	1.49	1.35	1.1	0.872	1.11	5.79	6.45	6.88	4.66	5.42	6.3	8.64
0	0	0	0.0566	0.0376	0	0	0.0796	0	0	0	0.051	0.0111	1.4	0.144	0.211	0.411	0.699	0.601	0.773	2	1.67	0.859	0.764	0.898	0.823	0.751	1.52	0.336	0.66	0.894	2	1.08	2.07	3.8	15.9	22.8	30.3	45.4	56.2	72.3	79.2	80.6	76.8	66.6	49.9	58.3	43.4	34	37.1	34.9	33.5	34.2	50.7	51.5	55.8	56.1	54.3	42.7	31.6	17.8	14.1	13.4	12.5	12.2	13.6	13.4	13.8	20	26.5	30	40.9	16.4	8.96	14	21.3	46.5	84.7	47	5.79	11	4.77	2.88	4.92	30	35.3	22.9	27.5	16.1	19.1	24	19.6	16.2	12.7	5.52	7.2	7.26	5.79	4.47	0.932	0.469	0.314	0.933	1.49	0.873	1.76	0.688	1.34	1.69	1.62	1.36	1.18	3.48	3.74	3.55	9.57	4.68	5.3	6.56	13.4
