88.4	99	127	167	149	121	122	87.7	97	99.3	105	97.4	84.4	79.8	75.4	78.4	71.6	68.6	78.2	89.4	101	121	114	114	108	106	110	113	103	98.4	118	99.6	127	164	114	86.6	98.1	115	121	122	153	204	165	130	161	184	175	230	213	178	167	139	144	154	121	154	135	157	187	182	197	193	175	177	158	125	109	82.1	128	129	63	148	178	173	167	152	106	120	117	131	137	169	279	350	297	254	285	235	247	252	240	172	117	138	148	132	122	112	99.4	89.6	84.1	91.2	101	120	95.1	91.8	118	139	142	147	134	101	74.1	71.8	68.9	51.3	53.8	46.9	41.7	31.6
107	117	129	158	140	106	103	80.1	94.5	69.7	106	139	115	118	108	96.2	83.9	91	118	93.2	92.8	113	113	107	130	125	159	120	113	98.1	129	58.8	76.1	92.5	120	148	121	131	103	132	183	254	224	170	207	258	187	173	210	199	147	160	163	176	153	122	114	197	220	159	171	185	184	181	115	111	74	59.8	107	94.3	81.9	129	143	155	138	136	118	108	114	131	135	157	175	244	276	299	276	293	213	242	262	216	190	178	196	165	167	164	140	135	107	112	116	112	95.2	103	102	138	130	144	146	134	93.3	81.8	66.6	47	51.5	52.7	47.9	47.7
121	142	156	166	142	117	114	94.8	80.3	82.6	90.7	151	159	113	136	104	102	116	99.4	103	119	143	155	150	150	168	236	144	120	92.4	99.2	79.4	63	91.8	136	179	122	130	120	106	151	201	199	161	220	273	162	165	149	145	203	316	210	232	168	140	131	124	156	100	177	198	176	126	162	108	125	86.3	98.1	100	114	143	141	151	141	166	170	152	132	139	145	147	178	189	218	279	287	311	232	227	235	260	239	223	228	183	159	158	164	149	129	106	118	125	87.2	88	93.9	106	92.5	112	124	111	99.6	77.8	72.8	53.7	45.5	59.7	57	69.8
122	138	161	171	153	147	146	120	92.1	85.2	104	136	130	109	89.3	81.4	82	69.5	76.8	78.9	132	161	225	180	181	204	230	180	121	85.2	83	114	95.3	114	148	118	82.8	89.3	102	114	138	225	153	172	244	268	183	171	182	153	212	265	244	224	145	92.8	74.2	68.4	103	89.7	206	175	101	102	147	127	197	148	160	138	152	160	160	162	161	202	212	207	197	178	163	178	192	211	205	226	239	271	236	197	209	204	208	211	224	189	184	175	149	153	113	94.4	108	115	85	68.2	90.8	76.2	90.2	92.5	94.4	92.8	79	75	101	77.3	49	49.3	79.4	101
130	143	163	154	142	136	140	125	107	93.8	99.9	162	146	121	87.1	72.6	80.2	70.2	45.4	95.3	118	158	225	187	179	168	232	254	159	125	80.2	133	134	136	163	107	70.2	101	92.1	122	289	223	226	225	256	213	158	136	175	193	252	275	241	179	119	68.9	76.8	50.4	66.4	55.3	107	124	91.4	90.1	140	113	136	136	129	146	125	155	156	169	209	230	273	234	201	181	192	202	195	223	221	220	213	237	246	217	195	161	199	187	198	181	189	161	146	127	95.8	99	106	105	94.8	78.5	78.4	78.5	78.4	73.3	88.5	92.8	80.9	77.7	96.7	79.2	65.5	98.2	131	127
122	134	148	119	103	105	114	119	121	124	118	147	176	148	109	108	112	93.5	75.7	95.2	97.7	134	177	165	173	217	216	162	143	144	183	166	117	119	117	113	75.1	72.8	65.7	94.7	159	210	264	229	318	249	149	147	148	184	240	178	121	101	94.5	78.2	104	65.4	70.9	64.3	32.5	45.5	77.6	92.2	77.1	91.8	132	158	149	145	144	151	164	174	163	191	198	195	202	182	196	169	187	211	206	219	213	223	226	198	189	154	180	177	170	189	222	172	167	140	129	146	129	118	98.2	93.6	108	94.1	64.7	82.6	86.7	100	129	121	129	98.8	92.1	149	162	111
120	122	122	107	99.1	114	120	140	144	152	145	157	161	124	103	141	113	107	121	129	193	142	135	205	271	245	129	138	138	188	189	102	94.8	115	81.5	77.3	75.4	66.9	88.8	145	137	157	219	201	225	233	152	138	160	162	204	139	107	106	85.7	78.6	82.6	62.5	84.6	86.2	40.9	36	70.6	85.1	109	145	177	198	186	181	188	178	170	189	178	190	198	242	230	199	194	182	200	230	197	190	206	235	229	195	195	169	137	143	154	203	211	164	137	152	173	145	151	118	93.2	130	126	104	101	92.9	77.4	116	125	122	139	147	134	169	143	135
129	133	124	118	145	147	133	144	164	136	144	143	152	115	89.7	156	128	175	168	147	199	155	174	332	393	174	141	141	144	179	223	129	134	139	116	86.9	74.4	75.8	96.2	126	99.8	134	193	202	219	178	167	127	148	160	155	121	114	98.4	71.2	86.8	70.2	87	82.5	58.1	47	41.5	60.8	68.6	129	175	259	229	198	170	243	205	188	178	180	226	215	253	242	269	200	172	171	183	198	178	193	240	264	259	214	160	154	180	219	244	220	187	160	177	178	150	138	128	107	119	91.7	90.5	93.9	91.7	94.7	109	121	114	154	183	190	210	194	166
129	136	129	132	126	152	162	125	139	124	120	143	156	133	114	180	191	170	201	157	245	233	295	285	253	171	184	165	145	115	184	188	130	185	136	128	83.8	110	93.4	107	93	118	153	186	181	187	181	143	202	176	142	116	108	99.7	77.6	75.1	69.3	78.8	56.1	47.4	39	47.1	66	86.3	114	154	237	232	181	156	236	240	203	229	185	209	233	229	218	216	214	195	198	205	213	168	216	265	289	279	240	205	271	266	272	276	254	240	220	226	209	184	171	163	140	146	120	124	112	129	130	157	187	191	204	221	262	253	249	219
133	145	125	130	124	162	182	121	127	106	130	179	171	170	159	209	215	163	177	186	273	332	355	295	207	187	184	144	120	84	140	242	122	107	182	150	120	144	86	131	115	143	174	168	200	200	297	222	160	163	139	106	97.1	99.9	92.7	84.1	65.8	56.1	54.9	33.6	32.2	46.9	96	105	132	149	216	179	154	157	228	279	239	240	211	223	245	267	242	204	219	232	249	208	233	193	227	288	300	307	306	322	339	364	361	334	318	322	254	279	252	229	217	191	163	207	174	159	161	174	202	221	233	273	306	325	332	245	269	320
190	160	99.7	113	119	132	137	152	156	125	151	189	194	192	193	225	181	207	228	231	279	331	294	340	304	222	210	186	157	115	119	172	131	112	168	211	182	192	109	107	111	185	210	188	223	222	254	247	206	180	155	108	109	127	103	83.5	73.5	60.1	63.7	43.2	38.5	62	73.5	66.7	127	159	243	176	157	187	220	234	256	261	252	240	266	267	244	221	203	208	237	206	233	239	239	326	367	323	334	398	328	334	405	342	398	394	354	310	271	258	264	220	192	184	194	198	232	264	259	295	257	257	298	325	323	274	295	332
156	167	129	110	113	161	256	248	200	126	125	185	181	198	235	255	222	209	305	259	267	358	285	334	333	330	235	206	200	142	128	151	142	155	266	193	156	108	100	104	142	225	273	208	218	228	230	195	191	200	171	153	139	120	100	85.2	86.7	80.3	88.1	102	77.3	123	134	128	133	193	260	203	166	166	201	190	205	225	262	265	274	266	242	283	212	193	256	235	240	256	241	305	375	327	327	518	388	361	317	332	352	350	346	352	327	292	270	279	288	277	262	347	367	300	313	329	298	226	252	293	305	300	308	322
173	166	152	119	129	261	368	274	224	124	113	143	180	217	279	270	244	243	286	237	293	275	355	443	449	320	224	307	183	136	130	116	136	155	248	202	190	124	90.6	141	189	237	206	218	224	365	211	210	206	235	186	170	137	124	106	104	113	115	111	166	199	236	253	200	214	253	303	217	190	213	167	172	177	187	223	271	268	226	238	258	216	217	282	248	269	270	258	325	355	361	377	577	405	425	351	343	430	437	388	399	382	299	300	312	352	329	339	392	399	369	335	363	328	291	303	295	292	289	333	355
217	167	197	164	184	303	345	272	218	124	182	192	176	192	260	302	303	267	291	297	338	373	513	456	483	295	227	286	215	204	207	134	104	164	183	221	176	133	113	140	212	307	173	158	179	216	164	188	189	216	198	164	148	131	120	114	105	120	148	151	156	253	274	255	307	334	324	211	216	278	224	209	177	160	205	230	230	228	259	254	232	240	305	244	255	299	314	346	407	432	402	579	451	506	402	357	386	473	427	347	351	314	334	348	390	357	385	366	386	371	306	349	347	352	302	316	305	266	339	324
244	175	208	205	205	199	308	306	194	139	191	218	234	210	205	236	275	287	379	400	344	419	439	463	380	251	199	218	187	141	236	194	126	146	152	195	120	139	138	151	215	259	229	208	217	195	164	197	195	208	216	172	161	146	130	132	137	144	158	198	230	199	255	304	369	479	386	212	219	294	228	228	190	152	198	185	164	205	213	284	248	190	272	259	296	291	331	421	499	461	404	555	525	645	584	436	417	545	474	392	392	403	434	412	417	408	447	423	433	368	368	419	414	385	372	381	348	302	341	329
334	275	295	197	216	206	227	259	204	137	197	237	308	290	243	239	322	330	513	379	347	412	421	297	403	306	238	198	140	132	156	131	113	118	162	224	199	196	212	196	221	200	193	215	225	230	232	192	186	175	213	204	165	154	143	141	169	190	199	253	236	229	303	355	509	516	459	264	265	276	255	202	207	184	185	198	188	218	236	290	265	198	223	270	282	302	320	381	498	534	464	488	536	713	845	558	644	649	536	509	491	480	471	469	494	511	558	510	478	478	487	470	421	437	495	450	424	398	373	424
382	333	295	222	217	286	264	231	205	170	201	236	273	288	275	273	337	371	366	363	404	393	380	292	312	347	250	211	158	144	151	150	125	161	197	233	200	188	252	273	209	164	216	216	191	211	195	221	227	173	199	184	172	163	173	182	218	248	241	292	270	355	430	459	506	548	402	334	328	295	221	162	231	211	200	202	188	206	218	221	185	197	221	269	305	276	345	478	591	571	516	573	543	691	1.06e+03	723	715	747	647	514	450	509	583	522	523	599	648	622	558	500	491	503	450	429	491	510	522	498	484	497
338	385	305	263	250	285	304	281	253	249	253	205	246	283	294	311	352	407	353	346	365	366	393	302	349	445	374	353	278	249	247	206	178	204	206	198	150	152	209	312	261	181	221	259	224	227	210	215	274	208	246	190	165	147	159	191	250	321	289	360	377	477	548	509	398	433	401	364	333	300	253	196	204	197	202	191	148	138	184	200	204	261	271	284	302	301	501	552	528	457	499	586	728	828	830	794	698	628	611	467	480	571	532	434	485	504	556	539	434	451	491	511	501	408	414	453	489	436	416	425
260	326	304	255	299	290	369	277	374	299	258	236	253	260	289	353	413	407	472	364	302	374	397	355	354	471	480	398	318	269	312	322	189	183	186	208	221	195	200	294	286	213	224	233	245	237	220	214	229	241	324	234	199	196	183	198	241	302	373	394	404	569	508	515	462	460	444	383	440	345	308	232	179	176	225	249	197	128	173	221	247	281	284	299	302	300	461	494	471	445	492	668	815	919	832	665	746	607	627	483	533	554	528	415	425	421	476	434	382	428	496	489	434	417	438	517	454	415	413	416
221	291	272	264	280	296	338	311	392	511	336	274	259	287	292	369	442	512	509	426	336	410	383	325	422	464	485	426	316	297	270	236	172	200	182	264	227	255	223	284	308	325	280	319	248	231	317	258	242	274	244	212	266	227	232	266	282	271	317	450	471	637	549	495	484	413	572	469	493	426	313	242	192	198	230	275	250	238	242	273	337	389	319	325	336	308	393	465	416	373	502	629	654	1.02e+03	900	628	752	771	592	486	499	521	465	411	399	407	355	401	451	457	484	415	383	402	378	404	433	420	413	403
229	315	357	299	251	226	292	336	352	511	323	311	281	260	335	272	333	352	336	343	325	379	428	353	409	451	554	432	338	300	325	148	155	260	196	330	257	281	273	295	296	317	338	301	309	270	273	275	287	269	271	311	254	234	251	341	346	340	320	403	475	577	654	499	508	451	470	458	520	497	382	290	228	174	214	293	287	286	306	345	412	409	403	362	333	301	383	446	403	357	441	568	533	817	804	654	748	697	691	480	488	603	539	494	481	452	388	367	487	449	466	424	403	393	349	381	352	377	350	352
184	309	350	316	221	270	361	463	436	493	332	261	315	346	392	304	329	329	327	311	333	441	475	516	441	450	534	448	457	400	278	170	309	302	328	319	325	295	279	253	259	307	312	285	323	272	279	275	357	376	300	322	357	315	308	480	413	369	339	339	483	468	499	463	387	424	415	428	439	455	337	315	335	292	311	283	302	341	352	356	371	419	457	384	382	352	394	421	353	379	458	452	427	541	705	643	609	635	576	547	580	532	546	499	503	457	449	420	406	402	389	326	322	326	286	251	248	261	239	292
200	281	335	312	238	298	351	347	319	309	325	282	285	377	370	423	354	460	488	428	392	481	459	444	417	448	449	405	401	298	243	293	278	206	233	341	360	285	250	257	281	300	278	249	241	239	289	237	274	322	299	322	372	392	330	494	425	430	439	372	423	468	461	422	414	430	497	495	489	487	356	338	468	375	313	287	305	326	356	397	361	406	428	401	360	329	337	347	359	358	428	498	493	549	647	554	567	651	744	637	622	603	593	550	520	461	437	378	362	388	394	359	311	307	247	222	225	223	197	219
269	353	351	235	212	291	371	309	283	298	264	266	233	295	401	562	506	518	497	449	456	438	403	419	427	407	379	307	292	311	300	239	271	189	174	277	313	309	323	286	291	267	229	246	238	250	279	252	283	290	306	342	452	423	394	409	368	424	500	424	451	504	446	431	476	467	500	483	496	473	365	393	434	382	325	289	307	280	354	417	403	372	410	415	370	355	345	374	442	412	444	420	518	616	646	528	491	529	521	530	628	565	547	589	590	534	489	430	382	413	365	347	333	246	273	260	251	223	180	237
283	340	304	314	235	328	348	328	328	289	230	237	246	272	358	484	509	409	439	376	404	450	440	400	423	421	358	364	306	316	348	241	265	206	280	254	262	284	333	262	258	284	297	268	265	243	256	269	284	280	289	336	304	373	384	396	327	372	421	398	384	505	461	452	483	427	482	459	464	435	443	427	463	430	343	327	319	340	342	391	386	446	444	391	438	379	368	433	483	431	414	439	529	572	555	527	537	483	449	530	634	556	584	531	583	521	583	487	467	416	436	440	302	262	251	282	277	246	189	212
255	230	247	298	298	286	333	308	297	277	230	231	260	335	412	383	421	400	391	424	412	428	412	358	422	417	415	361	358	410	451	359	297	285	379	298	266	252	348	246	273	278	328	309	292	232	255	282	347	360	348	307	277	311	455	359	279	345	399	378	340	386	373	466	388	374	444	492	467	478	503	508	489	471	417	397	373	397	403	370	351	361	373	352	392	470	433	397	443	433	456	455	509	498	449	496	511	467	444	476	465	474	521	485	466	447	423	422	449	397	411	432	375	275	286	332	300	286	286	142
282	240	287	353	301	248	310	308	251	324	213	263	263	275	339	422	430	443	414	455	380	355	344	328	391	376	389	441	399	404	417	348	311	325	304	368	188	180	270	300	263	241	283	373	324	251	262	353	347	303	380	367	341	236	307	271	287	374	330	394	434	414	403	438	377	378	396	454	505	524	508	512	520	483	434	386	368	379	403	396	356	358	346	351	364	463	467	430	448	447	480	461	469	501	501	534	549	545	590	517	455	469	504	472	444	431	397	366	376	356	389	401	341	285	336	323	307	310	303	161
301	290	303	342	330	227	210	206	278	252	253	242	275	304	303	334	425	443	410	360	332	315	326	327	363	445	382	394	412	367	357	336	301	366	355	268	205	134	244	301	272	328	301	301	275	276	302	332	287	312	351	377	459	302	240	202	211	345	390	444	495	533	495	480	400	400	408	457	524	532	510	540	538	481	391	381	353	362	362	383	380	405	378	315	359	485	485	474	454	488	490	427	439	536	506	540	648	570	529	483	466	512	457	451	455	439	400	368	364	386	382	348	363	341	391	428	421	348	326	206
300	283	279	282	247	173	177	195	295	274	239	194	208	306	256	318	341	406	325	370	296	329	383	354	378	406	438	423	443	437	365	292	313	316	407	303	216	151	270	387	326	333	386	332	288	306	332	288	392	377	371	369	363	366	284	192	209	363	450	463	439	498	497	492	404	362	365	451	509	509	509	490	450	464	390	350	334	347	387	390	361	369	397	388	460	496	537	497	518	498	500	464	486	647	635	621	606	532	523	525	464	518	466	477	485	446	434	377	423	415	366	349	376	395	347	465	476	417	434	362
308	271	276	356	331	272	240	237	333	305	216	206	210	229	252	242	224	239	280	313	290	303	383	392	418	411	356	371	336	385	427	337	334	282	295	369	317	252	376	395	399	412	428	266	312	332	403	287	331	404	327	352	347	304	310	308	318	361	365	393	413	458	495	501	451	406	401	441	444	476	497	487	437	444	423	362	337	353	381	381	355	384	428	432	407	453	487	484	496	534	490	507	503	657	741	657	647	523	614	539	506	494	457	443	415	371	357	316	367	390	341	343	368	369	378	462	563	471	431	401
287	259	272	300	269	262	272	247	241	251	235	229	278	296	250	197	234	287	366	279	218	254	293	335	394	342	322	351	422	336	383	356	351	328	357	351	334	340	437	338	327	412	429	334	314	339	351	351	329	310	322	271	306	315	341	324	345	372	370	385	385	419	471	452	449	396	389	418	425	440	483	491	479	449	394	333	373	381	405	389	388	417	442	456	435	474	479	494	477	493	483	457	506	621	630	509	517	515	520	511	515	517	473	419	415	359	348	319	353	348	370	396	382	396	402	442	556	516	518	417
277	287	254	253	273	275	275	257	197	219	281	271	285	406	339	256	204	251	305	280	261	287	271	316	373	304	298	330	464	410	381	355	341	342	392	382	328	358	383	303	293	365	358	328	370	363	405	432	456	396	338	295	341	317	356	394	372	324	370	380	369	398	394	459	430	391	394	453	407	401	469	486	480	470	406	369	366	392	414	400	391	416	435	461	457	485	499	506	507	519	462	467	511	588	612	506	510	557	515	490	505	507	457	427	422	369	346	382	424	378	399	411	441	439	432	409	566	561	558	482
321	345	315	252	299	371	383	311	263	218	246	264	312	395	346	382	309	270	217	246	277	297	284	339	339	298	262	304	411	414	381	295	296	346	416	363	338	381	412	302	316	347	325	400	364	384	410	466	473	467	398	317	288	323	352	393	408	411	359	344	346	348	361	433	444	397	376	447	395	407	475	481	457	439	437	396	395	426	422	409	392	417	443	465	479	469	493	500	511	570	503	492	490	577	526	509	554	617	517	512	512	503	448	453	428	359	388	383	400	438	417	428	446	475	461	471	550	550	568	457
357	378	346	339	334	345	410	332	286	289	269	264	313	316	311	346	291	237	220	225	256	276	295	352	359	330	308	332	353	389	395	281	286	318	315	304	325	382	416	323	312	303	297	364	351	392	425	465	486	487	442	378	364	402	363	372	370	406	394	332	371	371	282	358	357	372	376	423	423	398	420	456	449	433	426	424	385	415	424	421	419	420	435	426	472	484	495	516	499	515	497	495	485	486	476	488	520	559	554	511	491	447	412	336	378	299	285	400	414	461	454	442	450	474	444	431	438	485	479	418
349	380	387	395	359	327	292	377	368	289	252	269	258	254	281	281	284	225	212	201	265	298	346	333	330	306	306	365	469	384	389	406	336	346	328	321	313	347	390	349	305	318	292	333	402	444	437	454	500	490	407	415	455	454	464	389	416	440	413	348	382	328	323	358	358	393	432	409	430	483	423	435	418	422	430	436	432	426	433	435	421	450	451	434	457	498	493	491	488	500	504	511	485	476	475	507	541	509	502	506	501	453	486	439	423	331	262	304	344	444	472	420	439	439	405	414	469	489	471	438
361	405	436	447	543	341	307	396	370	304	277	265	281	247	228	224	215	236	237	261	289	302	317	295	300	313	278	344	469	329	336	392	387	323	340	313	373	365	392	391	350	308	307	336	389	432	451	427	410	406	404	428	467	425	438	381	436	448	367	382	428	444	416	405	423	412	401	434	448	434	435	437	412	402	439	423	425	423	434	435	423	433	468	458	469	499	508	484	466	484	475	474	457	481	471	491	498	507	503	509	492	481	481	473	437	412	280	284	355	439	446	419	435	442	428	421	477	481	470	455
317	383	459	407	423	383	333	416	325	293	322	292	307	295	235	214	243	253	288	272	304	395	370	335	281	329	335	383	416	304	321	364	377	329	317	322	319	385	422	414	350	284	300	344	402	411	471	494	427	420	367	434	479	457	448	385	407	394	372	374	442	467	456	440	437	418	378	427	444	451	404	430	438	448	436	389	405	426	439	434	390	413	410	407	480	493	496	472	470	476	466	443	450	478	472	489	524	505	506	480	479	411	438	415	457	449	323	349	335	397	440	428	431	450	455	453	474	462	439	436
308	368	454	357	321	300	303	308	319	335	407	317	307	310	306	285	243	257	286	308	263	336	358	357	286	256	278	411	404	378	457	345	276	290	399	357	417	375	366	360	342	298	293	349	387	455	467	475	474	473	471	475	490	478	466	453	453	394	373	417	459	484	473	408	422	378	317	383	445	459	405	387	419	434	351	325	345	410	430	378	324	350	338	358	410	422	427	436	504	480	445	470	471	470	495	499	461	467	501	442	434	385	383	391	473	460	409	416	380	378	437	440	449	459	464	468	486	457	443	419
372	455	372	297	299	252	261	237	271	302	327	314	302	306	290	249	252	268	290	277	278	316	331	310	223	219	238	441	461	430	446	359	277	293	328	297	368	395	323	307	317	297	311	370	412	439	433	465	480	480	472	464	486	511	462	448	450	420	406	408	454	467	468	421	368	369	333	396	441	461	439	427	400	353	383	402	412	436	437	412	408	383	397	401	415	451	445	398	436	472	467	472	456	456	491	489	417	416	512	444	372	343	366	336	357	402	368	373	379	390	397	431	446	451	462	466	499	455	459	432
376	492	433	400	329	386	279	250	260	288	289	294	288	290	306	269	307	321	339	327	320	322	342	305	237	200	273	310	366	441	418	417	373	313	271	251	267	318	325	294	339	347	311	380	420	403	384	444	465	475	452	455	433	459	451	445	444	456	449	390	395	418	470	447	387	360	342	360	397	419	389	400	388	366	384	394	399	396	431	388	420	448	428	410	408	408	410	392	415	455	449	443	464	461	490	487	397	378	432	394	385	410	397	266	269	277	275	352	364	408	369	382	413	421	445	451	459	459	449	430
393	467	454	338	262	262	283	244	277	272	278	284	274	282	272	263	281	336	355	297	309	353	305	271	271	248	309	333	402	457	406	377	371	310	297	268	247	299	291	289	299	315	328	413	385	375	372	423	468	461	458	452	402	421	384	449	458	449	457	466	457	489	474	423	388	363	348	389	405	436	428	439	423	396	382	385	373	408	449	457	444	462	449	482	415	383	443	421	415	478	427	405	443	442	464	485	444	444	398	386	390	435	420	282	246	214	278	315	323	331	372	322	329	366	411	424	441	438	428	403
480	465	492	379	285	260	359	288	279	281	319	309	295	268	265	274	278	332	335	294	255	302	299	257	247	280	293	349	402	411	365	326	264	218	249	242	233	231	238	269	274	328	332	345	346	400	409	447	479	480	443	469	393	373	418	404	444	393	415	482	465	484	494	393	414	476	340	388	403	425	428	441	431	389	352	370	357	413	427	471	412	375	419	455	378	392	378	402	379	369	353	352	369	443	467	436	470	461	427	395	381	403	385	365	296	237	272	300	291	333	327	328	314	349	393	395	413	407	399	337
432	467	509	466	397	292	270	283	305	331	353	333	322	324	298	308	281	308	332	294	245	259	283	253	216	181	228	313	355	367	377	297	227	214	237	241	236	246	246	283	279	315	346	362	373	420	432	423	469	432	441	409	396	360	402	364	323	331	338	409	431	446	441	389	392	385	432	434	423	412	417	427	434	397	373	366	412	411	417	466	444	342	334	418	369	313	395	429	403	382	365	346	366	418	423	398	403	443	422	370	358	380	339	323	307	276	308	310	294	314	309	299	280	304	387	380	350	350	334	305
403	408	363	366	357	339	358	285	289	346	370	340	331	340	293	285	292	269	334	293	290	295	293	255	215	217	307	348	317	293	313	247	195	231	278	291	276	256	275	274	288	295	292	355	366	359	413	415	429	385	372	345	378	351	426	365	371	384	374	393	415	429	377	389	360	365	433	439	449	437	407	434	416	390	360	353	377	414	434	453	428	301	278	361	400	396	409	423	449	419	379	368	390	366	374	409	432	427	429	315	336	367	342	336	349	281	327	344	305	296	267	260	261	301	356	335	324	330	335	288
391	376	451	334	299	303	419	337	317	378	385	339	358	355	326	291	332	286	273	279	318	287	292	268	251	246	314	344	331	322	322	268	215	254	299	305	302	251	277	331	317	343	327	346	390	375	334	337	372	396	337	346	445	401	391	306	384	390	321	322	305	362	334	363	391	326	366	437	453	440	420	439	444	402	387	399	393	387	458	448	420	361	322	368	439	424	380	389	422	404	369	395	386	380	372	424	404	396	397	433	344	390	387	317	282	337	318	331	286	268	334	324	297	287	330	302	297	327	341	282
352	285	295	300	285	293	336	328	319	334	302	324	308	331	323	279	320	317	329	305	285	272	273	274	233	216	324	245	271	324	326	229	183	203	250	270	263	266	275	284	265	287	320	351	351	351	309	308	352	390	342	300	328	324	313	307	346	377	328	317	309	334	410	365	332	404	375	358	428	446	426	451	463	391	350	409	419	362	356	432	435	381	389	382	422	402	399	394	443	410	382	370	355	347	298	350	394	406	428	344	368	324	313	299	304	335	282	309	297	258	254	314	315	303	288	289	265	291	303	290
263	235	260	257	274	293	278	250	266	285	300	293	301	327	285	284	326	289	301	263	279	278	252	272	297	229	202	189	253	251	258	280	220	226	211	226	243	269	321	317	274	258	303	347	400	383	371	315	327	353	363	325	295	284	336	355	331	361	326	412	445	358	380	475	400	438	456	398	324	420	440	425	450	377	315	375	357	337	334	391	414	402	408	390	418	443	415	393	408	442	411	362	363	371	290	404	348	391	343	329	301	293	269	265	301	356	270	261	251	240	250	287	325	342	284	257	274	276	280	276
211	217	261	242	259	226	249	226	233	247	296	307	312	328	313	265	287	301	287	286	293	275	277	314	246	239	213	220	216	249	252	258	259	231	205	181	214	243	289	345	338	308	318	394	440	466	443	361	403	392	349	318	330	291	317	342	333	274	285	396	476	483	468	499	503	439	454	451	358	457	468	443	459	419	393	375	335	351	325	388	428	349	369	367	382	431	402	404	428	433	441	357	358	344	313	297	268	305	309	342	334	357	264	250	266	310	336	291	257	270	244	229	269	257	288	251	273	292	291	269
196	231	266	233	237	186	189	200	231	244	257	267	269	291	317	308	375	292	300	344	391	295	298	232	241	231	210	181	186	217	255	221	248	212	207	189	168	219	264	339	352	318	305	341	460	423	456	417	375	331	324	326	332	302	315	372	289	280	284	381	474	501	492	452	433	389	403	360	365	423	465	440	450	457	457	421	317	309	361	388	420	365	332	380	386	400	409	368	421	427	385	341	359	351	355	323	283	254	307	340	387	321	255	241	256	275	307	292	279	257	212	192	210	197	224	325	296	288	262	251
227	229	223	205	198	203	208	198	215	216	243	249	241	294	295	304	352	358	293	303	351	305	320	260	189	189	210	185	180	189	215	197	184	162	135	157	195	207	232	290	289	280	270	287	348	394	366	351	281	273	306	308	285	289	326	437	356	272	336	409	418	437	454	418	363	364	428	395	369	367	436	420	407	446	480	433	365	378	370	364	369	368	348	356	372	356	377	302	373	386	382	341	370	345	297	330	310	286	282	332	344	295	251	265	275	288	276	258	229	205	202	180	181	180	163	255	254	283	265	224
215	207	227	230	221	194	185	186	194	217	239	243	230	304	301	298	360	354	301	270	312	280	332	287	183	280	258	231	224	184	197	186	144	152	163	168	183	186	222	264	275	267	256	291	314	313	326	364	326	345	294	260	284	296	326	466	359	303	302	345	438	495	453	394	366	318	425	414	359	305	359	393	389	412	421	386	421	423	324	327	353	373	375	383	363	400	345	332	326	404	400	390	361	350	295	295	267	291	266	319	342	274	243	250	273	281	262	249	252	219	214	197	181	168	195	242	248	247	211	188
222	201	251	235	241	196	189	198	211	228	274	299	271	270	260	286	298	294	300	258	258	248	293	175	119	207	207	194	191	160	170	174	174	205	230	219	202	217	214	269	298	287	281	277	297	291	320	381	443	379	285	302	274	295	370	358	457	405	296	386	464	462	483	393	363	339	379	344	348	374	403	391	380	390	422	443	478	418	308	330	335	349	398	406	401	379	361	377	390	349	361	364	351	341	353	347	268	327	285	348	305	261	277	274	290	303	270	230	242	226	219	267	261	191	220	222	209	212	170	174
203	200	213	231	234	208	221	240	222	247	273	316	312	276	268	253	241	235	230	214	275	279	187	123	95.3	127	182	174	155	172	159	160	196	245	249	223	228	245	238	266	313	333	326	315	326	331	329	422	525	462	307	288	242	229	307	351	396	345	318	317	433	359	357	366	348	368	397	344	359	353	391	424	379	396	397	432	444	397	307	358	318	318	354	371	401	390	403	382	378	321	372	363	342	344	339	352	312	324	322	377	293	298	257	276	287	321	291	237	214	226	246	280	275	225	181	172	162	155	143	140
162	171	207	232	266	233	251	240	249	285	282	256	298	288	310	271	252	236	204	171	193	201	198	162	148	143	190	195	201	175	149	165	217	274	291	234	232	254	267	269	298	288	290	287	306	295	277	359	407	372	347	270	209	235	248	264	272	285	275	263	308	300	273	263	292	304	335	331	291	277	341	396	385	419	423	433	446	372	266	286	315	342	365	340	358	357	375	384	353	351	390	281	313	285	222	311	320	317	318	342	327	267	273	264	295	310	314	232	198	193	225	212	198	218	186	177	169	141	131	125
185	187	185	187	225	226	195	193	218	250	286	230	262	266	310	289	254	240	229	225	209	222	233	200	169	157	183	190	219	187	191	202	259	294	282	257	232	239	245	280	282	269	274	280	291	284	259	229	279	287	304	297	252	237	206	237	209	226	243	260	238	238	279	252	297	295	328	305	285	288	324	337	387	377	411	426	406	351	342	280	308	317	352	294	328	243	339	418	425	412	378	277	307	266	220	226	264	259	269	276	293	269	351	260	271	312	280	247	222	200	216	184	174	215	191	179	148	125	118	114
186	202	197	178	186	208	222	235	284	247	263	232	276	274	264	267	244	285	299	320	269	277	351	276	209	201	202	209	245	239	247	233	224	242	249	238	231	224	214	249	269	268	263	295	312	272	279	248	247	328	277	331	341	325	238	234	198	213	248	248	262	260	267	259	328	301	354	332	302	283	341	332	345	362	400	400	343	346	378	317	331	307	356	331	323	342	307	318	355	377	339	259	290	262	243	228	248	241	233	256	232	249	240	286	279	294	275	245	202	201	191	174	147	177	168	184	146	137	139	121
195	185	223	231	201	194	227	229	240	242	252	278	295	236	249	258	224	251	277	278	252	221	244	276	276	241	264	276	281	292	294	264	238	224	218	240	235	249	235	258	279	272	303	349	326	265	252	263	240	287	318	350	362	358	251	235	197	231	257	294	268	281	335	283	293	320	356	334	342	370	375	382	369	350	326	344	329	376	354	352	352	330	353	345	333	333	260	258	368	311	316	300	293	304	293	244	256	229	211	241	236	246	282	290	324	294	290	239	199	173	169	151	177	142	150	172	151	139	147	130
191	186	198	252	217	203	238	240	210	227	232	297	335	213	202	219	245	270	267	215	194	185	202	210	258	261	278	221	239	251	238	282	295	227	198	229	234	236	294	294	342	300	260	319	299	315	294	269	289	270	324	334	309	234	189	172	148	157	165	193	217	243	305	322	288	270	296	322	351	397	400	388	358	380	358	352	384	386	352	359	349	334	364	315	334	299	270	330	362	349	282	295	299	281	299	236	227	207	187	200	230	228	245	271	294	289	286	294	201	181	158	147	171	169	141	204	174	179	189	149
145	126	137	144	151	183	199	227	230	223	271	286	316	287	212	235	263	245	261	199	187	194	202	198	211	216	232	208	234	247	229	243	291	272	243	225	219	235	278	244	363	260	214	234	261	261	256	251	285	287	315	317	272	232	227	209	184	153	154	173	192	198	234	270	311	291	291	347	377	397	383	402	382	358	359	373	405	384	347	347	343	347	365	357	298	300	306	267	305	351	263	274	298	222	243	279	257	212	184	199	267	222	207	240	284	273	257	260	210	165	143	149	117	133	120	177	171	161	162	102
135	128	118	97.7	136	170	236	225	241	236	269	215	246	235	252	275	265	259	251	188	176	185	208	207	225	239	212	192	229	259	246	260	261	287	266	265	255	242	249	248	309	282	234	251	278	269	253	205	235	245	266	312	262	207	278	237	263	217	188	221	205	197	194	218	285	289	333	332	363	386	388	405	378	357	330	349	346	324	312	329	398	375	405	382	314	375	367	289	215	238	241	254	288	254	253	232	205	211	203	224	257	230	213	222	230	238	244	299	197	151	129	123	108	142	146	148	154	142	141	91.3
136	134	125	120	143	189	294	231	250	267	269	276	309	281	276	271	265	256	239	179	153	155	205	256	274	240	252	220	238	259	278	264	269	263	303	284	279	250	256	257	254	235	234	258	284	316	257	208	204	227	270	317	342	258	254	202	241	251	222	224	266	217	221	241	271	308	372	384	342	351	393	386	371	363	341	351	336	318	337	337	352	361	417	353	270	306	355	305	207	193	177	210	201	235	246	219	184	218	216	222	230	219	223	227	211	212	214	225	191	144	150	125	103	116	157	120	119	121	121	93.1
152	181	200	192	191	229	234	224	188	224	275	317	353	312	290	236	230	251	208	189	180	184	226	257	290	263	245	292	269	314	289	283	263	284	325	327	329	265	249	207	226	235	275	313	297	312	259	215	240	200	238	328	332	261	206	233	208	232	228	189	209	218	237	232	218	280	343	384	345	298	437	403	370	358	335	334	331	357	347	333	339	369	356	257	199	284	316	257	226	259	283	200	166	152	199	181	203	239	236	220	166	189	191	194	162	192	185	215	205	198	168	133	125	121	125	114	107	109	98.7	106
143	135	253	306	203	259	234	260	243	272	230	229	275	242	235	223	229	229	191	210	188	187	218	231	282	235	232	275	278	293	290	276	299	298	269	303	242	265	249	202	180	182	211	250	262	193	223	244	229	200	186	236	270	211	219	219	238	236	239	175	182	206	222	235	242	249	303	328	380	372	453	448	387	396	402	351	325	369	351	369	364	372	353	261	197	277	306	296	242	255	267	202	171	167	142	186	229	297	252	211	215	207	179	154	185	234	192	265	222	184	175	133	116	109	104	115	113	98.6	85.8	115
156	119	160	195	198	216	275	275	280	297	226	247	250	217	211	201	208	220	225	236	203	190	221	215	227	221	211	237	234	216	236	241	279	408	279	237	212	215	198	191	164	165	174	215	201	167	156	172	167	167	187	212	185	178	199	220	219	220	189	182	181	232	233	222	260	273	337	303	310	365	380	388	394	407	389	315	310	339	339	380	387	396	399	388	303	331	313	280	268	248	224	191	168	198	194	174	194	280	236	235	235	220	176	186	193	224	213	234	206	151	148	159	127	105	100	111	111	101	98.6	107
283	229	173	155	162	162	203	254	289	231	257	257	222	191	178	187	181	199	187	202	214	206	221	213	210	195	203	211	204	195	226	220	183	217	251	190	237	216	198	230	211	199	297	276	222	193	172	177	141	155	171	173	165	166	179	223	258	214	200	206	217	247	242	308	320	275	348	318	291	293	312	370	375	370	368	296	335	328	306	346	373	369	381	397	398	380	370	291	374	288	221	218	190	174	188	171	255	233	211	202	244	246	176	207	214	220	225	252	214	161	161	186	141	109	102	103	105	93.4	107	109
418	329	272	264	211	185	214	263	200	209	235	247	248	239	234	236	220	253	245	235	257	200	199	202	207	207	223	218	209	216	222	216	169	181	193	208	222	206	214	221	286	273	215	222	199	180	192	229	196	182	167	201	183	194	212	189	206	214	230	202	192	185	157	224	267	277	313	369	381	395	377	360	363	354	338	280	293	317	309	261	281	338	320	376	412	430	361	358	424	333	332	301	295	295	238	229	235	248	199	195	203	202	178	220	241	246	260	291	240	183	174	183	152	127	119	117	108	96.1	94.3	103
409	426	375	366	369	245	240	230	251	230	269	294	270	284	313	307	257	239	240	247	277	242	239	227	200	211	225	218	211	210	231	233	169	169	183	196	221	203	217	164	174	188	203	198	198	162	162	259	268	194	217	270	193	197	223	205	185	189	221	257	190	223	165	164	203	234	249	362	399	433	386	385	391	342	324	262	261	312	335	258	295	284	253	325	406	453	399	323	365	388	376	347	262	273	268	277	248	238	185	187	203	188	207	264	270	235	291	365	256	214	197	197	156	131	118	122	92.6	80.6	89.3	98.3
376	441	482	430	385	367	321	260	257	237	252	267	261	299	354	356	247	238	237	281	324	241	249	253	227	197	212	205	209	210	207	198	201	204	209	194	207	157	186	124	156	179	168	180	163	168	212	280	293	268	242	240	227	225	279	330	284	243	243	246	257	217	174	200	218	221	279	366	425	429	395	396	369	388	366	279	261	285	305	268	298	274	240	308	276	396	415	325	299	323	291	235	283	197	292	261	224	228	194	191	193	205	226	268	232	239	286	343	304	256	210	187	152	134	121	118	105	99.3	85.9	104
349	428	484	533	513	542	442	323	260	244	285	273	271	279	293	314	276	269	273	278	270	253	257	253	245	212	193	185	185	204	203	196	207	203	197	196	204	175	156	143	163	163	151	150	166	221	219	275	327	280	270	251	223	243	286	341	303	293	290	256	253	256	247	264	278	421	319	345	404	402	384	399	410	382	357	291	241	326	258	254	249	221	208	221	236	215	263	291	260	276	292	251	222	179	303	217	226	196	228	231	206	261	239	224	212	218	279	320	306	299	231	210	182	142	127	126	102	86.4	83.4	87
296	353	423	497	515	535	453	437	345	278	258	302	304	310	332	326	308	309	285	296	290	293	264	256	243	243	221	206	204	192	204	207	225	222	223	215	247	209	209	220	254	242	207	179	208	210	301	267	349	305	312	321	276	281	299	322	319	330	394	345	396	271	293	303	295	345	403	408	347	305	332	361	355	312	320	244	166	244	225	205	217	175	175	184	201	191	188	229	263	256	302	419	300	248	304	275	239	231	276	259	252	325	302	248	209	209	244	329	366	340	252	222	205	158	141	139	118	91.3	90.8	88.6
316	342	384	449	439	427	417	401	398	378	339	324	332	331	336	367	350	339	332	330	310	305	275	255	225	219	218	201	211	207	224	202	230	227	207	202	218	210	216	214	222	198	205	216	244	256	326	263	234	218	268	281	266	245	256	267	309	331	298	301	315	346	321	301	248	286	300	353	322	292	335	343	352	314	374	253	208	261	230	220	235	167	147	167	132	193	176	204	255	289	286	390	323	292	337	287	241	227	237	212	233	254	254	244	228	206	234	295	329	344	243	238	202	161	141	132	126	97.4	94	92.9
328	333	343	330	346	368	367	366	399	430	403	364	359	355	380	425	418	384	361	351	317	326	316	264	224	212	206	175	202	185	180	196	217	222	220	192	209	212	203	213	221	229	225	207	250	252	339	295	310	238	254	264	293	244	268	262	311	372	290	289	278	285	296	311	255	283	352	369	319	305	284	321	417	284	236	220	195	191	190	206	231	190	172	183	171	177	231	220	276	229	219	292	314	410	259	260	288	232	235	215	223	230	209	222	227	224	235	259	288	262	211	212	200	165	138	134	120	94.7	108	91
301	315	298	270	281	327	357	420	467	469	483	433	429	441	480	482	455	433	404	392	349	340	335	321	280	272	269	193	187	173	183	176	183	202	206	213	229	218	217	212	217	221	234	261	248	261	351	351	394	357	313	322	283	268	291	297	289	287	253	215	220	284	344	316	331	306	327	407	281	285	265	356	364	351	296	225	209	173	168	200	209	181	180	193	198	181	179	223	243	204	193	180	217	265	246	239	286	277	265	201	225	218	197	205	202	224	243	263	266	240	175	184	174	156	148	130	111	107	109	88.2
218	244	254	272	239	267	287	320	364	418	490	477	492	520	549	549	500	477	422	380	368	353	344	341	329	283	253	229	224	191	171	165	163	191	193	238	230	210	214	234	255	246	214	219	270	286	332	275	326	330	289	271	270	262	291	248	281	259	234	193	193	258	358	302	302	315	331	339	284	288	291	371	416	319	280	225	285	241	225	252	227	232	217	238	197	187	192	220	232	219	189	158	228	247	258	297	316	324	324	267	264	249	231	254	240	252	242	232	251	266	225	174	158	140	155	114	101	94.5	110	93.2
206	202	215	280	297	250	255	210	229	305	457	468	501	505	523	503	481	466	371	352	361	341	318	310	289	290	262	228	207	184	171	167	177	194	223	237	220	220	211	244	252	239	209	192	238	301	278	223	197	239	290	254	272	263	334	256	249	267	295	219	190	159	170	248	271	297	304	328	330	317	279	288	327	312	277	346	258	297	152	266	234	260	270	300	239	213	225	238	276	267	235	203	207	270	306	335	322	302	335	323	261	272	259	256	229	202	212	211	217	252	219	180	150	145	162	133	107	107	101	92.6
192	193	225	215	243	249	273	205	221	248	353	374	422	414	436	448	459	446	387	327	313	307	294	262	243	247	240	214	196	200	189	179	173	232	220	248	253	212	210	242	225	191	188	155	242	236	210	233	243	233	264	270	271	241	326	256	218	230	272	376	272	205	148	229	279	297	284	292	292	291	242	257	273	270	262	296	187	181	177	209	223	248	290	313	270	241	255	268	232	236	258	227	200	227	274	364	340	331	329	356	315	273	231	244	220	208	207	203	194	212	217	201	172	165	174	134	122	111	103	103
206	232	243	223	257	284	299	207	209	233	312	348	311	303	301	349	379	378	327	313	283	273	269	246	254	242	205	223	193	189	206	184	188	205	211	231	260	217	221	259	246	212	200	187	231	226	231	202	222	225	216	217	226	223	259	273	233	226	280	385	303	201	173	223	265	281	280	286	254	251	242	315	326	295	239	235	188	161	163	237	224	280	292	299	274	273	287	299	252	284	254	223	201	233	314	343	330	366	324	323	254	198	204	224	212	225	188	187	208	204	201	203	189	174	173	148	138	132	113	107
190	218	247	201	207	233	229	224	216	205	211	221	180	180	181	213	225	241	230	252	247	261	255	258	222	220	201	189	183	177	174	174	176	178	190	221	225	231	241	243	222	198	188	191	227	203	199	147	154	161	170	183	241	309	240	323	258	205	239	268	293	234	200	243	247	283	304	282	267	260	279	313	289	272	266	232	235	231	217	255	263	288	311	345	319	331	336	270	259	289	304	309	280	264	300	321	344	307	275	280	250	203	237	232	227	218	203	192	196	194	189	198	201	190	178	170	161	138	127	104
196	201	232	190	203	237	255	246	227	221	211	187	150	145	139	153	153	183	201	206	202	238	229	250	226	246	234	184	187	186	173	151	167	173	183	209	213	231	260	233	207	182	178	150	182	205	183	171	167	186	220	236	162	218	272	434	318	200	209	220	211	219	221	277	274	262	295	281	280	258	257	320	287	264	252	255	256	226	245	269	242	281	313	361	364	378	373	287	248	259	322	376	265	290	315	335	363	262	260	266	212	216	199	222	232	213	207	201	205	210	202	201	219	209	194	185	161	156	133	117
204	210	223	235	229	264	263	189	195	189	179	157	156	143	133	149	137	167	205	227	209	224	260	244	238	253	209	195	187	181	165	156	158	161	187	208	204	208	212	230	215	207	182	192	198	181	162	169	148	208	289	216	141	139	251	278	246	258	253	289	262	292	237	269	335	304	274	290	309	274	250	271	281	274	257	240	226	218	258	286	283	290	291	301	313	335	336	308	251	267	287	279	237	282	274	287	316	286	264	257	230	203	222	217	230	205	206	207	219	231	222	217	218	207	198	182	177	180	154	128
170	200	202	189	220	241	218	186	211	168	161	156	157	142	146	157	146	168	194	233	230	250	240	241	241	225	204	179	172	171	184	167	162	165	184	208	211	220	218	225	200	183	176	197	166	144	133	104	108	149	227	194	163	167	212	215	232	253	190	244	230	322	423	262	303	313	314	286	284	274	257	269	289	271	247	246	276	257	289	291	281	304	314	315	302	308	313	291	273	269	298	291	259	309	263	243	241	277	267	279	252	231	248	236	217	211	209	223	246	238	237	242	230	239	219	199	196	190	160	148
107	105	115	103	106	124	155	137	170	143	133	137	126	141	122	139	117	124	135	193	269	251	214	243	226	261	211	194	177	186	189	170	162	172	197	283	264	209	198	177	154	142	135	140	154	129	103	101	113	126	157	156	151	179	203	167	178	177	202	186	198	223	237	231	268	312	280	292	312	297	293	291	280	278	250	251	331	305	311	321	303	300	325	359	334	361	340	327	305	264	296	283	263	291	308	247	254	272	262	257	237	218	230	237	221	213	215	232	242	246	258	260	269	258	236	233	215	198	180	161
89.4	67.4	79.2	120	137	101	133	128	116	111	107	117	131	119	118	128	108	118	117	147	244	244	272	284	240	235	220	191	187	182	183	166	189	217	205	234	212	199	202	167	147	146	148	126	148	121	101	94.1	95.8	99.4	124	140	139	151	148	144	137	153	190	209	213	194	173	194	238	286	287	291	301	308	317	293	300	279	269	234	278	380	395	350	321	290	287	315	359	336	396	342	295	278	280	276	235	257	265	284	277	281	234	241	218	229	218	227	219	212	219	247	246	244	237	263	269	261	235	229	232	219	185	168
34.7	34.8	48.5	82.2	183	71.7	81.4	126	77.1	81.1	77.2	78.9	94.5	93.2	94.2	104	91.1	91	95.1	112	170	206	266	273	206	223	213	201	203	194	176	180	197	227	213	256	213	201	192	182	161	140	143	123	131	131	130	101	101	105	103	105	131	139	125	128	114	147	176	156	155	203	200	204	230	262	290	305	306	296	309	345	306	281	275	234	255	246	312	313	296	287	259	244	255	249	325	286	263	252	255	295	246	248	284	276	266	244	222	231	226	216	218	228	219	219	226	259	248	246	238	243	253	255	230	223	246	223	185	177
22.6	24.6	26.4	28	40.8	50.2	67.8	84.5	60.9	47.3	61.6	66.6	76.6	72.8	66.6	72.5	73.8	75.7	78.5	94.1	159	138	176	228	203	180	189	172	179	185	165	171	173	188	208	240	252	202	189	204	216	158	146	136	130	132	122	117	115	105	104	78.4	98.4	121	120	134	123	141	155	141	146	166	173	178	189	230	265	299	309	303	314	343	314	278	251	212	251	229	238	295	286	278	275	264	218	241	290	312	271	259	290	279	242	247	263	258	268	232	240	233	227	223	221	225	245	237	237	262	258	254	249	239	262	250	220	220	224	210	195	192
4.39	4.64	5.8	24.8	28.6	31	29.3	35.8	43.1	41.6	37.5	52.2	57.2	69.8	66.9	75.4	77.3	65	64.5	73	91.3	120	120	161	186	170	170	143	161	184	178	192	205	206	204	206	212	203	185	195	200	184	163	151	145	125	120	132	125	119	117	113	128	142	149	156	154	143	132	116	120	158	197	174	171	217	227	292	311	282	301	315	284	251	238	209	231	247	257	313	305	263	269	266	276	258	273	291	306	279	281	265	244	234	257	284	242	218	242	246	232	229	234	231	250	245	245	243	245	259	236	222	239	234	221	226	224	201	192	214
3.51	3.66	7.79	19.3	19.9	19.6	18.3	20.1	22.8	33.8	36.9	50.7	53	55.5	59.2	84.5	67.4	60	60.4	68.5	81.3	101	97.5	116	115	130	158	129	161	197	254	304	231	225	222	218	232	226	206	192	196	186	175	152	150	139	129	127	138	139	126	130	143	175	172	175	170	171	154	140	131	151	183	165	178	194	210	264	279	277	291	288	285	256	220	200	262	233	194	273	256	240	249	268	289	282	317	320	322	316	288	312	255	236	247	271	255	230	240	249	234	239	242	249	264	268	245	251	250	252	232	232	248	216	210	216	222	214	189	213
3.49	4.67	5	15.3	14.7	13.4	13.3	14.2	14.7	16.4	24.5	43	51.1	46.6	49	71.7	64.6	66.7	66	66.8	81.1	85.5	72.8	136	94.6	110	120	101	123	161	233	289	311	270	221	227	231	255	213	213	213	206	192	166	160	154	145	133	137	154	143	137	143	166	211	180	209	213	211	167	125	113	128	154	162	170	188	251	252	240	247	266	276	276	233	179	224	216	201	267	243	254	278	314	312	312	304	342	329	312	331	331	279	255	285	280	262	237	239	255	256	244	272	267	278	269	258	275	274	261	239	219	237	222	198	202	217	198	180	219
2.91	2.88	3.37	13.3	12.7	10.9	10.5	11.7	11.1	12.5	16.6	27.2	40.6	41.7	46.3	66.6	66.5	65.7	86.7	84	68.1	65.3	58.7	62.1	69.2	172	103	75.9	85.3	118	159	244	424	306	265	223	230	237	211	223	212	204	195	171	168	165	161	150	159	156	158	161	195	190	197	198	235	265	257	242	206	150	137	141	176	161	192	239	227	235	212	250	255	248	240	235	222	230	267	243	251	297	323	324	341	335	318	305	289	306	317	314	296	283	283	280	278	264	259	273	276	267	268	257	270	280	265	270	269	245	219	209	206	193	178	189	179	190	221	226
1.02	1.14	4.92	17.8	23.6	9.23	12.5	9.32	8.86	9.27	11.2	15	21.4	26.4	32.4	56.9	58.8	46.9	68.8	84.3	90.9	62.5	57.6	50.5	58.8	107	68.1	67.7	77.7	89.4	121	165	188	226	247	240	272	262	264	230	231	229	226	216	216	204	197	218	237	196	203	214	214	221	207	204	205	210	247	227	207	179	161	163	172	162	176	211	228	254	213	238	226	216	158	208	204	250	293	282	227	246	259	315	360	343	312	289	298	297	272	312	312	290	288	287	266	260	274	291	308	293	290	264	269	279	252	270	252	221	206	220	194	184	163	171	156	193	217	235
0.06	0.21	1.14	12.4	8.45	8.6	6.74	6.83	6.26	6.35	7.12	7.78	8.54	14	31.6	86.5	54.7	56.2	52.4	116	143	76.2	59.2	50.3	48.5	46	46.6	51.3	85.8	103	88.2	99.3	129	172	184	248	255	289	275	261	254	241	232	222	229	221	208	197	208	214	203	219	205	218	222	218	225	205	219	212	178	186	177	177	166	187	199	193	219	256	222	324	292	225	211	181	229	261	290	271	215	221	225	300	312	320	349	344	321	303	316	363	337	311	310	309	290	267	303	297	298	289	288	282	274	265	227	237	231	216	195	203	182	178	152	179	174	185	201	227
0.63	0.39	0.3	6.66	6.64	9.08	5.62	5.59	5.06	4.63	4.84	5.2	5.22	8.83	15.3	54.6	25.3	35.1	53.9	73.1	88.5	46.7	55	47.3	55.3	47.6	49.6	49.6	67.6	86.9	84.7	90	116	134	152	207	226	256	298	279	252	260	261	237	233	222	213	200	216	219	221	222	208	198	223	216	209	191	188	179	164	165	164	160	166	186	201	177	170	178	198	190	300	223	250	243	269	305	261	307	258	293	251	299	287	291	307	368	348	331	364	368	357	341	349	329	287	259	289	325	331	294	270	266	288	265	236	209	229	197	181	174	162	164	157	188	234	224	210	245
2.52	1.29	0.78	6.69	6.74	6.03	5.57	5.66	5.29	4.31	4.22	4.27	4.18	5.92	7.77	20.3	18.3	23.3	49.2	59.2	53.5	61.3	76.8	54.4	58.3	39.4	53.4	57.6	55.8	81.6	90	88.3	107	116	130	176	205	220	233	249	248	250	264	240	233	224	205	206	206	205	204	195	215	223	200	184	186	185	175	143	150	157	159	156	171	185	181	170	200	166	210	226	244	222	250	267	307	364	270	344	320	334	304	327	295	317	305	360	378	392	391	415	407	346	331	306	270	266	292	324	320	283	255	253	268	264	241	211	193	180	171	150	169	181	188	214	225	222	214	246
