258	315	368	412	362	302	273	291	324	352	431	499	497	598	549	527	546	492	522	551	329	325	307	256	294	326	293	258	269	335	471	416	275	256	285	273	299	306	336	368	444	410	453	366	403	403	366	303	275	222	184	202	206	228	211	285	327	362	378	387	388	453	384	315	317	315	347	385	324	293	395	347	302	416	458	427	380	367	294	282	336	407	452	467	482	438	406	230	226	203	189	179	164	138	183	226	197	129	130	179	163	143	185	181	177	150	148	162	198	201	209	231	247	231	211	249	305	281	356	336
349	477	537	506	420	424	385	350	370	432	513	502	480	499	496	527	544	551	501	456	332	335	317	257	313	339	285	277	273	349	386	377	347	310	259	318	289	296	319	463	490	471	441	407	444	420	394	340	262	224	175	211	227	215	240	272	238	336	306	306	324	371	322	254	235	236	263	327	297	313	370	425	324	446	444	392	342	335	327	334	368	397	413	453	491	523	483	450	333	337	334	214	208	184	190	205	192	172	143	161	164	149	158	173	151	174	164	159	183	189	251	236	225	233	228	330	327	249	269	375
435	586	620	564	574	530	480	365	388	419	506	503	478	475	489	478	594	542	473	451	383	383	317	303	295	299	297	321	331	313	366	390	356	366	282	285	229	235	278	360	436	459	499	416	410	362	307	268	250	228	204	242	243	223	203	203	210	286	419	320	326	252	232	205	222	264	279	231	293	317	357	357	311	447	469	408	353	332	308	300	320	382	423	445	494	500	459	428	435	327	329	251	247	276	222	227	218	229	204	186	157	148	135	141	139	135	144	175	167	190	190	203	204	226	202	292	313	220	226	347
541	611	618	615	612	629	508	390	467	476	506	483	489	479	454	445	531	515	478	437	394	347	325	298	265	249	325	385	446	372	314	342	337	322	260	242	199	190	308	296	298	332	365	338	278	277	254	264	264	253	280	439	274	196	168	201	215	427	502	422	415	281	273	255	270	262	280	256	315	268	284	328	327	436	460	396	342	289	294	321	320	372	432	453	440	473	478	459	427	319	311	238	320	244	244	255	254	265	231	187	143	123	129	131	154	142	143	164	168	191	185	190	204	175	188	190	185	213	235	307
613	621	619	566	621	621	612	470	496	462	447	461	493	502	492	457	496	516	531	388	391	420	392	353	352	336	381	505	456	420	421	440	367	295	224	180	182	190	277	288	289	237	209	278	255	251	242	236	265	271	280	378	282	251	248	190	196	273	442	458	419	324	335	276	256	239	313	308	327	298	279	313	383	381	334	321	305	374	307	327	366	339	367	369	410	391	401	440	442	449	300	190	219	241	236	205	211	206	183	172	152	123	134	147	140	123	139	178	158	174	152	166	145	150	178	199	173	167	174	214
711	742	629	571	552	536	510	470	451	449	459	454	455	452	490	495	522	500	468	407	432	433	489	377	389	369	365	425	529	501	437	398	341	301	214	215	235	254	267	322	310	252	239	292	351	295	289	309	355	338	315	303	282	267	265	237	219	244	304	366	372	367	406	299	241	238	266	296	302	290	304	298	322	424	377	296	270	305	381	365	290	284	312	360	371	356	396	439	492	491	438	195	251	277	302	270	237	235	225	198	196	181	233	177	162	170	193	200	153	138	133	119	107	121	162	164	144	135	146	140
811	788	697	588	596	529	488	416	427	468	510	477	430	458	477	460	462	425	479	490	435	423	428	412	469	566	448	431	503	559	406	322	321	403	303	254	234	235	206	252	236	252	207	281	344	307	310	357	400	370	312	295	274	264	272	214	224	257	292	300	411	407	394	296	238	259	253	238	263	327	276	300	295	305	274	251	317	349	367	309	241	264	295	347	362	342	424	467	485	477	415	253	237	317	294	306	272	259	215	205	199	215	199	191	196	199	186	167	151	133	109	104	123	133	122	139	136	122	121	118
802	769	781	650	608	532	491	385	420	442	433	397	443	468	401	387	379	386	496	531	443	420	422	498	540	424	415	430	417	498	476	427	341	339	323	262	234	169	168	189	200	219	224	253	256	312	298	407	408	370	344	303	279	269	266	262	298	368	409	339	342	337	336	312	298	298	232	276	264	298	285	271	277	266	287	374	324	358	322	245	269	305	267	326	362	416	435	480	488	464	400	396	247	265	289	314	293	264	244	225	228	231	205	205	208	206	193	192	157	133	102	87.6	125	126	116	116	112	98.3	120	100
837	892	846	630	570	540	520	363	344	390	418	352	418	408	348	317	342	352	429	464	428	407	486	557	506	444	503	505	542	592	506	521	419	489	391	291	263	172	151	177	179	199	237	264	291	314	303	393	424	411	374	334	333	326	293	292	327	399	441	376	331	289	302	316	315	308	378	341	253	237	248	245	244	231	318	401	390	322	281	250	249	256	256	363	381	402	409	441	453	452	394	316	364	258	244	256	278	270	275	245	242	243	259	255	239	215	235	246	211	151	136	149	133	134	125	146	123	106	126	119
742	756	636	482	449	476	520	346	262	318	363	322	425	475	351	303	367	361	446	403	386	414	458	525	514	574	555	544	702	778	640	545	417	403	384	396	354	254	187	214	211	249	278	317	331	306	345	380	425	422	406	326	343	340	314	324	310	315	338	375	330	304	305	304	354	291	310	269	219	257	249	250	234	257	291	318	380	320	308	361	286	299	306	375	373	361	384	418	448	458	418	379	357	280	291	282	313	292	258	281	246	251	284	239	216	262	266	251	236	200	203	197	159	147	139	131	154	147	164	143
578	569	523	435	432	448	441	394	338	345	464	511	558	518	381	374	420	404	452	412	355	401	399	448	589	621	559	571	652	630	466	479	402	344	342	339	318	253	218	231	247	282	291	325	309	315	325	365	431	427	467	409	338	347	365	367	292	329	338	465	432	376	349	319	299	265	277	280	224	236	244	273	286	280	281	346	340	288	273	283	280	255	275	363	384	352	355	410	449	475	468	397	287	237	262	250	271	281	307	279	244	283	271	232	238	269	268	289	316	261	265	238	200	162	170	158	169	181	198	177
479	512	453	451	451	473	477	513	462	457	590	618	680	688	604	517	537	530	561	454	355	365	450	468	503	528	556	589	692	657	514	434	394	329	316	315	259	241	269	290	275	307	286	348	310	298	331	380	391	409	399	364	361	369	388	357	325	371	380	455	493	448	377	352	322	301	309	334	271	214	207	275	348	290	229	351	286	244	244	268	276	238	238	370	382	359	346	422	466	436	465	434	379	384	279	235	220	252	262	253	249	251	261	260	254	272	284	338	289	262	307	281	239	190	172	189	216	226	267	267
423	442	460	429	431	472	482	514	581	616	700	628	736	813	654	556	523	583	561	383	359	329	377	383	458	392	417	532	673	561	456	499	421	281	282	305	267	259	295	341	346	343	284	310	303	346	395	359	365	381	360	376	366	339	336	352	377	429	382	344	344	392	418	401	338	343	436	385	327	283	285	262	287	249	212	239	251	248	308	267	257	220	228	408	386	413	409	434	463	440	466	436	385	345	247	188	192	218	257	236	268	247	240	214	230	271	306	351	323	315	316	333	333	269	256	225	251	260	288	283
399	415	457	432	475	472	603	609	633	685	692	628	653	652	566	615	570	615	529	451	381	414	511	468	491	391	410	534	638	544	519	464	345	282	251	338	295	250	279	346	356	352	285	327	340	375	394	315	339	337	328	360	352	310	340	316	342	421	350	347	371	440	475	500	469	501	476	422	421	380	357	236	230	193	227	280	260	213	260	249	203	185	207	368	364	333	342	406	431	461	485	435	372	421	273	210	260	257	254	245	229	213	260	238	256	290	308	377	366	368	402	408	424	352	322	289	296	294	332	338
402	381	366	365	463	516	562	494	511	702	692	614	514	480	489	527	596	613	506	443	391	377	429	407	420	363	380	403	489	475	458	419	366	316	244	258	254	284	303	387	410	359	333	385	363	365	359	335	332	328	373	359	369	343	357	317	313	330	350	403	409	452	453	455	459	499	475	408	445	371	316	240	234	255	231	250	245	227	218	212	190	164	196	296	308	327	342	425	437	441	435	421	379	429	300	248	246	241	250	220	279	276	251	229	264	269	312	355	351	370	410	421	446	411	410	384	406	409	413	404
365	356	324	341	417	456	445	380	450	601	594	499	472	412	474	461	524	504	402	369	358	354	354	296	346	400	405	406	379	408	435	378	322	312	275	285	316	345	352	442	477	396	350	385	376	413	412	372	357	359	383	410	445	371	324	317	312	325	360	399	396	330	337	438	441	502	500	493	465	278	270	304	274	237	227	167	189	251	227	185	183	169	211	286	305	331	320	384	439	410	382	397	367	374	446	304	238	254	281	269	272	234	213	232	247	262	271	310	327	331	392	436	485	511	468	433	408	384	412	394
353	336	351	317	376	360	414	385	440	492	550	490	431	410	431	407	383	436	376	393	407	402	383	304	375	458	392	352	360	405	345	305	300	314	320	355	392	463	499	552	484	460	374	391	402	514	475	373	410	411	422	436	423	380	361	348	332	359	376	391	384	317	364	460	509	458	506	507	401	349	320	311	257	248	259	209	229	263	226	210	235	250	217	297	330	337	342	385	429	393	360	380	333	318	395	243	281	328	330	263	247	189	213	218	199	224	245	268	290	327	339	348	378	376	360	343	382	384	423	394
411	395	389	378	344	347	384	446	421	392	455	481	464	439	454	448	461	450	427	474	466	578	513	352	411	422	368	395	385	394	336	293	293	350	343	439	455	581	769	720	525	466	405	421	472	531	473	383	430	451	474	511	466	493	443	448	402	378	398	432	452	373	355	468	523	528	509	509	502	486	464	360	258	276	262	233	256	271	234	252	266	265	234	285	283	330	356	350	367	378	344	383	420	429	373	413	295	347	376	344	236	179	214	188	156	191	229	254	209	246	251	256	333	314	320	326	349	379	366	384
386	438	433	430	399	405	398	350	403	410	419	401	443	436	436	395	384	377	359	445	618	544	511	350	376	450	365	361	353	366	383	337	243	311	326	432	482	541	545	548	504	515	503	478	458	501	437	393	437	483	458	500	446	420	426	410	441	506	441	487	380	475	446	463	546	522	532	512	492	465	472	374	318	294	278	242	243	239	234	284	245	223	289	311	288	353	326	374	402	408	386	388	425	436	405	427	434	287	347	325	268	197	151	154	184	165	193	184	194	230	275	273	292	258	267	279	312	324	340	347
412	379	402	389	418	415	402	445	486	473	503	420	393	417	368	338	320	301	309	393	399	426	469	356	361	409	369	334	348	369	361	308	252	278	342	451	514	495	508	535	536	546	529	489	380	439	443	426	434	446	468	480	484	443	413	395	409	390	458	460	413	552	593	610	597	489	561	445	396	401	386	356	298	271	239	211	192	220	252	249	203	208	270	304	262	296	286	374	372	368	394	447	443	470	371	467	506	517	394	273	255	243	227	173	164	139	163	180	184	248	237	214	217	215	250	243	266	280	277	337
395	327	401	415	439	396	417	504	512	546	527	382	408	385	313	320	308	342	388	391	408	476	467	341	346	338	348	339	376	360	440	420	316	440	452	504	577	501	507	536	669	557	553	485	479	458	475	512	470	417	423	463	463	430	368	427	373	342	445	459	523	624	663	598	602	525	480	464	431	385	332	318	234	229	217	158	181	185	160	173	239	250	317	357	313	294	301	313	328	356	396	349	377	356	395	449	476	470	459	283	285	280	248	201	166	135	147	152	181	180	165	144	159	162	176	182	201	234	297	366
370	343	380	385	367	352	398	490	571	572	534	482	483	551	545	414	360	377	476	427	432	451	406	306	321	409	363	318	342	365	399	407	374	395	400	429	498	499	532	513	501	440	497	516	533	477	486	484	544	468	485	480	427	371	414	374	342	340	340	449	513	636	783	565	534	451	496	467	500	417	368	308	226	185	194	174	204	179	199	218	297	312	298	340	326	363	356	381	421	391	421	368	376	372	437	409	396	405	396	346	366	280	263	238	224	222	215	215	219	210	213	108	106	120	107	116	135	161	209	327
372	344	316	355	332	369	423	483	533	534	488	473	498	577	603	501	452	450	409	397	377	357	345	336	349	381	356	343	322	318	420	472	388	303	357	431	437	426	555	443	465	480	442	460	498	448	468	496	418	430	415	407	407	375	381	312	298	325	304	390	468	588	614	463	384	332	401	467	460	457	373	310	244	194	166	159	177	235	291	304	348	298	272	311	318	343	350	350	381	343	335	283	350	443	535	450	416	335	341	325	328	316	282	265	225	199	206	200	233	206	198	83.3	80	72.1	91.3	81.3	89.8	109	157	155
315	312	333	372	397	421	468	563	573	630	606	478	496	547	598	469	490	435	388	355	359	367	363	325	327	388	371	352	346	323	438	481	435	349	387	379	428	412	509	444	460	426	435	417	453	453	524	513	437	481	472	458	401	329	326	321	320	341	304	386	445	393	316	337	289	311	349	470	460	433	359	315	278	182	144	159	238	255	335	284	271	322	289	304	321	367	337	313	358	339	341	325	380	423	483	434	391	278	310	298	329	315	309	308	266	276	265	274	283	247	196	70.9	97.6	92.7	81.5	64.7	80.4	107	120	119
382	364	390	409	361	395	455	590	629	638	623	546	436	467	459	372	358	333	375	349	352	389	352	316	370	366	338	379	432	372	421	481	434	437	465	488	470	487	498	464	503	434	434	396	356	375	449	376	420	430	425	369	301	322	309	286	287	303	334	310	365	315	378	351	295	364	483	492	425	373	294	272	237	230	190	213	243	223	187	214	247	267	261	312	365	342	315	342	404	358	281	251	336	352	422	419	359	280	260	286	342	257	277	279	296	308	356	333	310	289	231	124	98.6	87	105	98.8	103	111	101	147
368	335	397	389	337	341	362	508	493	501	604	607	486	483	529	492	583	443	429	351	374	344	292	335	463	384	388	414	405	454	415	433	464	497	520	496	471	506	451	484	495	424	387	344	300	328	330	374	444	488	305	262	214	284	312	255	239	302	309	300	292	280	255	278	256	287	290	336	319	280	286	262	243	229	255	308	321	263	256	283	351	357	343	390	452	405	405	365	351	384	293	436	362	480	529	424	377	328	289	303	302	271	260	285	305	297	318	328	290	282	270	282	227	194	194	195	215	226	231	160
330	339	426	360	306	273	334	396	349	381	561	615	552	495	501	519	617	531	533	421	408	365	311	326	392	359	402	440	367	440	459	468	488	493	503	431	486	484	417	435	498	444	443	339	332	323	329	394	407	425	341	266	275	308	350	311	278	299	301	300	240	244	247	257	276	223	190	297	295	259	275	270	251	221	219	281	275	220	231	271	273	287	308	328	348	348	301	304	306	337	322	359	329	479	460	395	417	387	348	283	268	292	324	291	287	295	324	350	344	316	312	312	249	211	209	182	194	206	207	130
286	308	330	308	258	278	302	304	311	420	538	476	492	470	516	500	453	483	435	362	386	386	423	367	372	370	363	381	406	434	457	435	506	441	430	393	417	454	451	378	405	371	392	340	314	317	352	405	356	407	311	383	336	313	334	319	330	248	294	220	228	239	206	296	256	209	247	308	275	267	182	256	253	216	182	257	210	215	191	214	240	281	368	314	395	403	368	413	403	339	320	272	299	417	425	335	335	382	437	347	311	337	307	294	267	282	295	294	294	299	314	325	302	289	250	220	212	216	201	121
239	300	331	291	297	328	322	340	328	405	468	498	526	518	655	519	417	387	397	360	380	451	495	430	398	386	345	459	510	501	466	484	446	404	424	379	340	351	418	403	449	378	331	304	275	374	306	358	311	306	274	327	269	279	297	308	309	224	241	260	269	259	223	256	246	215	210	235	251	232	188	180	208	197	169	220	200	131	134	192	224	285	364	382	456	532	462	439	358	352	360	360	355	326	482	326	364	418	382	375	403	366	321	288	263	269	270	259	266	297	270	305	335	339	295	260	237	224	194	113
248	276	293	297	307	364	318	294	319	347	386	594	475	514	565	435	363	480	475	556	554	546	497	414	470	439	341	450	488	511	512	506	459	432	489	463	481	496	498	433	403	438	379	343	302	406	396	318	324	282	320	300	240	257	234	222	195	229	204	254	227	209	222	208	230	205	185	164	183	229	193	170	201	210	187	162	149	149	154	209	250	289	351	413	456	515	468	445	435	438	434	371	435	456	516	360	350	394	421	387	379	315	288	272	257	266	296	238	238	269	286	288	306	293	277	237	210	216	204	180
246	250	304	330	354	326	285	264	294	274	338	363	523	415	545	465	616	506	605	559	659	509	421	423	467	381	296	340	355	400	430	445	415	414	467	494	489	492	471	451	436	408	352	344	303	383	373	318	285	281	288	246	251	275	325	255	216	214	264	238	206	206	191	178	168	170	169	154	184	181	141	180	224	234	196	145	142	168	231	233	253	283	332	410	394	411	382	411	436	402	413	396	474	451	453	326	312	334	375	302	340	312	294	282	264	256	268	238	220	246	245	273	274	269	250	243	240	247	235	255
249	247	311	374	383	358	299	309	323	301	300	330	332	348	447	386	329	361	523	454	511	455	379	377	394	337	384	389	438	505	417	381	386	384	462	429	445	499	471	487	440	382	321	277	321	430	311	314	286	269	246	241	267	302	387	266	261	233	211	198	180	197	172	171	185	176	176	169	253	244	208	225	202	172	170	163	162	161	205	224	265	299	308	348	312	300	313	354	320	323	314	314	358	395	459	346	287	324	357	338	301	291	329	293	306	255	249	234	246	242	270	264	256	262	280	257	254	275	282	314
219	225	256	296	347	316	308	355	405	287	251	339	330	324	262	227	208	284	326	461	562	556	499	340	345	356	426	411	450	501	499	373	341	369	453	378	449	501	498	493	446	362	326	279	309	443	461	304	293	291	279	253	277	250	279	231	234	214	179	196	188	171	166	181	194	216	216	156	215	256	235	228	224	200	207	190	159	161	161	229	251	246	272	305	300	239	230	257	279	252	305	240	254	309	374	327	312	326	324	288	269	255	257	304	272	236	233	228	232	249	251	271	258	269	269	295	298	280	275	233
238	234	241	278	310	307	280	274	271	239	240	272	309	298	232	199	201	205	295	298	298	343	321	309	291	359	335	397	432	405	426	456	436	431	437	491	499	498	557	455	400	344	324	320	324	409	352	296	306	307	267	228	233	224	242	205	200	176	170	163	167	166	199	256	207	213	184	244	205	243	229	219	203	209	203	229	188	199	200	229	229	232	241	209	204	226	206	232	286	300	264	256	278	311	301	307	276	268	278	232	259	187	188	236	192	199	220	198	221	216	287	278	285	276	268	260	245	288	270	221
207	206	229	249	312	295	251	255	253	208	226	338	258	241	255	219	216	206	258	250	254	266	337	307	293	330	324	386	449	502	441	513	488	468	502	506	542	490	478	399	345	374	361	347	345	374	366	313	302	292	270	220	202	230	209	208	200	186	199	176	199	180	188	207	189	181	194	195	185	193	203	219	214	159	185	190	157	179	195	188	201	235	224	219	207	227	280	322	348	343	349	278	244	265	296	268	253	256	243	182	171	161	171	174	190	183	215	262	259	249	279	295	270	246	213	227	242	287	261	254
204	204	257	283	323	291	236	203	264	196	197	250	213	209	219	219	206	208	234	219	303	338	320	337	313	302	380	401	420	417	443	472	496	504	500	523	529	490	414	337	328	372	358	297	299	347	387	324	313	306	283	228	209	265	285	226	218	178	172	180	196	186	221	194	178	168	197	191	183	169	154	180	180	172	159	171	177	216	174	210	221	216	212	184	187	173	217	318	272	306	276	242	233	236	256	232	240	212	218	157	157	134	158	146	166	156	192	262	267	212	279	254	242	243	213	219	246	250	273	264
268	252	293	264	245	243	243	214	202	177	188	244	230	212	210	219	214	266	274	278	291	320	290	307	293	306	305	349	399	438	449	490	518	493	501	498	517	423	391	325	338	319	327	321	306	314	314	312	339	374	344	287	280	252	279	214	213	174	181	195	192	240	252	236	187	174	200	214	171	144	155	173	155	195	176	179	172	160	177	213	207	183	187	154	199	184	175	199	226	224	214	254	264	253	230	218	224	226	236	176	161	149	175	184	140	165	147	191	209	194	241	234	240	214	220	208	242	237	239	269
289	325	355	269	239	222	266	274	234	235	231	230	204	196	198	195	212	231	238	270	297	297	298	280	254	234	223	344	475	488	491	508	511	436	534	493	489	472	418	334	328	321	362	358	340	325	340	343	367	462	389	342	297	257	263	248	236	213	235	206	187	259	346	232	219	176	169	172	168	154	182	180	162	171	235	239	213	210	189	194	190	206	178	186	172	151	167	167	186	189	184	253	275	294	229	221	259	256	259	190	163	168	181	187	141	157	163	198	207	172	197	217	225	226	230	216	194	186	186	198
326	340	350	264	208	224	263	287	268	234	268	223	213	186	198	203	222	244	264	300	340	283	262	268	248	261	227	290	396	395	478	516	505	497	501	504	483	470	459	367	318	321	350	347	323	303	308	334	342	374	390	305	292	281	258	270	264	237	226	217	218	232	216	206	239	211	194	201	184	184	196	273	246	176	185	192	175	207	215	218	210	187	142	157	157	159	173	165	153	187	163	210	235	232	226	196	277	217	189	176	166	154	159	146	124	132	165	233	217	192	200	200	209	219	245	219	221	203	170	170
300	314	337	282	275	275	305	252	278	221	202	229	187	205	211	215	301	253	285	310	300	268	276	301	298	299	289	384	383	435	559	513	500	540	534	555	549	502	457	369	302	324	348	339	314	261	258	297	330	329	328	273	241	251	272	271	278	256	241	266	253	200	195	201	243	236	215	217	232	247	259	269	269	205	141	137	167	178	225	245	217	180	147	166	161	149	134	145	193	206	153	156	188	165	179	222	228	195	170	153	155	143	142	125	140	153	157	201	172	174	143	138	157	212	231	210	234	211	180	176
300	330	291	277	265	277	263	197	260	190	173	175	190	192	200	213	241	251	246	256	257	249	264	314	324	320	336	473	424	425	516	533	558	536	509	516	535	533	491	345	335	315	311	298	307	349	311	284	261	277	266	266	246	234	255	237	206	232	238	242	219	241	276	281	283	264	265	295	269	300	259	288	256	218	163	145	162	164	178	177	170	183	160	157	170	182	149	206	210	229	168	174	197	190	174	164	159	160	140	157	134	125	130	116	184	131	110	106	107	104	84.5	106	127	171	166	172	196	174	157	158
288	301	290	230	232	243	204	205	233	198	171	187	187	208	215	211	225	233	270	220	222	227	234	255	275	308	339	467	429	460	394	504	520	508	552	461	466	540	415	307	246	230	264	278	258	286	242	234	198	172	240	260	250	249	263	243	251	263	330	220	228	212	257	253	224	262	285	313	266	271	269	298	288	242	195	173	153	153	119	137	119	120	128	119	129	154	126	144	139	159	148	162	191	150	136	147	130	168	160	162	115	122	129	135	141	118	101	105	69.5	77.3	76.6	99.9	131	154	164	163	147	119	115	113
255	269	337	273	261	258	235	229	223	206	169	197	221	199	187	193	202	222	230	213	195	210	223	213	229	263	339	439	443	495	390	398	453	476	453	432	447	423	352	246	188	203	223	251	271	273	269	235	218	191	233	228	261	237	219	244	234	199	178	194	180	164	177	182	209	303	263	279	279	225	237	246	212	180	174	178	158	174	128	92.3	126	110	102	129	127	139	152	122	127	139	113	153	155	147	163	162	152	157	167	108	109	112	193	140	137	108	80.9	92.4	70.1	67.8	63	91.4	113	164	185	144	120	102	101	98.9
238	281	382	384	390	294	196	196	233	203	212	195	204	201	178	193	187	194	199	191	175	182	182	193	211	257	319	393	369	405	361	339	384	385	390	321	356	330	282	242	204	237	205	231	218	217	262	215	167	162	187	188	179	192	197	171	167	179	127	154	149	160	169	171	168	177	201	234	215	212	256	279	216	179	171	173	166	141	127	137	153	116	161	151	160	200	144	127	116	116	112	143	132	184	156	137	147	144	111	107	104	99.8	89.6	77	122	92.1	86.4	77.4	52.9	54.2	60.5	65	82.5	98.3	126	103	97	86.5	95.2	86.7
290	352	442	437	355	304	271	202	212	189	206	181	173	165	168	197	194	184	158	169	172	160	165	209	207	235	268	410	413	354	314	274	288	281	326	240	273	337	346	282	220	237	226	264	257	208	214	220	199	224	215	195	163	165	154	171	147	148	110	127	162	169	188	165	145	155	118	149	132	148	257	255	220	202	202	211	163	152	175	184	220	147	161	146	153	157	136	155	149	159	153	147	148	175	270	144	146	110	126	141	130	114	88.5	84.3	108	121	86.2	84.7	100	84.2	82.6	87.1	77	81	98.9	91.9	85.7	91.7	101	88.8
258	315	340	396	334	289	279	195	185	173	181	167	143	140	138	172	178	163	135	148	197	196	159	212	205	225	257	266	249	252	230	215	219	205	209	202	225	237	243	215	197	188	215	269	265	215	193	314	214	172	185	206	177	185	187	189	181	158	183	202	155	115	169	122	130	124	116	94.6	77.3	90	160	266	211	196	291	215	213	207	209	227	218	153	142	126	175	144	188	220	172	174	117	146	153	138	133	155	115	114	174	149	141	105	101	75.1	80.1	80.2	95.6	75.5	78.2	78	83.9	71.3	52.3	58	53.7	64.6	58.8	74.9	96.9	79
228	272	267	261	230	239	263	196	179	155	157	165	154	144	151	137	139	110	108	128	174	195	160	191	203	201	187	187	191	205	210	189	194	218	204	218	256	205	195	201	173	168	182	180	239	240	225	225	211	185	199	205	173	172	176	160	187	175	185	205	123	89.2	97.2	90.3	144	163	169	168	160	160	167	250	256	221	167	167	155	160	173	180	140	138	121	107	141	169	174	156	144	151	97.7	116	137	120	128	129	95	97.5	151	129	139	117	90.8	77.6	97.3	112	110	99.6	77.5	89.3	83.7	72.4	49	44.1	44.2	49.4	56	64	74.9	79.1
202	228	209	179	181	200	226	160	157	158	153	139	133	141	140	114	105	112	114	119	143	151	142	168	189	201	172	127	165	196	228	223	228	226	209	218	286	186	244	189	228	196	182	154	202	187	210	190	173	160	213	181	190	199	194	173	189	170	147	184	134	100	107	85	134	153	120	103	159	146	160	230	323	210	118	129	134	147	130	104	113	147	161	143	138	151	139	119	162	187	142	124	118	111	137	164	83	76	68	89.3	102	107	90.3	92.4	103	136	110	84.1	74.8	82.5	72.9	52	48.1	42.3	36.6	46.3	43.9	50.9	48.7	60.3
195	202	177	217	235	186	183	159	146	170	194	168	131	168	145	122	109	122	138	192	166	146	137	153	158	164	168	175	171	195	201	243	225	247	221	204	201	193	275	208	176	174	203	165	183	169	164	169	159	206	200	189	214	223	215	178	171	160	228	172	122	105	117	103	130	139	139	142	153	137	139	236	208	110	118	132	120	145	115	97.8	107	111	131	163	146	128	138	169	196	180	182	123	108	146	134	129	106	88.1	97.4	81	88.9	81.9	152	78.6	105	115	96.9	87	80.2	68	59.4	40.7	46.1	50.8	36.3	41.2	43	47.8	42.6	52.9
173	181	186	173	190	221	170	155	136	132	150	140	136	134	123	114	108	122	146	209	191	161	173	132	144	142	140	150	147	144	149	164	194	230	258	188	182	241	243	204	167	161	182	139	148	139	122	205	148	170	183	173	182	198	201	188	168	130	118	127	127	145	137	127	116	97.5	127	122	141	156	128	164	138	99.8	110	111	126	157	158	129	129	119	125	108	115	140	146	148	183	147	153	120	131	180	141	103	98.6	99.2	101	79.1	83.8	87.4	147	79.2	85.5	85.3	86.4	67.5	57.5	45.5	44.4	36.4	33.7	30.8	30.9	35.6	34.6	39.1	27.1	43.3
131	142	188	210	203	204	243	154	142	120	139	122	123	129	105	101	101	106	127	127	119	128	146	153	156	146	138	117	123	149	133	135	177	224	211	165	172	194	171	162	168	151	146	137	177	188	189	220	143	244	170	165	193	216	197	178	149	127	112	99.4	93.3	115	114	118	109	103	105	97.2	136	115	107	137	115	111	91.7	93	101	107	115	104	109	107	104	94.3	138	148	125	152	119	142	144	105	91.3	112	95.2	71.1	79.5	83	80.9	86.7	70.4	89.1	74.8	66.7	82.4	70.6	65	48.3	42.5	44	40.3	24.4	35.7	41.8	51.3	44.8	47	46.7	36.4	43
129	153	171	167	179	185	228	152	140	130	130	127	120	112	94.5	104	108	105	100	101	125	169	143	131	114	138	136	109	123	134	107	136	185	197	180	190	165	171	150	173	177	176	149	136	167	146	215	339	192	124	129	159	176	181	180	170	141	117	107	82.4	88.4	79.8	63.3	74.3	75.9	70.7	71	71	90.7	78.3	95.2	166	159	131	148	140	132	110	102	76.9	74.3	130	107	100	115	89.5	88.3	111	120	148	128	112	95.1	90.3	84.3	68.8	50.9	49	85.2	81.1	80.3	87.4	76.4	68.1	77.2	69.1	62.4	44.4	36.7	35.9	42	31.2	48.6	44.4	50.5	49.4	60.8	59.7	45.1	43.8
154	156	167	152	134	148	150	121	116	127	153	124	103	96.4	89.1	105	148	137	113	123	151	135	109	98.2	116	131	153	130	112	103	124	126	177	166	168	201	218	200	153	153	168	179	156	128	109	142	112	158	130	126	146	148	204	222	181	181	155	131	106	74.4	87.7	83.7	53.2	71.9	123	89.1	68.6	32.6	53.3	64.3	46.4	63.6	75.1	90.6	96.3	145	132	100	81.3	67.8	77.2	106	99.2	81.5	81.6	77.1	73.6	84.1	99.7	111	86.1	85.1	86.1	93.7	82.2	59.8	62.6	81.6	116	60.6	70.4	64.2	69.4	76.9	93.2	75.3	93	53.8	50.6	37.6	44.5	37.4	44.1	46.2	44.1	63.2	59.1	59.1	57.9	48.2
137	126	136	118	109	131	132	109	101	111	149	118	98.5	80.9	74.9	85.3	108	134	133	133	157	153	135	107	101	124	171	147	130	123	117	128	172	164	157	187	177	171	153	140	146	168	152	121	129	130	109	130	91.9	133	118	159	206	191	170	142	108	132	111	97.2	86.1	71.7	51.4	49.2	82.6	77.8	77.8	31	27.7	33.3	22.2	29.2	43.2	60.9	58.4	83.3	91.3	119	83.6	71.4	79.7	113	98.9	80.8	108	98.6	90.3	82.5	84.2	115	107	102	107	88.5	78.4	49.4	58.3	82.7	68.3	41.5	45.4	53.8	58.3	66.1	86.1	80.8	91.3	65.9	42.4	42.7	51.3	47.3	40.4	36.8	36.5	66.8	69.8	71.1	50.2	43.6
98.4	104	119	100	94.6	111	106	102	87.1	95.5	108	104	87.4	77.3	86.2	94.8	94.7	118	136	176	212	139	119	103	108	131	136	128	142	131	130	134	205	220	158	159	148	178	154	136	136	143	116	135	152	133	99.5	120	98	107	88.3	141	208	255	161	166	143	119	126	72	63.4	58.1	57.6	41.5	60.2	65.3	105	89.2	60.6	42.4	27.1	19.6	31.7	34.9	30	51.5	78.8	85.3	78.3	54.9	49	71.2	63.8	71.7	90.1	103	85.4	66.8	48.4	62.4	87.8	101	90.3	76.6	79.5	58.2	49.3	49	50	42.5	41.6	48.8	54.3	47.4	72.6	61.1	83.8	48.9	38.6	47.8	46.2	25.7	22	30.9	25.6	29.8	40.2	43.4	51.3	27.6
87	99.1	101	86.8	101	115	121	114	94.3	89	94.6	92.8	90.1	77.5	72	80.7	98	106	99.4	130	164	150	133	113	119	121	136	111	115	123	142	139	166	182	151	143	158	163	162	139	126	124	138	135	127	164	135	125	67.7	93.5	64.8	86.6	110	104	138	132	115	106	102	80.8	65.5	63.9	52.7	30.3	38.1	55.2	60.6	83.5	70.4	62.6	63	29	24.3	28	32	43.1	43.9	59.3	62	48	46.6	50.9	41.1	63.8	78.3	71.5	47.3	43.4	42.1	55.3	72.8	76.7	78.8	73.3	79.9	65.1	52	63.5	54.4	48.9	42.1	29.9	30.2	35	62.1	39.8	54.3	51.4	41.4	46.1	35.6	19.8	29.4	23.1	34.3	32	33.3	46.2	35.3	27.1
79.7	88.5	84.9	69.7	102	124	108	112	96.9	89.2	95.5	86.4	86.2	70.7	58.9	81.8	91.6	90.5	86.9	95.7	133	149	196	177	151	146	138	103	112	124	146	138	140	132	116	123	112	131	146	154	112	128	186	146	113	114	126	87.9	63.4	55.6	58.6	66.5	79.5	75	86.3	72.5	64.2	50.7	66.2	70.1	53.6	57.6	49	23.5	30	40.2	44.3	41.7	40.2	48.9	49.2	45	32.2	42.6	39.9	36	14.2	35	28.9	26.2	26.4	44.7	40.8	68.6	161	104	61.3	45.4	59.5	79.3	76.2	52.2	51.3	62.5	73.8	76.1	80.7	74.9	74.7	63	38.3	32.4	29.5	27.3	45.1	42.2	48.9	42.5	36.5	35.1	33.8	26.1	29.9	26.9	41.7	28.1	26.2	22.5	26.2	24.3
89.6	77.7	72.7	57.2	81.7	94.6	108	107	107	92	99.3	97	103	97.1	64.4	65.6	78.2	110	112	136	150	164	180	190	173	169	155	116	133	156	161	136	135	109	107	114	112	103	118	115	99.6	98.3	112	114	102	117	115	65.7	63.9	58.1	87.5	82	71.5	40.9	34.2	31.3	39.6	36.3	30.7	32.4	33.4	48.9	54.4	37.3	29.2	26.2	17.4	30.3	31.8	41.9	48.2	62.3	60.9	55	38.5	25.9	24.7	21.9	22.1	19	10.4	16.9	22.9	24.7	43.2	40.8	39	35.4	38.5	28.6	36.8	46.4	45.6	56.2	54.3	58.2	59.3	62.3	60.8	51.3	39.9	40.3	31.9	30.4	51.1	38.9	47.8	42.5	17.3	9.11	29	30.1	56.8	54.5	52.5	30.9	19.3	19.8	31.3	19.2
86.8	89.2	75.2	49	52.2	70.6	73.8	83.8	93.3	114	112	115	119	116	95.3	81.4	87.3	85.3	97.6	135	163	143	161	156	156	156	151	102	91.5	104	128	128	114	86.7	84.3	103	100	116	104	85.4	79	94.7	110	79.7	67.5	81.6	93.9	38.2	34.2	30.1	40.4	39.3	60.1	35.9	22.3	37.8	50.5	46.8	44.5	21.5	15.9	19.7	28.9	33.9	35.8	26.6	23.5	25	24	31.9	35.1	42.6	54.3	48.2	34.5	21.5	13.3	13.4	21.5	20.4	14.7	25	25.9	29.5	23.7	13.6	17.5	27.6	22.5	21	21.1	35.6	40.9	46.1	48.3	47.4	59.7	52.3	54.3	56.3	48.5	36.4	28.9	29.2	29.4	35.9	50.5	61.8	22.7	10.9	13.8	19.7	34.3	14.5	43	39.2	13.5	27	26.5	7.49
70.2	81	80.9	38.5	42.4	59.6	54.8	76.1	81.8	102	141	113	105	113	97	93.6	102	89.5	85.1	98.3	120	125	164	166	153	148	124	102	88	94.7	109	109	105	83.6	115	122	96.3	107	106	85.3	88.6	82.4	86.1	70.9	63.1	80.6	71	40	40.2	34	35.6	41.6	54.2	38.1	46.4	38.4	42.2	47.3	62.9	32.8	16.6	12.9	16	28.5	27.6	18	20.3	20.1	21.2	31.1	24.6	23.2	27.9	27.4	26.3	30.3	19.5	12.3	21.2	35.5	10.4	6.75	20.8	39.9	31.4	14.7	26.8	23.7	16.8	29.7	24	32.9	36.3	42.3	40.7	39	37.2	38.1	48.5	48.8	38.3	33.3	35.2	38.6	33.3	41.7	29.1	59.6	64.9	22.5	9.49	3.24	8.59	8.9	14.1	22.2	8.78	13.8	35	16
82.8	66.8	81.5	73.8	71.1	56.2	61.3	69	71.3	98.4	129	85.1	77	109	78.3	91.5	93.4	90.8	86.9	79	77.5	88.7	125	152	135	123	117	101	96.4	99.4	97.2	77.5	76.8	95.6	115	108	94.9	105	111	82.4	97.9	75.3	88.4	101	67.5	57.4	66.2	38.8	24.3	23.6	20.9	30.8	36	51.6	56.7	34.9	28.8	28.1	35.1	39.9	22.4	19.5	15	18.3	22.2	28.2	22.5	21.6	27.1	30.1	31.8	21.7	30	23.6	23.8	39.1	19	19.8	19.7	21.6	18.4	14.5	26.8	27.3	25.9	14.8	40.1	25.5	19.4	35.8	26.5	38.2	41.2	38.2	41.5	37.8	42.4	48.7	42.6	43.8	54.9	47	44	42.9	41.8	39.7	27.6	28.9	30.5	14.2	10	17.9	9.34	8	5.81	14	13.4	4.9	12.6	10.3
88	78.8	83.5	84.5	108	103	109	66	76.5	96.4	123	102	108	104	96.2	89.6	66.2	65.8	68.3	78.8	65.5	89.3	102	114	118	117	116	99.8	92	94.4	103	104	101	124	128	96.6	85.1	81.2	93.8	91	126	53.8	50	53.3	42.5	36	39.2	19.7	23.7	29.4	25.5	18.8	34.6	39.8	51.3	20.8	24.7	19.2	17.3	24.1	15.1	11.7	13.1	14.7	14.7	29	16.4	28.9	24.5	24.2	23.6	17.5	22.5	19	19.9	28.8	15.5	18.6	21.2	7.58	8.31	10.3	9.77	11.8	15.2	14.2	10.9	12	18.2	40.4	41	41.6	50	35.4	35.4	36	43.1	46.8	57.7	114	126	63.4	48.1	49.9	57.7	42.2	33.5	49.7	15.9	24.2	10.8	17.4	21.7	17.7	19.9	15.7	23.4	13.1	4.1	6.21
99.2	111	97.2	98.9	122	88.5	92.4	109	108	95.3	115	121	147	114	68	56.7	92.8	69.3	86.9	74.7	76.1	79.8	77.6	85.7	92.3	94.7	92.8	91.9	87.8	85.9	104	89.9	104	114	87	71.6	83.5	96.8	113	97.8	93.2	47.3	49.3	59.2	44.3	34.7	48.6	15.9	23.3	24.6	37.8	22	23.5	42.4	70.7	47.9	38.8	19.7	23.9	17.2	18.6	19	9.45	17.2	25.2	24.7	17.3	25.6	31.8	29.1	25.5	23.6	21.8	16.8	19.2	16.5	10.8	10.7	12.1	10.2	8.86	8.96	9.16	6.42	10.5	16	17.6	18.4	19.1	28.1	31.3	49.2	41.6	32.7	29.4	38	40.1	62.5	49.7	132	97.9	74.4	64.5	76.7	55.7	49.9	29.8	24.3	17.7	27.7	34	20.8	21.6	14.7	34.4	18.9	22	21.6	12.1	8.44
97.4	149	95.5	76.9	78.2	98.2	99.7	109	126	87	68.9	95.1	93.8	65	48.3	57.3	53.2	78	86.4	79.1	67.1	66.7	63.2	72.9	79.6	76.6	89.8	86.9	93.8	93.7	100	89.4	109	105	87.2	81.2	89.2	142	96.7	63.4	68.2	43	39.9	43.3	38.3	44.6	35.9	29.7	31.6	25.1	46.9	61.6	34.6	66.7	69.5	48	31.1	36.2	30.6	28.8	22.6	21.7	23.6	30.8	55.7	31.8	16.7	15.6	29.3	30.9	25.2	20.4	24	23.8	19.6	12.4	10.3	12.5	19.2	22.7	12	13.1	14.8	22.6	15.9	12.3	12.1	12.6	9.71	14.3	19.7	23.4	29.6	32.3	29.5	30.8	31.3	30.2	29.3	44.1	57.7	55.5	60.2	62.1	46.2	50.8	48.8	53.1	48.6	34	33.2	22	10.6	14.8	18.5	23	15.4	22	18.9	14
70.1	72.4	52.1	53.7	55.4	71.1	77.4	92.6	121	98.5	92.2	87.5	82.8	82.1	71	74.3	65.7	105	84.3	88.9	77.1	75.1	73.2	81	75.2	76	75.6	84.7	83.3	88.3	105	107	118	105	103	157	123	170	141	76.7	61.7	43.9	37.2	33.1	41.6	37.3	48.5	48.4	35.3	31.2	17	71.1	29.2	39.3	65.1	48	34.9	31.2	32.5	23.2	26.5	34.7	22.8	27.8	35	22.3	14.2	17.2	19	15.9	13.9	21.1	17.7	14.1	16.9	13.2	15	16.8	17.4	11.9	11	12.3	14.2	18.1	18.1	18.1	13.3	7.84	8.22	7.45	8.22	13.8	17.6	17.2	18.3	26.8	26.8	31.4	45.5	43.8	42.2	53.7	46.8	55.6	49.5	38.1	41.9	46.9	43.5	26.9	36.3	29.7	18.2	12.1	10	14.5	18.4	26.9	19.3	13.2
43.6	52.2	51.1	51.5	53.9	72	69.9	99.7	119	85.9	79	99.8	70.1	73.7	67.8	88.6	92.9	118	98.9	85.5	85.4	98.6	99.8	106	99.2	97	88.6	67.4	86.4	78.9	92.2	107	130	128	142	169	128	118	149	174	122	75.2	59.5	39.8	32.5	49.1	77.7	56.3	67.2	40	41.5	55.8	31.4	23.8	24.5	44.6	26.4	28.3	30.9	27.9	25.1	23.4	14.2	13.3	17.7	18.9	13.9	21.1	27.5	24	13.5	17.8	17	15.6	13.1	8.34	12.8	11.9	13.5	11.3	9.94	14.6	16.2	18	16	17.5	13.1	9.53	8.65	8.58	6.79	12.5	13.1	11	15.3	28.3	27.9	36.3	44.4	44.6	40.9	38	42	46.3	43.6	36.3	38.2	40.6	27.4	34.5	37.7	37.5	23.2	24.8	21.9	21.8	24.5	17.8	16.8	13.1
80.7	67.9	62	51.6	47.3	60.4	67.7	86.5	81.2	55.1	60	72.8	76.5	60.6	55.1	57.1	73.8	76.5	87.6	88.2	110	102	116	91.2	83.5	81.6	96.6	82.3	71.5	78.4	100	91	93.1	87.8	118	131	123	107	94.6	105	81.6	80.5	110	75.3	67.2	50.4	46	57.4	68.8	49.6	65.3	59.3	43.2	41	32.7	29.7	22.8	31.3	30.1	21	26.8	21.8	13.1	14.1	14.8	18.2	23.2	18.8	20.7	20.2	15.9	19.5	16.2	15.8	24.2	16.8	9.47	7.16	10.9	10.5	11.1	10.4	12.9	18.3	20.2	22.3	17.8	15.5	15.5	13.3	13.9	12.8	10.5	9.75	10.9	27.4	29.5	31.3	33.6	36.8	30.1	27.7	34.8	42.3	41.6	38.5	39.4	46.8	24.4	14.3	26.4	31.1	28.5	29.1	22.9	24.5	39.5	41.5	31	21.7
74.4	70.8	79.2	73.9	83.4	89.1	65	58.2	57.9	52.2	49.2	76.2	81.9	89.7	76.7	66.9	74.6	84.9	88.8	88.5	89.7	95.9	106	96.3	96.1	82.1	75.9	79.8	67.4	79.8	76.2	82.2	84.2	78.5	94.4	105	108	100	82	47.2	50.3	123	182	145	109	70.3	49	46.6	64.1	58.1	91.4	61.1	54.9	49.9	48.5	33.4	26.8	21	19.7	14.4	17.4	12.5	6.15	13.8	17.5	24.7	27.8	23.3	21.9	21.8	22	31.3	28	20.1	15.6	19.1	9.7	6.97	10.8	9.31	11	10.5	15.7	15.4	18.4	18.6	23.6	19.8	13.4	14.4	16.7	12.1	8.72	6.28	7.23	22.1	23.1	24.6	29.3	31.2	38.3	34.3	31	37.5	30.9	32.7	33.7	27.3	23.3	40.1	31.5	23.7	40.8	43	32.7	36.3	44.9	34.4	29	30.4
43.5	95	126	112	148	109	56.8	69.9	70.1	60	60.2	82.2	78.9	98.2	115	100	83.9	96.4	95.7	81.3	100	97	104	104	112	88.9	77.8	80.5	67.7	77.7	77.2	64.7	74.7	74.9	75.2	62.1	70.8	69.4	61.8	52.2	53.1	71.5	186	108	124	138	132	69	49	53.7	85.2	72.9	43.4	53.9	48.1	40.3	31.3	25.9	24.1	24.9	22.4	19.8	9.47	11.4	11.2	10.7	15.7	19.2	15.7	16	19.1	21.4	16	15.8	16.3	13.8	8.9	9.3	10.4	6.87	9.21	9.89	17.5	17.5	11.6	9.18	19.7	19.5	15.8	6.47	12.6	7.63	8.02	8.06	12.5	22.3	22.6	24.7	24.9	23.1	27	24.9	26.3	29.4	26.4	30.3	24.1	23.6	22.7	52.8	53	25.8	38.7	29.9	42.2	47.4	44.6	24	24.3	22.5
33.4	40	60.5	70.7	75.6	55.3	38.7	50.7	61.5	42.7	48.9	62.2	58.8	77.4	98.4	125	120	81.4	85.7	92.6	113	109	106	108	105	98.3	83.1	73.5	72	75.1	78.1	78.1	86.4	87.9	80.4	64.7	62.6	61.9	58.8	90.9	73.8	105	134	154	180	223	225	132	83.9	102	112	74	76.7	77.4	65.4	30.8	30.7	29.7	26.9	34.5	30.1	44	23.7	22.9	14.8	11.9	9.75	19	12.7	15.8	14.6	14.3	13.9	13.2	12	8.73	9.96	8.07	5.52	12.1	11.8	15.2	13.2	11.3	16.1	16.2	18.4	23.5	24.9	24.5	29.6	34.7	23.1	37.5	37.4	26.7	23.8	26.2	26.9	18.1	17.9	35.1	33.8	27.7	25.9	25.5	24.8	13.5	22	39.5	40.6	24	15.7	18.3	27.4	34.2	32.2	25.1	24.3	23
37.3	31.2	34.2	43.2	45.5	53.5	41.9	45.2	49.4	63.7	60.2	60.4	58.4	76.9	104	136	120	91.7	102	102	102	97.1	99.4	104	124	125	95.6	84.9	93.7	94.5	103	92.3	100	101	84.7	72.9	66.3	54.7	49.2	81.9	60.7	140	124	252	252	256	275	112	82.1	131	107	127	99.5	79	36.9	33.9	35.3	33.8	31.4	32.4	39.4	29.7	21	33.4	25.1	19.8	14.2	23.4	16.3	12	20.1	15.4	15.3	15	13.7	15.3	10	9.88	9.78	17.4	18.8	15.3	15.3	31.3	44.2	36.6	21.3	17.1	22.6	33.3	42.9	36.5	40.6	40.7	49.7	37.7	30.8	26.7	31	42.8	30.6	38.4	44.7	45.6	25.7	19.6	17	23.7	37.2	51.6	47.7	46	26.8	29.9	29.6	31.4	30.7	24.7	29.5	29.6
27	28.4	23.4	23.2	23.1	22.2	27.7	30.5	43.4	60.5	74.7	87.1	89.1	95.3	122	148	149	119	115	101	103	93.5	79	87.7	97.5	116	113	94.9	103	94.9	107	87.7	86.6	87.5	94	75.5	58	48.9	48.6	78.4	55.2	107	106	160	152	115	143	142	101	171	150	170	164	70.9	44	43.1	39.4	32.1	30.3	25.6	26.3	21.8	16	18.4	17.5	17.9	16.4	21.1	23.4	18.5	19.7	15.9	16.2	14.2	15.3	54.1	28.5	26.2	10.4	33.7	49	60.8	58.9	75.6	79.8	34.9	18.9	21.5	21.8	16.1	24.1	39.1	44.1	47.9	45	39.6	29.5	36	50.7	33.1	34.8	55.8	76.9	59.2	44.1	34.9	27.3	32.4	47.6	69.9	68.1	61.9	45.1	34.8	30.3	30.2	27.6	23.2	26.1	21.2
22.5	23.8	24.3	28.1	21.2	20	17	16.7	39.6	69	107	171	138	117	125	187	164	139	132	125	115	91.9	78.2	80.7	80.7	110	133	92.5	105	116	96	82.9	90.6	91.5	103	107	68.4	48.7	41.1	40.5	45.8	57.8	77.3	110	110	72.8	47.6	57.7	74.9	137	117	83.6	71.4	83.7	106	56.1	42.2	21.2	26.3	28.8	20.8	18	17	24.4	17.6	17.4	15	17.9	20.3	19.8	15.7	19.6	24	17.6	17.1	11.6	14.7	11.1	10.9	13.9	29.6	50.8	23.2	22	18.6	25	13.8	20.3	23.4	17.9	27.1	44.7	52.7	44.9	55	53.9	42.9	32.9	35.4	65.3	95.7	52.1	68.8	84.2	80.2	68.1	49.3	30.6	33.9	42.1	55.1	51.6	49.1	38.4	31.9	35.5	29.2	27.7	22.1	20.1
25.7	20.7	33.9	59.2	24.3	25	17.9	15.8	15.2	63.6	106	217	191	128	129	178	119	120	133	132	106	96.4	90.2	98	98.8	107	127	117	94.2	97.6	92.4	83.6	82.5	86	113	137	101	67	64.2	50.2	58	52.9	78.8	85.8	73.5	84.5	100	130	135	128	150	128	141	153	136	56.9	45.2	38	48.9	44.7	35.2	36.5	21.2	30.4	26.1	24.1	32.5	32.6	29.3	29.3	29.3	30.5	29.8	25.5	23	7.7	7.86	4.59	4.32	11.6	15.3	21.7	19.9	12.9	17.6	18.8	17.2	18.1	21.4	26.8	24.9	31.1	40.8	36.1	40.9	45.8	43.1	52.2	34.7	73.5	59.4	57	53.6	67.8	66.5	55.1	48.4	48.4	38.4	47.8	51.3	53.2	45.6	40.2	35.8	39.4	38.7	40.4	27.2	22.1
25.2	23	21.1	58	57.2	19.1	12	9.39	9.51	27.8	64.3	137	152	158	134	171	162	154	159	124	138	110	111	113	116	130	114	135	102	91.7	86.3	84.6	79	77.9	80.6	101	91.8	74.6	60.3	56.7	61.9	75.2	89.3	91.9	54.3	69.8	128	113	113	126	143	136	135	131	138	85.6	75.1	75	69.9	49.3	30	32.3	17.2	25.6	28.2	31.9	40	44.4	49.4	42.3	43.3	35.1	41.3	36.4	25.7	7.7	6.88	11.5	16.6	10.2	9.56	18.8	17.8	19.9	18.3	13.1	10.1	16	22.6	25.9	20.8	21.4	21.3	21.7	27.8	38.4	30.4	34.9	33.6	40	54.8	49.4	56.4	76.8	80.2	61.7	51.6	50.6	47.5	53.2	65	48.5	43.2	38.4	36.1	38	40.9	35	37.7	32.5
20.7	19.1	19.8	13.8	11.7	9.91	11.6	11.2	14.4	28.8	45.6	59.2	83.1	86.1	92.5	136	155	158	193	189	168	147	109	114	123	136	122	136	134	115	108	123	112	89.6	87.3	93.8	94.5	75.8	53.3	55.8	56.4	70.4	70.8	48.8	30.4	105	141	133	116	64	59.8	121	83.9	98.9	141	76.6	90.6	130	76.9	44.6	30.4	19.5	24	29.6	34.1	30.6	34.4	45.1	51.1	57	56.9	53.6	52	48.6	37.8	32.5	21.1	7.41	3.33	10.5	14.3	15.3	9.15	13.3	15.8	12.9	12	11.5	16	19	17.3	21.9	14	4.06	14.3	29.7	40.7	28	46.1	45.8	70.3	54.5	46.3	48.1	56.3	43.3	53.9	75.7	72.9	56.7	57.4	46.5	45.1	49.4	48.8	43.5	41.1	47.9	60.3	39.2
21.3	18.1	18.1	14.3	13.4	13.6	13.8	12.5	17.4	26.6	47.5	62.8	46.9	80.3	54.6	65	87.4	99.5	121	148	134	127	116	107	114	118	113	122	123	116	106	125	150	169	150	119	103	74.3	57.2	56.6	63.1	66.3	65	75.5	34.3	70.3	66.7	91.8	98.2	65	70.9	75.4	58.7	60.6	47.3	45.6	56.1	79.5	58.2	41.2	20.9	23	27	38.4	37.4	40	43.7	42.2	44.8	48.7	55.4	56.3	58.7	49.3	41.4	23.6	32.7	15.7	9.16	15	10.7	7.37	6.49	9.67	13	10.6	5.82	9.71	8.9	8.22	11.9	10.3	13.6	5.26	4.15	23.1	43.6	32.6	32.4	34.1	50.3	42.5	42.9	35.8	39.3	39.2	46.3	70.9	90.8	80.6	75.7	48.1	42.8	50.5	45.2	48.2	53.1	45.8	64.3	38
17.2	18.4	17.5	13.4	12.2	11.5	12.9	12.6	15.3	13.6	19	34.1	29.5	34.2	37.2	43.6	43.3	46.9	60	79.3	83.6	85	83	106	115	117	114	107	100	99.8	109	119	131	154	150	123	69.8	65.8	72.9	81.1	72.8	71	71.4	52.7	53.5	64.8	60.7	77.1	57.8	54.3	58.9	58.6	36.5	32.2	44.4	56.8	81.4	76.7	84.6	69.5	22.3	33.2	59.4	63.1	71.9	60.4	63.7	62.4	61.4	61.9	56.4	64	58.7	52.2	44.8	36.9	38.2	34.7	20.2	15.4	10.9	9.42	8.02	7.35	8.21	4.69	4.52	5.68	6.06	6.35	6.64	3.61	7.74	12.1	8.26	6.63	11.8	24.1	31.7	26.8	26.7	26.6	29.4	34.6	39.3	42.8	41.9	46.6	51	58.5	61.6	54.1	50.8	41.3	29.5	24.6	37	38.5	32.8	21.9
17.4	15.8	15.4	12.2	11.1	12.1	11.7	11.9	11.9	10.8	16.9	29.5	26.9	26	29.7	42	38.3	39.1	49.3	56.9	55.1	60.4	64.3	96.1	118	117	119	120	103	96.6	103	120	118	128	122	93.3	77.3	65.2	71.7	74.1	77.9	75.9	81.8	68.3	82.7	114	108	87	70.9	56	59.2	66.9	89.1	38.9	54.7	78.4	93.6	86.9	170	86.6	70	68.6	80.4	68.7	77	69.4	69.6	72.7	75.3	74.3	78.9	72.4	61.3	66.8	64.2	39.8	35.7	34.2	27.2	18.7	14.4	8.54	7.58	5.3	5	3.97	3.54	3.94	3.93	5.07	5.94	4.37	3.84	4.85	4.96	5.18	6.48	11	20.3	17.4	25.2	23.6	28.7	33.7	38.3	41.2	43.9	44.4	47.9	52	56.6	49.2	40.7	37.7	31.8	18.9	18	21.1	14.2	13.1
16.4	15	17.4	19.1	15.7	18.7	15.3	11.6	14.8	15.1	16.2	19.5	22.2	24.1	24.9	29.5	31.3	63	75.9	55.2	50.5	49.6	59.8	88.5	101	128	124	124	105	101	106	118	112	137	132	97.1	77.4	71.8	71.3	75.6	73.6	80.9	84.2	77.7	76.5	105	108	76.5	67.6	52	41.3	43.2	70.9	74.8	144	124	74.1	66.2	131	111	95.4	67.2	73.9	67.8	66.3	64.3	61.9	66	68.4	87.5	93	84.1	80.9	72.1	74	52.7	32.8	31.9	22.5	18	12.3	8.26	6.85	5.5	5.02	4.9	3.08	5.29	5.35	4.27	5.07	8.46	4.47	3.8	7.18	7.11	11.9	11.7	9.16	14.4	13.1	15.7	21	29.5	44.9	36.4	37.4	44.8	43.5	48.1	51.4	49.7	41.5	37	33	16.8	12.6	10.3	9.05	9.47
14.2	16	15.9	15.4	16	19.7	19.9	11.4	10.7	13.1	15.7	17	17.8	22.7	22.2	25.7	31.6	49.7	70	57.5	60.9	56.3	59.5	82.4	90.5	114	104	107	105	95.6	115	134	111	117	124	109	83.4	77.2	76.8	78	86.1	96.9	92.6	70.8	70.5	81	83.8	62.1	68.8	61.2	61.5	36.4	42.1	102	160	108	66.7	85.2	118	98.1	181	154	90	80.7	85.7	67.5	59.1	57	75.9	82.4	75.3	77.4	95.3	73.9	61.6	51.1	39.2	26	19.8	18	13.9	9.48	8.15	7.95	6.3	7.5	5.49	6.42	4.11	4.19	5.6	2.42	4.79	5.42	15.2	28.4	21	12.5	5.5	8.66	9.94	11	15.5	25	26.9	31.3	30.6	32.2	34.5	36.2	40.9	43.5	39.3	37.2	24	24.6	19.8	11.1	7.85	7.65
6.79	7.35	9.56	5.37	6.21	6.46	9.5	10.1	8.22	10.3	11	15.7	19.2	19.6	21.8	25.2	27	32.5	44.4	40.3	45.7	57.6	58.3	77.9	85.8	92.7	90.9	98.5	101	99	91.6	91.5	91.9	80.4	90.8	118	100	89.3	86.4	90.8	91.4	104	113	100	94.7	99.3	99.6	106	97.3	88.7	85.7	77.7	69.2	64.6	79.9	80.6	73.6	73.8	116	97.7	139	124	85.6	69.4	65.7	60.3	55.5	54.8	65.1	73.1	71.3	73.9	80	67.1	64	36.4	37.1	38	26.3	18.5	16	11.8	8.4	8.82	15.6	14.1	9.77	8.02	9.41	4.56	4.13	5.45	20.5	28.6	15.1	29.3	16.8	10.2	8.87	14.3	10.2	10.6	12.2	16.4	19.1	21.5	21.7	24.4	26.7	27	30.3	33	30.6	31	22	18.2	7.39	4.01	5.35	6.3
4.61	5.26	4.54	13.5	11.6	7.07	14.8	14.7	14.8	13.4	12.4	16.8	22.4	19.1	22	24.2	25.8	25.8	30.7	33.9	42.6	51.6	53.6	67.7	80.3	89.1	87.5	96.5	101	97.4	87.8	84.8	78.2	78.6	94	113	98.8	96.6	102	104	106	101	115	115	109	112	107	101	95	88.6	85	73.7	74.6	76.6	74.8	75.6	62.4	64	104	130	88.9	89.8	82	59.3	54.4	57.4	53	57.5	60.4	67.6	71.2	84.7	111	72.3	60.1	42.5	34.4	51.8	40.4	21.8	16.5	11.1	7.7	3.74	10.1	6.8	4.2	5.26	4.37	3.43	5.05	9.37	7.26	6.8	8.3	10.1	9.58	6.18	6.56	8.67	8.69	9.47	9.91	14	15.6	16.7	18.1	20.6	23	25.3	27.7	29.9	23.1	17	16.3	11.3	4.37	2.44	8.17	16
2.74	3.37	3.77	6.75	32.5	5.3	4.28	16.7	10.3	12.5	13	19	20.6	18.2	19.9	21.8	24.8	24.4	25.3	29.5	35.2	42.8	51.6	62.2	71.1	83.8	78.4	78.8	92.6	93.3	91	83.8	67.1	64.1	69.5	77.9	88.9	99.2	127	115	120	117	137	128	122	131	102	102	96.8	87.6	87.4	66.7	68.3	69.8	60.6	54.3	54.9	49.5	71	94.7	85.6	72.2	68.7	58.3	58.5	54.5	53.2	68.6	87.2	61.3	71.6	98.5	88	81.6	73.8	41.1	38.7	39	32.4	21.5	16	9.9	7.12	3.1	2.53	2.02	2.43	3.51	3.3	4.14	5.8	8.21	4.8	5.6	8.52	10.1	7.31	6.09	7.66	7.58	7.94	9.65	13.1	12.8	16.6	19.1	17.3	18.1	20.5	26.1	33	22.4	16.2	15.3	9.8	5.23	3.36	3.64	7.56	6.45
3.02	2.89	2.38	2.51	2.67	2.78	4.12	16.9	5.59	8.47	11.2	21	20.7	18.6	16.5	22.8	21	21.4	22	23.2	47.3	47.7	44.9	53.7	57	61.6	71.9	74.1	77.1	97.8	93.9	82.6	68.2	60	60.1	70.4	80	105	124	120	117	114	145	186	137	147	136	126	111	103	97.2	93.1	81.5	73.8	72.7	63	66.3	58.5	59	70.2	84.2	56.9	64.6	76.3	50.6	43.6	51.5	95.2	99.8	83.4	72	84.6	74.7	99	75.2	63.6	51.6	37	32	22.8	15.8	15.5	8.96	4.95	2.71	2.34	2.08	5.14	8.35	7.62	7.65	10.4	15	15.3	13.1	13	10.9	9.02	7.76	11	7.52	8.76	12.3	10.4	14.4	16.5	16.7	18.3	20.8	21.3	20.8	24.9	23.3	18	16.9	9.58	4.25	4.19	4.78	9.15
0.543	1.62	1.69	2.06	0.817	0.897	0.941	2.03	3.11	5	4.99	11.9	13.2	24.1	16.7	17.6	15.5	15.1	19.3	14.7	15.1	38.7	30	36.4	57.6	46.1	48.1	70.8	58.1	66.9	76.5	69.5	53.1	47.4	37.9	64.4	61.6	78	92.3	101	114	113	137	144	164	157	144	158	132	103	94.6	94.2	78.4	73.7	66.7	65.2	74.4	65.6	76	76.5	76.8	76.4	71.4	60.5	48.5	53.8	56.1	84.3	77.6	83.2	78.1	71.5	57.4	59	75.1	63.4	82.1	45.1	32.9	21	18.2	18.7	9.4	4.63	2.75	3.66	5.46	10.6	13.5	15.4	18	27.7	23.3	22.5	21.9	18.8	17.1	10.7	12.5	11.1	8.7	10.4	16	18.2	14.2	12.4	11.7	16	16.4	16.4	19.5	17.7	20	20.6	15.9	10.9	6.24	8.16	6.06	8.71
0.333	0.221	0.264	0.88	0.646	0.533	0.458	1.05	1.26	2.12	7.25	10.2	10.5	17.9	14.4	13.6	23.4	14.8	11.9	10.5	10.3	10.6	25.1	32.5	35.6	34.7	42.7	66.6	51.4	36.9	42.8	47.8	58.8	57.4	51	64.2	69.2	71.8	74.6	84.6	114	110	120	125	135	161	128	147	136	119	115	90.5	80.1	74.9	74.2	68.5	56.5	56.2	64.4	73.7	76.1	71.6	71.3	52.4	55.2	58	61.9	62.3	68.6	75	86.4	67.9	59.5	69.3	63.7	47.1	51.5	27.8	16	19.4	18.4	14.7	10.4	4.8	7.81	14.7	11	19.2	20.9	29.4	30.2	22.8	28.2	28.1	17.9	15.5	13.9	9.83	10.8	10.3	9.24	8.28	14.2	11	11.9	10.9	9.31	11	13.1	15.9	18.6	14.6	14.7	14.2	14.3	9.38	7.76	9.42	6.93	6.89
0.268	0.185	0.167	0.2	0.348	0.304	0.746	0.884	0.913	1.47	3.37	15.4	10.4	11.9	11.9	14.7	13.7	11.8	12.2	9.88	8.58	8.95	17.1	34.7	25.3	22.7	26.3	39.3	45	34.2	22.8	31.9	74.4	84.2	82	64.2	79	79.2	75.4	67.5	81.2	95.7	103	115	112	130	126	144	138	119	112	105	97.6	88.9	74.1	68.9	69	60.5	58.1	63.6	73.3	79.3	76.5	68.4	54	50.7	52.3	70.4	63.7	72.1	69.7	65.8	72.3	81.8	53.8	40.5	38.3	27.7	26.5	20.9	17.1	15.1	12.9	14.8	12.3	10.5	18.6	32.9	36.1	33.5	30.7	24.9	21.9	18.7	22.3	19.7	13.7	17.9	18.1	16.6	14.6	9.71	10.9	8.43	7.36	8.09	10.6	14.7	15.2	16.5	16.5	14.2	15.8	13.1	11.9	7.29	6.68	7.11	14.3	9.41
0.248	0.348	0.176	0.201	0.333	0.304	0.554	1.11	0.814	0.966	1.46	4.3	9.54	11.9	8.41	10.4	20.7	19.1	14.5	10.1	8.05	6.59	7.99	14.2	14.6	67.1	17.8	20.6	35.3	39.5	36.6	37.1	63.9	136	165	110	104	101	95.8	82.9	110	98.8	93.5	94.2	99.6	105	106	120	126	111	103	110	104	93.2	80.5	61	66.2	65.8	76.2	64.6	72.3	69.3	72.8	63.1	48.3	41.5	43	68.6	69.5	66.4	52.7	51.7	55.6	57.4	56.9	38	44.5	47.9	47.8	34.5	22	20.1	14.8	15.7	17.6	18.3	25.2	33.1	35.6	37.7	39.4	34.8	28.2	26.5	22.3	30.9	18	24.3	30.6	20.3	12.4	10	12.3	10.6	10.2	11.4	12.7	18.2	17.6	15.6	16.5	15.3	15.1	12.3	11.7	8.22	9.15	6.23	6.75	11.7
0	0	0.21	0.137	0.0983	0.103	0.149	0.517	0.656	0.974	1.5	1.82	4.33	6.8	3.65	5.7	11.6	21.4	15	11.6	8.4	10.2	7.86	8.99	13.7	26	9.43	9.49	9.9	22.2	26.2	34	45.6	134	215	198	153	131	186	134	112	107	98.8	114	101	87.3	81.5	88.9	90.5	96.2	100	86.4	75.6	80.5	70.1	61.8	62.5	63.1	65.3	58.5	54	53.5	53	73.1	36	34.7	41.7	45.4	51.6	45.6	39.5	34.9	33.5	35.6	37.6	31.9	44.5	47.8	64.2	49.4	51.9	38.7	31.9	45.2	32.3	30.7	25.5	38.6	33.9	29.8	68.1	65.6	41.4	25.1	21.8	19.9	16.5	15.7	18.6	21.1	15.1	15.9	14.5	15.3	17.4	13.6	14.5	19.1	15.8	17	15.9	16.8	13.7	12.2	10.4	10	10	5.59	7.08	16.3
0.03	0	0	0.106	0.0705	0.0857	0.107	0.373	0.476	0.824	0.849	1.01	1.14	2.53	2.43	20.7	14.9	5	15	20.4	7.86	11.3	7.72	7.22	6.11	5.91	6.23	5.79	9.51	14.1	20.7	19.5	26.1	75.3	173	234	211	167	208	126	109	86.8	80.6	86.6	72.9	62.2	56.2	67.7	67.7	74.7	89.2	100	77.4	70.3	71.3	68.3	79.2	70.4	66.2	56.9	57.9	57.4	49.6	59	34.7	35.2	35.5	43	43.2	47.6	44.4	46.2	39.3	37.4	37.4	28.7	73.4	72.2	55.7	54.8	51.4	43.1	37	51.4	48.8	46.2	45.6	48.8	44.2	37.2	59.7	56.5	45.8	55.7	26.5	23.3	20.1	18.7	20.1	21.1	16.4	16.3	16.4	16.2	16.9	17.2	17	18.8	18.8	18.8	20.9	23.2	20.3	17.6	12.3	11.1	7.06	7.63	22.8	24.6
0.39	0.03	0	0.0402	0.114	0.265	0.386	0.309	0.371	0.449	0.506	0.489	0.558	0.776	0.693	22.2	4.45	2.94	2.78	9.92	10.7	6.54	8	6.78	5.5	4.57	4.69	11.1	5.91	6.55	8.82	11.6	25.7	8.06	29.8	77.7	129	126	136	117	94.3	80.2	77.9	70.5	58.4	47.4	51.9	62.6	60.6	60.5	68.6	68.7	83	80.5	73.3	82.7	77.6	70.8	64.9	60.4	69.5	64.4	53.5	79.1	39.3	31.9	29.3	32.9	43.2	46.5	54	73.2	62.9	49.2	54.9	34.6	65.1	77.1	64.8	47	55.2	65.6	56.2	57.1	50.1	44.8	50.1	67.2	58.9	54.4	56.9	42.9	41.7	63.4	44.7	24.8	21.8	21.3	19	20.5	19.5	21.7	24.9	25.5	22.6	18.9	20.4	28.8	24.6	29.1	30.2	32.1	25.4	17.9	16.1	8.51	8.9	10.8	16.1	17.7
0	0	0	0.0768	0.0583	0.147	0.259	0.302	0.34	0.43	0.455	0.417	0.398	0.451	0.584	2.19	2.96	5.69	7.95	7.53	9.76	6.4	7.84	6.34	5.87	5.72	4.2	5.72	5.2	4.45	5.21	8.61	15.5	6.85	4.95	23.8	31.1	54.3	78.1	78.5	73.5	66.9	64.7	60	45.9	44.2	44.7	51	53.8	54.7	53.7	62.6	71.6	79.4	81.7	82.8	74.6	70.7	76.4	59.9	59.6	53.2	55	47.6	31.5	21.8	22.1	24.1	26.9	42.3	60.1	79.6	133	132	63.4	54	59.5	65.6	42.1	38.2	65	56.4	51.3	76.2	71.1	50.4	44.5	56	60.6	50.4	45.5	63.8	42.8	44.3	47.9	30.9	31.3	32.2	29.8	26.1	24.4	26.6	30	26.8	24	22.3	24.4	28.5	29.8	29.3	29.4	20.6	19.9	18.6	17.8	14.5	11.5	12.3	17.6	14.3
