248	269	292	303	317	326	348	260	282	315	348	378	370	416	456	465	475	486	496	461	460	485	487	495	485	488	443	349	351	334	319	314	256	257	239	357	359	402	387	486	494	503	549	509	562	582	562	527	463	443	405	423	394	350	339	372	353	360	318	343	304	282	292	254	265	238	237	240	214	207	215	261	240	277	272	255	256	266	273	264	265	279	304	382	397	402	406	317	358	354	386	410	388	377	361	329	305	317	328	397	382	384	413	379	373	383	409	353	309	293	300	288	282	322	319	299	291	310	305	332
315	369	409	360	367	365	423	430	502	417	489	474	400	466	470	472	484	492	483	475	473	493	503	465	460	453	467	360	346	359	327	382	362	356	342	339	383	424	436	531	570	667	674	576	596	550	542	495	444	420	406	348	339	303	282	242	297	343	269	308	313	340	368	350	362	311	289	247	256	256	287	278	254	286	258	310	328	306	317	285	280	279	307	378	379	391	395	422	354	373	380	298	297	309	312	295	289	298	308	336	343	352	364	395	421	519	595	463	450	459	475	389	370	390	367	342	320	347	323	346
342	392	443	370	373	395	432	496	508	476	490	385	381	414	458	489	477	477	494	463	460	463	490	462	450	452	444	385	365	366	348	370	372	362	368	361	376	414	418	532	589	644	706	644	544	519	499	437	422	407	394	330	318	277	251	195	252	227	221	308	313	311	340	345	377	322	298	277	258	282	320	289	274	335	314	298	296	310	324	304	283	278	322	351	341	355	398	389	413	357	364	286	275	300	299	287	281	268	273	309	296	312	353	402	413	485	528	439	460	492	535	382	370	397	369	359	320	363	327	311
373	425	452	414	418	436	462	467	525	508	474	398	389	394	434	466	449	445	480	439	424	448	490	480	434	440	431	358	385	365	350	353	333	331	310	316	333	352	401	519	537	634	704	530	507	500	482	446	413	417	394	309	312	253	226	171	195	192	245	307	295	338	342	337	358	330	330	289	266	279	312	336	291	301	310	336	283	280	295	275	269	285	285	317	330	358	417	398	415	361	348	297	294	290	306	267	264	257	279	297	286	314	325	384	367	400	448	452	463	485	525	442	412	407	379	369	350	382	317	296
381	423	479	450	460	487	503	511	512	492	477	419	405	423	418	484	465	479	472	453	479	504	490	465	416	398	414	362	435	402	300	357	349	350	300	291	301	353	486	539	532	617	632	523	503	485	479	449	468	384	433	316	264	239	220	141	141	202	244	309	335	330	335	320	319	366	364	303	302	289	319	317	285	277	277	307	300	303	308	280	287	287	282	317	330	359	383	386	407	428	351	282	309	315	316	269	267	264	274	293	299	305	311	357	356	392	442	451	471	482	521	425	427	411	388	382	331	344	317	289
421	453	514	447	457	532	578	516	512	381	354	326	304	345	356	370	355	373	364	331	332	368	314	406	418	422	459	366	354	319	321	369	346	337	302	282	289	340	458	501	490	482	474	446	411	395	428	388	353	352	325	294	278	250	245	245	222	242	253	250	257	264	319	401	412	452	418	294	283	296	352	312	297	285	297	352	317	334	366	309	299	271	278	300	302	303	310	364	355	366	420	278	301	321	350	247	245	224	247	279	259	258	259	292	310	330	371	375	400	399	426	371	367	369	357	360	325	312	317	296
401	437	497	428	469	511	515	411	494	358	303	300	294	302	369	345	313	298	289	317	334	310	274	416	477	469	476	476	376	330	292	335	329	395	341	300	273	337	460	494	492	474	444	370	352	360	418	331	322	304	298	268	294	242	258	236	231	251	262	293	248	260	296	445	421	366	373	275	280	285	287	287	286	288	295	331	333	310	309	315	285	270	276	302	291	307	328	372	340	328	347	284	267	272	273	219	207	185	213	207	231	206	210	239	277	267	300	341	325	335	363	314	293	295	314	316	286	279	285	276
379	431	479	438	466	472	511	324	362	325	301	269	265	296	286	322	364	329	230	312	322	326	305	438	480	489	504	479	418	391	327	364	369	381	341	272	271	311	397	495	493	454	449	371	349	343	358	326	324	290	283	254	248	248	249	238	255	248	240	267	240	239	289	415	408	354	331	309	294	281	278	290	290	290	293	300	307	294	300	301	285	261	251	295	292	288	275	326	354	335	316	262	200	235	226	174	182	175	183	184	176	186	193	199	215	213	261	286	284	284	298	259	227	259	259	296	286	268	269	238
361	424	449	421	458	441	490	363	312	398	336	273	285	284	273	355	299	342	351	348	371	330	405	475	485	496	489	501	409	388	375	467	460	365	349	300	294	302	347	394	386	415	446	355	333	324	335	331	306	299	298	271	271	255	234	247	264	251	258	244	267	263	299	396	393	368	380	345	317	290	303	331	311	299	307	321	303	307	326	301	283	255	244	259	256	270	295	305	318	326	281	198	224	215	212	175	170	171	163	155	159	168	162	180	172	215	235	244	241	230	239	216	207	216	219	236	256	239	265	225
303	308	338	332	324	342	408	289	266	266	247	207	226	229	237	233	267	269	267	356	359	426	468	475	489	485	515	544	446	490	456	486	416	364	358	375	334	280	288	298	312	367	419	332	305	281	278	297	316	335	341	292	272	266	259	241	259	257	290	320	313	339	411	512	474	440	537	414	376	331	327	330	315	299	297	322	313	310	284	215	202	203	235	286	264	282	249	258	251	268	227	232	273	239	250	194	184	166	115	114	113	168	128	129	127	151	142	154	166	171	182	164	160	168	158	226	198	187	186	201
299	300	317	294	287	311	357	218	226	220	250	179	211	235	237	273	235	253	249	327	312	386	422	465	470	453	498	499	523	509	479	398	369	385	355	365	327	315	261	267	257	315	352	288	269	277	272	281	303	323	344	308	300	279	256	237	240	261	271	308	298	329	430	603	471	469	515	441	390	393	335	344	302	321	282	300	299	280	241	210	182	191	227	264	269	260	245	249	254	271	267	269	313	263	279	237	219	170	128	102	97.9	157	124	106	115	117	111	132	138	143	155	137	136	143	138	199	163	179	162	181
323	313	402	271	266	292	312	217	204	211	223	173	188	270	269	288	262	247	269	409	348	380	395	454	436	454	468	582	600	509	475	386	387	382	342	337	317	316	262	224	243	303	303	284	259	271	273	284	277	291	314	283	307	282	263	246	240	243	260	285	287	293	340	483	488	546	536	436	459	397	335	317	310	300	273	292	273	265	249	218	223	196	217	252	234	220	225	243	252	270	301	320	345	282	279	280	226	172	149	110	102	116	107	101	89.7	94.8	106	127	137	161	154	144	158	154	128	184	149	167	171	147
332	335	351	268	261	279	306	206	216	246	233	206	184	211	271	290	245	260	267	411	383	426	409	465	430	469	462	503	540	439	397	402	374	394	400	358	318	275	255	263	259	239	265	280	269	262	306	299	280	278	299	291	278	277	268	250	249	263	260	273	296	301	336	456	503	536	520	457	460	388	341	306	292	284	313	290	285	262	237	222	213	190	203	234	221	214	216	219	221	245	308	341	272	290	278	324	254	217	185	130	126	115	103	82.2	68.1	80.4	101	125	140	131	132	129	128	124	118	164	152	152	152	138
369	355	363	277	277	291	318	230	265	294	289	266	295	279	316	301	269	275	275	333	382	396	437	434	446	482	493	510	683	496	448	337	327	301	315	252	235	186	194	262	242	211	236	294	312	310	314	295	302	286	289	317	316	328	311	277	274	259	277	272	266	291	227	277	351	366	364	456	425	413	369	326	290	282	274	275	262	255	232	221	172	182	219	199	191	214	212	267	261	314	279	247	261	318	325	376	303	296	260	121	105	92.5	71.9	76.8	64.9	68.6	86.5	111	99.9	89.8	93	108	104	98.4	92.8	160	170	171	174	194
364	346	354	260	272	284	309	244	257	264	279	262	287	334	344	319	278	262	338	346	402	362	427	430	407	476	496	496	517	498	414	320	274	271	279	219	204	174	190	264	252	206	216	273	318	305	297	289	290	290	289	317	338	314	303	283	267	267	274	257	285	356	266	282	399	369	369	442	612	400	362	295	287	274	290	246	264	253	234	217	195	197	188	205	185	221	203	255	259	274	255	240	244	305	290	352	293	271	250	107	106	83.7	75.4	71.1	66.5	78.4	100	98.7	93.8	86.9	88.1	107	114	102	110	156	169	161	161	169
310	327	360	270	275	285	299	224	292	293	352	287	315	343	318	282	281	266	268	323	385	327	342	498	452	471	495	492	564	585	425	335	263	279	268	216	220	190	176	264	210	198	227	298	325	307	319	297	288	291	284	315	320	367	312	287	283	282	298	269	270	331	359	345	338	332	358	407	410	373	351	289	270	241	252	233	224	216	202	188	203	182	183	179	183	193	203	263	254	252	240	237	229	252	316	446	353	315	288	141	124	110	93.8	79.4	75.2	89.4	123	104	87.4	82.4	80.4	98.5	103	109	99.1	152	148	146	147	150
316	337	374	270	248	286	325	251	283	412	502	321	272	297	331	263	264	234	257	308	331	326	339	406	413	455	474	470	507	569	430	334	272	268	347	292	241	197	150	271	251	240	249	290	317	324	359	300	305	296	284	290	294	324	298	291	327	300	337	314	343	346	350	380	342	350	400	483	438	406	362	302	266	265	242	210	209	190	190	184	175	179	217	215	194	196	192	308	288	305	299	258	259	251	321	433	374	324	307	163	158	125	106	94.1	100	120	154	133	93.4	79.2	78.7	83.6	89.5	96.5	86.3	135	135	127	129	135
378	365	386	271	263	337	360	312	418	460	458	462	386	363	406	310	255	226	269	297	267	280	341	320	321	346	393	389	386	349	331	328	306	317	335	396	333	297	282	333	312	305	344	281	330	354	390	329	314	305	282	244	231	226	236	283	323	278	393	397	480	396	405	498	446	538	492	476	448	358	308	309	251	238	204	162	145	141	174	204	190	163	226	232	222	205	200	259	263	303	233	216	239	250	280	211	224	231	219	144	138	126	116	116	110	126	139	114	96	80.7	72.4	71.9	70.4	78.8	66.1	91.3	92.8	88.9	80.8	106
328	341	375	291	268	337	364	384	374	352	362	393	332	311	346	253	283	291	221	258	330	295	281	279	291	306	330	363	332	284	310	289	279	273	294	386	339	265	282	328	289	293	333	295	322	336	381	306	282	289	299	253	228	239	247	306	324	285	323	366	329	407	428	425	371	458	474	508	405	372	332	289	215	198	209	167	137	130	163	266	224	192	184	195	175	183	209	250	247	212	203	223	233	236	251	200	189	202	214	156	132	129	135	141	136	127	118	112	122	108	86	82.1	67.5	69.9	55.6	86.1	89	81.4	70.5	103
325	371	392	321	303	370	433	376	346	370	392	363	339	310	300	252	230	258	248	266	327	286	295	274	300	305	333	330	292	258	251	275	281	253	255	304	319	250	260	317	312	331	336	311	302	343	332	281	294	307	316	256	239	267	230	277	295	282	325	333	304	351	409	392	365	432	447	419	388	322	320	249	194	205	176	157	140	144	170	213	189	226	164	195	169	200	185	227	191	189	181	263	238	208	233	212	198	170	198	157	141	140	145	166	167	128	117	99.5	129	145	117	83	73.9	58.6	59.7	81	72.7	72.3	63.5	104
318	326	350	322	339	382	412	361	364	373	375	355	371	371	348	285	247	290	319	308	248	246	281	282	303	293	343	306	257	254	256	277	266	259	248	282	289	276	252	313	330	314	334	343	351	342	363	356	351	328	328	256	243	244	245	248	266	302	336	321	304	363	376	371	374	485	485	426	380	325	290	249	182	158	132	139	139	181	169	214	218	243	189	223	207	207	181	177	163	167	171	237	225	264	290	234	241	239	194	182	169	154	158	162	176	165	140	103	106	123	106	86.9	77.8	69.2	61.7	68.9	72.7	61	73.7	117
267	308	360	349	336	334	361	341	346	328	353	413	440	411	402	432	370	385	393	340	277	282	327	334	338	340	292	299	293	315	319	311	283	313	318	350	312	286	290	296	292	297	333	373	375	387	426	414	413	376	330	238	214	200	233	240	232	209	240	282	240	251	307	412	318	434	405	423	347	292	287	256	215	154	180	188	194	199	210	262	253	270	259	239	217	203	180	153	143	143	163	159	171	168	243	236	219	248	181	163	164	176	174	183	189	159	150	133	131	127	129	96.4	90	68.6	60.7	62.7	45.5	34	40.1	112
277	340	375	332	304	300	318	306	316	309	299	394	382	371	442	353	380	358	333	301	318	350	334	332	340	358	305	318	278	293	265	267	259	258	208	293	288	300	305	274	266	280	321	378	392	384	409	409	416	384	373	282	208	248	325	263	200	202	244	272	255	257	271	283	268	302	353	394	295	242	242	204	177	171	201	175	186	198	214	283	268	251	248	255	263	204	197	180	177	165	218	208	188	218	241	223	223	216	219	167	179	172	158	163	164	154	147	117	114	129	122	112	81.9	63.5	57.3	54.2	37.3	36.9	36.9	81.1
287	315	314	322	279	288	311	263	271	289	307	379	350	345	357	327	395	372	344	327	346	358	348	296	328	399	352	327	280	295	285	265	252	246	239	325	447	319	225	276	266	257	296	365	375	384	422	382	457	402	404	290	249	280	327	392	228	235	238	261	223	264	270	247	267	271	260	330	286	222	209	196	176	169	165	199	183	188	232	313	269	258	249	272	233	215	240	234	242	276	337	296	285	276	314	226	210	198	213	160	155	154	151	156	170	159	156	128	126	117	113	124	80.3	62.6	48.3	45.7	34.5	38.2	33.1	93.3
235	268	290	308	295	275	304	247	252	294	336	370	344	364	366	356	353	351	364	338	340	380	362	335	334	390	377	424	359	383	297	261	237	234	244	322	355	317	251	287	283	242	300	341	392	406	449	406	405	384	385	378	333	283	336	252	216	233	245	241	237	294	317	237	234	218	226	291	277	221	215	206	189	179	215	199	214	208	252	329	282	263	279	296	251	242	306	276	289	352	352	391	363	373	398	292	244	216	210	164	156	156	155	164	168	158	149	114	139	113	109	109	76.1	60.4	52.6	58.2	38.6	37.2	31.7	104
193	240	291	287	252	235	260	262	259	306	288	348	353	342	335	290	322	381	367	360	328	358	391	425	396	336	334	366	350	365	308	254	259	260	296	302	295	245	233	265	234	241	267	316	342	385	439	435	389	374	373	368	357	292	287	201	192	184	188	227	234	266	245	226	225	204	232	253	245	217	237	238	215	213	239	275	284	261	238	274	275	269	271	310	292	338	379	262	266	304	359	336	332	358	405	274	249	221	211	195	194	200	205	196	204	198	164	146	137	119	149	118	96.7	90.7	83.7	90.4	84.7	78.7	78	67
190	226	258	242	249	249	240	261	271	283	278	319	320	317	325	338	340	357	327	300	300	325	353	372	351	306	293	353	301	314	298	249	258	224	240	194	195	267	267	269	229	225	238	286	320	319	358	307	319	318	325	400	315	245	227	187	206	183	199	209	190	186	179	215	225	206	218	267	248	250	282	236	217	241	252	267	271	251	228	252	268	266	256	352	339	325	391	283	271	299	350	328	313	343	362	282	263	227	241	234	259	234	237	246	224	192	187	167	169	131	154	113	100	104	90.7	104	95.4	93	88.6	87.8
195	192	203	226	205	227	239	274	285	260	294	319	321	302	329	347	358	351	355	296	301	328	325	331	305	303	279	301	281	333	282	259	266	284	268	213	196	161	177	232	235	217	242	280	280	267	291	251	263	266	305	337	284	240	214	141	170	186	204	177	156	147	134	209	215	212	216	250	260	274	287	250	230	232	234	263	253	236	229	253	246	259	252	348	316	305	354	338	311	310	362	363	353	333	397	289	296	254	258	278	284	270	260	252	246	232	204	185	162	147	178	120	117	124	116	117	114	108	102	109
184	192	189	207	211	224	256	272	247	239	243	268	308	313	320	330	366	365	390	281	265	305	322	333	284	264	253	277	275	284	286	280	209	266	302	244	219	163	144	237	228	251	277	266	254	261	266	254	273	269	282	309	260	218	215	145	158	173	163	135	160	137	150	244	248	230	234	270	272	287	288	238	219	226	218	247	244	271	241	247	251	271	254	382	360	350	420	408	404	351	385	437	394	408	442	298	340	340	316	326	319	305	310	248	226	239	250	218	185	161	170	133	129	122	104	135	123	122	134	134
194	220	211	214	216	233	247	286	216	231	236	292	307	318	303	281	313	318	298	254	240	265	271	257	250	248	247	308	280	272	312	249	230	224	244	266	328	279	221	233	239	239	234	226	218	208	197	219	243	230	243	263	231	209	213	195	195	210	206	215	233	219	246	263	252	235	259	318	306	312	300	221	200	191	194	196	228	258	218	229	240	244	250	291	291	330	311	375	378	383	401	389	384	401	396	289	311	356	346	274	259	237	249	240	215	232	257	189	154	143	137	131	119	123	115	116	106	126	126	133
207	193	190	200	214	254	222	208	201	231	284	305	326	343	353	312	304	282	284	245	241	244	246	229	222	219	248	285	296	253	259	212	247	235	256	282	266	290	296	250	246	266	232	219	202	218	194	226	227	211	216	245	222	214	207	197	190	203	213	220	255	250	243	261	256	232	260	356	294	240	283	239	201	186	189	193	207	224	218	239	247	254	256	264	265	276	284	350	365	355	368	328	318	326	352	296	280	282	316	272	265	256	254	239	224	191	164	139	146	133	116	127	117	113	109	126	134	128	119	134
225	193	186	214	206	199	182	164	208	288	257	349	350	377	381	343	297	268	293	270	247	257	238	233	201	195	213	304	310	314	251	243	252	225	221	278	269	218	242	264	276	273	275	281	270	214	207	196	203	198	202	180	188	209	203	228	203	211	223	241	257	261	270	277	282	271	283	327	266	265	252	227	196	203	203	208	188	194	215	251	252	264	265	265	251	249	322	352	360	350	339	304	300	327	341	277	289	275	257	251	246	234	249	247	213	175	156	122	119	107	108	112	126	149	120	131	139	140	122	128
220	203	204	201	182	181	192	196	230	250	275	348	363	410	434	371	330	290	307	291	232	236	202	234	203	193	228	291	291	276	230	244	225	197	193	258	277	237	219	249	218	253	264	281	265	235	210	194	188	191	208	186	191	198	211	228	231	234	239	258	260	278	305	272	282	275	294	279	309	329	312	258	203	210	200	239	213	210	222	257	268	265	267	249	238	243	277	340	357	350	351	338	306	317	293	292	274	260	246	232	217	230	230	225	190	159	143	113	110	102	110	123	120	138	130	148	147	148	130	148
191	213	210	200	190	195	225	236	249	255	263	270	280	292	305	258	277	273	270	207	207	190	178	186	176	188	206	208	204	176	164	198	191	185	196	208	226	218	245	217	197	238	237	229	220	214	223	204	190	183	187	198	196	187	201	199	205	208	231	208	201	241	265	244	257	277	296	257	274	286	261	245	222	213	193	222	232	250	240	264	258	250	236	212	237	213	225	260	311	298	283	280	235	232	254	251	239	246	229	182	168	176	176	118	97.9	85.7	95.2	96	83.9	85.1	108	122	123	138	130	144	150	197	162	164
200	229	213	179	180	189	199	219	233	227	239	255	256	273	268	257	265	290	283	216	176	186	201	204	190	177	209	209	191	197	161	183	181	191	182	206	203	198	224	187	189	221	216	189	185	208	231	199	202	188	178	181	196	191	199	208	215	213	225	190	206	208	214	218	245	264	299	265	288	261	236	229	217	198	203	217	223	236	244	257	233	226	230	225	200	187	205	235	252	251	237	244	226	226	224	211	204	206	216	187	176	186	170	95.7	64.5	69.2	62.8	91.6	72.3	76.3	83.2	111	115	116	115	133	142	169	148	141
188	189	188	219	176	181	185	207	204	212	220	232	234	262	265	236	229	242	277	240	190	197	185	198	211	178	228	205	179	175	139	174	171	193	201	210	214	206	208	195	190	191	195	193	187	213	227	200	199	178	185	196	194	193	193	211	238	213	214	192	241	207	202	221	232	268	270	255	288	260	240	219	231	212	212	222	213	241	254	234	227	213	224	204	189	181	205	243	242	226	214	200	233	222	205	207	185	191	284	186	151	171	140	57.4	61.6	58.8	62.7	117	80.3	75	84.1	105	104	105	112	128	135	130	127	115
191	193	197	180	159	171	179	201	194	196	204	213	236	239	240	218	214	248	264	233	219	204	215	250	229	197	229	206	176	161	143	182	185	189	166	200	199	208	212	193	190	181	189	214	208	208	221	207	196	198	200	219	200	213	214	236	224	222	237	234	223	200	200	250	253	250	241	248	256	264	264	219	234	226	230	220	226	240	247	239	217	217	226	188	186	183	197	208	193	175	198	185	190	184	184	189	170	168	204	169	140	140	113	43.5	28.2	37	51.2	88.2	91.3	81.1	67.3	93.4	92	93.3	92.7	120	123	115	114	105
204	206	189	170	167	164	156	126	139	151	158	184	226	240	234	238	264	301	262	220	247	246	270	236	221	195	181	219	208	226	186	179	174	171	156	202	202	207	210	196	187	192	215	231	239	233	231	207	216	217	217	203	203	206	231	228	207	208	203	198	195	212	219	270	246	265	314	225	234	238	290	252	282	282	216	182	158	155	174	218	225	207	209	194	202	187	176	164	158	157	153	157	149	143	155	174	157	184	222	183	140	142	127	77.6	67.2	66.7	68.8	91	96.8	95.3	77.1	70.3	62.2	69.8	68.8	82.5	85.9	82.4	77.6	72.2
195	190	175	170	165	180	165	131	148	149	164	201	211	220	213	226	229	219	239	193	197	265	253	222	232	184	184	191	211	244	202	198	209	206	176	212	203	197	201	195	199	206	211	240	246	245	243	218	210	217	220	194	198	190	218	211	194	195	196	197	191	211	229	253	240	272	285	239	251	243	306	304	291	357	252	180	170	143	138	216	288	225	209	211	218	185	171	140	144	148	135	146	144	152	163	168	161	175	177	154	143	119	109	72.4	73.5	61.1	53.2	84.3	76.9	84.5	69.5	75.5	80.3	64	64.1	70.9	72.1	70.7	67.6	64.9
204	192	183	169	169	168	174	137	160	168	167	205	208	201	204	212	194	196	249	205	181	215	262	234	191	169	160	180	226	212	223	228	234	214	197	216	202	187	189	201	217	219	229	244	260	277	252	209	206	213	204	178	189	187	207	225	197	191	205	215	210	214	228	250	257	294	279	272	277	261	310	301	278	263	272	212	200	160	141	223	255	241	230	222	219	181	172	151	138	136	139	127	121	150	161	175	141	154	182	132	140	147	118	77.8	72.6	64.1	62.1	74	68.3	69.3	73	66.4	62.5	57.5	59.5	60.6	60.9	62.8	62.4	58.9
221	227	195	198	173	164	159	137	145	155	183	188	195	198	230	197	183	195	228	226	230	213	197	216	198	203	183	179	183	213	183	240	238	208	205	207	189	186	181	197	234	234	230	265	239	249	254	210	206	216	215	188	186	176	196	205	202	207	193	257	241	240	280	280	296	297	268	300	311	321	348	344	314	299	300	219	224	183	166	223	230	353	252	211	186	172	167	141	131	133	157	127	116	126	135	166	139	138	153	131	124	129	133	88.9	73.4	76	73.1	70.2	67.2	60.1	59.6	55.3	47.6	46.7	43.3	54.9	52	55.8	57	61.7
221	209	182	139	131	124	127	132	152	165	202	213	200	197	215	210	198	196	207	208	194	187	194	138	171	184	148	136	134	125	131	179	179	223	197	175	157	158	162	200	252	260	234	226	209	195	202	203	211	202	228	206	199	183	244	263	239	228	204	239	228	241	213	147	159	155	143	252	288	308	325	300	274	257	293	274	272	234	276	314	310	319	285	190	162	136	125	101	106	60.1	57.3	119	84.3	69.5	86.8	137	99.7	95.5	135	126	129	117	127	92.6	78.3	84.7	76	75.7	58.1	47.9	40.5	34.4	31.2	32.7	28.9	41.2	44.8	46.4	42.7	47.2
183	178	161	131	130	118	122	133	133	147	181	218	198	190	188	198	188	191	191	200	187	194	182	154	168	170	153	142	131	115	134	169	147	158	191	156	152	149	159	169	179	186	210	214	216	188	181	206	176	170	182	179	225	161	175	196	202	220	189	225	206	217	190	120	123	129	137	222	246	271	302	257	248	234	243	298	292	268	231	327	297	239	225	192	149	174	133	89.5	118	59.8	69.7	92.3	72	64.4	58.3	119	139	125	175	156	139	112	114	130	98.3	88.3	87.8	87.7	60.1	47.1	38.6	30.7	29.9	26.5	28.4	33.7	33.7	37.4	38.7	36
197	217	196	131	121	118	127	128	131	141	162	178	185	186	184	190	196	189	185	186	200	198	181	169	193	175	177	150	135	124	127	138	126	130	182	148	143	146	128	157	162	160	205	224	198	187	156	164	166	151	153	145	174	174	156	191	182	154	149	184	161	179	168	128	129	167	149	211	278	252	274	248	233	208	199	286	268	253	211	260	212	199	211	163	184	151	99.2	86.8	105	51.6	54.8	78.8	118	66.2	92.4	154	129	96.6	156	121	110	111	121	138	188	103	95.6	82.3	60.6	48.6	44.6	24.4	24.1	30.1	22.1	28.1	27.3	31.7	33	29.4
224	325	245	168	175	143	134	114	120	161	156	174	191	205	188	183	192	184	178	187	196	192	190	214	249	166	183	142	131	108	108	136	123	130	152	139	126	144	131	163	157	154	189	207	188	188	146	151	135	124	140	132	129	133	140	168	135	123	131	156	164	164	175	161	164	188	159	193	191	218	257	286	219	191	190	231	220	200	190	243	256	199	222	176	166	142	108	91.7	94.5	66.9	59.8	70.5	79.8	73.8	143	125	85.9	75.5	84.6	122	114	111	142	141	111	100	93.6	83.9	64.9	48.5	52.6	32.9	28	21.8	16.9	27.1	25.4	28	29.4	26.3
171	203	189	156	141	109	101	102	113	167	157	162	190	251	156	141	159	148	146	140	172	193	168	163	196	176	200	137	115	95.5	93.9	134	133	130	137	130	121	130	136	153	159	183	163	202	198	194	182	122	88.3	87.4	103	115	110	126	130	108	110	116	158	166	207	167	171	155	148	148	148	131	145	144	130	128	126	70.7	89.1	148	182	274	253	246	260	217	192	172	137	112	118	73.1	53.8	58	49.5	81	90.3	91.1	106	93.8	97.9	80.9	65.6	101	87.5	88.1	89.6	86.8	74.2	70.5	76.6	85.8	78.5	64.9	58.4	42	36.8	29	30.6	32.8	31.5	41.6	33.2	26.6
142	145	129	114	97.6	86.6	82.3	77.7	94.3	132	150	155	180	173	139	118	116	120	123	128	140	141	148	155	160	167	180	132	109	97.1	90.9	126	139	136	124	106	104	94.4	111	150	148	156	169	187	192	193	209	123	84.8	85.3	89.6	108	105	99.7	99.3	95	106	109	200	130	131	157	157	158	124	121	149	173	131	131	120	80	69.3	68.4	61.7	187	184	205	255	212	197	214	173	160	129	130	117	89.2	93.7	60.6	66.8	86.1	96.5	89.8	94.9	101	100	105	103	119	92	93.5	97.3	86.4	71.1	71.4	71.3	79.4	79.9	83.6	71.8	38.9	44.4	69.5	44	33.2	31.9	35.1	29	16.4
117	117	122	104	103	77.7	73.9	75.1	89.2	109	141	144	145	131	135	178	122	150	116	118	129	121	119	127	130	151	153	103	117	121	92.8	123	114	103	101	89.7	91.4	103	90.4	125	126	138	156	177	164	176	216	129	101	98.1	98.1	90.4	105	119	99.2	114	96.8	85.2	101	101	102	180	161	170	112	101	117	150	122	136	146	128	147	114	117	218	165	173	190	243	189	158	165	215	143	144	177	136	104	86.4	81.6	93.3	104	114	106	106	122	119	114	104	96.6	134	139	95.8	93.5	69.5	78.8	87.1	79.4	99.6	87.3	62.5	49.3	57.7	44.2	34.8	27.1	18.4	19	18.4
111	112	114	136	118	93.8	81.2	72.1	99.6	108	112	118	113	151	133	178	154	123	111	117	112	119	126	135	133	146	151	114	121	108	92.3	127	114	94.7	90	91.5	90.2	88	112	138	133	140	182	208	169	155	181	122	112	96.6	103	93.2	97.7	88.8	82	58.1	73.5	74.9	88.1	88.3	95.9	124	140	183	134	90.1	106	108	112	150	115	106	127	138	111	203	146	138	209	223	191	165	156	176	152	180	187	143	122	91.9	91.7	102	120	107	119	176	164	211	166	138	153	121	119	103	90.5	72.2	97.9	95.8	86.9	82.9	93.8	93.8	62.8	59.4	43.6	25.6	25.3	19.8	23.1	24.3
94.5	106	98.9	96.5	92.7	84.4	81.5	83.9	90.5	90.7	102	123	122	128	142	150	159	160	146	141	166	164	172	139	96.5	96.9	98.4	93.3	88.9	100	78.6	110	107	125	126	118	120	111	129	138	127	140	169	175	168	151	142	116	84.3	93	81.8	84.5	82	89	73.5	99.5	128	116	162	123	122	137	101	104	130	103	105	92.2	69.2	135	98.8	82.2	90.6	155	144	163	96	63.4	86	82.5	84.8	103	64.2	86.4	91.9	206	155	96.9	84.8	60.6	71.4	86.5	64.8	65.5	113	151	130	118	122	190	175	141	127	110	102	63.9	96.4	120	135	116	96	109	92.2	81.4	68.8	35.2	30.5	28.2	26.6	35.9
93.8	107	96	85.1	76.3	70.9	76.9	78.7	77.6	81	91.7	108	111	104	107	165	203	177	136	132	135	162	158	113	97.6	74.4	74.8	91	83.9	69.6	60.8	106	110	117	123	111	150	133	115	119	126	125	129	152	136	137	134	121	83.8	103	85.5	66.4	69.3	104	103	104	112	145	164	111	141	147	116	121	123	102	106	96.5	73.8	86.3	108	92.4	102	129	104	137	157	99.3	70.7	74.6	90.1	87	86.5	99.1	84.9	104	110	63.9	64.9	59.3	65.5	65.6	65.9	72	112	137	113	120	163	106	145	138	186	147	133	67.2	100	136	139	125	119	92	79.5	66.1	58.2	35.5	34.4	35.2	51.5	44.1
99.1	98.1	93	81.7	65.3	71.3	76.6	81.4	85.6	90.8	96	94.5	88.1	94.6	102	126	169	130	119	123	116	144	125	95.2	99.6	74.9	67.6	90.3	75.3	72.9	69.6	102	107	121	133	149	187	199	121	118	134	124	129	128	126	127	124	120	103	87.8	78.9	81.4	78.8	60.9	107	140	136	167	199	135	130	136	178	131	173	107	109	89.7	71	97.9	121	82.3	101	99.2	88.5	151	126	114	106	112	139	114	111	126	116	119	134	43.4	66.4	99.6	81	85.2	83.6	78	79.8	106	105	131	176	150	143	141	183	166	122	112	84.2	124	115	121	117	103	75.1	65.8	59.6	34.9	35.3	39.8	50.1	43.2
104	97.4	83.7	68.3	70.7	74.5	85.3	98	94.9	93.5	92.3	88	76.3	81.1	95.1	119	111	105	110	117	112	121	111	80.9	96.6	66	51.8	71.1	61.5	59.5	80.5	103	105	107	111	123	116	125	110	114	112	109	115	129	129	121	115	139	131	104	92.4	102	112	70.6	97.4	131	174	187	197	136	139	147	186	115	121	135	119	97.6	85.1	102	122	102	96.8	112	100	169	136	116	119	113	104	108	94	135	113	119	109	73.5	136	137	99.9	100	97.4	101	76.5	105	133	153	165	111	100	105	138	136	118	126	107	120	105	112	127	105	87.2	73.8	68.2	37	43.6	52.5	39.6	39.4
88.4	79.2	72.5	60.2	63.1	65.2	89.5	90.5	93.9	92.5	93.3	90	96.1	78.4	92.7	119	121	109	92.7	107	109	115	144	91	73.6	70.3	72.8	55.4	45.3	51.6	66.3	94.3	91.4	105	108	88.6	85.2	78.4	80.5	73.9	75.5	83.4	91.9	72.2	88.9	78.9	82.7	93.4	91	78.2	80.7	114	110	78.5	108	160	144	142	122	165	151	141	153	132	118	133	90.5	90.8	107	106	119	122	101	94.9	95.4	186	169	159	160	130	131	124	142	135	112	132	130	139	180	172	138	77.2	94.9	86.3	69.1	218	213	231	272	185	181	168	185	183	164	159	147	87.8	86.1	79.5	71.9	58.1	61.2	61.7	39.9	28.4	32.1	24.2	19	13.1
76.2	79	73	59	58.9	62.5	102	85.2	85.2	86.7	89.2	97.6	103	92.5	96.1	98.8	104	99.3	84.6	72.7	83.7	96.3	126	103	61.9	61.7	89.8	49.4	46.7	38.9	58.1	87.7	87.9	90.1	95.5	78.3	77.5	70.4	74.6	65.3	68.5	75.4	87.9	85.5	95.6	91.7	102	100	86	85.1	84.3	116	94.7	115	84	172	121	110	115	140	108	112	128	115	101	97.2	90.1	130	90.3	75.8	99.8	96.5	77.2	79.3	96	154	163	152	185	138	92.8	103	154	150	127	124	129	165	157	172	145	98.4	111	92.7	77	178	203	204	228	179	167	164	170	160	149	134	114	84	73.8	66	62	54.7	52.7	39.8	30.1	24.6	19.7	16.6	18.7	11.8
72.6	73.8	67.9	54.8	51.9	53.1	59.8	78.5	76.5	77.4	78.6	99.7	107	76.9	78.1	71.8	75	83.3	87	73.6	59.8	62.1	88.5	76.5	57.5	53	48	38.4	32.8	49.4	64.9	77.7	72.4	79.9	101	72	74.9	71.7	75.3	70.8	66.4	76.3	88.1	96.5	111	117	112	123	111	101	106	118	95.3	101	138	162	115	99.8	99.4	102	92.3	97.6	101	111	94.1	78.7	75.3	93.1	101	106	123	87.4	76.9	74.6	118	159	151	147	162	113	91.8	105	158	110	135	116	127	141	140	128	106	65	72.3	112	67	151	154	154	179	153	153	146	146	147	133	119	98.6	68.8	62	53.5	55.6	54.2	49.8	29.9	23.9	21.6	19.1	14	15.2	9.72
61.8	61.5	62	56.4	53.6	53.6	55.6	76.3	75.8	67.7	72.3	106	102	82.3	65.4	56.6	58	67.3	79	63.3	57.8	58.4	77.1	68	53.2	45.2	46	27.1	54.5	45.6	52	74.7	55.1	70.2	68.9	68.9	67.2	64.6	71.5	67.5	71.1	83.3	99.5	115	158	127	121	144	123	123	206	149	112	101	105	149	156	101	99.2	90.1	94.7	82.4	88.2	95.1	78.4	61.3	66.7	73.2	85.5	119	115	99.7	83.6	83.5	106	158	141	127	108	110	114	128	147	98	110	138	123	127	138	108	95.4	65	84.3	86.8	56.7	118	127	144	170	145	143	138	137	148	133	112	103	63.4	56.5	49.5	46.4	36.4	27.6	23.7	20.1	19	15.2	22.8	13.7	7.89
55.8	63.7	67.3	62.4	56.5	57.3	57	66.8	68.8	67.1	74.1	98.4	92.3	83	84.2	84	74.1	64.7	67.3	92.8	84.9	89.9	94	62.2	46	31.2	25.2	23.8	36.2	35.1	40.6	45.8	38.7	45.1	46.7	60.7	72.5	58.5	57.9	60.3	63.6	70.5	99.9	119	122	110	114	113	107	113	109	116	133	63.9	67.6	96.4	117	104	95	92.9	112	62.8	61.3	69.5	102	75.6	66.7	57.4	80.7	119	73.6	82.8	66	67.6	70.6	102	95.9	99.6	104	78.7	104	80.9	82.3	62.5	107	75.6	55.1	74.9	67.8	55	53.6	78.2	72.2	81.4	74.8	85.1	83.1	88.7	98.2	93.8	88.2	87.4	85.6	71	64.4	58.9	53.4	52.2	35.9	27.6	21.1	16	13.8	17	13.9	14.5	12.9	13.5	12.4	8.37
68.8	70.1	68.2	64.7	61.2	62.2	55.8	66.9	71.6	80.7	80.1	77.4	70.8	84	80.8	83.5	110	90.2	59.2	81.1	79.6	87.6	95.6	61.6	43.1	30.8	23.5	24.5	24.9	25.7	33.1	35.1	36.6	47.7	43.4	54.9	63.4	70.9	67.1	73.1	78.7	76.3	99.9	111	130	117	114	116	111	118	114	117	102	75	60.3	131	138	106	80.8	83	74.7	56.6	56.8	47.8	67	55.5	61.4	73.4	58.5	68.5	52.7	58.6	50.1	55.8	48.8	83.5	78.4	77.4	79.5	55.9	85	100	85.2	80.2	58.5	40	63.8	76.2	67.5	45.4	46.6	70.6	61.4	60.5	68.4	85.9	74.4	75.5	82.8	81.9	77.6	73.6	76	60.1	56.7	49.9	44.2	43.8	30.9	23.1	16.9	18	14.4	13.3	15.2	16.6	12.2	9.44	8.93	7.11
50.5	57.3	68	61.3	57.8	59.1	59.3	67.3	68.6	70.6	79.5	84.6	71.9	59	88.6	86.9	99.1	84.7	61.4	55.8	74	79.3	77.6	68.6	43.4	35.4	23.7	17.3	18.9	26.9	30.8	34	32	43.9	50.6	47.5	58.7	69.8	67.9	74.8	76.8	68.2	75.8	82.8	97.2	138	122	127	135	128	123	128	130	94.3	88.3	171	83.1	71.9	66.6	65	37.4	56.4	63.2	47.2	49.6	54	61.2	74.7	53.6	43	42.3	21.8	31.9	40.1	32.9	68.7	61.9	62	65.5	40.2	81.3	97.3	70.8	45.3	51.1	56.9	53.1	86	57	44.5	41.8	58.8	50.8	62.1	66.3	109	85.9	72	67.1	66.4	63.6	61.8	66.2	50.9	50.7	44.7	41	35.5	28.8	23.7	16.6	19.7	17.1	17.7	18.2	13.4	10.3	10.6	11.2	6.74
47.4	54.1	61.2	59.9	55.2	55.4	68.9	74.1	74.9	76	75.1	81.5	73.9	64.9	77.8	84.9	105	83.4	69.1	73.3	74.7	64.8	66.3	70	45.2	38.5	27.6	18.2	19.1	25.3	32.4	31.9	31.4	35.9	41	46.7	50.3	58.3	69	119	83	73.2	69.3	83.9	86.3	101	117	127	126	125	130	169	117	79.6	69.2	72.7	54.5	47.5	46.2	49.2	44	51.9	65.4	46.6	50.4	57.6	61.4	68.1	48.9	41.9	37.3	19.9	35.8	37.7	28.8	53.6	79.4	52.9	64.8	58.4	61.8	72.9	52.7	60.8	43.3	62.2	48.2	59.8	71.8	42.2	28.5	38.6	36.8	48	61.8	82.4	74.9	61.4	56.6	56	53.7	57.2	57.9	45.1	43.5	43.8	42.3	50.9	31.6	19.2	13.7	24.2	23.8	22.3	22.1	13.1	15.1	10.3	9	6.99
44.4	58.1	75.7	83.9	81.1	92.5	110	130	123	122	132	133	129	95.8	90.1	99	124	96.8	92.2	79.7	70.7	50.8	34.5	37.3	31.4	34.4	37	25.2	25.1	23.7	31.5	40.1	50.7	51.1	57.7	45	48.6	48.8	56.7	56.2	84.4	57	63	90.3	90.9	157	104	118	105	98.6	91	85.5	77	78.1	54.4	127	66.9	37.6	34.7	32.9	19.5	16.9	15.2	31.5	32.6	37.9	52.4	46.9	31	40.6	33.5	23	28.3	32.6	33.8	64.4	76.6	73.8	83.4	84.5	78	76	89.4	103	69	55.2	51.6	45.8	33.9	22.8	18.3	10.7	16.9	19.3	41.4	58	43.9	40.2	40.8	44.6	43.9	49.6	52.6	43.8	42.3	44.7	43	49.1	34.2	22.7	14.5	18	16.4	15.7	18.4	18.5	17.5	16.4	14.3	11.1
39.2	67.7	64.5	77.6	72.4	77.8	105	130	114	114	119	129	132	102	91.4	89	88.6	76.4	79.6	80	63.5	55.6	38.2	46.9	41.8	44.4	40.7	25	26.1	28.4	27.4	48.4	48.7	47.6	55.1	48.8	49.1	42.3	52.1	39.1	40.3	44	48.4	81.1	175	84.8	86.4	92.5	84.6	94.3	143	82.3	55.9	58.9	67	54.4	64.6	49.4	27.5	26.9	23.1	8.07	4.19	12.7	20.4	16.7	18.9	26.1	23.4	41.1	31.4	24	23.9	27.2	44.9	63.6	55.6	65.6	92.4	62	60.2	66.3	93.3	112	92.2	87.1	63.9	39.5	15.5	10.5	8.04	4.93	14.9	12.5	50.5	48.6	36.4	38.4	39.1	37.1	37.4	39.8	44.1	38.9	36.8	41.3	39.3	40.1	32.1	25.6	15.2	18.3	17.5	17.1	18.1	20.4	18.5	16.3	15.2	12.2
28.8	41.5	53.2	63.5	77.2	68.1	84.4	111	108	120	125	135	133	98.4	90.3	83.7	74.9	71.3	68.6	72.5	68.8	51.7	37.1	36.8	30.4	57.7	44	31.1	28.5	27.7	32.1	36.7	45.6	49.5	56.7	40.8	40.8	39.1	47.3	25.2	35.5	37	44.5	78.4	88.3	78.2	81.3	88.2	74.3	76.4	75.8	73.6	52.9	43.6	33.4	72	47.3	32.4	26	26.3	20.4	10.5	12.9	21.2	27.5	25.5	16.2	20	19.6	25.7	24.8	20.3	21.7	19.8	27.8	55.2	41.2	40.6	46	41.9	46.6	49.3	66.5	87.2	64.5	65.9	34.7	18.6	11.2	5.17	4.37	5.26	4.83	7.31	23.3	40.8	38.7	34.6	33.8	31.4	30.5	31.4	31.5	37.1	40.7	45.7	42.7	39.1	29.2	19.5	14.9	19.7	19.1	25.2	22.6	20.4	19.6	17.9	16.8	14.4
24.7	30.9	35.2	51	59.4	60.5	72.6	108	94.8	103	124	142	132	88.4	85.7	73.2	67.2	72.2	69.1	67.8	73.3	50.1	34.9	37	33.9	39.1	45.4	38.3	31.9	33.9	34.8	38.4	41.4	48.1	53.7	44	40.9	39.6	39.2	22.2	33.9	35.8	43.5	61.3	66.2	59.5	65.6	84.7	83.7	66	65.2	75.9	58	40.5	25.8	18.6	24.4	18.1	24.7	21	30.1	19.1	7.77	16.6	16.7	13.3	21.5	31.2	15.1	13.8	21.4	14.6	21.6	17.7	18.2	23.5	24.8	26.8	42.9	48.9	46.4	50.1	58.8	93.7	70.5	45.1	52.1	26.7	10.8	6.07	4.9	3.02	4.51	17	24.7	28.8	27.3	32.3	31.7	27.3	29.1	29.4	26.6	28.9	35.7	50.1	43.4	51.6	37.7	24	19	21.3	19.2	21.8	20.5	20.2	19.1	17	15.6	14.7
12.9	15.6	34.8	54	63	83.5	121	96.8	94.7	102	107	109	88.4	74.2	73.5	61.8	60.7	58.2	56.8	56.4	51.9	46	40.3	36.6	32.1	33.3	48.3	46.1	47.6	51.9	52.5	39.8	47.5	48	50.1	44.8	50.5	53.6	49.6	36.4	28.2	24.7	25.5	49.7	37.1	29.8	33	66	68.8	64.1	52.8	75.1	62.8	65.3	50.4	44.8	37.9	45.9	44	16.6	7.96	11.8	11.2	18.6	26.1	21.4	21.4	31	17.8	15.6	20	21	20.7	17.1	20	16.4	14.5	16.8	25.1	46.6	50.2	42.9	33	38.4	61.7	46.5	43.2	38.5	36	38.9	43.2	15.9	13.7	14.4	22	25.5	27.9	48	33.3	28.6	34.7	36.7	41.1	31.6	33.3	33.8	31.5	31.6	29.7	26.4	22	29.5	25.8	23.6	21.7	17.5	17.7	16.6	13.7	12.9
11.9	23.9	43.3	67.4	75.2	90.2	110	100	85.5	89.1	107	109	98.6	76.2	76.5	64.4	53	52.3	54.4	56.9	53	48.4	45.3	38.3	35.6	31.9	33.9	51.2	57.6	58	54.4	41.5	53.5	60.7	50.7	39.6	54.1	41.8	42.7	29.7	24.2	17.5	18.8	35.6	31.7	34.8	24.7	59.2	68.4	59.7	60.6	67.8	60.3	56.5	56	51.7	60.6	48.4	46.7	21.8	30.6	16.5	21	13.9	11.6	11.1	13.4	15.4	15.6	14.1	13.1	18.3	19.6	12.5	12.5	13.5	11.4	12.4	18.8	38	26.9	41	29.6	29.2	27.6	27.8	39.6	32	36.7	34.2	41.3	15.4	18.5	26.5	16.7	20.2	19.4	27	27.6	28.9	36.1	34.6	34.7	28.9	28.7	26	27.8	33.6	25.8	23.5	18.3	27.6	24.1	21.7	21.9	18.3	17.2	16.6	13	13.4
9.39	36.5	32.3	71.1	76.7	91.5	108	104	90	68.6	77.5	84.3	84.9	95.1	82.6	69.6	57	51.6	54.2	60.9	57.8	55.4	52.1	41.9	37.8	35	36.1	57.5	72.1	56.8	60.1	46.9	46.4	48.5	46.3	31.6	30.1	26.9	42.3	31.5	29.1	29.1	13.4	17.1	24.4	34.2	32	58.4	57.2	55.8	65.4	76.2	57.4	55	47.9	45.9	52	53.5	55.7	47.6	42.6	13.6	13.4	16.1	15.7	11.1	12.1	14.6	14.5	14	13.8	18.8	16.9	20.4	15.4	14.6	12.4	11.7	16.6	15.4	14.6	17	21.7	27	38.8	21.7	54.1	72.8	41.6	25.4	25.7	16.2	23.4	20.2	12.9	18.7	16.4	20.9	23.9	22.9	23.9	25.8	30.9	27.4	26	24.2	23.3	19.4	27.5	26.3	18.6	26.1	23.4	22.8	21.7	19.3	18.5	17.4	13.5	15.1
2.92	12.4	16.5	55.6	79.9	82.5	87.2	83.4	86.6	85.2	67.4	76.7	76.8	85.4	81.7	76.8	70.4	67.4	60.5	62.7	57.3	57.6	49.9	43.7	44.8	37.5	41.7	71.1	59.5	52.3	64.5	42.9	38.4	39.2	40.5	30	22.8	20.6	19.8	13.5	26.9	30.2	20.4	22.2	17.8	19.3	24.4	47.4	61.9	52.7	44.8	55.9	55.4	58.9	60.6	83.9	62.4	56.1	58.9	34.4	18.7	22.1	20.2	15.1	11.6	11	11.4	20.5	18.5	21.6	13	13.1	16.3	23.4	23.5	16.6	15.5	12.5	16.9	14.2	13.6	16.9	18.4	24.1	22.5	19.9	18.4	26.1	21.8	17	23.2	14.3	12.3	14.1	12.3	15.8	16.5	17.4	30.8	30.7	22.3	22.6	26.4	26.6	25	23.2	21.7	16.3	18.7	24.9	29.4	31.1	24.4	23.1	22.6	20.1	17.7	15.5	14.2	14.9
3.08	4.53	3.99	9.27	12.9	13.9	24.1	21.8	43.1	68.9	55.9	69.8	84.6	102	106	94.6	86.1	79.3	67.2	60	59.4	55.8	47.3	49.9	43.9	45.9	50.7	49.3	47.3	44.4	48.4	31.6	25.7	23.2	22.4	18.4	15.8	15	14.6	11.1	12.5	13.7	14	19.5	23.7	22.7	34.9	47.2	56.6	52.3	51.9	56.4	62.2	67.8	68.2	92.4	85	81.7	75.1	26.5	20	9.5	16	8.86	7.04	15.5	13	19.9	16.4	10	12.5	13.2	13.1	17	20	29.5	33.9	35	35.9	29.8	24.9	24.4	23.9	14.8	15.3	22.8	15.1	8.48	4.9	8.12	8.19	13.1	13.9	17	13.7	15.5	16	20.8	29.6	27.9	27.3	33.3	37.5	24.5	24.2	22.9	21.6	20.9	20.5	21	21.8	22.9	22.4	21.5	21.5	28	24.5	23.8	22	21.6
2.79	2.75	3.15	3.62	4.56	8.4	14.4	17	23	47.4	77	90.6	141	129	120	104	96.6	87.7	78.2	62.3	58.5	55.6	49.1	52	45.8	45.4	47.4	40.5	43.5	42.3	43.1	25.2	22.5	20	17.4	13.4	12	10.4	13.9	9.06	10	8.06	9.93	15	18.9	28.8	37.5	44.3	47.7	54.4	55.2	52.5	61.3	66.2	69.6	94.7	90.8	95	64.2	23.1	17	15.7	12.3	13	15.2	12.9	17.6	12.5	11.8	9.98	13.5	15.1	13.5	12.3	14.3	30.9	38	39.1	43.4	22.9	43.9	37.9	22.7	17.6	17.6	16.5	13.4	5.68	5.51	9.53	11.3	13.7	15.4	9.02	7.77	12.4	17.2	22.4	21.6	19.2	25.4	40.3	31.2	19.8	18.3	18	17.2	17.1	16.7	18	15.9	19.3	19.4	18.8	19.2	26.3	25.1	21.9	23.1	20.8
2.01	3.07	3.19	2.79	3	4.32	6.77	9.88	14.9	43.1	67.3	142	140	155	136	127	107	96.3	85	65.2	60.7	56.8	48.7	51	48.4	49.3	52	46.4	41.8	38.4	38.6	28.5	24	38.3	21.8	11.7	9.24	9.23	7.76	8.31	10	7.62	10.8	11	8.38	8.81	17.9	54.1	66.7	60.6	52.8	65.8	62.4	83.4	85.2	93.1	92.2	106	66.9	30.5	37.7	25.5	19.3	21	18.2	17.2	13.6	10.1	9.7	9.8	17.2	17.8	12.9	10.6	12.3	38.4	35.4	37	44	26.4	27.7	22.1	22.3	19.4	12.7	14.3	9.86	7.14	5.05	4.59	5.96	10.1	9.91	7.25	9.98	12.7	15.6	19.4	22.5	33.4	21.8	28.9	24.4	15.5	14.9	14.9	14.5	15	14.3	15.2	14.2	17.3	17.3	16.2	16.3	23	22.1	21.4	21.9	20.5
2.16	2.59	2.98	2.29	2.38	3.32	5.37	8.22	12.7	25.4	51.8	112	142	152	141	139	130	107	89.7	66.6	61.7	55.8	50.9	52.3	49	51.2	55	54	45.6	45.5	44.6	33.9	34.1	28.4	18.9	11.5	9.98	12.3	7.89	9.05	10.8	8.77	10.2	11.9	7.01	5.83	11.3	43.9	54.9	57.4	65.5	86.7	74.3	94.4	76.4	94.9	75.5	64.2	55.5	36.5	44.9	27.5	23.7	25.5	22.2	20.8	20.8	15.6	15.4	17.7	18.5	17.1	13.7	11.6	11.5	33.3	31.1	36.1	37.8	21	24.3	21.5	21.6	21.2	12.7	15.4	12.1	7.41	6.91	4.65	5.32	5.93	5.67	4.95	11.6	18.3	18.7	22.2	23.7	21.2	17.7	18.2	19.4	13.6	13.5	13.5	13.4	13.1	13.3	13.7	13	14.8	15.6	14.6	14	20.4	19.7	19.9	20.4	21.2
1.99	1.9	3.71	4.9	2.81	3.78	4.77	4.6	6.05	9.58	20.1	71	96.3	109	139	107	105	88.6	79.8	67.4	62.7	59	55.6	44.6	39.6	38.2	36.1	47	48	42.8	42.5	25	27.2	30.4	24.8	23.3	18.4	16.5	14	7.27	5.33	4.11	5.78	11.3	24	16.1	16.8	40.3	50.1	51.1	62.8	70.9	78.8	110	77	74.7	72.7	77.5	82	56.8	47.7	43.3	45.3	59	30.1	17.6	25	17.9	11.3	11.2	16.3	25.7	19.4	15.6	12.1	12.5	7.68	12.6	9.92	6.91	4.07	7.75	10.5	6.24	2.13	1.52	1.8	1.5	1.37	1.75	2.75	3.61	2.2	2.42	5.16	12.9	16.7	13.2	12.4	15.6	19.3	13.3	14.1	16.5	13.9	15	15.1	14.1	15.6	15.7	12.5	13.1	12	13.7	13.8	11.6	11.9	13.1	15.3	17.2
1.91	2.37	3.4	8.39	5.12	3.08	4.22	3.84	5.07	8.62	15.1	40.7	60	78.2	98.7	94.8	93.2	90.7	81	64.9	57.4	53.8	50.5	44.4	41.7	36	33.9	41.8	40.9	38.5	40.4	28.1	26.9	27.9	27.4	33.3	27.9	17.6	15.9	7.8	6.39	5.58	6.27	17	34.4	11.8	13.4	26	33.5	55.5	67.7	74.9	74.8	81.3	75.2	93	82.9	83.9	86.8	66.9	51	43.4	42.1	35.4	23.4	24.7	25.8	30.4	20.8	16.7	18.4	24	27.2	22.5	20.6	16.4	8.64	8.54	9.22	4.31	3.52	6.42	7.85	3.12	3.79	1.28	6.14	1.69	1.61	1.75	3.65	2.6	2.37	3.02	3.81	10	12.4	14.3	11	11	11.2	10.6	10	16.3	15.3	15.2	13.6	14.8	18.5	13.9	10.6	11.7	11.7	11.1	10.4	9.38	9.12	9.97	13.4	17.9
2.02	2.19	2.67	1.86	2.26	2.72	3.65	3.3	4.29	7.97	14.3	39.5	44	59	79.2	76.3	71.1	79	80.7	60.1	52.6	48.5	43.4	39.4	34.1	32	31.9	42	38.8	37.1	36.4	32.2	31	30.8	40.4	31.6	26	22.4	19.5	13.9	10.8	7.89	8.72	15.5	13.2	10.2	7.92	22.4	34.7	68.7	68.3	68.5	78.2	86.7	97	114	83.7	78.9	85	97.3	72.7	43.1	45.7	50.5	49.7	33.2	27.1	27.7	25.5	19	15.5	18.2	21.5	24.6	21.5	19.3	16.9	12.1	10.8	9.06	8.21	6.7	3.91	2.79	2.12	1.8	7.77	6.4	2.08	2.01	2.85	6.67	3.65	4.24	5.01	11.7	13.6	19.2	17	12.9	17	12.8	10.1	13.9	13.7	13.5	13.3	12.1	14.6	15.3	14.7	13.2	12.9	10.5	8.67	6.29	6.07	7.64	11.5	17.2
2.14	2.55	2.9	1.76	1.99	2.51	3.21	2.81	3.61	6.66	13.5	45	35.1	48.4	59.6	68.2	72.1	67.9	57.8	52.5	49.6	43.6	41	36.8	33.8	32.3	32	42.2	40.3	38.9	38.5	39.3	38.4	36.3	37	38.7	34	28.7	26.3	20.3	16.3	12.3	11.4	15.5	24.7	13.8	7.43	21.9	32.2	46.9	54.7	68.8	82.7	102	119	103	89.6	84.2	78.1	70.6	52.1	43.4	48.7	85.1	46	30.1	43.2	30.7	24.6	17.5	19.1	25.5	21.1	21.6	19.8	32.9	23	14.7	11.1	12.6	10.9	7.86	3.99	7.25	7.46	4.17	5.58	10.5	10.5	4.28	4.2	6.27	7.42	6.76	7.18	12.5	16.1	14.3	13.8	15	19	12.5	10.3	16	15.3	16	13.4	11.7	11.2	14.5	14.7	12.1	9.89	10.1	7.62	5.08	4.66	5.01	6.16	14
2.01	2.46	3.16	2.32	2.61	3.18	3.89	2.94	3.56	4.82	6.7	11.2	12.7	16.4	22.2	40.4	39.8	46	46.6	32.6	31.4	29.3	28.6	35.7	36.2	36.7	36.3	39	38.8	39.3	39.7	46.7	47.9	48.7	50.7	38.5	37.2	32.1	25.8	24.8	28.1	30.5	61	69.8	31.4	32.8	28.4	24.3	24.8	18.3	52.3	71.5	88.3	111	110	75.1	79.7	73.6	78	68.7	48.1	34.6	35.4	38	35.2	42.3	31.5	23.4	19.6	16.5	19.2	28.7	28.5	29.9	29.3	37	29.9	25.1	26.7	15.8	11	7.11	6.79	3.63	2.47	1.74	2.75	2.93	3.23	4.34	7.58	8.54	8.52	13.3	15.4	18.6	21.3	20.7	20.4	21.5	28.6	26.4	22.6	22.8	23.3	24.9	16.9	15.7	14.7	17.6	16.9	11.9	11.4	8.8	7.88	6	5.37	5.49	6.85	9.15
1.78	2.13	2.75	2.08	2.37	2.75	3.22	2.3	2.68	3.6	4.99	6.61	7.99	10.6	12.8	24.5	25.2	29.2	34.5	27.1	26.1	25.6	26	33.5	37.1	40.3	36.9	40.9	41.6	41.5	41.8	48.9	48.4	50.6	51.9	40.6	36.2	36	31.9	38.4	40.1	50	48.8	71.6	47.5	33.1	40	55.4	80.8	27	85.1	92.5	133	115	106	74.6	89.8	89.9	92.9	59.3	45.1	39.9	34.4	30.2	25.3	23.5	24.5	20.7	21.3	18.2	19.3	31.3	30.8	30.5	31	34.1	23.2	21.7	25.5	15.5	13.5	8.74	7.41	4.12	3.07	2.61	3.76	3.28	3.59	4.44	6.44	13.2	10.2	13.1	16.3	22.1	20.9	25	24.3	25.5	39.5	28.9	24.1	28.2	29.8	22	19.8	16.8	16.4	16	13.4	13.1	14.4	8.72	6.77	6.32	6.35	5.89	6.65	8.28
1.52	1.87	2.36	1.78	2.07	2.39	2.69	1.81	2.04	2.7	3.62	4.33	5.3	6.81	9.18	15.5	18	24.5	26.9	23.9	22.6	22.5	23.9	32.8	35.7	38.5	38.2	41.6	45.3	43.4	42.4	49.2	48.7	51.2	52.6	42.6	39	37.6	35.6	35.3	33.7	45	43.9	69.8	35.1	44.5	62.7	53	80	52.7	92.8	90.2	89.9	114	142	108	92.2	81.6	83.5	75.6	57.3	42.9	51.8	25.3	21.5	23.2	26.6	25.8	23.3	22.4	21.7	34.3	33.8	34.6	33.5	27.2	24	27.4	32.3	29.1	13.4	10.8	14.9	7.28	4.81	5.07	7.02	4.18	4.41	5.16	6.46	10.9	11.7	14.4	15	26.7	23.1	28.3	27.4	29.8	27.1	28.9	41	41.6	30.6	25.6	21.7	17.7	16.5	12.3	9.26	8.99	9.51	8.33	6.04	5.34	5.42	4.94	5.23	6.4
1.34	1.73	2.42	1.58	1.75	1.97	2.27	1.55	1.66	2.14	2.87	3.21	3.93	5.09	6.83	11.3	13.2	15.9	24.2	23.1	20.9	20.9	22.4	30.3	33.7	36.1	36.6	42.9	46.8	43	41.7	50.2	48.9	51	51.5	47	46.5	44	39.3	52.2	38.3	40.8	42.9	57.2	58.5	42.2	67.3	50.3	51.7	53.1	66.5	102	91.1	119	134	92.2	106	77.9	73.4	92.3	82.6	53.2	41.7	29.8	26.4	23.3	28.8	29.3	27.4	25.7	24.5	37	38	38.2	35.9	29.8	28.5	42.1	35.4	26.7	20.8	21.6	19.6	11	7.82	7.9	8.12	5.87	5.74	6.32	7.41	13.1	13.9	15.5	15.8	27.6	33	28.3	29	40.1	29.6	28.6	32.9	37.7	33.7	24.6	25.4	17.4	16.2	11.7	7.79	6.69	6.79	6.1	4.87	5.15	4.95	4.11	4.23	5.14
0.731	3.08	3.26	0.941	1.09	1.51	2.53	1.08	1.24	1.59	2.18	0.794	0.916	1.17	1.63	6.52	7.96	9.4	11.4	15.8	17.6	20.2	23.9	31.4	35.3	38	39.5	44.5	45.6	44.4	40.7	43.3	40.2	43.9	47.2	40.9	40.8	43.7	43.2	35.2	35.1	36.7	53.2	41.1	31	35.4	48.3	51.9	68.8	73.3	82.3	80.2	76.6	78.2	80	80.2	80.5	60.3	59.3	58.2	49.8	44.7	28.6	30.8	28.9	26.1	31.7	39.9	36.4	37.3	34.7	35.6	35.8	35.9	33.3	25.4	21.1	21.6	24.7	33.1	30.9	27.2	23.9	16	14.9	16.2	16	12.3	11.8	11	11.8	12.5	13.4	17.1	19	34.6	32.1	35.4	38.7	38	35.3	37.7	32.6	28.4	25.8	25.9	19.3	12.2	13.7	10.7	6.33	2.88	2.16	1.95	1.88	3.89	4.75	2.41	2.6	2.45
0.4	0.932	1.36	1.39	1.96	1.16	1.73	0.76	0.86	1.06	1.33	0.437	0.477	0.721	1.05	4.42	5.6	7	8.63	13	14.8	17.5	21.7	30.5	33.7	37.1	38.5	42.5	45	47	47.2	46.7	38.2	38.8	42.4	43	40.8	40	44.9	38.7	40.5	40.5	88.1	70.9	37.4	38.6	39.2	41.2	53.8	63.6	68.7	60.9	60.3	61.5	59.9	53	52.9	50.4	60.1	54.6	39	30	25.5	24.6	24.6	28.9	30.5	43.2	42.9	45.4	39.7	40	39.1	38.7	37.5	29.7	31.1	47.7	37	40.4	29.6	26	20.5	15.9	16.9	16.6	27.6	13	11.2	11.4	12.5	13	13.1	15.5	19.4	30	33.1	35.2	43.2	38.4	44.5	42.5	43.1	33.7	27.2	25.4	22.6	12.1	10.5	7.81	7.25	2.91	1.55	1.39	1.37	3.31	2.93	1.66	1.97	1.64
0.849	0.369	0.647	0.576	2.46	0.942	1.08	0.944	0.759	0.823	0.977	0.344	0.272	0.408	0.716	3.01	4.05	5.25	6.7	10.2	12.9	15.2	20	33.6	36.6	35.3	35.5	38.9	41.7	42.2	45.5	46.3	40.3	34.9	38.3	44.6	39.5	39.8	41.6	38.6	46.1	40.5	52.4	87.3	64.3	40.6	34.7	36.7	40.8	56.2	61.3	66.2	49.4	47.3	58.5	55.7	55.2	58.2	54.9	43.5	31.6	27.4	23.7	23.5	23.1	26.5	33.3	44.7	43.2	45.7	46.6	46.9	43.6	41.2	39	23.1	20.3	22	32.1	32.5	26.3	27.7	28.1	14.7	13.4	13.6	17.4	12.5	11.8	12.5	13.4	13.4	13.4	16.3	19	32.5	33.5	40.9	41.9	43	38.2	47.1	41.3	41.9	34.3	24.8	29.4	15.8	12.5	8.71	7.06	3.03	2.21	1.61	1.55	4.05	2.95	3.28	3.36	2.29
3.91	1.55	0.32	0.431	0.662	0.659	0.769	0.473	0.676	0.715	1.06	0.526	0.218	0.372	0.553	2.33	3.08	4.07	5.18	7.85	13.8	15.1	14	21.2	31.6	36	36.4	40.2	39.6	36.7	38.4	38.6	35.9	31.2	30.2	43.1	39.7	42.8	43.6	37.3	36.7	36.7	39.7	69.6	74	67.6	36.8	38.2	37.7	45.7	63.2	99.8	56.9	41.4	69.5	66.2	64.2	80	78.1	40.4	31.1	25.1	22.4	25.5	25.2	25.9	32.8	53.9	48.8	47.9	51.5	51.9	47.6	44.5	40.6	20.7	18.3	18.7	26.2	34.6	27.6	26	22.8	12.3	11	16.1	19.5	14.1	14.2	13.1	13.5	15.5	15.4	17.5	18.6	30.9	33.2	36.6	44.6	48.5	43.4	39.3	40.1	45.4	42	31.3	29.3	20	14.6	11.5	9.78	3.48	3.19	2.6	2.42	4.8	3.65	5.88	3.04	3.71
0.248	0.396	1.23	1.12	0.21	0.289	0.32	0.15	0.342	0.364	0.579	0.592	0.381	0.615	1.33	1.03	1.34	1.73	2.24	2.91	3.5	5.63	5.79	9.12	14.2	19.7	21.7	29	27.7	27.1	41.9	41.1	32.6	28.1	23.4	27.3	26.3	39.3	50.7	36.1	32.2	32.8	33.3	73.4	41.7	31.3	29.9	29.1	30.4	32.2	36	49.3	50.3	46.5	71.6	119	68.3	30.8	30.7	32.9	30.2	28.9	29	17.8	17.5	20.6	23.9	33.6	37.7	39.2	44.3	53.4	48.5	45.6	42.7	35.4	27.1	24.1	24.2	23.5	21.6	20.9	19.1	14	20.9	18.7	25.4	17.3	17.2	16.9	18.3	18.5	19.6	25	34.6	32.2	32.8	34.1	41.3	30.2	35.6	34.6	36.6	29.9	25.7	25.2	23	17.8	15.3	13.3	11.6	8.71	7.65	6.98	6.13	7.73	6.25	7.94	4.87	3.06
0.0149	0.0655	0.968	0.317	0.23	1.25	0.554	0.109	0.121	0.262	0.779	0.333	0.39	0.434	0.806	0.609	0.757	1.01	1.27	1.62	1.95	2.49	3.64	6.25	6.94	8.67	10.7	17.2	19.3	19.8	29.2	57.2	45.4	32.5	24.3	23.8	20.8	26.9	39.8	35	31.1	31.4	30	37.8	29.3	27.3	26.3	28.7	30.2	31.5	33	42.7	35.8	35.5	39.1	45.5	43.5	25	23.6	28	30.5	33	26.6	17.2	16.7	21	23.6	32.9	35.9	40.1	45.7	50.1	53.7	54.1	44.3	37.5	28.9	27.7	23.4	30.2	28.8	29.4	19.8	25.1	28	26.7	29.8	20.6	20.4	20.5	20.3	22.2	31	23.9	28.4	34.8	30.9	31.7	37.3	31	31.5	31.2	36	31.6	27.7	29.5	27.8	22.2	18.9	16.9	15.5	11.3	10.1	8.87	8.12	9.89	8.68	8.28	6.65	3.31
0.00726	0.0067	0.219	0.103	0.141	0.157	1.03	0.152	0.191	0.145	0.673	0.754	0.574	0.571	0.657	0.391	0.439	0.55	0.717	0.982	1.03	1.46	2.06	5.08	4.46	5.14	6.58	11	12.3	13.3	14.9	25.6	50.8	56.9	27.6	24.1	19.2	20.5	26.9	31.8	29.1	29.7	30.9	32.1	31.8	26.7	27.1	28.5	31	31.5	32.1	33.5	31.6	27.7	33	33.2	31.8	24.7	23.9	24.1	28.3	29.7	24.4	17.3	16	17.5	21.5	31.6	34.5	36.6	42.1	51.9	52.8	52.8	46.9	40.4	30	28	28.3	35.6	40.4	32.8	20.2	36.3	41.7	36	42.3	27.7	26	23	29.9	29.9	26.3	24.8	25	27.3	30.2	32.6	36.8	33.5	33.5	33.1	35.9	32	33	36.3	40.4	31.2	26.1	25.1	21.3	16.5	14.5	12.4	11.1	14.9	12.6	10.4	7.34	4.4
0.00726	0.00587	0.00532	0.102	0.14	0.137	0.246	1.05	0.225	0.0837	0.142	0.116	0.376	0.344	0.506	0.294	0.366	0.458	0.576	0.695	0.816	1.05	1.44	2.61	3.35	10.1	4.51	6.35	10.5	10.8	11.8	21	20.9	26.9	23.7	31.3	21.8	17.8	19.2	32.4	30.3	28.1	28	28.9	29.3	26.6	27.7	30.9	29.3	31.7	32	26	23.3	23.2	23	24.4	24.1	24.5	22.7	26.5	18.8	18.9	24.7	19	16.5	20.1	20.5	29.5	31.5	33.3	41.5	55.7	52.5	47.9	53.7	52.1	38.6	37.9	36	38.5	40.7	42.1	33.3	43.9	36.4	33.7	41.8	28.8	24	28	36.6	28.8	26.3	24.8	41.8	29.4	37.2	36.8	38.4	38.2	38.8	41.4	46.7	46	41	42	43.2	39.5	34.5	33.2	30.1	25.3	21.2	18.5	15.9	20.3	16.8	13.9	10.3	6.34
1.65	2.31	2.46	1.15	0.714	1.54	1.77	0.441	0.382	0.457	0.723	0.0429	0.204	0.211	0.381	0.612	0.688	1	1.33	0.531	0.574	0.712	1.03	0.687	0.785	1.28	0.98	0.551	1.22	1.11	0.941	1.72	1.8	3.89	6.7	20.1	21.7	19.1	18.9	19.6	21.6	22.7	22.9	21.9	22.5	22.2	22.8	26.1	22.4	21.7	23.2	24.4	22.2	25.6	31	32.5	31.8	30.4	34.1	25.8	21.9	18.4	19.4	16.1	14.7	20.3	29.1	26.5	26.8	26.5	31.6	37.2	38.4	38.1	42.5	54.4	31.4	28.1	43.7	58.4	56.9	61.2	63	98.9	59.8	47.7	35.4	36	34.5	41.8	37	30	25.3	27.1	52.9	56.3	61.2	47.2	43	57.7	53	53.5	60.1	47	47	46.4	45.2	43.3	43.2	40.1	38.5	32.7	30	28	25.4	23.9	20	19.2	14.8	14.6
2.01	2.31	2.37	1.08	1.22	0.774	1.46	0.318	0.324	0.63	0.422	0.00778	0.0106	0.102	0.231	0.661	0.512	0.653	0.969	0.336	0.349	0.372	0.451	0.24	0.295	0.341	0.618	0.252	0.274	0.482	0.477	1.02	1.19	1.25	2.93	15.1	17.2	13.5	15.3	17.7	20	21.4	21.8	21	21.1	21.3	21.3	22.3	21.9	20.9	21	21.4	22.4	22.4	26	29.8	29.4	29.4	31.6	22.8	22.2	18.4	17.1	14.5	15.1	41.1	61.6	28.3	25.9	25.7	26.7	37.9	36.2	44.1	38.5	40.5	41.6	38.3	32.6	52.5	49.4	79.2	69.5	84.2	88.4	69.6	41.7	44.1	40.9	37.8	29.8	25.1	30.3	37.5	53.5	43.2	48.4	54.9	55.7	60.5	77.6	69.8	71.8	52.3	55.2	53.4	53.6	48.2	48	48.1	42.5	39.2	34.5	31.9	28.7	28.8	25.3	22.5	19.8	17.2
1.65	2.31	2.55	0.871	1.08	1.23	2.6	0.213	0.289	0.251	0.32	0.00335	0.00459	0.0376	0.132	0.314	0.424	0.447	0.667	0.23	0.222	0.196	0.212	0.0646	0.073	0.0873	0.0996	0.407	0.0916	0.122	0.185	0.278	2.25	0.724	1.37	10.8	12	13.1	13.3	16	18.3	20.7	20.4	19.9	20.2	20	19.4	20.4	17	18.8	19	20	17.5	19.6	24.9	32.8	28.7	29	37	32.4	34.5	21.1	16.7	13.8	12.5	15.8	49.4	30.8	25.7	24.5	25.1	44.4	35	36.3	34	58.3	51.2	37.1	35	62.4	68.7	51.5	77.8	74.2	65.5	67.2	48.5	49.6	46.1	38.9	36.2	30.2	30.7	45.4	50.5	54.4	45.6	63.8	59.3	64.4	63.1	84.6	101	62.2	62.8	59	58.2	55.8	56.9	57	52.2	44	40	37.6	34.4	41.5	40.3	29.3	26.3	22.2
1.38	1.35	1.83	0.839	0.961	1.23	1.45	0.367	0.121	0.141	0.239	0.0026	0.0621	0.122	0.0592	0.165	0.224	0.458	0.554	0.248	0.189	0.164	0.187	0.0497	0.0494	0.056	0.102	0.0272	0.109	0.078	0.126	0.467	0.33	0.634	1.16	8.02	8.82	10.4	11	15.1	16.3	17.9	18.6	18.9	19.6	19.2	18.9	17.9	16.9	16.9	19	16.6	18.2	19.3	21.2	29.1	32.8	31.5	31.1	30	25.2	19.6	16.4	13.5	11.9	11.5	18.2	24.5	24.6	25.7	24.9	44.5	41.9	35	33.1	70.6	59.4	47.9	42.1	89.5	64.7	57.1	59.8	71.6	67	65	68.4	59.6	60	48.1	50.3	42	34.2	31.2	58.6	66.6	53.6	49.6	53.1	64.5	64.1	73.5	86.4	67.4	70.4	65.7	62.6	70	70.4	65.3	59.5	61.2	50.8	45.6	43.2	54.6	46.4	39.3	34.8	25.9
