36.1	49	51.7	63.4	59.6	56.9	60.3	85.5	92.5	74.3	39.3	47.6	49.8	67.3	75.7	87.2	77.4	107	121	122	129	113	117	97.3	134	193	176	106	80.4	80.9	63.8	51.2	59.2	39.5	32.3	50	59.4	109	111	132	146	184	148	161	172	144	114	106	81.7	44.2	28	36.3	37	34.1	43.6	85.2	130	171	198	187	157	113	149	102	82.9	86.5	104	113	154	156	163	179	161	130	147	166	174	186	214	272	279	239	373	334	289	180	153	119	129	148	133	80.3	88.4	51.6	91.5	118	114	78.7	62.3	52.1	43.7	36.2	46	38.9	38.5	36.7	38.5	43	34.9	9.03	16.2	20.6	15.8	29.6	23.5	23.8	45.2	36.2	32.2	44.7
48.7	71	60	59.5	64.3	72.3	60.9	81.5	78.2	47.6	39.4	58.4	80.9	93.3	89.3	96.1	95.4	116	185	143	149	109	125	137	170	231	245	144	104	101	64.6	62	68.2	45.1	44.4	47.2	51.8	103	128	116	110	133	147	206	218	169	106	122	73.9	30.3	16	28.3	25.1	10.3	24.2	65.3	99.2	161	198	133	114	133	134	93.4	76.9	101	116	142	178	187	165	163	115	86.5	117	137	128	150	211	259	256	206	338	376	346	258	184	165	137	144	158	76.7	82	85.6	126	113	138	90.3	82.9	66.8	68	63.4	75.7	41.3	38.6	45.7	58.3	71.7	60.2	28.7	27.3	35	57.1	71.8	64.6	63.4	60.2	51.2	83.2	52.2
51.4	72.3	58.8	62.3	73.7	62.4	92.9	78.7	89.5	55.3	59.8	80	110	129	114	106	114	123	129	133	129	126	141	143	165	250	250	160	150	115	73.6	108	87.9	66.6	78.1	52.6	77.9	71.4	98.8	118	139	99.3	149	186	152	98.2	65.4	88.8	48.7	17.9	10.7	33.6	12.3	5.12	20.9	68.7	78.8	139	245	169	158	154	105	87.9	123	200	107	144	275	220	182	145	126	120	147	181	175	199	256	303	251	197	249	404	430	395	350	207	142	140	165	96.4	85.9	124	131	122	97	88.9	67.1	47.8	61.2	87.6	70.5	44.7	49.7	73.4	71.3	98.7	78.4	72.1	56.8	61.7	73.6	64.9	45.5	58.9	65.7	102	82.6	64.6
75.8	105	81.5	69	64.1	55.5	89.7	60.3	80	66.3	68.2	79	109	110	113	120	141	135	136	126	134	173	179	188	209	258	219	157	171	122	120	176	126	81.9	80.3	78.1	59.8	63.7	71.9	99.6	150	111	209	173	102	75.6	62.6	43.2	37.5	39.4	37	39.7	10.9	5.56	7.34	23.8	54.6	86.4	203	120	129	111	88.5	99.6	96.6	145	100	146	227	209	148	137	132	158	204	194	200	189	193	267	210	205	226	350	360	390	339	233	145	149	157	108	115	141	182	108	74.9	81.2	69.1	62.6	75	104	74.5	70.9	82.4	55.2	57.4	58.4	48.3	55	50.3	82	64.6	62.9	38	48	68.2	68	63.7	83.9
103	91.2	102	80.9	68.7	73.1	110	81.7	77.6	72.3	84.1	96	93.3	97.8	107	137	172	153	150	136	147	189	209	245	247	266	214	165	201	189	197	220	190	139	88.3	41.1	61.2	110	91.2	126	166	125	163	133	84	56.3	42.6	33	25.4	34.5	24.6	16.3	2.8	11.7	15.3	23.1	58.3	83.3	117	75.4	88.4	115	97	96	119	115	122	147	189	199	145	156	188	238	256	241	244	226	218	174	168	172	202	333	289	338	263	243	180	192	161	81.5	109	121	143	104	73.9	84.7	83.7	90	103	126	85.6	81.8	94.1	75.9	66.8	65.8	55.8	66.9	72.4	81.3	68.5	65.8	60.6	70.1	111	102	99.1	111
119	104	107	92	85.2	80.5	102	88.6	77.6	69.9	91.9	110	99.2	106	119	157	153	164	141	119	127	155	319	398	354	379	277	236	278	287	249	226	181	114	86.9	45.6	64.4	85.4	82.1	92.4	109	66.9	79.2	33.9	57.1	30.3	41.9	33.3	17.9	15	11.2	8.95	5.9	6.58	11	14.6	26.5	32.6	29.6	35.6	40.3	51.9	61.3	85.8	124	145	130	150	137	188	151	179	225	247	239	198	224	246	226	198	162	151	174	231	249	230	179	196	230	162	149	98.1	104	112	91.3	85.7	100	81.3	94.6	106	108	108	97.6	102	129	107	127	125	106	108	88.5	112	124	92.7	120	120	117	138	103	110
127	139	107	106	96.1	99.3	91.4	82.5	86.3	80.2	78.6	88.4	89.4	183	113	124	200	197	159	150	149	171	298	326	367	340	306	352	291	246	256	191	148	146	125	66.1	67.5	106	134	123	137	88.2	48.4	25.4	16	23.4	38.2	24.4	21.7	18.5	12.8	6.63	5.45	5.66	7.71	19.2	20	29.6	32.7	25.6	27.6	57.6	69.5	98.5	139	171	180	209	180	146	146	205	210	250	275	212	243	278	276	204	176	176	228	263	257	199	197	223	177	190	171	86.7	75.9	118	132	91.7	136	130	177	135	116	113	120	133	156	168	166	253	179	164	166	160	163	167	177	176	135	115	136	156
178	163	144	134	184	189	130	96	97.6	80.2	73.9	57.1	88.6	131	129	146	196	214	176	186	214	210	278	383	392	350	362	445	389	299	396	257	151	123	159	81.3	79.3	78.3	117	112	151	71.9	52.8	38.5	23.8	18	26.1	32.2	24.9	22.6	19	10.7	9.68	7.5	8.49	19.4	13.2	20.9	33.1	33.5	34	56.1	78.2	86.8	107	143	160	196	143	140	134	171	250	332	354	246	254	266	275	217	203	190	221	222	256	223	285	317	286	300	209	180	140	142	158	136	165	158	187	138	183	129	147	168	189	191	196	196	213	233	211	217	179	214	251	233	192	200	192	167
203	168	177	197	233	198	161	127	113	91.1	98.6	140	133	151	155	136	170	163	164	205	208	274	312	369	357	313	381	324	451	248	226	212	154	126	146	87.1	63	56.6	90.8	122	96.9	56.2	40.1	42.1	37.5	24.3	40.7	44	33.9	33.9	25.3	17.1	14.3	12.8	11.1	17.9	23.2	21	46.9	53.3	51.5	62.1	60	74.2	111	123	147	122	84.8	117	136	177	234	266	317	262	249	242	178	158	213	181	211	269	254	230	306	374	375	345	332	365	340	176	215	204	214	237	248	148	164	188	173	168	184	190	249	215	308	340	272	256	239	256	301	289	261	245	225	175
236	208	241	217	212	254	189	179	127	95.6	120	170	188	187	170	136	183	198	176	271	302	330	342	389	285	340	327	275	259	201	192	171	173	127	182	125	116	74.1	55.8	60.5	53.7	60	42.4	43.6	39.2	41.3	55.2	69.4	52.1	51.6	33.1	22.7	15.5	23.6	12.9	9.75	16	14.3	21.9	58.1	60.5	89.8	65.9	74.7	99.5	105	124	109	86.7	99.7	107	135	146	145	159	164	161	158	135	116	178	151	174	179	176	177	212	362	394	365	325	318	318	193	273	361	332	279	290	222	189	199	201	192	216	206	238	279	399	341	327	277	260	281	297	291	274	236	257	213
362	285	268	273	249	218	217	188	159	147	168	242	267	356	242	249	239	214	200	276	315	349	357	393	269	307	268	241	298	206	196	184	163	127	139	153	170	99.5	50.4	35.8	38.5	60.9	46	56.6	52.2	74.6	98.7	60.2	49.8	48.9	29.6	21	27.9	31.5	14.9	15.6	16.6	18.3	42.1	63.1	72.2	106	112	97.9	144	191	179	173	135	100	121	151	139	144	162	182	176	161	132	137	210	204	168	177	192	199	220	355	392	391	399	405	378	220	316	412	372	295	306	253	200	233	244	234	282	285	269	306	341	336	352	383	308	323	342	353	286	229	240	230
365	301	291	307	275	262	242	210	192	250	223	234	264	306	329	288	260	207	225	299	302	285	311	390	305	332	284	316	350	270	238	300	232	142	117	128	126	87.3	59.8	25.4	27	66.7	87.2	42.9	63	113	130	65.9	52.2	49	29.7	24.2	33.5	20.9	20.9	21	28	26.4	33.5	45.7	60.6	130	147	134	191	252	229	261	197	167	137	146	147	157	198	173	185	140	145	169	218	177	189	161	202	218	286	353	398	350	386	407	330	339	262	314	284	305	313	258	212	212	266	354	309	340	334	389	470	373	320	378	275	296	275	302	245	203	260	243
369	432	430	411	346	328	323	270	265	281	278	263	284	266	294	296	260	259	304	360	328	323	324	446	459	373	308	384	389	346	232	227	216	126	106	90.2	90.7	63.8	55	35.5	49.1	63.8	88	64.3	43.2	143	108	68.8	68.4	43.5	35.4	29.8	23.4	22.1	26.8	28.3	31	35	46.8	90.8	98.3	127	185	184	193	214	241	260	242	184	155	152	184	200	174	205	151	146	137	171	177	183	231	233	211	221	298	404	427	418	429	433	298	350	198	223	215	262	243	296	271	257	297	354	306	353	387	430	410	379	363	320	278	283	253	258	223	241	267	242
463	467	491	454	326	375	372	300	331	313	290	259	217	220	248	264	265	290	287	281	273	319	344	522	478	390	285	277	345	309	203	179	161	108	83.1	78.8	66	67.4	84.1	55.7	63.1	74.2	73.4	66.9	50.3	70.8	105	79.7	94.3	50.6	62.3	62.1	22.7	24	28	34.4	51.3	65.5	78.2	131	115	117	127	178	191	175	202	201	241	196	154	168	217	198	157	175	174	159	158	151	194	219	232	262	223	236	288	400	377	357	422	480	327	260	151	173	232	295	266	227	240	258	286	305	338	385	385	368	404	384	356	315	285	300	228	215	220	237	281	256
475	484	470	443	392	359	356	320	298	357	289	257	223	191	221	292	307	305	252	293	297	295	416	566	487	365	360	328	267	289	230	197	169	126	91.3	80.2	73.9	64.6	131	53.6	61.5	82.6	91	75.7	78	61.2	93	108	70.4	76.7	65.9	108	30.3	28.1	46.5	73.3	91.3	88.2	103	127	209	190	195	158	190	206	238	228	263	191	167	209	213	216	169	203	174	161	165	212	194	220	241	250	238	290	318	321	358	400	411	426	417	393	204	304	272	262	284	190	196	314	295	293	303	302	289	305	298	326	289	277	297	254	238	241	227	240	258	276
460	486	447	371	424	422	409	311	360	293	246	237	218	216	253	239	251	250	222	285	337	329	372	502	460	435	412	407	293	281	282	235	180	144	113	91.1	80.7	85.4	122	65.1	55.1	111	118	84.6	92.5	75	179	173	88.1	86	70	58.9	48.1	35.5	62.2	89.5	103	98.3	104	136	228	232	277	216	176	199	300	275	262	168	170	231	199	193	212	196	276	226	258	291	224	217	226	314	253	273	331	387	365	342	406	418	433	441	345	295	204	221	331	293	317	349	314	332	308	271	282	284	313	324	294	260	240	263	267	248	271	242	223	245
487	496	476	460	460	488	495	389	346	339	327	265	267	299	323	216	202	183	219	339	363	422	408	387	540	420	314	366	297	240	175	190	155	144	148	123	108	121	167	99.4	81.5	96.2	117	115	81.9	94.5	128	104	87.2	82.1	88.5	66.5	60.9	48.5	54.4	77.6	87.8	96.9	89.7	118	170	155	251	283	275	250	295	264	303	222	213	246	245	246	196	182	182	221	290	287	250	212	210	237	270	321	339	425	423	370	400	433	439	486	462	292	333	313	333	332	350	384	380	328	352	253	266	280	263	271	255	281	261	277	273	253	288	270	245	259
470	469	483	487	469	475	407	321	330	354	357	431	238	279	298	250	285	305	258	352	347	409	476	420	400	320	268	258	263	236	191	138	120	139	132	139	133	159	150	146	131	147	201	149	115	187	156	80.5	127	136	128	113	54.6	51.7	64.6	81.3	64.9	62.8	107	113	154	138	167	258	282	247	244	269	247	224	244	284	274	240	226	254	216	334	311	351	339	248	237	268	367	447	389	382	419	404	417	400	397	413	456	501	365	332	354	427	373	388	376	418	377	411	433	285	289	335	281	262	230	209	236	226	295	290	296	241
475	482	495	481	503	523	383	317	350	338	390	365	278	350	293	249	286	372	391	431	495	513	571	610	411	291	257	216	236	254	241	180	151	118	118	133	135	151	150	146	137	134	166	156	123	165	153	122	117	151	94.7	118	66.7	81.7	141	108	109	111	123	146	198	151	184	224	296	226	195	228	222	314	308	270	259	189	211	315	256	279	305	335	316	355	279	268	328	387	377	465	439	454	379	407	416	461	477	564	575	442	466	444	376	459	390	365	362	460	418	372	452	472	427	298	300	248	219	216	265	293	286	275
459	441	464	467	494	501	428	387	436	460	377	355	354	329	321	378	327	368	375	483	610	637	683	655	450	310	263	216	230	233	271	202	164	146	133	168	158	151	160	196	210	173	211	194	182	144	166	174	140	140	104	57.3	80.5	88.4	89.9	78.8	135	160	163	189	194	180	192	240	259	243	271	238	267	293	310	283	256	189	160	252	277	253	378	431	313	262	311	286	269	297	328	454	439	421	360	405	478	495	500	516	519	627	523	453	431	490	481	410	440	473	501	487	561	434	425	320	295	299	312	247	269	276	252	233
487	459	454	478	466	482	482	416	478	425	446	309	327	340	357	350	297	325	398	461	517	680	491	384	285	297	266	192	179	177	188	179	136	151	143	204	213	171	168	250	240	233	281	225	168	137	167	263	188	126	136	80.6	80.8	119	106	94.6	192	213	133	143	223	193	218	202	241	264	315	272	278	281	300	264	303	201	172	261	337	270	295	394	360	287	293	257	240	269	286	386	397	393	328	416	452	458	447	456	488	623	607	552	494	458	514	464	482	483	592	576	661	510	474	399	384	372	349	295	287	291	292	249
490	454	463	475	465	468	462	461	505	408	354	314	334	363	497	552	385	458	498	526	509	553	425	294	305	302	246	197	178	164	169	125	145	143	165	249	265	202	164	307	318	283	288	284	221	202	189	216	220	263	211	168	106	128	154	133	167	206	188	155	203	256	263	272	275	199	227	252	212	213	306	210	235	157	162	253	321	294	311	287	319	275	280	259	219	212	217	275	274	307	338	382	390	390	422	471	501	524	533	610	590	501	534	508	517	532	516	490	525	530	519	472	472	480	406	364	326	302	351	303
495	501	474	489	476	469	474	476	491	486	390	351	411	434	428	515	483	573	597	549	579	503	503	341	382	267	224	184	188	173	165	112	151	137	167	299	217	210	173	224	277	266	285	234	203	205	234	214	190	284	270	235	120	132	134	113	149	192	223	194	237	264	249	238	280	255	220	198	253	240	224	222	244	149	190	296	268	260	317	332	301	307	341	323	261	261	224	245	246	309	443	439	480	488	491	518	531	534	509	551	504	565	581	536	545	464	444	479	464	487	517	426	465	500	446	380	321	296	325	340
468	542	506	485	479	481	474	512	493	475	438	390	483	592	493	512	455	466	479	537	490	429	441	338	321	307	260	222	183	195	182	153	145	159	166	274	222	210	217	219	252	264	273	296	244	325	292	231	231	239	300	258	170	188	174	142	183	260	251	230	281	208	235	230	225	278	294	270	305	288	250	245	307	258	265	372	289	325	381	352	310	326	363	308	363	327	296	284	314	345	419	458	455	463	438	538	512	501	533	602	602	574	567	554	510	487	520	523	501	542	437	378	373	405	371	394	363	331	295	277
494	527	507	505	516	494	482	502	506	492	482	441	534	531	524	590	507	630	544	433	406	347	323	340	372	322	269	199	164	166	213	219	160	161	151	217	216	234	265	262	245	267	328	332	346	385	368	302	261	229	304	378	236	279	169	153	192	282	238	253	250	260	252	233	271	300	416	434	384	315	311	315	269	366	351	360	420	420	420	389	355	346	343	296	332	418	329	317	318	339	446	443	433	478	472	538	531	476	504	582	593	582	553	548	583	538	509	455	495	520	498	470	353	307	292	344	326	300	283	224
469	487	484	486	454	446	478	483	534	505	529	524	510	436	397	492	437	440	438	448	446	400	340	392	395	341	327	271	203	247	246	233	285	237	189	210	229	281	276	299	245	309	265	234	273	250	352	289	206	227	250	237	260	238	232	206	224	328	311	359	344	347	364	362	391	403	409	455	427	325	377	446	305	379	414	462	467	468	457	479	467	444	409	305	305	313	280	259	307	357	395	383	396	453	443	519	501	469	428	481	493	459	512	527	530	529	512	502	502	508	473	550	547	362	338	338	316	370	317	274
459	501	496	466	464	477	489	498	516	585	637	579	533	436	398	399	366	357	366	488	448	408	381	381	308	363	303	294	223	180	226	165	246	269	250	241	237	232	272	258	225	318	298	306	358	362	347	268	254	251	285	193	270	316	367	283	301	314	334	337	369	351	420	367	388	394	366	384	413	458	410	436	412	462	464	468	475	442	422	471	482	473	420	292	250	280	325	270	316	381	407	439	480	467	427	540	513	445	481	484	491	513	519	518	503	518	524	511	494	517	534	586	559	451	405	304	339	356	297	344
472	497	502	480	482	492	493	497	509	498	512	529	519	459	501	495	416	365	388	394	405	365	298	281	262	301	288	231	220	197	192	189	208	238	349	300	242	222	270	253	223	282	300	323	473	503	422	327	291	219	235	272	270	290	413	263	331	293	347	347	304	316	269	298	351	398	351	409	367	429	387	447	470	485	451	481	478	452	465	507	465	413	399	289	258	297	411	391	340	340	340	420	448	432	433	532	509	471	479	503	521	533	526	513	503	501	515	515	512	516	535	552	597	542	514	393	394	386	326	332
477	513	547	522	511	486	485	489	506	479	492	503	505	426	373	391	408	410	308	324	358	378	230	227	298	242	187	262	350	286	202	214	228	229	227	345	299	216	287	296	277	280	281	298	438	469	456	347	344	303	250	378	280	236	256	251	230	261	324	302	285	285	311	287	340	406	330	315	290	295	280	317	391	326	318	457	476	460	470	500	462	390	342	352	351	419	471	443	378	305	359	387	318	411	478	523	465	493	505	508	538	569	532	519	505	504	527	518	504	521	533	555	554	541	505	459	465	457	430	461
481	498	555	535	512	506	474	503	509	502	481	506	450	374	333	344	390	483	371	310	316	347	296	310	358	329	265	262	274	262	229	255	287	273	268	346	321	258	296	328	279	302	240	254	328	367	355	274	258	213	241	310	322	241	261	296	320	272	354	441	408	398	489	471	407	395	397	315	266	322	335	335	357	364	439	451	484	508	459	409	434	432	361	417	419	452	480	464	450	436	462	471	452	502	578	493	463	484	505	512	519	508	471	496	497	461	473	382	385	459	439	468	515	515	483	405	367	378	287	328
492	489	522	525	489	468	478	509	497	479	438	472	455	428	330	402	391	441	347	308	336	354	406	399	287	239	241	242	262	269	251	270	272	273	282	297	256	243	245	351	370	397	305	259	340	348	336	283	249	214	236	345	279	255	256	328	304	298	347	436	423	441	457	428	401	349	326	311	273	325	346	332	378	415	453	482	480	458	431	432	472	489	459	437	452	457	469	468	455	470	488	506	517	601	548	456	500	502	515	520	521	470	440	469	503	452	420	399	419	407	422	462	470	426	430	399	323	340	336	308
484	537	539	519	486	494	509	511	492	493	503	503	427	367	382	429	399	435	364	314	338	338	440	421	270	216	166	191	232	288	314	321	303	324	321	321	312	265	291	312	347	402	408	281	289	317	326	286	302	275	262	261	301	247	281	355	388	320	338	416	437	464	461	404	426	366	339	282	236	255	294	304	326	338	440	459	477	463	427	470	488	553	507	472	452	463	464	444	479	480	533	507	506	589	563	493	501	491	479	510	517	479	490	485	490	415	415	399	366	373	346	424	395	448	380	346	323	314	247	243
381	464	504	491	473	479	512	513	493	441	459	436	432	358	427	364	337	309	331	268	266	259	290	391	394	358	266	194	234	254	310	377	366	351	388	348	365	315	332	404	376	409	394	262	291	286	313	318	280	314	263	287	289	247	257	333	323	313	355	376	396	408	340	368	391	403	367	290	313	388	357	374	381	342	342	457	493	521	481	473	494	543	500	481	473	477	484	471	490	545	570	528	512	547	538	522	524	508	501	425	510	518	485	429	407	408	406	367	328	345	315	390	377	404	406	333	320	366	334	336
519	513	542	533	535	546	529	500	509	498	439	350	380	414	374	384	364	351	330	279	261	243	247	278	312	299	298	219	222	275	311	291	270	255	269	233	234	234	256	301	320	267	261	238	275	281	272	260	252	332	304	318	292	259	221	286	273	357	404	396	402	414	308	338	428	430	401	371	377	455	427	464	464	424	419	464	480	494	496	479	497	495	554	537	546	525	496	486	501	547	564	553	524	571	576	574	584	544	525	461	470	504	430	404	392	400	336	352	340	338	330	373	387	406	372	332	301	390	414	305
495	522	546	534	511	526	539	550	510	507	462	426	436	404	368	368	334	326	329	305	270	269	279	278	348	300	297	277	281	348	373	348	336	277	237	207	190	213	254	283	307	271	248	207	255	259	267	282	259	275	263	251	291	279	284	304	375	375	379	385	461	368	271	343	443	425	363	365	422	451	456	489	470	449	410	430	480	486	505	500	501	501	506	506	571	512	492	496	498	507	516	526	518	569	567	547	540	535	533	486	425	461	396	418	337	301	321	350	353	396	355	413	354	334	369	391	384	315	364	312
453	552	528	533	598	567	537	615	512	508	500	416	450	464	410	368	352	337	355	329	247	247	254	242	267	281	319	326	313	316	388	334	346	304	281	251	209	229	245	307	265	258	226	188	170	228	251	272	267	250	271	266	284	321	345	382	398	403	422	406	482	471	422	419	400	377	382	396	456	463	461	467	474	460	381	412	448	467	480	492	502	510	475	520	490	503	506	501	504	511	528	533	566	558	553	545	564	539	542	510	442	459	465	453	363	340	340	359	352	358	392	439	417	352	390	398	439	324	308	293
442	441	524	542	581	645	604	569	513	494	474	383	403	414	386	394	385	402	394	359	294	302	238	247	274	336	407	385	350	296	346	310	300	297	311	296	311	271	300	365	307	283	233	189	185	185	207	215	265	294	353	336	351	338	362	410	409	411	392	393	513	504	452	415	399	392	393	399	459	457	455	455	458	443	398	407	400	430	482	497	506	540	505	508	519	512	585	510	510	518	562	552	530	579	591	555	559	563	602	578	506	472	462	389	413	361	426	373	374	478	408	436	424	388	356	398	393	341	342	294
448	450	546	559	587	704	658	660	639	543	505	495	486	404	410	470	437	450	401	371	327	353	258	279	270	295	407	302	286	306	301	319	314	287	325	330	310	335	334	395	399	268	233	303	285	237	230	247	327	322	388	379	407	412	401	428	396	323	410	381	396	477	412	394	420	402	371	397	424	426	519	404	361	399	431	436	350	402	457	496	500	535	499	498	580	508	584	538	513	536	616	583	570	672	685	574	531	616	600	599	609	512	481	398	366	445	427	322	333	447	389	434	419	402	399	447	409	366	326	299
451	456	447	502	558	570	545	593	626	580	506	506	483	456	415	472	472	451	402	375	339	317	271	256	284	309	298	218	232	286	365	351	310	264	288	344	358	374	349	403	344	309	330	321	329	302	281	272	335	301	355	340	367	461	406	377	372	349	385	417	475	515	432	454	490	423	365	390	415	441	468	394	405	459	431	442	381	350	425	495	441	460	500	491	501	499	495	465	500	532	515	537	528	578	576	547	503	516	628	618	578	580	503	436	397	477	358	316	318	361	355	410	442	444	443	447	425	369	343	367
395	469	493	502	545	516	493	497	473	497	493	507	482	486	442	484	450	436	426	435	439	353	320	260	284	350	301	189	221	273	280	329	320	287	267	335	357	366	374	397	413	373	382	343	343	329	325	317	279	299	313	290	332	387	387	398	369	375	497	418	437	501	476	408	457	396	388	386	396	405	417	386	439	378	394	432	468	457	438	490	467	497	503	520	565	491	522	476	513	538	585	532	511	517	528	561	546	498	606	619	549	588	490	483	420	361	368	330	305	334	329	360	353	387	414	458	422	384	400	349
368	410	513	452	445	428	417	414	405	409	473	477	434	464	459	477	450	491	465	458	425	308	310	289	231	237	342	247	260	295	298	325	308	309	281	314	378	375	330	383	413	376	324	308	338	323	335	334	333	382	364	360	382	392	421	478	546	440	394	359	401	478	417	384	421	408	368	426	411	352	401	440	462	458	400	466	424	440	445	499	544	515	603	647	577	500	507	495	482	502	505	498	514	500	496	504	503	536	565	499	507	497	482	418	395	365	357	302	274	307	300	368	338	334	363	412	356	348	373	329
372	345	384	368	360	472	477	384	403	485	490	432	435	396	409	449	457	526	508	473	403	296	314	223	223	210	288	253	313	319	296	318	296	358	317	382	314	264	304	344	359	315	256	360	392	439	435	423	410	423	478	399	454	477	428	419	458	462	377	338	389	328	362	332	405	395	365	411	360	376	367	454	498	502	489	466	434	435	380	389	480	476	596	557	519	458	371	430	413	437	413	382	492	495	458	492	486	578	588	537	500	481	483	470	444	401	355	327	289	283	302	290	279	295	296	342	320	300	322	305
359	399	385	347	347	411	422	379	412	451	479	496	368	399	450	511	524	519	478	461	388	350	340	262	241	227	261	267	321	318	325	262	278	282	301	319	260	230	261	438	432	409	329	424	446	454	468	493	482	451	441	421	444	494	503	444	416	361	358	317	307	333	327	340	371	423	424	437	446	410	377	431	451	471	488	463	420	415	332	333	429	378	406	452	429	478	396	396	461	477	387	382	410	404	425	484	475	473	480	481	475	472	474	470	425	395	366	348	335	266	281	290	266	264	263	293	284	288	298	341
262	275	315	380	342	383	387	476	488	438	401	388	436	348	446	477	530	457	389	385	344	333	355	338	304	263	270	243	308	312	297	265	239	306	324	280	236	252	262	312	329	360	334	411	400	404	449	481	472	469	431	469	510	540	464	419	407	385	384	303	303	285	268	299	349	377	409	452	442	433	393	456	420	468	487	491	428	381	336	339	403	359	349	372	367	424	428	427	398	358	336	319	365	387	445	479	470	441	463	462	464	457	461	448	418	392	429	366	324	383	288	293	253	282	300	272	257	280	262	297
285	326	332	315	324	391	406	490	483	480	423	452	474	383	388	396	401	507	516	388	337	417	334	339	351	328	301	229	290	313	297	273	246	278	307	354	259	291	300	319	303	286	334	445	434	379	434	495	462	507	475	476	456	515	442	420	411	400	439	350	296	314	303	327	331	305	318	314	377	361	328	382	338	363	404	457	409	425	401	436	392	416	326	346	321	403	398	480	362	337	328	282	303	380	420	470	455	428	454	399	442	450	442	464	472	408	434	377	364	318	336	311	290	271	272	265	257	350	272	285
397	378	380	358	351	365	412	472	458	423	470	424	433	373	367	344	399	400	415	358	258	325	255	248	383	272	293	235	255	301	341	368	330	321	295	346	331	299	287	300	315	274	301	455	444	415	439	443	462	540	559	459	437	448	491	483	389	423	464	385	337	325	301	290	339	380	360	290	360	365	349	352	377	346	366	381	323	326	355	363	471	393	337	290	304	332	301	319	353	327	296	292	343	338	350	396	418	411	423	388	416	434	464	433	432	359	418	415	338	282	243	260	337	266	274	277	298	287	306	378
400	351	385	319	312	381	399	383	439	391	406	372	353	360	347	366	394	385	410	422	344	286	281	259	310	297	287	245	263	298	352	342	320	308	266	309	394	417	333	441	374	294	297	377	373	353	417	475	528	535	553	513	464	437	422	495	473	438	492	371	359	337	295	286	337	394	445	323	321	338	332	373	445	403	377	351	314	291	361	337	375	444	297	277	263	298	305	288	312	325	313	298	366	363	360	430	423	457	449	466	417	402	443	406	358	365	406	425	348	304	252	224	239	264	283	301	309	267	292	431
342	341	327	275	341	396	395	388	285	266	264	322	351	402	389	352	337	365	415	502	400	308	224	238	252	277	338	298	300	294	343	371	407	356	271	283	308	351	397	615	536	419	312	352	377	377	383	492	530	477	479	493	479	455	439	531	479	438	429	424	339	320	326	318	339	371	391	356	375	340	364	410	478	436	339	289	290	292	404	367	337	335	291	257	280	231	244	281	299	328	328	297	321	362	411	399	359	349	443	437	462	435	375	316	349	322	344	349	381	276	290	272	252	224	325	328	350	334	296	364
267	277	274	267	324	413	399	341	271	247	230	309	318	370	389	408	366	313	351	459	487	362	227	206	140	199	310	300	310	317	318	349	370	421	332	327	330	364	387	600	664	548	463	400	364	472	348	438	489	525	549	576	487	456	433	501	506	460	430	369	312	324	354	349	337	385	371	368	344	370	329	352	396	426	311	255	263	259	309	319	336	347	335	335	292	263	257	313	357	318	376	385	303	330	381	366	310	351	413	469	453	440	367	294	296	305	274	282	306	290	314	272	237	221	253	283	324	326	282	305
240	283	250	230	275	325	356	300	275	270	267	278	304	359	376	357	297	336	297	268	275	237	201	207	158	150	186	249	304	330	309	328	327	331	330	399	380	332	364	462	512	421	412	476	484	352	377	446	606	566	579	550	534	508	490	639	565	487	466	347	359	370	358	376	372	363	436	422	399	442	392	360	336	323	304	287	295	259	244	247	308	334	346	360	296	314	304	307	311	323	294	299	298	313	274	275	272	317	376	438	353	304	300	281	251	238	263	226	230	218	259	260	253	226	218	259	253	294	281	306
258	266	252	220	216	249	326	298	274	282	308	290	301	323	326	308	270	294	260	235	246	228	174	223	213	209	269	221	268	299	373	305	303	305	337	378	369	311	293	416	445	377	350	489	397	331	339	455	508	494	487	474	521	637	563	661	645	616	525	389	348	333	305	347	399	401	477	404	390	414	408	390	373	377	319	314	348	283	179	201	267	277	297	327	301	343	318	323	336	323	358	321	351	386	278	241	265	288	292	324	313	242	241	246	232	231	276	273	273	202	240	224	215	207	178	219	214	260	286	280
207	242	235	203	221	258	287	275	295	319	369	344	338	333	292	283	274	306	305	285	253	218	230	215	224	231	280	264	275	290	265	272	272	291	291	353	317	288	286	436	378	399	352	490	432	360	343	398	427	418	454	449	520	585	558	667	604	633	614	571	424	358	350	404	405	438	518	436	392	396	405	383	407	390	347	337	297	236	198	277	315	330	300	347	366	368	318	278	334	319	380	315	367	361	297	308	316	279	260	262	267	270	256	226	310	244	209	266	252	225	198	214	233	213	185	209	223	206	257	278
201	228	265	249	250	252	264	239	265	300	350	359	343	337	310	286	253	239	301	339	298	241	199	203	208	238	317	269	287	288	240	260	270	249	278	289	292	280	318	350	405	427	328	351	412	333	290	324	422	381	376	426	480	527	528	596	582	544	418	439	460	393	354	314	385	394	393	395	370	369	371	353	358	363	360	320	298	215	212	228	267	305	278	359	380	411	373	294	313	341	342	335	346	412	333	348	312	286	291	313	312	310	253	225	259	226	190	318	301	293	229	244	221	229	194	210	228	214	190	242
225	183	222	208	207	229	243	245	226	220	244	308	310	316	312	272	292	306	291	341	290	273	210	221	262	248	279	257	279	279	224	226	264	247	242	274	349	326	352	363	405	375	306	355	376	320	279	347	334	391	352	349	399	401	446	470	473	470	355	455	521	424	323	301	363	424	335	317	311	353	345	277	287	340	345	342	326	299	247	301	260	249	250	385	437	370	304	314	305	364	405	350	422	405	392	281	242	291	298	327	311	292	259	229	243	233	242	287	248	267	266	213	290	327	240	237	225	254	179	158
193	200	200	227	226	239	202	219	210	218	213	253	301	349	310	246	275	337	310	288	277	254	233	238	252	245	281	290	318	289	276	278	282	279	262	296	316	334	343	331	321	319	300	323	367	324	319	328	300	356	366	363	357	389	395	442	427	484	384	436	522	394	301	265	297	412	330	251	349	292	296	258	215	302	309	290	326	269	219	280	326	293	295	376	413	346	332	343	304	430	455	407	468	404	385	285	295	290	310	356	307	294	282	255	253	266	281	308	269	272	231	231	283	225	259	200	194	227	157	132
194	199	201	198	224	235	243	272	212	221	207	201	217	269	285	267	273	289	275	253	267	206	200	234	292	292	272	297	331	342	340	289	256	243	254	290	284	335	324	285	297	294	364	253	353	383	363	327	316	322	359	336	344	384	353	349	439	420	402	342	349	335	331	319	275	282	296	302	383	365	393	336	295	355	364	263	293	285	272	278	267	331	355	404	434	367	319	366	310	399	461	464	481	440	369	326	290	309	274	301	299	263	273	261	260	281	269	350	284	264	291	244	187	199	307	209	192	232	193	172
184	206	202	183	197	197	223	212	202	238	232	210	230	277	261	292	308	277	248	243	245	219	206	231	278	306	285	244	240	294	294	234	275	279	296	336	273	278	300	286	310	242	228	247	273	368	385	306	343	372	313	276	263	284	300	320	371	347	367	363	286	303	375	355	274	270	230	271	347	379	332	307	336	383	342	283	281	346	300	273	341	334	379	468	466	448	456	440	404	394	447	441	486	471	402	300	293	347	288	304	360	309	265	229	284	316	276	255	306	276	287	273	237	197	188	194	206	203	265	200
182	200	222	196	176	178	169	151	166	224	274	229	188	178	177	223	234	234	195	241	233	189	219	275	287	303	301	274	264	286	272	207	244	256	270	259	237	251	265	242	248	232	210	221	236	272	268	265	267	257	302	260	252	311	334	344	410	435	389	355	375	339	324	279	264	324	308	218	282	269	309	346	329	379	340	321	278	336	355	380	416	335	332	418	478	469	472	471	440	361	413	429	455	481	469	377	343	422	473	380	329	292	257	269	267	293	287	278	315	310	330	345	307	217	224	262	283	226	232	177
143	188	200	155	169	174	170	163	178	226	244	180	146	147	147	163	190	214	194	247	241	233	214	253	302	308	303	334	289	246	226	176	194	253	277	243	254	254	249	247	228	263	228	224	230	282	237	225	255	245	228	266	299	324	330	361	335	302	312	356	339	381	378	314	272	295	375	251	244	300	345	356	361	370	357	349	341	355	366	324	416	310	308	392	445	444	409	481	477	468	462	388	395	468	487	455	426	471	455	404	341	319	254	274	281	264	375	277	296	320	412	380	319	323	323	340	220	211	252	268
167	152	180	189	201	190	192	153	170	197	169	178	165	156	173	164	159	197	221	211	207	242	237	264	260	271	280	261	248	217	193	164	173	226	247	246	248	252	254	234	210	230	224	224	245	243	232	229	220	243	218	243	292	326	379	401	315	304	345	397	356	375	389	334	300	317	343	257	278	282	350	330	361	334	352	345	353	339	313	273	343	303	293	492	469	449	436	463	514	474	462	429	325	427	466	420	409	336	343	319	330	347	335	313	356	327	345	315	289	284	347	460	355	275	294	252	305	276	302	327
150	148	169	183	139	162	199	173	157	162	143	145	167	124	116	116	130	154	158	216	231	264	296	237	232	227	234	216	212	220	199	180	180	179	243	235	229	242	260	237	222	238	247	252	254	235	229	234	207	221	225	210	244	302	344	389	314	286	268	265	349	399	439	347	316	319	318	254	289	330	325	306	350	375	354	384	363	374	300	319	343	305	392	497	446	479	444	469	484	466	456	397	364	392	408	401	444	421	336	349	357	340	344	394	431	416	442	328	304	310	310	338	318	288	309	305	281	338	350	291
117	146	169	130	147	149	169	141	135	138	140	156	153	147	132	139	142	156	172	192	252	285	293	285	301	241	241	256	264	218	204	206	193	201	230	212	210	211	232	213	224	233	250	255	231	245	229	242	218	224	237	210	276	312	336	365	334	286	238	213	296	367	367	324	304	307	301	290	299	298	290	321	331	377	339	400	459	386	325	362	351	315	379	471	415	461	473	411	487	430	353	359	413	333	266	340	431	457	438	361	401	307	306	399	462	424	417	341	325	323	341	315	305	277	281	365	314	271	302	353
124	132	150	135	133	113	117	133	152	209	140	170	148	132	143	126	123	120	132	208	209	253	250	257	268	278	273	254	277	210	216	192	186	179	204	202	194	214	215	201	208	271	234	252	229	223	232	253	252	256	279	257	262	324	342	326	341	348	254	243	273	288	361	310	349	388	342	295	297	319	298	327	316	349	346	368	389	319	330	313	302	349	395	445	425	446	418	352	395	370	424	399	331	351	333	378	432	455	433	388	392	378	376	316	383	340	463	456	451	416	309	289	315	379	314	298	301	354	366	392
184	142	145	145	138	108	111	126	141	134	139	112	133	156	125	123	136	145	172	182	180	209	217	248	220	243	276	272	217	214	238	206	174	180	186	198	218	203	214	240	251	270	249	244	226	253	244	253	239	264	295	320	264	296	313	269	261	336	338	306	302	256	290	289	286	349	343	328	305	320	291	308	311	314	347	345	295	371	399	396	322	313	365	425	464	479	434	329	327	348	387	381	343	405	420	372	420	436	434	389	372	354	336	340	370	373	464	481	433	347	277	301	315	389	400	459	449	443	385	303
175	164	161	164	108	94	98.5	97.5	107	107	112	103	84.9	80.5	107	119	106	113	146	194	181	174	201	222	194	175	203	228	208	186	201	180	177	164	218	197	198	185	198	238	264	294	252	231	216	264	297	349	296	249	286	348	327	306	283	281	278	294	267	270	287	261	298	290	292	302	294	316	309	338	330	336	380	338	291	271	251	332	420	434	435	402	363	443	477	472	452	375	321	364	359	354	354	459	489	417	421	416	452	401	379	354	394	321	336	444	486	470	406	328	306	321	343	360	366	467	487	461	351	261
180	191	200	157	108	109	97.5	102	152	126	123	102	104	86	72.7	97.8	110	109	133	202	184	177	182	202	228	205	203	224	194	207	249	233	213	231	208	226	222	237	212	231	296	351	298	293	272	304	287	295	325	272	257	309	296	328	300	309	315	271	271	254	287	279	359	284	318	278	255	297	320	341	279	298	323	276	246	241	245	335	413	467	468	456	405	364	373	356	432	375	314	300	253	255	345	388	440	405	363	366	382	388	422	431	366	368	358	433	475	455	423	376	359	387	358	354	387	429	476	390	259	209
250	269	191	160	121	134	100	76.5	99.4	95.5	74	96	101	76.9	80.4	102	98.1	102	129	175	190	192	194	224	234	327	303	218	215	245	263	252	251	280	251	258	316	219	203	178	205	284	277	278	272	257	253	272	239	268	243	257	304	387	308	267	299	243	305	305	329	378	265	244	243	240	222	288	301	333	269	273	291	240	227	284	275	332	437	466	438	386	439	426	373	374	376	366	321	339	284	206	227	317	417	375	312	336	361	421	433	447	395	412	422	366	428	483	446	434	401	419	405	361	346	332	350	292	279	210
247	315	249	202	163	161	92.8	77.6	80.7	66.1	66.9	68.9	107	107	98.2	124	132	103	115	148	185	223	238	294	284	292	311	256	271	289	261	228	233	248	229	198	215	200	188	187	219	275	276	316	311	306	256	290	257	315	324	342	355	411	293	245	250	312	381	395	395	389	340	195	217	283	280	298	298	261	251	263	349	279	223	248	282	297	339	389	385	377	320	326	339	375	352	429	410	341	324	258	361	273	289	301	298	353	393	420	410	419	348	433	484	328	331	415	424	400	365	391	437	359	384	411	343	296	273	219
242	316	445	404	373	262	172	120	102	105	125	130	105	119	133	129	120	135	106	142	163	179	186	225	276	290	313	257	205	217	199	189	247	247	180	156	171	198	187	176	240	274	299	248	280	280	254	306	310	311	351	388	402	370	300	209	263	329	406	404	380	408	330	222	232	238	235	271	309	261	287	267	259	262	235	231	343	398	357	312	350	370	341	404	473	430	341	360	447	346	367	226	204	242	284	303	296	324	369	390	397	372	327	397	456	375	393	433	455	411	364	359	386	404	394	407	284	270	210	279
244	359	518	572	447	324	184	125	121	143	135	160	131	133	148	138	122	122	154	164	161	141	186	243	314	336	303	227	253	216	245	252	236	204	208	210	230	237	233	211	250	290	333	362	327	358	386	431	305	282	347	375	467	412	346	287	303	329	365	373	345	303	289	285	275	265	248	275	329	296	280	288	249	261	254	233	280	376	323	299	311	335	389	395	430	429	423	405	365	310	262	213	215	256	344	375	393	342	345	404	353	361	415	392	422	326	432	432	473	459	358	333	343	350	324	309	265	208	189	189
216	263	334	415	248	153	160	163	136	130	151	158	244	271	224	192	135	124	135	163	147	160	152	223	279	334	249	204	208	236	274	303	269	241	219	223	231	232	212	209	242	266	278	305	323	376	348	347	364	274	364	365	394	408	361	305	316	317	321	362	360	303	351	320	319	299	250	285	317	327	282	275	262	278	248	252	343	343	330	331	292	339	397	361	313	325	333	354	345	346	295	202	183	242	315	322	319	364	311	337	335	321	362	377	356	333	350	397	429	424	388	372	336	329	309	289	268	249	217	209
222	218	189	158	115	114	125	184	217	205	153	168	247	230	194	216	222	163	176	170	153	155	164	210	271	229	252	261	212	282	317	231	226	176	187	210	262	291	223	222	283	240	204	231	241	277	320	381	370	327	330	351	309	306	310	323	358	334	328	388	368	429	409	339	384	347	318	316	311	308	286	303	279	337	292	260	297	341	381	445	333	330	295	298	261	287	300	336	306	304	299	249	210	314	312	291	303	383	321	339	378	324	318	267	326	328	329	354	379	372	306	311	314	307	289	310	264	275	229	208
203	164	136	117	109	101	105	168	326	325	228	253	278	230	177	164	160	150	143	157	140	158	170	189	247	287	247	255	224	199	203	173	178	156	160	203	254	244	225	225	244	242	233	264	262	259	279	353	356	356	430	310	293	355	317	349	347	331	323	384	384	365	334	335	375	319	386	375	322	268	283	308	261	277	319	274	294	328	433	445	316	322	378	286	220	237	288	342	312	298	306	241	251	341	361	330	263	256	338	412	374	365	324	277	342	329	329	356	372	309	270	290	302	287	279	223	274	278	225	179
158	126	99.4	117	111	80.2	73.8	142	206	287	307	349	370	380	313	226	201	179	158	157	145	166	192	188	186	185	235	211	192	171	152	127	144	150	168	211	249	226	217	207	198	215	228	215	237	191	176	168	224	243	340	338	342	321	301	340	326	288	294	340	353	298	320	330	332	294	338	364	336	251	262	234	239	216	285	337	309	313	342	326	214	245	293	307	221	202	272	279	262	271	249	313	287	325	275	284	266	236	249	344	349	321	346	340	282	295	298	326	304	361	254	262	263	239	196	184	201	216	209	137
109	84.6	101	128	109	77.4	79.2	111	143	185	197	353	489	487	426	334	338	291	205	160	161	155	167	152	146	182	217	143	145	152	153	135	118	148	195	266	264	223	212	195	227	207	197	163	223	211	228	203	188	215	270	263	305	276	334	335	337	309	309	382	414	344	292	305	329	332	406	334	305	297	264	207	228	281	253	271	266	267	309	235	228	236	333	291	273	183	222	272	260	228	226	276	315	301	337	239	299	340	319	354	377	325	387	318	247	260	333	318	326	362	260	241	260	203	205	175	182	196	183	170
104	95.8	88	92.7	114	98.2	89.5	92.3	94.3	118	144	208	234	343	398	361	347	295	260	218	170	168	160	145	155	132	140	128	113	117	132	158	118	150	189	250	206	202	180	182	249	284	222	149	212	245	254	224	212	224	223	208	209	237	286	301	317	243	259	255	311	405	383	452	393	444	487	357	319	295	321	230	223	333	354	309	290	274	280	251	294	248	302	300	242	215	233	258	278	214	199	257	312	414	255	314	323	315	291	353	333	334	341	303	312	275	285	318	370	316	254	251	238	218	212	231	200	227	209	176
116	110	90.3	87	99.4	123	110	90.5	73.9	88.8	106	126	71.7	109	141	231	271	199	196	195	169	169	144	137	151	106	103	132	137	113	126	139	147	196	215	252	242	189	177	202	243	245	204	240	242	329	248	187	181	261	230	157	192	220	304	268	282	225	254	237	283	361	407	502	467	384	409	382	260	347	365	292	291	244	304	342	375	369	323	325	286	286	269	314	272	230	250	265	210	199	191	228	271	296	326	293	266	272	324	334	282	231	274	291	293	261	279	275	363	427	319	297	274	250	206	190	193	272	279	213
80.8	69.3	71.8	74.6	76.7	94.6	83.7	78.9	72.3	81.9	70.2	68.6	62.5	55.5	61.8	81.1	118	106	115	130	118	113	121	113	96.7	105	107	138	133	141	149	130	136	158	201	221	202	197	188	168	246	260	306	216	250	255	259	174	195	179	157	145	220	178	199	243	246	202	197	264	284	286	331	342	373	359	318	315	252	224	261	295	322	278	326	425	407	426	388	355	285	341	339	309	262	195	166	206	185	212	233	266	356	300	245	280	288	253	285	284	253	185	222	300	238	297	326	279	320	394	375	308	294	288	225	216	224	277	270	229
62.5	62.6	76.1	78.9	68.5	72	79.1	68.6	85	67.4	56	60.1	59.4	57.9	64.5	54.9	60.4	93.2	105	108	87.5	98.5	118	111	109	104	113	144	160	160	170	153	130	155	185	211	215	235	240	239	286	309	294	256	212	262	287	229	146	203	198	127	202	168	151	208	238	237	259	269	262	273	318	339	320	372	336	320	293	247	257	351	408	300	303	442	421	365	435	409	339	380	334	339	328	247	181	196	176	243	251	267	266	249	250	282	358	351	282	267	263	323	238	259	273	302	353	339	305	356	393	287	299	258	238	248	263	248	234	253
82.1	90.6	92.4	67.4	68.4	71.4	71.1	68.7	74.9	72.8	60.7	58.9	64.6	65.9	71	71.3	60.4	80.6	105	109	87.5	100	132	136	131	125	134	159	179	187	194	176	158	187	212	204	227	285	241	184	267	283	241	190	209	248	208	168	133	323	300	130	120	147	221	186	235	230	204	211	249	301	334	344	346	327	307	258	330	325	306	304	328	304	317	345	400	340	388	461	380	359	387	358	335	346	257	245	211	258	293	340	289	256	246	309	303	399	306	370	271	257	282	318	226	249	337	348	329	408	393	273	298	281	274	346	312	337	245	226
105	108	100	77.7	77.4	88.2	92.1	69.3	87.1	75.8	78.6	63.6	58.8	71.5	70.5	74.5	69.2	79.2	93.2	136	156	134	143	130	137	136	135	173	185	183	176	158	143	188	158	145	158	174	207	229	183	172	174	161	163	160	159	123	130	142	116	111	96.6	117	173	163	204	178	189	238	284	323	336	292	273	354	304	258	390	425	365	330	271	277	238	270	356	305	398	390	324	336	327	324	298	248	271	243	239	250	289	363	260	249	238	275	240	264	316	257	238	225	268	238	186	205	307	399	364	402	373	304	310	296	305	417	345	412	254	255
102	84	61.5	49.4	56.4	70.2	82.8	91.2	97	91.7	84.9	102	76.6	68.5	45.1	41.4	40.3	50.1	71.9	87.1	129	134	118	112	124	134	140	149	150	153	145	151	136	125	158	193	130	134	204	198	202	201	202	197	176	136	156	133	111	122	115	124	146	131	140	113	181	226	206	256	300	369	342	286	269	275	226	303	328	420	320	344	327	357	313	267	339	320	325	266	338	353	348	309	295	240	245	242	227	236	273	358	288	261	252	279	256	242	249	210	197	184	204	235	185	236	342	408	387	358	364	323	334	385	310	377	401	409	277	256
60.4	52.7	36.1	64.7	64.5	43.2	61.6	78.2	82.8	92.5	84.3	107	116	83.2	50.4	39.9	45	45.1	57.1	75.3	128	163	110	113	122	121	138	179	164	147	128	140	125	101	135	167	155	122	139	177	209	201	167	159	160	134	139	112	118	112	115	102	111	116	117	121	161	161	168	232	290	314	331	282	302	261	242	285	366	353	278	263	259	311	291	294	369	349	335	305	338	344	343	282	279	228	184	202	236	252	259	301	304	308	274	283	263	271	236	251	218	212	223	240	202	266	365	419	362	407	365	349	314	412	324	379	342	417	325	248
17.7	19.4	18.9	46.3	69.9	29	43.7	82.1	62.2	73.5	67	79.9	83.2	85.9	70.2	45	42.6	47.7	54.7	61.1	109	144	141	112	111	116	127	194	191	141	122	124	112	110	104	163	149	159	160	178	177	174	151	145	134	119	129	108	116	137	113	88.1	93.2	111	121	177	216	171	187	254	276	288	296	222	240	255	295	357	313	290	286	233	262	314	340	373	424	408	389	325	346	330	320	321	305	240	209	196	219	234	229	242	320	312	317	366	276	329	314	236	241	246	270	257	220	238	325	374	309	387	392	440	286	296	285	364	344	342	257	253
9.51	9.27	8.96	16.2	19.3	19.7	33.8	58.4	50.7	58	57.9	59.4	69.4	59.3	62.2	47	40.8	43.6	44.4	51.9	98.9	113	135	110	96.2	101	116	151	176	148	135	131	103	154	105	173	173	157	166	194	186	161	157	143	119	118	166	119	113	117	113	102	111	136	183	218	223	194	236	293	307	316	306	258	223	224	247	393	357	233	257	234	232	297	348	349	410	357	399	388	357	350	337	290	293	215	222	188	214	220	248	234	243	270	303	332	303	309	270	230	286	361	316	287	283	289	312	284	280	401	365	312	292	250	297	387	348	296	276	265
5.92	5.94	5.59	10.9	12.2	10.9	12.9	15.5	30.6	41.8	56.2	70.3	58.5	60.4	63.7	50.9	38.7	35	32.6	52	62.7	95.5	116	124	91.2	82.9	99.5	118	130	146	142	171	147	166	128	151	144	117	109	159	208	163	148	143	118	99.3	115	134	113	98.8	92.9	97	114	134	171	198	213	213	248	306	319	305	291	237	201	232	255	341	370	330	315	220	246	311	411	331	297	320	337	327	287	292	287	283	283	237	206	206	246	210	312	310	269	283	380	293	301	289	315	274	301	329	353	313	323	306	318	332	300	340	321	267	290	308	330	351	361	332	276	271
5.11	5.11	4.66	9.17	9.22	8.99	9.06	9.36	17.5	42.7	36.9	48.6	61	61.1	66	52.1	54.6	46.3	44	59.8	72.1	85.6	83	93.7	89.2	81.5	88.5	127	150	202	213	230	227	226	179	173	180	129	109	129	152	164	156	130	107	94.1	109	92.5	99.5	108	116	112	112	116	156	175	184	226	221	282	312	283	278	216	227	222	234	236	269	247	235	274	334	372	326	296	283	316	288	284	277	246	282	277	275	255	272	275	201	186	306	364	304	251	307	273	292	376	346	349	332	331	305	313	317	324	370	309	343	370	293	260	241	289	356	370	313	309	311	325
4.32	4.18	4.14	8.23	8.07	8.04	8.06	8.4	13.5	29.5	23.1	43.3	53.4	59.5	58.7	57.9	53.6	49.2	38	47.4	70.8	82.4	74.1	95.6	77	91.9	95.1	123	130	140	197	281	288	237	186	211	162	173	149	175	136	130	142	132	123	107	99	98.7	104	99.3	108	81.6	84.7	91.3	119	150	146	163	190	269	274	264	265	213	192	224	184	145	154	234	285	307	292	318	276	302	280	265	304	262	243	237	279	223	232	255	235	283	290	211	264	313	250	228	264	296	288	330	406	384	345	316	317	292	295	317	324	307	345	401	380	339	306	338	310	355	346	356	346	333
4.26	4.21	4.04	7.98	7.86	8.01	7.86	7.97	7.58	9.34	12.9	30.3	63.7	67.8	61.2	54.3	53	45.2	40	49.7	56.1	64.5	53.2	46.7	49.7	111	71.9	80.1	88.1	107	156	278	281	259	268	309	271	228	266	188	185	159	142	111	105	143	159	128	121	106	107	100	93.3	86.4	87.9	99.1	138	165	183	239	243	253	298	267	203	184	163	134	170	244	327	328	262	241	220	256	244	224	238	261	228	256	245	261	239	223	183	194	260	250	302	347	277	257	261	290	301	380	351	316	397	326	315	301	273	314	304	324	360	329	342	326	313	338	274	296	371	422	421	367
3.01	2.89	3.19	3.81	3.66	3.55	3.78	3.83	3.31	3.66	6.11	19.3	46.5	58.2	57.1	51.6	59.3	75.8	91.9	71.8	70	63.7	58.7	51.4	61.5	82.4	55.3	70.9	78.4	86.8	100	166	272	296	275	269	212	212	188	183	197	168	144	128	108	133	174	142	98.6	103	132	131	128	113	112	97.7	120	156	184	186	191	200	283	360	248	252	174	173	166	229	270	290	192	167	181	177	245	209	239	248	271	294	320	384	263	232	237	216	238	262	286	411	300	402	313	293	292	326	361	332	391	373	369	400	357	338	326	351	331	319	322	289	312	317	289	341	363	361	328	379
3.34	3.18	3.53	4.18	4.37	3.6	3.21	2.62	2.42	2.51	4.64	8.4	15.7	27.6	51.8	73.2	59.6	58.5	92	88.8	66	62	57.1	45.2	46	52.9	54.2	65.4	71.7	75.5	83.7	114	155	220	266	248	227	173	154	178	183	161	143	120	110	107	122	115	101	117	137	154	153	150	161	123	127	151	154	169	167	213	398	359	242	178	167	151	211	292	264	261	208	197	265	218	242	228	237	238	292	311	401	376	304	289	257	260	250	236	230	341	285	286	299	306	321	340	378	361	350	359	330	371	380	333	350	315	348	317	322	321	357	322	297	326	369	333	304	303
2.81	2.77	3.07	4.06	4.09	4.04	3.32	2.54	2.09	2.22	2.16	6.77	8.32	14.8	29.8	88.2	80.1	69.8	82.4	82.6	85	56.4	58.2	48.2	46	45.8	53.4	55.2	72.4	92	92.7	88.5	102	121	138	151	131	142	136	152	162	176	176	157	124	106	111	96.8	111	116	130	139	153	176	212	210	135	141	130	190	221	228	258	282	164	135	111	137	180	176	228	243	214	155	165	211	276	288	281	250	253	281	423	366	293	340	369	283	262	260	237	276	325	291	272	301	262	289	294	300	350	384	364	374	343	317	348	353	339	310	307	340	361	367	315	321	346	300	275	277
2.8	2.75	3.01	3.67	3.73	3.23	2.84	3.24	1.96	2.08	1.97	5.37	6.84	8.49	11.7	39.4	73.9	80.6	86.1	78.1	77.8	82.7	79.9	57	41.5	38.2	38.3	44.8	55.3	80.4	80.1	73.3	86.5	90.1	106	123	106	130	138	133	152	171	207	199	153	129	129	87.1	85.7	108	124	135	137	167	224	180	141	122	133	266	260	234	238	224	192	123	117	141	149	161	273	201	161	221	182	196	202	223	237	198	224	287	279	296	303	409	424	338	288	311	264	316	327	301	298	325	282	235	260	289	278	298	316	301	284	298	345	344	340	325	323	360	294	329	292	318	310	272	260	253
