242	277	303	383	414	386	341	324	313	423	528	418	375	398	458	417	302	338	432	439	438	477	465	458	384	375	381	415	395	447	461	506	537	458	482	478	456	421	497	504	510	633	521	448	436	359	340	342	324	253	218	237	216	228	237	307	368	433	434	407	382	370	391	411	380	390	418	421	396	448	450	409	408	432	421	429	379	380	388	386	395	406	410	465	519	416	440	195	226	228	257	311	309	356	377	419	402	409	392	419	369	314	322	348	403	360	375	425	389	419	437	446	412	367	322	323	277	275	295	234
343	450	478	462	457	444	362	330	419	470	517	428	399	450	414	451	408	389	481	475	471	484	480	430	424	403	372	418	428	413	431	397	446	540	508	497	424	445	482	495	497	499	491	412	412	356	340	336	308	240	207	173	173	177	158	137	231	393	418	375	401	321	278	304	312	346	363	370	382	435	427	403	388	400	391	398	380	366	387	407	407	421	480	524	568	535	540	549	435	536	553	352	409	389	399	389	383	408	382	416	395	381	375	443	511	454	390	404	344	343	437	436	372	369	348	376	313	322	285	222
450	535	522	506	501	487	432	364	472	505	560	370	397	471	362	427	413	420	428	469	416	438	414	381	391	438	476	480	497	495	455	413	452	503	432	361	369	332	382	378	422	444	403	349	334	329	296	252	266	253	273	280	245	178	150	150	242	396	425	393	392	383	382	368	338	383	385	396	395	431	423	422	410	426	412	412	390	377	388	423	430	441	494	535	574	644	639	678	600	541	517	443	471	435	378	385	363	430	442	493	456	431	399	477	544	525	468	440	401	375	385	393	346	350	421	386	379	370	352	269
521	529	517	510	488	497	522	445	447	452	503	394	449	471	349	332	298	313	334	347	380	410	359	405	396	463	474	487	501	499	479	465	493	420	408	299	271	263	311	297	321	349	282	270	269	300	313	283	291	322	349	358	250	198	207	192	362	392	402	350	428	421	433	326	342	366	412	463	446	458	453	427	417	432	452	434	400	404	434	453	454	463	490	535	575	615	710	750	664	570	571	498	512	524	452	388	408	442	498	456	417	417	424	528	536	571	518	526	500	439	417	389	379	368	390	442	426	386	388	340
542	512	517	509	487	505	539	510	486	506	476	461	449	387	401	411	329	251	255	339	300	322	449	440	467	470	481	480	514	485	480	504	496	340	304	284	264	245	274	232	231	233	209	233	288	307	324	311	350	348	341	318	258	272	267	214	309	400	321	312	340	441	414	385	383	420	439	481	489	489	472	456	450	439	440	426	402	409	444	479	460	466	476	526	556	576	593	654	769	683	691	445	468	485	432	394	425	422	469	441	429	393	438	508	497	509	512	565	557	508	431	458	460	451	463	467	410	365	384	347
543	569	565	542	552	534	539	509	531	474	453	498	505	489	463	442	460	472	424	386	339	382	502	489	472	505	509	531	562	505	426	431	474	407	345	312	264	214	233	206	212	225	197	248	280	292	299	304	333	358	359	341	316	297	314	271	283	355	396	256	269	378	419	428	427	454	449	502	511	532	485	474	452	437	415	395	359	387	427	449	425	416	433	517	553	581	602	632	670	719	813	389	488	478	477	430	441	448	522	513	476	466	466	531	478	503	519	564	612	584	513	506	528	473	495	496	431	436	434	367
527	573	631	599	663	564	505	426	429	377	381	400	487	448	477	503	499	500	424	326	418	480	475	540	497	495	509	638	542	504	392	366	378	412	380	291	244	210	200	213	232	246	237	248	275	293	297	323	344	360	355	344	307	301	289	257	289	358	422	295	328	445	435	463	487	503	498	536	540	569	535	515	485	464	428	363	360	372	419	421	416	433	430	498	537	566	604	646	655	663	675	451	429	430	488	442	444	377	391	468	461	476	473	507	504	498	497	527	513	485	481	499	490	466	477	501	457	449	361	320
533	557	615	587	628	554	548	448	416	400	393	411	462	480	490	505	523	492	394	360	403	454	413	507	508	491	526	607	542	523	423	329	276	327	342	260	205	166	173	183	207	170	164	265	272	290	293	347	392	404	375	308	318	319	292	274	338	395	428	439	447	488	484	528	525	542	544	559	545	541	536	533	529	510	484	428	371	402	367	377	405	429	440	505	541	556	598	661	704	657	696	507	374	457	476	409	417	359	327	370	402	405	403	475	494	512	542	504	499	467	490	475	443	395	377	462	361	381	326	296
469	528	556	533	577	578	560	507	472	405	425	394	401	489	602	623	498	504	459	411	409	387	436	479	506	502	492	494	496	543	451	421	379	412	363	271	197	140	153	171	181	204	215	285	317	334	329	370	409	438	386	327	322	329	310	312	385	431	460	495	484	488	508	516	543	558	558	568	547	545	528	541	531	520	529	500	410	456	384	422	406	430	444	501	491	543	577	636	691	687	684	478	500	428	457	400	404	363	330	363	367	380	376	454	517	488	463	454	436	437	454	399	391	355	344	380	337	357	302	276
439	448	474	463	554	524	500	396	482	401	373	358	403	484	488	480	493	502	500	474	428	399	482	495	491	485	412	493	500	494	472	450	503	493	388	318	188	165	150	176	176	183	224	298	308	314	339	371	409	442	397	356	341	381	379	360	362	419	424	489	495	520	564	557	557	567	606	585	580	556	534	562	544	544	551	527	471	451	406	420	364	338	378	396	415	505	506	575	585	608	621	583	575	531	563	516	429	394	341	337	391	407	480	512	575	517	464	496	534	469	480	402	385	341	405	391	377	407	302	290
486	433	461	423	440	493	468	462	485	497	428	354	385	476	489	464	466	472	485	452	378	368	501	498	482	484	381	498	503	430	442	397	502	492	465	353	320	291	190	183	184	199	203	278	280	293	337	402	410	427	426	414	388	457	469	448	427	435	451	469	481	512	568	625	562	566	550	589	588	574	549	591	584	564	566	526	501	447	402	370	357	345	326	380	468	470	447	533	580	572	579	592	556	506	603	487	485	433	377	364	402	385	484	453	466	442	429	478	481	485	513	486	442	360	359	381	332	330	328	302
474	431	467	437	375	405	393	450	441	432	471	476	362	431	434	476	447	427	455	452	459	351	445	462	474	366	295	441	486	501	447	459	484	439	408	314	295	274	255	214	219	268	259	290	289	293	310	402	425	413	424	435	450	476	515	481	439	461	476	494	511	559	574	601	562	593	598	599	580	571	540	579	587	595	560	533	502	458	411	325	309	337	324	383	406	431	429	483	516	542	547	559	536	540	423	362	393	458	394	332	408	424	347	352	340	347	386	432	425	463	462	451	513	440	382	396	377	420	406	358
399	354	458	495	502	376	377	419	403	369	434	429	359	362	421	437	422	435	474	475	424	365	450	455	473	327	369	481	450	492	463	473	431	466	370	358	310	338	279	285	270	257	288	330	338	313	329	398	404	411	427	444	475	511	486	506	466	483	516	508	511	508	511	572	563	608	726	665	593	581	543	552	583	590	588	516	505	457	432	340	306	352	358	364	384	423	404	412	447	469	528	546	541	533	354	296	351	360	420	419	441	355	309	283	262	242	286	327	358	394	367	372	446	417	388	394	351	390	401	363
420	380	392	391	446	369	391	411	376	378	445	324	307	324	324	436	555	608	509	454	457	375	465	555	413	376	514	496	496	485	453	366	317	361	333	280	291	309	335	356	377	339	318	317	333	308	364	399	388	420	424	439	477	491	468	464	470	489	543	558	547	511	545	588	598	612	622	619	592	576	556	545	549	542	568	503	481	420	376	330	287	258	236	325	382	351	324	370	428	490	437	502	459	522	350	299	322	376	414	396	458	345	339	308	260	273	267	306	313	340	339	317	381	410	415	454	390	324	297	312
394	384	379	377	395	355	425	456	365	355	351	285	337	402	323	425	451	480	474	328	332	344	498	617	542	595	583	486	489	476	395	273	238	323	269	299	288	313	376	361	418	374	379	368	323	313	359	410	366	364	390	422	463	462	460	468	454	470	518	591	580	570	578	600	630	576	557	562	567	574	566	570	528	523	530	496	464	467	501	391	330	287	259	334	398	454	441	433	397	389	369	440	383	488	355	252	255	317	355	388	382	349	299	287	254	275	275	296	284	285	273	278	315	344	399	411	362	298	288	303
323	367	420	410	406	401	464	457	341	381	316	273	388	424	332	359	439	478	439	464	578	636	570	539	675	605	707	474	489	436	349	308	278	247	251	280	344	443	412	333	315	350	342	407	414	422	465	415	386	373	418	434	451	442	468	536	479	473	491	556	564	554	579	575	612	578	553	552	557	566	576	582	548	542	510	475	507	487	447	388	356	337	369	401	404	447	438	455	462	433	377	405	388	373	485	292	284	319	324	333	302	342	308	239	241	240	297	311	291	290	300	308	297	312	306	290	307	279	253	222
339	385	406	376	398	463	449	430	401	369	301	275	314	406	435	430	436	401	415	482	642	768	730	510	499	430	356	384	423	315	276	330	287	244	245	247	303	398	438	380	337	365	447	428	447	485	444	416	392	386	429	470	455	433	460	476	489	479	490	510	510	570	534	553	547	540	542	538	545	557	559	554	537	528	513	475	451	487	506	433	413	339	360	404	395	419	422	459	478	483	438	449	439	455	498	329	345	384	327	280	323	264	266	226	225	225	248	343	340	334	327	248	241	265	252	281	279	246	200	177
366	373	432	441	435	484	465	446	400	426	385	392	385	416	434	428	412	417	466	481	623	664	618	510	511	432	400	413	414	340	307	256	340	292	255	285	357	499	488	449	468	465	471	465	473	483	466	410	385	382	378	374	385	405	465	496	505	534	563	531	572	676	565	523	512	519	546	487	480	480	497	503	482	454	443	411	435	523	514	442	424	364	356	405	362	353	397	369	397	428	455	495	512	571	496	491	424	446	362	376	351	346	290	196	231	261	297	350	381	428	340	243	235	279	252	262	252	194	159	118
328	417	474	396	358	409	483	417	353	395	449	487	479	463	414	307	342	504	456	466	507	509	524	509	475	415	490	465	435	380	380	295	319	323	292	400	467	566	594	483	471	470	468	455	466	464	438	415	409	366	391	352	380	424	424	468	524	517	553	547	535	596	554	559	595	542	570	512	504	481	508	496	437	450	473	443	448	494	475	459	406	377	387	418	364	338	351	373	397	424	474	564	595	596	493	475	471	393	350	356	352	314	318	281	318	259	299	322	352	341	306	254	242	281	263	238	189	154	151	133
342	437	451	408	375	375	371	320	306	323	441	458	446	446	453	394	427	430	367	432	543	555	500	470	420	477	506	476	448	401	341	326	350	314	334	491	503	539	555	523	492	476	460	418	385	381	440	427	444	366	395	379	436	499	490	475	490	503	498	508	511	521	515	580	635	591	579	572	512	516	537	513	449	409	430	439	452	463	457	434	362	335	360	441	382	348	348	414	399	370	379	451	488	487	485	466	479	457	396	439	430	410	382	350	366	342	322	304	330	316	322	262	226	246	233	207	207	184	199	180
345	493	486	395	352	316	299	275	315	353	382	413	409	441	429	349	341	340	417	436	416	445	470	424	454	438	437	420	411	362	349	367	341	308	339	487	499	501	491	460	479	491	510	379	347	390	417	443	460	417	415	437	476	480	539	481	483	511	561	500	504	529	510	522	583	518	501	514	528	527	500	501	422	336	372	385	364	383	403	435	364	301	278	410	423	392	369	400	392	398	383	485	480	463	470	481	492	527	547	442	442	323	363	441	466	440	391	325	305	295	302	292	287	293	274	193	189	184	199	190
388	377	458	321	328	400	360	366	355	342	416	335	357	409	416	349	364	374	447	495	459	439	421	483	452	406	397	384	441	403	356	382	379	338	392	505	504	495	486	486	528	495	521	422	466	404	440	404	445	370	386	406	422	424	489	494	500	542	534	503	505	507	507	550	510	494	494	480	487	562	475	489	413	351	313	355	333	321	362	376	369	350	382	409	498	438	426	450	380	372	433	484	486	480	439	468	469	551	560	442	390	307	321	368	406	421	401	389	370	348	338	298	303	272	250	198	198	213	215	196
335	337	406	407	306	394	337	320	337	313	447	373	338	397	397	342	397	364	399	481	449	463	367	441	396	450	471	429	384	388	368	365	329	330	418	499	502	508	503	485	473	476	533	478	477	469	475	398	355	351	320	339	360	429	443	494	499	520	491	480	500	506	503	517	512	480	463	469	465	472	438	442	374	333	294	268	242	257	295	357	333	401	367	443	591	459	445	451	404	405	384	474	501	550	521	552	522	572	597	461	413	370	375	406	400	402	395	394	390	399	363	246	259	256	191	173	144	150	171	156
337	327	399	419	319	322	341	414	383	355	333	374	334	370	379	375	462	454	270	364	434	419	364	403	369	461	435	423	412	337	323	400	336	350	457	505	504	493	453	477	478	476	477	461	466	473	473	350	315	293	302	311	336	336	399	463	445	471	491	489	490	474	476	483	491	472	465	427	355	354	393	395	322	281	275	234	221	248	264	274	271	348	337	398	443	465	584	476	434	413	431	479	487	537	555	542	538	502	494	449	411	401	429	416	418	437	438	423	446	409	340	285	253	199	191	156	160	142	186	149
319	383	427	389	337	395	465	481	462	430	367	355	373	362	327	312	311	429	251	301	414	453	364	381	392	399	383	396	383	387	310	343	377	418	469	504	467	457	438	444	421	443	456	431	426	443	373	292	308	307	277	249	359	371	388	485	436	442	480	477	460	425	429	399	426	457	487	352	296	286	301	293	290	257	274	288	203	235	283	311	335	270	375	388	444	542	559	448	453	472	491	546	596	634	633	553	543	467	469	497	438	444	438	431	467	473	473	455	472	443	435	465	268	207	177	157	150	172	159	174
395	366	348	364	404	431	422	467	428	381	449	417	368	380	448	388	375	379	290	300	349	378	351	398	403	436	397	421	395	417	397	437	459	456	481	495	443	466	461	458	439	404	449	422	447	353	290	274	288	261	263	230	290	320	361	353	372	357	446	415	472	423	416	339	377	448	436	293	307	377	317	285	316	264	250	252	234	276	260	255	279	253	334	427	443	466	474	419	458	555	507	569	624	647	951	668	633	512	438	466	439	441	464	471	466	443	437	477	515	483	483	463	434	361	364	307	297	302	315	118
368	317	321	296	297	318	367	393	426	429	478	474	412	327	415	324	290	300	257	261	294	408	373	373	380	373	358	341	333	387	410	446	454	455	452	497	426	470	485	449	476	429	430	421	440	312	249	251	294	281	274	272	320	327	327	311	324	352	326	327	390	412	360	269	350	368	309	262	299	340	310	269	290	228	247	293	304	224	214	212	233	243	287	316	435	455	408	410	427	468	523	511	628	644	897	714	712	703	617	480	463	525	531	456	422	412	435	494	551	490	487	503	502	481	476	353	318	318	324	151
337	286	260	260	223	241	326	326	428	444	480	499	473	297	281	233	166	199	262	276	283	345	352	366	317	299	299	280	315	389	375	428	448	451	452	513	474	497	501	446	445	469	447	412	427	377	293	262	287	303	257	251	300	334	258	242	264	314	361	391	389	313	285	256	328	295	256	253	293	294	289	255	258	205	211	241	236	221	191	189	195	249	297	287	258	239	279	382	449	425	479	489	504	606	811	656	673	718	774	567	579	535	518	433	396	411	421	475	479	500	497	486	514	505	495	448	392	338	334	189
277	226	239	322	235	206	242	295	357	410	468	462	453	333	247	268	225	252	296	257	297	332	322	333	302	293	303	290	311	386	405	436	444	449	481	546	499	457	443	454	463	451	394	324	329	342	315	267	292	277	267	257	259	274	335	341	318	362	397	367	379	313	328	305	278	259	270	260	317	339	220	221	195	184	178	158	211	244	167	138	211	244	274	257	238	205	252	450	465	436	451	484	487	560	663	631	626	707	610	621	553	494	469	463	477	469	431	481	473	475	482	511	525	478	480	486	464	406	423	258
279	260	245	261	264	305	304	361	441	399	435	451	399	293	273	252	366	423	343	269	306	364	329	344	282	292	274	322	337	375	347	367	400	367	425	436	368	336	339	364	406	418	359	339	291	273	264	296	322	290	299	240	303	276	316	371	335	360	412	368	352	322	352	315	301	300	298	306	396	351	276	298	269	229	228	213	248	237	174	173	212	214	287	277	261	226	313	280	333	375	391	445	411	476	516	558	502	496	483	422	458	462	479	432	416	447	427	408	431	461	443	464	466	437	420	423	453	416	410	353
265	276	270	229	257	314	413	418	437	430	418	374	306	283	303	315	343	413	355	366	414	352	266	272	266	308	327	280	255	299	280	315	311	294	338	418	381	355	367	391	472	414	337	296	266	229	260	295	332	271	275	347	359	329	267	332	315	301	303	336	278	293	328	330	327	293	316	310	300	311	286	329	297	276	235	222	222	216	207	201	216	184	227	241	251	214	208	269	286	326	372	499	426	408	387	423	426	442	428	431	502	377	396	404	375	410	446	394	399	400	417	408	423	463	454	409	460	431	442	482
262	244	259	267	291	333	390	392	427	424	407	381	308	293	272	254	286	319	277	264	384	313	288	320	300	334	353	316	248	242	277	269	292	259	280	366	382	337	357	341	340	366	323	338	317	278	263	302	315	280	237	295	322	298	330	298	286	264	258	274	287	269	306	341	316	315	332	353	322	291	257	264	255	267	231	196	169	188	241	195	205	244	276	281	255	186	188	242	304	325	352	454	414	383	404	397	410	416	442	426	438	349	349	369	384	375	350	363	381	411	370	361	372	415	423	412	450	485	484	496
235	223	241	273	277	336	368	429	450	433	434	444	392	364	286	256	202	224	230	249	317	295	343	359	371	378	370	361	306	297	326	283	269	244	263	270	360	323	298	287	309	332	364	364	361	389	320	300	331	274	248	250	278	244	291	279	286	207	242	259	286	285	316	364	359	388	390	342	326	306	349	315	254	275	237	277	230	194	201	205	240	221	265	333	223	195	212	247	278	320	357	393	390	401	429	405	398	361	424	351	333	335	297	277	285	292	276	337	371	358	321	354	353	375	384	379	411	464	489	441
215	223	238	265	242	267	338	429	427	429	433	393	340	305	289	286	263	301	344	351	361	368	357	305	298	290	326	348	297	285	314	283	221	240	238	220	241	274	242	266	275	322	367	333	393	363	325	309	313	243	225	244	277	259	229	244	264	218	219	208	258	326	318	398	385	399	405	354	355	350	351	342	292	261	255	274	249	218	176	191	204	206	211	201	188	212	227	288	276	285	341	322	348	337	394	348	339	288	254	278	283	256	224	195	147	129	167	219	229	246	269	283	271	312	356	376	375	391	400	396
229	210	232	251	254	276	328	380	363	389	428	381	345	332	322	301	263	292	324	342	354	410	392	373	332	301	327	340	315	302	331	269	249	250	236	231	219	257	239	243	248	273	304	324	325	364	338	294	284	237	246	272	248	279	253	251	215	201	192	247	267	263	306	301	314	347	358	320	363	375	384	327	312	292	249	288	260	228	184	170	173	186	184	182	175	186	230	244	244	284	292	288	312	274	259	264	264	251	224	238	257	258	235	154	122	112	128	153	195	232	269	267	265	286	302	358	377	376	376	339
214	237	212	270	306	259	292	319	333	342	418	429	393	361	384	311	301	296	335	323	319	400	417	430	371	309	326	369	329	330	414	301	288	258	268	333	285	290	280	248	254	270	294	335	298	327	341	360	257	235	288	243	277	336	337	299	266	240	243	228	263	245	315	318	331	385	304	312	326	327	292	308	311	289	298	323	334	285	240	185	175	180	181	186	207	195	191	197	222	210	235	241	299	267	227	218	239	224	218	247	227	207	201	176	135	158	149	149	263	199	248	256	275	278	276	329	354	342	291	270
242	262	233	288	371	312	318	374	328	322	344	361	362	379	339	314	324	287	398	349	299	369	439	422	398	370	380	319	303	354	387	403	300	281	317	332	319	340	300	268	320	311	313	327	296	291	266	284	243	236	297	413	427	389	352	306	267	315	333	281	249	241	248	315	355	321	349	349	347	298	324	353	306	276	285	289	298	273	226	195	183	219	193	218	248	208	154	160	156	193	247	219	239	240	223	191	224	236	202	217	231	193	187	138	172	192	193	172	185	189	217	224	261	259	294	306	310	275	234	218
304	288	296	281	372	378	353	336	321	412	385	384	418	425	389	352	353	342	432	365	326	281	327	357	377	311	297	291	289	317	386	374	297	270	309	292	282	260	271	319	328	281	297	326	326	275	256	231	238	244	249	278	346	312	300	338	293	337	325	267	245	216	253	229	218	250	259	286	238	234	273	368	393	282	296	288	212	245	215	216	181	221	197	203	256	199	159	169	156	179	187	173	204	170	186	152	160	185	160	154	157	152	127	108	84.5	113	134	144	140	147	167	215	219	238	261	299	268	231	207	167
274	321	306	311	333	361	321	306	305	332	409	388	444	440	443	416	402	369	380	328	298	290	238	278	299	236	237	258	263	267	307	320	305	298	297	247	251	284	247	273	259	250	276	291	293	277	248	235	228	232	223	253	301	272	237	307	341	299	305	230	244	221	282	243	219	219	233	232	210	234	327	297	307	235	211	238	193	172	184	195	171	176	163	169	215	184	155	130	133	158	142	149	160	166	161	132	120	133	124	126	114	117	100	85.4	60.3	61.9	140	150	131	143	146	165	179	264	273	249	217	201	180	159
188	266	268	265	279	320	319	274	329	369	379	397	453	457	457	434	386	368	366	286	283	292	265	244	274	228	231	274	222	230	294	286	262	287	249	250	264	301	233	243	253	274	275	261	276	305	265	211	206	213	223	248	256	295	256	305	320	237	288	226	232	269	289	318	230	186	193	206	208	225	207	206	203	200	204	196	177	197	130	145	152	179	148	145	155	153	153	154	149	157	149	145	139	149	137	133	123	117	129	127	113	109	100	118	66.7	63.7	98.6	109	107	127	129	159	161	236	208	197	191	169	163	156
225	240	222	257	289	342	333	265	296	355	415	343	375	439	461	440	342	311	307	258	218	280	278	236	287	322	304	251	201	203	296	261	208	212	218	254	241	236	232	268	276	279	263	273	248	286	234	201	232	221	222	233	262	301	320	274	223	264	308	285	266	323	414	330	276	217	207	198	182	176	223	211	176	170	185	187	175	148	177	134	153	185	174	161	159	176	170	145	145	159	151	145	118	137	137	136	128	108	97.3	111	99.2	94.4	106	114	67.7	62.2	59.6	73.8	87.2	104	107	140	137	153	155	146	142	143	136	150
239	299	216	196	222	295	316	309	400	436	381	350	359	415	439	373	300	262	273	267	220	253	261	244	251	310	281	225	179	185	220	193	166	150	204	169	208	237	233	287	274	262	239	281	264	231	220	219	231	230	233	261	267	283	273	199	181	234	307	269	297	272	298	238	201	162	176	213	182	169	157	196	177	157	141	161	153	146	124	77.4	110	138	149	192	181	157	176	206	157	140	136	137	112	153	115	131	105	67.5	76.3	111	130	93.3	124	118	87.5	56.8	45.8	40.2	73	81.7	66	103	118	99.1	106	132	129	138	138	176
203	204	187	206	213	227	254	230	281	319	368	330	358	424	420	385	277	250	322	257	221	244	255	228	239	243	229	234	213	191	162	160	160	187	149	170	201	188	196	254	233	208	189	237	250	221	228	245	238	239	267	246	205	203	175	212	191	225	223	179	205	222	194	163	198	177	169	177	175	155	152	195	185	168	138	212	146	121	131	118	178	144	152	227	182	180	169	164	152	118	122	164	120	107	110	107	114	88.2	104	94.9	133	113	132	138	129	96.3	60.3	46.6	60.1	81.1	51.9	99.5	88.9	74.2	79	112	115	125	124	145
247	224	227	224	159	168	220	224	275	333	395	348	363	403	409	317	241	236	284	232	205	224	249	150	209	183	180	186	170	172	184	176	232	253	204	175	169	172	188	212	191	184	182	232	227	204	226	226	209	193	206	221	210	170	154	147	162	236	185	150	142	171	158	90.9	145	149	132	172	161	157	143	162	160	169	143	177	149	160	178	167	175	157	166	176	194	193	174	154	123	124	89.3	112	106	96.2	123	117	83.4	66.6	86.6	99.3	147	113	87	123	180	122	88.5	81.5	58.6	56	73.7	96	97.6	85.8	92.7	112	93.8	93.2	110	115
155	233	242	264	169	177	222	228	245	331	368	320	366	358	367	278	238	199	224	224	185	198	180	101	134	142	134	144	180	181	178	181	206	213	192	191	202	167	173	187	184	168	182	219	226	191	181	194	190	216	206	217	238	235	209	239	119	150	167	135	176	152	118	102	109	130	123	148	147	127	141	163	153	169	162	209	165	162	188	184	149	136	135	261	177	226	195	164	188	116	92.9	88.4	73	94.8	101	72.2	64.8	78.6	105	149	111	95.2	98.7	96.8	152	118	122	101	65.5	59.2	55.1	76.9	84.8	80.9	88.9	117	99.5	84.3	95.3	101
148	158	175	206	227	165	197	198	267	270	278	381	394	405	335	230	210	118	125	155	149	161	121	84.9	128	129	143	118	135	163	139	145	133	126	118	172	185	167	152	164	124	129	197	177	182	191	168	188	182	211	162	190	233	187	186	175	119	98.1	127	121	184	124	97.4	90.8	85.9	142	139	116	108	84.9	93.7	133	149	164	142	123	127	174	210	232	208	155	219	232	212	183	161	181	208	132	70.3	73.2	94.9	89.7	69.2	62.3	78.1	106	177	163	131	138	125	86.6	87.7	98.6	95.2	77.2	65.4	57.8	71.3	108	116	122	79.3	129	159	152	87.8	88.5
120	149	158	205	164	186	227	231	326	237	236	312	323	306	298	207	161	125	120	116	107	130	129	112	131	142	177	133	136	114	110	129	110	115	116	141	146	142	131	147	125	132	148	163	208	223	207	226	218	226	190	146	160	136	132	153	111	134	123	90.1	93.3	87.5	87.9	103	119	109	144	150	115	69	85.1	116	151	157	135	141	93.7	177	180	194	195	163	198	192	211	195	171	145	140	168	79.2	75.7	82.3	64.5	59.1	52.2	67.6	93.5	132	154	128	131	110	75.8	62.9	74.8	65.1	62	53.7	52.7	54.1	115	100	75.8	84.9	114	115	139	94.2	73.2
116	157	231	178	151	157	216	221	208	255	237	287	306	299	250	202	193	185	122	118	92.6	110	115	138	149	137	183	131	242	105	105	95	112	102	118	124	151	180	139	158	130	124	123	130	172	185	207	215	227	264	220	176	158	129	135	112	106	127	130	139	129	89.4	84.6	68.3	81.1	85	104	115	130	92.4	97	155	140	136	175	144	83.6	90.1	119	118	117	134	158	156	212	176	106	101	88.6	99.7	110	75	60.1	50.4	68.3	55.8	71.3	86.2	119	106	81.4	124	111	77.8	61.6	58.5	61.3	55	51.7	52.6	46.6	110	73.3	65.4	99.8	169	127	103	98.2	68
147	151	199	148	168	195	176	175	176	222	225	220	243	268	185	173	296	260	179	133	122	110	79	66.8	95.6	151	174	114	165	135	95.4	88.3	114	126	157	150	151	156	127	165	148	111	89.6	119	133	139	178	193	197	191	150	165	184	144	132	124	113	135	119	114	164	164	78.7	59.1	81.4	68.9	54.4	72.6	132	63.4	65.6	110	92.6	95	98.9	131	78.6	66.7	94	107	110	112	185	149	153	130	111	54.1	55.1	137	120	63.1	42.7	39	68.4	57.6	50.9	55.5	68.3	75.6	77.2	110	101	67.1	45.4	52.9	53.1	55.5	52.2	49.1	59.7	67	56.5	72.5	112	97.5	98.3	97.4	109	58.2
126	148	156	134	147	152	169	186	171	176	165	166	193	175	169	171	239	268	219	178	139	114	82.6	86.3	117	146	158	129	107	80.3	112	83.7	91.3	129	138	139	161	180	153	144	150	116	103	127	136	111	113	108	115	88.2	88.2	114	109	137	93.2	99.5	116	111	95.2	96	142	153	105	93.1	55	52	48.4	97.5	98.8	79.2	92.9	121	111	95.2	89.8	89	77	87.8	110	126	109	121	119	179	188	172	88.1	45.5	41.1	56.9	45.5	79.7	33.4	51.7	72.5	60.6	60.8	68.7	83.2	93.7	101	135	145	84.6	69.9	95.6	89.3	78.9	62.2	49.3	56.2	61.4	50.4	78.4	69.6	75.8	79.3	141	111	44
142	156	152	149	134	130	137	165	185	196	160	178	175	170	167	145	160	155	139	156	124	145	129	157	124	142	145	95.7	74.5	93.2	83.3	88.2	86.8	98.7	128	142	162	153	148	119	119	113	127	142	109	106	110	103	93.4	66	82.4	111	182	135	178	215	138	117	85.8	80.5	123	158	141	79.9	94	93.5	71.2	88.1	103	94.7	98.5	105	117	132	100	123	96.2	103	144	123	158	132	111	171	169	131	145	107	71	60.5	45	40.4	35.5	52.9	49.3	60.4	60	80.6	117	102	99.6	110	122	73.6	68.6	66.7	66.4	71.6	53.8	49.1	55.3	35.4	40.6	73.7	56.5	84.4	70.2	90.6	88.5	65.6
134	147	137	166	157	148	156	171	198	195	140	152	148	176	244	172	123	125	113	106	130	175	146	134	121	98.8	114	94.2	68.1	94	71.9	80.2	147	175	155	152	146	138	118	126	114	99.2	137	163	142	121	110	120	142	156	144	163	208	182	210	175	135	95.5	118	106	204	142	110	142	103	117	100	64.3	122	77.7	92.4	109	105	125	106	78	93.1	125	164	150	137	123	101	113	114	178	203	144	125	82.9	129	77.5	61.7	96.9	79.8	65.6	64.1	75.8	114	96.5	96.6	126	94.7	59.2	71	59.5	53.1	49.9	40.2	52	50.3	43.3	36.6	35.9	33.6	36.4	49.7	82.8	88.2	48.4
115	122	138	125	147	150	165	147	152	146	130	155	183	177	189	143	116	143	124	157	250	214	214	168	140	62	80.6	91.7	81.2	79.2	71.6	94.8	115	164	164	136	140	125	96.4	120	117	97	96.4	110	113	109	135	239	139	99.4	119	179	177	177	132	112	107	94.3	74.4	87.4	161	84.4	89.1	204	101	104	103	98.3	102	63	87.9	119	113	96.5	76.5	85.7	58.5	80.3	118	102	68.2	60	59.3	70.6	98.7	137	143	139	103	107	82	116	112	113	74.1	69.3	84.4	91.7	103	130	108	87.8	52.5	57.9	56.4	46.6	43.1	33.8	31.6	33.8	36.4	39.6	30.6	26.3	25.2	30.7	44.8	44.9	39.1	47.8
106	104	91.1	112	135	145	153	117	128	128	128	128	161	153	140	123	148	203	183	153	187	162	204	149	107	95.6	82.3	83.5	116	101	88	84.2	68.9	95.6	135	120	138	128	91.9	85.3	88	85.1	77.5	70.8	71.7	69.2	78.1	91.4	82.2	68.4	155	124	138	131	66.1	95.4	114	87.2	70.3	70.9	87.7	59	64.8	68.7	59.6	62.7	79.7	92.3	49.5	51.1	175	68	69.9	99.2	93.5	74.7	78.7	52.3	89	45.8	29.8	40.2	7.73	53.5	175	132	124	161	93.1	62.5	48	76.6	75.6	65	67	68	96.7	106	119	111	108	74.6	54.2	81.5	62.7	42.2	37.7	32.2	29.8	29	27.2	32.4	30.2	27.5	26.7	45.5	48	47.2	32.5	44.7
117	107	96.3	101	130	137	95.3	82.6	97.7	133	107	92.2	97.9	114	103	117	128	123	136	148	131	175	200	149	128	157	127	83.1	115	171	137	170	101	82.8	87.9	117	134	114	83.2	82.6	76.3	78.9	74.5	50	59.6	66.8	63.5	60.4	55.7	77.7	132	170	137	114	65.2	75.8	85	87.7	83.2	80.4	92.2	60.6	44.3	44.2	47.7	58.8	98.7	69.5	75.4	47.1	117	52.1	68.7	83.9	117	154	205	126	110	82.5	49.4	52.2	35.7	28.7	48.2	125	93.8	85.9	47.3	42	36.2	55.3	59.2	38.8	45.9	55.4	75.7	81.9	79.7	90.1	92.6	71	48.6	83.9	58.5	58.5	35.1	33.3	25.8	22.6	20.9	24.5	22.8	22	22.5	26.9	35.8	38.7	28.2	32
99.6	97.8	100	102	104	104	77.5	77.8	84.5	105	98.3	118	122	124	147	117	80.5	106	106	88.1	111	138	166	135	100	143	163	103	132	141	167	114	156	97.2	84.5	119	127	103	104	90.7	85.7	63.6	71	46.3	52.6	55.7	61.7	56.1	62.5	57.9	85	142	93.6	70.1	89.4	62	80.8	59.4	72.3	68	98.6	65.8	53.2	57.5	47.1	57.6	66.5	99.5	73.3	50.2	88.9	60.6	49.7	62.4	81	130	222	122	112	116	102	90.1	41.4	29.6	31.6	18.7	28	56.6	40.3	44.4	30.7	58.6	50.2	44.5	47	45.8	45.2	53.2	56.8	64.6	70.7	52.9	37.8	52.4	47	31.5	26	25.4	18.7	21	19.6	17.4	17.8	17.3	19.9	21.9	30.4	44.4	36.8	28.9
97.3	102	101	85.9	85	69	58.4	81.6	80.4	78.8	85.2	95.8	94	111	152	107	81	130	118	97.6	109	108	105	122	90	124	153	72.9	68.4	109	78.2	66.9	109	64.4	103	112	91.3	108	104	109	91.7	64.9	68.7	60.2	50.4	56.5	55	27.6	54.6	59.8	65.1	79.6	102	88.1	52.1	59.2	54.9	40.7	47.4	41.6	58	74.8	78.6	60.1	57.2	77.3	53.3	76	74.2	76.1	91.7	54.2	64	52.1	67.9	109	180	179	107	99.8	123	71.1	48.3	51.2	36.8	31.4	27.2	44.8	56.1	44.8	44	59.8	45.8	45.7	41	48.2	34.6	34.1	34.9	34.2	31.9	25.6	22.2	24.3	21.8	20.7	17.5	16.1	16.2	14.8	14.4	14.1	13.7	15.6	28	41	34.4	37.6	35.5	35.9
126	144	134	101	69.5	71.4	38.2	100	111	90.6	106	119	80.1	73.9	83	83.4	124	123	91.7	79.6	93.4	79.8	73.1	85.3	98.1	75.9	73.7	74.3	91	59	64.9	49.1	58.6	62	72.3	80.7	62.7	86.5	97.6	89	87.3	70.1	58.7	57.6	56.1	53.2	61.7	61.4	48.2	72.5	122	128	65.3	64.5	31.9	34.6	32.1	24.1	24.9	31.9	59.6	50.3	59.5	55.2	39.5	33.3	27.7	36.7	28.9	30.7	40.1	48.7	33.3	29.6	39.1	44.6	47.3	56.8	41	40	53.7	45.4	24.3	44.5	39.3	43.5	57.5	35.9	58.3	41.9	30.5	35.5	30.9	45.4	37.9	46.9	39.4	45.6	32.7	24.7	21.3	19.1	17.7	14.3	18.9	12.5	11.5	6.96	6.47	5.57	8.22	8.78	8.46	12.2	31.5	35.2	32.1	32.7	35.1	41.9
92.3	112	125	106	86.4	87.8	93.7	99.4	121	112	98.1	106	118	128	123	88.9	102	159	124	96.1	99	86.3	63.5	55.3	63.6	79.8	93.4	74.6	86.2	65.5	63.4	47	56.4	46.8	48.9	56.8	61.3	70.5	77.5	68.5	74.6	62.2	58.7	53.6	63.3	54.1	53.7	40.8	40.7	51.9	97.7	52.5	42.4	35.3	20.7	16.5	31.4	16.4	20.9	44.7	30.9	27.6	15.6	12.2	24.1	10.2	11.5	10.6	16.9	19.5	22.1	17.7	16.1	21.8	20.7	30	31.7	10.8	16	14	14.7	14.6	14.3	17	18.6	24.7	33.8	56.8	27.6	25.1	51.6	54.5	28.4	28.7	48.9	52.1	54.6	45.6	39.5	31.3	18.7	16.6	15.7	13.7	13.6	11	9.49	8.41	5.53	4.9	4.58	6.02	6.17	9.69	23.2	21.7	30.2	37.1	35.6	35.2
98.9	114	150	129	94	74.1	51.4	83.6	84.5	112	119	104	126	118	89.9	75.5	76.4	104	116	120	99.4	76.1	68.6	68.3	56.8	60.9	65.1	59.7	53.5	47.4	57.4	47.7	62.3	48.4	47.4	46.8	58.8	56.5	70.7	51.1	46.2	46.8	51	51.2	46.5	43.7	41.5	14.4	32.7	34	65.9	50.5	44.1	25	18.2	19.7	13.2	15.1	38.1	28.2	10	6.51	7.13	5.54	7.33	6.82	9.44	15.4	8.56	3.34	6.28	14.2	17.9	15.1	13.7	12.7	18.7	9.22	6.9	12.1	6.37	13	11.3	12	27.1	25.7	27.9	29.9	23.1	14.9	23.5	36.2	42.3	32.3	52.3	44	41.5	48.7	30.7	25.9	19.7	14.8	13.3	16.4	13.7	10.9	8.52	4.26	3.45	4.19	4.01	4.79	5.15	5.76	8.58	13.5	18.6	27	35.4	39.3
106	94.9	117	159	192	85.5	71.9	99.7	87.2	92.5	104	116	83.7	112	103	96.1	81.9	79.6	98.4	82.5	71.3	66.5	53.6	51.6	54.5	66.7	54.7	47.9	43.8	43.8	50.4	25.1	63.6	58.2	72.8	48.7	57.3	45.2	59.8	40	43.1	54.3	63.2	50.1	47.7	43.4	39.9	24.3	23.5	27.9	35.8	25.6	24.7	4.47	15.2	11.1	7.64	6.58	17.8	13.9	10.7	7.06	0.173	3.43	2.56	3.19	5.69	12.7	10.3	9.12	6.56	3.75	5.74	6.72	10.9	11.1	7.19	5.28	8.26	9.06	5.08	2.17	11.5	23.4	39.8	44.4	49.9	83.1	53	31.4	24.4	48.4	38.2	29.3	22.9	28.2	24.1	30.4	24.5	25.3	22.7	17.9	13.5	10.6	8.98	8.3	10.2	12.8	3.17	2.92	3.69	4.82	5.71	6.65	8.17	11.4	13.4	17.7	28.1	27.6
153	115	117	153	193	146	133	127	65.3	66.8	73	89.8	70.9	74.6	93.7	71.8	58.8	51.3	56.4	60.8	57.5	59.5	45.3	50.7	55.8	51.2	41.4	46.4	41.6	44.5	45.9	38.1	58.8	46.1	30.8	24.9	29.6	26.3	66.9	12.2	15.4	64.2	46.7	26.4	18.3	13.1	17.8	36.5	22.9	27.9	26.8	14	11.4	25.3	3.85	14.8	13.5	11.4	9.18	8.93	9.5	5.57	5.3	1.67	0.578	0.788	3.2	10.6	3.69	2.88	3.52	2.06	1.23	1.14	2.48	1.65	1.22	5.85	2.84	6.67	5.45	11.8	2.8	2.44	15.6	33.9	35.1	22.3	22.5	32.6	4.67	9.97	19.4	2.38	2.29	15.7	12.2	13.3	18.3	9.91	10.9	12.2	14.9	17.9	22.4	13.7	16.1	12.5	8.95	4.78	3.26	4.81	5.01	5.33	5.98	7.7	8.94	9.58	11.8	12.3
133	126	100	139	155	182	161	93	83.8	62.9	45.8	35.8	66.2	104	102	100	84.2	43.1	33.6	44.8	42.8	46.8	51	55	53.4	51.6	44.9	46	43.4	43.9	46.2	45	32.8	26.5	29.4	27.4	24.7	27.9	29.6	7.35	6.12	33.9	36.4	37.9	25.7	14.1	6.51	11.5	5.81	7.76	14.7	10.9	9.66	35	23.1	32.2	23.1	4.29	0.454	17.1	17.2	3.95	1.64	0.498	0.621	0.764	0.927	2.02	1.04	1.07	1.02	2.1	1.24	1.59	1.05	0.59	3.18	1.56	0.434	11.1	7.15	3.93	2.1	1.77	0.133	2.15	5.62	7.73	14.2	6.41	2.39	7.16	1.94	3.57	16.3	10.6	9.81	15.7	11.4	8.11	7.9	15.2	21.6	11.8	28	17	28.9	18.7	25.8	17.7	7.99	4.37	4.19	4.37	4.76	5.94	6.45	6.63	6.62	7.28
133	116	105	146	155	138	122	73.1	101	77.8	77.4	53	84.6	93.2	141	102	107	90.8	73	91.4	52.1	52.4	46.1	48.4	47.6	50.5	54.9	58.6	46.8	43.9	43.4	29.3	34.3	48.7	39	53.2	31.6	34.5	34.8	7.39	9.9	27.9	33.1	14.5	15.8	10.1	9.99	8.53	4.89	4.28	9.88	32.7	17.3	22.9	11	7.65	8.01	3.33	0.924	3	2.38	0.216	0.278	0.611	0.733	0.87	1.02	0.972	1.09	1.12	1.06	1.3	1.22	1.14	0.986	2.04	2.15	0.561	0.844	0.395	0.59	1.71	2.53	0.0248	1.99	0.101	1.84	4.78	8.21	7.07	12.3	6.3	7.38	6.47	5.9	10.3	7.3	8.38	8.7	8.72	13.5	24.2	45.1	14.6	26.4	10.1	19.6	4.03	2.87	2.68	2.79	4.08	3.86	3.84	4.77	4.84	5.07	5.23	5.18	5.42
122	102	108	137	133	111	113	87.5	69.5	63.5	37.3	36.3	45.5	47.5	61.4	55.6	98.5	112	70.5	61	55	52.6	52.2	45.1	42.8	47.4	46.7	48.5	59.2	56.5	51.6	54	29.1	32.7	33	45.7	32.8	32.1	34.7	19.7	32.1	28.7	18.5	25.7	21.1	10.2	5.29	3.68	5.94	7.65	3.8	13	9.56	22.5	8.91	0.605	5.46	4.54	1.2	0.526	0.228	0.282	0.507	1.47	0.916	1.04	1.17	1.08	1.18	1.21	1.66	1.41	1.35	1.6	2.44	1.36	2.02	1.81	0.664	0.286	0.253	0.257	0.319	0.0834	0.022	3.92	0.382	2.28	4.98	5.81	10.3	3.53	2.86	6.86	5.97	6.04	7.82	6.92	9.36	25.9	27.4	31	40.8	35.7	21.1	6.79	17.6	5.02	2.56	2.73	2.44	3.45	3.54	3.64	3.75	4.67	4.57	4.62	5.41	8.33
127	106	73.7	68.2	61.9	107	96.8	111	64.4	53.9	39.3	42	47.5	65.3	67.7	44.7	40.1	34	35.8	43.1	42.6	39.2	38.4	39.9	40	42.5	40.8	43.1	45.8	46.2	65.3	49.3	39.1	38	31.5	33.2	19.9	25.8	23.3	72.3	62.8	46.2	33.2	20.3	13.2	8.5	2.89	11	4.39	7.1	5.02	2.32	4.98	13.2	5.14	0.965	3.79	0.642	2.05	0.119	0.0905	0.0956	0.128	2.6	1.88	0.946	1.04	1.14	1.23	1.24	1.19	1.54	1.45	1.34	1.8	3.08	11.2	3.62	2.98	1.11	1.07	1.25	1.18	0.357	0.111	0.677	2.81	1.23	0.963	0.826	0.77	0.918	2.35	1.43	2.16	7.7	28.6	29.4	12.1	20.4	16.3	18.4	22.8	35.4	9.98	11.5	4.34	4.59	1.83	1.73	1.95	3.69	3.91	4.03	4.06	8.67	3.73	3.7	3.62	2.83
136	135	94.5	70.6	118	122	108	136	69.5	41.7	57.3	54.8	68.3	53.2	55.1	67.7	75	41.5	34.4	48.1	43.9	40.8	55.6	45.1	38.8	41.5	39.2	43	47.1	45.4	51.1	55	45.3	45.8	29	22.6	17.7	18.6	16.2	13.2	39.4	61	64.5	16.9	4.63	7.03	2.36	13.1	2.64	4.33	4.51	1.58	3.41	3.37	4.12	2.66	0.819	0.762	2.18	2.88	3.89	3.65	0.133	2.03	3.68	3.13	1.15	1.24	1.32	1.33	2.29	1.64	1.56	1.44	1.29	1.64	2.73	1.41	0.49	1.49	1.01	0.297	0.359	3.13	2.25	0.157	0.0301	0.475	0.499	0.52	1.28	0.735	0.727	0.668	0.718	4.75	4.96	7.78	6.81	10.4	11.8	5.65	8.05	12.5	28.6	8.73	3.4	3.12	1.47	1.42	1.59	3.35	3.66	3.79	3.73	3.31	3.26	3.18	3.06	9.39
94.1	152	140	113	122	112	133	142	108	77.8	80.3	68.7	66.9	81.1	93.7	74.2	71	55.9	41.9	42	41.4	36.9	49	48.4	41.8	38.5	41.9	44.4	43.8	46.2	74.4	57.9	49.7	71.1	47.2	15.1	14.4	16.7	15.3	4.86	5.53	9.71	24.8	15.5	9.4	18.1	2.86	2.35	1.66	1.43	2.32	1.33	2.82	0.772	4.28	6.27	6.09	0.872	0.863	0.141	0.139	7.88	0.16	1.09	1.41	2.99	1.32	1.4	1.46	1.46	1.41	1.85	1.78	1.65	1.46	2.77	0.762	0.64	0.674	0.516	0.654	2.04	0.546	0.509	0.0391	0.00628	0.0124	0.0992	0.122	0.286	0.168	0.374	0.4	0.965	3.91	6.1	4.31	4.47	4.81	5.45	5	5.09	13.3	22.6	19.3	9.35	6.85	5.4	4.23	1.18	1.39	3.07	3.48	3.64	3.55	3.11	3.03	2.92	2.77	2.08
54.7	86.6	127	136	120	90.8	105	123	102	67.4	83	79.2	112	105	80.1	62.9	60.1	44.2	38.7	42.2	41.1	36.9	42.2	41.9	39.6	36.4	37.4	40.4	40	52.1	57.6	49.6	53.3	57.2	51.1	22	16.3	24.3	10.9	3.36	4.74	26	18.4	10.6	8.86	11.8	14.8	7.01	1.99	2.15	1.11	2.57	2.89	0.829	0.799	1.03	4.46	4.32	1.01	0.191	0.214	0.197	0.192	1.3	1.4	2.78	4.79	4.09	2.78	1.66	1.62	2.15	2.09	2.05	2.25	1.04	0.877	0.724	0.579	0.4	0.263	0.551	0.143	0.00438	0.00301	0.00466	0.0093	0.0455	0.405	0.178	1.02	1.49	0.317	0.79	1.5	3.91	3.96	4.14	4.22	4.34	4.56	4.21	4.15	4.59	6.89	9.28	8.85	11.5	10.6	4.82	1.41	2.88	3.36	3.58	3.51	3.09	3.04	2.92	2.74	2.2
20.8	28.9	45.2	44.3	41.8	38.9	53.3	83.8	84.3	44	42.4	65.2	68.8	64.8	68.3	62.1	57.6	54.1	47.8	54.1	40.2	39.4	41.4	45.4	40.1	35.3	32.4	28.9	28.8	28.8	31.1	35.2	36	30.2	28.5	34.4	24.3	21.1	15.5	14	9.82	9.24	10.3	1.57	31.6	32.9	9.09	6.11	3.76	1.73	2.29	1.29	2.15	2.98	1.11	1.09	4.59	5.56	1.22	0.635	0.611	0.307	0.584	2.09	1.69	1.77	2.04	4.66	5.4	2.63	2.69	3.52	3.04	1.77	1.57	0.47	0.325	0.265	0.207	0.248	0.164	0.0862	2.56	0.0152	0.0096	0.065	0.136	3.17	0.303	1.08	2.25	0.283	0.687	1.12	1.71	2.4	2.77	3	3.64	2.82	2.84	3	10.1	2.83	2.53	2.66	2.35	5.06	7.84	0.686	0.889	3.38	4.1	4.44	4.39	4.41	4.37	4.19	3.89	1.79
26.9	26.8	28.8	28.1	24.3	26.6	33.9	55.1	71	69.1	47.2	47.8	54.6	62	55.7	74.7	58.8	53	48.6	46.8	40.9	36.1	38.6	72.9	44.9	37.8	31.4	37	32.2	25.3	22	26.5	27.5	25.1	28.7	22.6	27.8	20.5	11.7	18.1	22.8	16.3	11.4	30.3	43.1	14.8	0.683	4.84	2.53	1.51	1.62	2.1	1.45	3.85	3.28	7.42	5.7	1.15	1.2	0.29	0.302	0.322	0.351	1.78	5.34	5.66	3.47	2.16	2.97	2.72	1.99	2.28	2.86	3.98	1.88	0.451	0.361	0.294	0.225	1.63	0.137	0.0674	0.0512	0.0106	0.00569	2.35	0.489	2.84	0.0641	0.66	2.05	2.1	1.01	0.705	1.48	1.61	1.9	2.09	2.26	6.04	2.19	2.22	2.27	2.89	2.06	1.5	1.24	1.86	0.815	0.605	0.699	3.12	4.81	4.35	4.33	4.39	4.38	4.22	10.7	2.1
28.7	26.5	24.8	21	16.3	20	21.8	30.5	45.3	64.6	47.6	48	45.1	47.5	57.2	79.2	75.1	68.5	57.1	47.2	40.3	37.3	39.7	68	55.3	41	39.4	32.3	32.8	24.2	27.2	21.9	20.8	16.5	21.1	21.4	21.4	24.6	15.7	9.2	16.6	18.7	8.16	26.4	74.7	49.2	0.666	2.16	6.2	1.65	1.37	7.01	14.2	1.51	1.98	7.03	1.27	10.8	1.38	0.337	0.357	0.382	0.414	2.11	2.26	2.35	2.38	3.29	2.34	2.34	2.32	2.52	3.54	2.31	2.54	0.567	0.413	0.333	1.5	5.35	0.138	0.0578	0.0427	0.0083	0.00357	0.0296	0.0339	0.538	2.6	1.13	1.43	4.57	0.174	0.142	0.254	0.783	1.01	1.15	1.24	1.37	1.32	1.44	1.55	1.33	1.18	1.16	0.893	0.649	0.422	0.341	0.646	2.72	3.76	5.27	3.89	3.94	3.93	3.78	3.57	7.54
16.7	20.5	20.4	19.4	14.5	12.6	12.8	15.9	41.4	48.4	40.2	42.4	43.8	42.1	49.7	75.2	89.9	93.6	77	51.3	49.5	48.7	41.5	51.5	55.9	47.5	36.8	35.9	31.7	31.1	30.6	21.8	19.1	16.5	17.9	13.3	26.3	37.8	28.1	18.9	7.35	8.28	9.62	1.62	68.9	87	30.7	2.34	2.05	6.87	22	16	10.2	7.45	9.9	7.65	1.91	1.49	1.61	0.52	0.587	0.456	0.492	2.54	2.72	2.83	2.84	2.77	2.8	2.79	2.75	2.97	6.06	5.06	2.38	0.574	0.625	1.24	2.68	2.35	0.214	0.0578	0.0422	0.43	0.054	0.00223	0.00495	0.018	0.0524	0.0553	0.11	3.62	2.62	0.152	0.17	0.64	0.702	0.68	0.701	0.577	0.713	0.866	1.02	0.989	0.86	0.698	2.63	4.95	0.356	0.298	1.31	2.15	2.79	3.07	3.04	3.05	3.11	3.09	3	6.07
10.1	10.3	15	41.8	15.8	13.4	10.8	11.5	14.7	23.2	29.2	55.7	59.4	72.1	74.5	88.4	77.7	75.5	71.8	59.7	67.5	68.9	60.6	56.8	60.3	47.8	40.2	37.5	35.1	33.2	28.8	26.3	23.7	22	19.7	21.1	35.5	23.7	20	29.7	13	13.4	18.3	4.43	50.5	84	38.4	8.94	2.9	2.64	7.21	8	10.8	20.2	12.2	6.12	1.52	2.46	2.69	0.521	0.734	0.607	0.656	4.39	4.73	4.88	4.91	4.93	4.97	4.95	5.37	5.88	8.29	8.76	5.14	0.709	0.743	0.471	0.351	0.532	2.11	3.72	0.144	0.0692	0.196	1.14	3.07	3.64	0.0205	0.0525	3.42	10.1	4.06	0.194	0.228	1.07	1.21	1.2	1.04	0.738	0.787	0.874	0.986	0.604	0.517	0.421	0.369	0.444	0.373	0.407	1.14	1.26	1.49	1.64	1.62	1.16	1.27	1.35	1.44	1.62
7.93	8.24	9.7	29.3	31.7	8.99	6.38	7.58	6.61	19.8	33.1	33.4	55	65.7	84.9	107	99.6	85.5	90	80.5	76.2	84.2	101	63.6	42.7	37.7	35.8	29.6	33.7	34.4	31.3	24.6	24.7	23	28.1	33.5	29.7	22.5	15	39.5	20	32.3	13.5	14.8	5.44	11.1	34.7	11.3	3.38	6.86	8.12	6.27	4.83	6.4	7.47	3.12	1.61	2	6.57	3.74	0.679	0.689	0.744	5.02	5.38	5.68	5.82	7.19	5.67	5.63	5.51	7.9	6.47	7.83	6.25	0.986	0.973	0.552	0.394	0.42	0.304	1.13	1.73	5.05	0.822	0	0.497	5.05	0.192	0.0495	1.54	2.88	0.197	4.65	2.44	1.22	1.4	1.41	1.24	0.898	0.754	0.637	0.716	0.771	1.31	0.643	0.309	0.369	0.865	1.6	0.358	0.745	0.942	1.01	1.01	0.788	0.894	1.02	1.17	1.12
7.72	7.77	6.76	6.95	6.83	6.01	5.62	4.81	5.51	15.3	30.8	37.4	40.3	39.2	51	78.4	92	117	103	101	97.4	110	102	99.2	38.3	28.1	31.6	46.7	43.2	36.4	29.5	26.6	25.3	24.9	32.3	44.4	31.4	28.7	30.6	70.8	46.3	35.5	22.8	19.8	11.3	14.3	35.3	21.8	12.4	13.1	12.7	9.87	2.74	3.98	7.8	16.8	26.9	15.2	3.25	7.79	4.31	0.8	0.846	5.67	6.03	6.18	6.18	14.8	6.55	6.75	5.94	6.19	6.1	13.7	4.94	1.35	0.686	0.544	0.408	0.439	0.195	0.0631	0.121	0	2.53	0.594	0.215	3.2	3.94	0.34	0.141	0.151	0.201	0.258	2.05	1.59	1.84	1.9	1.68	1.27	1.11	1.75	1.35	1.6	0.43	0.262	0.28	0.319	0.674	0.316	0.309	0.555	0.687	0.747	0.755	0.697	0.82	0.988	1.19	1.16
7.69	7.14	6.54	6.42	6.59	6.55	5.95	4.27	6.97	14	29.9	35	25.4	42.5	31.5	50.2	54.7	80.2	77.5	82.8	97.8	95.2	85.8	60.1	37.2	28.9	26.9	38.5	41.9	35.1	30	27.5	27.8	29	27	50.7	70.5	38.7	43.8	69	52.3	45.7	37.8	19	13	11.5	42.6	22.3	24.4	18.2	11.6	12.7	7.79	4.82	7.75	45.1	46	33.3	3.04	3.95	29.6	2.26	1.11	6.41	8.46	8.49	6.67	17.8	9.17	6.42	6.2	6.46	6.21	5.59	10.5	2.85	0.739	0.531	0.432	0.434	0.197	0.138	0.373	0.0283	0	0	0	1.42	5.46	4.1	3.53	5.08	1.76	3.34	5.58	2.3	5.03	4.37	5.02	2.38	1.93	1.31	1.01	0.693	1.65	6.99	1.38	0.493	0.754	0.262	0.245	0.468	0.578	0.637	0.67	0.656	0.799	1	1.22	1.19
6.73	7.87	7.42	6.63	7.42	7.61	7.29	7.68	5.94	5.86	7.99	24.7	15.6	19	21.6	41.8	34.3	35.8	43.2	60.9	68.1	69.4	60.2	54.8	48.4	38.7	33.2	29.8	38.7	37.7	31	30.8	32.5	32.6	31.7	44.7	82.4	58.9	64.4	77.6	68.2	62.1	44.6	32.4	22	38.1	40.8	25.3	19	42.4	31.1	27.7	11.8	10.4	5.91	8.8	54.1	35.8	10.7	1.52	5.06	4.79	17.1	11.6	11.4	9.76	8.35	9.31	11.1	8.67	7.86	8.36	7.7	6.83	5.86	6.49	2.18	1.75	2.38	0.791	0.621	0.225	0.0902	0.0144	0.704	0.268	0.515	1.34	0.694	3.51	3.05	3.03	3.24	5.73	6.23	7.78	9.03	8.62	8.31	5.18	4.88	3.64	3.38	1.46	0.818	0.461	0.39	0.406	1.69	3.64	0.66	0.447	0.528	0.581	0.643	0.804	0.968	1.17	1.43	1.35
7.32	7.01	6.86	6.81	7.65	7.63	7.06	6.31	5.95	6.68	9.29	12.8	8.63	9.53	12.5	29.8	24.4	27.9	33.1	24.3	32.2	39.9	47.2	46.5	45.7	38.8	35.3	29.7	35.1	44	34.6	33.7	33.1	38.7	35	46.1	61.6	66.8	68.3	64.7	78.4	64.4	53.4	46.2	17.8	20.4	20.4	13.8	24	40.8	24.1	20.7	6.41	10.6	8.83	12.3	3.52	12.1	37.1	12.3	1.51	1.74	20.1	16.8	10.9	14	13.8	9.17	11.1	9.37	8.07	9.82	9.2	8.01	5.91	3.39	2.09	8.53	1.24	0.713	0.339	0.23	0.0971	0.0157	0.00645	0.253	0.246	0.896	0.232	0.891	1.44	2.36	2.36	2.31	4.12	6.04	6.28	6.44	5.92	5.64	5.08	4.45	3.8	2	1.15	0.575	0.477	0.453	0.335	1.66	0.303	0.359	0.412	0.463	0.542	0.742	0.913	1.13	1.38	1.31
6.59	7.54	7.56	9.07	8.44	7.44	7.79	5.47	7.02	8.36	8.54	8.52	7.43	8.41	9.46	12.3	17.4	42.4	50.2	20.6	21	18.1	25.6	41.2	39.5	41.9	38.4	25.5	26.9	28.2	25.1	31.4	33.9	35.4	34.6	43.3	61.1	81.4	66.7	65.2	85.9	64.1	51.3	51.4	28.5	22.3	12.3	4.32	19.5	26.2	18.9	2.64	4.47	8.4	16.2	37.7	16	13.7	21.8	21.7	2.06	1.62	1.57	9.71	10.6	16.5	17.7	10.7	15.8	9.9	8.55	9	10.4	10.1	6.16	4.12	9.63	2.39	7.44	0.803	0.319	0.129	0.0955	0.0157	1.22	0.0111	0.0281	0.209	0.295	0.623	1.62	2.78	3.33	3.65	3.69	5.95	6.93	7.14	7.1	6.37	5.8	4.95	4.16	2.41	1.51	0.927	0.594	0.56	0.351	0.311	1.16	0.415	0.364	0.415	0.501	0.718	0.894	1.11	1.36	1.28
6.1	6.97	6.83	7.16	7.9	8.41	6	6.11	4.67	5.68	4.91	7.38	8.94	7.72	8.29	7.49	14.2	21.9	54.1	24.7	22.7	18.9	20.4	26.8	33.1	39.3	41.3	23.9	20	22	25.3	31.2	32	33.3	35	41.4	70.5	83.1	70.1	62.3	59.4	54	46.7	42.2	30.6	27.6	43.2	36.4	14.9	32.5	37.4	9.78	7.36	42.5	60.9	66.2	59.7	35.8	17	34	31.4	1.65	1.82	10	9.84	11.1	12.7	10.9	10.8	8.59	7.75	7.86	7.57	10.9	7.19	3.22	3.67	1.38	1.11	0.607	2.23	0.113	0.0852	1.49	2.59	1.45	0.0544	0.427	0.568	1.04	1.73	2.94	3.48	4.19	4.62	6.17	7.19	7.52	6.97	7.03	6.8	5.72	4.44	3.43	1.68	1.03	0.935	0.994	0.792	0.32	0.3	0.584	0.711	0.388	0.465	0.679	0.85	1.05	1.3	1.23
3.8	5.32	7.35	5.91	5.82	8.57	7.5	4.72	3.84	4.72	3.43	4.7	8.84	4.7	4.71	6.43	7.44	8.66	11.9	12.8	13.9	14.6	15.7	25.3	27.2	31.9	30.4	21.2	22	30.3	24.8	27.1	29.8	31.6	38.7	42.6	67.7	84.3	97.5	70.1	53.5	48.8	63.6	41.8	31	29.4	28.1	26.9	25.7	30.3	42.3	19.8	13.9	32.1	31.6	19.6	15.7	18.7	25.7	29.9	19.6	24.9	9.33	13.6	12.7	11.4	11.8	12.9	13.2	9.13	7.54	6.69	6.28	6.46	5.49	3.26	10	1.7	1.44	0.809	1.77	0.107	0.453	0.489	3.24	0.0364	0.865	0.636	0.512	1.62	1.96	2.88	3.34	4	5.04	7.84	8.84	8.98	8.36	8.34	7.78	6.72	5.47	2	1.07	0.887	1.6	1.61	0.308	0.26	0.238	0.282	0.296	0.343	0.423	0.555	0.759	0.976	1.21	1.01
4.15	4.7	6.76	10.5	9.59	5.37	7.12	7.34	4.56	4.19	3.91	5.53	6.23	4.7	4.77	3.61	3.88	4.74	8.86	12.3	10.1	14.7	18.4	22.2	25.3	23.8	21.9	19.2	20.8	24	25.6	25.8	41.1	32.1	27.9	29.4	39.1	50.8	70.3	71.6	47.8	52.5	52.6	45.2	38.4	25.5	21.7	22.5	26.8	47.7	24	17.7	15.2	20.1	21.7	19.4	15.3	26.8	32.2	31	12.1	23.3	16.6	12.5	13.5	12.2	11.3	13	15.7	16.6	12.3	17.9	11.3	4.84	5.49	6.85	3.18	0.99	1.88	8.61	5.22	1.52	0.252	3.56	4.95	0.306	2.97	0.455	3.12	3.59	4.42	2.94	3.03	5.71	7.42	7.59	8.88	9.28	8.78	8.85	8.34	7.24	5.6	2.14	1.13	0.559	0.479	0.468	0.305	0.229	0.229	0.227	0.225	0.262	0.338	0.489	0.694	0.903	1.12	0.936
4.57	3.62	4.44	4.83	17.5	4.99	4.2	9.16	4.9	4.38	4.12	3.68	5.44	5.59	3.15	5.26	2.97	3.89	5.49	8.32	17.4	14	15.9	16.6	20.9	20.1	19	16.6	18.5	20.4	26.3	30.1	28	29.2	30.9	34.7	48.1	56.1	77.4	90.5	60.4	57.9	39.5	34.7	48	29.5	22.6	23	23.9	36.4	26.8	23.2	21.5	27	25.7	19	16.1	26.3	29.4	17.7	34.8	35.6	12.8	12.7	12.3	14.7	12.1	10.3	9.52	16.9	21.1	14.3	11.7	7.82	3.73	2.19	3.27	12.3	8.98	5.88	6.08	7.39	4.68	5.81	20.4	0.701	3.72	4.46	3.31	4.32	6.27	4.49	3.07	4.08	7.16	10	10.8	9.29	8.89	8.91	9.39	7.37	5.66	2.28	1.19	0.601	0.483	0.473	0.319	0.228	0.2	0.207	0.174	0.194	0.266	0.414	0.61	0.82	1.05	0.922
5.02	2.91	2.74	2.54	2.59	2.57	2.67	6.57	4.28	3.82	4.09	4.67	4.76	4.1	3	3.28	2.78	4.07	6.49	6.41	28.2	19.9	14.3	13.7	16.8	16.7	16.4	15	14.3	15.6	21	25.3	27.7	25.1	26.7	33.8	49.1	75.5	62.7	69.7	46.2	47.8	56.8	42.2	53.5	58.3	34.1	22.5	24.8	22.4	23.9	16	17.5	25.2	22.2	29.8	16.5	12.8	25.2	29.7	42	36.4	28.8	14.6	14	11.8	21.9	11.6	8.17	12.5	29.9	14.7	13	13	9.73	2.89	2.71	2.73	2.72	13.4	3.46	8.47	3.8	3.15	9.34	5.39	1.41	9.52	3.29	2.85	4.17	8.79	9.9	13.2	16.6	8.67	8.47	8.95	8.76	9.56	12	13.2	5.49	2.87	1.24	0.676	0.541	0.526	0.35	0.243	0.206	0.202	0.157	0.356	0.166	0.705	1.42	0.646	1.36	3.76
7.87	6.18	7.2	4.02	2.43	2.71	2.89	2.79	4.07	3.14	2.7	2.37	4.02	3.05	3.14	3.61	3.67	3.29	4.05	6.11	7.57	15	12.2	10.6	11.1	10.4	10.4	7.88	10.5	13.2	15.5	24.2	20.7	16.5	24.3	27	36.6	77.3	56.3	47.9	40.6	52.4	50.3	50	41.1	36.6	38.4	30.7	26.9	25.5	23.7	21.2	17.9	19.4	26.1	30	23.8	16.7	13.8	31.2	34.8	19.4	16.8	36.2	31.5	29.6	41	13.9	9.79	12.7	7.39	6.61	7.39	18.4	22.3	28.7	28.2	8.41	2.84	7.67	1.04	0.895	2.39	7.76	10.3	12.7	8.5	6.3	9.33	7.66	9.53	10	8.83	13.2	14.5	9.69	10.6	10.1	10	8.57	9.51	8.07	5.63	3.17	3.72	1.1	0.881	0.583	0.384	0.26	0.213	0.783	1.69	2.67	0.847	1.33	4.16	4.93	6.51	8.96
7.83	6.29	2.14	2.75	2.18	2.9	2.47	2.26	2.12	2.33	2.89	2.11	2.43	5.48	7.57	3.59	4.03	4.35	3.92	5.89	6.68	8.11	11.3	11.8	9.15	8.64	7.43	5.42	5.51	6.09	7.63	23.5	11.2	14.3	18.4	24.6	28.7	61.5	67.2	43.1	37.8	45.9	62.3	43.6	46.6	48.4	46.8	33.1	24.5	26.9	24.6	19.1	19	35.3	20.7	28.6	25.9	16.7	13.1	27.8	40.3	42	30.1	44.7	23	23.2	20.2	11.6	9.44	10.9	10.8	9.52	13.7	7.46	7.63	9.07	8.85	7.24	6.6	1.61	4.51	7.49	2.26	4.5	5.96	14	9.45	7.67	9.03	10.4	10.1	11.2	11.9	5.26	8.23	11.2	9.18	12.5	11	8.18	7.85	7.17	5.62	3.14	3.05	1.75	0.966	0.636	0.414	0.275	0.219	0.109	0.12	0.0468	0.0379	0.00409	0.0247	0.148	0.32	1.25
7.14	4.59	0.805	2.02	3.88	1.83	1.95	2.45	2.37	1.91	2	2.73	2.16	2.06	3.87	3.59	3.6	5.42	6.46	5.72	6.37	7.38	8	14.2	7.76	8.42	6	4.25	4.1	4.49	5.04	4.97	8.73	16.8	17	20.4	31	41.4	54.9	36.4	30.4	35.2	47	52.3	63.6	58.9	53.9	41.8	32	23.2	22.6	19.1	24.3	28.8	19.7	19.2	18.5	17	14.9	12.3	12.1	10.5	9.57	14.4	13.7	12.6	12.9	9.29	8.17	7.44	9.31	12.7	10.1	9.17	9.9	12.2	10.9	7.12	12.3	2.53	0.442	2.15	2.18	15.5	3.66	4.12	8.09	4.66	4.23	6.9	6.39	7.6	9.26	7.87	6.35	7.06	8.79	10.6	7.66	7.46	7.09	6.63	5.42	2.88	1.82	1.63	1.02	0.642	0.667	0.312	0.251	0.127	0.0859	0.0608	0.0523	0.335	0.005	0.0237	0.0621	1.21
14.9	12.1	1.47	1.69	3.98	1.54	1.51	1.88	1.91	1.57	1.44	1.41	1.78	1.96	2.45	2.7	5.26	3.61	4.8	6.72	6.35	6.42	6.46	8.97	10.7	18.9	5.51	3.72	7.89	5.14	3.96	3.78	4.19	6.38	8.25	17.4	22.2	29.3	24.1	31.1	33.5	31.1	36.3	44.5	55.6	54.4	40.1	33.6	34.6	35	27.7	20.7	16.1	21.3	23.2	35.9	39.2	42	22.1	13.8	12.5	10.2	14.7	14.7	12.4	17	15.6	11.1	8.4	7.78	7.15	6.07	9.23	10.6	11.8	18.2	4.97	2.87	6.53	16.1	31.9	4.72	0.911	7.24	3.22	1.7	2.26	3.19	3.43	4.25	5.74	5.47	6.71	4.77	4.8	6.53	8	7.88	6.92	6.5	7.21	5.17	5.68	3.96	1.5	0.981	0.83	1.51	0.469	0.967	0.31	0.167	0.401	0.1	0.091	0.0115	0.0102	0.0288	0.0674	1.13
4.92	1.74	2.28	3.66	3.45	1.04	0.951	0.918	0.949	0.802	0.819	0.824	0.888	0.961	1.4	1.59	2.65	5.68	4.87	4.77	5.78	5.7	9.64	10.9	6.47	9.68	5.03	1.64	1.61	2.76	1.49	1.55	1.77	15.9	5.71	15.7	14.2	22.8	18.4	26.6	32.1	32.9	37.5	52.1	50.1	53.8	48.8	39.2	26.3	25.2	32	28.6	13.9	12.9	9.81	12.5	22.7	17.1	19	11.8	15.6	12.4	14.7	12.1	11.5	12.7	15.1	8.18	7.21	6.73	9.23	13.9	8.82	1.67	25	14.6	12.6	12.3	19.2	10.8	25	7.17	5.41	5.81	6.4	3.67	0.665	3.46	6.71	3.61	5.63	6.33	4.95	5.1	4.25	5.39	6.67	6.71	5.88	3.52	3.08	2.6	2.89	1.28	0.68	0.458	0.412	0.646	0.569	0.495	0.424	0.248	0.199	1.49	0.156	0.0882	0.0933	0.179	0.383	1.2
4.41	2.4	1.77	6.42	2.37	0.849	0.894	0.657	0.678	0.542	0.54	0.495	0.453	0.468	0.672	1.95	1.56	2.8	6.73	3.9	4.4	7.38	7.26	3.81	3.4	3.24	4.21	2.59	1.06	1.09	1.14	0.854	4.02	1.91	6.29	23	31.3	34.9	22.7	28.5	37.7	40.3	36	33.3	53.6	61.3	45.7	40	33.2	18.1	17.7	21.7	8.82	8.1	8.09	14.8	18.6	14.8	19.2	18.7	19	12.3	11.5	13.8	14.6	23.7	24.8	10.8	9.1	7.02	10.6	17.4	6.09	1.18	25.5	43.8	17.9	9.01	24.1	6.7	3.77	1.49	5.25	6.23	12.8	4.31	3.1	2.36	10.1	6.33	5.65	3.77	4.32	4.69	5.57	4.66	5.44	5.86	5.04	2.91	2.36	1.89	2.63	0.789	0.493	0.346	0.344	0.602	0.598	0.562	0.492	0.296	1.66	1.44	1.25	0.459	0.108	0.206	0.41	1.23
13.1	4.92	2.82	2.87	0.907	1.84	2.16	0.576	0.499	0.411	0.39	0.443	0.304	0.347	0.402	1.9	1.01	1.35	3.51	6.02	3.65	3.45	6	6.66	3.42	3.13	2.75	1.99	0.844	0.698	0.851	0.761	3.1	1.37	2.24	16.3	26.7	31.1	28.5	29.5	31.8	37.2	45.7	39.6	43.9	43.4	35.6	26.9	20	19	14.9	14.3	14.2	13.7	9.18	13.6	11.5	16.9	14.2	16.8	20	17.3	12.8	10.9	11.4	12.4	22.1	24.4	14	11.5	9.67	6.33	1.62	1.6	7.07	29.5	22.6	8.95	2.62	3.67	3.82	21.7	20.2	1.38	5.38	6.45	30	3.09	8.56	6.56	6.61	3.5	4.41	4.23	5.41	5.55	5.53	5.55	4.67	2.7	2.13	1.6	1.27	0.67	0.429	0.317	0.335	0.622	0.655	1.22	0.781	0.68	1.93	2	2.43	3.15	0.192	0.279	0.462	1.28
6.03	6.36	5.1	1.69	1.01	1.19	1.63	0.905	0.525	0.496	0.364	0.381	0.361	0.394	0.438	0.445	0.799	1.89	3.34	3.18	5.06	3.08	3.38	2.91	7.79	10.8	6.2	2.92	1.08	1.05	3.04	2.61	0.955	1.02	1.86	7.65	10.3	15	18.6	24.8	25.9	31.5	33.4	27.7	30.3	28.2	28.1	19.2	15.3	22.6	29.5	25.2	20.6	11.5	13.7	16.6	17.9	15.5	13	11.6	14.8	16.5	13.9	11.3	10.7	11.3	17.1	10.3	10.4	8.69	8.44	3.28	5.06	3.69	2.78	11.7	14.1	1.63	2.26	2.57	3.71	3.1	19.6	14.4	6.62	4.46	18	11	8.79	6.86	5.29	2.6	3.16	3.85	5.61	7.95	7.3	6.21	5.44	3.09	2.35	2	1.48	0.741	0.49	0.749	0.386	0.707	0.736	1.31	1.15	0.576	1.31	1.43	2.84	4.29	3.73	1.78	1.62	1.17
