124	114	157	208	215	214	167	129	155	202	190	174	164	173	161	165	196	188	142	131	122	129	137	148	133	192	164	124	98.8	87.5	78.4	111	84.3	67.3	65.5	54.5	66.2	69.6	88.8	87.6	111	113	143	145	174	241	178	144	142	108	88.2	118	107	74.9	75	138	183	221	214	189	197	175	190	180	165	136	151	159	108	112	151	191	140	102	133	193	148	155	257	309	252	211	231	275	236	271	234	99	167	156	143	110	85.7	89.3	113	121	123	113	113	88.3	88.7	88.1	93.3	133	177	169	140	154	171	157	181	214	207	188	153	159	166	166	194	148
146	152	182	183	178	154	145	130	189	195	203	170	190	155	135	185	232	173	149	128	127	144	165	184	158	195	191	144	138	95.8	83	90.5	66.3	55.8	44.8	63	80.5	134	132	115	116	126	122	140	194	218	188	139	134	130	104	93.4	69.4	41.4	52.9	73.1	108	145	184	192	172	194	215	142	168	140	129	101	90.2	150	241	163	156	197	180	196	130	160	208	278	244	261	290	326	424	442	367	362	299	303	321	109	102	120	133	125	110	95.1	86.2	70.4	71.9	76.1	77.3	121	131	127	108	129	155	142	144	116	134	123	149	255	212	191	162	135
183	204	208	191	190	166	164	134	206	197	170	170	188	197	168	232	218	205	177	153	148	143	244	197	188	228	192	141	122	106	118	126	100	74.7	65.1	82.1	104	147	144	138	141	133	139	147	186	241	197	173	178	144	112	99.1	73.9	44.6	32.3	59.8	86.4	116	131	145	201	194	182	145	161	193	135	116	143	148	241	194	254	368	308	232	173	211	192	232	244	282	362	411	455	478	469	450	415	324	340	166	176	185	168	132	107	95.6	81.8	78.5	84.9	83	76.3	115	95.5	88.7	92	112	132	106	105	103	132	175	186	181	162	129	140	132
213	225	227	207	201	204	179	149	188	188	166	190	225	214	185	229	213	214	211	209	159	225	188	191	171	177	167	140	126	120	118	175	189	149	142	140	133	138	148	201	176	166	165	156	203	288	234	210	189	161	110	116	80.4	62.5	52	65	86	136	129	161	192	158	150	159	172	229	185	157	189	212	205	196	355	303	365	215	192	188	188	217	255	318	340	356	427	483	509	499	468	318	312	175	186	183	176	145	117	94.6	88.1	83.6	78.2	77.9	81.7	113	92.3	80.9	102	104	114	103	103	98	84.7	155	172	153	151	123	129	115
231	223	214	198	192	190	193	162	187	196	155	212	207	205	212	225	210	228	213	176	182	163	153	150	171	170	150	156	140	147	143	233	250	221	207	163	119	139	170	151	167	200	168	180	197	239	218	235	224	188	125	127	107	74.3	60.2	50.6	73.6	111	160	138	120	82	145	142	169	222	209	198	218	177	191	180	274	276	285	200	173	189	234	252	268	293	309	344	377	446	491	500	448	462	309	141	183	183	161	114	118	83.7	75.1	75.1	61.7	73.8	87	113	82.8	95.3	121	122	122	120	111	101	99.5	161	223	184	149	126	119	106
222	225	275	220	217	209	213	159	173	139	156	206	215	236	194	188	168	189	138	133	130	111	152	196	234	190	163	199	173	196	224	222	181	176	170	151	108	124	155	136	202	229	209	199	159	192	188	167	154	148	120	115	107	87.2	83.3	70.2	79.5	102	126	59.4	72.8	114	185	163	184	187	135	151	165	151	184	174	234	205	191	180	227	246	252	278	257	271	308	359	347	335	373	393	380	390	413	129	143	148	130	92.2	96.6	75.1	70.1	69.3	56.1	60.7	66.2	70.9	64.8	85.9	108	97.2	90.4	78.1	70.9	116	120	142	154	210	153	157	176	148
213	207	227	217	205	239	259	180	191	165	184	210	227	197	183	192	185	191	175	183	154	153	195	248	243	216	206	241	231	200	167	158	137	130	174	164	125	122	142	141	204	232	237	231	204	219	203	177	182	146	120	115	99.6	89	89.7	71.6	87.7	104	116	75	122	174	204	158	215	177	123	155	186	165	128	128	161	202	211	240	308	306	298	285	262	257	269	322	315	355	331	346	393	371	365	168	129	139	129	109	127	99.5	86.8	61.5	67.2	56.7	71.2	79.5	72.8	89.4	110	104	95.6	103	98.8	108	124	146	170	194	167	197	208	194
205	216	234	206	228	250	257	214	179	186	206	270	247	228	210	214	198	206	181	203	182	249	244	301	307	291	227	207	180	179	167	180	159	116	138	187	140	134	142	157	218	247	260	208	214	236	230	175	162	132	136	126	105	93.2	94.8	94.7	93.2	125	136	120	147	253	252	170	183	163	142	193	246	166	149	140	183	223	231	288	347	341	337	304	342	251	241	306	301	352	370	396	391	373	400	153	110	135	103	94.6	119	139	101	84.8	89	72.4	72.5	78.2	86.3	100	102	104	93.9	95.5	94.2	99.2	115	164	144	135	129	187	263	236
206	207	239	209	243	216	251	216	212	211	254	265	230	200	175	166	166	187	161	195	205	274	317	263	272	270	200	177	158	180	177	205	203	145	138	159	135	119	125	139	189	233	246	210	234	204	192	157	169	165	153	135	113	118	117	115	106	107	139	179	232	273	280	190	248	248	210	217	189	153	196	207	236	298	274	339	370	379	365	286	256	228	229	281	311	331	367	388	443	419	410	173	169	146	129	107	108	120	119	124	114	69.4	73.9	76.1	94.9	80.4	82.5	106	107	97.3	97.7	110	124	131	160	150	218	194	207	163
206	163	184	223	265	189	178	211	224	227	238	223	192	157	134	127	134	141	125	170	197	224	247	258	247	194	158	195	179	153	155	220	198	134	118	158	173	136	125	139	177	254	258	268	224	214	198	168	175	186	198	165	147	146	133	112	109	106	124	158	337	211	193	199	235	206	202	193	173	163	246	238	269	263	241	272	267	285	286	196	221	217	206	254	342	346	364	364	354	396	445	295	258	259	250	131	108	147	152	112	117	114	117	109	125	106	101	127	139	121	103	123	112	97.1	109	126	135	194	149	119
191	224	209	255	233	185	195	203	296	215	235	285	206	146	107	116	164	184	142	216	192	199	210	315	223	181	203	198	273	173	139	155	165	123	125	164	170	141	132	151	182	221	324	295	284	254	232	196	173	206	208	229	189	169	156	123	111	124	147	219	341	244	195	191	285	195	299	226	180	283	305	232	293	218	228	250	242	267	188	168	230	313	301	329	363	384	404	419	369	333	388	357	267	253	262	172	162	175	156	112	127	133	118	126	112	104	127	157	197	156	132	138	92.2	92.2	98.6	87.1	92.7	148	177	152
190	231	202	203	185	222	251	301	313	255	284	287	205	194	145	136	272	217	193	163	146	172	187	230	186	197	184	174	195	145	144	152	139	125	136	158	144	146	122	131	173	198	221	279	317	244	236	233	222	222	206	180	191	198	177	140	126	127	162	161	214	211	247	237	243	213	265	206	195	300	247	208	202	225	214	237	229	218	173	205	227	248	264	275	353	354	420	414	412	388	397	428	340	337	274	208	259	193	151	132	142	134	125	122	124	135	153	219	202	153	139	129	128	127	110	110	146	142	143	148
205	223	211	185	201	220	271	270	287	255	263	219	211	208	178	222	211	215	223	167	182	169	188	178	188	206	186	160	126	115	137	144	145	144	129	153	152	139	117	149	169	225	266	275	298	234	206	200	207	216	195	183	184	183	189	154	123	137	173	169	271	287	340	237	245	220	224	239	210	287	244	167	174	219	249	210	232	231	194	176	189	201	284	386	438	314	383	434	475	493	527	557	497	473	327	265	256	192	198	192	187	158	164	166	197	164	164	182	170	167	138	127	154	186	184	205	160	186	170	153
220	241	236	189	276	278	234	250	306	285	272	274	297	252	222	222	172	196	221	236	212	162	164	208	241	233	210	178	219	129	179	172	127	116	112	138	114	128	186	190	230	323	236	244	247	206	179	175	178	175	179	169	178	168	166	131	114	131	151	169	246	274	260	244	232	227	279	229	232	220	194	146	175	240	222	172	193	233	318	178	154	219	315	413	427	326	377	450	477	493	546	501	461	599	409	343	247	253	260	225	209	193	234	222	202	189	199	213	204	172	148	162	176	197	216	234	221	240	220	176
224	236	274	255	367	322	291	271	311	250	281	229	249	238	212	222	203	182	233	240	247	190	164	246	208	179	152	183	212	210	213	216	143	153	141	139	129	187	251	208	217	256	255	250	220	200	220	220	208	188	209	182	188	201	172	145	145	155	169	200	286	288	308	218	235	277	281	293	229	196	180	157	156	157	166	191	241	245	242	184	186	235	376	436	387	407	451	468	484	532	599	494	469	483	442	325	340	307	304	267	305	272	241	194	188	218	228	284	247	203	186	219	237	217	243	232	251	259	207	155
286	307	287	257	317	348	305	282	253	257	223	209	207	252	209	231	135	114	170	220	209	213	202	226	169	146	124	212	184	284	324	241	165	184	136	158	168	218	303	232	206	244	289	241	227	256	269	233	225	200	193	176	186	189	194	200	160	158	184	237	273	285	234	264	277	322	314	253	243	201	168	201	191	170	138	181	223	228	198	180	189	299	413	429	400	391	415	489	499	526	553	548	475	467	607	301	343	306	289	236	216	206	213	206	189	218	231	244	261	230	223	201	197	212	233	223	190	208	192	179
318	337	304	283	284	306	314	284	266	257	237	209	190	253	322	246	177	114	159	183	185	182	167	173	154	156	161	288	337	458	372	219	166	169	128	167	194	215	228	205	208	202	209	224	206	270	272	278	251	204	185	184	193	195	181	172	181	178	185	190	195	217	221	265	266	288	284	215	186	182	179	178	164	145	165	191	197	182	251	250	302	378	379	397	401	319	348	492	584	596	500	494	490	498	620	399	390	376	365	273	248	208	211	264	221	234	255	254	276	250	235	231	240	250	284	299	250	251	203	169
293	284	294	321	235	288	275	237	262	268	255	211	234	232	274	189	252	187	211	209	184	221	206	235	255	299	306	296	395	330	329	278	217	154	152	140	176	217	164	197	222	209	204	231	222	241	232	254	246	190	166	143	161	166	176	236	235	217	178	170	182	199	223	195	160	219	322	278	193	175	211	181	160	185	166	176	220	296	265	292	347	421	353	381	376	343	410	482	475	509	497	491	611	993	608	508	431	437	477	430	368	275	281	259	249	260	268	273	300	278	286	214	215	227	278	305	232	215	205	212
236	264	291	281	227	250	257	245	264	290	294	248	225	211	205	212	216	199	239	263	205	199	203	234	263	317	282	291	306	303	300	256	233	215	147	188	189	179	177	209	263	241	270	252	255	276	225	240	226	202	194	160	155	160	202	224	215	236	207	251	225	230	216	219	200	249	312	301	242	204	276	269	201	181	204	218	292	333	283	251	323	361	358	356	377	365	394	468	497	489	487	609	734	687	561	477	492	409	450	483	473	361	334	304	298	302	301	278	272	253	245	224	213	232	253	249	205	185	190	203
192	316	326	277	237	272	264	261	295	308	301	245	270	284	234	263	232	216	221	235	218	214	238	283	286	286	268	245	303	255	289	329	284	269	339	251	260	224	189	236	238	268	311	280	262	233	255	259	241	224	209	182	166	160	187	213	293	287	262	286	275	233	203	292	266	259	302	317	251	270	314	352	241	184	232	242	312	348	286	288	356	330	334	297	343	368	385	494	525	490	497	653	670	640	555	483	491	489	430	487	454	374	370	339	347	359	362	318	253	244	239	238	231	207	234	200	198	186	192	231
186	309	282	226	211	254	268	254	396	371	340	295	300	303	249	252	263	296	195	243	237	247	244	242	283	270	249	250	254	249	254	287	294	265	314	295	233	217	210	244	280	257	231	280	271	272	297	261	233	221	213	215	214	192	170	213	269	281	268	286	238	219	225	364	380	316	319	328	331	352	381	255	220	188	255	239	259	272	274	256	273	261	310	305	364	388	369	458	412	450	492	530	525	474	643	501	490	459	431	346	337	310	317	355	342	317	335	307	269	243	249	237	194	196	187	180	169	191	224	236
213	219	261	274	233	240	267	308	360	299	358	376	287	230	216	231	253	292	278	308	341	293	249	265	301	254	238	225	207	231	288	260	267	242	294	265	209	201	201	285	299	264	263	248	226	247	280	218	225	216	193	170	176	175	160	213	244	275	254	261	215	307	340	452	372	415	436	492	367	381	313	259	275	247	240	280	284	274	214	244	274	315	344	385	342	385	386	371	371	383	411	486	418	366	407	481	498	480	472	477	480	440	439	444	458	451	438	364	355	352	367	232	180	185	169	189	193	185	245	256
212	275	274	310	251	237	234	233	265	264	312	393	301	261	240	235	267	330	339	363	368	332	311	336	364	318	292	253	220	247	313	250	274	324	288	296	238	214	182	203	274	290	213	217	211	231	248	228	218	261	221	228	200	174	194	240	261	272	300	282	252	297	374	442	357	495	435	360	327	380	328	296	297	246	229	256	254	214	199	224	254	308	341	349	314	354	346	323	311	310	338	377	363	345	371	447	410	413	405	440	488	485	462	504	506	446	385	320	326	336	332	201	199	177	167	194	172	192	196	193
240	292	284	339	295	274	226	216	236	305	296	308	328	256	270	264	280	294	303	300	320	401	359	334	337	346	280	322	279	244	288	230	258	311	317	331	259	229	189	198	220	270	219	216	236	239	268	253	245	247	283	247	237	228	288	301	256	266	293	329	284	313	396	408	398	382	372	334	414	401	399	336	315	236	241	214	223	215	244	269	274	304	285	280	274	303	329	316	303	282	308	279	314	386	396	454	425	390	379	439	510	471	456	535	516	502	414	369	363	359	305	168	183	190	153	177	198	197	201	207
307	285	274	290	279	270	234	231	271	259	256	298	298	218	236	222	231	296	289	329	358	372	413	397	353	338	313	328	239	201	241	279	360	323	354	320	296	248	235	217	234	260	231	204	235	231	266	250	273	269	279	249	255	314	263	370	276	260	281	297	343	373	449	564	494	397	343	356	427	464	407	356	293	239	254	219	257	268	244	282	314	302	294	384	377	358	330	305	296	293	336	320	368	423	440	448	452	433	402	448	466	447	464	506	490	461	456	459	426	361	325	122	125	134	117	153	178	203	213	257
362	273	224	287	290	260	251	243	306	241	285	350	320	252	250	221	212	286	332	329	328	394	397	367	321	258	252	262	226	205	250	252	251	197	205	238	268	254	311	254	250	276	282	235	222	205	236	224	285	287	279	240	252	371	271	298	279	242	278	306	262	403	514	546	482	406	391	415	421	411	389	311	271	265	282	318	294	284	263	224	223	248	264	322	334	328	311	257	236	241	258	224	280	293	298	450	436	425	417	430	420	435	416	430	444	477	475	439	461	418	332	296	290	234	225	224	241	221	237	209
295	236	188	241	246	275	322	243	276	306	345	256	218	206	220	196	188	229	295	321	350	339	343	309	268	257	239	210	221	268	257	195	174	161	170	255	327	344	330	242	269	268	303	270	240	244	211	220	259	299	281	225	231	369	354	248	228	248	315	326	291	317	407	371	344	352	360	456	409	462	375	280	303	297	332	330	285	296	255	211	189	220	231	225	221	224	301	297	313	300	290	268	306	380	401	428	428	483	529	464	447	445	433	422	416	484	472	434	401	380	376	373	351	285	263	245	210	213	230	197
242	212	183	241	271	350	296	243	323	368	350	280	211	186	208	186	198	238	264	294	285	307	323	351	234	266	235	233	193	251	224	201	215	188	181	235	316	303	267	221	244	261	268	269	269	266	240	232	226	276	289	253	214	312	335	212	237	266	347	392	302	308	308	320	317	326	357	370	369	386	290	268	310	293	254	276	304	254	207	179	190	221	247	221	220	240	300	382	389	356	337	294	360	456	463	455	420	475	482	460	457	460	415	398	386	450	450	396	388	412	389	385	344	327	305	265	247	220	251	251
265	256	240	361	299	370	280	260	311	298	311	268	250	307	243	212	203	219	271	290	296	289	355	349	208	200	231	206	178	183	219	236	280	213	195	293	320	301	263	233	252	251	211	213	250	311	300	292	261	253	255	268	243	276	278	253	301	265	240	368	344	292	256	305	308	368	350	313	319	302	326	292	247	216	197	269	301	207	178	189	186	216	212	256	275	252	307	322	357	337	394	418	440	455	484	460	469	468	459	451	424	450	410	422	429	459	460	399	394	444	453	419	380	373	319	320	351	250	306	349
274	244	314	404	319	319	271	255	276	256	275	289	248	254	281	215	202	231	271	278	285	280	291	263	214	176	179	184	166	189	167	200	205	189	226	335	348	316	279	280	275	281	246	208	268	449	335	302	373	250	248	250	242	245	236	226	272	241	249	264	288	283	298	333	358	338	323	275	278	321	280	245	214	192	175	194	171	185	193	207	210	198	223	269	313	290	305	296	348	384	397	388	398	456	461	462	452	507	472	489	471	454	426	442	457	448	476	476	442	433	432	395	342	334	324	318	367	301	236	271
263	253	264	286	329	284	282	303	302	256	318	322	248	275	331	258	226	222	229	261	267	256	263	260	234	248	182	149	159	217	181	226	249	272	269	287	334	336	299	309	274	273	243	236	265	359	346	347	370	266	263	254	245	229	221	221	234	246	261	276	287	291	316	330	342	319	324	300	283	282	309	272	243	239	198	188	178	180	190	199	222	218	220	243	297	295	282	294	326	360	357	357	427	448	443	445	445	455	462	468	470	449	447	449	422	429	448	460	451	435	401	377	355	357	362	329	372	381	248	252
252	259	264	320	275	295	298	285	350	303	337	288	237	266	297	223	208	256	245	234	240	232	239	215	209	230	228	160	217	245	189	194	226	304	317	287	321	338	294	315	332	345	322	384	344	313	345	293	334	266	260	219	187	206	196	209	222	253	282	290	315	303	309	349	374	371	403	345	298	342	364	266	282	254	211	183	184	207	190	181	213	238	266	252	295	342	294	263	287	329	336	336	426	444	411	405	434	442	442	450	459	427	444	438	386	420	423	437	412	406	363	346	344	376	376	350	399	410	361	320
261	292	261	283	277	332	356	368	347	336	294	234	230	276	277	203	176	252	232	211	183	196	183	214	215	235	278	185	155	147	157	219	237	237	260	256	253	250	239	298	358	374	418	425	347	335	277	288	278	291	260	206	190	197	220	247	242	233	246	321	388	365	353	413	455	472	449	372	388	421	386	277	282	273	233	224	213	213	218	208	219	250	274	260	294	314	289	252	237	287	321	341	378	435	409	362	371	382	382	440	418	439	439	458	429	415	419	429	418	416	437	373	355	364	370	355	407	416	344	317
277	267	296	337	327	362	422	429	331	326	309	263	271	341	299	261	229	239	235	195	191	203	217	235	231	227	252	227	172	191	199	205	211	222	187	174	205	221	243	274	329	352	388	360	391	326	316	296	306	272	246	189	166	143	163	195	170	188	218	305	319	301	317	367	415	425	397	353	384	381	333	279	259	222	210	229	222	238	239	222	206	233	233	219	238	252	283	263	241	312	327	343	371	402	411	339	339	429	467	471	488	628	504	502	494	480	484	391	400	410	440	378	337	325	371	374	354	334	358	355
290	332	310	328	349	335	393	336	276	261	266	270	259	361	321	251	201	201	226	195	185	196	217	236	226	250	269	234	205	228	283	224	206	223	233	196	194	205	260	273	296	311	364	337	402	340	308	283	266	242	219	173	172	163	160	165	155	179	250	244	261	283	277	342	396	395	347	363	424	413	397	285	252	213	212	253	228	210	202	214	234	216	228	225	233	278	271	266	291	293	316	311	352	363	364	347	409	442	446	466	435	478	581	472	468	457	494	423	464	440	395	387	352	334	315	292	318	355	360	364
276	310	309	320	276	292	308	294	247	266	269	288	280	311	287	243	214	212	220	214	202	189	230	233	245	252	285	295	231	243	275	220	198	217	266	238	209	226	241	268	270	317	362	348	340	334	354	312	276	232	224	211	201	212	198	199	201	235	272	350	306	337	404	393	412	395	378	365	416	408	358	284	266	243	256	287	238	180	196	229	235	222	211	222	223	248	255	256	294	304	318	293	285	310	319	376	397	462	468	449	464	443	474	476	449	424	435	472	481	492	502	452	362	332	282	276	308	321	322	337
310	284	268	310	292	283	316	300	268	271	305	287	254	256	247	227	222	222	236	251	243	211	232	213	234	274	272	263	242	227	265	216	223	216	272	276	225	226	260	264	279	330	332	400	395	339	354	404	300	303	287	255	263	236	205	202	207	215	301	436	403	390	466	509	480	457	392	388	366	349	315	277	276	294	276	269	223	211	197	218	235	203	208	190	224	246	234	251	257	295	300	295	281	293	351	316	375	445	447	456	462	465	461	435	407	412	408	438	401	487	491	411	376	346	350	288	276	295	294	344
324	298	259	291	320	323	327	330	311	307	273	255	249	254	255	237	263	266	262	237	278	268	251	217	224	248	282	263	218	253	260	264	229	221	293	412	303	286	292	284	324	328	320	352	358	405	351	374	341	342	302	310	338	301	256	242	240	300	374	414	342	343	421	387	380	378	339	344	367	315	246	271	255	299	274	273	258	193	245	218	205	201	204	195	220	220	229	255	255	273	289	316	307	343	389	368	409	441	447	444	447	469	442	444	384	397	433	314	355	412	429	422	399	365	392	314	321	317	300	361
286	280	273	294	297	310	349	374	342	317	289	282	251	242	268	270	273	275	254	231	257	257	254	222	218	274	333	269	264	246	241	274	247	217	241	281	292	335	285	284	362	390	352	350	362	378	346	349	338	314	325	339	306	277	240	268	321	339	358	383	357	397	397	307	305	338	324	302	337	313	300	318	284	334	313	305	265	238	262	229	182	238	220	222	218	192	227	233	209	251	305	262	287	349	361	372	414	441	455	452	442	491	400	360	370	396	265	253	273	281	302	308	365	335	315	320	328	321	326	362
273	280	292	318	327	324	316	356	353	293	286	283	238	243	274	234	275	290	279	229	213	220	258	252	283	258	300	308	316	223	210	236	231	241	258	304	306	303	299	335	382	349	339	373	398	368	371	378	372	344	386	359	303	238	236	276	355	310	292	277	279	299	326	251	247	335	342	309	309	305	328	300	282	295	281	253	262	241	259	249	221	235	263	235	235	212	270	328	230	205	225	273	301	316	330	381	396	446	437	410	444	432	364	283	291	273	229	210	211	215	251	285	316	286	240	259	289	284	311	335
285	278	284	324	317	293	304	366	358	286	253	243	237	249	263	261	309	309	257	208	211	243	259	284	322	314	340	399	372	246	210	233	268	268	276	342	345	358	354	379	377	351	332	375	398	365	366	356	394	399	363	307	279	237	248	292	331	301	271	264	245	239	267	249	239	317	363	355	354	310	314	305	294	287	295	305	286	263	279	293	295	291	283	225	230	271	290	308	263	236	266	324	300	312	304	328	365	373	333	375	378	318	289	238	206	195	203	199	214	211	222	257	278	260	227	237	236	241	269	312
288	314	277	324	350	325	338	328	249	236	249	277	260	242	262	268	292	268	280	231	234	274	310	320	286	293	343	335	283	225	193	200	262	246	261	407	402	405	449	446	401	408	367	386	401	391	398	374	391	383	361	299	270	231	229	254	314	265	235	198	192	182	189	167	194	249	256	256	244	241	241	250	249	241	227	255	249	262	271	301	268	283	262	242	249	309	337	324	287	213	211	263	303	298	318	305	334	336	310	357	358	393	352	278	265	178	143	187	230	237	232	267	226	266	231	238	249	234	248	267
230	226	266	292	291	298	372	360	273	263	276	278	276	263	239	227	248	245	286	241	256	303	317	293	226	228	270	298	320	283	277	269	329	219	287	392	373	320	332	339	371	362	351	387	411	358	387	352	382	375	434	297	265	320	313	276	332	316	280	253	281	222	240	180	208	242	232	202	220	245	251	273	282	241	247	283	248	243	275	359	271	246	250	222	315	375	380	355	305	283	252	256	276	274	292	340	316	307	324	325	385	402	298	259	220	176	182	209	216	225	214	203	203	217	212	235	232	236	229	243
185	211	265	255	270	308	353	359	300	287	299	259	256	266	228	220	256	273	273	244	250	276	287	230	209	200	280	299	326	340	332	384	330	276	281	353	290	307	294	386	389	452	419	382	406	368	334	307	309	388	386	336	303	320	292	298	314	297	333	327	307	267	282	183	224	251	221	221	228	259	262	293	277	261	236	285	279	289	274	363	313	223	270	317	379	387	356	361	293	226	219	242	290	319	279	332	391	378	400	318	324	401	358	256	192	282	225	188	190	209	175	180	181	196	199	211	198	205	208	230
163	159	247	232	231	284	329	311	271	308	276	251	253	246	240	254	259	262	268	243	236	277	301	241	252	256	253	294	378	359	328	346	302	303	268	310	328	289	305	394	462	505	434	364	410	357	301	316	279	345	338	281	307	333	316	284	345	287	312	402	338	330	262	197	248	232	215	256	262	242	251	278	264	256	229	270	285	322	314	374	369	261	170	224	281	390	346	303	225	199	195	257	269	327	326	337	343	389	422	375	371	377	350	278	244	207	205	184	176	216	168	189	189	189	202	185	182	214	202	207
184	197	229	200	183	236	316	346	281	300	289	231	257	252	253	262	242	255	292	248	237	234	260	239	203	259	273	270	374	377	380	348	345	341	316	289	345	350	330	477	487	494	431	452	444	403	288	290	322	291	382	312	331	339	342	297	363	327	325	316	375	330	316	252	283	214	211	252	255	256	252	291	236	210	194	215	279	285	270	325	234	238	257	222	292	383	347	285	203	206	245	301	298	299	294	279	263	304	315	352	320	287	304	271	219	192	181	198	218	226	223	279	178	132	133	145	148	168	163	166
228	231	176	187	180	211	257	285	271	304	245	221	264	231	213	223	225	285	269	208	246	239	237	236	190	251	248	275	312	292	301	328	330	375	366	327	318	381	441	551	497	459	421	455	431	402	379	312	300	316	336	290	301	406	368	304	336	314	365	318	245	249	318	291	273	221	219	230	289	297	275	282	240	199	217	269	285	305	304	347	243	209	266	267	299	304	373	332	224	230	231	225	221	250	271	248	249	332	305	297	274	267	294	247	245	252	223	226	220	211	221	211	170	133	142	139	137	130	134	147
194	198	158	161	160	203	238	266	286	300	276	243	291	305	245	179	184	276	283	247	247	264	243	202	181	200	232	276	300	274	340	336	354	400	371	334	348	429	480	580	509	449	426	454	410	418	414	357	316	345	311	254	333	388	355	245	268	255	349	321	246	242	260	271	292	264	258	258	329	318	379	317	263	266	313	344	300	325	326	342	297	273	268	284	326	417	418	367	292	244	239	256	222	242	257	243	235	241	240	261	270	216	247	267	268	288	261	213	197	194	207	186	172	162	146	135	131	115	127	140
151	130	138	157	160	206	234	254	251	239	231	219	241	276	260	243	248	237	258	236	237	275	300	235	192	269	339	346	305	279	270	341	347	380	340	352	326	394	439	419	438	451	367	383	416	469	472	387	456	391	294	248	331	362	328	282	240	273	332	279	187	227	265	244	272	229	203	237	254	240	296	314	287	275	285	336	303	295	363	345	310	259	271	265	288	439	415	371	315	318	316	295	264	237	215	258	204	195	184	221	223	192	236	224	201	233	215	205	183	190	184	198	206	184	138	134	129	108	99.9	115
131	127	136	143	162	189	208	227	200	204	210	247	234	222	241	282	243	233	220	255	266	296	332	275	232	240	340	329	321	288	296	373	341	338	355	368	354	363	368	391	356	403	361	411	442	490	504	452	472	421	304	285	272	284	229	229	195	255	314	364	288	225	245	273	251	225	233	245	233	256	246	293	259	267	216	242	306	265	297	277	252	211	244	229	199	217	276	268	266	302	277	247	237	212	201	221	184	167	147	194	201	208	192	247	250	255	255	208	194	213	186	180	201	261	172	169	162	122	105	114
145	148	150	136	174	178	202	236	239	242	282	282	269	277	250	259	247	224	245	303	307	310	300	290	275	277	317	335	328	318	352	392	365	362	348	391	394	349	348	410	394	406	386	423	424	484	501	560	538	464	321	271	305	269	298	205	167	222	353	402	297	196	223	212	214	213	239	239	201	203	216	243	219	201	207	245	249	283	290	314	259	221	197	218	215	203	246	268	252	278	298	221	200	189	186	173	174	161	173	224	235	206	186	211	232	244	260	193	206	216	175	169	236	307	177	160	160	170	125	96.1
162	172	169	161	195	210	223	229	263	281	315	338	333	285	290	250	273	242	250	311	306	322	336	281	245	249	269	326	324	303	286	359	307	305	343	416	373	378	398	417	413	397	401	394	378	431	473	605	510	476	359	288	277	251	228	238	184	242	286	294	248	217	226	147	166	172	219	176	205	185	202	244	321	268	216	219	190	215	256	308	222	229	252	243	225	229	233	268	226	227	262	191	189	189	175	188	225	216	248	269	268	212	227	234	225	262	234	235	233	210	187	191	224	296	232	205	194	171	125	99.4
155	158	191	175	194	179	199	231	270	312	388	435	443	359	304	248	283	263	270	307	333	362	347	284	294	279	247	318	329	275	308	329	295	289	340	413	385	328	316	356	456	391	357	370	357	359	429	459	423	415	367	287	311	302	270	233	242	210	160	164	205	185	154	124	199	183	165	167	206	188	236	281	264	260	187	175	180	202	232	295	211	210	276	259	252	249	210	202	176	161	203	172	157	173	193	213	276	270	240	233	280	239	221	204	215	276	240	214	241	200	182	154	165	260	221	221	175	175	126	114
159	179	201	199	188	190	198	221	250	287	322	344	345	320	265	250	229	237	267	273	353	383	388	343	311	311	275	301	292	312	322	313	333	329	346	377	327	296	291	300	355	353	344	344	394	345	370	370	365	411	348	278	298	318	396	269	236	236	194	171	157	124	136	167	201	228	181	192	208	232	262	256	270	287	232	201	212	235	287	252	232	223	227	208	232	262	199	175	159	197	230	178	193	208	244	220	184	205	221	260	268	243	226	214	250	220	202	186	208	192	165	162	153	213	194	217	171	156	192	118
163	180	206	191	193	196	179	201	229	259	281	303	323	313	271	277	259	273	257	274	293	358	376	317	294	327	341	295	281	278	273	318	346	378	390	348	323	313	264	272	268	284	322	331	373	375	389	451	461	388	308	303	315	359	367	287	314	225	222	180	141	184	199	158	219	256	217	240	233	210	187	200	199	259	253	261	252	281	284	272	264	234	222	246	272	264	235	184	196	265	244	179	173	195	195	197	173	225	256	265	253	247	223	218	214	206	196	200	184	174	173	158	187	180	170	163	148	205	188	103
168	188	211	228	181	181	198	222	240	253	263	257	281	298	269	296	276	244	230	245	275	318	378	311	355	309	325	315	273	269	261	306	372	413	410	366	311	303	276	263	224	273	315	329	364	413	386	359	342	293	248	252	287	300	248	298	291	203	178	210	286	245	309	215	208	208	231	319	256	216	155	157	186	198	195	224	288	242	202	234	240	251	200	234	224	209	205	215	240	298	219	170	174	174	180	176	184	240	289	295	267	249	236	234	238	227	257	274	189	123	140	150	203	185	120	146	150	164	191	123
188	160	166	191	163	166	189	230	258	270	279	223	241	286	286	264	268	248	220	230	258	258	291	313	286	284	318	306	281	273	257	283	343	380	382	329	316	286	268	282	273	284	301	303	333	404	388	303	280	244	231	197	218	279	262	180	179	168	148	177	224	233	354	290	247	209	229	235	218	234	198	201	260	209	196	216	204	196	192	171	201	234	195	202	213	226	194	199	291	247	207	163	171	185	194	189	220	261	309	274	329	285	272	267	286	278	276	289	221	157	141	139	204	145	110	146	151	159	136	108
185	184	160	128	119	152	151	196	233	270	280	251	229	259	239	247	271	289	253	252	252	234	265	302	270	268	254	251	254	259	275	288	292	302	312	336	297	263	237	224	235	230	264	280	269	304	374	351	313	216	230	238	249	216	229	203	149	184	161	145	175	277	301	244	311	255	277	248	235	214	250	210	258	251	208	221	204	179	199	165	165	198	188	208	197	165	181	199	206	234	179	195	240	254	226	244	287	292	329	308	319	289	252	269	299	301	270	297	225	194	175	195	196	144	131	156	135	125	88.6	101
208	182	160	132	132	176	181	181	182	238	264	244	220	213	236	247	273	267	267	272	256	244	260	269	267	253	240	220	226	253	286	294	293	313	287	291	275	247	246	212	260	253	250	290	269	283	326	388	322	222	192	278	191	218	230	240	165	143	152	177	154	273	370	278	247	248	321	260	257	218	198	210	240	261	209	279	199	155	201	183	162	180	166	151	151	128	170	194	205	247	206	227	232	239	259	330	279	291	300	308	331	290	246	243	251	255	244	222	250	225	176	155	181	134	142	160	139	121	97.7	102
169	164	160	146	168	229	207	212	193	197	208	220	220	222	249	242	235	249	268	267	290	280	252	248	249	260	233	215	236	253	277	317	257	233	231	235	243	234	239	250	265	281	277	274	256	271	299	323	302	246	200	198	210	259	238	216	181	116	153	198	179	245	326	228	214	192	232	233	263	248	274	197	229	235	198	235	192	196	214	208	181	183	167	146	127	107	120	166	185	220	237	249	265	251	236	293	292	314	326	276	268	254	238	210	201	236	233	181	167	158	128	138	133	96.9	159	153	104	105	121	94.8
154	166	174	158	170	216	225	232	206	192	187	214	218	251	281	264	213	225	252	265	284	261	247	261	260	223	227	217	228	247	277	272	201	203	207	212	216	227	242	283	265	257	262	246	232	301	266	243	251	230	157	122	135	182	164	141	97.4	109	149	181	175	235	292	211	185	172	178	208	212	258	291	215	208	233	219	218	205	206	210	205	180	180	165	134	137	111	111	113	137	183	222	246	255	193	194	297	315	314	317	288	262	271	241	179	164	191	233	226	166	142	98.9	109	89	105	110	116	108	117	118	98.6
118	128	146	158	170	213	193	161	138	147	140	157	161	160	239	247	207	212	251	319	266	237	236	239	236	228	221	213	218	251	264	241	198	197	182	184	189	179	181	211	260	199	269	263	237	253	214	203	208	195	201	200	184	194	163	175	150	159	168	247	191	187	235	255	194	165	191	199	229	239	271	225	202	220	221	184	184	198	209	209	203	232	247	154	108	109	105	121	147	157	182	254	250	206	215	292	378	316	250	218	204	205	204	138	143	214	303	350	191	149	93.3	78.6	81.4	111	115	105	96.9	106	136	161
139	130	125	158	175	185	198	159	158	130	121	149	156	158	200	223	220	200	229	280	257	221	219	229	236	229	231	215	215	232	227	203	177	177	195	208	182	182	172	187	231	241	293	270	256	204	167	200	212	218	226	195	228	246	141	163	186	212	183	174	154	178	194	250	249	206	228	232	243	240	227	240	186	215	224	208	197	208	201	225	257	262	283	173	146	131	119	145	139	169	201	213	225	222	162	258	335	278	259	203	210	209	190	161	186	299	291	344	232	178	114	121	117	122	139	112	110	92.4	128	126
140	126	132	141	161	154	173	182	184	147	122	138	154	153	170	226	241	224	240	247	230	192	219	218	231	237	223	197	206	219	209	194	191	196	194	166	199	193	183	160	187	174	252	269	222	159	169	167	219	238	207	167	215	252	150	132	195	200	146	118	110	174	149	189	196	199	223	263	291	254	233	183	185	200	183	185	208	260	245	266	253	245	261	204	164	166	140	173	153	179	204	186	164	177	177	347	266	407	309	270	276	276	242	199	179	195	248	399	232	139	94.2	78.6	81.1	105	94.4	108	94.1	80.6	69.1	84.9
205	160	121	96.5	132	180	174	175	152	150	163	132	128	140	145	188	200	228	216	213	205	202	217	233	224	209	205	194	203	216	210	181	191	203	185	158	179	213	215	184	170	180	183	190	185	216	246	187	209	192	172	167	258	260	226	211	180	203	128	131	125	147	142	180	207	224	203	216	236	224	190	172	179	172	157	174	164	227	248	295	248	241	228	207	160	161	152	150	175	168	167	189	182	172	241	208	229	374	341	317	284	272	241	246	216	180	174	248	190	190	86.6	58.5	85.7	72.3	51.2	92.7	93.5	75.2	45.4	41.2
284	231	147	127	129	131	144	138	117	117	113	147	146	132	135	161	174	198	208	193	195	190	198	206	198	175	182	170	186	216	204	183	194	233	198	169	182	225	263	196	193	177	180	190	182	168	231	206	223	199	181	201	165	211	214	202	190	218	174	147	160	151	176	229	229	247	217	206	230	220	152	147	150	156	167	252	157	265	269	259	306	234	275	215	229	251	286	174	158	143	227	231	197	165	258	224	227	238	252	274	241	219	205	194	206	166	177	209	229	178	97.2	103	84.2	87.8	82.9	72.2	70.7	105	62.9	51.9
292	286	202	176	141	106	102	104	126	107	101	122	132	131	124	130	145	153	162	179	184	184	171	180	187	165	161	159	173	191	216	188	195	226	217	159	157	197	221	236	177	150	175	193	155	160	183	271	240	215	202	214	156	187	189	195	174	183	156	122	223	191	196	268	218	282	263	238	260	219	169	176	152	156	208	239	187	218	234	308	308	224	213	203	323	304	360	211	201	204	269	334	220	210	233	203	195	216	240	278	246	248	200	196	198	168	179	196	190	156	122	113	76.7	78.8	80.3	68.4	117	120	89.4	68
279	309	265	182	158	122	114	95.1	94.5	89.7	94.1	117	135	129	126	141	138	131	135	184	191	191	223	184	180	161	161	159	169	176	174	156	176	209	209	158	212	251	220	222	174	151	164	176	159	182	182	235	202	224	248	219	198	163	166	168	178	179	124	97.4	182	179	169	230	238	293	307	305	265	248	222	188	189	214	234	220	185	240	279	372	371	232	212	147	191	276	333	257	236	243	244	268	267	201	195	198	211	174	213	204	220	195	223	226	192	164	187	205	207	155	129	117	92.2	78.2	69.1	62.1	115	126	59.1	38.4
251	297	292	218	199	150	132	90.4	88.3	116	119	133	130	133	153	142	134	128	140	168	187	182	189	182	168	159	160	172	179	172	171	161	165	183	169	120	191	190	248	221	203	201	176	186	175	176	200	261	202	161	196	201	195	158	158	163	177	169	118	84.3	99.6	116	140	173	241	281	335	372	275	281	278	205	198	232	230	205	246	258	211	286	331	274	242	215	133	166	278	225	239	239	193	177	204	198	144	193	211	198	192	138	170	178	193	192	155	158	182	247	188	168	134	100	85.9	78.8	67.8	58.3	51.5	151	68.5	51.1
204	266	290	248	193	150	145	128	153	178	155	155	141	135	137	176	148	151	155	154	180	173	174	178	161	164	153	180	170	150	167	178	173	181	189	163	159	216	268	270	274	221	191	178	171	190	223	256	253	155	170	213	248	185	165	166	162	150	135	124	110	110	139	129	196	298	337	360	325	287	278	246	204	201	188	266	302	249	245	280	263	231	194	198	153	168	205	194	205	237	205	154	185	179	129	155	171	195	163	115	129	157	184	161	149	155	186	203	165	155	152	103	93.5	75.1	61.8	52.4	55.6	78.2	60.7	45.2
181	205	220	195	147	120	134	164	177	202	192	199	165	160	145	162	175	151	181	146	153	153	170	168	175	193	167	201	187	177	167	173	184	208	204	187	161	178	223	250	294	249	218	139	158	192	183	194	227	162	157	152	173	207	175	159	134	140	133	98.5	130	137	146	139	198	248	272	317	340	304	335	288	250	224	227	248	215	215	221	258	261	284	266	194	166	170	173	176	200	200	189	145	197	224	282	202	180	165	167	135	158	152	233	166	152	201	222	191	219	150	143	125	127	112	96.2	71.2	61.5	50.3	55.5	73
173	171	155	131	116	113	128	191	244	300	268	223	193	189	180	182	196	196	161	154	161	162	161	162	173	199	178	204	167	166	169	167	175	193	199	171	197	170	222	246	296	220	215	239	217	164	205	197	201	174	187	155	139	147	177	155	136	197	171	130	112	133	170	162	184	207	229	248	295	309	277	263	225	241	237	207	210	206	196	321	310	317	288	209	204	163	165	168	204	228	208	174	140	193	203	210	157	142	131	135	144	131	137	151	150	187	188	200	167	154	151	132	133	115	109	96.8	75.6	54.3	74.9	133
137	149	129	120	117	125	148	214	311	343	360	262	209	214	206	182	204	221	154	142	137	143	147	144	158	163	158	183	163	156	163	160	160	193	185	188	205	181	184	232	274	188	178	134	155	171	213	189	242	251	190	171	173	135	184	172	135	161	158	170	124	128	141	166	171	167	220	237	234	250	240	255	257	247	257	296	271	210	214	323	316	281	307	219	203	172	171	183	207	241	247	287	171	162	209	211	161	135	142	124	147	153	129	151	144	186	202	228	170	132	126	192	151	120	106	99.6	91	124	69.9	96.4
114	116	122	137	117	107	126	149	227	286	361	381	328	277	237	231	218	182	163	154	146	146	145	138	152	152	153	158	190	143	159	149	155	172	181	204	240	199	208	239	197	184	174	76.6	147	232	180	185	238	199	144	139	170	143	154	151	139	143	163	185	147	129	141	159	172	187	226	236	214	225	268	239	251	248	221	275	243	253	223	229	209	215	222	226	233	203	202	206	204	226	209	244	221	158	322	209	185	180	169	112	120	137	137	151	151	166	160	170	146	162	217	185	190	139	95.8	70.9	71.4	86.7	72.1	71.7
109	98.1	102	114	119	105	111	119	140	171	249	306	363	332	278	317	272	235	187	146	132	123	145	121	123	125	118	148	168	166	179	148	175	165	172	228	240	220	196	207	203	193	158	106	131	212	220	132	139	201	171	144	135	142	174	128	112	138	164	188	170	143	110	151	191	208	212	210	219	227	225	238	235	226	213	245	258	312	285	237	199	225	211	192	213	215	233	196	200	209	233	245	283	259	303	210	208	157	134	116	105	97.1	98.1	139	144	143	134	137	146	172	186	161	178	132	135	79.7	60.6	41.5	61.2	74.7
103	103	105	89.5	105	111	95.8	92.7	113	130	175	208	221	218	235	346	363	316	214	143	122	115	124	109	115	110	112	140	153	162	166	155	200	192	166	196	238	205	219	257	204	180	178	107	92	164	263	185	112	149	140	142	109	122	203	162	134	133	145	180	149	125	160	201	247	228	233	214	231	243	234	214	235	238	217	266	267	333	353	268	228	256	250	198	191	229	215	189	249	253	201	247	336	280	242	217	200	164	134	116	99.5	104	98.8	127	140	133	138	146	154	160	165	137	157	151	162	85.3	55.8	48.7	63.2	79.8
92.7	110	104	84.7	96.9	107	105	108	117	127	130	152	145	133	133	237	267	261	167	133	113	103	112	103	102	111	118	125	144	155	144	155	139	165	186	198	202	195	205	221	219	186	170	123	103	110	155	164	157	169	132	125	109	116	196	193	181	142	118	176	169	186	238	234	281	236	243	228	241	271	294	263	232	210	203	255	235	250	223	243	265	276	245	199	202	200	192	176	219	205	218	189	231	218	202	202	202	191	150	127	114	107	122	121	118	115	112	125	142	148	137	126	109	110	104	86.6	78.5	65.5	56.8	69.9
82.1	87.5	96.5	78.3	86	96.2	95	107	116	113	99.9	111	108	104	106	119	128	185	105	90.4	78.8	89.2	83.3	98.6	104	101	108	107	110	124	134	142	147	155	163	168	191	187	193	209	192	170	171	169	146	131	174	198	201	201	174	138	126	85.9	104	120	133	124	116	159	174	189	219	228	253	238	259	242	264	300	273	261	264	219	207	212	278	235	226	232	250	254	223	217	224	197	201	199	207	209	226	188	210	239	204	260	168	154	155	136	124	121	135	136	118	114	105	111	136	134	129	120	95.3	98.7	83.3	79.7	77.1	63.5	60.1	42.9
91.9	92.5	90.3	76.8	88.4	93.7	91.8	110	120	117	97.3	90	105	103	87.7	85	75.2	85.6	84.7	79.3	71.1	78.2	84.9	102	113	119	107	112	118	135	120	133	146	142	150	149	182	207	208	185	179	159	163	178	142	154	152	138	189	230	198	148	140	95.3	74	90.4	115	138	152	167	217	284	273	234	234	249	245	226	246	269	290	296	292	242	214	223	251	214	215	222	227	218	219	201	204	203	183	185	184	198	229	245	186	241	270	226	171	141	120	131	131	121	131	121	108	116	106	115	129	124	124	117	114	108	80.7	101	78.8	62.1	49	45.6
91.8	89.9	89.5	80.6	94.7	86.4	82.8	88.4	90.4	99.9	89.5	94.7	88.6	98.6	97.4	87.5	73	112	121	124	118	103	126	143	130	122	122	116	124	136	141	139	134	131	142	156	164	179	218	184	167	154	146	150	160	137	116	121	221	224	181	121	181	108	97.3	105	123	154	171	167	175	223	245	205	206	222	226	215	204	207	251	268	255	228	226	216	226	186	227	210	223	211	194	184	184	186	180	179	179	207	235	214	204	236	289	207	164	159	128	123	157	135	157	121	107	99.4	112	130	127	116	128	150	108	116	84.9	74.2	78.4	63.5	45.1	32.6
107	100	102	90.6	97.9	92.3	93.8	87.4	81.4	86	76	95.8	93.8	93.7	101	101	96.7	101	114	171	200	149	143	138	192	144	139	130	112	111	111	130	131	125	136	157	147	150	173	181	175	155	151	152	137	120	95.5	75.8	179	208	240	143	134	117	139	144	125	130	154	221	233	202	239	195	183	211	204	199	177	198	211	223	227	211	213	207	195	218	252	202	210	205	226	200	177	183	174	177	189	176	182	184	230	225	269	219	197	164	134	136	169	179	153	135	108	98.1	115	131	125	112	103	137	142	149	125	117	120	64.2	54.5	43.1
84.6	79.7	75.6	71.4	71.3	78.2	76.7	76.6	63.4	67.3	69.8	87.5	88.3	74.5	72.2	89.2	75.4	77.5	96.2	112	195	172	151	142	136	147	131	128	110	101	106	116	109	111	128	152	134	148	143	164	155	145	139	122	115	110	109	97.2	101	128	176	141	112	115	146	156	149	133	144	155	165	157	148	171	156	161	175	195	190	197	195	208	202	194	202	213	215	237	227	174	192	204	221	188	175	164	164	169	183	163	136	159	183	205	218	297	251	209	172	185	189	186	164	164	132	132	126	141	144	120	115	121	142	145	146	120	111	74.7	54.9	47.6
54.1	50.8	48.5	84.2	91.6	61.5	68.9	70.4	63.4	58.2	67.2	76.9	78.4	76.5	61.1	70.6	71	74.9	95.1	122	177	174	160	174	148	126	118	138	123	121	110	127	111	108	120	139	146	157	141	141	140	135	130	121	104	92.5	101	85.5	90.7	92.8	110	129	93.2	89.5	141	155	122	120	117	124	153	140	131	131	134	139	151	178	189	196	203	185	186	170	180	178	195	205	199	179	196	220	218	188	193	178	184	197	189	180	157	154	169	204	204	303	284	216	215	198	207	175	175	157	140	142	154	144	141	107	110	98.5	113	124	134	89.1	84	74.6	57.1	49.5
26.5	26	36.6	50.7	97.1	50.5	54.4	108	61.8	58	57.6	70.6	72.1	70.4	65.1	71.5	68.5	68.8	63.9	87.8	107	135	185	155	148	141	131	148	132	117	130	123	115	118	119	137	147	144	161	132	136	140	111	103	95.3	86.2	88.9	75.5	70.9	74.8	81.7	87.9	98.3	91.3	99.6	106	112	115	115	108	124	115	106	113	122	135	151	179	168	204	220	171	176	170	175	196	207	185	175	171	177	188	207	224	220	201	215	226	208	196	183	167	157	174	204	279	284	223	237	222	186	163	198	165	139	132	154	183	148	99.6	94	93.4	104	82.7	80.3	78.8	80.3	71.6	52.4	50.3
17.6	20.1	22.9	28.4	30.6	43	44.6	95	57.8	58.8	49.8	58.4	61.3	63.5	69.7	62.1	57.6	67.3	64.3	69.3	107	117	181	196	155	139	130	145	141	138	129	122	104	131	135	138	158	150	138	137	157	165	155	108	94.7	88.1	85.8	72.5	79.2	63.3	66.2	57.7	71.9	79.3	89.6	92.1	102	123	116	139	126	130	104	113	115	128	148	166	171	181	200	192	182	183	183	194	237	208	181	182	218	192	191	223	252	251	250	215	195	182	183	190	138	136	181	242	255	208	214	194	198	194	199	175	157	138	132	164	155	117	104	101	91.5	75	75.7	94.9	94.6	88.9	70.8	54.8
3.96	5.66	6.71	18.5	18.3	21.5	28	40.7	53.2	54.5	45.6	54.2	62	61	56.2	60	61	62.4	63.8	66	71.1	104	123	158	141	127	141	142	148	168	193	177	121	103	117	130	143	144	149	132	143	144	141	128	106	96.4	96.5	66.9	63.2	63.7	64.2	52.8	76.7	99.2	89.4	92.6	90.3	105	103	125	118	128	112	116	118	136	143	146	164	157	176	189	175	173	192	207	190	186	200	206	242	219	212	244	227	226	209	199	196	190	179	178	173	153	159	231	259	246	242	233	208	235	213	182	172	170	164	178	161	130	108	86.8	83.1	76.9	72.1	78.8	83.9	87.4	67.7	54.2
2.85	3.73	4.59	13.4	13.3	14.2	16.3	24	31.9	40.2	53.8	60.4	56.8	63.8	69.1	64	80.9	80	69.8	80.6	77.9	86.6	98.2	105	113	105	122	144	174	222	254	267	145	118	115	128	139	130	145	132	132	135	132	122	101	89.9	90.1	69	61.9	58.5	52.6	50.5	56	91.1	106	97.6	91.5	79.9	93.6	101	116	121	108	98.5	121	131	138	153	173	153	158	162	178	188	188	257	254	213	187	182	169	183	192	250	212	205	207	197	200	213	168	143	165	162	164	205	232	266	235	237	237	230	210	192	192	177	186	174	161	142	107	96.4	99.3	79.4	72.7	95.3	79.6	68.5	60.7	58.8
2.63	3.85	2.9	11.5	12.4	12.6	13	20	21.9	27	34.9	57.5	59.9	64.3	64.4	76.9	75	64	70.8	85.8	92	76.1	86.3	101	83.1	89	81.4	116	165	212	267	328	233	180	126	128	128	128	146	143	135	142	129	125	104	88.3	100	65.6	57.9	64.5	56.9	45.3	51.6	71.6	88.3	83.6	77.4	81.7	84.2	97.2	116	107	94.7	100	116	118	126	130	130	131	147	150	170	175	171	209	256	171	150	156	157	197	218	190	169	186	214	192	177	160	164	170	181	176	168	202	237	275	239	248	223	231	215	184	177	159	182	178	156	126	121	121	114	84.9	76.2	87.4	84.1	82.2	64	63
2.29	2.39	2.46	10.7	11	11.3	11.1	18.1	18.2	19	24.6	36.8	61	67.2	67.2	95	79.6	77.1	69.6	71	85.4	77.1	75.9	68.1	72.3	113	69.5	55.4	72.1	107	178	332	399	328	259	165	141	137	131	141	127	128	114	113	116	102	96.3	77.4	60.5	60.5	57.6	47.2	51.2	79.7	94.6	75.6	76.4	76.6	78.4	109	126	128	117	92.7	104	112	120	122	116	116	130	157	159	164	171	187	180	172	178	176	185	180	187	200	157	241	235	193	182	169	165	197	169	155	181	192	207	224	229	250	228	216	201	181	173	160	190	170	168	138	140	169	116	91.5	81.7	79.5	66.9	67.9	64.5	61.6
0	0	0	10.4	10.6	10.7	10.6	17.2	16.9	17.5	20.6	25.4	46.1	57.7	62.4	84	77.9	73.2	72.2	68.8	81.6	73.3	68.9	65.8	64.2	82.7	59.8	56.4	54.3	77.2	139	263	374	424	398	274	169	157	135	135	117	118	110	113	112	111	106	84.1	67.9	67.7	62.1	56	76.2	78.5	77.1	74.5	67.2	76.3	85.7	108	99.4	98	87	86	108	110	126	91.6	94.1	92.6	98.1	118	126	117	142	172	184	153	121	123	146	130	135	152	163	194	182	171	156	178	182	195	176	159	165	194	204	236	225	250	232	198	176	177	179	175	164	157	190	146	175	213	162	123	117	107	82.6	76.9	76.3	74.5
0.09	0	0	10.2	10.1	10	9.66	15.5	15	15.3	17.4	19.2	22.5	30.1	46.4	102	80.2	77.1	75.1	75.6	70.3	75.4	69.5	61.6	63.5	65.8	59.5	58.4	66.9	79.5	102	159	228	328	427	327	226	192	185	146	124	118	116	116	102	106	112	84.4	71.9	66.9	63.4	60.2	74	72.8	58.1	63	65.5	71.3	78.1	103	96.3	85.5	81.2	82.6	97.6	95.9	96.9	89.2	83.8	85.9	92.8	83.2	128	133	160	194	180	166	156	195	138	128	139	187	173	158	165	185	168	162	198	177	154	149	159	223	224	247	211	232	221	189	183	167	177	155	128	163	151	150	181	186	132	134	107	88.3	69.2	77.6	77.3	64.1
0	0	0	9.87	9.85	9.64	9.26	14.8	14.2	13.6	14.4	15.5	16.5	22.1	40.6	95.4	76.9	68.2	69.7	96	74.1	65.9	67.4	62.7	62.4	64.7	60.6	54.6	68.3	69	76.5	121	155	205	273	268	195	162	169	146	128	113	105	95.8	95.8	96	92.1	76.5	70.9	65.3	66.5	59.1	64.1	75.8	72	67.5	65.4	70.4	71.3	85	83.1	87.9	85.9	90.5	91.5	86.8	91.8	80	75.8	81.8	87.7	75.8	109	135	200	231	202	179	159	174	128	136	173	201	146	156	188	166	170	168	161	153	127	137	158	220	222	196	198	204	182	170	152	162	166	146	129	144	119	143	141	148	101	94.5	89.1	102	76.2	87.3	77.9	64.7
0.15	0	0	9.83	9.85	9.48	9.2	14.9	14.6	12.6	17.2	12.3	13.3	16.6	25.8	54	68.3	69.6	75.7	62.6	65.3	64.8	87.9	65.3	61.4	61.7	62.2	53.7	56	63.7	76.8	80.8	119	144	144	151	122	101	95.7	116	125	100	94	86.9	88.2	89.7	78.5	70.1	65.4	68.3	60	55	62	87.6	83.6	74.7	61.8	65.1	70.5	74.5	75.3	82.6	89.9	97.6	88.1	93.4	91.5	80.4	73.8	69.3	73	72.2	77.3	114	158	210	185	142	137	224	211	141	158	157	160	165	184	168	216	198	144	143	122	117	140	175	173	183	170	190	175	166	135	146	143	128	122	133	139	163	114	96.4	133	99.8	108	96.6	85.1	103	136	65.9
