95.6	113	123	140	140	132	141	167	139	152	160	155	151	157	172	204	225	235	226	224	218	274	240	208	205	169	181	224	211	209	220	193	170	164	175	197	226	276	308	254	291	275	296	239	250	212	215	194	184	156	141	195	202	214	213	206	217	206	225	214	182	182	171	169	164	179	164	197	205	228	248	180	164	156	199	179	201	205	237	280	276	286	287	319	334	329	294	144	136	132	129	132	142	159	165	139	133	122	125	118	123	129	117	106	98.7	91.5	79	76.1	77.8	76.1	75.8	71.4	72.4	65.5	66.7	58.5	71.6	64.3	80.7	62.7
130	161	176	174	172	159	171	185	191	248	276	178	174	178	183	212	231	250	221	184	189	206	200	188	179	164	163	233	256	245	229	240	232	247	242	261	261	283	291	279	291	267	282	264	294	254	288	211	215	170	178	143	140	141	140	107	140	140	146	171	195	209	223	229	226	192	194	207	198	219	205	169	172	161	176	202	201	236	249	284	287	287	319	422	456	429	410	404	319	309	324	155	208	193	195	197	207	185	199	254	249	245	216	178	159	181	163	172	153	144	136	131	111	91	84.4	122	117	126	134	121
153	179	191	171	153	160	169	162	190	204	267	207	175	156	172	181	233	221	222	188	190	218	219	214	198	174	165	244	317	261	227	244	271	281	251	240	247	273	283	286	290	258	270	273	261	237	262	245	191	186	168	147	134	128	128	114	140	152	126	151	190	215	230	276	250	220	210	208	201	202	222	177	180	188	214	232	249	258	273	280	305	306	335	414	438	469	496	448	422	326	316	203	215	248	249	230	218	218	243	275	263	247	239	199	180	187	178	187	192	173	189	150	129	141	139	151	126	114	112	139
177	174	194	168	163	176	184	184	192	221	229	152	148	151	156	164	166	178	207	178	211	215	217	244	229	211	179	271	292	255	254	314	304	293	306	240	249	267	283	264	267	253	277	278	229	217	240	242	227	203	164	154	137	125	124	121	126	150	135	171	180	215	228	271	255	253	243	218	228	232	244	205	207	225	242	277	260	300	275	275	310	318	354	415	440	465	476	464	448	328	320	213	248	246	299	303	296	314	312	309	286	277	268	253	227	226	233	232	265	258	220	191	177	175	166	150	135	143	134	148
189	186	203	169	185	194	203	221	238	206	218	157	139	158	135	144	162	177	216	179	190	200	211	253	251	231	187	281	287	266	285	378	307	288	285	227	241	262	293	263	245	228	243	251	228	232	252	275	227	213	171	157	140	137	123	93.9	123	126	156	218	208	244	261	299	259	270	289	254	259	258	263	225	228	248	252	261	256	271	285	297	322	336	361	438	456	462	458	486	460	461	364	277	280	285	296	291	341	415	392	361	413	343	365	328	338	293	281	319	312	314	310	292	286	220	205	182	184	168	166	227
227	224	244	202	212	221	217	246	233	218	226	179	171	177	176	189	192	183	194	202	222	197	245	282	300	306	262	290	290	334	300	336	301	277	253	193	183	175	232	179	168	165	168	167	166	162	189	212	203	225	204	189	171	169	165	149	149	158	167	247	227	291	322	242	263	277	287	277	290	268	273	272	287	294	275	260	256	227	246	248	288	281	284	318	341	404	415	471	456	492	500	275	259	240	238	306	370	359	280	293	341	291	252	298	297	304	354	431	421	419	455	386	337	274	276	244	248	221	211	245
229	224	249	227	216	222	235	245	247	244	272	222	170	183	209	196	166	187	213	193	172	182	217	290	300	325	267	310	297	317	324	336	331	334	264	162	165	160	154	161	148	131	144	154	150	152	179	193	193	194	199	187	178	177	178	158	155	164	171	196	246	262	291	230	241	277	321	307	295	276	287	297	325	291	260	279	254	238	233	258	253	246	272	323	362	375	411	459	465	484	476	335	284	253	269	238	242	247	235	247	259	232	245	288	307	328	339	409	457	365	403	386	344	299	277	261	273	243	244	267
219	232	240	230	215	213	248	203	227	202	192	222	191	192	209	204	181	171	208	176	162	189	203	270	278	287	313	372	334	361	365	368	365	304	272	191	169	144	153	139	115	124	104	129	145	139	156	180	186	209	202	195	187	187	204	192	187	188	190	223	245	248	289	228	282	294	332	299	333	324	334	312	370	289	271	265	288	254	245	296	259	246	297	317	335	373	397	485	489	478	473	485	355	335	320	287	243	259	268	257	235	232	199	221	281	333	297	374	413	384	399	371	357	317	301	274	305	286	241	262
215	235	246	251	263	263	278	216	206	199	208	223	185	226	267	226	174	157	180	165	177	180	211	249	257	242	338	450	370	414	387	431	378	328	306	206	192	153	142	102	109	134	107	134	137	149	154	186	199	204	205	225	202	197	215	219	232	212	205	269	270	280	300	261	291	330	362	312	311	376	351	316	314	277	265	268	249	234	245	249	224	239	273	324	342	359	393	466	483	473	485	565	604	424	487	359	303	312	321	288	285	250	208	224	239	270	287	400	446	391	369	347	347	347	370	353	300	248	279	267
310	277	284	280	350	320	263	198	187	198	201	192	181	219	314	285	212	210	256	204	197	236	249	235	247	206	305	404	367	356	385	407	389	336	364	255	192	167	147	87.2	82	99.1	95.6	128	146	153	150	167	170	188	197	215	208	205	225	182	196	196	188	195	219	226	262	247	274	345	368	295	284	291	357	283	269	273	257	258	238	223	238	234	221	201	244	267	315	335	359	373	381	389	429	481	483	405	448	442	419	380	416	309	312	272	263	280	294	291	280	347	327	291	333	317	333	360	353	326	283	236	255	218
220	230	265	309	305	293	252	179	154	168	179	191	225	226	240	294	222	214	251	191	186	243	251	217	221	227	277	340	319	324	345	360	349	337	370	265	211	171	150	117	88	122	106	132	158	161	138	175	163	180	183	204	215	216	208	185	197	206	195	199	201	215	261	298	292	315	330	285	283	272	296	279	271	252	248	277	251	237	247	243	230	215	248	270	294	314	284	326	351	357	395	465	464	364	376	366	368	422	427	330	321	270	256	322	307	304	286	338	330	294	319	315	327	320	352	356	281	231	219	208
194	214	271	313	273	296	252	214	165	156	163	194	220	266	261	264	250	211	237	199	185	182	211	215	178	235	272	380	344	300	336	360	320	347	320	255	242	186	151	140	114	133	138	146	164	151	131	169	157	157	165	198	218	246	217	194	204	201	203	231	230	241	266	310	286	322	338	272	270	276	273	257	261	243	227	245	245	271	265	231	226	206	235	276	277	280	271	291	313	347	416	471	476	468	378	372	357	394	460	332	318	291	295	320	296	279	289	321	333	318	289	328	347	363	370	344	315	329	277	225
221	228	273	303	288	293	296	195	213	179	241	232	234	278	275	276	227	217	268	252	195	191	207	267	231	291	281	355	330	300	335	376	351	373	311	252	245	200	189	152	133	138	166	163	164	154	149	160	167	153	149	185	192	209	216	236	194	190	211	230	215	236	284	318	306	379	397	272	248	258	276	261	268	238	233	257	267	259	273	234	251	226	235	280	271	255	242	328	341	345	382	564	727	532	368	352	369	386	401	363	323	317	287	283	306	294	296	329	369	337	291	347	369	362	387	376	326	336	324	297
219	209	253	268	273	255	262	225	222	253	235	296	330	389	352	317	268	265	276	283	228	208	259	273	296	270	294	338	310	307	316	280	247	185	170	177	169	177	175	186	181	208	256	274	206	221	228	179	182	143	149	150	169	185	195	213	195	180	216	211	222	243	252	307	298	319	289	263	262	223	244	216	210	207	225	220	260	249	262	194	213	177	198	233	238	226	242	380	378	402	457	460	468	525	397	377	459	417	454	428	419	393	394	356	345	340	325	346	365	339	312	363	387	409	423	398	386	377	402	367
254	208	231	251	224	272	250	204	231	240	232	224	269	295	292	285	249	248	255	250	310	199	232	273	248	269	274	328	369	298	285	228	195	178	158	192	176	189	204	246	196	232	302	316	232	224	235	196	181	157	163	159	157	172	186	209	194	214	222	242	229	264	287	291	294	290	258	236	217	234	249	208	231	236	234	251	223	209	246	185	204	203	191	215	215	232	246	369	352	398	425	444	443	556	430	426	439	457	436	448	401	355	358	356	310	323	351	324	321	308	320	347	352	368	376	362	372	384	381	355
219	204	213	228	282	282	277	204	216	214	223	226	258	274	268	252	227	206	210	244	262	284	244	233	211	307	281	362	309	328	282	204	177	160	172	202	176	182	250	216	224	236	269	365	263	251	239	210	214	203	188	165	167	193	217	221	217	219	259	260	239	281	270	247	243	255	295	249	290	242	237	225	268	234	224	277	261	230	272	244	225	177	172	211	228	250	249	343	328	370	419	404	367	400	594	496	467	458	426	437	398	362	370	382	344	337	344	307	278	288	319	382	357	357	352	347	360	375	402	374
180	181	230	253	228	235	249	204	180	217	258	255	272	289	279	267	220	213	200	225	212	260	253	268	239	250	283	295	347	385	281	189	186	191	215	205	205	233	245	280	268	299	294	331	268	315	353	252	230	225	190	196	193	193	213	238	233	254	253	261	254	231	244	255	277	286	322	328	311	273	222	220	256	311	276	286	301	249	245	272	242	196	172	224	241	252	264	345	364	358	369	374	336	396	645	517	514	460	424	469	460	432	419	421	407	378	397	359	356	330	354	383	393	377	404	390	386	373	394	392
197	201	235	297	275	233	246	192	172	197	209	243	256	328	357	278	308	308	242	310	333	307	322	318	321	348	402	379	368	333	355	274	212	200	184	178	165	233	252	288	258	278	294	274	292	367	362	336	302	304	275	259	253	217	223	286	359	385	348	254	272	235	245	274	339	306	335	353	319	308	287	240	255	267	317	321	346	320	312	321	260	274	251	267	259	269	278	261	261	235	247	318	343	480	549	584	497	525	516	487	476	444	451	522	474	438	425	393	431	329	332	367	371	365	379	329	345	335	350	386
183	202	250	267	258	217	226	272	153	201	225	236	231	264	339	280	297	318	275	293	357	313	377	349	371	357	394	381	361	371	408	302	249	204	213	197	176	246	247	305	298	329	332	283	305	362	361	330	329	304	312	300	298	225	235	286	378	361	368	355	252	255	287	330	350	356	336	316	358	292	287	254	254	322	346	307	319	310	298	339	257	283	347	266	247	239	247	233	224	235	255	330	366	457	477	590	593	547	522	474	479	494	476	504	458	430	432	360	396	324	330	359	368	388	372	357	358	352	361	373
176	195	222	241	234	207	218	137	156	156	169	192	237	231	264	267	258	236	227	276	305	332	361	344	395	383	411	381	371	400	448	391	281	256	236	219	199	230	246	332	384	376	317	286	289	323	357	309	357	356	406	421	325	248	290	294	352	352	407	349	308	269	306	321	363	441	373	386	368	366	365	296	272	272	254	302	319	363	352	371	316	290	340	262	280	253	237	241	214	228	246	386	397	430	498	587	570	618	522	503	509	514	468	485	473	428	454	370	377	385	392	374	377	437	424	378	317	327	339	373
206	236	253	275	239	216	207	140	169	164	174	161	181	219	246	266	261	289	268	292	313	333	379	373	422	443	416	376	369	407	470	380	301	242	243	248	220	241	257	312	313	347	316	355	337	380	383	352	398	441	432	442	372	353	318	376	484	363	381	286	268	261	293	322	365	429	473	499	430	402	425	350	293	269	326	330	309	302	372	375	313	345	420	278	264	262	254	247	245	239	241	359	410	459	556	592	636	609	692	550	533	516	519	544	518	452	508	442	425	425	459	406	395	393	399	307	306	316	302	321
250	283	269	241	242	236	244	267	215	229	225	201	205	220	252	271	305	350	429	374	360	391	427	477	459	414	393	390	420	444	479	302	242	206	261	182	145	183	212	262	290	386	401	411	352	395	374	259	291	366	378	460	418	359	343	368	353	324	285	289	311	295	357	428	469	546	613	510	460	449	450	404	320	316	372	355	327	301	290	322	310	307	325	350	292	299	271	277	289	284	327	397	385	392	540	503	564	600	607	589	560	492	486	446	443	401	406	375	349	320	339	301	286	273	277	238	244	250	248	229
258	259	266	244	208	206	247	248	274	255	222	255	253	237	228	276	267	338	365	378	401	395	446	422	433	368	357	377	453	473	474	267	202	174	168	145	134	138	159	252	286	324	393	473	434	358	378	292	264	334	388	451	411	377	339	370	344	293	303	329	314	359	397	457	480	494	574	481	450	445	446	384	356	339	304	331	277	262	281	307	335	311	318	280	276	296	275	303	349	318	296	328	334	410	537	540	568	579	608	671	602	548	526	465	443	392	378	349	339	339	329	280	254	248	260	242	219	221	187	168
268	284	306	301	224	215	256	262	234	251	230	277	271	280	243	347	285	333	382	416	420	428	477	425	401	336	330	383	388	385	387	217	157	149	165	172	139	133	149	249	275	302	375	468	472	394	324	287	272	294	312	358	402	330	334	318	365	328	302	328	312	368	395	456	436	488	499	489	465	443	403	344	305	311	305	265	263	268	286	299	299	283	308	274	293	280	292	304	334	341	313	313	308	437	452	479	482	457	516	577	648	552	510	469	436	407	442	368	370	351	320	310	272	250	261	246	237	209	187	176
281	319	404	292	247	314	280	269	246	291	249	255	320	293	284	301	311	338	433	474	458	466	475	416	349	324	353	345	338	345	368	187	196	159	164	149	149	195	206	301	308	321	376	472	459	434	325	284	307	274	300	299	334	346	371	319	338	325	291	318	342	401	385	442	468	500	496	488	458	441	406	335	300	287	308	279	276	267	264	302	302	292	284	289	313	349	296	342	341	352	334	335	362	455	457	509	506	478	538	551	531	503	500	475	430	429	441	392	337	326	372	380	270	254	249	245	227	203	193	199
351	344	409	349	242	258	260	218	202	191	204	249	284	358	409	332	342	372	422	461	468	417	432	393	417	391	397	362	364	327	360	252	247	238	252	207	208	245	299	352	325	397	319	339	347	292	284	352	345	327	351	321	307	293	292	295	300	290	299	318	338	383	377	428	472	473	471	441	421	395	412	320	304	291	307	290	252	264	290	311	278	269	272	293	306	310	382	379	367	437	386	405	372	399	466	451	446	459	442	385	380	394	429	407	420	401	404	331	309	284	340	403	348	318	309	286	278	279	278	181
345	375	430	368	284	261	249	219	247	220	209	220	279	316	387	330	304	325	491	363	389	379	415	383	403	398	361	302	293	295	295	302	300	253	295	273	230	295	273	295	289	320	307	311	346	308	316	352	317	320	318	328	286	249	252	252	242	278	280	297	299	301	329	384	449	459	471	449	419	380	356	308	289	301	307	287	266	268	276	285	270	261	255	265	295	290	305	368	341	349	356	349	357	380	463	424	445	503	488	399	383	423	485	418	404	390	413	388	328	318	336	374	357	350	332	284	280	271	274	175
406	420	478	387	334	286	277	230	224	263	221	258	273	318	409	305	304	300	329	323	357	358	389	368	371	350	343	280	284	269	270	255	243	274	386	356	290	245	268	282	284	305	284	297	331	321	331	362	317	344	333	352	295	252	229	267	259	329	289	292	267	246	280	322	356	408	442	417	390	372	335	297	298	287	314	320	266	260	264	282	276	260	255	257	253	283	352	365	440	310	335	329	333	345	376	432	442	474	446	411	430	411	442	445	413	397	401	410	367	344	374	379	352	356	360	341	337	275	278	184
407	412	482	364	324	309	293	195	220	218	271	366	306	331	332	338	337	436	346	340	370	349	378	370	351	341	293	238	259	277	264	244	255	297	396	438	493	312	335	270	287	328	354	291	279	301	343	372	322	336	337	313	259	257	295	339	282	259	260	297	269	247	271	313	350	372	398	417	403	369	330	316	298	274	290	293	281	292	273	288	275	264	281	317	290	316	382	357	405	329	350	309	314	338	436	478	457	465	439	444	411	430	431	457	434	413	426	445	436	380	412	401	360	344	344	367	341	321	326	263
354	392	422	465	441	429	389	239	206	237	223	323	226	246	299	378	395	373	376	318	297	306	388	328	326	320	255	239	238	319	300	263	278	335	390	452	470	434	416	367	362	381	370	335	315	396	382	329	320	350	318	275	324	305	362	362	327	318	300	305	306	297	303	335	370	390	382	383	378	360	363	325	316	318	342	324	327	343	357	315	290	288	298	306	299	280	289	310	314	302	331	327	361	392	527	477	440	445	482	438	386	399	449	439	393	370	362	355	305	314	339	309	314	332	333	323	306	295	297	312
370	393	422	489	466	443	352	241	212	235	305	258	215	229	320	412	444	361	333	271	263	301	369	277	259	247	301	275	238	242	246	291	288	316	355	430	438	417	398	370	345	343	364	334	327	344	372	305	296	300	263	244	276	291	312	331	303	302	270	294	281	271	267	310	326	392	381	366	356	361	370	332	309	318	350	348	333	319	324	293	274	287	303	320	329	311	287	318	284	331	310	343	376	399	474	447	427	406	438	418	393	410	446	399	397	371	393	332	299	311	334	311	317	322	336	321	324	307	301	305
383	397	403	501	484	455	342	294	227	231	267	286	280	311	333	353	373	383	342	276	244	306	390	277	247	246	258	248	277	277	279	263	270	296	331	417	424	370	435	380	353	385	358	365	352	349	354	312	279	280	268	236	281	327	319	327	323	312	326	325	282	277	252	298	293	326	341	362	344	335	345	335	305	297	295	328	321	317	328	296	285	295	303	301	302	315	299	316	317	319	324	366	368	416	461	435	438	442	470	425	410	458	458	446	479	410	380	329	310	290	301	308	311	320	302	318	315	324	307	303
408	410	414	566	513	519	423	339	247	255	252	334	331	339	383	342	428	441	342	333	302	299	346	295	324	231	256	280	251	284	285	283	285	302	328	382	395	381	484	430	373	393	399	405	382	355	335	311	287	283	297	294	259	271	281	323	324	316	329	345	305	292	299	318	307	331	354	349	353	336	361	339	312	300	303	334	329	350	354	307	322	301	302	296	289	325	354	353	333	351	391	408	424	479	539	467	480	484	503	459	462	473	513	498	459	392	360	319	319	308	307	301	302	306	299	335	339	340	334	355
356	369	371	512	457	482	447	300	304	332	297	339	355	339	362	300	314	285	293	320	268	264	263	254	247	233	247	246	242	241	235	281	279	306	342	374	376	432	459	394	415	384	353	340	338	352	326	307	335	335	337	328	317	255	299	341	310	327	357	295	273	265	296	299	315	320	336	320	363	303	291	302	273	271	259	294	278	318	320	310	280	268	259	255	263	271	333	323	295	382	450	372	366	433	462	492	466	470	492	449	423	450	502	387	339	322	294	270	290	278	266	266	269	270	270	301	312	368	355	352
321	322	333	430	437	409	407	326	317	264	255	317	373	327	364	309	272	275	274	330	299	267	292	264	268	355	226	246	234	221	215	242	262	297	332	346	342	395	430	387	394	333	317	295	319	322	323	314	341	361	356	312	331	286	348	329	313	345	350	358	314	282	352	308	318	301	324	294	277	263	262	275	270	254	263	290	293	303	305	333	299	262	254	222	236	251	297	287	306	347	362	380	400	414	488	512	470	474	484	430	430	451	477	351	290	260	281	248	257	244	265	273	265	262	253	309	307	345	347	344
288	295	304	391	370	387	394	323	279	248	262	290	297	330	355	319	283	273	280	276	306	284	288	277	277	290	243	271	215	209	230	268	272	304	338	343	360	386	416	391	345	317	301	283	272	286	290	326	333	364	390	350	282	314	314	310	303	358	328	388	329	314	376	319	312	365	313	249	231	224	222	266	257	245	245	275	278	271	288	299	288	267	266	219	229	292	287	290	280	310	349	382	397	411	444	529	512	488	513	453	434	454	461	379	305	267	235	219	224	225	246	254	244	260	275	282	332	345	361	332
263	273	281	391	356	354	375	316	279	268	334	283	288	329	348	316	306	283	295	299	285	320	313	341	236	280	272	257	221	189	284	289	352	300	324	330	342	400	411	389	314	301	337	311	260	267	288	361	367	386	445	328	292	291	294	305	301	313	305	367	330	328	365	327	289	299	305	250	250	230	254	262	247	254	252	246	264	273	280	270	259	265	268	238	238	282	284	256	267	297	324	373	413	424	445	516	499	483	494	470	442	452	478	344	322	229	212	236	220	248	242	255	245	257	264	297	307	352	362	358
240	228	258	397	351	355	407	301	283	316	349	273	293	310	320	349	303	300	330	285	286	325	376	341	254	231	265	318	285	269	300	299	290	317	332	326	317	325	353	310	266	258	289	275	298	295	346	345	335	320	337	305	294	307	292	273	275	276	293	428	384	411	446	350	272	268	249	192	204	184	203	203	165	184	199	184	167	180	170	186	180	189	211	223	235	251	255	245	287	275	289	346	396	424	437	454	426	490	519	423	398	395	407	288	262	253	231	272	260	280	237	236	230	233	278	268	271	309	319	248
258	262	312	354	320	331	342	276	285	285	323	282	305	321	322	351	307	300	309	275	281	279	305	236	227	204	209	288	282	262	273	308	286	309	334	349	336	299	322	293	261	275	284	275	290	311	324	310	311	316	336	304	295	293	276	273	272	277	317	390	355	403	435	343	292	315	231	183	187	189	226	190	161	170	191	184	152	157	173	180	184	201	207	217	218	239	232	243	277	304	299	325	334	362	408	423	392	417	432	350	335	347	344	255	248	250	236	239	231	213	204	232	205	209	245	244	247	245	265	224
273	262	279	304	300	307	326	249	275	333	355	314	298	308	310	297	292	307	305	284	259	299	314	264	221	220	231	278	308	263	269	267	295	336	376	321	298	301	288	241	233	273	278	258	282	268	301	292	306	315	336	318	308	278	279	287	303	295	315	356	372	381	398	323	296	266	293	209	197	209	242	175	156	153	167	166	159	165	175	169	183	190	219	290	285	279	236	258	261	329	367	304	343	366	367	388	349	383	383	325	299	307	295	237	226	203	244	216	192	188	190	166	180	190	206	214	210	206	263	205
298	265	255	276	270	286	294	245	304	342	335	321	325	294	309	296	298	305	305	339	260	278	339	390	261	275	286	302	280	260	269	277	296	376	382	359	318	294	294	245	232	285	286	284	260	236	287	310	304	327	318	327	285	270	283	303	313	317	344	411	426	398	328	294	271	243	273	217	248	241	257	174	201	188	161	164	159	172	178	175	186	202	223	290	294	313	287	299	281	280	340	291	324	318	309	360	326	325	326	282	271	276	277	236	223	195	197	190	174	160	166	142	153	153	250	179	171	176	183	160
329	307	269	211	225	179	180	243	279	291	292	313	332	309	306	304	289	285	327	324	297	322	361	365	323	303	296	230	194	190	177	204	229	315	348	314	256	236	245	240	222	249	267	242	251	260	269	276	286	239	283	265	276	217	254	319	331	397	405	439	455	354	297	181	230	242	357	258	237	229	237	187	179	195	192	153	157	176	192	112	133	150	184	208	202	221	272	271	241	218	307	227	219	238	271	253	254	238	279	204	190	222	205	243	234	203	196	166	154	129	153	109	110	79.6	102	131	140	143	152	154
274	281	263	246	263	200	177	254	259	263	234	278	300	313	296	275	280	292	319	297	276	277	316	292	326	289	278	217	190	187	239	214	227	262	318	252	249	230	245	259	254	235	233	244	220	222	271	267	293	206	237	258	219	227	274	351	313	345	399	437	396	297	266	204	188	250	339	249	213	199	190	178	186	186	182	168	165	202	177	122	122	141	156	178	192	154	195	236	218	195	241	225	203	224	217	191	190	175	196	171	164	194	175	192	205	184	160	151	127	123	138	96.2	95.3	85	79.5	128	110	115	127	137
276	268	237	236	265	231	295	265	245	233	230	278	278	303	311	291	286	304	315	265	262	270	301	343	349	273	213	201	182	188	195	208	235	272	313	269	253	240	257	315	288	251	279	291	247	234	270	232	222	219	268	229	198	230	263	311	320	336	388	415	326	275	260	243	208	289	311	270	228	207	183	168	165	172	190	189	171	169	215	314	271	163	147	213	254	184	198	223	223	198	215	213	183	180	179	177	174	184	176	174	172	169	155	169	194	152	141	139	116	113	117	85.6	70	77.1	80.1	109	102	117	110	125
272	315	243	242	237	317	318	252	248	277	260	260	281	291	291	291	279	278	304	254	292	298	299	383	273	200	182	191	161	200	200	216	223	251	308	299	289	284	271	407	304	299	289	248	241	254	257	211	205	208	232	191	177	213	242	345	346	358	372	424	304	295	275	254	230	263	301	314	300	227	251	176	158	189	214	195	188	168	208	145	154	154	160	148	156	185	202	209	201	282	204	188	172	161	170	174	172	210	209	184	171	158	160	180	185	174	192	124	110	100	97.7	95.4	66.1	63	71.3	83.2	88	89.2	104	108
247	270	256	226	213	239	254	278	316	294	249	297	276	286	344	277	244	256	259	246	242	233	233	297	212	175	193	137	133	138	158	198	193	203	251	239	284	311	267	279	252	240	313	282	254	263	314	241	253	260	264	180	160	180	208	265	262	262	282	279	197	217	246	230	204	214	237	234	227	219	201	235	225	280	354	243	304	273	292	158	137	123	135	131	116	166	166	144	180	330	222	178	190	190	197	261	263	237	402	186	156	163	155	150	144	173	181	131	103	92	87.5	72	59.1	49.8	53.2	64	83.2	82.3	77.9	79.7
230	251	278	226	197	230	234	262	311	299	250	249	252	270	340	268	199	196	195	210	215	187	210	176	153	149	188	125	111	119	124	179	183	177	212	220	226	237	231	243	239	258	335	257	242	269	296	257	252	258	215	182	178	162	176	205	220	203	208	184	148	156	202	225	210	229	261	243	206	199	206	249	249	253	254	271	250	236	235	156	130	129	129	110	126	148	139	126	159	215	177	175	176	166	175	176	179	251	266	172	132	127	144	158	136	127	134	122	107	88	94.7	63.8	58.2	48	48.1	56.5	63.9	69.7	74.8	85.3
312	261	281	243	209	233	245	276	242	255	236	239	252	243	274	218	178	162	160	189	190	195	184	167	159	153	162	124	105	127	121	167	180	190	213	206	205	183	218	245	257	286	337	246	223	283	279	224	216	199	195	165	165	160	156	150	183	188	184	161	160	159	182	245	256	232	277	242	187	194	203	247	210	215	220	225	229	219	252	166	154	154	152	137	123	129	141	154	144	137	137	142	140	158	178	171	167	181	198	135	132	128	159	146	132	147	118	127	91.3	83.1	102	84.3	53	50.2	47.4	57.8	57	56.3	61.8	68.7
321	290	265	238	226	281	250	281	255	241	249	243	255	229	265	222	189	169	164	189	180	163	172	171	158	159	165	128	123	153	122	159	164	184	238	184	196	197	200	254	228	267	277	236	218	244	241	210	196	193	202	183	177	164	150	149	137	165	158	160	180	208	166	208	202	244	257	212	187	168	161	217	266	263	242	181	197	211	231	176	208	149	189	171	152	159	140	124	108	175	178	144	146	134	157	165	154	132	159	163	125	146	149	133	144	158	101	95	86.8	79.1	78.7	65.4	61.7	51.3	44.4	68.6	58.6	53.1	62.6	67.1
282	263	285	266	225	233	219	248	221	217	214	232	228	222	262	257	243	198	195	202	196	180	157	164	140	162	162	165	147	143	144	146	172	204	256	201	213	215	219	220	216	196	211	280	255	257	288	237	260	221	215	183	203	194	205	128	114	131	154	243	257	266	293	318	302	289	315	240	182	188	150	145	126	151	165	151	137	144	159	117	122	138	182	145	95.4	125	145	120	138	166	170	130	131	122	119	126	125	135	165	152	123	128	159	145	130	107	97.9	116	108	120	127	71.1	54.3	44.8	41.3	72	56.7	46.2	45.7	85.7
305	270	294	250	221	212	220	266	256	235	218	254	253	239	261	258	240	217	225	210	189	162	150	118	113	121	157	141	164	141	125	142	157	196	225	222	224	219	213	201	185	193	215	241	233	242	304	221	204	239	208	154	171	162	226	128	125	126	145	249	248	237	276	317	284	288	291	182	139	151	153	179	138	109	125	142	190	135	124	98.1	95	92.1	149	119	131	193	116	99.9	107	132	137	110	103	102	127	114	110	113	140	123	115	114	129	114	99.6	87.4	85.4	107	101	105	109	80.9	53.1	51.7	50.8	43.4	33.9	43.9	36.3	71.1
306	252	256	244	234	195	218	238	213	213	233	274	268	260	258	246	227	204	235	189	166	152	141	115	132	121	140	122	140	198	125	164	170	193	209	211	228	208	206	181	174	178	197	224	249	259	273	232	203	224	230	156	148	159	182	155	138	140	152	272	247	289	268	318	275	321	305	200	130	113	128	144	115	106	115	152	201	173	151	115	104	102	144	103	141	140	110	139	109	140	153	149	136	109	114	107	106	108	110	108	107	104	116	92.4	83.1	77.5	73.9	96.7	90	88.8	89.9	58.3	63	52.4	35.8	32.4	26.8	45.3	38.1	58.1
261	270	244	206	199	176	187	201	188	196	217	285	280	284	283	221	219	192	210	171	150	166	157	123	128	111	133	145	139	135	141	179	195	185	207	216	205	197	215	170	193	205	200	276	266	269	282	208	199	251	243	154	163	167	187	184	177	159	193	295	284	292	287	337	289	263	266	214	164	124	113	98.1	90	91.5	93.5	110	121	113	121	108	104	172	154	175	107	114	114	140	118	131	152	163	165	146	129	98	98.4	105	116	103	107	107	113	83.9	71.2	61.3	60.7	97	96.5	86.9	88.7	48.1	54.9	59	45.4	27.8	29.8	24.2	30.5	48.8
224	232	245	177	166	184	192	201	190	188	199	258	238	245	239	236	191	179	197	164	174	186	178	139	133	118	167	211	159	138	145	154	201	177	148	160	158	164	175	153	159	166	175	204	209	186	201	195	174	196	208	142	141	147	180	162	150	109	120	126	118	132	119	145	122	133	133	134	125	92.4	95.9	68.7	66.5	75.5	77.7	112	151	110	80.7	89.4	86.1	99.5	151	158	137	140	142	128	155	147	152	158	171	170	162	109	109	104	107	97.9	108	107	95.7	93.1	85.7	78	74.1	53	58.6	52.6	41.7	37.9	39.1	36.8	23	18.5	17.5	18.1	26.5	32
214	241	244	179	179	224	196	195	193	204	199	252	230	221	226	249	210	177	181	162	173	145	164	147	147	157	172	187	154	133	164	151	171	163	161	156	166	159	175	176	173	164	185	191	164	156	163	153	146	153	175	142	136	141	160	129	134	101	88.7	98.7	90.6	89.5	99.4	108	98.9	101	98.7	102	93.4	80.5	96.7	73.8	104	77.1	75.9	145	118	158	155	99.8	85.5	95.4	105	150	116	109	113	96	177	189	110	114	130	143	138	112	109	103	105	101	102	98.2	88.7	95.1	83.8	79.5	77.3	51.9	50.7	45.1	42.8	34.1	25.4	26.8	23.9	14.7	15.7	16.7	18.4	29.5
213	248	278	196	169	170	169	192	200	210	202	238	215	214	203	224	198	192	189	169	154	164	150	142	158	161	171	205	170	166	182	149	163	180	177	156	168	149	151	167	177	175	187	168	152	175	149	114	125	139	127	131	138	142	143	99.3	94.8	87.3	83.8	80.7	73.3	66.5	76	90.8	85.1	85.1	80.7	82.1	75.1	73.9	84.2	95	75.2	67.7	82.5	106	111	120	137	87.8	81.3	91.4	80.8	88.6	86	84.1	81.9	83.5	79.3	155	92.9	91.1	104	123	131	107	102	102	102	88.8	91.7	87.4	83	101	92.1	78.8	78.7	53	49.9	47.6	58.2	47.3	23.1	23.6	27.7	12.7	11.3	10.1	11	19.9
222	210	220	195	178	186	156	189	214	214	203	253	243	225	200	246	227	211	174	149	142	151	140	161	178	180	182	180	171	182	208	146	159	156	157	135	134	137	134	134	155	158	209	167	151	165	178	144	121	122	108	121	108	115	122	85.8	82.2	71.5	81.5	93.3	67.5	61.5	63.2	75.6	72.4	72.8	78.3	82.4	75.9	74.1	71.2	66.2	71.6	84.3	91.4	108	107	107	108	65.1	64.7	75.2	76	80.3	75	68.4	63.5	74.6	77.2	83	70.5	76.6	78.2	99.2	122	110	98.6	109	102	82.1	82.3	82.5	76.6	87.2	90.9	84.8	82	64.8	65.1	62.9	75.4	49.9	29.9	18.9	16.9	12	10.6	9.96	10.3	18.2
192	180	221	192	158	142	98	150	186	184	179	211	238	214	201	247	217	184	188	129	114	129	121	122	121	127	129	125	121	139	160	131	138	127	128	129	127	142	145	104	99.6	109	109	130	170	163	124	97.1	96.4	107	94.4	94.6	110	68.7	62.7	68.2	68.5	69.5	66.4	86.2	75.2	82.9	74.5	68.2	60.9	62	62.2	59.1	71.1	71.9	62.2	62.5	68	68	72.5	75.4	66.7	70.5	70.6	53.1	52.9	54.1	50.9	62.1	68.6	58.2	76.4	76.5	63.6	50.5	81.1	77.7	59.6	83	84.6	83.6	85.4	92	93.3	74.2	74.3	72.5	66.3	70.5	76.3	77.7	79.8	97.4	70.5	64.1	85	46.4	26.3	17.9	21.2	23.1	15.7	15.8	18.9	12.5
172	174	181	153	119	95.9	127	160	159	187	184	192	194	195	179	211	205	199	161	146	118	110	118	122	122	117	134	119	113	121	141	119	115	122	120	124	125	133	145	94.1	97.5	107	111	102	99.4	147	105	75.9	73.2	77.3	96.4	87.1	63.1	59.9	62.9	62	61.4	58.2	58.6	71.7	76.4	78.2	77.5	56.4	57.4	58.5	66	62.1	55.2	55.2	66.6	70.3	77.2	72.8	82.9	72.7	61.9	64.6	72.5	58.5	62	56.4	62.4	59.1	48.1	60	74.3	70.8	73.4	60.6	65.4	54.1	48.4	85	99.6	78.1	73.2	76.2	80.7	71.8	68.5	63.8	62.9	68.9	70.2	64.3	75.4	96.5	61.8	78	48.9	35.3	23.1	15.7	16.3	18.5	13	12.2	12.3	11.1
161	154	172	129	91.9	98.9	106	142	152	165	161	186	178	169	207	230	189	189	164	133	102	99.4	97.2	112	123	133	154	147	136	130	138	116	111	111	120	129	128	138	148	99.7	94.1	97.1	92.2	102	89	98.9	94.6	65.6	53.8	61.5	69.8	45.8	43.3	56.1	83.5	71.4	66.1	53	51.6	76.2	105	76.8	74	53.7	52.8	50.9	48.6	57.2	54.5	57.7	64.9	61.5	63.7	67.5	70.1	64.7	51.2	52.9	55.9	51.9	61.4	63.2	58	55.3	50	48.9	78.3	101	87.7	58.6	52	54.4	78.4	75.5	61.7	69	70.7	68	73.1	60.8	60	58.9	59.7	59.6	60.8	59.6	58.5	57.3	49.5	42.2	39.7	21.6	15	17.8	13.6	11.5	10.3	9.7	9.11	7.13
148	160	191	93.1	96.1	90.7	81.6	128	145	154	152	170	160	166	173	202	182	188	175	124	117	107	89.2	112	102	112	155	132	129	140	153	141	135	116	121	140	137	142	153	109	99.5	88.4	89.4	91.9	95.2	84.3	89.5	76.5	64.7	48.8	48.4	56.9	52.2	56.7	105	65.6	51.3	43.4	49.8	71.2	85.5	65.6	74.6	68.5	65	44.6	51.4	43.5	37.8	53.5	53.4	58.3	57.6	61.3	60.7	50.7	47.7	45.4	48.2	56.8	57.1	55.1	57.6	62.2	53.3	43.1	74	110	72.1	111	59.5	62.2	134	144	85.7	72	66.3	65.9	74.6	54.5	53.2	58.1	58.8	58	59.6	56.7	55.5	49.7	42.4	36.3	28.5	17.3	15.6	18.3	13.9	11	11.8	10.8	10.8	6.71
140	173	181	125	131	123	122	107	98.6	111	83.9	134	96.5	87.4	97.8	122	137	173	147	155	143	134	130	133	118	100	105	108	104	109	133	135	126	106	105	91.2	106	112	134	87.5	79.1	67.4	75.6	87.7	70.5	46.6	75	45.7	45.2	44.2	46.9	68	62.9	61.7	74.1	55.3	46.1	46	42.4	50.8	54.9	55.7	53.2	56.1	46	40.1	43.9	60.9	39.3	30.8	48.1	41.8	45.6	54.7	53	55.9	58.1	50.6	46.6	45.5	42.1	46.2	54.3	55.5	54.1	51.7	59	93.3	90.4	67.7	93	117	120	142	108	66.9	104	106	104	62	58.3	60.2	64.6	67.6	67.1	62.1	60	74.7	61.5	49.2	48.2	26.1	19.9	15.1	14.3	13.8	13.4	12.9	11.2	13.1
153	195	183	114	107	98.4	106	82.8	85.2	75.4	82.4	160	103	69.3	64.4	114	133	140	143	146	143	133	131	123	117	109	119	92.4	91	98.1	116	118	110	99.1	110	90.5	86.2	113	130	105	80.9	69.5	72.8	71.5	146	77.9	81.2	50.7	38.4	49.5	48.1	62	104	51.4	65.7	40.1	36.7	53.6	43.8	38.3	41	38.1	51.7	59.2	45.7	38.6	37.8	49	36.1	34.9	39	42.8	39.8	43.9	48.3	48.1	53.4	44.6	54.4	41.7	42.9	50.8	54.8	25.6	32.9	54.8	68.3	63.7	55.1	36.1	71.7	99.9	66.3	152	141	54.6	45.1	87.4	97.6	69.7	49	51	59.7	61.8	59.4	61.8	61.6	53.6	53.1	46.8	41.2	27.2	18.9	15.1	13	13.5	13.4	13.4	12.2	11.4
148	176	164	104	87.4	97.8	98.9	71.5	70.5	74.4	93.5	173	112	84.9	68.4	103	116	136	151	170	148	135	137	120	110	103	118	104	91.8	90.5	97.8	101	96.7	89.1	113	83.3	76.4	87.5	104	95.1	67.3	76.9	75	72	98.2	91.4	92.7	44.3	51.6	52.7	52.4	59	62.2	44.3	33.6	33.4	32.5	31.8	40.6	39	40	39.9	40.6	45.8	43	37.2	38.9	48.8	47.7	35.1	32.6	33.3	38.5	42.5	42.4	40	39.2	43.3	75.3	42.2	32.7	37.8	39.9	20	25.6	51.3	48.5	60.4	44.7	28.8	35.5	43.6	50.3	71	51.5	51.5	43.7	78.4	93.7	57.2	45.5	44	54.2	54.6	63	67	57.1	50.3	51.4	43.6	39.2	30.2	19.7	17	14.7	14.4	13.7	14.7	14.1	12.9
190	172	177	84	84.9	87.8	88.6	73.2	75.1	112	139	227	146	107	104	96.9	88.8	118	152	189	159	147	149	125	108	102	103	106	103	92.8	90	99.7	93	82.9	103	75	74.8	80.2	90.3	76.2	78	88.9	73.1	79.4	94	115	75.1	35.9	36.9	45.2	41.9	38.9	28.6	31	32.7	34	30.8	32.7	36.3	36	31.8	34.3	44	42.8	39.9	36.9	36.5	37.4	34.1	30.3	39	31.8	36.3	40.2	39.3	41.3	38.9	38.4	40	28.9	27.2	29	26	5.88	10.8	45.3	69.9	61.6	42.6	26.9	25.8	37.8	41.9	75.7	37.6	34.4	35.2	70.2	108	51	40.3	42.3	56.5	51.1	50.1	57.2	55.3	55.4	54	49.5	37.9	33.8	23.9	21.2	19.1	14.7	14.3	12.9	13.6	13
136	170	118	107	87	62.7	68.4	76.1	107	198	201	192	161	156	156	130	123	130	137	164	176	172	145	122	99.6	94.9	125	85.1	85.8	87.3	89	80.5	74.6	74.3	77.5	90.4	87.7	112	143	155	119	164	127	102	100	119	118	59	49.2	43.4	49.8	38.8	38.5	35	38.2	36.3	33.4	33.4	37.3	39.4	36.1	36	34.2	39.7	39.7	41.5	37.1	43.3	29.2	26.3	23.9	31.3	50.5	43.4	39.6	42	52	39.3	31	26	22.8	23.2	21.6	9.95	10.5	33.6	57.3	65.2	71.9	61.3	35.9	23.1	23.4	27.4	49.9	61.5	39.9	46.9	41.8	39.7	40.7	52.5	63.6	49.4	52.4	56.7	53.3	56.6	58.2	60	52.8	34.2	27.3	24.9	23.8	15	13.6	10.8	10.5	12.5
92.3	96.7	88	122	121	62.5	77.9	93	108	143	170	190	183	175	157	136	132	132	129	154	166	172	165	149	142	117	112	86.7	80.9	85	87.3	85	115	91.5	71.4	78.8	83.5	90	123	111	118	137	116	102	101	102	105	57.5	52.4	41.1	41.2	37.4	49.5	37.5	37.8	37.1	36.5	43.4	44.3	42.2	26.6	26.5	27.1	31.8	38.8	35	45.8	40.8	31.6	24.7	32.9	36.2	40.3	39.1	37.5	34.2	29.5	30.3	29.4	23.3	21.4	21.7	18.6	10.6	31	19.1	31.8	47.2	60.1	75.1	42.5	24.2	42.4	37.9	55.4	45.7	42.2	27.2	28.4	30.7	38.4	43.6	55.1	43.4	44.9	47.4	51.1	52.2	51.6	51	49.3	34.5	25	23.4	18.8	15	14.7	11.1	12.2	13
97.8	73.5	78.6	124	124	89.2	106	106	116	149	182	214	221	205	187	134	120	133	119	151	158	152	122	141	140	123	116	86.9	87.1	82.5	93	92	102	71.4	66.8	79.3	77.2	85.9	95.2	114	124	119	96.9	122	108	118	112	69.1	59.6	44.4	44.5	50.5	41.7	80.9	60.8	54.5	48.1	46.2	51.1	64.8	44.5	32.7	30.6	42.9	42.3	26.3	35.5	40.7	23.1	25.6	34.3	39.2	30.7	30.9	32	28.7	32.4	28.9	23.6	22	24.3	27.1	32.3	13.9	28.8	27.3	26.9	47.7	46.2	34.8	27.5	12.9	20.1	54.3	54.7	29.8	26.1	24.4	24.2	27.4	29.8	39.5	68.6	46.6	38.4	39.1	41.4	47.6	42.8	46.2	46.7	36.4	23	18	16.7	14.3	14.3	13	13.5	18.5
81.8	76.9	95.3	84.4	106	138	124	139	155	198	221	281	307	263	237	146	128	129	109	132	128	137	124	128	147	144	131	99.7	84.5	85.6	87.4	91	87.7	71.1	71.7	90.2	91	87.4	93.2	150	126	106	105	142	136	132	120	73.6	74.3	55.4	57.4	65.9	46.3	66.9	63.1	60.9	57.6	53.9	54	50.8	47.4	32.9	32.4	40.5	39.6	33.9	33.9	22	20.4	26.9	38.6	36.4	33.1	30.7	33.8	26.7	30.4	27.8	26.8	20.2	18.6	22.7	34.8	28.8	49.2	27.1	33.2	61.1	53.5	52.5	22.2	13.5	23.6	29.8	38.7	25.3	23	24.7	20.2	22.3	25.5	30.4	40.9	38.3	39.8	36	37.5	37.6	33	33.9	29.1	30.7	23.9	19.1	17.8	14.1	12.2	14.7	13	23.7
45.7	55.1	73.1	60.1	50.4	61	68	123	137	172	200	275	249	209	215	150	137	135	167	102	106	110	114	137	150	145	131	94.1	94.9	104	97.4	88.6	85.3	85.5	93.8	96.7	97.9	98.9	99.4	123	122	138	150	233	179	168	171	90	97.4	88.4	92.8	56.3	50.8	52.9	85.3	56	51.6	50	56.3	41.9	51.5	28.2	31.9	47.1	48.5	55.3	60.4	56.1	56.7	53.1	57.7	59	49.9	43.8	40.4	47.3	37.6	37.2	38	29.7	25.1	25.9	33.9	32.5	35.3	24.3	41.5	60.6	33.5	54.1	50.1	24.3	29.4	40.4	31.6	20.7	22	19.9	22	21.5	21.2	26.3	32.4	34.4	36.4	32.9	35.2	34.7	31.5	42.6	28.3	27.8	24	24.4	21.5	12.3	12.1	9.22	15.8	24.1
45.6	52.1	47.2	52.6	54	57.4	56.6	108	113	144	161	204	188	170	182	145	123	127	142	105	96.6	89.4	114	143	143	141	130	85.3	97.4	101	102	90.5	94.3	93.4	97	104	107	105	109	149	128	129	139	185	163	153	161	96.7	92.2	89.7	88.5	63	58.2	52.6	63	52.2	79	50.3	50.6	33.2	30.3	26.6	22.4	48.5	47.5	48.3	53.2	62.3	53.3	48.8	42.2	48.7	37.4	39.2	29.6	28.7	27.7	27.2	26.6	26.3	22.3	24.5	17.8	27.8	21.2	14.2	17.6	50.7	38.6	40	46.6	38.6	26.7	21.5	21.1	17.1	17.3	18.5	20.3	17.9	16.7	19.9	23.1	23.8	32.9	34.7	36.9	32	39.7	36.5	28.4	27.2	30.3	20.9	17.2	10.4	8.03	7.44	8.03	7.12
37.2	38.7	42.8	47	42.7	53.6	58.5	89.5	112	139	162	183	169	155	156	117	103	109	107	76.4	82.9	86.4	99.5	131	142	140	130	86.3	86.2	102	90	81.1	84.2	90.9	95.2	106	109	116	121	159	134	134	141	172	160	161	161	101	89.4	85.9	86.5	74	69.5	62.8	70.1	55.5	49.9	45	38	33.7	27	27.6	20.9	46.9	51.4	58.2	52.4	49.9	51.3	45.4	44.3	41.7	30.6	29.9	25.6	26.4	24.7	24.5	23.4	31.2	28.8	18.8	13.4	15.8	20.2	19	11.7	34	34.2	35	38.7	39.5	38.8	12.7	17.4	16.9	17.8	21.1	24.1	17.9	15	18.1	21.5	25.8	28.7	32.6	32.9	33.9	36.7	32.6	30.7	25.5	22.4	16.5	14.5	9.17	7.99	8.75	6.56	5.21
36.5	45.7	46.6	38.2	40.7	52.7	62.2	121	133	130	162	185	173	159	141	96.9	81.9	85.2	98.6	70.3	70.6	76.4	90.3	125	144	149	136	91.1	96.1	103	96.8	84.1	81.2	84.5	89.8	120	122	134	130	155	157	147	137	173	169	157	152	103	90.2	82.3	80.5	74.9	76.7	66.9	72.8	56.7	46.3	44	38.3	34	27.4	25.3	22.1	49.5	53.8	56.9	64.7	49.2	42.3	43.1	44.6	35.7	28.4	23.9	19.6	22.4	21.8	26.1	24	25.7	24	22.8	15	11.4	11.9	22.4	19.5	31.8	32.7	31.6	33.9	26.8	20.4	10.9	11.8	16.1	16.4	19.2	26.6	14.9	16.5	16.9	21.7	25.7	26.7	33.2	45.2	31.8	34.6	32.3	31.1	22.3	18.5	15.4	12.8	8.25	5.82	5.29	6.38	5.19
14.9	15.5	21.8	43.9	24.5	31.2	39.7	69	70.2	84.7	103	159	136	137	142	74.9	71.6	77.4	88.5	76.5	76.5	82.1	93.6	122	137	142	131	105	105	108	98.9	67.6	66	83.8	76.2	86.4	92.1	92.8	86.3	84.9	88.8	85.7	75.6	60.7	68.1	71.8	73	76.5	76.3	81.3	72.1	65.8	74.1	87.2	105	63.6	55.2	48	39.9	23	21.1	23.1	24.9	37.9	37.3	41.1	57.8	51	33.6	24.3	20.7	22.5	22.9	18.2	16.5	16.1	14.4	22.1	16.9	21.3	23.7	26.4	28.1	25.9	26.7	23.7	22	16.2	14.6	14.2	15.8	9	6.88	10.8	14.5	12.8	11.3	13	21.6	15.5	13.1	11.9	13.9	28.7	31	32	40.7	39.5	41.2	41.2	42.7	26.9	21.8	17.5	13.3	2.95	2.25	2.17	2.7	2.53
11.6	12	15.4	34.3	33.5	21.6	32.7	45.6	48.7	59	90.7	118	109	123	119	76	75.5	73.1	78.5	71.7	74.5	81.4	87.3	120	133	129	126	109	105	97.8	99.3	69.6	59.8	64.2	67.2	85.7	90.8	93.9	80.2	70.1	72.7	69.5	66.6	50.4	53.3	61.6	67.7	76.9	64.3	60.3	62	58.8	65.6	77.8	86.6	56.8	47.4	42.4	35.5	23.5	25.7	27.8	25.6	38.9	35.9	40.6	48.8	50.5	40.7	29	23.2	23.1	18.6	16.8	14.2	11.7	9.89	8.95	7.92	17.1	20.3	25.3	25.6	26.1	21.8	25	20.2	14.3	13	12.2	11.5	7.09	9.69	9.55	9.67	13.4	13.5	14.3	19.7	12.4	11.3	11.1	14	31	33.9	31.4	32.9	34.4	35.5	40.8	38.3	27.3	21.7	17.3	12.9	2.72	2.16	1.3	2.4	2.68
10.4	11	11.5	13.7	13.2	16.7	20	31.3	36.8	50	58.4	96.1	87	97.7	108	69.3	65.5	66.7	67.6	68.3	72.7	76.5	86.3	108	124	127	121	108	105	96.4	92.7	69.6	61.6	59.5	63.4	78.1	105	99.3	76.4	63.6	64.9	65.6	60.4	44.3	54.5	58.7	54	67.3	61.7	60.3	57.7	51	56.8	64.9	73.7	58.3	45.7	41.3	32.9	29.4	33	39.7	29.6	36.7	39.5	45.5	50.7	55.6	39	34.3	30.4	25.8	20.5	13.8	12.7	17.2	9.95	14.3	5.94	16.1	17.3	16.2	18.8	26.2	24.3	24.4	21.4	14.6	12.9	13	12.5	8.28	29.5	9.75	9.35	11.5	11.7	15.3	11.5	14.2	12	12.1	12.2	28.9	41.2	34.1	29.6	30.8	33.9	38.1	36.8	28.8	21.1	16.8	12.6	2.51	1.2	0.855	2.45	2.74
10.5	10.3	10.3	11.2	12.3	14.9	16.8	24.1	25.6	30.9	33.3	76.9	64.4	75.1	72.1	57.1	53	55.4	63.4	65.5	66.7	73.1	81.2	104	116	120	115	104	98.1	90.8	88.3	74	69.5	60.1	66.6	76.5	81.6	75	69	58.9	60.5	61.6	60.8	48.6	42.1	44.4	48.4	61.8	60.6	56.6	46.9	43.3	38.9	44.1	56.5	54.3	45.7	43.4	38.2	38.9	30.7	32.5	39.3	49.7	47.5	42.9	50.4	52.8	43.4	39	46	28	23.3	14.4	13.8	17.9	19	19.6	24.4	17.9	15.2	15.9	18.2	27	20.9	18	21.4	16.4	14.2	13.3	12.8	11.1	13.9	9.7	9.65	11.2	11.3	11.6	13.3	16.6	16.7	15	15.5	29.8	31.9	34.1	31.5	30.7	33.9	32.6	29.7	24.6	20	16.1	12.1	2.32	1.13	1.47	0.968	2.34
8.76	9.3	9.45	8.95	9.18	9.6	9.91	10.1	10.5	11.7	13.6	21.4	20.4	24.9	29.2	49.8	42.5	47.1	53.2	54.4	59.2	67.4	77.7	102	115	115	114	92.5	87	85.8	90.9	61.7	55	54.6	68.9	68.6	57.5	53.8	53.9	48.5	48.1	49.9	51.8	43.1	28.6	27.7	26.7	43.9	43.9	41	46.6	22.8	22.7	29.4	50.2	49.2	32.6	18.6	19	28.9	19.3	22.3	45.5	46.6	39	32.8	32.5	30.3	27.6	21.8	18.1	23	18	18.4	17.6	24.2	33.8	27.3	32.6	20.8	18.2	16.1	16.5	12.4	23.1	16.6	13.1	18.9	16.2	17.9	17.4	22.5	28.6	21.1	24.8	23.2	22.4	23.2	27.2	22	23.9	23.8	23.7	32.8	33.1	32.8	30.2	28.7	29	26.3	22	20.3	17.2	13.1	10.9	2.61	1.3	0.854	1.3	3.85
8.55	8.81	9.04	9.91	9.94	9.01	10	8.81	9.2	9.82	11.8	16.4	16.4	18.9	22.6	45.1	38.3	45.7	53	52.9	57.7	65	76.2	101	116	114	105	89.5	85.3	79.8	75.1	56.7	50.1	49.3	59.6	59	52.6	47.8	47.3	42.7	41.7	40.9	44.1	56.3	48.5	22.4	23.4	40.6	50.2	34	32.6	34.5	33.7	24.3	35.4	47.2	25	16	16.4	18	16.3	27.5	27.5	34.8	32	26.2	26.4	19.4	19.2	21.1	16.2	21.6	18.4	18	16.6	18.9	22.5	21.8	24	20.5	16.9	15.3	14.7	11.1	10.9	9.61	8.74	13.5	14.5	15.3	10.8	23.2	21.9	19.2	28.8	27.6	23.6	22.9	25.7	25.5	27.6	27.4	26	35.2	33.7	35.7	32.5	29	26.5	22.8	18.5	17	15.7	11.6	8.67	2.37	1.21	0.885	1.4	4.26
7.1	7.67	7.91	9.06	8.72	8.92	8.69	7.7	7.83	8.43	10.1	12.2	15.4	15.6	19.7	34.1	33.4	51.9	57.1	51.8	60	62.4	70.2	98.5	110	116	107	84.9	84.5	88.8	77.1	54.3	51	47.7	51.6	48.3	47.4	47.6	46	37.7	36.4	35.4	34.3	35	36.3	29.3	20.7	40.8	38.1	40.4	34	24.1	20	24.3	23.7	23.1	14.3	17.5	13.6	12.2	20.6	15.3	18.7	30.3	26.6	21.8	21.6	16.6	14.7	15.7	14	19.1	17.8	17.3	15	17	19	22.8	20.6	21	17.9	16.4	15.4	12	10.9	9.89	9.09	13.5	9.22	10.7	11.8	24.9	24.1	30.2	38.4	30.4	25	23.6	27.1	29.7	32.5	33	30.5	39.2	36.6	33.7	35.3	27.4	24.5	21	18.4	14.7	12.1	9.72	7.41	2.06	1.08	0.87	1.44	4.42
6.09	6.79	6.9	8.05	8.12	7.78	7.15	6.85	6.87	7.58	9.03	11.8	12.9	15	18.1	28.4	30.6	44.5	62.1	51.6	59.4	63.4	64.9	91.3	99.7	111	109	92.5	80.5	84.8	80.7	69.2	50.9	47.1	49.1	49.1	47.4	47.6	47.7	39.9	35	32.4	30.6	21.6	38	55.1	21.1	36.8	39.1	45.5	34.8	26.1	19.1	18.7	21.3	18.1	14.3	14	7.96	31.3	16.2	10.3	14.3	19.5	21.3	19.1	18	14.9	14.7	19.4	18.7	18.4	17.1	15.9	14.6	15.8	17.5	25.8	19.9	19.8	19.4	17.3	16.2	12.1	10.8	9.72	9.12	10.6	10.8	11	11.6	26.1	29.6	38.8	53.2	36.1	25.8	24.3	23	26.5	31.2	30	29.2	40.6	37	35.1	32.8	25.5	20.2	18.9	17.4	14.5	10.9	8.61	5.93	1.66	0.907	0.813	1.39	4.33
3	3.71	4.53	3.52	4.24	4.66	4.73	4.23	4.5	5.06	6.12	7.67	9.64	10.7	13.5	21.8	24.5	29.2	35.6	42.3	55.7	53.7	58.6	76.4	83.4	90.7	108	79	79.1	104	90.9	72.7	54.5	54	52.5	39	37.6	37.9	37.7	34.3	30.3	28	27.9	25.4	22.5	26.6	23.7	24.3	24.3	28	27.9	34.6	29.8	24.6	20.9	16.6	15.6	13.9	15.3	9.6	9.06	9.63	10.2	11	12.9	12.2	12.5	13.4	14.9	22.3	16	15.9	14.7	14.3	12.7	7.79	6.93	9.99	8.55	17.6	16.5	15	14.2	14.2	12.1	11.9	12.7	17.7	16.8	17.7	19	28.5	35.6	43.9	47.6	36.1	28.3	30.5	32.1	33.7	36.9	38	35.7	44.9	43.3	39.1	32.6	15.3	14.1	12.5	9.03	7.18	5.38	3.58	2.57	1.15	0.674	0.694	1.21	4.53
2.55	3.14	2.7	4.03	4.4	3.38	4.94	4.22	4.29	4.58	5.32	6.93	8.33	9.77	12.6	19.9	22.4	25.8	29.4	37.6	43.7	46.7	51.2	63.3	68.2	70.2	75.9	66.7	59	80.4	76.4	73.6	56.5	56.8	65.7	46.2	37.6	33.9	35.2	29.3	26	25	25.6	23.8	24.8	24.2	41.5	20.8	20.8	21.9	24.4	27.2	23.9	35.3	25.9	14.1	13.2	12.1	10	8.45	12.7	7.4	8.21	9.96	11.2	12	12.7	13.9	16.3	16.4	15.3	15.8	15.5	14.8	13.2	11.3	10.3	8.41	8.43	16	15	15.1	15.2	14.8	13.5	15.8	14.7	18.4	18.9	19.5	21.5	27.5	37.8	38.9	36.9	35.2	34.8	37	31.7	34.7	38.1	38.3	37	46.6	46.4	42.1	34.2	15.1	13.7	8.22	5.65	4	3.81	2.12	1.68	0.787	0.503	0.641	1.17	5.61
1.76	1.93	2.06	2.55	6.01	2.44	2.75	4.01	3.11	3.7	4.62	6.35	7.51	9.13	11.2	19.2	21.4	22.8	25.6	31.4	42.6	44.3	44	53.2	56.2	57.3	57.6	47.7	49.3	66.2	71.9	62.6	57.1	59	65.9	47.1	46.9	34.9	34.2	29.3	25.4	24.8	24.2	24.7	23.6	25.9	33	30.4	22.7	19.3	18.8	27.5	24.9	30.9	24	13.3	11.8	10.8	12.4	12	6.12	6.68	6.87	9.71	10.7	11.8	12.9	14.1	17.1	16	15.9	16.6	16.7	16	13.2	7.35	12.3	11.3	11.6	16.9	15.1	15.2	14.1	14.9	14.4	13.6	13.8	20.1	21.8	23.6	23.2	32.9	36	35.9	35.2	37.8	37.5	37.7	38.9	37.5	41.2	42.4	39.2	46.7	45.4	42.5	32.5	14.9	10.6	6.86	6.48	3.29	2.22	1.65	1.35	0.621	0.442	0.614	1.11	5.32
1.71	1.87	1.68	1.7	1.74	1.79	2.13	3.33	2.61	3.16	4.17	8.1	7.42	7.9	10.1	18.5	20.1	21.4	22.3	26	44.5	37.3	37.1	42.9	46.3	46.9	47.1	39.4	40.1	55.4	60.3	45.8	48	55.2	72.2	41.5	56.6	39	36.5	31.8	29	25.8	25.8	28.9	25.7	23.9	24.6	42.5	26.4	19.4	17.9	34.6	30.9	32	30	17.9	13.7	12.9	12.7	9.49	6.57	6.13	6.92	8.98	10.6	12.5	13.1	14.4	16.4	16.5	16.4	17.1	16.5	16.2	14.4	6.79	11.5	13	15.8	20.5	17.6	16.8	15.7	13.9	14.3	13.9	15.4	20.6	23.3	28.5	29.8	36.4	35.7	36.8	34.7	39.5	35.9	43.6	44.9	41.3	39.7	39.8	37.1	46.8	43.3	41.2	34.1	14.9	9.43	6.33	8.33	3.44	2.3	1.58	1.31	1.31	3.7	0.604	1.03	3.76
0.38	0.572	0.712	1.2	0.858	0.897	0.924	0.922	1.24	1.46	1.97	4.43	5.44	6.36	7.88	15.2	17.1	19.1	22.3	19.9	20.9	30.1	27.5	22.9	26	26.3	25.8	22.6	28.9	32.5	34.3	44.8	47.5	62.6	112	55.6	56.3	49.4	50.6	38.9	36.5	34.8	33.4	35.8	36.1	30.9	30.6	30.4	24.8	20.7	14.7	15.2	14.8	12.5	13.9	15.1	12.2	11	12.4	11	8.97	7.73	8.03	9.1	12	14.1	14.4	14.6	17.7	16.7	18	18.5	18.8	17.5	19.9	20.4	19	19.8	17.3	24.1	21.3	21.4	21.8	14.3	13.2	13	14.5	20.7	20.9	24.7	30.5	36.7	33.6	39	42.9	48.7	53	59.4	61.1	48.1	44.9	48.7	48.4	45.6	43.9	37	30	17.9	12.3	9.14	10.9	6.92	5.18	3.69	3.26	1.85	0.832	0.965	1.5	3.77
0.267	0.253	0.379	0.604	0.544	1.01	0.718	0.531	0.611	0.908	1.31	3.28	3.92	4.73	5.91	11.8	13.6	15.4	17.3	16.9	15.9	16.9	23.6	33.9	18.9	17.4	19.4	18	17.9	20.3	23	41.1	44.5	52.5	102	54	56.2	66.4	56.6	41.2	38.7	38.3	37.2	39.6	37.2	36.5	35.9	26.2	27.5	16.6	19.3	23	17.9	12.9	11.4	14.8	11.5	9.89	15.7	10.8	8.69	7.61	7.51	7.79	9.1	11.8	13.7	16.7	17.9	17.2	17	17.7	19	18.7	18.1	20.5	12.7	16.6	18.2	21.4	19.3	19.4	21.5	18.9	13.7	13.3	14.1	21.8	22.2	23.4	30	36.5	36.7	38.5	41	50.8	55.6	60.8	65.5	51.1	52	46.5	44	44	42.2	36.4	29.8	17.2	13	9.56	8.8	12.4	9.12	7.38	4.58	1.16	0.895	0.964	1.38	3.4
0.228	0.22	0.219	0.378	0.318	0.331	0.686	0.666	0.421	0.522	0.911	3.14	3.33	3.69	4.21	10.3	11.4	13.1	14.8	17.6	14.1	14.2	15.5	43	16	15.4	13.1	11.5	12.1	12.6	14.6	24	40	59.1	90.4	68.2	101	131	108	56	42.8	45.9	53.4	43.4	40.1	39.8	34.4	27.6	26.8	19.5	23.5	36.4	20.6	13.1	12.9	16.7	13.5	13.3	10.3	12.9	9.1	7.65	7.48	7.36	9.29	9.93	11.8	14.5	16.2	16.8	16.8	16.4	16.5	17.3	15.9	18.3	14	15.2	18	24.8	18.2	17.5	19.9	19.3	13.7	13.5	15.3	23.9	24.6	24	26.7	36.5	40.5	36.4	42.9	52.8	60.7	67.7	65.7	50.8	45.9	47.2	40	42.8	40.2	35.5	28.3	17.5	12.5	9.85	9.48	13.9	13.9	10.7	7.06	1.3	0.993	1.03	1.35	3.21
0.478	0.378	0.196	0.362	0.297	0.27	0.423	0.452	0.56	0.45	0.654	1.72	2.79	3.11	3.05	9.03	10.2	11.7	13.1	16.6	13.9	13.2	13.9	12.8	14.2	57	11.3	9.79	16.9	12.1	11.3	21.6	32.8	50.5	89.5	82.4	117	106	104	64.3	48.4	43.7	46.1	42.7	42.1	42.3	37.3	29	24.4	23.9	20.7	19.7	18.7	15.3	12.5	21.1	18.2	21	11.1	20.9	12	8.01	9.93	8.03	8.82	9.22	11	13.6	14.8	15.5	15.7	15.5	15.5	16.6	15.7	17	15	14.5	15.2	21.6	17.6	17.3	17.4	16.6	13.4	13.5	14.5	23.6	26.2	25.2	25.4	38	43.3	43.7	49.1	52.3	60.7	64	62.2	46.7	42.2	41.7	33.9	35.1	34.5	29	25	15.5	19.9	10.6	11.5	13.4	11.9	15.1	10.5	3.28	1.43	1.51	1.43	3.23
0.33	0.24	0.36	0.858	0.434	0.444	0.489	0.216	0.241	0.433	0.601	0.691	0.905	1.15	1.32	2.19	2.02	2.09	2.39	5.53	5.7	5.95	6.27	4.31	5.61	13.3	6.04	3.4	6.08	5.85	6.26	9.16	11.8	14.8	28.3	52.4	87.8	91.9	88.6	59	61.3	58.1	63	45.1	46.8	45	33	25.4	21.1	22.4	24.2	19.8	18.8	25.4	29.7	17.3	15.4	17.1	11.1	18.3	12	5.56	6.02	8.46	7.62	7.76	10.6	10.7	10.4	11.7	11.2	4.9	4.04	8.19	2.89	9.21	13.6	9.58	6.39	11.7	15.1	19.5	24.8	11.8	9.48	9.91	11.1	18.9	20.6	18.8	19.3	31.3	35.7	43.2	44.5	45.6	50.5	51.9	51.6	37.6	34.9	30.4	27	22.4	20.7	18.2	15.9	16.8	18.3	10.5	8.43	13	14	12.6	13.2	13.7	12.2	6.79	6.51	3.71
0.24	0.24	0.24	0.691	0.54	0.346	0.372	0.143	0.158	0.548	0.402	0.425	0.453	0.546	0.648	1.42	1.48	1.48	1.93	4.24	4.03	3.87	4.22	2.52	2.68	3.27	3.48	2.33	2.99	3.32	3.54	7.15	10.3	10.8	17.3	41.7	66.4	76.4	81.4	55	56.8	59.9	61.7	47	41.5	36.9	31.4	27.4	23.3	20.9	21.8	17.7	18.3	23.7	28.3	16.6	14.5	10.3	10.1	6.95	5.85	5.45	5.72	9.05	8.79	8.45	8.25	11.3	10.7	10.7	10.6	6.4	5.67	3.21	3.3	5.68	9.83	6.69	7.62	20.5	25	24.7	28.6	12.8	10.9	8.91	12.9	17.6	15.3	16.2	18.9	29.3	35.4	40.8	41.4	47.1	47.5	46.8	38.4	30	29.3	26	22.7	18.4	15.5	13.6	12.8	15	13.6	10.5	8.71	12.2	11.9	11.7	11.6	13.1	13.8	6.84	6.2	3.9
0.24	0.27	0.27	0.486	0.385	0.379	0.386	0.11	0.3	0.135	1.02	0.673	0.284	0.254	0.308	2.15	0.977	1.06	1.23	4.58	3.05	2.86	2.66	1.6	1.53	1.52	2.61	2.53	2.04	2.24	2.56	3.45	7.93	6.64	11.6	26.8	50.2	80.8	149	69.1	56.2	74.2	50.9	41.3	39.1	37.3	32.1	25.5	23.2	22.3	20.1	16.3	15.9	20.7	25	17.9	14.4	10.8	8.38	7.75	5.83	5.37	5.75	10.5	8.97	8.33	8.42	12.1	10.7	11.1	10.9	7.76	3.77	4.19	5.34	7.41	7.09	12.5	16.6	27.7	22.1	22.4	26.6	9.86	11	8.71	13.3	12.7	19.3	17.2	18.9	28.4	35.6	41.5	40.1	47.7	40.6	40.1	35.9	27.9	26.7	23.6	20.2	15.6	14.3	14.2	10.7	11.7	10.9	10	8.19	16.6	15.7	10.7	9.93	12.5	10.9	7.43	6.98	4.4
0.18	0.24	0.27	0.349	0.273	0.257	0.263	0.122	0.108	0.129	0.137	0.161	0.19	0.306	0.212	0.45	0.929	1.06	1.8	3.82	3.59	3.54	2.07	1.27	1.2	1.18	1.13	1.48	1.7	2.02	2.73	3.3	3.66	4.99	6.42	17.4	23.7	55.3	115	60.8	52.1	51.9	51.5	42.7	41.7	37.7	32.6	25.9	22.5	22.1	19.8	17.6	15.8	16.5	22.1	18.5	14.9	11	8.18	10.1	7.72	6.61	5.83	11.9	10.4	8.94	8.67	13.1	12.5	11.2	11.3	11.1	6	6.07	4.99	8.54	11.9	9.4	21	23.5	39.7	27.6	23	13.9	10.1	9.28	8.94	14.1	18.4	17.8	21.5	29	31.3	35.9	35.5	38.9	40.7	38.5	33.1	26.4	22.8	21.7	18.5	14.3	12.1	13.3	10.3	10.8	9.51	8.74	7.5	14.7	14.9	15.2	16.2	11.5	9.98	9.08	8.31	5.14
