69.8	70.1	78	62	55.6	44.6	46.8	50.1	45.5	40.4	46.6	68.8	95.3	70.5	72.5	72.7	79.8	90.7	70.1	79.6	101	117	115	135	170	214	178	86.2	76.4	70.5	92.1	69.4	62	42.1	38.5	34.7	45.8	73.4	78.1	77.9	123	119	138	197	212	194	175	235	131	85.5	68.7	76.2	59.9	54.9	46.4	45.7	45.8	57.1	50.8	67	55.8	75.1	70.1	49.4	53.6	77.3	111	111	127	135	158	159	197	213	218	289	353	428	434	473	415	410	351	309	320	440	404	197	164	146	132	52.4	56.5	53	33.5	28.5	30.6	24.1	26.8	24.7	34.9	42.1	24.1	15.6	10.2	9.27	9.12	4.89	3.72	0.66	3.75	5.34	5.67	6.87	10.9	16.2	20.4	18.5	7.77	5.19
94.7	92.7	108	66.1	60.3	64	71.6	76.7	65	58.5	55.9	61.9	67	60.2	59.5	80	104	98.6	79.6	87.4	121	170	153	172	193	215	168	126	78.7	65.6	88.3	93.4	83.8	53.2	49.2	58.9	56.9	81.8	71.9	86	133	167	187	295	261	213	209	207	123	99.5	78.6	71.8	64	46.6	21.7	16	13.9	18.9	29.2	37.7	41.6	44.3	44.5	41.2	89.4	96.9	102	130	130	163	226	207	238	225	177	214	340	443	409	376	330	316	316	327	385	382	427	374	211	179	172	80.4	70.5	77.9	46	16.3	24.4	32	29.1	25.8	41.4	41.8	18.5	11.2	11.2	11.4	4.95	4.77	3.24	1.5	6.63	12	6.75	5.58	8.88	10.4	13.3	8.67	5.85	4.35
93.6	116	133	76	74.2	82.2	91.4	89	90	76.3	75.7	79.1	95.1	59.6	70	104	99.4	84.4	119	163	189	182	194	212	255	266	206	119	91.8	75.5	98.5	114	107	94.7	81.7	64	97.3	110	76.6	118	137	137	188	281	324	253	196	163	129	103	90.2	57.4	51.4	36.3	25.1	18.7	14.8	19.8	28.7	36.8	41.9	25.2	39.2	53.6	64.6	93.9	158	153	162	196	218	231	257	270	217	243	346	401	333	345	309	293	341	309	398	356	351	396	234	199	205	116	113	103	51.3	21.7	32.2	41	48.4	47.4	49.1	28	11.9	8.16	7.53	9.99	10.1	6.48	7.86	7.53	15.5	11.6	7.32	9.96	4.86	11.4	16.9	8.49	3.54	2.34
112	125	124	87.9	88.8	85.1	108	106	108	83.9	86.6	87.5	98.4	65.6	75.2	105	145	135	114	155	191	182	207	174	215	189	169	116	128	125	152	175	168	147	109	86.9	97.2	101	88.7	139	141	138	186	225	210	195	199	172	135	92.8	79.2	69.5	47.9	43	19.7	13.4	19.5	24.7	29.9	41.9	36.7	37.6	50.5	52.1	67.6	98.8	169	171	185	189	212	244	272	274	275	291	330	324	293	391	398	331	275	358	373	353	334	258	263	258	178	113	143	141	71.9	49.5	54.4	59.7	59.7	48.4	47.2	26.6	13.7	9.21	12.6	23.3	15.7	15.4	30	17.1	12.8	12.1	11.7	5.31	0.75	4.86	8.4	5.19	3.06	3.93
128	119	121	91.2	114	137	148	113	130	80.2	77.2	86.4	91.8	102	110	108	132	166	139	162	187	207	166	139	142	151	138	132	134	154	201	250	215	189	148	111	83.8	107	142	135	124	147	183	211	171	156	156	123	87.4	90.5	77.1	55.2	39.5	21.2	20.3	15.2	16.3	16.7	29.1	31.3	35.4	35.2	42.2	52.7	115	127	143	163	211	247	226	244	248	271	285	298	327	323	339	364	358	301	291	315	321	367	361	332	265	262	169	87.5	118	151	92.7	75.9	85.8	92.5	73	49.9	57	21.4	25.6	27.8	26.6	32.2	14.2	13.9	17.5	5.64	13.7	15.4	13.6	7.77	5.64	6.57	5.19	2.7	4.56	6.54
145	137	141	110	112	129	129	147	139	71.1	91.3	89.3	106	111	132	126	166	178	171	167	152	167	150	186	182	167	192	182	173	183	242	246	195	167	175	123	79.3	86.5	112	120	124	123	134	138	137	137	138	115	96.7	74.1	56	48.2	41	24.8	20	11.2	14.1	14.7	21.3	29	32.3	36	57.2	104	138	142	135	156	186	197	189	240	207	222	234	267	283	284	296	330	350	303	274	317	332	342	302	302	308	269	202	88.7	119	150	106	89.9	120	93.2	74	55.5	46.8	27.5	29	36.5	12.7	23.9	12.3	13.8	19.5	5.91	12.8	20.5	12.5	7.29	14.1	12.1	14.6	17.4	11.2	4.05
135	143	146	108	104	136	130	131	117	89	106	79.4	121	138	120	139	164	178	227	257	233	183	155	228	234	184	210	218	218	220	212	255	238	224	175	99.2	69.8	85.7	118	141	116	131	126	129	129	114	110	98.4	118	98.9	63	45	34.8	20.7	17.2	11.5	17.4	23.1	49.3	44.6	38.7	41.6	78.4	114	125	154	194	195	207	209	222	259	295	277	252	302	285	303	363	376	352	309	309	357	339	289	315	378	353	255	203	112	138	136	105	97.7	107	99.1	69.3	63.1	69.6	50.6	58.7	31.9	28.8	26.2	26.1	25.4	29.6	18.9	21.6	32.5	32.5	19.2	21.4	17.2	20.3	19.7	15.5	11.8
165	169	165	102	96.3	109	158	156	152	148	110	87.6	115	164	181	187	200	227	294	243	234	208	229	297	301	235	244	268	219	237	280	304	282	280	182	147	129	97.7	102	132	106	134	133	132	150	121	98.7	95.4	94.8	93	80.8	51.8	35.4	23.5	18.7	17.4	29	37	69.6	46.7	40.8	44.8	69.8	133	140	176	233	220	237	245	291	277	376	373	369	310	312	335	355	340	290	291	367	390	322	294	366	393	388	311	243	171	138	130	133	114	129	82.8	63.3	73.2	92.5	61.9	63.2	34.9	31	34.8	53.8	43.8	43.3	20.2	31.5	45.5	62.1	55.6	44.8	27.7	28.6	41.5	32.8	26.6
176	190	161	125	139	118	164	181	206	172	120	115	173	187	195	214	192	226	292	227	215	199	251	238	212	249	263	254	260	192	252	350	319	311	233	221	173	126	93.1	102	116	121	130	132	151	116	103	103	81.8	90.7	88.6	63.7	52.6	35.6	28.2	26	31.4	37.2	33	37.2	45.9	71.9	128	198	156	160	210	236	275	290	333	376	401	404	415	346	351	372	404	397	328	335	363	392	360	374	387	388	390	382	300	235	203	107	125	94.5	119	104	60.6	115	128	131	119	44	39.4	50.6	62.4	71.3	50.9	35.1	46.9	45.1	43	76.3	54.9	41.6	41.8	45.6	40.8	41.5
159	185	166	160	185	167	196	227	260	201	184	165	226	237	235	246	222	221	281	277	242	206	196	162	214	255	254	241	255	234	260	329	376	266	246	218	182	126	91.6	81.2	95.3	98.3	134	147	134	106	116	100	92.2	85	103	63.8	40.7	37.5	34.5	17.7	18.3	20.5	36.3	33.8	55.7	66	102	163	135	145	207	258	281	241	291	345	356	368	377	335	316	401	442	336	285	291	295	355	349	288	289	293	339	351	312	201	160	92.5	104	119	124	113	106	95.5	104	109	98.9	78.3	55.7	68.8	73	52	50.9	58.4	49.6	60	50.2	79	64.5	80.6	85.2	58.2	42.6	45.5
190	202	176	221	231	182	181	205	241	268	221	216	238	255	259	281	250	260	266	273	282	258	189	198	203	246	228	284	313	285	296	337	360	293	206	237	190	150	108	101	111	104	113	147	137	108	107	118	106	85.4	76.3	52	47.5	39.7	36.7	22.6	22.2	29.1	35.5	48.8	68	88	106	139	147	187	221	264	290	234	237	306	380	340	346	300	333	367	366	259	254	295	283	323	330	297	293	259	347	397	382	249	201	103	129	125	126	132	115	101	100	107	128	105	82.7	73.1	68.1	64.2	57.2	70.1	52.3	54.7	82.6	97.9	87.8	76.9	69	77.9	69.2	56.4
152	180	183	244	184	145	163	181	253	261	217	237	230	244	250	253	275	326	290	264	292	267	202	204	199	197	223	319	333	339	328	351	356	268	203	169	171	160	170	133	101	91.8	127	144	148	132	124	110	115	91.7	85.8	50.7	51.4	50.3	42.7	27.5	22.7	29.5	42.1	68.1	112	134	125	153	160	191	200	257	259	249	256	267	322	349	338	307	351	337	286	249	256	312	286	325	325	298	262	275	344	391	402	328	258	237	152	135	164	135	123	98.3	107	102	99.4	98.2	106	73.3	55.1	57.7	69.4	67.8	86.2	106	128	119	143	118	83.8	90.9	69.2	63.4
190	216	242	252	210	158	181	199	264	237	243	224	213	225	290	279	296	373	274	247	270	244	215	198	218	225	311	340	329	334	308	348	340	267	256	216	184	176	156	164	145	144	125	150	166	174	153	130	127	101	85.3	71.5	55.2	57.3	51.2	40.2	60.3	51.1	71.1	91.1	117	129	154	194	244	243	287	295	337	305	278	264	249	308	327	331	344	278	256	254	305	293	273	268	280	299	297	317	292	382	449	424	317	268	165	159	178	171	172	131	161	155	151	155	124	110	65.5	74.4	85.5	104	130	171	165	190	243	201	135	103	93.8	79.1
188	209	251	235	221	182	223	264	247	270	239	198	208	199	261	264	269	292	238	232	256	285	248	274	266	322	410	445	370	322	281	293	246	223	313	213	196	148	136	168	176	197	173	164	137	182	158	136	138	106	107	83	66.7	78.6	76	71.6	79	95.7	127	120	150	165	179	202	220	217	297	348	380	324	303	247	248	300	309	293	304	259	279	255	317	309	256	253	230	252	276	249	324	376	454	400	352	306	189	172	194	212	222	233	241	208	194	203	194	135	103	110	127	143	161	216	218	228	245	249	176	202	138	110
181	223	293	261	193	216	239	241	322	230	238	197	210	216	257	239	257	223	232	199	226	345	309	358	424	470	486	536	461	353	301	273	189	191	198	223	192	169	159	173	171	178	175	166	158	189	167	140	140	132	136	105	93.3	97.8	90	84.7	96.2	141	175	189	203	175	155	207	251	240	313	342	355	320	273	241	248	285	298	279	300	283	284	326	321	311	257	299	274	266	240	278	357	369	417	342	361	314	189	198	225	208	209	242	274	270	269	214	232	181	152	133	162	162	210	281	238	233	250	226	271	242	199	178
210	256	283	268	214	243	214	227	311	221	229	187	186	218	258	260	265	229	239	225	278	326	365	375	542	442	453	510	440	342	374	311	281	237	233	269	265	202	172	176	151	169	192	195	167	183	196	177	152	167	170	138	128	111	103	99.7	115	149	189	199	176	170	132	221	249	282	319	329	319	266	255	244	273	320	318	284	304	325	309	364	377	338	284	308	300	317	270	374	357	377	373	381	355	345	338	214	217	221	261	252	303	274	248	249	241	255	220	229	241	234	278	275	260	249	246	226	319	269	273	240
227	208	252	237	240	246	230	256	244	234	248	206	257	308	314	274	301	277	270	240	279	371	398	413	497	475	377	428	368	338	293	324	368	277	272	322	289	229	216	168	148	173	220	200	151	163	198	199	205	201	183	143	143	143	129	115	122	139	167	179	173	153	171	218	261	312	369	356	303	248	257	258	333	372	358	297	304	366	322	329	364	291	271	316	323	296	316	351	394	382	363	390	344	379	357	219	219	259	327	264	283	312	229	248	238	283	296	292	281	310	291	286	259	272	275	320	355	318	364	271
235	245	229	263	313	246	222	272	272	262	251	255	272	304	294	281	344	311	236	225	276	385	343	343	380	379	275	316	304	293	288	293	300	272	277	296	309	233	233	207	185	155	153	178	157	177	231	195	204	192	145	119	173	188	147	150	117	121	182	181	202	214	224	223	238	285	308	289	274	242	249	277	337	404	358	307	297	351	294	284	311	282	253	283	294	267	331	398	382	401	389	373	375	412	447	448	298	320	349	303	311	395	430	389	404	435	408	328	320	259	251	314	289	291	287	265	282	314	228	245
256	249	249	332	293	274	318	326	364	364	390	329	330	354	349	272	305	309	273	258	301	362	358	317	296	290	287	359	339	319	366	345	313	362	322	348	344	278	288	266	246	180	136	179	243	182	173	255	247	197	137	174	207	219	215	188	172	177	191	244	278	245	224	230	276	332	338	324	274	259	290	358	389	440	378	334	373	376	319	269	317	323	320	258	251	273	369	411	368	407	405	410	420	442	479	475	478	350	380	394	424	460	479	442	434	422	377	261	272	253	271	376	415	432	369	334	292	234	202	219
251	262	292	389	372	300	357	428	457	431	411	361	379	420	401	298	273	350	294	275	322	326	341	304	310	312	320	345	351	359	342	341	424	397	421	431	433	393	331	289	256	222	175	198	280	181	182	280	238	189	231	236	219	252	299	232	206	222	228	274	262	232	245	244	277	298	372	355	303	272	322	379	370	449	430	385	412	397	312	308	295	307	291	264	290	294	330	382	374	400	399	405	441	468	492	507	526	505	416	428	439	455	469	458	437	402	400	340	308	287	305	414	371	359	325	347	328	274	271	270
238	269	350	387	381	352	376	403	420	403	389	358	409	495	476	369	310	316	323	345	329	369	418	317	349	367	334	288	349	315	268	297	356	404	356	337	323	311	320	272	258	213	192	246	241	242	244	291	232	222	246	265	265	280	294	245	225	241	257	285	278	303	317	266	277	294	363	380	276	263	313	363	400	434	438	405	438	383	353	338	267	270	316	246	252	286	306	421	379	390	381	398	438	460	480	487	533	552	562	439	461	441	433	448	443	407	412	389	384	334	380	352	324	272	271	343	316	315	303	324
198	235	304	360	370	384	384	403	442	408	369	345	479	476	484	376	309	289	291	278	280	315	357	356	345	318	289	264	295	299	252	246	275	335	333	308	292	256	275	261	269	208	221	240	233	212	199	199	217	195	224	289	233	222	250	248	302	300	275	313	336	352	378	312	321	364	376	336	291	311	305	314	396	392	347	336	342	359	304	319	289	232	279	309	338	331	347	449	372	412	421	430	423	465	458	507	584	690	657	640	647	553	568	781	795	798	766	667	641	549	554	354	317	281	295	356	305	292	278	265
198	235	221	323	348	382	425	468	442	455	416	395	450	467	441	324	305	285	306	289	257	242	321	307	327	380	357	269	243	243	220	216	229	292	298	334	348	316	329	283	246	200	258	275	253	207	202	199	215	215	269	287	247	252	272	383	422	372	351	380	348	414	418	305	314	356	352	328	320	345	355	364	406	439	391	357	357	337	294	321	303	270	279	405	408	350	353	412	402	398	429	433	453	470	479	549	606	666	674	662	665	667	681	867	974	862	764	669	619	581	529	314	282	276	327	355	322	302	282	255
199	185	240	356	325	368	405	415	385	400	369	389	488	535	519	374	298	296	301	338	292	285	270	243	309	379	369	321	300	211	218	289	220	223	256	318	325	352	415	338	292	252	258	238	244	251	255	220	234	205	274	288	276	336	312	343	451	413	408	416	403	434	447	352	367	374	395	386	378	432	425	439	427	373	382	342	364	304	284	330	361	309	313	434	400	375	424	460	468	468	458	466	476	480	551	587	613	651	665	719	713	710	714	923	1.01e+03	937	855	741	700	655	525	328	305	305	315	301	284	277	283	295
239	234	286	362	327	384	404	377	428	366	396	380	435	461	574	441	317	282	319	355	298	302	268	250	293	300	343	370	360	236	222	364	287	259	268	282	330	306	330	319	293	246	274	241	248	268	276	241	241	236	274	293	305	303	310	314	385	395	384	429	430	481	414	374	387	419	501	443	432	467	426	437	454	453	434	338	361	284	296	363	361	339	288	404	394	469	481	506	505	475	494	488	477	477	522	617	638	675	716	694	690	713	738	849	851	839	796	737	791	674	641	513	380	350	300	313	295	288	308	290
253	268	289	325	229	305	347	356	351	420	465	380	399	419	491	435	334	287	346	379	317	312	295	252	321	404	381	410	353	242	221	260	260	273	268	289	319	298	326	285	270	285	288	251	246	231	219	264	251	254	309	333	279	302	291	279	317	374	402	432	448	457	461	458	475	491	445	447	529	563	445	524	560	503	405	353	358	355	358	405	396	331	332	369	387	477	440	477	466	488	604	511	500	580	543	616	654	691	694	658	665	677	690	775	770	749	708	635	628	626	608	599	595	463	425	407	367	328	327	302
304	241	234	313	239	299	331	391	397	411	455	416	383	386	459	473	444	408	411	489	417	448	298	256	281	327	335	356	272	231	217	231	244	258	272	328	300	330	331	310	269	301	309	303	253	229	236	256	225	283	266	311	275	262	220	251	275	322	435	460	410	438	527	518	453	465	419	442	494	511	431	542	534	432	379	374	372	395	380	397	369	331	300	333	370	402	415	496	510	528	608	581	620	642	580	639	719	734	673	656	665	675	733	734	724	699	657	601	595	589	587	592	650	592	571	460	441	399	357	329
316	263	211	260	237	279	309	347	430	376	346	382	466	426	462	502	427	386	402	477	421	302	315	280	284	324	376	310	237	201	182	216	267	290	274	352	307	323	330	297	284	291	306	306	302	282	261	269	253	225	253	326	261	264	242	311	293	314	351	428	439	416	541	483	427	406	435	438	473	463	453	476	423	367	307	376	360	381	360	373	346	358	315	357	372	419	438	504	508	525	595	641	620	555	562	646	695	707	661	646	694	665	662	707	699	688	658	606	579	566	574	589	611	594	574	579	536	432	386	364
223	219	206	215	218	221	253	283	353	401	366	361	452	475	489	471	499	410	428	483	341	280	288	318	388	312	286	294	273	216	201	253	321	308	310	359	327	366	315	294	286	303	288	314	379	318	304	282	237	248	237	295	291	276	279	325	346	347	405	442	458	463	485	424	395	425	426	461	465	438	481	473	436	341	283	364	366	336	278	297	331	358	351	430	465	468	508	576	523	586	627	545	575	598	723	670	666	704	735	724	759	705	645	681	673	669	643	601	593	585	582	591	611	640	576	559	511	495	465	467
194	177	167	169	183	200	254	266	277	290	358	268	303	379	392	374	495	458	452	518	453	379	422	486	422	405	356	385	379	311	251	270	311	305	339	335	313	336	274	257	294	359	352	377	329	308	303	278	253	221	222	261	252	289	292	356	428	430	360	485	488	496	423	374	364	436	426	387	406	435	441	505	489	499	396	418	390	330	326	321	360	321	388	460	474	481	501	565	499	527	528	542	669	754	753	627	644	578	602	688	694	590	595	561	531	513	538	546	547	561	532	580	576	578	543	481	438	422	415	376
233	187	174	173	156	215	224	245	218	241	281	276	275	273	324	313	372	424	454	509	427	410	434	495	382	404	334	359	381	310	242	271	256	270	359	344	328	302	317	371	414	340	368	417	352	330	270	267	292	197	205	217	228	296	298	380	420	432	395	433	404	370	347	337	329	352	375	388	350	366	354	400	423	498	451	466	433	377	395	401	348	341	377	385	432	476	543	573	521	542	536	543	604	670	654	674	630	583	594	627	586	620	572	551	547	530	546	528	544	560	547	634	565	545	490	440	408	399	397	316
238	281	250	214	235	234	258	237	201	236	256	271	269	228	238	284	307	381	428	427	399	381	429	514	477	518	314	322	341	324	259	274	255	269	328	305	285	302	316	424	443	355	420	398	327	311	314	319	303	222	213	235	297	313	305	333	368	362	355	406	335	305	321	315	356	368	373	352	371	409	372	419	408	426	444	410	402	388	379	377	348	348	372	464	477	471	491	498	496	501	533	665	819	887	725	637	589	567	574	632	565	558	560	534	544	537	519	493	521	570	532	567	550	514	476	371	357	380	385	328
286	282	278	264	254	233	256	239	253	235	300	329	273	214	265	274	277	287	330	408	364	356	416	402	411	378	324	396	348	321	266	273	291	280	292	307	305	334	376	444	368	315	341	300	357	330	298	258	271	238	264	226	207	302	360	373	324	294	344	352	323	323	299	310	358	380	378	368	346	367	410	394	393	372	392	412	438	410	392	394	356	401	372	429	473	458	478	485	506	509	545	632	742	690	841	651	613	585	576	571	549	544	545	530	505	472	515	496	507	509	491	562	544	536	499	355	355	312	326	343
270	305	313	357	369	316	281	275	295	292	363	425	394	347	387	388	375	361	415	404	328	292	335	358	387	371	409	368	382	398	301	302	306	315	301	305	366	414	489	436	444	397	426	396	509	452	387	404	348	311	314	256	210	217	237	294	303	300	272	320	293	322	373	322	336	393	432	383	377	335	369	375	373	365	343	466	508	433	446	484	473	412	399	400	439	445	422	468	472	476	497	516	576	633	621	548	552	550	550	506	496	488	490	494	472	456	432	450	458	465	465	525	562	525	489	449	411	387	398	332
349	324	342	286	291	298	290	238	283	354	379	488	482	370	356	358	339	326	371	300	294	271	281	356	311	367	330	410	389	348	328	348	342	343	345	364	351	424	479	442	433	470	407	376	461	541	419	332	302	226	163	177	199	171	215	253	334	317	244	335	293	329	399	325	329	357	413	389	357	358	363	338	356	400	391	469	427	434	487	470	442	457	409	403	398	404	450	411	445	472	488	532	551	589	561	561	572	532	514	474	508	482	475	443	462	456	444	445	472	497	488	532	523	468	452	450	415	405	370	363
360	324	310	289	302	298	302	251	322	387	415	480	471	428	378	374	327	319	342	304	341	347	406	396	484	385	326	392	383	361	333	401	420	386	376	413	389	387	392	498	476	483	412	336	386	469	489	277	259	275	194	206	174	187	191	215	253	260	281	273	372	382	394	328	343	418	429	367	388	395	347	349	318	333	375	428	386	447	485	458	461	494	406	393	390	396	419	421	479	484	489	513	531	572	571	582	565	497	465	465	492	486	474	414	432	457	459	472	464	473	498	531	478	476	447	424	412	394	390	374
363	358	360	346	395	377	386	315	335	373	397	425	415	458	420	388	310	291	329	278	314	376	433	505	455	462	376	382	417	377	362	488	417	403	422	478	434	410	414	452	499	468	408	351	390	339	311	272	232	235	243	265	231	220	245	306	328	308	282	352	438	462	406	354	353	405	404	386	436	405	329	343	340	356	346	376	408	419	419	491	513	480	443	383	392	404	425	438	474	470	469	502	520	571	568	525	519	467	447	465	485	464	477	396	472	433	471	469	466	461	491	567	469	467	444	433	422	391	470	501
326	292	278	352	359	363	453	421	366	419	398	435	452	455	422	385	331	336	378	315	405	410	381	424	415	449	452	355	346	390	408	476	522	535	556	594	504	474	524	467	471	485	427	417	491	360	285	234	287	271	284	251	269	273	261	280	392	325	334	416	421	475	465	333	352	403	407	376	408	520	284	301	303	365	386	474	371	385	440	448	478	434	404	324	345	386	413	493	462	436	433	495	491	513	552	538	498	433	453	435	434	430	470	448	484	407	435	409	426	464	468	508	506	467	450	561	526	524	544	403
313	294	297	329	344	357	384	355	338	404	386	415	452	404	398	420	411	419	404	409	604	515	485	449	463	457	404	320	285	338	396	448	428	480	508	593	635	575	543	561	474	404	387	438	471	404	312	335	381	414	364	275	284	336	317	312	340	395	367	404	424	408	385	373	345	348	425	371	391	431	342	369	389	447	380	492	436	354	428	441	402	336	304	290	341	411	426	451	407	421	354	431	478	500	489	495	485	449	471	427	400	403	463	461	393	388	342	390	416	360	419	436	510	461	432	466	509	543	453	342
309	353	412	402	410	369	343	384	362	402	374	399	390	344	345	354	444	437	438	509	560	465	497	459	407	400	398	347	285	310	315	333	366	432	424	441	524	606	632	562	562	442	440	421	427	414	360	368	440	450	402	329	315	391	411	385	376	475	398	381	469	480	366	290	277	278	337	341	325	429	351	382	347	378	385	461	347	312	451	383	339	263	256	295	345	432	374	363	421	395	396	406	462	492	484	474	464	454	481	460	403	371	427	419	366	316	306	309	290	301	336	410	424	414	373	379	407	461	372	330
277	292	427	440	376	312	359	369	362	438	439	412	385	347	354	368	431	469	481	526	471	528	423	399	384	366	337	317	277	325	371	449	477	460	408	471	466	516	520	530	574	477	429	422	376	424	439	453	462	492	418	365	324	414	467	412	445	459	438	418	466	453	382	333	338	389	311	270	248	270	313	339	393	434	355	431	358	292	276	324	395	346	291	309	444	462	374	332	353	384	385	408	441	483	483	460	454	422	451	420	346	359	319	340	362	291	286	301	282	295	320	349	307	321	343	372	357	391	410	358
277	332	459	463	428	424	445	397	350	437	433	417	395	394	346	367	497	523	536	445	368	377	372	432	385	271	219	254	232	247	327	407	486	431	326	393	395	396	427	453	502	441	438	401	416	429	467	419	402	383	390	320	323	339	396	402	435	419	430	396	422	443	345	370	341	377	353	284	288	346	402	363	335	348	428	384	326	312	318	349	339	337	245	259	365	379	296	377	396	357	334	416	412	475	503	438	416	390	419	349	333	352	311	273	317	258	230	297	304	277	256	260	265	272	339	332	305	432	481	331
278	340	403	449	418	466	430	443	412	335	350	397	378	384	328	364	487	470	452	482	367	298	359	400	392	310	260	253	266	264	283	365	394	416	306	348	339	376	410	437	430	422	466	464	466	436	447	412	386	381	364	338	320	311	371	408	454	453	419	399	417	475	387	449	379	344	387	346	371	428	373	368	270	357	376	395	377	384	365	352	337	288	290	239	294	292	271	412	344	313	322	466	384	461	475	388	376	346	339	337	270	340	289	273	337	264	224	226	235	211	198	218	228	254	276	285	359	335	361	257
277	331	372	480	478	415	435	490	393	331	329	326	416	382	366	341	444	443	408	431	318	332	354	297	290	288	303	287	326	264	306	319	333	370	346	337	334	347	337	426	455	452	479	480	440	395	412	398	405	372	340	320	328	321	387	374	443	474	455	423	504	511	437	472	484	505	444	410	400	382	347	345	347	311	408	433	342	338	358	296	294	273	300	278	273	301	275	279	310	316	310	425	393	356	338	384	343	300	267	250	229	240	290	354	282	240	221	191	166	171	184	208	202	200	198	227	231	230	231	215
303	369	366	385	362	346	419	452	442	368	417	346	316	358	411	384	474	405	410	392	338	317	310	295	369	307	254	310	326	279	262	300	324	395	321	328	399	379	344	408	410	430	433	407	443	423	436	422	405	357	361	335	354	326	349	365	383	397	445	453	469	489	452	386	472	564	430	465	437	360	444	370	396	338	362	448	278	261	297	291	307	333	265	243	255	323	270	259	298	301	320	369	448	426	393	417	397	283	263	295	312	219	223	326	229	226	227	164	181	182	200	215	195	174	191	212	225	227	202	200
274	326	312	338	368	405	455	391	363	339	398	426	335	329	330	377	404	365	364	348	355	356	331	327	346	336	302	335	289	255	264	283	293	313	282	343	318	313	328	361	368	346	375	366	442	439	391	373	394	376	346	311	325	311	326	269	269	260	310	383	352	332	364	378	398	417	417	409	418	438	428	397	313	300	273	303	273	279	299	300	332	318	310	299	313	339	239	236	288	297	347	322	475	416	404	460	396	273	242	288	374	214	206	221	213	230	296	195	184	170	167	172	170	180	200	187	235	319	339	174
278	319	319	435	485	412	383	375	329	310	326	439	387	341	367	392	348	335	340	370	360	362	367	338	352	325	360	363	297	274	248	225	259	267	279	290	328	340	374	410	391	360	333	403	465	442	438	408	383	353	362	313	347	308	393	316	284	222	295	373	358	356	366	422	443	415	446	405	482	409	448	489	315	257	250	310	265	273	283	315	320	331	335	326	270	301	280	314	350	386	357	270	341	382	371	335	280	307	330	363	279	219	264	223	224	211	233	186	189	170	182	193	211	191	183	180	174	244	346	168
248	283	314	453	538	483	448	394	377	378	339	418	426	389	443	412	342	338	356	397	380	392	397	365	381	355	361	363	326	322	265	229	228	279	295	334	349	357	353	445	381	356	416	502	532	449	513	458	424	378	374	330	335	346	356	288	265	257	297	327	308	322	421	476	384	359	342	358	491	424	506	441	348	239	280	270	283	305	303	318	314	342	327	328	355	343	349	336	368	389	299	264	310	297	350	342	292	355	397	326	253	242	343	289	255	234	209	191	224	178	169	195	157	174	132	138	168	172	159	135
261	297	282	338	470	468	373	355	311	335	388	461	451	411	440	391	383	398	374	339	374	404	391	408	372	338	334	322	351	342	281	297	290	286	292	326	341	363	371	422	407	381	407	453	438	407	450	447	415	408	414	347	369	403	390	339	285	329	279	291	264	280	358	416	420	373	369	387	364	413	486	464	260	248	426	306	281	317	374	331	353	368	306	294	432	410	344	314	348	328	346	292	350	305	330	295	317	357	407	316	298	254	378	373	342	241	204	191	224	189	165	170	162	161	120	130	171	128	112	125
252	273	268	341	405	454	443	357	295	305	360	407	400	397	421	386	380	387	426	355	359	388	417	416	374	343	352	313	337	365	346	333	298	293	315	313	314	385	424	450	385	333	308	325	357	345	363	326	286	315	362	301	301	355	404	327	296	310	239	227	287	277	367	392	370	364	377	396	348	355	361	343	299	281	310	238	200	296	378	327	373	485	269	274	232	329	278	330	297	326	351	329	335	350	318	283	297	322	293	240	223	253	334	298	319	254	208	211	190	182	172	143	128	115	114	168	126	133	121	135
281	292	382	353	372	451	443	344	288	285	351	368	396	415	458	404	400	373	370	362	326	355	388	423	309	292	273	327	300	339	355	407	324	283	267	258	268	322	357	434	403	344	361	327	292	321	334	304	317	366	380	290	261	283	304	302	251	260	252	232	278	310	273	332	351	357	357	367	324	289	327	331	318	323	295	238	263	274	337	340	334	362	261	215	249	277	325	360	334	344	343	324	315	355	256	273	264	233	242	257	196	187	258	291	235	211	244	209	227	226	168	140	138	112	143	163	147	145	132	127
296	286	327	414	365	413	334	268	321	304	357	380	400	381	405	395	380	366	348	341	342	337	328	302	278	254	272	263	252	243	279	299	266	234	242	286	239	286	306	339	373	358	357	288	255	303	287	298	286	307	333	288	260	274	279	317	245	209	273	272	314	327	278	347	330	347	356	354	315	290	257	265	219	199	188	231	206	185	259	355	399	340	397	241	267	301	264	285	373	323	285	286	342	380	265	254	279	269	220	226	201	243	266	264	233	185	202	211	251	245	217	170	152	129	160	172	156	156	112	127
264	264	273	318	311	328	352	310	390	400	328	413	372	328	401	397	368	358	337	329	323	315	349	325	274	243	216	243	270	250	252	263	207	218	267	332	287	270	306	368	358	392	333	218	281	318	315	262	316	309	324	283	288	298	286	297	300	227	314	325	348	353	293	356	361	325	336	360	323	275	247	255	203	165	163	183	167	211	184	221	257	284	280	253	234	263	265	248	269	256	251	253	358	410	321	268	291	287	233	236	201	185	230	211	185	186	232	239	206	229	226	209	150	125	156	145	144	139	106	129
224	282	294	281	276	300	319	310	348	374	415	438	318	320	475	422	355	324	296	331	290	344	330	353	305	233	172	186	210	242	258	299	277	265	345	310	268	296	342	301	297	337	350	252	228	272	309	276	345	354	317	314	298	269	284	266	296	317	306	362	352	369	278	341	411	369	367	429	341	293	351	340	273	189	183	235	153	207	204	171	152	231	163	188	253	332	196	188	211	187	234	305	318	454	510	383	376	316	278	230	190	183	227	183	231	244	229	234	196	193	195	180	142	144	112	131	138	152	128	104
278	305	307	247	246	263	278	292	324	375	351	345	352	386	467	390	329	286	250	258	306	380	355	356	288	246	245	223	225	288	292	290	286	253	280	307	305	313	278	266	303	370	388	385	322	363	403	308	424	402	359	378	339	284	277	252	267	352	262	320	302	400	317	312	367	353	306	346	359	358	369	290	292	253	216	262	209	221	217	167	136	166	132	180	219	261	244	265	197	186	287	332	351	401	462	311	293	306	341	316	231	245	201	191	255	236	253	219	218	227	196	151	135	125	131	154	164	148	125	106
275	310	289	226	194	226	256	282	334	372	315	332	348	414	448	419	305	271	232	285	322	381	352	326	262	246	302	270	305	299	276	320	311	270	263	275	285	294	304	309	276	318	427	401	357	374	373	352	386	413	468	364	287	253	257	269	264	253	253	264	260	300	321	313	412	395	412	509	408	361	363	317	302	264	256	290	297	235	210	188	176	189	154	178	245	245	312	274	229	219	308	337	375	356	391	402	341	330	317	323	253	245	303	243	243	230	233	257	239	169	177	174	134	122	144	151	151	143	134	145
234	248	241	225	229	215	227	244	272	342	308	305	358	352	348	295	290	250	245	296	285	291	264	289	266	257	323	288	364	344	347	315	308	305	318	295	324	305	294	317	313	268	288	334	358	338	387	319	318	373	425	345	264	215	192	243	244	231	230	304	288	292	256	288	321	369	417	368	507	432	377	336	334	284	305	262	269	248	259	287	207	203	233	259	283	280	312	298	294	250	280	341	376	347	298	315	394	353	339	345	308	257	215	193	207	208	267	181	159	145	173	165	175	155	139	134	143	170	124	146
269	284	314	303	311	275	300	319	334	331	298	270	264	266	286	290	302	249	277	309	308	283	280	254	249	278	324	368	447	425	335	360	312	297	332	302	326	292	258	224	259	249	277	247	272	262	287	365	358	404	412	404	298	268	202	217	225	300	299	386	332	360	326	316	326	376	378	332	309	337	414	381	384	317	302	335	327	288	328	277	275	216	213	163	221	305	298	206	214	185	209	324	284	301	275	271	391	359	374	312	373	291	281	229	203	205	244	179	161	181	322	175	195	168	123	134	128	136	133	137
233	226	280	263	273	284	320	322	347	334	301	258	263	236	262	290	298	286	284	276	289	278	318	364	276	257	299	417	468	434	386	370	351	318	314	302	311	259	243	208	281	263	244	218	229	284	286	294	348	365	538	424	287	363	281	238	233	237	290	311	357	427	391	368	367	390	408	309	337	337	404	418	374	378	370	364	424	346	406	307	298	271	243	216	264	334	381	263	268	248	265	301	249	256	277	249	255	308	417	354	336	301	277	230	222	216	240	240	185	178	211	152	164	201	128	145	112	157	160	224
201	201	216	249	283	300	367	342	344	309	266	257	228	240	291	294	304	304	279	255	270	268	257	297	281	294	314	429	400	473	455	380	388	376	316	278	281	258	259	226	242	247	230	226	293	289	273	247	243	242	372	386	332	402	338	317	258	301	298	288	365	436	448	302	280	329	365	340	361	352	336	328	324	364	376	345	337	300	374	379	299	238	246	244	273	344	287	284	255	250	248	322	256	186	234	235	254	210	384	352	302	254	332	284	248	200	191	282	266	250	276	136	127	143	144	123	116	135	157	185
164	209	241	240	240	262	344	308	323	308	285	229	255	310	353	374	357	340	295	284	278	285	260	258	274	277	367	485	424	442	481	427	459	400	378	305	310	312	309	254	257	213	209	218	272	264	311	303	276	230	334	383	380	403	332	315	285	304	291	259	288	382	360	257	261	301	368	362	332	363	348	291	320	357	349	331	281	290	239	235	183	198	217	238	293	263	262	241	238	218	199	227	216	187	172	224	292	218	300	277	231	214	269	247	237	179	190	235	185	159	147	110	114	123	104	113	105	108	162	184
190	230	245	290	319	294	343	323	313	322	304	280	337	472	485	505	460	425	360	354	354	360	303	331	329	303	305	409	409	425	419	335	331	320	329	300	270	288	303	256	286	250	263	214	234	306	356	401	480	312	299	329	398	377	386	409	353	333	280	318	343	382	285	235	256	307	384	350	353	319	336	251	251	286	276	251	234	244	261	239	195	141	177	207	214	173	185	206	232	198	158	141	130	176	140	167	148	190	204	199	185	189	230	228	199	211	198	184	149	138	129	142	123	136	122	120	130	140	187	214
213	198	218	260	289	313	307	317	302	280	297	287	359	408	442	486	445	420	398	372	353	348	337	312	360	368	347	348	382	343	367	339	327	299	307	300	288	298	303	265	257	284	409	218	203	302	332	386	448	347	295	326	377	290	321	426	426	336	242	286	279	320	315	311	265	277	307	302	287	285	296	232	222	270	270	240	238	213	212	222	215	178	162	193	212	199	194	191	209	231	162	136	136	131	139	168	175	217	203	184	178	184	232	228	184	210	210	182	131	157	132	126	141	125	110	114	145	192	205	237
220	207	249	255	302	325	287	321	295	292	299	291	333	355	326	366	406	426	385	380	381	353	380	399	422	421	391	353	368	348	316	335	332	315	349	341	328	318	331	298	256	303	316	285	241	276	281	301	369	354	286	328	337	237	307	330	357	321	224	261	267	258	341	283	290	317	280	306	295	264	252	235	215	239	245	260	254	213	203	227	203	210	197	176	207	198	164	179	211	249	194	170	137	172	117	163	173	225	276	229	226	200	228	272	222	232	220	190	160	154	136	130	127	91.2	119	117	167	232	297	272
231	232	263	300	280	283	267	297	255	232	268	305	347	346	316	375	375	415	390	396	398	384	404	405	411	418	388	406	395	370	334	333	364	314	284	286	317	358	356	325	316	346	309	259	285	316	286	265	288	251	218	235	235	210	209	233	330	369	233	270	293	318	236	211	238	245	299	284	262	233	253	241	241	259	262	258	257	260	227	256	194	182	171	191	228	238	188	157	190	205	233	189	151	159	153	165	206	211	216	248	219	218	214	221	220	183	194	173	154	182	138	166	103	117	81.7	91.7	119	154	250	234
337	286	261	293	282	230	221	222	196	201	227	302	321	366	351	389	388	425	401	413	394	400	441	398	348	333	326	314	345	322	299	321	336	317	297	318	343	383	377	334	364	379	344	316	332	332	340	323	307	278	255	250	257	229	259	275	255	248	251	335	354	268	216	220	234	203	227	225	247	209	256	205	229	203	204	205	214	248	240	211	186	183	206	229	269	242	200	173	188	145	144	156	215	147	139	157	164	183	182	213	207	180	192	185	202	188	182	176	166	174	138	114	92.8	103	88.6	130	129	143	207	201
280	286	282	256	228	186	170	157	169	202	273	317	299	326	420	487	384	388	384	405	362	343	362	345	370	371	347	319	294	317	329	314	319	334	283	316	360	396	349	372	329	328	303	345	325	375	327	329	339	305	265	247	305	312	287	326	289	259	242	247	248	232	235	266	237	209	252	201	224	276	256	223	239	243	271	273	237	226	261	226	208	179	223	313	246	214	212	183	156	136	144	129	255	250	109	134	132	133	162	215	186	139	144	186	206	208	177	155	182	177	164	135	91.7	107	97	127	145	169	195	236
273	331	352	331	272	234	212	164	170	187	258	262	294	285	386	455	427	417	408	398	317	313	309	294	307	371	337	295	345	317	320	319	309	319	293	327	346	344	364	435	349	296	316	330	298	348	355	339	375	343	292	285	372	321	305	345	361	313	258	277	263	245	279	308	227	247	202	253	280	282	217	208	230	296	256	219	232	231	252	235	242	197	193	256	241	190	194	175	203	202	142	103	123	228	124	130	119	122	139	113	120	125	127	138	182	182	157	233	160	136	130	114	78.9	91.1	86.1	123	140	156	173	231
239	372	454	439	461	431	310	234	223	197	230	257	225	230	298	391	434	435	386	374	338	325	276	261	276	370	308	278	328	358	360	334	296	336	353	333	316	311	355	435	402	330	392	358	388	383	441	387	375	321	307	284	326	398	359	396	393	327	353	319	288	276	293	210	206	223	219	194	226	285	197	159	186	190	194	246	242	237	291	248	211	181	162	186	208	202	206	189	207	241	171	94.1	113	170	152	142	132	121	148	131	138	108	124	135	155	145	131	154	124	138	127	98.4	88.3	104	120	130	124	152	203	238
172	298	406	424	431	328	283	239	257	193	166	243	237	246	273	315	344	395	358	336	339	330	252	244	217	304	289	291	343	347	329	331	306	335	347	342	333	344	341	360	429	420	406	456	437	374	395	368	412	366	322	309	301	322	303	311	331	363	381	316	315	343	327	214	209	234	239	222	252	244	189	154	177	192	193	238	231	223	259	247	219	160	220	206	231	240	236	246	261	259	197	140	147	248	210	186	141	168	114	148	147	113	162	129	111	131	135	149	131	140	123	114	106	136	137	125	138	159	170	205
156	226	320	332	264	181	168	234	340	279	186	217	243	295	226	312	292	327	343	331	343	396	388	291	237	245	261	303	327	310	343	396	361	352	330	368	342	340	337	332	397	408	404	485	424	473	401	384	383	367	349	309	286	284	271	274	292	332	360	289	318	352	343	312	253	254	228	214	346	256	186	190	195	190	196	208	220	169	200	230	242	241	291	210	223	231	231	255	263	245	217	179	166	155	196	178	154	177	117	160	118	138	127	90	96	105	93.3	91.7	121	130	134	110	94	105	107	120	136	142	153	159
167	199	206	203	165	135	142	256	391	375	316	337	310	282	259	275	303	348	333	317	314	377	442	372	263	262	264	310	341	335	334	333	384	374	336	372	362	331	338	346	384	372	357	477	472	522	516	468	379	364	356	293	272	246	305	275	318	330	336	271	258	286	298	369	308	277	283	246	284	268	256	235	239	189	181	165	175	156	193	235	277	308	301	224	231	256	225	212	231	245	233	184	195	267	251	185	133	169	154	118	138	186	112	71	106	124	93	93.9	87.4	106	94.7	80.4	92.1	101	117	134	144	136	168	166
178	226	162	151	106	114	120	210	386	493	609	482	471	374	298	253	286	325	365	255	249	361	404	389	361	331	317	344	382	313	273	295	323	285	275	334	347	332	334	362	366	337	372	449	428	461	516	410	412	412	339	276	277	316	338	290	318	356	318	271	273	302	308	267	299	319	207	289	292	364	256	273	247	214	196	202	200	189	237	263	262	241	242	214	241	269	248	216	231	250	240	191	163	180	190	217	173	164	128	107	133	115	80.6	73.4	106	132	128	111	100	114	103	77.2	83.2	86.2	83.9	128	132	142	163	204
98.1	85.7	69	86.7	93.5	68.1	81.5	128	265	428	446	504	518	406	299	245	250	262	256	220	241	321	356	296	336	333	349	354	318	322	347	322	319	305	319	317	322	302	312	331	364	421	337	441	459	425	368	320	351	400	409	338	301	344	413	299	319	340	321	301	276	270	300	302	309	294	282	320	275	266	301	268	275	275	241	272	320	351	322	260	317	290	256	224	217	266	260	196	243	266	237	191	198	188	234	274	262	184	129	139	143	125	97	115	103	142	121	123	119	120	103	72.6	82.3	91.7	82.8	68.2	87.8	135	136	156
49.3	56.5	55.4	83	84	70.8	89.3	92.9	140	181	274	412	434	366	306	320	361	326	305	268	281	284	318	259	265	294	309	325	323	336	346	336	336	307	319	341	329	294	291	301	360	381	332	435	489	421	329	298	290	341	411	336	313	331	367	368	324	370	307	328	298	319	349	335	322	280	298	308	268	272	269	352	309	266	269	218	265	354	304	261	269	265	216	240	260	244	232	207	204	236	211	223	266	278	303	275	277	219	166	165	157	122	115	145	120	166	119	124	114	105	102	88.9	90.4	80.3	72.6	65.8	64.6	83.4	93.5	131
43.4	38.4	54	59.3	82.8	90.4	71.9	73.1	91.3	107	192	209	256	296	333	372	425	457	453	369	361	327	295	243	212	256	263	289	327	346	379	370	370	336	313	328	314	287	310	304	298	322	321	370	364	471	396	365	358	350	359	320	326	289	387	502	330	369	355	297	308	337	363	330	334	308	302	323	299	330	304	328	381	297	313	336	277	297	299	318	261	254	240	242	277	243	223	199	191	275	233	189	291	324	246	228	228	247	357	194	128	104	130	156	138	140	119	137	152	119	109	110	92.2	80.2	69.6	63	72.1	88.5	107	139
36.9	40.4	56.3	59	71.9	73.1	77.9	64.4	72.2	89.9	114	153	99.1	123	127	212	235	218	293	284	322	341	297	206	213	250	259	297	345	319	381	381	352	361	364	338	333	301	274	263	277	278	310	373	359	416	487	433	415	388	385	339	317	262	395	493	403	460	339	285	301	305	381	359	307	333	404	427	387	360	271	310	344	306	298	311	310	351	431	333	306	281	246	215	193	282	217	215	199	231	220	182	166	259	258	201	162	124	189	186	113	104	113	138	129	135	103	139	130	128	123	109	90.9	83.4	69.5	67.2	72.3	79.7	86.7	118
44.6	69.6	44.6	49.5	47.6	49.6	54	66.3	74.2	63.2	55.2	65.2	57	57	52	62.8	88.2	136	163	201	252	298	319	253	253	243	271	292	329	365	409	462	408	384	377	291	287	271	273	250	264	318	300	310	303	351	409	378	354	363	375	367	323	311	368	463	457	506	355	301	292	291	314	359	325	373	349	469	412	390	362	351	412	316	327	270	276	299	324	286	258	221	218	222	223	208	189	195	158	172	198	177	299	283	302	224	216	182	145	178	127	86.5	109	128	126	128	111	165	167	168	145	123	99.1	87.9	74.6	77.7	73.1	66.4	80.5	115
54	77.8	87.7	72.7	61.4	81	70.7	70.4	63.6	65.2	43	52.7	52.6	51.5	52.4	54.2	43.7	85.7	113	176	144	195	239	246	258	240	260	286	317	363	397	469	469	434	420	319	310	284	308	276	290	312	307	251	257	286	308	330	374	344	327	376	368	311	351	412	382	380	293	259	318	445	454	416	373	331	368	457	432	454	356	386	367	332	324	349	284	245	306	215	211	229	251	215	223	205	180	158	152	158	180	184	180	245	218	230	270	266	189	179	154	126	96.8	99.6	148	134	113	133	156	182	179	150	86	86	83	80.9	91.2	81.2	78.4	110
42.6	55.7	82.3	78.4	68.6	57.5	71.4	72.7	68.3	60.6	49.4	44.3	47.7	55.6	60.2	57.7	39.5	55.1	104	110	114	114	214	291	273	277	286	325	350	366	404	470	520	481	420	346	318	305	302	283	308	321	297	240	230	253	299	338	290	282	321	328	338	300	336	399	463	401	316	282	284	340	350	362	370	279	336	392	446	424	363	374	351	377	355	388	297	215	201	187	221	224	240	231	210	174	203	267	241	224	200	197	215	316	227	207	184	202	188	151	132	134	128	93.6	124	143	105	157	139	145	140	132	88.3	87.3	87.2	70.8	74.6	105	114	105
83.3	117	116	72.1	63.7	43.2	47.7	66.6	53.3	46.2	34.7	42.6	38	48	35.3	38.4	31.1	37.6	61.1	118	168	163	190	245	239	276	297	343	398	400	408	456	515	490	440	365	333	347	314	267	266	263	268	264	201	214	259	275	297	333	310	322	337	322	339	324	358	367	448	345	271	331	334	356	344	255	253	361	356	323	352	366	293	362	343	351	348	264	263	247	247	266	246	180	249	201	213	216	195	224	264	222	240	250	209	198	183	310	212	157	124	101	114	129	112	117	120	189	216	188	154	130	96.8	116	116	80.6	75.2	103	113	89.8
64.1	58.3	66.2	57.7	53.1	44.5	38.7	30.3	30.9	26.9	35.1	41	46.6	57.2	37.8	30.2	22.8	31.1	37.8	71.3	208	230	151	201	218	276	312	326	388	391	404	472	483	437	419	386	342	322	333	276	195	222	252	259	256	216	181	176	249	277	289	264	287	287	306	303	302	284	270	283	286	306	276	322	317	302	273	285	256	272	320	322	295	315	317	339	355	283	306	296	265	289	222	158	186	182	210	171	183	219	264	276	311	306	318	321	265	254	228	219	152	117	122	153	125	112	119	152	182	216	166	144	129	107	122	82.9	76.7	87.9	168	89.1
50.9	39.7	43.1	68.2	56	44.2	44.6	43.3	41.6	36.6	37.2	43.7	49.6	45.5	25	15.4	14.2	17.4	24.8	47.8	144	294	220	168	183	299	378	346	346	359	388	428	448	436	413	331	332	294	316	280	227	201	235	257	319	239	193	152	189	233	242	239	289	241	219	241	280	313	269	244	258	248	269	255	323	331	323	305	255	266	295	295	278	301	330	362	310	281	345	295	306	324	219	168	195	186	196	179	180	250	271	336	463	449	309	299	268	258	244	204	147	133	141	182	129	143	122	114	133	147	152	122	123	125	137	96.3	98.2	107	116	98.5
27.6	21.1	23.2	39.1	52.2	32.9	53.9	60.9	37.2	45.7	45.8	47.1	44.6	27.4	17.3	13.4	14.3	15.4	20.7	31.5	86.5	182	202	175	190	235	283	380	336	342	362	389	427	445	389	302	285	254	272	286	293	270	249	262	232	183	172	202	195	227	232	193	244	238	249	237	295	264	249	250	251	222	264	258	266	319	292	304	253	269	307	343	426	353	306	318	291	333	397	328	312	274	238	209	192	201	159	169	193	239	252	311	302	320	280	254	245	230	242	196	141	122	131	167	140	133	131	109	99.6	125	120	97	111	121	97	86.6	92	95.3	113	90.2
12	7.21	7.64	13.8	14.9	18.5	29.9	45	25.7	35.5	44.4	47.4	44.7	27.1	17.4	20.1	17.3	22.1	22	28.2	98.8	143	206	154	177	167	169	219	296	313	330	378	377	359	338	272	253	222	223	225	198	213	247	220	221	170	174	167	214	238	261	235	206	213	207	241	285	266	244	224	219	240	264	246	272	316	278	296	267	234	290	306	422	372	313	266	315	423	440	388	275	301	262	186	188	190	157	182	215	269	260	304	297	306	316	254	254	260	290	261	181	146	155	145	139	123	141	126	120	148	137	106	106	104	97.6	93.8	135	107	108	106
6.46	5.42	5.12	9.63	9.81	11	10.8	10.9	21.2	30.5	40.4	53.1	33.9	25.8	28.8	46.1	22.2	20.5	19.2	30.3	48.1	69.6	103	127	130	136	127	148	181	271	328	373	307	276	267	267	241	196	203	199	177	202	217	189	198	174	148	168	191	233	240	202	172	197	168	200	227	300	252	247	242	266	272	276	316	314	278	302	318	227	247	260	332	330	286	255	278	355	361	342	289	255	240	207	204	244	217	213	216	299	311	278	270	270	279	263	258	241	241	306	209	166	153	150	155	140	138	127	98.6	110	118	99.6	114	122	115	117	129	104	108	117
4.63	4.47	4.35	8.26	8.17	8.19	7.98	9.17	10.8	32.3	25.4	36	26.9	34.8	45.1	46	50.4	23.3	17.3	27.4	35.7	47.8	76.6	112	113	106	109	141	134	179	288	350	337	294	300	306	286	230	241	218	198	251	209	153	160	195	154	128	144	196	197	147	130	138	176	200	189	229	215	280	260	253	250	285	326	299	289	303	339	209	218	248	283	284	299	267	287	352	304	235	234	214	228	230	232	282	250	240	218	285	312	278	280	272	268	268	239	245	249	253	193	172	172	166	176	159	138	133	124	134	137	127	114	93.9	111	130	138	115	89.5	76.7
4.08	4.05	4	7.72	7.53	7.29	7.15	8.17	8.23	12.2	18.1	42.7	32.3	41.1	37.7	41.2	44	35.4	28.7	36.4	41	55.6	64.2	100	83.3	88.5	88.3	96.3	128	154	211	321	349	325	359	314	314	292	236	228	197	170	154	102	121	153	135	127	125	172	168	122	149	110	149	188	215	180	185	205	235	253	207	258	267	268	212	279	253	235	235	218	226	256	253	261	264	326	282	232	229	221	233	242	260	302	287	300	261	289	261	259	264	319	281	253	243	268	276	275	223	178	181	156	153	161	176	177	130	122	113	126	110	113	104	161	135	114	102	68.9
4.47	3.96	3.85	7.33	7.14	6.84	6.56	7.03	6.83	6.67	11.1	26.6	42.8	36.5	45.1	61.7	48	39.9	32.4	32.2	30.4	41.7	45.6	46.1	43.8	90.3	82.1	71.8	70.5	86.1	161	298	369	380	339	287	242	297	235	219	186	153	123	106	78.2	110	96.4	77.3	103	124	143	132	153	121	130	143	120	105	149	207	186	170	177	240	220	210	179	196	202	257	251	203	184	236	253	282	228	225	227	227	240	273	261	257	252	257	295	319	297	293	272	302	273	243	270	243	246	253	253	337	239	194	189	163	146	159	174	167	129	122	144	134	143	144	135	147	150	126	119	103
3.36	2.86	2.61	3.16	3.17	2.88	2.72	2.55	2.39	2.27	3.2	6.98	21.3	18.8	22.3	34.6	30.8	40	33.3	72.9	46.1	55.2	54.7	58.5	58.7	83.6	73.2	86.6	69.2	61.9	80	148	272	296	305	248	186	219	183	190	233	188	167	136	82.5	89.6	88.8	79.2	110	90.5	120	135	143	149	142	110	103	133	144	167	170	138	120	196	220	265	215	315	245	202	207	195	200	278	319	250	247	218	220	258	244	302	285	271	258	293	316	298	309	302	332	292	251	210	203	202	177	178	199	242	203	164	180	147	119	120	144	165	148	139	145	160	189	150	139	152	151	135	114	109
3.68	3.26	2.68	3.19	3.28	2.76	2.46	2.25	2.05	1.83	1.85	2.23	2.53	7.48	22.2	33.8	33.7	39.8	35.8	52.7	72.4	75.2	53	53.8	53.6	55.6	60.1	60.7	54	59.6	66.5	48.2	81.2	169	170	173	170	159	166	203	173	145	130	128	127	83.4	74.1	117	112	124	170	118	126	153	178	147	151	148	171	214	187	177	109	128	228	264	210	223	208	208	179	153	218	241	232	204	195	233	280	360	310	345	330	247	245	283	310	270	286	260	297	294	258	223	203	181	185	186	191	182	150	155	167	163	143	146	146	165	180	200	177	163	170	142	151	176	173	150	114	110
2.71	3.59	3	3.19	2.87	2.64	2.47	1.94	1.74	1.65	1.23	1.64	0.989	3.31	8.83	32.2	25.6	47.7	55.2	53.4	65.7	48.5	70	47.3	44.4	48	55.4	60.1	54.2	67.9	84.4	73.9	44.3	53.9	59	75.4	97.1	98.4	94.2	129	91.4	119	100	91.6	89.8	80.5	69.4	88.4	187	183	87.1	109	112	146	157	251	231	122	167	250	184	169	134	189	142	160	251	268	203	287	276	271	256	187	214	246	262	292	262	307	341	362	317	262	258	254	277	240	270	282	296	306	261	237	225	204	193	183	179	174	147	137	158	189	165	171	178	190	207	221	228	284	267	205	186	187	176	164	137	119
3.19	3.2	2.75	3.14	3.1	2.39	1.94	1.65	1.39	1.16	0.958	1.03	0.698	1.16	4.41	14.6	17.6	46	47.5	61	63.5	72.3	94.8	65.3	53.8	52.3	54.9	59.4	58.5	60.5	79.1	71.8	37.7	46.2	44.7	38.6	56.1	54.4	53.3	69.5	66.4	62.6	87.1	106	85.9	76.2	70.3	75.6	84.9	88	59.6	58.2	63.5	101	181	192	242	150	181	157	113	106	134	225	144	123	122	204	198	277	232	249	221	185	210	222	233	226	223	254	293	336	304	255	297	256	312	247	275	332	345	308	277	289	252	247	211	202	174	185	144	138	151	166	177	187	206	217	227	240	255	297	273	208	168	179	181	160	146	151
