28.3	33.5	46.1	83.4	92.1	84.3	82.6	73.2	86.9	103	94.6	74.6	89.2	71.8	67.8	62.7	65.3	111	105	94.4	103	89.6	103	120	130	161	99	89.4	75.5	47.2	55.2	75.4	76	79.3	69.1	64.7	84.7	65.2	98.7	173	145	164	214	244	220	237	161	116	73.9	36	13.9	25.9	20.7	15.7	23.5	58.9	54.6	43	34.4	51.2	59.5	54.2	55.5	61.4	47.9	75.1	90.3	95.1	104	95.9	127	84.7	77.1	90.6	70.9	71.8	76.2	81.8	78.3	82.4	72.8	67.7	83	95.2	80.6	85.4	83.7	72	59.3	66.2	74.5	55.1	63.8	59.6	62.7	54	34.6	33.2	32.8	12.3	18	24.5	26.9	17	6.36	8.01	6.99	5.58	0.12	4.02	1.41	2.85	3.48	5.46	6.42	1.95	0.99	4.62	3.27	9.06
29.2	44.9	61.7	136	141	101	102	83.6	116	122	89.3	104	121	103	109	88.3	115	143	125	112	117	112	127	177	227	225	147	90.2	70	68.3	101	132	133	106	93.4	81.6	107	113	153	230	158	154	256	280	287	253	160	111	56.1	21	13.3	18	24.9	24.5	15.6	36.4	48.6	45.7	41.9	66.3	59.3	53.5	51.4	47.8	42.2	79.1	92.4	94.1	93.5	103	104	105	92.9	77.2	74.8	70.3	88.2	88.1	86.2	79.1	78.2	70.9	90.7	126	143	113	102	90.5	81.6	90.6	87.5	42	56.9	71.6	73.8	58.6	72.1	47.7	30.9	32.6	37.3	38.2	33	20.7	14.7	22.3	9.72	8.04	6.6	5.43	2.67	2.76	14.3	6.72	4.77	8.55	7.32	9.18	10.3	22.6
33.8	51.8	78	121	131	95.8	109	92.2	123	147	92.3	95.9	99.5	98.2	135	100	113	124	131	129	115	96.1	143	189	221	225	144	96.2	83.8	96.3	137	128	119	111	107	86.9	76.4	99.8	135	220	196	159	173	194	205	144	91.9	75.6	31.9	19.3	21	17	19.6	22.7	13.3	19.9	31.3	42.9	51.9	72.8	70.6	57.6	52	55.9	50.7	84.1	139	94.2	94.8	112	120	109	118	107	91.1	94.2	109	106	91.5	99.8	77.2	77.6	80.8	120	139	128	132	99.3	94.4	93.9	91.8	37	45.6	58.8	78.9	95	101	77.8	55.2	46	53.1	51.7	47.4	22.1	21.4	29.8	11.7	10.5	8.94	12.5	12.8	10.8	11.5	12.3	5.7	16.3	16.4	35.6	24.1	25
33.4	51.9	61.5	102	130	126	130	107	197	140	100	96.4	107	133	132	109	128	108	89	117	152	117	137	154	152	172	139	180	143	130	133	223	229	177	97	82.4	63.7	78.3	100	175	134	123	146	103	110	106	96.8	27.4	22.3	32.4	27.7	20.4	15.5	11.7	11	22.6	23.1	47.3	65	74.7	78.6	69.1	68	59.9	66.5	112	121	110	137	144	118	119	161	173	146	144	113	109	96	97.8	68.4	113	120	165	171	139	156	124	110	102	93	56.4	60.6	50.9	69.4	88.4	105	83.7	84.1	83.1	91.6	92.4	57.5	38.2	41.6	32	21.8	20.1	24.1	19.8	17.6	11	9.78	12.2	10.1	28.1	42.6	45.7	19.6	17.2
46.5	45.6	54.9	126	126	158	166	180	178	164	151	124	148	160	122	113	142	120	98.4	93.8	107	109	99.1	110	123	160	212	245	168	121	148	305	230	178	124	68.7	56.2	72.9	99.3	113	93.3	69	86	85.2	75	100	63.5	31	24.1	29.9	40.6	14.6	9.98	9.15	9.1	22.3	33.1	47.9	56.6	88	102	73.3	60.8	52.7	60.6	95.8	141	158	167	207	156	108	172	191	200	177	136	135	110	106	118	147	132	155	175	149	159	121	122	122	95.2	59.2	78.3	90.5	78.4	81.8	90.4	97.2	79.5	95.6	114	135	82.3	63.8	72.1	61.4	43.8	32.7	50.2	27.2	19.4	11.2	8.37	14.7	25.6	40	46.9	52.9	42.5	27.6
80.8	81.4	83.1	90.6	122	145	191	228	230	189	183	177	225	174	174	137	177	162	153	142	137	131	165	191	206	200	260	227	181	179	201	214	180	120	110	64.6	49.6	48.5	52.1	65.7	53.5	51.1	34.5	61	59	76.5	65.8	29.3	22	45.4	26.8	22	8.96	7.95	7.61	10.4	30.4	45.1	45	74.8	95.6	78.8	53.2	58	54.5	77.4	142	122	124	107	132	123	144	143	180	168	132	116	114	129	143	150	133	143	179	191	162	170	153	157	133	87	85.7	95.9	115	122	121	105	102	98	123	123	114	64.1	61.3	89.1	67.3	48.4	53.2	43.7	40.6	18.8	21.8	24.2	14.2	16.8	28	30.1	39.9	27.1
75.3	93.9	90.3	102	182	154	151	150	172	178	154	157	218	151	117	131	162	173	177	171	179	175	180	215	270	201	205	172	189	203	179	170	130	139	115	79.3	56.9	51.9	43	71	82.5	36.6	23.2	40.5	38.7	64.3	67	28.7	21	28.8	30.9	24.6	9.08	8.27	7.84	9.09	12.1	42.5	45.3	82.3	79.7	89.7	89.9	69.7	61	84.9	133	90.9	96.9	101	140	117	131	161	181	153	135	131	142	194	170	152	149	227	201	213	188	214	164	159	174	114	113	107	110	109	127	161	140	121	158	145	140	92.5	69.8	81.3	98.8	80	70.2	90.2	77.8	63	37	22.9	27.8	20	27.5	20.4	20.3	23
73.2	99.2	84.1	106	109	143	148	133	158	151	150	163	188	154	136	158	165	165	188	217	177	184	180	218	217	178	184	169	145	158	130	144	150	162	112	96.9	77.1	56.7	47.2	73.2	50.3	42.6	45.7	42.2	39.1	42	34.5	21	28.3	28.7	30.8	15.7	10.2	7.13	9.26	17.9	22.6	43.9	96.2	99.4	80.5	94.9	90	74.2	86.9	112	127	91.2	93.3	134	123	157	180	272	247	184	175	160	182	180	172	170	166	204	171	201	220	218	212	207	220	197	115	101	99.3	114	130	174	158	127	140	115	103	87.1	111	88.1	72.2	60.5	64.6	93.7	104	88.3	48.3	34	46	26.1	27.3	26.6	14.5	10.5
72.3	100	87.1	142	116	87	111	125	166	169	189	145	174	193	222	163	159	143	138	175	161	174	169	157	202	185	163	163	141	139	139	136	129	150	122	78.1	48.4	41.9	42.4	48.9	47.6	53.3	62.4	56.8	41.9	27.2	23.5	27.2	24.8	27.2	32.7	14.1	7.89	8.88	9.47	20.7	26.8	51.9	75.8	97.4	96.8	84.2	75.2	105	101	94.5	95.6	98.4	92.5	107	120	122	147	242	216	199	188	188	207	178	162	153	192	233	213	250	187	216	223	258	254	282	198	126	141	144	119	153	143	103	96	107	98.3	93.6	109	117	98.9	76.7	95.3	103	134	117	99.1	94.7	67.8	64.6	33.2	24.8	25.5	33.3
69.7	63.4	80.7	141	156	104	110	137	140	182	136	140	148	229	233	193	184	141	131	173	158	163	138	144	188	177	172	205	181	227	202	126	120	134	145	108	67.7	57.5	35.9	44.1	40.2	53.3	85.8	78.1	59.2	36.7	28.1	36.7	33.8	22.9	22.1	11.7	13.6	16.3	19.9	19.6	21.2	51.1	74	94.7	108	132	80.3	83.2	93.7	60.5	58.7	95.6	102	91.3	106	122	165	207	160	158	170	163	159	168	167	162	219	250	207	215	234	184	211	295	241	259	250	170	115	114	135	160	150	89.3	103	90.5	92.5	104	102	112	109	104	93	104	105	100	113	164	123	92	73.9	51.5	45.9	49.4
60.7	64	76.5	107	103	124	140	126	173	202	151	114	188	223	202	200	171	152	154	169	144	135	133	180	160	203	218	186	161	218	231	192	145	168	131	141	120	84.8	53.2	45.6	52.6	75.4	93.3	120	90	57.2	39	33.4	29.1	32.3	26.9	18.8	19.5	20.5	24.7	21.5	22.3	82.5	58.7	92.4	149	120	131	103	62.9	74.6	96.1	128	118	111	121	126	163	115	102	144	119	150	145	185	204	192	216	262	195	193	248	215	264	257	250	240	301	124	125	169	198	169	123	86.4	94	97.4	118	111	113	103	119	114	107	96	116	108	131	156	174	178	128	98.1	79.4	107
75	59.7	107	127	119	105	123	124	137	157	143	162	199	186	200	203	193	231	170	159	142	140	145	204	224	235	241	203	189	208	213	225	180	172	141	105	96.3	82.6	73.1	62.9	53.9	62.4	76.6	154	105	79	58.2	44.5	53.9	46.1	26.5	17.5	18.7	41.8	33	28.8	13.2	48.1	42.2	56.1	96.6	91.9	72.4	39.7	99.4	111	122	95.8	132	132	94.9	88.9	146	95.6	83.4	118	126	141	150	239	205	205	230	298	267	216	234	239	321	272	240	152	156	161	177	184	134	149	182	143	115	139	180	149	125	128	125	133	130	121	132	112	115	134	163	212	192	164	138	120
81	66.9	79.5	85.2	98.4	139	96.2	94.8	125	144	160	148	202	212	230	230	231	215	160	174	157	172	184	218	242	319	288	251	239	234	243	227	161	151	120	92.1	70.6	81.5	83.7	73.8	64.3	77.3	66.7	106	69.9	59.4	76.3	56.6	102	48.6	40.1	24.1	26.2	43	36.5	26.4	22.9	38.6	54.8	35.1	49.7	118	79.5	44.9	75.2	112	125	122	126	125	107	109	118	133	94.1	119	150	166	214	240	202	177	230	295	245	233	263	235	296	278	319	279	196	195	137	193	187	232	195	200	240	269	261	206	197	184	175	156	174	194	180	150	181	181	221	243	255	219	175	139
88.1	69.4	85.4	83.1	111	123	109	134	164	134	188	171	190	208	219	202	195	144	139	195	194	176	188	245	265	278	344	301	327	340	322	220	144	150	112	77.2	65.5	64.1	77.3	95.4	98	81.4	71.2	76.6	60.7	46.3	47	54.3	87.8	80.1	49.6	32.4	26.1	35	29.5	21.7	21.1	25.4	32	18.5	25.9	44.1	64.3	70.1	124	123	117	117	122	132	125	139	130	118	131	152	198	205	182	195	194	162	199	263	226	185	184	169	231	249	286	351	295	295	179	187	188	173	180	211	197	231	315	232	256	279	299	269	255	226	218	234	304	320	358	328	304	283	249	228
87.9	110	85.8	92.9	130	127	165	159	162	160	191	241	221	186	230	222	192	159	130	172	196	185	188	214	230	229	306	336	320	312	338	233	146	136	82.1	78	87.1	82.6	125	135	137	86.6	88.2	93.7	78.6	81.7	60.7	82.6	82	73.7	52.3	44.4	39.8	28.2	36.6	24.8	30.6	18.5	24.3	35.9	50.7	49	69.8	159	206	244	132	138	191	158	163	164	145	203	197	243	222	213	185	217	235	200	213	233	227	206	210	234	261	304	330	366	334	396	329	341	293	273	287	245	214	196	217	216	234	255	322	285	271	290	339	366	459	465	413	392	354	379	360	318
77.3	107	144	127	146	172	182	169	158	180	181	230	196	248	296	219	197	168	124	147	160	176	175	212	211	237	294	271	261	270	374	245	178	153	138	97.8	121	110	164	175	139	114	81.7	71.9	82	111	79.5	86	100	85	59.4	54.7	47.6	39.7	43.2	58.8	46.3	35.2	38.5	81.7	84.9	71.9	104	166	161	165	160	160	207	232	254	180	164	137	156	243	270	213	220	251	247	203	255	255	238	257	238	278	304	386	352	363	361	440	459	400	368	360	297	218	191	228	213	229	262	350	375	315	345	351	389	387	445	457	408	419	469	479	470	435
130	111	89.9	118	204	180	160	147	148	181	227	234	246	246	220	227	249	210	160	174	176	167	148	146	200	238	272	228	211	234	254	219	177	185	181	172	157	156	192	187	187	144	85.6	71.9	162	170	99.3	95.7	96.8	105	74.4	59.9	48.8	62.6	68.7	59.8	65.4	57.6	65.2	77.9	97.9	119	90.2	144	171	141	179	207	216	267	299	275	198	212	204	280	266	256	242	263	294	251	279	277	292	333	277	326	345	334	370	358	425	502	563	551	477	406	393	269	198	166	202	230	316	390	427	389	395	427	404	389	462	456	461	496	518	539	543	544
134	137	119	125	133	142	143	179	178	214	207	179	158	186	221	201	179	167	154	202	199	149	144	200	203	195	227	254	252	267	251	200	189	197	236	237	163	140	162	171	206	167	170	130	136	159	210	120	102	111	92.4	93.8	87.5	106	105	104	113	79.4	90.4	120	108	112	121	118	172	164	206	266	252	246	249	238	231	194	227	256	258	278	268	276	285	309	297	234	280	301	322	326	328	298	329	387	399	456	539	677	537	450	384	318	327	350	369	349	392	449	462	394	405	446	377	383	467	431	483	506	554	557	583	640
111	120	120	133	126	139	143	179	228	219	186	186	213	195	203	188	170	169	167	208	187	218	194	249	279	237	259	304	221	211	254	183	180	213	235	255	151	158	159	223	242	221	262	237	234	172	178	175	131	141	123	120	119	128	128	130	116	124	145	183	142	147	184	179	237	205	227	263	231	220	231	223	217	216	225	284	272	258	270	321	338	352	305	266	316	378	373	317	306	307	325	423	445	453	481	590	562	403	410	363	440	383	407	371	394	423	416	324	418	393	313	300	306	382	406	440	488	500	534	559
108	136	141	131	132	138	152	194	211	229	213	186	236	237	196	183	183	194	136	150	142	147	189	223	263	320	326	333	232	225	248	210	232	302	228	274	235	204	182	268	297	294	253	259	233	198	186	209	224	158	128	124	148	142	188	159	163	162	140	142	178	150	222	244	251	243	227	252	191	231	221	212	175	196	275	265	242	255	311	359	336	365	340	301	369	390	387	323	291	293	361	421	448	451	484	631	640	505	391	397	408	451	449	424	420	402	403	331	354	347	326	268	276	308	386	396	401	399	402	473
117	116	109	129	149	167	228	242	225	207	207	197	256	266	180	191	172	168	139	133	161	175	180	257	255	260	304	370	328	305	356	312	282	306	237	292	247	219	242	273	328	315	232	248	218	200	259	316	365	244	187	162	168	169	182	171	165	158	143	157	206	186	233	240	255	290	349	289	211	244	257	240	195	196	248	270	265	302	334	402	385	445	430	353	343	321	325	332	288	318	328	381	396	447	515	689	627	642	588	476	531	574	557	461	449	429	475	355	359	336	333	320	286	287	336	348	402	386	379	451
167	162	142	149	178	203	273	248	265	252	225	230	233	265	262	226	185	178	149	173	211	236	227	271	261	278	362	405	262	267	278	257	316	242	240	251	198	219	201	224	336	311	240	224	213	187	222	230	268	235	168	161	163	178	145	212	200	145	163	190	209	228	258	265	260	300	389	352	257	256	270	299	300	277	337	293	319	337	345	419	451	433	432	441	377	334	315	325	269	269	258	302	343	387	403	486	547	609	635	616	654	625	683	840	898	958	964	769	762	687	651	413	407	342	342	414	496	495	459	434
99.4	151	199	210	302	292	281	207	206	236	203	197	214	241	258	195	212	202	196	228	246	290	270	331	294	293	385	376	329	292	334	315	396	227	277	159	152	192	184	221	331	276	275	253	250	268	254	259	287	238	167	136	119	148	167	199	181	174	193	247	243	250	261	280	305	373	465	462	388	324	338	363	359	314	342	387	369	380	407	498	457	404	412	375	371	369	348	287	291	310	291	325	437	451	437	480	515	585	648	640	702	699	728	943	1.03e+03	1.01e+03	974	806	785	712	674	397	454	404	459	465	503	459	392	422
112	170	193	222	294	310	312	209	206	211	185	176	177	205	221	190	199	222	247	283	280	288	339	370	371	337	392	339	397	307	278	290	489	270	228	196	198	247	220	259	278	230	230	237	236	243	237	283	233	183	182	161	153	186	192	205	183	213	238	264	265	262	311	335	347	388	402	545	594	500	557	538	418	396	395	449	385	401	512	458	471	495	451	377	352	339	319	279	302	325	352	359	400	464	466	489	522	510	526	573	634	696	786	972	1.05e+03	1.09e+03	1.08e+03	880	840	791	661	366	377	375	411	360	394	381	363	416
120	160	201	221	265	261	230	177	178	181	141	143	144	181	195	157	169	201	232	310	286	335	337	365	365	327	344	412	404	297	287	247	321	210	352	251	225	237	241	259	243	208	205	246	223	217	207	198	187	186	200	196	201	207	206	226	209	234	254	267	280	310	318	428	329	319	337	465	553	478	499	546	465	427	454	502	393	452	431	383	454	512	467	370	355	341	380	317	337	334	347	399	446	446	444	493	514	488	501	516	557	628	704	964	1.08e+03	1.13e+03	1.15e+03	1.01e+03	885	768	709	477	361	355	328	315	333	350	408	350
130	173	209	236	273	249	232	180	215	204	200	174	203	197	164	165	190	228	227	276	253	278	320	378	318	271	344	396	366	271	304	250	267	223	275	230	204	186	181	208	226	179	152	210	207	200	165	150	187	202	216	255	237	252	245	249	260	277	269	344	373	432	377	361	337	361	355	439	452	442	413	608	582	554	543	532	541	530	509	491	491	473	488	355	354	415	361	333	364	356	366	407	448	451	440	443	458	462	460	430	417	480	548	791	867	924	975	925	868	751	686	579	527	396	382	346	366	332	355	365
131	137	192	252	297	272	265	218	226	224	195	191	224	217	186	190	235	287	278	285	274	261	281	280	285	303	335	393	366	260	302	327	341	257	275	224	207	183	204	211	213	183	160	225	199	176	163	145	184	215	226	248	261	241	209	209	207	241	273	401	410	374	353	407	403	460	380	401	388	367	421	580	728	702	784	660	666	609	556	506	490	489	457	394	357	373	342	354	367	395	390	447	457	424	423	433	436	439	445	426	387	428	485	673	776	824	833	786	731	703	685	592	533	506	461	358	307	289	303	255
114	155	209	207	255	250	273	231	178	174	174	190	218	222	217	230	266	310	295	299	279	241	280	288	363	386	320	315	283	279	311	334	345	308	266	259	224	215	202	256	221	205	170	182	187	184	187	184	174	219	236	248	295	222	202	208	229	237	288	407	444	415	378	476	344	471	485	455	430	441	518	585	617	587	582	660	684	597	569	546	505	504	470	364	341	326	331	362	432	460	388	397	412	418	367	394	379	371	375	383	382	400	472	604	691	724	726	675	715	739	664	566	574	488	481	438	366	250	283	253
116	175	224	254	235	283	238	235	175	187	166	192	226	231	287	276	274	294	327	382	347	241	278	342	396	452	380	313	325	293	275	288	410	341	304	283	232	197	200	216	203	216	174	175	179	191	198	206	177	185	208	236	249	266	266	225	205	219	283	359	421	389	350	363	352	427	415	375	457	450	515	508	519	490	502	606	669	605	601	592	528	508	485	355	390	420	419	381	457	469	426	370	401	420	398	373	377	393	420	405	399	397	448	580	634	666	685	647	644	624	608	560	539	520	492	446	398	370	409	433
122	147	211	216	231	273	227	185	172	196	214	236	252	276	364	342	338	342	349	363	316	333	354	371	330	359	367	333	347	333	322	335	367	337	327	317	263	226	225	223	212	214	191	263	221	228	287	261	161	136	155	208	210	214	219	223	199	185	200	258	302	288	372	339	343	412	390	350	356	345	385	622	551	482	508	580	600	629	626	576	529	517	532	440	448	418	442	445	456	462	445	456	465	464	462	435	412	437	471	440	404	408	428	475	445	462	502	528	515	510	508	549	524	501	518	438	424	391	400	385
144	153	180	237	212	243	232	194	200	209	219	261	261	246	278	322	339	286	343	285	298	321	370	386	313	282	281	281	300	316	334	323	310	317	299	254	230	250	241	229	200	200	204	245	218	228	287	245	182	150	147	179	182	201	185	193	190	199	189	239	297	323	419	405	370	378	369	293	270	297	388	553	531	558	558	543	562	539	545	526	564	595	565	491	476	424	395	432	441	407	424	457	451	449	452	452	432	456	462	414	412	398	424	483	439	469	511	511	507	517	529	496	474	463	476	431	411	381	374	377
127	155	158	164	171	238	245	211	236	269	282	309	304	279	292	324	258	262	255	244	325	398	449	401	390	312	286	300	287	313	364	313	301	306	276	230	253	252	260	223	195	189	197	233	213	245	249	308	274	195	171	137	130	167	189	234	181	197	167	212	242	303	346	391	335	318	283	291	291	347	358	462	485	477	460	490	514	573	642	626	633	618	565	481	443	430	386	387	407	408	388	419	415	425	418	449	444	462	450	414	417	407	420	455	430	442	473	493	502	534	510	509	461	487	452	382	383	387	381	376
168	148	151	132	165	203	233	223	257	273	278	279	294	303	282	285	251	227	223	315	319	363	376	354	370	323	279	361	323	300	330	311	278	261	259	222	227	274	253	255	211	201	213	231	228	211	194	189	163	186	152	119	116	148	235	199	183	195	189	287	286	278	294	315	282	310	346	362	340	350	399	467	504	469	444	468	493	538	560	600	608	537	498	412	436	423	438	432	448	423	399	381	369	404	435	431	414	439	448	422	438	433	438	455	472	486	469	518	525	514	489	517	474	472	486	394	414	432	412	400
209	171	147	128	140	161	172	215	265	265	276	285	282	320	304	237	242	230	250	280	302	331	310	306	333	337	312	379	387	346	364	308	304	270	277	229	243	262	271	257	215	218	205	202	204	180	149	111	121	163	107	101	104	110	144	136	152	170	190	272	288	276	312	317	330	317	348	391	387	373	411	385	359	317	352	444	475	469	498	499	510	494	451	411	376	414	451	409	393	400	387	438	457	469	479	467	460	466	451	429	443	472	487	474	475	500	478	467	506	489	468	465	441	475	422	399	420	432	425	427
185	173	188	140	145	200	191	186	241	274	257	269	308	330	280	235	247	225	251	269	295	297	359	334	317	379	402	421	367	349	356	320	316	307	274	238	241	260	288	292	201	192	184	174	182	169	138	104	153	119	85.2	95.9	102	92.1	110	135	152	185	191	292	330	262	235	316	389	400	403	373	354	392	373	357	305	292	346	467	485	498	538	506	496	455	469	359	360	394	382	396	405	369	383	450	444	460	496	482	480	490	465	460	479	502	558	492	482	495	456	440	440	421	402	455	428	415	384	410	431	429	426	426
199	197	195	138	133	140	163	168	200	245	257	281	298	329	266	239	217	224	235	263	292	272	371	381	347	392	388	398	366	361	379	311	307	288	285	249	238	261	270	227	209	170	146	150	148	161	154	131	161	267	185	148	138	113	142	128	140	160	196	295	368	287	260	333	385	385	388	308	311	348	350	323	291	277	317	392	472	500	531	515	540	527	520	429	418	394	336	355	394	348	362	463	463	461	467	479	469	462	468	467	483	495	553	491	450	453	451	424	450	419	390	445	386	386	398	422	429	457	445	438
195	180	172	158	139	146	156	179	174	209	216	244	275	252	220	204	215	207	195	248	254	259	367	401	403	410	322	388	371	354	346	350	315	283	292	283	243	262	253	213	186	164	147	131	132	138	141	135	216	300	323	270	192	155	131	150	159	164	168	221	302	295	301	420	313	337	360	306	331	311	278	265	261	269	288	379	493	498	479	493	496	495	505	481	425	470	419	363	354	445	463	472	468	460	476	474	408	424	466	462	475	495	491	461	446	448	448	412	425	432	396	428	418	453	504	414	442	488	478	453
190	146	163	158	159	145	172	153	192	225	202	233	265	245	209	206	188	182	212	224	230	244	317	354	352	323	290	300	302	319	312	297	300	279	286	262	239	252	252	234	226	183	173	185	170	181	164	173	264	291	316	301	291	264	226	166	168	145	141	187	235	233	245	256	228	254	222	257	262	213	190	238	269	262	296	386	472	512	500	417	415	351	445	426	412	397	377	395	368	414	464	471	452	484	485	478	450	427	466	457	481	492	470	453	437	391	433	412	423	391	400	443	446	444	459	430	475	487	500	474
147	153	164	169	185	179	164	157	191	209	212	222	223	219	211	217	213	208	224	232	240	265	303	312	277	292	280	292	310	325	318	289	243	277	304	236	222	220	239	218	214	204	203	197	221	207	170	195	324	317	339	398	373	260	214	163	154	165	180	206	224	234	241	283	184	183	193	227	223	222	231	302	302	274	301	444	457	496	509	439	476	400	423	382	382	462	403	414	357	357	396	417	446	470	474	455	444	460	477	496	495	495	484	424	434	411	423	409	393	372	384	387	434	440	441	460	492	486	497	491
130	162	178	173	176	164	131	121	164	209	188	186	200	211	210	215	236	231	243	259	240	269	302	295	285	260	242	278	287	294	315	305	334	351	306	273	236	215	212	210	206	184	177	181	227	218	182	221	351	316	377	381	367	279	289	249	195	219	223	253	244	253	226	194	146	141	157	178	183	203	235	293	306	286	279	442	360	481	485	428	482	410	359	371	404	446	410	379	350	327	293	374	391	434	445	459	452	459	487	484	498	497	500	466	435	413	384	352	298	299	340	365	394	398	423	413	417	437	451	460
133	162	175	156	138	131	132	152	184	186	180	209	233	245	264	209	236	243	245	260	290	295	299	284	245	250	212	219	296	314	321	350	346	360	298	267	244	238	199	212	228	191	203	214	243	271	240	320	321	348	302	279	388	314	408	281	310	369	310	311	268	260	206	168	161	159	179	191	213	212	251	291	340	320	277	297	358	497	481	335	372	319	298	327	393	386	346	339	346	308	280	349	417	448	396	438	459	447	481	491	492	484	477	437	382	356	332	307	264	256	299	305	329	324	340	366	402	405	392	404
155	199	180	137	144	128	139	183	193	182	190	197	177	215	235	198	237	279	273	328	329	309	290	277	267	250	245	213	234	287	303	310	312	303	230	279	215	232	191	197	230	241	263	282	278	245	284	281	323	312	269	203	207	265	242	258	304	373	349	347	317	281	235	150	141	142	161	183	211	208	291	318	308	335	284	329	318	358	367	307	323	296	297	271	303	353	295	299	247	266	352	332	434	469	443	451	455	439	431	427	445	440	435	440	403	365	333	275	260	260	250	267	253	251	268	312	344	321	318	386
224	312	282	164	164	135	125	152	145	136	138	213	208	174	179	209	237	302	296	324	357	333	318	277	254	241	286	240	223	295	272	285	249	237	203	206	203	195	184	232	254	248	274	292	284	279	263	255	292	252	220	248	165	193	233	267	211	240	360	350	301	300	267	190	209	166	154	144	174	215	254	285	263	240	246	302	406	466	436	417	328	275	268	251	262	320	297	310	262	300	401	404	426	467	463	465	464	478	468	449	458	461	451	411	404	408	363	265	223	221	213	246	243	252	289	384	381	329	332	379
181	246	213	192	146	106	103	123	131	164	123	147	158	165	210	228	241	240	263	329	343	355	376	317	275	268	339	274	235	237	258	253	222	184	182	183	180	171	178	247	265	251	276	233	256	256	270	263	253	247	210	185	176	199	214	249	192	212	300	306	266	255	254	215	236	216	160	169	183	240	250	261	254	263	276	311	398	355	400	407	335	249	204	203	273	258	254	263	259	287	381	433	458	479	482	466	491	498	488	452	468	459	450	399	389	408	336	246	233	189	245	262	268	279	319	335	349	336	415	386
134	179	184	172	147	143	127	135	185	182	132	158	176	183	219	256	250	242	224	264	276	284	323	325	306	295	303	284	255	253	252	221	223	195	203	194	223	187	180	242	250	255	262	216	192	177	216	275	238	204	204	196	191	187	209	228	212	222	237	256	319	273	283	220	175	167	149	161	178	237	221	283	245	280	311	310	397	355	425	383	293	273	226	210	253	292	267	276	257	279	324	371	440	469	490	478	478	488	509	463	453	468	412	396	346	361	334	244	245	238	235	273	289	318	277	288	294	320	412	382
145	156	163	152	150	170	139	135	190	166	166	187	198	191	205	241	253	233	210	235	232	265	240	235	245	239	257	229	282	202	156	138	156	137	156	154	160	175	168	212	201	185	187	169	167	154	160	207	238	199	207	204	178	238	277	249	256	260	230	268	328	275	243	238	177	120	151	157	184	241	248	305	288	247	248	270	356	375	333	290	313	317	275	285	285	306	312	323	304	280	314	343	347	388	389	398	452	471	467	404	386	408	395	353	307	336	326	264	236	253	251	251	266	240	265	317	305	328	283	314
181	154	151	168	147	135	141	144	207	158	153	194	194	191	206	223	221	215	226	216	215	231	242	221	212	227	198	194	222	169	136	112	134	146	156	172	184	180	204	251	211	178	126	168	162	189	188	215	215	226	237	223	232	283	274	245	259	259	245	286	331	245	219	242	249	199	136	149	166	205	206	269	288	271	249	290	311	395	383	281	302	279	284	277	260	280	285	307	277	237	263	267	260	347	366	391	426	401	411	376	370	359	361	365	363	328	308	276	232	234	263	259	266	242	294	317	317	278	227	220
186	163	160	141	144	138	186	137	158	189	140	173	186	179	164	168	196	190	211	244	234	238	244	227	214	203	211	164	143	106	104	94.1	103	130	137	138	135	162	154	228	204	185	181	179	175	218	251	238	206	207	219	238	241	317	271	234	229	214	221	237	202	188	196	260	227	199	159	120	134	164	194	256	238	257	262	311	325	349	357	370	350	338	291	256	244	252	221	196	217	176	178	204	210	331	334	395	392	391	394	383	349	346	316	299	278	295	304	294	273	248	279	257	247	214	272	315	332	237	180	192
197	166	162	153	133	163	182	162	175	205	156	179	161	165	184	211	192	209	200	259	266	254	237	205	210	190	201	145	123	99.2	87.8	76.8	90.5	113	119	103	101	120	137	176	176	153	154	203	220	227	247	219	242	219	230	218	260	307	217	184	211	208	187	200	160	139	138	217	211	200	157	160	141	148	195	243	223	242	247	272	315	332	318	350	261	348	339	236	228	205	222	263	284	269	270	259	236	246	304	327	377	409	413	366	262	262	302	255	288	363	368	329	312	252	261	206	232	194	202	257	271	195	154	181
213	198	186	180	156	180	174	202	233	198	150	170	166	172	179	168	171	171	190	236	263	218	218	216	246	194	195	136	151	157	132	85.3	129	118	100	89	94	108	113	125	127	114	107	150	174	175	179	195	178	203	203	192	183	213	202	184	201	238	218	262	191	165	171	187	194	230	164	165	142	148	187	197	236	241	221	325	281	344	394	365	290	313	278	182	183	200	266	245	286	331	318	271	230	245	262	288	290	373	303	294	315	256	240	239	284	288	293	368	339	276	261	187	230	219	189	217	237	209	182	186
187	189	175	159	165	148	190	211	256	229	170	187	192	181	190	194	202	201	207	221	196	173	180	179	203	173	176	151	155	138	130	80.7	87.7	99.6	89	75.4	85.2	92.2	103	94.8	106	97.5	84.7	93.1	128	162	168	160	148	181	218	158	185	186	165	173	221	213	248	262	173	143	179	214	246	208	154	163	113	115	117	161	169	209	199	249	235	285	311	309	289	265	282	178	188	211	248	232	277	255	278	257	296	255	274	289	293	310	288	296	337	303	246	266	293	288	307	342	301	248	232	199	204	234	164	176	232	176	140	181
189	182	173	164	179	165	196	271	273	212	186	222	207	198	182	169	226	194	213	215	150	147	165	167	160	162	158	151	132	134	111	74.1	76.8	84.4	80.3	67.7	79.3	98.6	102	136	150	112	104	93.1	119	130	168	153	160	188	173	146	143	232	202	224	281	227	194	183	162	150	250	217	329	236	182	131	171	120	91.9	119	118	165	137	178	204	239	313	271	206	199	191	153	182	275	227	214	240	255	270	263	267	220	285	334	282	314	397	346	280	279	260	274	298	316	286	290	262	290	271	276	225	247	194	170	169	129	150	177
237	224	254	159	191	185	265	282	286	285	203	224	223	188	163	176	218	190	154	171	188	186	162	170	172	153	156	160	114	135	145	102	68.3	68.8	68.4	69.3	86.1	90.5	114	128	141	117	101	115	124	132	174	207	224	221	175	148	123	169	167	166	180	116	125	156	171	156	174	201	208	191	175	122	109	97.6	84	108	118	118	143	180	276	245	240	267	234	209	184	167	204	232	231	231	219	235	237	213	231	221	191	293	317	298	289	253	311	282	244	268	286	245	248	266	265	254	245	272	251	253	253	168	166	131	148	151
234	215	236	221	192	187	226	257	303	273	222	203	227	202	151	142	162	120	109	156	206	179	106	131	163	119	130	140	117	125	145	117	76	107	77.6	81.8	85.7	117	157	135	101	102	126	141	162	139	150	177	170	191	187	143	111	129	149	161	192	130	120	109	145	141	113	156	151	200	196	140	141	112	163	162	170	172	194	200	268	244	243	280	281	269	258	232	271	258	269	262	236	242	304	237	299	268	292	313	358	322	266	290	304	271	248	277	257	260	261	278	274	234	224	242	225	241	227	231	171	185	161	137
216	214	227	238	191	189	198	197	207	229	214	222	183	216	181	186	165	114	126	162	177	169	142	139	123	127	122	98.5	107	99.7	108	91.3	99.9	112	109	111	133	131	148	135	114	135	147	161	201	148	130	134	139	143	156	129	104	111	128	126	167	139	135	127	125	116	121	106	164	145	190	166	151	132	120	179	164	233	218	230	222	234	219	251	275	235	210	181	218	235	220	200	225	228	306	262	295	299	326	344	396	335	326	296	292	273	265	287	283	271	266	261	276	257	226	221	219	198	214	231	155	183	169	113
227	232	233	234	187	218	212	177	201	219	208	217	245	254	253	265	214	154	197	202	172	185	161	142	107	99.5	143	108	108	105	122	142	141	129	132	138	146	130	161	136	144	148	142	170	212	175	154	158	163	148	170	142	124	156	145	139	143	162	123	111	79.2	98.5	99.6	114	167	152	167	245	196	134	126	130	167	180	177	182	181	187	153	190	177	192	180	154	166	156	220	229	166	203	299	215	268	264	314	439	441	444	399	343	334	308	273	256	280	260	265	262	274	219	222	228	205	214	219	170	157	181	152	128
200	206	236	226	185	216	204	175	198	275	250	261	296	279	266	244	235	170	208	212	196	192	173	154	94.8	83.6	91.2	81.9	92.5	100	109	139	142	119	121	134	139	137	133	128	150	149	187	160	182	196	223	178	152	145	170	154	126	108	126	119	135	132	97.5	92.5	94.7	103	104	94.8	111	124	144	190	183	126	126	111	89.8	117	170	179	127	143	157	118	166	181	179	165	191	199	170	116	174	235	217	220	242	298	376	412	457	441	413	338	300	284	282	276	265	252	258	270	259	182	243	237	192	189	188	180	160	209	149	118
186	221	227	250	228	216	215	166	194	262	278	264	277	255	279	226	225	207	224	182	154	143	137	132	126	91.6	119	107	95.8	92.2	101	143	149	122	130	146	130	121	121	116	119	129	153	162	167	199	202	181	162	174	167	146	106	114	164	181	199	161	160	162	167	90.9	88.3	104	98.3	97.3	87.8	108	145	112	94.2	96.8	83.3	98.9	128	139	111	123	114	162	170	144	147	180	207	170	132	126	205	311	278	195	200	290	285	370	446	457	407	308	356	336	301	259	265	260	273	238	204	169	186	214	198	172	158	138	132	140	91.3	88.5
195	178	199	231	189	210	238	198	203	243	228	214	224	251	213	196	178	201	183	182	148	137	134	148	149	127	117	106	97.2	99.9	142	186	130	125	123	117	125	111	108	113	114	148	144	146	138	152	181	162	147	138	142	124	84	116	121	118	164	126	122	133	159	87.6	111	101	122	123	97.7	82.6	107	102	98	113	95.8	97.3	134	150	110	106	116	120	161	154	179	179	225	158	169	165	200	201	281	229	209	255	328	435	409	451	457	350	318	258	249	260	261	281	326	250	180	139	116	149	156	147	129	110	108	130	112	139
171	192	226	189	175	207	220	165	180	228	195	183	146	212	209	162	164	196	182	144	112	103	119	156	166	136	115	117	119	119	153	133	136	120	112	115	110	114	96.4	91.5	96.2	109	117	117	124	110	134	167	142	127	133	138	103	116	141	107	76.8	83.3	99.8	96.3	106	94.1	89.5	82.1	126	88.9	80.6	87	87	82.9	100	111	101	103	111	122	93.7	95.5	108	99.7	98.8	104	145	161	166	167	170	164	234	212	372	272	224	247	378	397	458	430	460	404	299	228	222	248	238	254	236	200	187	158	218	203	144	105	88.9	102	123	132	86.6	147
191	200	209	167	191	181	170	173	157	175	172	138	143	188	170	145	150	148	158	145	114	106	108	125	142	122	101	112	142	141	114	128	159	139	117	125	119	107	91.2	102	89.9	95.3	125	130	128	98	102	121	136	129	117	135	103	111	113	83.4	65.3	69.6	108	84.8	121	82.3	82.6	88.2	112	101	68.6	70.3	75.2	86.7	81.7	92.7	78.4	76.8	78.3	105	85.4	75.1	103	106	79.2	123	132	162	184	199	196	185	191	260	282	277	238	236	302	333	381	399	398	334	242	199	203	203	211	227	220	187	167	139	139	130	131	146	106	95.2	85.8	116	85.8	114
164	147	142	138	170	190	155	144	180	180	170	148	164	169	190	200	182	177	172	183	156	152	138	112	120	118	107	123	135	119	108	113	146	118	94.1	101	95.3	78	87.3	82.1	91.5	113	149	167	144	120	128	135	148	135	128	95.4	81.4	94.6	97.2	101	77.5	51.6	71.4	74.5	84.1	72.2	80.6	75.2	79	61.7	67.3	73.8	65.3	69	76	84.6	78	78.6	81.6	80.2	79.2	83.5	84.6	105	89.1	100	104	118	136	164	156	208	270	313	309	274	279	278	266	261	312	388	274	272	206	183	211	190	177	190	174	169	168	139	146	155	141	115	110	126	97.9	87.8	73	80.3
142	130	139	141	145	184	179	175	174	163	161	149	166	211	205	194	185	154	160	197	192	184	175	130	134	114	123	105	118	96.6	88.3	98	109	124	101	99.9	104	94.2	94	113	87.9	110	117	118	88.1	129	139	146	143	119	120	86.9	87.9	89.8	86.3	79.8	80.2	59.1	63.4	58.8	67.9	51	71.5	58.7	60.6	52	58.5	67.9	58.3	60.3	81.6	81.8	87.4	86.1	82.4	79.9	69.5	79.2	87.7	90.2	120	120	119	92.1	97.4	115	144	207	264	279	302	239	231	252	248	232	260	281	240	253	209	205	246	224	230	252	192	170	160	147	163	143	119	93.4	112	113	101	96	84.7	75.7
157	155	139	162	139	163	143	122	135	121	123	147	195	201	211	200	169	167	176	191	192	190	163	120	129	122	134	114	98.4	87.3	92.3	91.5	107	120	96.6	89.4	85.6	83.8	89.6	93.2	70.5	71.1	78.9	69	84.1	128	123	115	120	123	109	104	111	103	95	97.3	80.8	74.6	61.6	37.8	39.7	71.9	67.6	59.8	62.2	58.9	62.1	78.7	69.9	68.2	124	82.4	84.2	83.2	88.2	91.2	78.2	73.2	95.1	78.4	85.7	111	104	93.9	106	119	128	156	176	169	163	176	183	223	267	208	198	251	250	272	241	212	206	222	280	241	185	156	137	170	137	106	96.9	68.5	78.2	112	96.4	94.7	83.8	95.4
133	172	184	167	172	174	130	123	135	129	147	162	198	211	188	234	191	200	190	214	192	194	173	122	136	134	138	126	106	106	109	84	82.2	86.6	99.3	84.3	91.5	75.6	88.3	87.4	79.2	58.9	65.1	72	85.3	89	97.6	110	107	91.7	105	113	94.4	103	106	101	79.9	67.5	71	65.6	52.2	59.4	65.3	53.6	63.9	44.7	49.5	70.6	55	57.9	75.1	79.3	87.2	87.2	85.7	73.1	61.4	68.5	70.2	85.2	117	103	100	94.4	98.8	87.5	100	147	166	175	160	128	149	160	178	193	240	240	235	204	211	233	182	223	251	219	226	183	162	177	140	109	89.9	78	68.4	78.4	91.7	86.3	70.4	62.4
83.2	133	173	207	227	145	174	142	192	167	217	153	148	145	175	200	187	201	182	177	182	202	231	170	134	142	133	132	116	113	110	98.5	81.7	78.2	80.5	85.1	102	80.1	87.6	107	114	123	94.4	87.8	95.5	101	91.3	108	109	120	118	141	110	118	114	101	84.2	82.9	75.1	69	62.8	74.2	57.8	49.3	51.8	49.4	50.8	56.2	48.6	49.5	54.3	65.7	77.9	81	72.7	52.4	41.1	56	60.7	79.2	95.8	78.7	83	94.4	67.5	59	71.2	131	143	158	125	136	148	145	222	188	233	211	175	179	216	207	189	220	287	263	270	231	186	169	144	123	111	81.2	74.5	85.9	78.6	67.8	58	41.1
90.2	118	148	194	223	235	149	106	142	168	173	171	123	144	177	196	200	196	166	182	173	198	226	188	137	155	144	132	110	117	106	100	82.2	79.4	93.6	86.6	80.8	89.5	77.8	75.5	92.1	112	88.5	75.2	83.6	94.5	92.2	78.4	81.6	92.5	98.1	97.9	115	138	122	85.6	78.5	69.2	68.9	66.3	58.5	58.4	54.3	62.4	56.3	46.7	46.5	36.6	46.7	57	56.2	51.5	75.1	68	71.6	60.1	68.5	54.9	65.1	76.7	71.2	68	67.5	85	49	50.7	75.8	125	159	153	134	142	136	104	116	142	158	153	158	153	205	162	157	221	247	245	203	194	203	179	153	140	104	75.1	68.4	91.4	83.5	40.4	30.8	29.1
85.2	132	132	196	237	286	211	180	102	94	105	100	139	169	129	166	202	211	192	179	167	174	183	149	145	163	135	134	129	134	134	108	93.6	102	95.2	89.8	94.4	73.8	61.7	72.6	85.5	79.2	81.2	86.4	106	87.3	79.4	89.4	81.3	54.5	80.4	76.2	139	123	103	89	82.5	51.2	57.8	62.9	53	67.2	53.5	46.1	52.5	39.9	43.7	51.9	45.2	47.4	43.8	44.2	50.6	49	83.6	58.7	58.3	40.9	46.7	70	73.9	55.7	52.1	62	63.9	45.6	54.4	86.2	117	119	118	105	112	95.5	114	104	117	132	130	109	128	134	131	124	188	206	187	195	180	158	137	128	100	87.3	72.2	62.5	57.3	46.1	46.1	25.3
53.7	99.9	116	155	264	353	284	192	176	156	174	126	182	172	174	180	196	219	214	179	167	160	156	125	149	152	151	150	127	150	152	128	108	101	94.3	92	87.4	66.2	51.6	73.4	88.9	70.9	74.9	92.7	99.4	115	106	97.1	76.4	60.7	69.9	86.3	110	109	91.6	58.5	54.5	39.3	35.8	32	32.9	58.5	53.9	69.7	66.6	60.8	62.8	79.2	43.1	44.4	43.6	53.9	55.8	52.1	56	60.1	58.4	48.1	55.3	70.4	87.3	71.5	65.2	80.3	53.7	60.9	52.7	57.7	65.6	75.3	97.2	98.4	93.3	152	122	95.4	100	105	106	96.7	115	120	115	115	176	184	208	194	160	143	113	113	101	85.1	63.2	48.2	48.9	49	43.2	37.6
74.6	56.4	71	144	159	243	238	285	238	211	160	111	108	109	131	169	146	172	174	156	148	146	169	132	143	151	156	159	141	161	128	139	121	115	99.8	110	101	103	87.6	99.3	95.4	81.4	87.4	138	121	129	131	92.7	84.3	75.4	79.2	70.6	74.4	91.1	89.8	83	72.1	66.8	47.6	28.1	37.4	41.9	44.9	65.3	71.3	63	62.5	43.1	44.8	31.1	37.7	40.9	35	36.3	40.2	45.7	42.8	41.7	39.1	44.7	67.3	52.2	54.2	63.6	46.3	41.1	54.9	60.3	49.1	51.1	78.6	137	106	112	96.1	86.6	75.5	71.2	85.9	92.5	100	117	103	117	151	175	213	208	204	158	118	101	94.1	89.3	64.8	62.5	62.5	58.9	55.2	42.2
75.4	71.1	50.4	49.6	112	131	130	150	203	209	205	140	88.7	85.5	91.5	90.9	115	148	147	167	187	176	107	142	205	198	176	162	150	151	117	110	135	132	116	113	107	102	90	102	97.5	95.7	73.4	108	132	134	122	104	121	101	80.6	79.9	75.1	83.2	98.6	113	82.3	55.8	52.8	42.8	38.5	39	47.5	83.3	64	51.9	53.3	40.7	45.7	32.2	32.1	34.4	24.7	33	31.5	46.6	39.2	36.4	35.4	40.3	44.1	36.7	45.2	59	41.4	44.1	52.1	54.5	51.3	51.9	59.2	92.7	88.7	72.4	72	68.4	77.8	66.3	72.3	77.3	81.2	75.1	75.9	75.1	119	139	196	185	197	187	129	110	94.7	84.2	72.6	63.3	62.1	39.2	38.6	40.4
65.3	59.5	53.9	43.4	64.5	94.2	82	71.7	142	184	272	208	159	118	101	108	115	118	136	190	173	174	146	121	135	168	198	207	190	161	112	103	119	135	124	116	110	90.3	89.8	100	103	100	95.6	121	143	149	139	129	152	117	103	78	74.6	95.9	107	102	79.1	70.2	63.8	54.4	70.9	41.3	56.5	61.4	90.6	71.3	68.9	39	37.2	50.6	51.2	31.4	29.5	32.7	45	42.6	43.1	45.5	45.7	37	37.8	43.6	49.1	57.2	48.6	59.3	73	66.7	52.1	55.7	48.8	64.9	102	84.9	69.8	54.2	60.7	71	71	66.5	78.5	63	61.4	62.9	101	142	182	165	177	161	140	118	94.4	79.1	66.3	57	55.7	47	35.7	36.4
44	41.4	57.9	54.3	41.8	64.8	55.8	46.5	81.1	181	214	256	250	226	161	114	118	117	96.9	145	213	183	160	228	147	157	183	190	224	166	113	112	138	138	125	112	100	89.7	81.3	96.6	112	112	110	104	109	127	139	110	101	109	115	110	108	115	106	94	82.3	84.7	69.9	61.3	67.9	66.7	52.8	63	53.1	40.5	42.2	30.4	27.5	30.5	42.1	29.2	29	27.3	27.3	26.3	35.4	48.2	50.4	27.7	21.8	32.7	28.3	35.1	36	35.8	47.2	52.8	49.9	47.7	45.2	61.8	72.7	71.9	87.3	64.5	55.4	50.3	55.3	60.3	73.9	65.9	74.8	79.2	89	114	124	127	141	140	128	101	91.4	87.1	74.1	74.5	71.8	52.9	36.6	40.3
24.3	25.8	46.3	57.4	28.2	26.5	22	23	23.6	75.3	99.1	116	193	187	175	146	167	142	110	117	165	146	115	133	127	136	130	135	137	124	108	118	103	120	141	131	110	114	95.8	113	119	100	105	116	132	107	89.1	72	81.9	96.3	107	123	157	111	120	127	104	74.7	69.4	68.5	47.6	51	55.7	35.8	36.9	42.9	51.7	39.6	44.3	36	39.5	39.9	41.6	33.2	30.2	19.8	24	27.6	30.4	30.9	27.2	25.3	28.4	28.1	36.2	48.3	40.5	40.7	55.2	44.8	42.6	84.9	108	117	72.5	63	64.4	62.4	73.5	74.3	59.3	67	95.7	70.3	91	95.7	82.3	92	96.2	122	103	89.9	82.7	63.8	64.9	64	48.3	39.5	24.9	30.4
24.4	19.1	21.4	31.9	43.3	16.3	8.88	5.1	5.52	16.6	35.8	73.3	92.2	115	137	138	180	158	110	128	156	144	95.6	113	109	125	117	116	104	99.1	86.7	99.5	89.4	117	110	119	107	110	108	96.7	92.1	82.1	88.2	92.7	112	92.7	82.9	62.3	68.8	91.2	118	127	138	116	135	136	129	118	118	86.2	58.2	39.8	53.8	37.8	36	49.7	92.5	73	57.2	41.8	36.9	30.8	30.7	26.3	26.5	19.2	18.2	21.3	27.4	28.2	24.1	20.2	24.9	35	32.8	41.2	37.2	36.5	50.8	43.7	35.2	73.4	95.4	79.3	75.1	64.2	69.9	85.5	78.2	58.3	66.2	58.5	67	57.8	46.5	58.6	73.3	80.6	77.8	84.4	76.5	86.8	86.2	78.3	68.1	80.9	43.7	40.3	30.2	26.6
26.3	24.5	16.3	10.4	9.99	9.74	15.1	6.3	6.17	15.1	33.7	16	32.6	52.9	59.6	72.2	90.6	87.8	83.9	101	129	120	88.8	90.1	88.9	103	98.1	90.3	80	67.9	71.9	77.4	78.7	90.6	83.6	99.4	97.5	97.9	93.4	86.8	97.5	99.5	89.9	91.9	98.7	82.4	59.5	56.8	64.1	99.3	108	101	97.9	101	116	160	134	143	140	105	74.2	56	52.5	43.4	31.7	36	68	67.3	62.3	48.1	38.2	33.7	26.4	23.8	29.5	28.5	22.1	20.2	22.5	26.7	33.5	30.2	24	35.8	40.6	35.6	34.3	36.2	30.3	37.2	34.8	62.7	81.4	55.8	56.9	66.7	67.1	73.9	64.1	50.4	54.5	72.4	77.4	67.1	66.6	67.3	70.8	79	76.7	94.1	77.6	77.1	91.5	85.8	86.5	61.3	45.1	41.6	33	26
25.4	29.3	21	13.6	13.8	15.4	10.1	4.43	5.59	14.9	19.6	29.2	26.5	31.7	36	45.5	49.8	52.3	56	67.2	84.9	79.2	72.5	90.6	80.9	95.2	95.2	86	78.6	67.1	74.3	77.7	68	80.8	77.9	107	87	103	96	101	105	120	92	86.3	99.3	102	72.9	59.1	69.4	92.1	94.6	99.9	93.9	87.2	99.4	154	169	136	135	109	70.2	58.8	47.7	33.2	18.9	24.8	40	43	52.1	51.3	52.8	40.5	33	30.8	30.1	44.8	40.8	24	21.7	25.4	26.3	25.5	22.7	37.7	41.1	36.1	43.2	43.8	37.8	35.7	42.9	61.1	56.4	52.7	43.8	62.2	41.1	58.3	72.5	50.2	48.2	54.2	53.1	54	74.1	75.9	76.8	78.9	71.7	64.9	71.9	74.5	82.3	88.8	78.8	63.1	47.1	34.4	28.3	26.4
13.3	16.1	13.5	11.8	12	11.3	9.36	8.6	6.27	3.95	6.29	11.9	13.4	15.2	10.5	21.6	27	29.8	22.5	30.8	47	53.7	50.8	71.7	77.3	89	97.7	99.7	81.2	72.3	72	64.8	61	61.3	66.7	82.2	69.4	74.1	97.5	109	103	118	101	118	117	83.3	62.3	51	60.1	98.9	105	104	98.4	84.9	83.2	98.6	111	118	90	63.5	59.7	54.7	52.6	34.3	31.1	36	31.6	52.9	56.3	73.9	73.6	61.4	46.7	41.5	46	45.5	40.9	28.7	28	32.8	42.6	38.9	38	34.5	34.4	32.8	42.3	40.3	44.9	47.1	47.2	39.2	48.4	69.5	50	46	37.7	44.3	60.4	49.4	38.1	32.2	46.5	44	66	78.4	84.1	71.4	72.9	65.1	68.5	70.3	89.7	86.6	67.3	45	32.4	23.2	21.8	23.8
14.1	14.4	13.4	10.5	9.93	8.41	7.2	4.15	5.25	4.34	7.04	11.7	5.87	6.32	8.22	17.4	16.6	14.2	17.7	17.4	22.5	26.4	27	47.4	50	60.9	68	80.5	83.4	77.5	73.9	77.4	69.2	62.8	57	52.1	61.4	66.1	87.4	89.6	85.6	108	111	84.8	94.4	73.5	58.6	46.5	55.8	70.7	73.9	99.4	116	75.3	72.4	88.8	85.3	85.4	72	62	72	82.7	77.2	49.1	43.1	34	30	36.2	55.4	83.5	73.2	64.2	52.5	47.1	56.3	39.5	38.4	32.1	29.5	32.4	35.9	34.3	33.8	32.6	29.2	32.4	33.9	40.7	45.5	51	45.3	46.5	50.5	65.7	74.9	55.1	50.9	34.6	31.7	44.2	48.7	40.7	39	39.8	33.8	39.7	47.8	61.3	76.9	82.9	62.6	57.9	67.9	70.6	65.2	42.3	28.1	16	12.8	21.4
12.2	16.4	12.3	10	9.65	9.39	8.53	5.21	3.88	4.2	5.98	5.87	5.01	4.23	9.38	10.7	9.31	18.7	21.7	18.6	24.1	26.7	24.7	43.9	49.4	51.3	59.1	65	64.6	64.2	67.7	87.3	81.3	73.8	55.6	40.4	44.4	67.5	76	82.9	79.1	123	139	104	79.4	77.8	57.7	51.6	45.2	44.9	53.7	85.8	115	80.1	69.9	77.8	59.6	70.1	71.6	64.5	84.8	81.8	77	54.3	47.9	41.9	28.1	42.2	48.3	83.2	73.2	59.7	48.5	45.8	50.1	40.3	42.3	34.6	29.2	22.9	26.7	24.1	27.3	24.2	27.9	37	37.6	34.7	46.2	37.3	42.8	55.7	64.6	84.6	69.6	58.6	67.8	50.6	37.3	38.5	33.8	31.1	46.6	53.2	39.8	29.3	28.6	44	51.3	58.4	61.1	53.2	47.1	48	48.4	42.1	29.6	19.7	11	12.4
10.6	10.3	11	9.55	8.12	7.09	6.98	5.22	5.06	5.15	4.06	5.95	3.91	2.54	4.45	6.19	8.67	9.77	21	20.4	14.5	19	18.8	39.8	51.1	60.2	63.6	60.3	62.4	64.8	76.4	107	89.6	72	52.2	38.8	48.5	43.9	53.6	76.3	96	107	90.8	74.9	62.8	57.2	46.5	35.7	38.3	44.1	34.9	33.6	62.7	75.5	60.7	51.9	56.3	45.5	78.2	85.5	74.9	76.6	61.3	40.5	47.1	54.2	36.4	48.6	42.9	44.4	52.1	51.7	40.4	36.5	32.8	34.5	48.2	35	28.7	30	33.5	30.8	24.2	27.8	32.3	42.4	41.7	29.4	21.9	30.8	45.3	49.3	55.9	62.5	66.3	71.7	68.7	47.9	41.7	41.9	47.5	45	60	55.3	49.3	39.6	31.4	41	43.1	52.6	60.7	43.8	40.9	40.4	33.6	29.7	30.1	23.2	13.2	15.7
5.39	6.55	7.72	5.62	5.29	4.04	3.81	2.85	3.16	2.65	2.37	2.06	3.02	0.644	0.218	2.05	1.62	2.92	6.74	14.1	15	35.1	15.4	24.1	35.2	55	62.3	67	80.9	84.1	107	115	118	96.3	72.4	62.4	69	49.1	32.4	52.7	55.8	50.9	52.9	38.3	42.6	38.8	42.7	36.2	29.8	37.2	47.3	33.5	38.5	45.2	42	39.4	33.7	43.1	60.4	58.5	60.6	53.1	42.2	34.9	41.5	48.4	64.1	55.3	45	39	43.5	46.5	51.8	42.9	52.8	58.5	60.2	51.9	51.5	48.7	40	35.1	31.9	32.4	32.8	33.8	27.8	28.9	25.4	27.4	35.9	38.3	39.2	42.6	49.7	50	49	60.8	60.3	57.4	49.2	39.2	35.8	48	44.6	42.9	45.2	39.3	39.6	48.5	46.9	47	50.5	50	49.1	39.7	26.5	23.7	17.2	16.1
6.12	7.03	4.68	14.4	8.19	3.84	4.78	3.64	2.57	2.19	1.84	2.12	2.54	0.782	0.602	0.942	0.423	0.994	2.22	6.55	21.2	26	26.6	24.8	23.7	27	33.2	70.8	82.5	87.3	90.4	93.2	105	99	96.8	72.7	62.3	61.3	47.6	58.7	73.4	46.2	56.7	52.5	28.1	34.6	40.4	37.3	33.3	32.5	35.3	43.3	33.1	42.4	51	40.1	40	50.7	51.7	48.8	59.1	62.7	60.7	40.6	35.2	52.5	51	71.2	49.6	40.3	44.3	59.9	66	45.3	42.7	46.5	58.7	45.9	37.8	35.5	32.7	34.7	35.7	46	42.6	31.6	27.8	26.1	20.2	21	19.5	22.9	29.1	29.7	38.7	45.8	50.5	52.1	54.2	67.6	61.9	52	44.5	53.6	51.2	42.2	36.2	29.4	31.9	39.5	42.4	29.6	34.7	40.9	45.9	30.1	19.8	18.5	10.7	12.4
4.43	3.08	2.34	5.4	16.4	2.45	2.22	7.29	2.34	1.59	2.24	1.47	3.06	1.3	0.929	0.795	0.367	0.471	0.925	3.51	16.6	37.9	29.1	34.8	27.4	29.3	36.6	52.2	63.7	79.7	81.5	88.3	87.8	76.9	74.4	71.8	69.2	70.6	60.2	47.8	64.5	58.2	75.1	57.9	54.7	40.9	38.7	28.7	33.1	49.8	50.6	34.8	28.1	32.3	28.7	29	44.5	54	54.9	45.1	48.9	49	51.6	44.3	38.1	59	55.7	48.3	38.3	41.5	38.7	67.2	73.8	63.2	65.4	67.2	52.1	49.4	43.4	46	37.4	31.3	28.9	31.5	36.1	31.9	32.3	24.7	21.6	19.7	24.4	17.7	17.1	26.1	35.5	37.7	44.4	38.3	39.2	54.6	75	69.8	62.1	58.8	59.7	50	44.1	31.5	34.2	36.6	35	27.3	25.7	28.6	33	19.8	15.8	14	10.7	18
5.75	3.22	1.87	2.14	1.54	1.2	1.39	3.3	1.03	1.35	3.02	2.82	1.48	1.65	1.32	0.971	0.193	0.739	0.768	3.22	26	30.9	11.5	19.3	22.9	23.5	26.1	40.2	57.1	76.4	66.2	70.4	67.3	52.4	56.8	64	79.7	74.3	69.4	48.4	56.5	60.4	72.5	59.5	49.9	38.8	44.6	48.6	36	33.4	50.2	40	25.1	21.8	19.1	22.7	32.9	34.8	33.3	46.4	39.3	33.1	38.8	37.2	37	44.4	48.5	42	50.5	43.8	39.2	51.6	71	72.8	66.3	58.1	52.9	44.7	49	53.3	44.9	29	25.6	26.9	28	24.7	21.2	18.9	17.5	22.8	23.7	20.5	19.1	23.4	30.1	40.2	54.5	41.9	49.2	53.4	50.4	39.6	53.6	50.7	34.8	30.1	44.1	38.7	36.9	33.7	28.5	23.5	23.9	21.6	20.1	16.6	14.7	13.8	9.77	18.9
1.47	1.82	1.87	1.17	0.44	0.227	0.088	0	0.865	0.874	3.37	2.33	1.27	3.96	3.76	2.73	0.879	1.65	0.756	1.47	2.7	14.4	9.36	6.99	26.1	25.5	21	30	29.6	46.3	59.9	63.6	72.9	49.7	41.8	47.5	65.4	76.8	55.6	36.9	46.8	41.6	39.4	22.7	23	20	25.1	36.7	23.4	25.9	25.2	21.3	21.3	22	23.1	19.8	32.8	39	33.3	45.2	34.7	27.1	28.9	36.4	45.8	36.2	39.5	63.6	48.9	60.7	51.1	55	61.3	72	104	67.7	71.9	50.2	62.7	56.7	45.2	36.8	39.5	25.9	27.9	20.5	16.8	18.1	19.5	23	21.2	20.5	31.5	48.2	44.9	41.2	51.4	50.4	45	53.1	43.3	45.4	51	41.8	44.8	28.1	36.8	27.7	21	25.4	27	19.5	21.9	24.9	21.1	17.1	20.9	22.2	15.1	20.1
0.776	0.851	1.06	0.711	0.285	0.246	0.326	0.151	0	0.658	3.91	4.84	1.63	1.99	1.89	5.59	5.52	3.03	3.64	0.756	1.29	3.22	8.72	7.9	9.46	8.51	11.8	16.6	22.9	27.3	58.2	110	93.6	72.8	58.9	51.7	78.9	76.8	85.3	67.7	58.3	35.6	29.5	22.1	27.7	39.9	26.8	21.7	23.2	29.4	24.8	35.6	20.8	19.4	14.7	27.8	27.1	26.5	30.2	29.7	21.7	29	49.9	35.2	34.8	36.1	43.4	82.2	79.5	56.3	50.4	52.3	50.9	75.9	116	64.8	64.4	56.6	57.7	43.4	41.5	37.7	32.8	31.1	20.9	27.3	29.4	31.7	14.4	20.8	19.9	17.2	23.4	48.3	44.1	50.2	45.8	46	41	39.3	35.7	36.7	33.6	30.1	33.9	26	31	24.2	16.3	11.6	12.6	17.4	11	17.7	19.9	12.5	7.42	10.6	14.1	18.3
0.512	0.437	0.765	0.462	0.485	0.27	0.599	0.536	0.367	0.311	1.52	5.25	1.98	2.23	3.85	4.19	2.98	3.02	0.54	1.13	6.1	2.35	6.55	13.8	3.67	6	5.23	6.75	10.6	16.8	20.5	53.6	75.2	84.1	82.5	84.6	66.9	66.1	55	62.2	57.7	36.7	37.5	19.9	23.3	18.4	40.9	35.4	25.2	17.1	24.1	34.3	30.2	19.5	22	29.3	26.5	25	15.5	27.6	28.7	33.4	41.2	33.6	29.2	35.7	31.1	68.6	72.6	56.9	54.5	71.3	69.7	74.4	87	57.1	58.9	49.1	66.2	46.1	29.2	25.7	25.5	28.2	23.6	25.4	27.7	26.3	23.7	20.7	17.3	13.2	18.4	22.5	27.7	55	50.3	45.9	33.1	35.9	35.9	37.7	43.2	29.4	34.3	36.3	22.5	20.5	18.7	14	12.9	6.12	7.33	8.43	12	10.7	9.44	7.95	10.5	18.8
0.424	0.308	0.48	0.24	0.356	0.273	0.563	1.1	0.474	2.74	0	0.381	2.38	0.784	1.06	5.84	7.03	2.67	1.7	0.778	2.22	2.32	3.21	1.72	3.02	37	3.61	4.09	8.54	7.34	11.6	42.4	75.2	142	119	92.3	71.9	69.7	68.9	61.9	64	43.4	30.8	18.1	15.3	14.7	17.8	20.6	19.5	16.6	14.3	35.2	25.6	26.8	26.2	24.4	33.7	21.8	25.2	25	22.2	25.3	28.1	30.8	21.3	21.3	24.8	60.8	46.5	65.7	73.2	84.9	61	66.5	52.3	56.7	62.5	36.8	54.2	37.8	25.1	30.1	24.5	26.6	22	23.2	44.5	25.7	11.5	15.8	19.4	25.4	17	16.8	17.7	27.9	40.8	57.7	40.3	48.6	64.5	50.5	50.1	37.1	40.2	35.7	23.5	15.1	12.8	17.7	13.6	6.3	5.02	6.67	11.7	12.3	6.48	5.96	8.93	16.6
0	0.0252	0.0505	0.024	0.471	0	0.824	0.0235	0.0664	0.467	1.66	0.0793	0.166	0.434	0.504	0.878	2.39	0.886	3.25	1.64	12.7	18.5	11.1	3.29	1.51	4.05	2.92	2.67	4.64	3.94	5.07	12.6	48.9	93.7	142	137	91.3	70.2	75.5	81.7	62.1	45.5	39.7	31.2	28.8	28	27	20.1	31.9	17.9	20.6	24.8	21.2	15.8	12.3	30.5	30.6	21.4	23.5	20.2	29.9	44.3	41.8	32.2	8.78	21.4	36.2	50.8	63.2	61.2	57	41.3	49	35.8	46.4	49.9	53.2	43.9	32.3	39.4	27.1	27.3	19.5	18.1	15.6	21.2	30.1	25.4	21.6	9.89	21.3	20	19.4	18.4	15.5	19.8	24.3	43.2	38.1	44	45.4	38.5	35.7	36.9	30.8	41.3	25.8	17.3	10.9	11.1	12.4	18.8	14.3	13	10.2	15.8	10	2.77	11	15.2
0	0	0.0756	0.0239	0	0	0	0	0	0.609	2.16	0.814	0	0.0275	0.12	1.02	1.08	1.79	2.06	5.15	1.17	7.24	3.73	1.97	1.22	2.42	1.62	1.83	1.48	2.13	1.95	2.73	8.1	32.8	164	189	153	144	132	97.9	103	59.6	44.5	33.3	34.1	29	27.9	16.8	18	15.9	16.2	18.9	24.3	25.1	19	13.3	13.4	9.75	17.6	28.9	34.3	39.3	22.7	19.8	8.88	14.2	32.9	54	63.1	47.6	65.1	31.3	37.2	43.3	57.8	64.9	53.5	44.3	38.8	45.4	36.2	26.6	22.9	17.2	16.5	16.6	21.9	31.7	27.9	12.6	9.56	21.2	19.8	17.7	15.1	17.9	25	21.2	38.9	39.5	42.7	36.9	32.5	32.2	44.8	43.4	24.1	19.5	12.7	11.5	17.2	21.7	22.2	20.1	9.87	7.91	7.07	10.9	5.88	2.53
0	0.0252	0.126	0.024	0	0	0	0	0	0	0.206	0.266	0.19	0.0721	0	0.775	1.22	1.62	2.15	3.06	3.37	10.7	1.8	0.946	1.61	4.06	1.85	1.91	0.753	1.63	1.61	1.21	8.16	6.16	25.7	67.6	107	137	151	96.1	89.1	95.2	77.4	40.7	36	35.9	34	21.4	18.1	12.4	15.3	16.3	18.5	18.1	38.8	25.6	17.9	25.2	28.9	22.8	25.9	39.4	15.2	23.3	21	24.6	24.5	45	45.4	40.3	42	56.5	38	54.1	76.9	66.3	64.6	51.5	43	43.4	38.4	30.2	23.9	24.7	19.6	8.31	5.42	17.3	22.6	23.1	14.9	23.2	19.8	12.7	15.7	22.1	20.7	24.4	35.4	45.9	47	55.3	45.8	37.5	35.1	51.5	49.2	18	17.9	17.4	23.1	14.4	6.71	7.86	10.4	5.12	8.58	9.58	10.2	13.5
0.0757	0.0504	0.0252	0	0.072	0.12	0	0	0	0	0.0298	0	0.0319	0.0938	0.096	0.35	1.93	2.79	1.38	8.26	8.15	1.44	5.9	3.25	3.04	1.62	4.76	2.71	1.85	0.947	1.43	1.89	1.24	2.92	6.73	19.9	30.1	42.6	80.6	63.5	69	84.6	63	45.1	38.5	41.5	40.5	31.2	25	24.8	13.2	17.7	21.5	18.9	24	15.8	25.6	34.5	41.1	32.3	23.9	18.5	26.1	8.96	12.3	19.1	25.8	33.1	32.9	31.9	31.8	32.1	34.1	52.7	64	63.7	50.1	49.5	45.4	38.2	35.6	37.7	25.5	30.4	31.5	13.4	15.8	25.7	18.7	19.8	23.5	21.9	24.3	24	14.3	22.8	24.3	21.6	39.9	47.1	65.7	64.6	51.3	43.3	44.6	52.8	68	42.7	40	26.8	22.5	19.4	10.3	7.21	5.57	4.91	1.92	6.86	10.2	15.8
