197	267	345	421	413	435	355	310	291	292	283	321	396	360	370	449	511	533	515	515	673	519	536	451	347	416	281	275	287	318	293	412	435	361	300	396	361	389	389	377	453	482	515	476	398	311	248	282	260	228	314	324	247	247	292	370	478	463	418	388	383	336	296	241	273	283	315	305	286	280	280	295	252	301	305	325	356	285	310	374	386	347	340	382	385	353	321	250	239	274	279	203	210	256	240	266	284	250	237	232	189	212	178	181	210	202	189	224	207	179	177	224	189	183	232	241	275	282	256	264
282	359	417	352	456	382	366	495	334	337	307	318	320	331	337	424	393	522	450	413	458	440	464	384	368	332	335	282	301	254	279	291	295	317	375	328	280	326	372	398	438	352	300	365	307	285	328	355	329	283	338	292	255	259	331	336	374	347	287	305	307	341	312	304	338	328	352	342	331	339	316	300	287	290	295	340	377	338	346	393	376	320	323	359	408	415	397	349	283	303	294	146	171	230	209	222	261	269	245	246	190	192	189	189	204	212	223	240	191	191	187	218	218	217	265	254	246	272	282	287
342	418	524	600	384	323	347	342	376	383	299	285	336	331	342	443	472	500	487	427	426	413	442	376	371	449	405	353	430	353	343	281	271	252	261	248	222	232	275	331	248	199	200	306	382	279	221	243	250	250	288	322	271	266	321	334	416	408	384	331	406	378	310	299	297	257	330	370	379	384	321	337	411	437	387	388	416	408	385	418	364	328	312	375	396	426	385	424	401	319	286	144	145	146	174	174	198	249	252	210	207	202	195	201	228	251	274	239	200	196	250	269	239	242	257	243	271	231	249	236
531	455	484	456	347	329	342	424	345	307	306	302	302	333	349	425	493	543	473	422	386	412	445	372	421	434	504	540	548	361	291	265	289	241	197	178	179	182	200	213	211	226	234	279	351	287	225	286	338	338	276	294	272	312	333	348	458	486	465	321	365	378	366	337	316	288	275	325	350	311	353	406	447	429	434	409	423	418	400	384	317	342	304	369	388	415	439	448	432	302	301	196	208	159	166	179	185	231	252	230	233	233	222	234	247	257	259	218	229	246	252	262	264	230	253	263	259	221	247	305
426	425	457	398	402	413	420	285	280	294	263	268	335	368	373	437	426	412	374	377	423	375	440	409	432	411	458	475	424	325	337	294	283	220	166	135	138	150	167	192	220	247	249	236	267	290	344	355	355	331	228	228	247	309	365	372	394	373	425	327	402	411	344	316	299	376	364	294	340	356	383	389	396	387	407	420	428	461	400	376	350	358	350	362	399	388	434	456	439	402	310	152	192	188	179	142	163	187	210	212	233	248	220	218	246	269	277	257	278	292	309	299	276	242	287	257	280	261	281	291
341	440	528	442	486	415	353	332	295	314	305	273	329	370	337	384	341	320	334	382	327	337	380	445	405	372	399	414	470	392	351	297	315	252	283	197	186	184	222	199	212	222	239	255	291	294	308	220	248	268	210	272	245	339	315	255	305	294	308	337	353	347	324	269	271	298	373	319	303	346	377	372	336	353	386	412	429	444	399	361	401	364	352	352	404	408	433	483	476	410	382	201	199	268	239	173	179	210	192	225	296	282	232	229	229	246	283	277	301	295	311	310	300	314	294	326	300	318	369	274
347	357	415	496	446	383	346	321	342	320	326	253	311	332	269	296	281	221	220	223	293	367	389	414	362	374	511	494	470	492	413	269	279	309	301	251	222	216	247	265	233	197	230	282	281	261	250	235	232	314	258	242	232	245	194	193	217	263	274	267	341	312	374	312	262	271	295	296	318	312	379	387	333	345	342	358	406	402	396	389	382	383	368	378	404	411	442	500	512	435	332	172	193	218	231	211	204	201	191	243	315	289	244	250	245	248	284	303	309	293	335	320	304	312	300	348	312	289	266	242
392	468	505	465	509	414	387	314	287	285	282	273	295	273	251	336	299	236	258	249	280	386	422	368	322	375	416	539	511	475	366	321	285	308	330	301	227	232	221	243	260	272	250	248	242	223	264	330	319	391	345	324	195	202	250	223	311	353	327	270	317	365	316	348	305	266	256	339	313	295	407	403	356	352	330	405	407	420	411	357	382	382	380	355	414	445	449	495	502	449	354	311	208	227	217	188	218	239	187	223	304	263	219	236	241	319	315	339	358	326	282	288	281	325	354	353	329	308	311	280
335	370	417	407	451	426	357	316	275	279	269	315	326	307	302	348	289	284	269	304	274	331	439	390	337	309	323	404	434	403	418	429	351	331	315	318	308	262	261	245	239	273	332	273	245	280	318	346	292	388	423	359	238	277	253	291	290	312	294	289	344	426	381	345	318	271	245	346	318	319	403	420	416	407	370	425	410	409	408	364	426	411	405	385	431	447	447	492	467	452	369	371	392	216	247	204	202	220	217	225	211	217	225	217	234	299	296	290	276	291	249	241	223	289	305	312	294	284	297	260
233	225	265	253	349	287	248	193	212	246	230	332	385	357	328	371	318	280	344	302	322	368	430	350	316	340	370	353	441	398	409	453	389	351	278	340	306	265	245	275	239	279	306	297	299	312	331	328	330	351	294	240	270	261	218	254	295	330	334	353	363	386	334	341	288	247	262	321	367	317	404	473	462	451	468	467	478	451	440	354	401	421	358	360	398	424	380	450	400	392	384	377	379	176	232	274	237	245	267	222	239	235	233	239	223	262	316	252	219	195	192	188	192	256	310	285	234	219	231	256
247	208	198	224	250	311	280	229	218	212	207	270	310	307	321	351	316	304	319	274	238	318	357	317	315	356	418	433	465	496	473	409	325	334	311	298	257	241	268	229	211	239	265	251	250	358	366	370	327	276	267	310	268	274	250	293	268	300	390	309	310	313	402	339	272	285	246	289	314	343	371	477	530	505	501	528	611	486	463	442	407	363	315	325	334	368	402	398	363	388	373	246	352	177	186	217	254	244	257	261	261	290	260	298	247	253	259	235	207	179	192	182	191	264	309	278	240	206	198	194
207	210	321	285	311	316	342	271	237	244	212	268	271	302	297	338	293	302	278	267	240	249	311	263	307	304	407	451	424	459	460	397	340	265	267	321	247	254	332	247	203	197	190	236	281	419	418	396	334	257	277	251	269	296	310	321	302	295	348	351	340	376	407	347	346	296	269	335	371	369	415	492	579	489	485	587	528	437	438	373	344	319	293	321	291	361	406	402	396	410	399	281	371	330	169	195	243	242	267	235	278	340	319	339	244	196	219	223	176	181	182	201	232	249	272	265	244	194	171	190
222	247	266	308	278	303	251	240	239	236	203	239	245	263	212	276	284	233	198	254	236	253	325	360	313	311	353	394	467	476	494	467	298	233	236	260	239	259	286	274	209	179	236	216	253	295	358	392	375	344	310	301	308	314	330	338	342	387	383	437	457	452	455	430	402	297	280	354	406	437	486	549	586	520	489	455	371	379	332	319	333	315	297	331	279	302	338	362	401	374	417	307	208	261	155	184	226	274	304	251	281	303	287	286	243	243	254	243	197	180	171	178	250	224	250	255	245	183	146	162
229	215	221	291	297	341	249	246	251	296	266	306	365	313	317	313	313	267	250	251	283	308	338	298	301	319	365	458	506	480	480	459	336	274	274	280	275	260	269	389	376	274	320	366	281	270	296	344	406	416	464	353	389	368	388	373	374	379	443	422	440	434	399	389	396	306	283	363	366	382	480	545	569	529	476	433	457	395	364	335	330	347	344	296	313	319	328	380	327	362	400	387	232	187	181	217	264	339	345	268	255	237	241	225	196	230	245	217	199	164	180	160	168	195	210	200	241	188	143	195
175	248	246	342	328	271	243	270	296	288	250	307	361	310	320	300	367	355	339	386	376	476	467	356	305	309	355	439	403	433	380	351	341	265	234	284	297	247	256	280	288	266	401	322	253	261	299	439	390	411	576	475	455	422	465	409	380	372	362	307	341	388	353	373	376	353	335	396	402	424	492	558	536	454	450	474	543	544	387	395	392	326	273	251	287	341	334	310	320	318	356	351	306	263	161	197	226	325	291	229	226	227	208	199	189	193	178	211	171	166	144	167	206	164	157	173	159	166	143	200
207	242	290	287	336	255	211	228	229	218	227	278	311	265	245	291	321	433	445	464	554	530	500	384	333	368	383	377	372	438	412	383	280	239	188	246	275	316	302	265	364	258	255	275	267	284	326	411	366	462	491	524	495	389	370	391	369	352	356	326	359	413	397	412	391	405	359	393	446	497	533	545	485	423	405	466	416	459	365	375	303	280	324	304	311	419	415	357	321	347	348	272	243	194	219	138	177	250	247	248	281	207	217	241	192	174	175	184	185	190	155	190	207	142	136	143	137	98	120	202
177	289	242	275	292	316	252	267	209	229	228	264	301	261	262	305	287	365	452	469	443	442	481	496	393	345	330	402	426	411	363	312	214	193	205	234	261	285	366	346	320	366	290	250	296	424	360	398	330	452	422	431	425	404	399	380	332	315	357	330	383	423	367	365	387	360	356	413	450	491	526	526	435	436	383	344	328	364	331	358	349	289	331	362	406	432	424	355	377	358	282	240	191	218	248	164	220	210	228	297	284	205	164	230	197	194	144	148	139	168	212	243	212	160	124	102	116	103	105	145
229	260	243	285	290	385	322	311	304	252	255	238	214	269	282	319	256	300	406	435	368	429	487	423	432	352	365	343	341	329	287	214	260	278	308	269	328	284	252	281	225	256	303	325	309	409	534	541	433	353	358	398	391	374	354	306	279	264	352	324	321	393	388	371	400	422	447	439	483	526	597	586	485	485	353	308	353	357	369	429	395	336	334	336	464	376	333	309	289	367	310	260	238	278	299	303	213	208	246	319	283	200	174	193	212	187	150	150	135	160	212	241	212	164	131	103	114	96.1	74.7	110
196	226	237	245	255	352	327	321	338	354	284	251	245	307	310	268	253	328	375	352	340	353	385	373	302	274	277	267	327	273	228	198	244	353	312	285	334	331	302	314	251	301	355	328	377	362	383	418	360	389	378	434	426	427	376	312	296	252	286	303	371	375	342	408	450	402	425	450	503	549	531	465	455	479	349	327	399	378	461	441	440	467	409	337	340	337	313	293	294	310	294	259	268	316	302	293	356	231	234	275	293	260	247	243	218	176	135	131	162	157	200	216	175	138	137	136	125	103	75.6	98.9
151	142	229	262	305	319	436	361	340	346	300	260	266	322	289	246	280	333	337	379	397	329	315	290	277	295	258	286	319	304	258	253	253	281	285	293	313	389	385	326	411	422	497	401	342	305	325	303	381	398	374	403	438	452	374	350	320	288	339	362	349	339	287	333	428	484	446	459	479	502	450	417	454	354	365	367	397	406	370	405	373	372	364	342	402	443	451	393	333	269	262	215	229	281	293	380	427	415	296	343	318	298	260	262	217	216	162	126	155	156	194	142	134	129	105	120	117	102	83.4	81.4
166	192	208	231	237	284	499	417	378	305	303	274	251	302	266	328	328	294	312	331	458	397	284	223	269	304	272	272	322	287	310	274	275	276	246	232	255	304	308	359	488	407	400	367	449	302	376	314	318	290	310	354	315	317	383	344	350	272	322	321	301	329	295	321	465	497	433	455	465	498	433	403	418	358	380	364	343	316	328	448	373	352	426	440	436	433	427	378	350	277	281	250	292	271	238	290	334	444	466	331	294	276	304	275	335	255	177	154	164	158	133	140	144	137	100	99.2	113	105	97.3	101
233	258	247	203	212	306	444	436	472	368	244	210	211	251	228	306	252	262	284	390	465	379	271	253	305	345	318	281	265	251	332	294	245	300	322	234	243	267	308	348	421	446	426	418	356	357	362	329	310	332	307	307	253	279	355	334	349	266	282	269	278	318	393	387	476	503	448	486	493	502	493	391	331	332	393	371	276	245	286	414	392	369	479	468	416	368	337	409	359	300	323	309	346	257	310	294	260	362	307	284	321	219	234	273	303	259	234	197	186	180	178	143	138	163	149	124	119	120	112	82.7
303	284	322	312	339	359	402	389	434	435	242	205	233	231	203	271	247	248	243	373	369	318	323	279	274	280	310	240	203	248	326	311	229	270	287	250	293	322	315	378	376	370	428	516	432	404	463	398	360	397	326	260	240	270	330	297	248	249	252	229	289	324	365	402	362	453	441	415	397	404	455	405	305	322	349	308	331	256	333	405	388	338	342	403	366	331	312	309	292	261	303	383	403	415	373	370	347	281	248	244	263	263	256	322	368	223	193	205	190	178	176	138	164	150	153	146	166	133	111	81.9
445	459	311	394	254	330	338	329	330	278	223	212	274	243	253	238	276	288	327	360	341	314	254	268	290	285	324	276	289	272	295	281	227	235	262	312	370	436	357	422	434	438	414	431	505	442	375	468	466	448	403	287	273	286	316	279	250	242	255	232	290	296	277	302	350	377	425	478	416	461	472	442	366	321	348	461	351	284	382	403	438	418	398	404	469	350	334	337	346	342	332	384	415	367	374	406	320	293	235	228	257	306	343	258	296	274	278	283	320	289	190	107	133	141	126	158	148	134	112	74.6
332	276	225	242	218	251	226	195	200	198	219	246	281	251	255	197	227	276	308	323	287	277	283	276	259	280	274	275	281	298	309	297	288	294	414	318	290	370	383	418	414	485	492	431	472	481	362	547	531	502	505	338	295	264	240	238	244	208	219	263	327	269	234	280	327	417	476	487	439	484	457	357	338	377	345	404	303	316	344	353	362	402	368	481	452	393	342	370	375	352	339	354	380	362	408	390	385	307	231	259	261	322	284	291	336	332	264	274	323	270	231	211	141	114	161	145	120	128	132	116
224	188	188	209	220	182	200	192	166	160	213	232	274	237	275	204	208	238	246	328	333	301	360	321	295	271	255	289	310	372	356	313	315	326	444	451	315	357	363	347	386	442	439	429	378	299	303	347	357	437	387	298	283	273	206	192	222	226	237	330	347	357	320	395	411	387	430	473	481	489	415	296	331	368	350	388	342	345	306	319	333	352	358	468	464	392	354	450	285	297	302	324	404	462	553	459	459	324	338	320	272	295	290	361	402	407	299	411	360	228	182	224	235	179	202	177	149	149	148	118
251	196	191	183	251	329	243	204	263	185	177	197	260	264	263	263	212	214	217	295	353	351	339	316	357	354	348	344	316	334	335	341	434	430	396	340	328	361	341	345	478	553	518	443	417	303	290	275	266	316	290	267	291	277	175	188	168	262	300	290	306	300	280	358	361	288	363	354	339	401	393	274	249	286	303	381	340	330	316	322	300	341	424	476	473	461	365	392	332	302	296	405	459	478	476	512	518	423	456	336	372	392	403	428	353	304	321	405	376	251	280	319	315	270	201	159	153	134	156	113
287	266	220	206	188	241	206	199	261	192	182	215	273	295	295	327	226	237	289	276	303	286	313	334	377	363	402	357	353	367	292	337	518	460	365	370	352	423	471	380	479	548	499	422	359	352	345	270	237	249	312	332	310	271	228	185	177	220	262	287	259	248	252	310	239	290	315	288	329	285	247	194	233	276	268	339	322	330	283	319	285	365	414	484	477	406	332	455	439	419	322	487	504	479	388	408	436	354	419	410	415	433	410	381	349	326	298	296	330	318	361	390	355	325	290	202	197	191	179	141
188	241	283	214	177	188	206	184	223	211	217	233	272	369	336	306	238	230	266	349	302	311	331	334	368	387	430	363	367	329	377	425	436	420	396	416	413	438	457	346	391	432	436	367	307	331	332	316	305	249	327	269	249	250	267	210	182	191	219	263	211	234	265	270	267	319	285	286	313	205	201	227	262	232	211	217	273	313	305	341	365	449	385	463	470	448	401	451	401	382	384	473	486	483	382	437	474	384	375	418	440	488	385	294	317	322	328	294	360	409	341	351	382	391	390	381	276	292	282	324
169	230	245	176	128	148	170	210	198	246	256	288	295	328	267	285	231	267	238	282	268	315	419	368	365	375	390	361	356	346	430	490	441	420	379	462	509	446	414	374	357	441	461	348	292	296	375	308	296	238	231	243	256	252	248	231	211	231	274	258	230	207	259	297	275	322	311	246	264	268	256	304	307	272	296	293	314	336	379	349	389	442	439	460	470	434	404	384	403	433	420	533	600	568	521	483	551	439	378	351	373	364	319	205	230	301	300	375	388	350	394	401	376	400	443	392	313	251	283	296
169	248	168	142	135	172	158	231	227	255	233	250	270	202	210	238	273	235	187	217	284	329	311	345	338	293	267	281	332	387	519	548	446	459	396	455	450	458	405	354	344	398	387	377	309	394	436	464	346	215	212	225	238	203	216	217	232	238	270	235	221	191	200	251	229	209	227	247	331	332	404	438	387	345	362	379	337	321	355	370	405	453	444	464	434	391	371	359	390	380	372	479	512	505	445	404	397	443	428	411	280	295	309	223	244	303	320	303	276	289	331	411	376	406	404	364	350	218	174	157
164	199	140	127	148	292	174	183	241	272	221	207	223	171	167	208	247	234	208	221	268	304	367	326	286	212	212	244	306	379	377	365	402	392	422	428	361	434	343	271	300	373	370	348	374	375	387	348	284	267	213	177	177	188	210	252	259	256	233	229	212	174	185	249	247	192	243	318	439	347	496	448	409	360	314	372	350	356	372	382	445	454	435	437	420	413	404	407	345	289	315	421	430	418	394	298	354	377	424	315	276	245	256	249	242	244	251	256	356	328	376	392	410	404	428	377	310	278	208	184
192	187	173	203	179	210	195	186	279	243	178	199	240	199	230	214	201	198	233	287	201	268	321	252	281	232	250	224	301	331	335	309	382	309	342	319	292	316	304	259	259	336	387	302	351	302	220	215	261	229	196	186	158	171	225	244	235	223	201	186	159	134	161	278	270	234	246	352	356	406	461	396	342	312	269	284	295	313	284	314	422	464	414	413	394	390	418	396	373	258	271	317	320	408	348	272	287	289	354	290	222	238	255	201	182	204	217	331	426	341	396	383	370	353	388	312	263	284	218	223
164	166	190	218	199	226	241	281	259	246	231	243	277	285	284	260	244	187	204	256	259	193	201	230	267	212	206	218	268	257	257	308	358	282	257	235	231	264	245	265	334	352	331	273	283	262	233	209	220	205	175	154	174	148	196	210	177	178	171	181	164	173	200	331	418	419	414	364	319	377	395	356	331	296	277	280	256	247	253	269	439	466	425	363	345	409	421	352	355	299	316	368	338	424	346	320	310	333	352	279	213	205	187	160	179	187	172	232	270	229	280	285	274	298	238	230	197	170	218	185
140	152	188	158	184	194	247	302	263	258	307	293	244	233	179	186	175	165	173	209	190	173	167	148	197	217	227	272	266	258	235	248	245	229	192	194	200	207	252	241	273	280	236	225	248	246	220	259	214	206	161	147	161	182	179	252	181	197	208	195	185	158	190	353	391	403	427	425	401	387	323	339	311	261	241	304	299	272	245	286	346	307	326	282	310	277	316	343	351	307	337	306	326	415	452	382	297	314	367	336	242	167	166	199	192	147	161	191	193	170	173	214	209	283	272	178	168	167	207	189
119	125	143	161	158	202	192	198	220	233	236	308	274	199	165	247	165	140	160	139	182	230	157	196	167	178	241	215	246	221	188	211	204	181	191	219	245	267	220	201	235	265	265	284	260	208	220	217	164	205	157	178	192	218	238	287	271	206	180	199	211	249	255	321	350	382	408	317	304	312	323	332	356	271	238	213	235	255	230	216	276	237	269	235	315	280	269	255	337	276	298	286	377	436	454	422	330	323	303	335	329	282	176	229	135	129	171	190	180	172	198	235	224	260	280	238	165	146	176	256
119	119	141	187	163	176	191	177	200	284	307	275	227	182	172	167	158	132	162	126	183	251	180	196	180	197	176	195	227	214	193	196	197	184	214	240	250	238	211	184	248	246	281	293	253	210	231	221	170	199	199	223	244	222	269	292	311	250	226	237	261	327	280	385	357	341	338	259	271	278	282	349	364	270	227	187	167	194	224	229	222	204	198	201	247	219	186	239	308	320	302	278	344	392	441	386	311	326	291	321	321	240	167	219	149	187	164	204	148	134	176	208	222	205	246	231	163	163	209	264
161	174	196	224	199	196	197	193	211	198	204	217	209	196	204	158	162	168	165	162	197	187	187	167	232	190	194	197	201	175	169	129	197	212	243	282	220	180	249	220	209	233	278	303	338	335	275	252	221	257	274	273	236	233	312	314	364	286	295	279	305	319	336	329	319	271	195	229	265	260	280	276	302	235	159	148	114	128	166	223	214	197	159	205	219	196	229	344	226	237	254	250	332	337	370	331	277	296	292	361	305	210	194	219	192	188	169	157	121	116	147	206	226	181	202	206	164	168	174	183
165	183	211	239	220	206	196	203	230	191	195	207	195	167	189	174	182	176	176	140	159	173	160	183	176	176	187	181	178	209	184	134	181	220	201	212	236	241	200	201	161	195	282	239	308	379	293	351	364	297	261	280	270	225	270	316	375	340	326	284	277	247	254	232	261	200	130	180	231	234	329	256	217	194	192	248	163	199	233	206	223	209	199	197	196	210	210	265	179	179	185	252	302	344	368	355	301	301	317	288	294	211	166	159	172	180	175	105	122	142	153	174	209	177	160	199	220	197	141	111
147	180	199	203	244	264	232	199	214	225	201	191	177	175	200	209	186	169	143	112	131	123	132	130	173	181	177	191	175	235	166	174	163	186	186	201	234	211	211	205	198	197	221	193	222	298	354	356	329	274	216	276	269	228	226	392	332	325	323	272	281	239	218	239	250	240	195	204	218	283	274	310	265	179	176	211	178	231	244	256	222	193	186	268	281	170	168	198	187	185	171	226	248	266	268	259	241	217	264	236	247	231	192	158	141	144	184	145	170	141	168	162	158	165	151	192	257	219	144	102
136	165	180	172	219	227	243	278	206	193	189	185	160	168	179	215	223	200	179	194	167	152	130	117	122	136	172	178	160	181	178	205	197	122	148	189	151	186	171	184	151	144	132	158	190	200	282	249	274	315	271	264	233	222	209	294	266	274	304	269	336	324	286	298	268	238	231	306	325	319	282	227	183	165	203	175	207	248	295	293	248	249	235	313	301	160	155	191	184	211	205	230	243	256	231	228	199	181	207	199	184	221	206	171	121	88.1	112	108	96.4	96	128	128	144	125	104	118	153	166	139	119
132	136	163	136	153	227	269	259	245	217	167	192	173	178	178	245	229	228	233	236	223	148	162	160	135	114	177	182	149	132	150	184	170	173	170	168	184	197	154	112	98.2	103	108	113	152	192	237	257	231	318	304	241	238	244	192	208	224	208	211	213	243	266	263	210	283	221	206	195	256	201	147	172	167	143	132	180	189	235	253	249	247	253	239	272	311	325	283	251	165	231	307	259	328	415	287	233	230	218	149	161	191	283	211	204	104	173	159	142	124	170	143	117	116	73.2	55.6	82.3	142	142	105	108
109	124	126	108	105	157	209	227	162	147	167	205	219	214	185	225	238	238	207	208	209	143	151	200	156	189	145	120	128	148	163	131	104	142	155	161	161	157	129	103	100	114	141	146	160	145	179	207	207	255	237	220	217	186	163	212	204	221	210	210	228	235	222	206	250	217	157	178	220	175	196	205	197	157	143	156	190	158	156	196	292	289	248	272	310	343	337	291	217	158	212	193	278	233	198	191	182	168	161	155	145	176	149	196	166	214	167	139	132	118	120	77.8	109	57.5	59.4	99.4	109	88.9	87.8	154
147	114	119	92.2	84.4	113	152	182	176	158	148	188	217	216	228	300	213	204	157	142	152	170	154	193	218	177	170	132	119	182	240	129	101	108	97.6	134	120	121	113	93.2	110	168	216	185	166	144	168	157	168	154	175	230	214	177	173	160	170	188	227	209	246	233	209	224	209	141	233	233	258	178	153	212	175	170	187	187	205	170	174	163	252	305	244	257	290	380	297	220	224	270	220	156	188	123	153	155	140	155	178	190	145	113	109	127	149	156	101	111	76.2	85	120	62.4	86.3	106	96.4	74.3	101	69.4	73.7	87.2
190	186	133	105	72.2	115	153	191	201	198	191	195	197	209	234	276	242	164	136	102	129	166	158	150	147	166	162	140	145	189	164	123	88.4	87.5	88.1	82.4	94.3	97.1	123	97.8	151	179	206	215	199	161	174	174	169	157	169	193	243	200	182	156	162	149	202	221	251	257	216	220	202	176	240	253	235	220	193	232	153	137	145	186	208	221	191	171	184	258	307	247	249	316	255	313	274	239	230	140	132	167	137	129	162	170	168	165	191	160	159	155	103	108	138	83.3	77.7	97.2	148	118	120	101	117	107	105	101	93.1	88.4
91.7	134	135	104	87.1	94.2	127	151	139	180	212	169	178	172	205	247	224	197	136	132	145	161	132	126	108	136	165	158	145	156	129	116	106	92.8	100	96.1	93.7	106	113	97.4	126	138	137	184	204	196	200	205	230	234	274	282	337	271	261	231	229	267	242	248	280	340	361	226	203	194	264	239	238	207	161	175	154	137	129	174	177	176	179	174	235	237	215	184	189	184	206	253	338	289	181	141	142	173	140	99.6	134	140	147	118	102	194	150	152	134	125	102	75.2	72	103	163	146	135	123	108	129	147	135	142	91.7
70.7	97.8	145	93.5	131	108	111	115	112	111	173	132	133	150	143	160	163	169	161	160	131	170	123	131	97.3	113	139	127	148	158	137	121	117	117	92.2	131	149	135	114	107	112	126	127	184	160	226	160	199	231	264	323	330	321	293	255	226	251	246	276	251	260	310	353	243	234	200	264	261	201	176	164	162	154	144	135	162	161	153	192	230	175	159	152	176	101	108	126	277	333	235	145	149	171	155	139	106	126	176	137	92.9	109	208	147	150	157	146	124	70.6	63.4	72.9	99.7	91.6	108	149	121	109	148	130	83.4	89
58.5	68.3	134	115	111	122	114	80	87.3	101	119	113	107	115	122	123	122	124	125	145	142	169	118	105	119	110	104	78.8	119	132	124	103	97.2	109	113	171	234	200	150	163	165	182	197	121	113	130	160	190	310	346	390	296	268	292	225	227	211	202	197	213	207	286	301	179	177	182	192	198	184	164	179	155	161	166	150	183	146	177	138	206	155	154	139	108	145	133	149	170	224	202	178	141	121	129	101	106	93.2	147	132	123	135	159	194	164	139	154	158	78.8	103	92.9	59.9	62	91.2	160	135	96.1	126	67	47.9	66.5
77.4	79.2	84.4	86.1	102	100	98.1	74	94.2	131	146	105	95.8	98.2	134	108	121	129	116	127	150	163	160	120	99.6	109	119	91.3	97	148	151	105	78.3	115	147	279	253	211	221	215	224	152	118	140	137	104	126	184	261	325	324	298	268	253	219	222	183	195	206	168	173	253	260	193	190	190	197	167	187	180	171	143	154	170	142	140	115	94.4	88.5	185	160	146	139	161	132	103	116	151	262	224	118	141	101	79.6	96	104	87.8	142	188	102	257	160	190	174	152	163	196	124	206	86.5	70.3	53.1	75.1	103	106	96	58.1	40.7	27.9	45.7
82.2	92.6	90.3	87	114	117	122	98.7	89	121	128	96.4	96.6	103	90.5	109	104	128	122	116	135	115	115	107	76.6	79.7	108	107	110	145	138	97.4	116	140	164	187	186	166	153	154	159	146	170	152	146	152	149	159	210	239	241	313	237	247	197	166	211	212	188	194	285	254	244	197	219	268	272	255	273	210	162	202	193	184	121	99.9	88.4	76.1	85.8	170	194	228	184	228	157	89.2	74	129	160	138	135	76.2	81.3	79.8	77.2	122	113	129	171	113	101	116	134	104	125	110	107	79.6	73.8	56.6	55.2	33.2	58.9	87	101	63.8	38.2	38.5	30.9	63.4
80.4	90.5	85.8	82.9	92.8	111	107	82.7	80.8	73.8	124	81.6	71.8	87.1	81.1	92.9	106	95	105	130	129	108	107	94.6	66.4	77.5	85.3	106	107	132	114	85.9	115	109	129	154	216	173	135	131	154	171	133	131	138	125	132	178	238	206	170	225	213	176	148	150	151	118	181	184	230	220	179	170	190	220	244	239	193	179	124	136	159	141	110	58.7	79	93.8	91.7	153	136	119	75.8	123	105	123	105	110	144	163	134	100	87.3	60.4	106	117	112	122	139	89.5	85.5	90.4	110	86.7	92.4	87.6	78.4	105	92.4	54.3	45.4	33.8	46.1	46.8	44.2	37	48.9	105	55.6	62.2
77.7	88.2	70.4	74	82.2	102	101	68.3	51.7	59.8	68.9	63.1	51	74	68.3	75.6	87.1	99.6	113	127	137	122	131	115	77.9	83.7	102	134	112	88.3	86.5	88.5	83	91.7	114	131	124	105	129	123	166	215	170	145	177	109	151	212	203	178	162	155	196	193	171	144	132	134	200	267	204	164	191	145	114	142	169	136	121	120	114	110	143	135	91.3	76.6	109	114	103	136	140	78.2	73.6	76.6	116	154	104	106	116	126	124	101	98.4	101	126	117	112	117	108	103	122	115	113	110	89.2	99.3	100	108	92.3	85.3	54.5	37.6	59.2	74.5	40	38.1	51.2	62.2	64.7	67.8
72.3	76.6	75.5	64.4	71.3	88.1	86.9	86.2	42.6	43	45.5	58.6	53.4	61.1	57.9	63.8	69.2	81.7	84.8	94	115	98.6	114	120	87.5	95.4	114	133	104	104	91.7	108	84	88.7	104	114	114	120	117	115	200	174	155	180	206	148	112	146	200	241	157	154	150	188	164	137	199	208	189	203	150	134	185	94.6	95.4	122	146	102	94.8	101	114	148	165	112	70.9	88.5	95.4	89.2	83.4	83.7	77.7	53.6	79.3	67.7	132	152	111	106	98.9	116	147	92.3	111	102	112	141	135	145	140	108	117	117	104	105	124	95.1	79.3	64.9	68.7	69.4	60.1	37	102	116	84.9	63.7	56.8	61.2	58.4	50.6
64.7	96.1	78	58.1	63.3	71.5	68.4	56.4	48.4	53.5	46.8	58.8	60.1	49.2	55.7	65.1	44.5	53.5	61.7	63.2	70.5	79.6	76.3	73	70.9	83.8	107	93.5	93.4	83.2	112	90.1	81.1	81.7	69.4	78.6	84.6	90.6	84.3	88.2	103	125	112	120	116	99.9	103	102	123	127	94.4	142	203	209	209	182	162	206	159	132	146	214	225	148	130	191	208	145	106	67.8	102	125	165	109	78.4	81.4	65.5	85.8	87.1	97.2	68.3	78	89.5	94.5	135	112	105	93.3	106	91.2	89.6	50.7	65.6	82.1	96.2	114	132	143	132	110	103	101	107	104	101	76.3	92.1	64.2	44.1	40.8	39.6	40	43.4	80.3	73.4	116	75.1	65.9	49.6	39.3
45.9	55.4	57.3	51.6	71.8	68.9	59.2	56	54.1	49.4	48.6	45.7	45.9	39	43.4	56.1	39.7	38.2	55.4	58.1	50.7	55.2	47.8	52.1	51.7	66	102	108	105	116	94.2	59.6	90	69.5	71.5	71.7	82.8	93.8	88.3	80.8	95.3	97.7	98.1	84.7	123	112	150	105	89.4	91.4	132	135	158	159	136	151	143	180	153	123	127	171	164	118	140	145	226	225	130	82.5	67	89.6	74.5	58.4	40	61.4	51.1	59.8	58.1	91.5	80	69.3	72.6	106	85.1	109	121	91.4	72.2	47.6	69.9	72.2	64.6	92	150	142	133	123	114	103	96.1	103	114	117	83.5	65	69	55.9	57.2	68.6	75.4	53.4	65.7	83.3	74.9	89.5	107	72	53	37.3
43.8	45.8	62	58.6	72.4	71.5	55.7	48.9	57.7	50.2	45.4	28.1	27.5	23.9	24.3	32.6	28.1	30.6	39.6	43.9	39.6	49.9	35.9	30	45.8	54.6	94	112	95.1	100	96.7	59.3	83.2	127	105	86.1	110	131	108	76.7	103	86.6	80.6	71.7	68	91.2	114	145	110	127	178	210	176	143	117	124	139	164	154	122	123	159	180	106	106	113	189	128	86.8	85.1	79.6	73.6	77.4	44.8	53.6	70.1	39.7	37.7	62.9	56	85.9	108	74	124	116	182	98.6	67.1	79	60.1	53.8	54.9	67.3	93.6	118	140	134	133	99.8	90.1	97.6	98.3	112	112	69.7	64.3	68.5	57.2	53.2	73.7	75.8	52.1	59.5	119	54.5	44.3	64.3	40.3	44.1	36.5
40.3	47.1	62.6	65.6	67.3	65.5	62.7	50.9	46	46.2	41.4	24.1	24.9	24.2	19.1	28.2	25.7	29.1	35.8	27.7	39.3	33.9	36	39.4	39.2	59.6	89.9	108	113	107	72.7	79.2	67.8	78.6	105	109	119	124	124	95.1	76.7	74.8	73.3	77.1	109	119	125	146	153	202	186	257	258	219	160	166	135	108	98.3	109	92.1	80.6	78.7	69.8	107	82.7	98.4	77.4	82.9	87.4	75.3	78.1	126	82.3	75.6	40.8	37.8	33.8	65.7	84.8	88.4	82.3	55.6	98.3	83.9	89	94.7	108	102	126	145	83.2	134	124	96.7	130	134	137	76.3	80.1	108	161	124	111	95.7	79.7	71.1	63.8	50.5	51.9	57.6	45.5	52.6	72.5	46.3	42.9	41.3	29	45.9	44.3
31.6	41.6	42.6	49.6	65.3	61.2	65.8	48.8	43.3	39.2	42.2	24.1	17.1	29.1	31.3	31.7	28.8	37.7	35.1	30.6	43.6	31.7	32.6	39.2	41.9	54.7	81.4	73.4	72.9	129	69	70.3	80	80	79.3	94.6	123	119	143	110	96.6	83.2	84.9	94.8	107	91.3	113	145	150	178	213	203	164	156	130	115	102	127	113	105	67.2	55.7	55.1	83.7	128	180	146	101	84.5	97.5	73.2	54.5	76.6	68.7	62.7	34.4	28.9	35.2	46.3	66.4	70.8	58.3	51.3	78.8	44.7	54	96.2	120	75.8	94.8	125	128	148	98	71.7	61.4	80.4	68.2	54.1	75.7	102	117	101	91.3	122	129	83.2	80.8	76.2	65.8	58.1	55.2	66.6	111	59.5	52.8	49.8	40.6	54.4	46.6
36.9	34.8	46.5	50.8	59	55.5	53.1	48.7	39.6	33	31	24.8	21.3	21.4	35.6	40.7	34.4	35.4	28.6	21.1	28.6	28.4	29.9	36	36.1	41.7	53	56	66.2	84.2	78.8	59.3	77.1	71.1	65.9	72	104	118	115	108	79.2	81.5	75.5	64.6	78	103	107	124	173	136	155	146	157	125	114	136	139	149	120	117	85.2	62.4	45.2	98	145	74.2	83.7	63.9	51.7	57.7	70.7	61.4	74.2	64.2	57.1	38	33.3	30.6	38.4	70.1	78.5	69.1	55.7	88.2	61.9	58.2	83.7	115	98.1	81.1	77.5	106	127	104	88	77.4	75.6	65.8	48.2	78.1	94.1	86	92.2	89.8	87.2	88.7	116	84	100	113	121	88.6	118	77.6	78.4	52.3	58	52.2	81.4	84.3
43	49.8	38.4	41.8	40.5	44.3	49.5	46.8	43.3	28	34	33.6	28.8	22.8	28.1	40.1	35.4	41.4	32.6	30.5	27.1	21.3	21.4	28.6	22.1	29.1	43.4	45.8	59.9	81	86.4	59.6	56	53.1	52.4	64.3	74.4	89.4	88.8	81.6	85.5	77.7	82.8	70	60.5	78	83.7	108	156	133	97.7	99.5	96.3	102	139	185	189	125	86.5	66.7	49.2	41	26.3	64.1	106	71.5	47.4	50.2	46	45.8	53.8	52.9	60.2	40.3	38.3	45.3	41.1	44.2	57.2	55.2	57.7	66.1	64.2	87.7	77.4	73.6	95.6	116	140	113	105	91.3	107	109	112	79.6	88.7	57.5	41.2	61.2	72.4	87.2	104	88.3	79.7	85.5	75.7	63.5	66.9	105	103	61.9	54.3	61.6	45	36.1	52	124	97.5	34.1
17.8	30.4	42.5	45.9	38.9	33.8	39.4	32.7	27.9	26	36.5	27.8	27.1	26.6	31.4	37.8	29.8	33.8	35	22.7	22	22.7	15.2	23.2	14.8	21.2	40.2	48.9	54	63.1	70.6	63.4	53.3	97.4	64.5	65	70.8	75.4	70.1	77.3	79.7	77.2	75.8	42.6	53	78	82.5	120	119	85.5	86.2	93.5	71.6	66.6	94.3	162	148	116	104	72.7	75.2	49.5	16.8	12.8	69.5	112	95.7	59.9	46.6	44.1	41.9	43.3	35.7	28.1	37.8	48.5	49.1	42.4	52.5	47.8	27.6	33.1	36.3	68.6	85.2	111	192	203	166	177	161	117	101	87.7	88.8	75.5	84.1	56.2	46.6	64.7	75.2	76.7	90.3	90.6	93.3	73.5	57.2	34.1	31.2	47	64.4	37.9	43.6	77.3	34.7	28.2	44.2	60.1	83.4	34.2
12.3	17.9	23.8	39.7	36	26.3	31.3	26.8	34.9	30.3	27.1	20	18.3	26.5	31.3	39.7	35.8	32	26.6	27.3	24.5	25.9	15.6	13.5	29.6	43.3	84.9	58.9	56	52.7	57.1	65.6	63.9	69.8	81.3	63.7	66.6	68.6	75.2	75.1	64.3	68.8	79.8	88.6	67.7	77.7	102	173	148	90.7	67.7	87.9	63.4	62.6	78.4	87.6	111	89.3	70.1	68.9	88.8	51.1	24.8	14.2	50.5	82.3	106	90	86	73.8	63.7	48.3	28.9	29.7	40.5	42.2	32.7	35.7	34.1	47.6	31.9	18.4	46.5	31.8	72	146	169	225	170	155	278	234	206	138	122	145	114	85.6	93.2	62.9	68.3	67.6	83.9	117	93.5	77.1	64.3	50.4	49.7	46.2	109	107	62.2	41.8	39.6	37	29	56	44.9	57.8
12.8	12.7	19.2	26.1	27.9	18.7	29	35.5	59.2	33.5	27	20.9	16.1	17.9	21.5	22.6	24.2	23.4	30.3	35.8	27.9	16.3	22.4	21.9	36.2	63.5	78.5	51.1	68.6	69.9	61.4	53.5	64.2	79.6	80.5	72.7	59	63.6	59.9	61.7	73.1	102	86	95.7	74.6	67.5	86.6	143	128	96.3	94.7	82.5	44.3	39.3	44.8	74.3	93.7	96.9	64.7	68.4	32.2	28	29.7	42.6	35	40.8	80.3	69.2	87.9	70.2	61.2	45.7	37.7	33.8	34.5	34.7	26	24.3	31.6	39.9	20.5	44.5	53	33.1	68.9	108	126	137	123	162	264	275	196	159	170	256	128	95.6	76.3	99.9	82.2	71.2	91	97.1	73.6	80.6	58.8	68.7	62.9	82.2	102	109	64.3	65.7	47.5	34.8	30.8	47.1	56	58.4
27.8	29.8	36	32	22	28.5	41	52.6	54.7	33	27.8	18	17.9	16.3	16.2	21.5	22.2	23.7	27.5	42.6	44.8	20.3	24.2	25.1	67.2	73	92	62.2	78.1	74.2	63.4	53.2	57.8	73.6	76.9	99.8	66.2	56.9	63	62.6	80.4	71.9	73.8	94.7	89.3	81.4	112	121	102	59.1	74.4	73.8	61.7	51.9	24.2	60	98.7	80.5	70.5	57.4	27.9	39.8	23.9	54.5	46.2	41.6	43.4	47.7	48.8	58.5	56.8	50.7	37.8	28.3	26.3	28.4	27.1	25.6	49.6	34.2	25	18.8	45.7	60.5	68.1	87.6	92.2	124	167	189	186	187	304	202	226	184	92	63	67.8	77	78.2	111	128	117	95.3	118	86.6	66.5	100	121	111	111	74.6	70.7	68.8	46.9	60.1	75.4	46.7	50.7
63.7	48	44.8	26.6	23	37.8	44.8	59.4	53.5	30.6	23.8	23.6	13.4	12.5	16.1	17.1	15	24.5	23.7	43	35.7	36.7	26.8	56.2	76.6	91	94.9	48.4	49.8	63.6	69.3	52.3	57.6	59.9	72.5	58.1	61.6	70.6	72.3	86.2	80.2	73.5	54.8	66.7	87.3	99.2	142	150	112	58.8	75.8	65.7	37.8	19.1	30.7	61.4	110	61.4	53.5	59.2	30.7	20.1	33.8	66.2	60.9	32.1	26.5	38.6	38.1	51.7	41.4	30.9	30.8	21.8	28.9	23.8	21.2	24	27.3	37.3	27.3	26.6	123	91	96.7	124	108	99.3	148	198	132	180	166	201	164	143	79.7	53.9	54.3	49	69.2	96.2	98.4	98.9	102	116	111	102	103	131	131	147	118	105	91.1	93	63	58.6	38.3	40.7
57.3	57.1	60.7	53.9	34.2	41.4	53.8	103	94.2	50.4	47.7	35.9	16.7	13.2	11.8	20.9	24.4	23.5	21.5	37.9	34.4	38.9	37.1	77.4	111	91.1	96.7	44.2	46.4	49.3	46.9	47.9	60.6	66.6	75.7	60.6	72.7	97.8	89.2	109	125	103	94.7	66.7	75.6	113	142	161	152	67	64.2	60.9	41.7	39.8	44.9	49.3	48.4	46.1	65.7	59.1	35.3	19.3	10.8	21.4	23.4	16.9	16.7	30.7	46	48.2	60.3	30.7	14.9	13.8	14.2	11.5	15.5	23.9	23.8	20.2	25.9	28.8	53.6	75.8	62.5	82.2	57.4	52.3	87.8	132	148	183	170	149	153	135	111	78.4	62.1	51.3	50.1	49.2	72	111	92.3	101	186	128	116	158	237	196	161	109	99.5	85.3	62.1	58.6	49.8	37
58.8	60.8	89.2	108	73.9	40.7	36.3	58.6	56.3	86.6	56.4	33.5	18.9	19.9	27.4	31.2	27.8	25.6	27.9	35.8	40.7	43.8	44.9	111	108	54.5	55.9	52.9	51.6	40.6	45.7	52	56.3	53.3	62.3	56.1	58.2	75	76.4	80.2	79.8	97.4	88.8	82.2	71.2	87	105	147	132	84.4	91.9	96.8	57.7	49.1	37.4	56.4	51.3	55.5	60	34.1	26	36.1	17.4	12.2	27.5	22.9	28.7	24.8	35.4	34.1	30.7	19.3	10.2	12.3	9.76	17.3	25.5	16.7	20.4	23.2	28	33.4	43	44	45.2	45.4	39	30	65.8	80.9	115	168	151	150	145	97.6	108	115	98.5	61.6	37.1	35	56	99.1	162	152	174	155	123	125	162	136	123	101	101	86.5	60.8	64.3	59.1	51.2
29	68.2	98	145	121	51.2	19.8	29.8	37.2	50.5	37.3	39.4	29.9	25.3	45.4	49.1	40.2	38.7	33.6	35.2	42.1	47.1	44.5	87.4	86	66.5	45.3	32.8	41.6	26.6	37.9	50.2	57.2	50.3	46.2	47.7	57	66.7	71.7	85.2	97	89.7	120	100	99.1	96.1	120	122	130	84.4	77.5	87.1	65.6	53.1	42.2	37.3	59.4	36.5	37.6	29	19.3	22.4	28	17.4	22.8	15.2	13.8	17.6	21.7	34.8	30.1	12.8	23.4	21.4	16.8	18.6	58.7	18.2	16.3	25.9	27.7	29.6	24.6	28.7	48.6	47.2	51	66.1	95.5	117	121	132	154	135	135	69.5	88.8	96.7	102	62.5	48.2	50.3	59.6	92.8	106	122	252	213	148	105	119	147	144	87.8	84.9	67.6	59.1	54.7	44	54.2
19.3	44.9	63.1	85.6	79	77.7	32.6	63.2	62.4	69.4	46.9	48.1	47.7	37.1	34.5	52.4	45.4	35	32.3	37.1	43.2	45.8	53.1	79.4	79.1	57.9	54.9	30.6	36.4	42.6	36.1	40.1	45.5	43	43.3	38.8	57.4	66.8	65.3	90.6	84	99.7	123	80	102	114	101	77.8	115	112	88.5	94.8	72.2	53.7	53	46.5	43.1	42.7	42.5	28.3	19.9	11.2	8.14	8.34	11.3	5.25	22.3	28.4	25.8	17	17.9	9.6	11.6	18.5	13.9	16.3	19.8	18.7	19.9	16.9	17.4	19	9.22	28.3	51.9	49	75.1	90.7	84.5	84.8	88.9	80.4	92.6	103	97.2	51.8	62	73.8	80.6	67.1	66.5	55.1	54	57.5	55.4	72.5	131	232	211	112	99.6	165	194	108	87.2	72.3	48.3	47.5	49.5	51.6
14.9	21	26.7	56.9	51.1	51.3	26.7	20.6	44.4	73.4	52.7	47.9	66.3	56.1	48.7	64.6	82.3	55.5	48.1	64.6	61.1	48.6	67.1	59.9	53.5	50.1	54.8	42.6	36.9	44.5	42.1	30.8	39.3	40.6	42.5	58.1	62.1	73.9	85	84.8	88.2	99.4	98.6	54	80.2	106	103	105	133	112	112	112	82.3	80.7	60.6	71.7	60.3	51.1	48.5	36.4	22	15.8	6.1	11.3	12.1	8.08	15.2	17.3	34.6	20.3	11.5	6.74	10.4	7.98	5.75	15.7	16	25.3	22.1	14.8	14.4	6.37	8.56	13.3	29.5	35.2	43.8	79.1	71.7	68.6	87.4	62.5	71	75.5	80.6	54.9	61.2	55.1	49.2	55.1	58.5	64.3	55.7	36	41.2	41.4	52.7	141	191	107	76.4	117	142	103	73.1	53.5	52.2	54.5	56.9	48.5
14.3	9.29	15.5	36	34.3	24.4	19.6	11.6	25.1	76.7	108	81.8	87.4	90.9	85.6	78.7	71.2	75	56	77.4	89.9	76.8	90.3	64.4	59.7	48.7	39.9	34.2	34.7	59.1	53.2	53	34.7	34.5	43.4	60.7	65.5	70.4	59.3	69.8	63	70.6	70.3	68.3	86.9	86.4	80.7	115	84.1	108	85.9	91.1	73.2	73.9	63.6	76.2	64.6	66	55.2	48.2	32.6	14.2	16.1	6.59	5.23	2.91	10.5	10.7	19.6	14.8	10.9	6.5	7.91	5.18	4.85	10.3	23	17.6	17.3	6.37	8.69	6.59	9.06	9.42	15.2	16.8	26	42.5	37.2	72.9	60.4	37.9	60.6	53.7	49.6	46.3	54	47.1	42.2	46.2	42.1	65.6	70.4	51.3	25.4	25.8	34.4	65.6	104	116	104	198	180	104	68	57.6	48.3	56	42.6	30.7
12.1	11	12.9	9.62	12.1	14.2	12	11.8	52.9	73.1	129	109	109	103	91.4	85.2	85.4	89.5	76.2	114	107	79.8	84.5	72.9	68.9	61	50.8	36.7	34.8	34.1	44.9	41.7	29.9	30.7	33.5	45	45.8	54.2	57.9	76.6	66	52.9	54.2	44.8	62	64.6	66.3	71.9	63.9	96.4	125	135	119	122	97.5	94.4	76.9	75.6	67.5	52.2	46.1	39.1	11.4	8.57	10.6	11.3	20.9	15.6	13.4	12.9	10.5	9.12	8.54	4.92	3.7	9.98	10.2	11.7	7.89	4.24	4.26	2.05	24.5	10.5	4.8	5.95	8.08	30.2	34.1	36.1	23.7	13.8	14.4	26.9	65.9	58.4	58.6	46.9	38.5	35.3	49	47	54.6	49.5	45.6	47.1	32.7	49.4	60.6	71.2	103	156	143	99	77.9	55.5	46	40.6	39.9	39.6
11.1	12.8	16.2	19	13.7	7.56	7.21	15.5	68.4	72.7	104	117	122	126	105	101	115	119	108	133	116	114	111	104	106	83.5	58.3	45.5	32.1	33.1	40.6	38.4	35.7	30.6	33.8	46.3	40.1	39.7	44.9	56.4	66.2	50.4	48.9	52.8	66.3	74.7	71.6	66.5	48.6	75.7	100	106	126	136	113	83.3	70.1	71.8	69.1	63.6	51.1	62.3	30.8	19.6	19	17.9	27.5	23.6	12.2	10.6	13.8	12.4	10.2	4	3.96	8.08	7.95	11.8	16.8	7.81	42.8	4.72	7.39	6.2	4.6	4.59	4.22	7.3	9.82	22.4	9.52	5.81	19.2	31.7	54.3	51	55.1	59.6	41.5	36.5	41	38.8	37.1	43.1	53.2	73.2	36.4	41.2	54.1	68.2	78.3	96.9	108	85.3	63.2	61.7	46.9	43.4	43.2	24.9
9.38	8.49	15.5	43.3	14.2	7.24	6.78	10.2	22	39.2	72.3	105	139	107	96.5	117	116	114	114	128	96.3	94.7	98.7	135	126	111	103	93	70.6	60.5	64.4	50.4	45.1	47.7	47.6	50.8	41	40.7	41.2	47.5	51	55.5	49.4	53.2	83.9	87.7	79.7	97.8	102	117	119	102	97.9	124	134	91.6	62.7	66.8	59.5	56.3	51.3	60.3	38.2	30.6	23.6	18.2	12.1	15.7	18	11.2	8.96	8.41	6.36	7.09	5.69	4.89	4.61	6.66	4.56	3.99	13.2	3.98	5.64	6.44	6.14	3.73	3.2	6.95	4.96	15.1	10.6	14.5	8.08	10.2	28.1	36.6	42.6	59.2	68.4	46.4	27.1	28.9	34.3	26.2	40.3	51.9	28.1	25.5	33.6	46.3	48.6	59.1	71.3	71.4	58.5	59.7	52	31.4	38.1	32.6
11.6	9.91	12.4	38.3	35.4	11.5	6.12	2.99	6.36	25.6	53.8	57.1	82.7	104	99.6	112	114	122	124	131	111	99.7	97.9	144	143	140	137	113	88.4	87.2	82.7	73.3	57.3	56.7	50.6	55	52.5	46.3	42.5	46.4	47.3	49.6	66.5	59	61	59.2	59.9	137	122	110	118	91.2	74.2	91.1	94.4	60.2	50.5	68.7	60	46.6	46.3	39	40	28.2	22	18.3	15.3	8.02	9.57	7.85	10.6	8.1	6.28	6.69	7.74	4.29	6.23	9.94	7.06	7.12	7.58	6.8	7.85	10.7	6.18	4.78	5.35	9.84	40.2	56.6	24	11.3	16	8.05	17	23.9	30.5	52.5	57.5	54.2	29.4	14.3	30.9	36.5	45.2	74.6	26.8	28.3	34.1	37.3	44	60.8	71	63.2	41.7	56.7	42.4	14.4	24.5	26.1
17.1	13	11.7	8.64	10.6	7.74	10.3	1.88	1.92	18.5	46.1	52.4	50.7	58.9	69.2	86.8	89.8	95.3	111	109	115	105	101	148	156	178	182	150	116	101	99.2	109	87.8	70.8	61.7	57.3	51.2	44.9	52.4	48.2	69.7	64.7	59.5	54.3	49.9	59.2	51.3	70.5	92.7	96.9	111	79.9	121	135	113	72.5	54.5	64.5	51.3	36.3	61.8	53.8	43.8	36.3	33.6	22	16	7.16	12.3	9.92	12.4	12.3	8.75	5.82	5.82	4.6	5.2	6.75	6.25	3.74	4.88	5.12	5.55	8.8	6.44	2.23	4.99	14.3	42.1	49.1	58.9	26.1	21.8	15.8	27.2	25.3	20.1	35	36.3	24.1	19.6	16.4	18.6	31.9	43.9	35.4	29.5	32.5	31	35	49	42.2	51.7	60.6	48.1	40	39.3	19	10.4	16.2
12	13	12.5	11	10.9	8.6	5.03	4.03	6.4	16.2	61.3	78.5	31.1	58.2	47.8	56.5	65.7	66.2	75.7	85.9	85.3	94.7	94.7	139	144	171	217	178	155	129	127	118	113	89.4	67.5	65.3	55.7	53.4	54.5	56	69.5	97	77.9	54.1	40.1	60.1	54.8	48.5	53.9	55	75.8	76	67.8	86.1	96.2	99.7	89.5	89.2	69.1	51.7	73.9	58.9	58.7	56.4	54.9	41.1	20.2	8.16	10.4	18	15.3	13.4	7.1	6.15	7.16	7.47	7.36	6.51	6.36	4.37	5.95	6.98	5.92	6.31	5.57	1.88	3.91	40.3	59.6	53.7	47.6	26.8	29.6	13.9	20	20.9	27.3	26.1	22	18	16	19.4	19.8	35.6	70.1	29.1	23.7	41.7	33.1	29.4	40.6	29.5	32.8	49.9	53.7	50.8	36.6	21.5	9.75	13.7
9.49	9.2	7.9	8.74	7.84	6.67	5.89	2.42	1.93	2.4	5.77	19	16.1	12.1	20.6	32.6	42.6	42.5	41.9	43.2	57	66.3	69	120	124	145	161	145	154	141	125	124	119	112	79.9	77.2	67.3	55.2	54	61.7	72.8	93.6	94.8	67.5	73	71.3	68.3	56.5	55.5	73.1	80	118	79.5	76.1	99.4	74.9	130	182	105	62.2	77.5	60.3	62.3	49.5	65.8	48.9	27.4	8.01	7.72	14.4	19.1	13	8.68	8.19	8.99	9.03	52.6	11.2	6.32	6.68	7.09	6.59	8.61	4.73	0.97	1.18	0.948	33.7	36	32.2	34.3	36.3	27.3	25.9	19.3	14.8	21.7	56.8	16.1	14	15.9	16.6	16.7	27.1	32.3	24.5	32.2	44.6	36.6	26.4	21.4	26.7	23.7	19.8	34	41.8	33.3	19.2	15.5	14.8
9.75	9.04	8.24	9.31	8.21	11.5	7.55	2.5	1.39	2.13	4.77	12.6	5.87	6.79	10.2	25.2	25.1	32.9	35.1	35.4	44.7	49.9	50.5	119	135	118	128	135	141	144	121	115	113	104	94.7	114	82.2	69.1	62.8	56.8	54.7	73.3	63.5	66.2	60.5	88.1	89	88.7	48.3	68.2	91	150	170	139	118	166	191	189	155	83.4	64.5	50.1	78.7	83.7	67.4	53.7	34.6	11.7	12.7	8.05	8.19	9.32	8.73	9.9	8.96	20.2	43	42.3	9	7.72	7.18	9.41	9	3.8	1.54	0.69	0.853	5.78	12.7	23.8	28.3	42.5	30.7	22.3	22.7	16.3	30.7	53.6	9.45	9.42	13.7	17.1	32.3	24.4	18.8	23	29.3	49.9	43	29.2	23.7	22.4	22.8	25.2	15.3	26.7	26.9	27.4	19	14.1
9.16	9.56	8.53	8.84	7.42	6.79	5.55	1.84	3.28	3.35	2.96	4.17	2.41	2.78	6.56	13.6	15.7	49.5	59.4	37.6	40.7	40.6	43.9	105	109	108	109	124	107	135	115	131	121	125	118	108	86.1	91.8	73.1	67.4	68.9	63.7	64.4	64.4	50.8	57.9	80.3	55	68.6	64.3	92.9	135	157	96.1	56.8	99.3	194	252	219	115	97.4	44.7	76.8	72	52.2	71.7	47.7	19.6	34.1	19.3	8.21	8.49	9.05	8.9	10.2	8.31	7.78	7.33	9.57	11.8	8.3	10	9.56	7.86	7.8	6.8	5.29	1.86	1.64	14.9	32.2	38.5	37.2	27	22.4	16.7	15.6	15.3	10.9	7.41	7.85	13.6	32.5	22.4	13.5	22.2	37.6	23.7	44.4	41.9	23	23	42.7	38.5	17.8	21.7	19.4	24.8	16.3	17
8.48	8.94	8.62	8.1	6.64	5.36	4.17	2.26	1.96	3.01	2	1.84	1.12	1.73	3.63	10.2	8.73	19.4	55.8	38.6	49.7	44.6	45	91.3	92.1	103	91.3	94.7	92.4	113	117	172	192	175	150	135	123	112	76.1	92.9	91.5	105	107	75	72.9	64.7	85.4	43.6	37.2	89.2	125	140	108	126	68.3	64	154	204	274	146	127	94.9	72.8	65.6	46.1	58.1	50.1	31	66.4	79	25.4	9.55	7.85	8.47	9.91	10.1	9.91	9.56	23.5	11.2	6.57	10.8	10.3	10.3	13.3	8.11	1.19	4.39	3.82	7.43	10.2	34.1	42.6	24.3	23.2	18.9	18.4	15.1	14.1	9.26	14.5	10.1	15.9	11.1	9.44	19.9	27	22.1	27.5	28.2	18.9	17.5	21.9	28.4	41.7	49.9	28.3	25.2	17.2	18.7
4.44	4.39	5.35	4.32	3.33	2.6	2.21	0.945	0.464	0.384	0.465	0.221	0.111	0.173	0.212	1.61	1.96	3.36	8.38	18.6	25.3	36.5	35.9	52.7	56.3	66	60.2	58.9	54.6	75.3	99.6	173	207	183	166	176	149	110	81.2	109	132	117	106	116	100	99.8	102	86.6	79.5	80	91.7	103	96.6	105	74.5	50.4	81.8	110	135	77.7	66.7	61.3	55.8	55	46.8	40.1	37.6	21.1	29	30.9	59.8	14	8.88	11.3	9.92	12.5	15.1	12.8	26	11.8	8.82	8.28	7.11	5.38	4.41	5.42	4.22	9.42	11.7	18.7	13	19.1	25.5	24.8	34.9	26	31.5	25.7	18	15	19.6	19	15.2	16.7	18.3	31.4	27.6	20.7	21	23.2	23.5	26.6	24.1	28.8	40.7	44.2	35.8	19	19.6	19.4
5.5	6.25	3.16	5.33	4	2.26	2.03	0.922	0.349	0.266	0.398	0.0903	0.391	0.432	0.408	1.55	1.05	1.81	3.51	12.5	16.1	29.4	19.8	45	52.3	55.1	58.4	56.1	58.7	67.2	84.5	129	215	160	203	232	183	147	101	127	167	122	121	130	137	134	117	105	93.3	89.9	90.4	101	107	91.9	73.8	41.9	71.8	68.6	86.2	70.4	55.9	75.7	80.2	68	55.1	40.5	41.4	24.2	23.4	25.2	32.4	27.4	20.4	11.8	12.5	12.2	14.2	16.5	25.4	15.6	11.3	10.7	7.84	7.08	5.79	4.25	4.48	5.23	10.1	9.22	9.88	24.3	21.4	19.5	25.2	25	21.4	43.1	25.7	22.7	15.6	17	19.1	16.2	18.5	19.4	21	19.2	31.2	21.6	17.2	20.8	25.5	37.9	22.3	36.6	56.2	36.9	26.4	18.8
5.31	7.89	4.11	3.64	8.92	1.76	1.18	3.18	0.579	0.838	0.809	1.1	0.443	0.0387	0.283	0.541	0.239	0.875	2.02	8.34	23.4	16.1	19.6	39.7	41.7	40.5	47	50.6	60.6	69.2	75.4	111	147	171	202	235	213	170	125	114	148	158	119	143	154	165	148	114	112	139	113	87.4	104	81.9	66.8	45.6	68.7	41.2	45.3	44.1	41.8	70.7	75.7	63.5	64	58.5	62.4	54.4	44.3	37	29.9	30.6	45	22.7	12.3	11.6	19	20.7	22.6	25.7	12.5	11.3	8.46	6.6	7.07	6.24	5.06	8.74	9.05	14.8	19.8	35.9	33	27.5	24.5	32.6	23.9	43.5	23.7	22.4	21.5	23.3	40.7	21.3	16.8	18.4	14.9	19.7	25.7	19.6	13.8	19.5	25.9	28.6	37.3	42	50.2	42	43.6	21
4.53	3.67	2.05	2.22	1.59	1.21	1.05	1.58	0.296	0.86	1.27	1.95	0.266	0.0586	0.0421	0.276	0.169	0.639	1.54	6.12	27.4	32.6	11.2	30.2	35.9	31.9	30.1	35.2	41.1	50.5	53.9	100	130	156	193	231	191	159	121	125	153	122	126	149	160	172	158	121	113	138	131	104	100	89.7	87.8	51.4	41.1	40.4	44.4	47.8	29.7	26.2	43.3	64.2	85.5	82.3	70.1	76.9	69.6	67.7	38.3	27.9	28.6	20.5	15.3	19.1	21.6	23.4	19.3	17.2	36	12	12.8	10.4	8.02	4.78	6.32	11.5	9.52	10.2	11.7	12.9	53.6	89.1	29.4	19.6	22.9	28	21.4	20.6	29.6	25.8	48.2	25.9	18.5	17.2	16	19.9	15.2	11.7	13.8	17.4	14.3	14.5	34	38.2	39	32	50.4	24.4
3.02	2.02	1.54	0.439	0.19	0.153	0.139	0.0157	0.221	2.51	0.816	2.86	2.92	0.355	0.101	0	0.166	0.0441	0.286	0.479	0.843	5.62	3.78	7.35	11.6	12.1	8.9	17.2	19.3	30.7	57.8	57.8	75.5	122	164	212	169	156	132	101	93.1	83.8	89.9	105	113	137	141	112	116	116	104	126	117	104	87.3	55.2	77.1	100	89	85.3	81.6	40.2	29.1	57	107	79.7	81.8	46.4	62.3	33.4	36.4	26.7	23.1	13.6	7.15	19.3	36.1	27.2	15.9	17.4	16.1	11.1	10.1	6.84	9.41	11.5	9.46	8.91	29.3	15.9	15.1	9.73	22.8	36.7	32.2	22.4	19.1	24.5	21.3	24.2	23.9	14.7	25	17.6	14.4	15.4	12	8.36	6.78	7.02	19.1	30.5	12.6	7.03	23.4	59.8	28.5	27.4	36.7	31.3
0.953	0.603	0.742	0.658	0.312	0.18	0.0368	0	0	0.136	2.71	3.08	3.15	2.44	0.473	0	0.22	0.181	0.878	0.282	0.766	0.423	3.89	10.3	3.69	5.37	5.8	13.1	14.2	18.5	36.7	72.2	73.2	89.6	116	185	179	139	134	113	100	88.3	84.3	92.8	104	131	155	112	101	97.6	118	120	146	115	107	82.9	76	134	72.3	52	65.9	45.5	42.8	94.3	136	77.7	68	35.7	32.8	37.1	34.4	29.7	29.2	18.5	10.8	10.2	13.6	19.2	33.1	39	13.2	11.6	13.5	7.69	5.89	11.2	12.6	27.7	21.6	9.3	16	13.3	10.6	16.4	48.3	38.2	21.3	25	30	22.1	19.1	15	14.9	13.2	14.6	13.1	9.25	4.83	4.1	7.19	25.8	44.9	26.1	9.24	20.6	38.9	28.2	31.9	35.9	31.4
0.512	0.341	0.253	0.0725	0.0314	0.275	0.431	0.575	0	0	1.05	6.9	5.93	2.48	3.11	0.876	0.129	0.498	3.32	4.36	0.0566	0.345	4.49	11.1	2.39	2.97	2.75	9.32	12.7	15.3	17	44.6	84.4	104	116	227	316	244	193	163	133	125	110	93.5	115	108	124	95.4	92.6	96.3	133	140	140	120	134	133	109	88.5	57.2	45.3	30.4	21.1	19.8	71.1	76.9	73.9	40	24.6	23.2	33.5	34.6	25.8	21.5	12.1	12.4	18	28.8	17	19.5	47.3	39.1	11.4	15.9	9.61	7.6	6.5	6.35	32.6	24.3	28.8	24.5	13	10.7	15.7	24.7	41	27.7	22.9	25.1	26.4	20.6	15.2	13.1	12.9	17.4	16.6	10.4	6.28	4.07	5.64	19.5	42.2	38.3	12.2	12.2	15	15.8	28.9	49.8	63.5
0.375	0.245	0.18	0.0516	0.0225	0.00685	0.157	1.47	0	0.0529	0.0273	0.24	17.5	5.66	3.07	3.43	1.24	0.586	2.64	0.227	0.0917	0.239	1.05	0.962	1.96	53.7	1.94	4.77	18	18.1	14.2	18.4	48.9	108	147	394	408	334	264	202	166	154	128	115	116	98.5	101	104	96.1	85.7	103	131	146	116	116	150	147	89.3	52.6	44.5	22.6	16.4	19.7	32.1	41.5	47.4	36	37	22.3	22.1	21.2	18.3	15.9	12.8	14.1	23.5	33.2	31.4	24.6	20.3	35.9	34.2	22.9	11.2	9.04	7.48	7.97	68.9	29.3	36	62.2	21.3	14.8	21.6	26.1	23.2	22.4	19.1	20.2	22.8	17.6	21.4	13.9	12.2	15.7	14.5	9.43	4.83	6.19	4.44	11.1	37.9	35.8	39.8	40	24.2	12.7	21.9	40.3	53
0	0	0	0	0	0	0	0.0413	0.317	3.43	0.803	4.2	6.1	1.42	1.61	2.15	0.861	0.151	0.307	0.181	0.23	0.231	0.112	0.0818	0.382	1.23	0.187	0.113	4.38	5.77	7.36	10.4	27.2	100	222	403	382	381	323	159	128	111	90.1	66.8	82.3	87.5	86.2	87.2	105	83.6	134	105	110	106	104	92.8	97.6	80.2	67.8	53.2	46.4	9.47	11.9	25.4	31.4	40.3	37.2	40.4	42.4	28	23.8	17.2	23.7	16.3	12.6	21	22	23.1	31.4	36.2	35.9	42.9	48.4	25.5	18.3	18	22.2	49.8	36.2	27	58.5	62	19.3	15	14.9	17.1	21	15	13.2	14.1	14.2	13.2	11.1	8.76	7.98	6.7	7.98	8.54	7.82	9.54	13	15	19.6	40.1	41.6	26.5	17.9	15.7	26.7	35.4
0	0.785	0	0.072	0.024	0.041	0.0907	0.304	1.09	4.23	6.15	1.3	0.915	0.712	0.259	1.73	0.571	0.0131	0.291	0.204	0.0587	0.0935	0.0381	0.0211	0.055	0.0695	0.0497	0.244	0.348	2.13	2.9	3.2	12.7	14.8	44.6	178	244	239	247	129	130	99.6	85.9	88	66.3	72.8	79.5	77.3	79.7	96.1	162	130	119	129	119	108	115	95.1	53.9	47.9	54.6	25.5	12.2	23.9	33.6	37.5	21	17.9	68.9	72.6	39.3	34.6	61.3	16.9	7.39	24.9	19.8	21.5	26	42.3	46.8	59.4	67.8	81.8	25.9	22.6	21.8	59.5	27.5	27	31.7	29.2	25.7	25.8	15.9	14.8	20.1	31.4	17.2	13.1	12.3	11.2	9.87	6.88	11.2	21.2	8.5	6.61	7.12	6.8	6	9.75	20.9	28.5	36.9	24.2	16.4	16.3	23.9	44.3
0.0252	0	0.101	0.024	0	0	0.048	1.42	2.22	2.74	4.99	2.32	1.66	1.6	0.738	2.93	1.47	0.0846	0	0.182	0.0192	0.0485	0.0289	0.0333	0.0327	0	0.249	0.562	0.174	0.181	0.981	1.98	11.2	6.22	19.8	62.3	93.7	122	136	116	110	91	74.2	79.8	55.4	63.6	77.4	80.6	93.4	106	148	130	103	151	137	125	117	88.4	61.1	45.7	38.8	23.6	27.2	21.5	20.1	31.9	22	16.7	38.9	28.8	39.5	22.6	26.9	13.4	11.3	14.9	20	28.1	20.3	26	25.6	49.1	77.8	34.2	69.8	25.9	23.8	35.3	23.1	24.5	23.5	23.4	21.7	48.6	22	15.5	17.2	46.7	30.5	17.1	12.8	11.3	11.6	8.05	7.26	16.5	13.1	10.5	8.98	10.8	5.75	15.2	25	29	41.7	31.6	21.1	20.6	22.2	35.5
0	0	0.0252	0.024	0	0	0	0.024	1.79	2.18	2.57	1.44	1.54	1.35	1.02	0.415	1.44	0.675	0.819	0.287	0.568	0.122	0.0269	0	0.00605	0	0.195	0.165	0.137	0.0526	0.32	0.257	0.207	0.485	1.54	22.4	41.4	62	96.7	78	79.2	95.9	79.9	50.6	48.6	55.5	92.8	114	98.5	134	107	121	113	156	180	131	119	90.3	77.3	55.3	38.6	34.9	12.7	17.6	12.3	19.2	26.2	16.1	18.7	16.2	20.3	8.74	17	18.1	14.6	16.4	70.5	44.3	34.3	18.5	33.1	40.1	56.3	32.7	25.4	30.8	100	77.3	50.3	44.5	36.4	29.2	28.3	19.2	23.3	17	17.5	19.5	31.5	30.2	27.6	14.9	16.1	10	8.32	10.2	11.7	13.1	12.7	11.1	12.3	12	26.8	37.9	59.8	51.5	27.1	25.9	23.1	30.5
