120	145	157	257	284	322	308	442	464	484	466	383	379	406	446	430	402	393	373	323	324	341	345	334	398	379	312	301	284	300	346	342	329	299	302	319	372	387	451	466	604	667	612	447	453	424	377	343	303	270	196	198	199	178	200	300	341	387	431	436	415	375	355	343	320	310	327	353	357	361	330	278	255	264	204	225	284	378	383	383	416	409	378	399	491	356	380	222	236	199	188	209	200	188	182	167	197	216	179	139	141	140	107	104	134	146	139	175	193	204	191	195	193	182	162	155	160	166	182	183
205	308	273	356	403	469	433	476	471	530	543	352	348	422	477	383	356	396	358	284	259	287	321	313	396	386	340	312	329	296	314	338	351	336	319	332	345	365	386	482	577	628	551	442	403	445	389	343	269	223	199	209	190	158	183	225	276	324	364	346	321	316	324	276	298	341	366	379	372	370	324	316	301	343	292	273	273	314	348	373	325	360	418	508	515	472	487	414	358	386	419	279	225	211	208	201	233	229	223	187	154	141	110	131	162	166	163	176	203	210	185	164	150	151	140	144	179	238	242	246
237	283	336	356	434	477	366	442	513	501	486	347	366	414	421	359	338	326	320	257	248	327	313	281	324	340	353	337	362	320	295	356	404	376	315	302	256	274	304	392	443	493	449	379	389	364	314	296	249	263	223	181	166	147	179	198	269	351	359	355	310	302	287	288	316	335	364	378	393	326	327	352	367	400	355	325	265	302	331	309	317	369	454	494	488	489	499	439	445	392	408	242	297	282	260	237	316	239	230	238	236	228	215	231	228	209	219	220	257	291	271	249	233	225	193	194	215	247	276	260
243	250	293	353	439	385	405	402	422	413	448	399	445	434	450	346	320	346	341	255	260	266	260	369	411	404	418	405	413	342	318	328	362	320	248	232	237	239	273	316	329	406	422	358	346	324	285	297	287	334	279	224	151	140	195	242	268	339	375	357	327	324	305	348	349	305	352	331	336	346	320	383	373	343	325	317	300	342	346	333	359	390	477	470	506	524	537	522	481	358	376	230	292	290	266	267	290	289	248	209	238	247	269	343	334	280	269	257	270	270	262	279	292	282	252	194	210	261	298	277
235	270	331	344	393	377	438	452	425	404	445	372	425	459	461	348	356	318	306	237	245	271	254	270	355	437	461	455	470	391	315	340	298	269	178	172	210	230	281	307	283	316	311	282	270	249	243	306	307	311	288	247	201	158	232	307	277	301	360	339	335	319	336	334	443	346	366	364	415	356	353	343	333	305	290	304	338	343	333	360	378	380	448	450	514	547	551	568	554	494	387	210	279	280	268	291	348	397	321	258	288	280	377	463	355	339	299	282	273	289	270	230	233	214	205	192	225	263	302	287
278	322	391	359	403	415	524	444	436	443	469	367	388	430	410	329	359	309	286	207	245	276	285	305	382	449	502	510	551	465	415	369	291	253	210	196	213	222	272	347	336	270	271	280	253	252	310	287	305	279	259	236	223	233	269	316	281	309	339	314	349	315	335	390	393	440	449	403	404	409	364	290	294	294	279	293	272	263	263	286	305	306	362	430	510	560	575	585	556	554	524	238	315	316	377	342	371	378	359	322	324	371	397	433	423	399	358	322	338	352	300	235	229	250	245	256	310	303	324	326
268	324	323	341	349	468	500	466	429	500	524	413	431	479	468	349	317	315	293	216	236	355	324	276	407	444	443	435	474	480	440	340	317	300	236	196	174	185	222	307	312	313	334	286	253	231	277	294	288	237	230	261	225	216	225	260	275	313	326	339	307	388	426	501	571	617	514	376	396	423	397	402	321	341	287	228	252	259	254	290	313	322	337	414	492	534	574	649	595	576	523	303	356	419	421	406	418	373	363	356	374	363	373	434	520	606	553	434	412	416	455	395	350	331	338	342	325	303	301	293
267	315	332	424	389	369	462	428	426	451	509	401	443	473	417	315	309	304	306	252	251	303	356	401	436	451	396	378	469	491	438	374	364	342	236	225	186	191	219	244	243	263	316	306	269	246	285	281	281	252	234	260	229	236	222	241	289	336	330	354	416	496	617	639	670	604	504	468	516	517	421	416	379	356	311	268	332	330	282	333	321	337	356	427	523	544	579	692	695	626	572	405	361	461	549	622	573	447	418	389	421	406	424	460	502	535	503	536	473	501	481	419	336	317	325	344	307	272	298	349
280	330	379	442	438	541	625	571	559	490	570	395	404	376	358	294	322	304	308	313	288	314	426	436	538	558	457	391	459	421	464	474	392	324	330	294	248	239	220	268	250	258	288	355	308	283	297	304	317	284	264	283	250	273	271	275	329	344	347	385	500	642	638	600	571	539	497	449	522	529	506	399	414	386	344	329	387	404	337	341	333	348	397	433	481	534	550	636	742	669	610	412	439	307	375	449	469	468	441	413	410	440	412	415	470	464	468	513	469	434	401	345	294	287	312	302	296	260	285	341
309	338	382	388	397	426	480	460	439	464	480	413	395	329	354	293	247	245	271	300	266	321	369	458	512	569	514	479	475	541	598	520	424	364	329	348	316	277	248	231	238	280	252	301	309	326	360	340	341	314	280	289	302	318	319	294	314	347	351	413	498	564	560	710	625	574	577	529	625	581	513	433	416	383	381	430	434	391	365	380	356	374	384	488	520	519	537	612	761	752	682	459	430	371	397	357	434	436	410	353	342	351	363	369	418	458	449	407	353	353	352	322	299	316	328	342	318	297	327	318
323	382	384	346	367	369	407	423	459	526	511	486	477	388	385	282	293	300	276	346	299	317	263	323	419	516	652	565	556	579	473	392	383	325	269	283	307	320	262	207	209	219	231	279	322	402	361	370	383	324	325	337	362	395	370	372	372	383	390	471	444	491	521	628	620	583	591	547	529	510	515	445	438	415	397	451	405	365	346	390	374	403	383	501	527	527	533	602	675	724	643	510	440	369	367	361	493	412	388	321	295	301	293	395	356	451	415	406	356	325	352	339	332	355	350	325	296	263	301	298
297	313	355	281	402	348	381	465	467	594	542	484	438	412	422	288	377	352	247	329	318	326	273	356	385	464	562	566	523	515	418	361	342	312	255	265	229	232	254	261	198	201	220	258	300	371	386	358	377	354	357	375	383	433	418	445	450	410	360	396	430	454	421	440	472	584	557	519	534	492	446	463	454	399	378	373	362	343	356	417	407	361	392	468	494	507	514	528	597	601	573	498	407	427	335	301	403	433	376	324	320	323	312	327	324	330	361	382	365	341	306	324	309	307	327	288	299	304	321	340
295	316	304	281	352	348	323	410	411	557	538	479	499	415	438	314	362	335	301	304	324	302	327	435	437	538	527	553	551	533	507	416	324	303	252	215	201	202	216	245	227	254	292	303	353	369	383	375	378	368	398	393	400	417	439	484	451	394	356	356	374	484	410	408	559	627	605	546	530	453	406	354	355	354	366	347	360	324	293	374	394	399	375	446	493	464	508	505	543	518	513	450	430	484	276	322	403	351	284	249	269	287	313	313	319	311	313	354	348	335	293	269	284	243	226	238	240	259	260	274
293	321	349	281	328	347	291	299	389	445	421	420	421	444	392	304	318	372	305	308	330	341	369	478	485	554	577	550	573	544	545	462	342	330	254	186	164	191	208	189	246	315	328	354	379	345	342	421	424	409	417	405	408	398	415	431	387	378	384	416	427	424	457	468	548	567	572	498	528	453	390	336	404	378	340	356	367	374	326	499	503	480	424	491	465	460	445	417	476	491	500	469	415	542	355	385	369	314	311	252	256	253	235	232	250	298	316	302	297	287	266	276	275	218	213	202	204	233	228	247
302	307	347	297	317	317	313	316	375	350	339	378	423	424	392	278	290	301	322	294	344	357	368	413	478	559	632	674	693	537	477	426	342	299	228	166	151	188	180	218	270	345	354	405	401	371	379	449	428	433	429	433	429	435	445	396	416	383	381	403	482	520	448	502	585	412	384	396	399	354	331	360	344	349	329	323	314	407	363	442	514	520	429	409	403	421	418	364	349	424	463	387	332	458	404	369	308	313	317	250	247	263	277	244	248	275	277	269	297	309	289	263	251	243	244	249	260	283	269	255
287	311	312	249	233	253	300	295	308	348	314	332	358	367	391	282	301	338	294	276	278	315	366	370	438	513	597	705	547	546	555	426	327	257	217	196	190	181	244	316	333	343	384	401	360	400	378	435	452	449	400	425	457	472	464	494	461	433	401	412	453	419	469	581	452	358	308	334	377	355	346	369	410	394	349	286	310	374	279	457	447	443	361	381	374	411	409	352	343	395	410	291	277	359	427	290	282	297	265	236	244	236	266	244	222	235	229	244	271	265	270	285	256	232	256	240	242	226	238	221
332	413	412	247	233	265	357	305	283	343	343	304	290	309	350	303	297	329	306	277	310	360	334	374	404	500	568	729	641	645	503	428	349	308	302	273	214	204	258	300	319	311	378	409	378	360	336	412	450	446	404	414	437	430	433	471	526	455	421	485	396	480	401	510	482	484	336	311	337	317	274	320	382	376	328	258	313	400	310	333	461	302	261	335	304	383	391	327	308	344	314	261	233	269	350	236	219	248	226	223	212	238	240	233	203	192	175	201	201	199	210	247	233	219	231	208	206	187	199	194
343	332	312	262	248	244	258	249	288	323	369	309	295	285	286	330	360	375	364	336	357	308	317	328	351	354	438	473	480	488	382	394	366	299	326	366	359	359	404	341	313	337	369	388	385	334	316	353	383	416	355	331	359	365	349	354	415	535	536	461	442	377	346	430	467	512	422	425	393	365	308	288	288	297	267	196	273	350	351	236	325	304	275	245	259	292	314	329	291	300	344	349	313	352	313	336	243	231	245	263	218	234	223	191	180	192	210	204	217	206	224	226	223	217	189	173	174	182	171	181
337	331	352	295	275	295	316	275	335	396	352	353	309	296	337	378	345	361	365	335	305	293	285	271	301	329	357	414	370	282	299	364	321	343	374	405	411	538	458	326	355	347	371	372	330	298	289	322	369	400	397	362	342	323	303	292	312	372	414	432	408	494	508	443	517	509	520	379	346	390	383	273	209	216	196	213	183	224	248	267	319	273	220	221	219	233	296	300	290	284	352	367	391	371	305	301	354	211	212	242	222	204	234	199	219	216	198	138	144	160	182	180	214	201	198	184	177	164	150	155
396	369	359	312	342	355	338	286	322	362	365	351	348	354	433	423	332	319	325	297	278	315	310	294	293	308	314	348	333	318	328	390	320	295	329	318	380	378	308	335	352	316	320	342	342	306	287	324	351	360	374	353	330	329	292	286	255	232	300	423	392	475	479	496	556	532	507	441	397	376	296	260	251	205	154	167	160	183	235	255	250	241	208	185	246	238	239	244	258	287	418	410	386	327	352	298	315	299	231	253	187	196	229	236	217	198	169	151	135	139	128	141	190	201	203	191	186	140	140	164
397	381	361	304	323	337	356	314	330	388	398	385	397	423	399	382	315	336	348	297	299	275	322	327	321	347	326	354	362	410	415	326	343	329	313	331	345	277	267	327	340	308	284	309	309	337	321	342	376	377	362	338	348	285	261	196	192	217	263	306	350	362	367	513	409	478	500	470	413	346	379	242	203	185	124	132	138	176	218	202	192	195	183	188	213	215	186	226	244	248	284	324	277	273	302	248	327	349	317	231	159	193	245	266	238	238	217	160	159	142	113	111	135	131	145	149	146	137	125	119
377	409	350	302	289	299	303	301	339	385	422	384	342	368	446	441	385	391	407	368	353	315	304	307	347	336	309	389	357	394	382	375	364	361	342	331	275	248	263	290	299	295	298	289	301	375	326	377	382	347	343	362	318	174	177	172	188	231	234	299	323	373	316	364	324	384	433	400	350	319	364	276	213	188	142	122	153	218	230	214	186	190	164	175	206	214	178	219	213	171	200	276	247	232	262	230	250	267	261	234	188	188	197	199	218	239	219	199	197	175	162	83.6	96.9	83.7	80.6	106	93.6	83.1	81.3	82.5
434	479	428	421	378	304	284	291	282	343	333	357	301	377	496	434	361	330	375	355	360	329	303	319	340	281	294	327	363	441	483	425	408	405	379	298	239	255	279	284	345	350	344	315	315	390	335	371	318	342	302	248	289	273	192	208	220	264	194	278	249	252	287	312	311	297	329	350	380	438	395	337	259	216	155	137	166	204	200	204	213	236	193	195	214	231	199	232	234	201	191	241	267	231	237	307	252	229	216	210	183	171	195	196	221	202	206	192	198	169	163	89.9	57.3	49.7	62.9	62.6	40.7	31.7	40	61.1
488	459	466	406	388	337	293	296	284	388	341	372	346	395	412	413	341	310	307	318	314	319	330	301	315	296	310	322	401	422	481	525	459	449	502	489	430	356	300	290	362	348	365	327	396	395	339	304	324	327	320	220	328	346	256	286	267	220	209	261	279	284	315	404	487	402	378	371	417	428	402	291	191	171	163	163	165	173	205	195	236	229	184	194	212	246	275	282	229	209	212	236	226	242	322	314	242	235	214	207	227	191	185	175	201	221	229	200	216	212	177	65.7	56.1	48.5	44.2	35.8	36.3	35.8	35.1	40.9
399	411	377	290	307	340	339	327	302	342	361	420	441	463	492	418	370	411	380	326	315	312	307	282	346	342	348	400	431	398	399	488	441	426	469	473	417	383	262	251	287	285	309	313	370	387	379	350	339	294	304	283	299	387	442	389	308	244	238	383	461	438	479	472	534	478	354	315	347	371	296	199	144	125	122	140	179	166	170	192	201	220	221	240	208	197	222	231	216	201	201	228	252	287	306	281	269	234	252	237	206	194	198	218	240	256	222	250	227	219	229	185	71.9	87.6	57.7	26.8	28.4	50	50.8	46.9
419	393	377	324	322	352	361	344	360	408	460	565	517	473	553	468	445	491	495	409	339	313	333	304	331	332	350	377	393	392	390	419	466	433	420	437	458	376	312	335	308	346	342	336	395	335	344	378	338	335	363	371	403	462	545	388	317	300	360	411	442	411	387	382	364	344	305	250	258	219	227	235	235	190	190	212	197	180	252	237	288	267	240	225	178	165	167	187	193	208	193	171	209	320	450	352	271	220	238	250	271	235	281	243	249	235	243	237	321	226	298	258	330	250	217	172	164	161	165	22.3
387	419	509	488	380	354	360	368	420	442	494	507	467	431	498	425	484	538	556	415	380	371	368	323	296	330	347	359	405	420	434	509	440	415	462	502	459	390	409	407	383	403	407	391	370	415	382	459	441	449	388	410	289	424	447	366	297	296	393	433	398	419	400	364	281	295	240	227	234	219	175	208	197	197	188	249	190	182	207	256	288	297	239	225	187	207	202	231	228	247	243	210	245	270	306	324	291	237	265	298	286	289	374	270	224	217	238	281	290	228	248	297	269	257	241	177	158	152	165	24.8
331	410	518	533	461	387	372	435	443	476	478	535	555	575	553	475	466	490	535	461	383	373	353	287	297	315	327	341	414	387	427	458	411	434	487	499	435	385	468	480	395	408	444	376	375	468	459	412	384	445	432	366	268	290	343	312	374	246	259	354	358	383	396	425	406	353	285	262	217	187	146	160	158	154	155	180	145	153	189	283	346	345	290	254	236	233	237	254	259	229	226	225	258	270	372	373	395	341	334	347	349	297	291	268	266	249	264	325	349	311	262	291	263	249	236	257	179	141	133	21.2
334	376	409	511	493	479	369	445	482	514	552	566	637	691	633	558	567	549	557	486	394	351	333	323	329	376	315	332	381	340	348	401	469	504	497	533	488	498	405	452	483	478	476	400	384	480	467	412	334	387	334	341	319	350	348	353	364	315	258	302	388	311	362	371	386	389	350	265	220	175	152	151	157	182	150	138	153	189	195	258	275	297	318	263	256	217	215	230	244	189	221	315	373	401	382	327	349	307	259	354	315	282	295	274	247	237	311	291	260	286	251	310	309	260	250	244	234	164	156	66.3
381	395	450	487	561	497	442	414	425	462	502	558	551	640	625	613	569	469	476	465	363	355	339	301	296	436	435	411	341	340	360	433	494	470	431	414	435	466	399	404	377	423	463	467	418	477	430	410	353	293	292	300	379	409	332	285	325	337	268	231	251	296	294	310	318	329	285	251	225	193	171	189	190	173	154	155	230	245	327	291	292	311	343	230	224	189	224	220	225	217	249	332	309	287	322	309	348	374	304	292	297	280	246	236	208	220	245	258	236	296	397	387	335	243	220	245	239	184	139	129
387	410	449	536	599	535	477	463	405	429	488	514	502	515	570	506	474	420	393	440	392	396	336	287	288	343	349	315	313	304	369	372	421	459	409	469	407	466	468	394	297	300	380	394	354	347	384	342	278	250	254	261	367	402	393	267	270	259	228	223	217	313	264	282	260	248	244	229	216	194	202	245	196	175	147	133	210	326	322	256	262	247	270	211	214	205	190	193	212	222	263	270	299	274	294	288	292	320	320	272	273	287	284	256	216	221	283	308	312	304	373	392	359	324	261	245	260	199	173	110
406	414	446	550	527	472	461	490	441	399	478	537	490	464	445	418	369	356	354	347	313	349	334	302	254	336	365	353	319	306	316	305	341	394	428	514	468	442	376	348	312	282	307	316	315	256	280	298	253	258	248	231	293	404	388	271	259	263	243	225	280	239	240	225	221	225	232	265	230	195	231	208	212	226	152	172	266	306	260	258	258	233	220	175	229	235	219	217	198	218	267	240	261	240	250	271	265	254	273	284	266	273	249	235	222	221	269	307	277	245	249	301	339	350	362	294	295	291	217	145
394	409	443	499	541	467	423	497	486	477	489	454	399	372	349	335	333	339	313	319	249	257	289	298	253	280	409	406	345	331	310	343	348	365	435	464	469	463	392	356	314	313	328	315	340	281	291	341	291	314	279	287	311	300	371	376	336	277	233	203	219	251	218	211	202	195	256	233	236	231	217	199	234	218	181	217	295	294	304	278	246	223	235	224	252	255	275	238	243	228	251	222	217	236	217	216	267	235	262	265	239	230	208	211	196	219	225	242	212	202	211	277	294	320	312	250	303	334	271	212
446	512	562	551	544	513	457	490	496	487	478	407	359	355	318	324	324	301	274	237	265	267	298	302	304	350	358	324	340	331	340	390	353	387	380	382	379	348	288	289	302	271	259	268	275	261	253	323	331	326	325	359	314	258	363	334	319	216	200	199	235	202	207	172	224	206	210	196	215	202	148	214	210	185	194	225	234	231	234	218	192	204	277	267	253	214	222	185	226	219	245	187	194	219	205	186	215	224	239	207	195	224	217	150	103	117	135	169	168	135	176	248	287	288	275	247	277	269	228	202
460	520	563	559	545	542	503	499	499	487	498	445	393	372	324	296	297	273	263	235	260	268	301	368	362	368	365	377	392	358	412	375	350	348	308	309	353	337	328	310	312	274	253	263	297	257	232	258	242	241	276	252	245	252	229	235	287	220	195	194	191	171	159	168	194	223	179	178	172	174	171	199	185	192	171	207	206	191	212	192	225	276	308	287	238	264	254	167	156	208	184	170	173	177	152	127	156	161	227	187	190	195	204	135	115	134	98	141	163	127	163	223	253	297	287	240	257	257	230	215
490	552	562	541	549	547	572	522	491	471	466	390	375	360	315	303	275	267	267	281	255	263	285	315	329	301	348	371	429	387	317	322	315	301	331	387	381	426	352	317	290	272	279	279	260	263	292	271	251	237	203	184	203	218	234	210	248	233	225	251	200	181	204	179	194	215	171	143	144	133	145	205	179	165	193	234	179	186	209	235	284	374	347	302	269	266	234	217	188	176	197	190	191	169	139	127	139	129	204	153	154	161	224	157	134	100	82.2	133	122	131	122	211	243	297	264	239	225	267	254	193
485	552	557	544	558	612	565	508	479	390	366	324	307	298	252	251	264	258	269	303	293	275	274	261	280	253	313	328	370	386	324	294	292	284	328	397	380	373	374	292	283	265	285	302	267	260	284	284	252	239	216	233	192	201	189	200	197	206	205	210	203	208	240	214	199	198	148	151	165	132	152	189	170	162	183	162	167	170	170	226	206	235	217	178	179	229	198	172	165	166	151	167	173	157	130	169	173	151	168	143	203	174	200	137	130	87.7	80.5	128	115	156	206	239	207	205	193	202	218	236	237	179
474	499	564	546	522	542	510	416	343	338	287	283	242	231	206	233	256	281	321	333	302	265	254	247	246	246	242	264	261	270	282	261	287	290	302	457	392	381	380	326	308	280	287	321	299	289	262	266	253	233	224	244	224	200	188	205	210	207	232	223	203	192	216	180	163	157	107	103	113	107	92.3	148	148	113	120	130	106	109	113	133	138	148	98.9	104	113	136	145	127	132	148	126	173	139	155	145	192	161	169	165	220	217	172	164	149	155	125	82.7	83.2	94.7	141	218	178	153	172	146	218	234	265	206	146
421	461	536	539	523	472	402	334	304	319	320	251	247	209	196	216	240	260	297	287	250	215	215	220	239	206	215	238	237	219	232	225	229	286	341	418	411	412	408	372	329	289	302	273	245	252	265	260	248	253	256	239	233	195	217	220	218	212	242	213	199	186	207	173	146	127	114	107	124	86	93.6	148	126	109	113	116	114	111	104	109	124	118	103	118	98.7	104	102	120	121	132	155	166	144	151	179	215	167	149	141	217	206	169	152	132	135	154	79.6	77.9	81.1	98.5	121	122	160	189	150	200	268	212	241	158
347	397	455	435	392	420	350	327	281	296	278	254	271	249	199	210	215	212	242	259	256	227	197	163	178	202	215	199	251	250	227	247	267	334	315	389	399	408	350	319	304	300	300	264	241	243	241	240	245	232	238	247	199	174	217	233	245	242	217	190	186	192	185	130	132	180	94.4	73.8	79.4	109	94.1	131	138	104	111	140	135	115	132	176	131	131	145	114	104	101	106	113	90.8	110	122	155	186	121	126	148	125	118	119	134	164	145	159	115	89.7	79	51.7	65.3	75.5	83.6	141	112	116	128	134	159	187	174	172	162
341	342	381	382	365	388	317	295	250	284	329	309	280	232	184	192	210	210	221	275	220	225	215	157	168	156	174	213	212	220	214	264	281	235	260	347	395	400	352	306	266	267	253	261	267	250	232	233	250	226	213	220	199	208	219	234	230	226	237	251	236	258	237	216	163	158	110	86.5	88.9	159	157	204	130	110	87.5	123	132	143	146	141	121	128	156	137	112	99.4	101	96.8	84.9	99.4	116	147	143	110	100	110	107	85.5	98.4	117	136	102	97.4	129	124	108	60.3	76.6	77.7	75.8	97.4	96.9	96.8	76.1	90.1	119	178	141	150	112
228	264	303	274	287	298	222	263	275	303	285	282	268	231	221	218	201	211	203	181	177	172	184	128	137	157	166	192	218	180	146	210	185	227	256	306	337	392	347	321	287	237	238	266	248	236	213	200	223	200	206	194	188	187	209	269	258	213	233	291	295	228	202	185	160	119	108	102	97.6	123	124	132	120	98.8	82.2	86.2	104	106	112	83	90	65.5	56.6	71.9	66.4	43	37.4	61.7	87.3	98.5	105	134	150	123	93.4	90.3	96.5	99.7	98.8	134	127	111	93.6	70	82.1	82.9	67.1	69	62.9	64.3	69.8	72	70.6	69.5	70.8	105	90.1	81.5	86.3	102
208	248	367	330	243	238	220	266	280	242	246	237	222	221	223	262	215	185	183	178	166	151	171	141	150	178	168	181	190	146	150	175	178	229	261	266	273	338	308	288	267	284	293	302	275	243	202	196	220	202	199	201	177	216	247	234	327	274	227	256	243	210	211	154	132	109	115	131	112	109	99.2	110	113	92.5	92.9	111	101	97.5	87.6	53.8	53.9	50.3	42	47.4	60.5	52.4	36.4	57.5	51.2	42.1	50.7	108	149	101	93.2	68.4	69.4	89.1	83.3	143	134	94.6	86.7	67.8	117	199	72.1	52.6	63.2	51.4	71.5	72.7	82.1	89.2	96.3	116	95.7	86.5	79.8	102
285	324	419	369	297	283	250	287	253	242	268	286	281	256	222	265	234	215	180	177	170	142	138	120	124	156	177	183	216	149	143	221	185	238	253	304	269	307	307	289	280	318	327	352	333	304	232	245	250	216	195	173	166	193	161	156	233	241	283	272	218	213	163	119	123	141	107	106	93.2	120	130	113	111	74.6	89.5	97.8	91.7	77.3	64.4	31.9	31.2	39.9	61.5	63.2	60.4	70.6	72.4	87.4	88.5	87.4	79.7	116	124	88.8	90	82.7	103	80.2	118	143	144	102	97.6	87.7	157	261	150	78.2	97.1	98.9	57.5	46.1	51.9	87.6	86.9	92.6	89.5	84.3	89.8	92.8
280	366	421	328	267	279	297	255	225	224	259	263	247	211	207	233	240	229	204	194	162	152	161	149	150	143	152	145	184	134	142	152	146	183	269	283	270	309	306	309	335	342	365	357	356	306	236	269	208	175	204	200	187	160	163	183	213	249	313	318	285	300	242	133	106	105	115	117	97.2	88.7	87.7	99	95.4	93.9	73.9	106	92.4	84.1	72.4	32.1	29.9	47.8	57.9	84.4	77.6	72.1	64.6	111	76.9	97.4	158	171	137	107	113	90.9	91.9	97.3	113	151	130	111	110	98.1	161	159	129	114	137	99.5	77	42.9	46.4	90.2	82.1	90.5	78.9	76.2	81.9	84.4
256	274	336	341	295	287	314	277	260	271	215	283	259	272	232	213	199	215	194	165	148	146	142	148	132	145	162	177	195	122	116	147	194	183	198	309	343	284	362	322	384	374	477	296	330	309	249	225	241	179	158	144	155	178	197	184	200	273	233	256	272	254	205	152	139	127	160	107	87.7	59.3	57.3	57.5	59.2	110	78.9	74.9	81.4	61.4	58.7	51.1	56.9	78.2	91.5	83.5	89.8	84.3	57.8	84.5	46.4	55.2	80.4	107	104	105	97.3	80	72.9	114	146	137	100	121	121	140	177	133	107	121	104	110	86.8	62.3	71.2	82.3	88.3	83.3	84.9	86.8	71.4	91
306	273	312	369	338	290	305	283	210	238	169	221	270	225	165	159	162	160	162	139	139	123	145	132	121	150	168	133	141	134	138	143	145	178	191	274	231	226	279	327	328	322	408	272	284	300	273	263	265	181	154	168	182	202	229	276	295	249	189	222	292	302	198	178	173	106	102	73.9	70	58.3	63.2	87.8	99.3	103	82.7	68.5	70.1	55.2	62.1	64.7	79	94.5	79.1	70.4	58.5	86.6	76.6	65.3	70.1	45.9	56.4	84.1	113	148	138	102	92	109	122	130	126	138	132	126	161	158	146	139	115	96.8	94.2	94.4	85.2	71.6	107	97.6	74.9	50.8	54.9	108
247	266	238	262	308	284	225	254	233	228	207	220	265	224	170	154	153	164	177	153	142	146	141	158	126	132	141	179	178	185	134	152	146	156	193	213	149	178	209	270	309	303	295	217	264	259	288	349	347	223	173	146	162	188	214	228	257	214	248	277	208	203	178	152	153	117	100	76	89.6	86.8	80.4	82.9	84.8	73.3	85.3	96.8	109	82.3	63.7	69.4	94.2	77.2	70.3	53.9	76.7	84.9	71.2	78.8	79.8	94.2	86.8	92.1	89.1	127	139	121	115	103	139	128	156	150	160	192	179	177	161	149	144	127	105	113	86.9	64.6	55	41	42.9	68.3	42.3	60.3
213	250	214	197	197	211	212	231	263	335	252	244	246	224	193	199	208	210	192	183	140	124	134	133	119	122	137	191	195	237	171	176	182	200	178	220	206	246	297	294	269	282	303	225	224	254	276	298	285	244	182	195	155	196	220	254	253	231	260	247	209	227	208	163	113	108	130	79.8	92.9	112	97.2	91.1	105	122	107	92.8	77.7	72.8	69.1	62.1	53	44.1	43.7	77	89.1	82.3	78.2	128	136	133	136	93.1	88.8	103	116	150	121	165	183	161	156	170	187	223	191	219	181	193	248	174	137	126	105	123	99.2	105	65.4	100	48.4	53.8
219	221	211	222	225	251	245	222	265	331	235	211	217	185	160	154	154	161	180	206	136	121	129	116	113	119	156	179	181	207	220	235	281	303	263	193	183	221	200	188	207	250	224	204	210	239	217	212	242	245	186	243	194	219	152	205	182	193	168	204	188	191	178	183	170	138	143	111	116	120	128	108	156	177	102	78.8	67.6	85.9	84	118	57.4	64.9	69.3	130	119	102	102	135	192	178	181	130	121	119	132	132	136	164	158	145	147	162	165	163	175	185	186	185	229	149	144	110	117	128	84.9	79.4	78.4	72.7	47.6	49.3
202	213	214	209	228	249	250	220	234	269	228	184	181	158	141	149	147	153	176	152	125	135	131	149	147	159	194	190	161	165	189	237	342	329	317	241	222	263	234	215	206	237	223	219	234	208	197	201	243	237	232	198	173	151	158	201	186	188	135	159	129	119	126	141	157	201	207	156	149	132	132	120	120	112	94.4	72.9	97.2	102	53.2	59.3	63.1	72.6	109	117	129	98.2	112	113	149	154	179	157	152	147	173	155	172	135	127	122	147	160	158	205	166	207	178	154	136	181	140	108	134	85.2	80	103	81.2	92.4	60.1	53.3
214	206	209	214	226	245	241	222	214	231	207	168	153	154	144	148	155	153	163	163	121	135	139	155	162	181	169	150	153	135	141	222	315	315	254	270	279	275	266	265	245	293	280	262	255	243	240	230	251	269	230	218	187	144	166	217	199	194	150	102	119	129	112	126	159	198	230	157	121	96.2	130	142	146	120	84.7	90.4	97.2	113	80.6	70.2	56.1	51.9	51.8	63.7	86.1	99.4	81.2	63.4	148	142	157	168	158	204	221	92.3	106	94.1	119	121	133	136	122	154	175	141	138	115	120	118	134	124	114	113	105	118	66.3	80.3	61.2	58.8
216	207	185	166	186	237	234	217	223	216	204	161	153	161	169	165	164	157	171	133	140	138	138	149	191	179	181	151	152	159	160	200	221	273	314	374	332	287	283	242	260	317	273	242	254	297	314	324	251	248	254	287	199	157	154	199	193	196	156	82.9	81.9	142	163	197	234	266	194	149	119	107	139	149	118	101	102	91.4	100	92.3	77.8	69.7	75.1	111	88.9	99.9	88.3	119	117	95	115	101	64.4	97.6	130	214	170	88.3	83.1	83.1	81.6	94.4	114	100	97.5	100	113	112	134	118	115	128	130	113	97.5	105	102	107	75.4	57.9	71.7	67.7
192	184	174	176	177	220	246	200	195	193	193	148	142	166	154	142	119	136	134	137	116	141	136	137	148	197	220	203	218	206	159	212	199	228	237	214	218	214	242	260	241	231	212	213	231	259	268	326	261	225	194	247	232	177	150	158	131	126	123	80.2	82.6	155	139	158	235	238	167	102	95.5	84.9	119	161	115	96.6	108	182	162	174	130	128	143	178	202	214	261	153	153	155	142	95.2	155	91.6	107	109	140	122	97.8	81.8	83.9	70.4	85.8	97.7	84.3	88.4	91.4	95.2	113	105	97.4	109	116	104	63	67	83.1	66.3	57.7	57.1	77.7	66.5
211	165	162	180	175	200	226	179	179	179	165	127	106	114	133	137	105	97.3	125	143	122	110	114	117	123	161	150	146	223	222	197	199	232	239	222	206	203	186	206	201	189	178	183	191	209	222	213	238	254	240	208	216	173	177	180	160	112	116	139	168	139	178	163	137	146	181	166	180	143	79.9	85.2	132	102	81	75.7	99	129	122	132	134	146	141	204	250	204	176	121	153	130	112	191	93	101	81.9	115	105	81.4	75.9	61.3	66	85.7	92.5	80.9	81.1	89.2	99.3	114	122	93.8	88.7	107	67.8	38.8	53.1	67	53	48.6	62.3	60.8	60.2
232	208	181	169	133	153	169	151	137	149	137	103	127	115	116	112	93.7	87.9	95.4	120	129	107	103	121	123	150	151	121	149	204	200	195	195	192	224	244	230	212	190	167	159	160	146	161	198	194	203	210	248	249	169	143	132	142	107	133	73.6	53.8	66.6	97.1	73.3	67.9	90.7	109	81.7	105	136	139	161	101	88.7	93.3	119	120	117	127	119	97.6	89.3	167	168	177	202	217	154	152	114	135	129	135	220	119	121	99.3	99.3	80.4	89	82.9	68.7	66	76.4	83.2	81	74.4	74.7	90.3	104	131	105	88.8	78.1	69.7	59.6	49.6	55.4	35.4	45.7	41.7	48.3	53.6
257	242	211	172	162	161	169	146	130	139	126	87.7	97.2	103	101	87.6	87.1	83.7	85.2	96.6	103	105	102	121	122	136	131	146	139	160	181	170	156	135	168	186	198	198	195	171	165	175	162	144	174	152	155	180	184	146	113	106	141	119	102	82.4	54.3	37.8	39.6	37.9	48.9	53.3	67.7	74.6	83.9	98.4	107	107	87.7	90.3	85.7	118	119	97.3	114	176	159	159	126	135	161	204	230	189	146	154	132	155	177	213	173	92.9	80.2	78.7	81.9	91.8	98.5	98	84.3	63.7	57.2	58.7	84.5	73.9	72.6	81.5	73	86	94.6	97.8	88.5	91.2	85.6	53.5	47.5	34.1	46.5	60.9	65.1	65.8
264	209	184	212	185	192	181	148	129	132	128	92.6	97.6	103	101	84.9	78.3	81.4	94	119	117	105	101	102	122	127	112	108	104	119	139	127	100	100	119	151	167	168	175	152	146	140	147	140	145	138	132	100	121	92.2	86.8	99.7	121	110	88.5	85.5	65.3	42.2	49	87.1	46.2	30.7	58	88	93.5	108	143	167	75	75.3	88.9	93	120	107	106	133	143	114	118	125	136	176	228	198	168	156	155	128	142	128	149	91.7	79.2	75.3	85	110	89.2	83.7	69.1	56.8	58.8	72.2	69.4	71.2	75.4	75.3	75.2	63.3	99.6	114	80.7	84.5	76.9	57.8	44.2	34.7	41.8	47.3	51.5	79.6
233	203	192	196	166	184	172	122	133	116	108	77.9	92.5	107	112	106	108	89.2	94.8	111	103	102	115	89.6	93.8	104	112	92.4	100	99.2	109	94.9	101	112	127	117	138	140	149	131	163	166	147	137	132	135	142	94.6	86	85.8	60.3	88.9	78.4	79.7	98.3	98.7	81.2	74.2	77.3	75.4	39.1	35.1	45.9	65.8	74.1	69.3	71.8	116	90	74.3	71.3	86.5	99.6	107	97.8	101	94.7	69.3	75.2	108	135	111	90.9	140	166	163	199	165	145	157	164	77.5	60.8	63.5	71.9	75.1	104	93.7	68.8	69.1	89.2	76.6	74.7	73.1	71.5	79.4	75	94.8	104	85.7	69.5	70.7	70.2	73.7	75	42.7	46.8	68.6	78.4	87.7
196	186	205	221	211	189	160	126	120	103	91.9	77.5	81.5	98.3	85.3	82.7	78	76.6	91.9	97.5	95.7	83.1	96.4	87.7	103	102	104	83.5	89.2	84.8	88	109	86.8	78.6	83.9	121	140	132	139	127	151	165	166	151	135	144	145	94.1	89.8	77.4	88	104	68.5	58.5	83.7	71.2	47.9	55.3	90.9	82.4	63.9	34.6	47.3	48.4	60.3	63.5	55.6	62.8	84.1	92.6	80.7	66.4	70.6	66.9	72.4	90.7	102	111	73.5	74.8	108	124	91.9	105	117	130	124	122	109	105	107	50.1	44	44.4	75.1	82.9	77	75.2	74.6	75.6	120	101	93.2	69.7	70.6	93.9	82.3	122	95.2	93.1	97.4	89.8	74.7	74.3	62.6	62	50.8	46.8	46.5	45.3
140	156	183	227	231	217	141	105	115	111	99	63.8	73.5	89.7	97	71.5	56.1	66.2	79.6	88.6	82.3	81.8	88.5	76.4	90.3	117	97	75.1	77	72	81	105	77.2	76	65.9	103	110	125	133	141	138	169	202	165	147	150	162	115	99.2	65.7	63.1	60.1	64.3	93.1	70.1	74.2	45.6	50.7	74.9	62.6	67.4	74.6	81.4	44.8	41.3	53.2	82	71.2	75.5	69.6	63.7	79.6	86.9	60.4	80.6	118	88.3	71.5	77	72.4	94.8	110	119	106	81.8	94.5	94.6	89.6	66.7	67.5	56.9	29	31.8	41.1	52.2	67.7	91.2	85.8	94.3	66.9	85.5	101	104	91.4	57.3	60.3	75	94.5	117	119	94	74.1	61	71.4	52.4	28.5	23	31.1	18.5	29.9
164	136	191	216	197	199	192	146	131	127	128	84.4	85.1	76.6	57.6	61.2	76.9	66.1	59.6	77.1	75.3	77	82.1	89.4	84.1	87.5	85.2	69.3	64.7	76.7	75.3	67	63.6	79.1	71.9	98.4	105	75.7	103	121	125	161	204	218	166	183	164	129	120	68.7	78.8	62.4	94.6	134	91.9	76.2	74.6	57.9	73.8	64.7	106	87.2	80.6	47.8	50.3	52.2	93.3	63.3	72.2	68.1	63.5	78.1	84.7	89.8	92	110	78	78.6	82.3	67.4	71.1	79.3	85.1	76.9	75.3	65.3	60.1	46.1	35.2	36.2	33.1	21.9	27	32	47.7	47	70.9	91.2	94.3	57.9	57.8	70.8	75.2	58.7	48.7	42.2	55.4	95.5	114	101	82	66.8	59.4	61.2	36.4	22.8	29.6	31.3	28.2	29.8
193	127	151	175	179	158	189	160	156	140	130	104	74.6	61.7	51	62.4	63.1	72.4	81	74.3	77.3	70.4	70.2	79	76.4	73.1	71.7	65	56.1	59.7	66	64	70	67.8	92.1	93.7	85.5	82.9	87.4	105	126	159	172	162	191	160	155	133	110	96.2	72.6	68.8	88.4	108	112	117	109	98.8	77.2	64.9	77.3	62.4	72.9	69.3	55.1	33.5	47.6	66.3	79.5	79	90.3	130	90.5	91.9	94.6	108	98.2	98.4	91.9	85.6	65.8	78.5	81.3	58.5	57	68.7	74.9	58	26.6	33.2	31.3	28.6	26.7	45.4	72.5	62.8	83.7	85.3	53.9	56.6	51.5	60.4	54.9	53.5	78.8	79.5	82	88.9	116	115	78.8	48.4	42.6	39.6	37.6	32	34.2	43.2	34.4	37.7
220	174	139	190	196	151	122	141	125	91.3	91.9	83.2	65.5	41.6	38	40.8	56.1	71.1	67.1	73.4	83.6	76.2	71.2	85.2	77.1	76	69	56.4	42.8	46.3	48.9	49.7	45.6	94.5	64.2	80.6	93.6	101	94	81.5	98.1	138	151	132	150	154	144	192	173	128	127	92.3	85.1	88.8	153	155	108	106	93.6	77.3	61.1	53.6	52.4	64.7	45.1	30.5	38.4	51.1	93.1	68.9	92.6	106	88.1	96	81.6	91.7	77.1	91	90.8	91.9	81.8	72	79.1	53.5	52.3	57.5	60.9	48.1	32.6	34.7	22.4	18.4	22.6	28.9	40.2	35.5	55.7	70.9	71.3	64.6	50.5	52.3	61.4	76.1	78.9	51.6	52.5	71.2	95.6	94.4	78.6	72.9	47.9	44.5	30	24.8	29.5	27.7	29.1	44.6
143	158	178	228	224	192	185	111	79.7	66.4	69.1	66.2	64.6	55.3	35.9	47.2	54.2	53.1	39.1	62.9	65.9	73.5	82.5	96.7	92.1	78.5	73	63.7	42.2	50.2	57.5	55	45.3	65	48.1	66.5	81.3	83.2	113	103	87.3	79	100	92.3	133	134	121	165	166	151	114	88	77.1	80.3	109	88.6	73.1	84.1	61.6	54	43.8	47.3	45.7	57.8	41.5	40.6	45.6	62.4	73	69.6	121	78.3	67.9	74.1	63.4	65.3	52.8	53.9	53	55.2	91.4	91.6	87.8	52.8	46.4	54	30.5	35.9	23.7	23.9	27.8	25.9	14.9	22.6	34	38.8	28.1	36.7	50.6	60	46.2	42.1	47.8	58.8	55.1	30.6	48.9	63.5	79	72.6	91.2	86.5	57.3	38.4	32	26	39.1	35.7	27.7	28.6
89.9	108	162	202	200	172	160	123	95.6	92	78.1	72.9	72.1	68.5	45.2	42.4	49.7	48.8	49.1	50.4	56.4	62.3	62.4	89.8	95.8	96.8	77.6	49	40.3	50.9	61.2	47.3	51.3	47.8	42.5	42.5	72.9	61.4	93.2	109	106	90.4	92.2	127	181	200	149	177	157	157	143	154	127	120	116	74.2	65.9	82.5	96.8	93.6	73.7	61.7	40.3	55.1	50.2	79.6	66.5	62.9	62.1	60	50.7	38.8	40.9	44.2	46.6	59.7	47.4	47	47.2	56	60.1	65.8	81.9	51.4	39.1	47	38.6	19.1	16.6	17.9	11.4	12.1	9.45	14.7	12.9	22.5	29.4	37.1	40.6	45.8	50.9	38.7	35	44.1	46.6	46.7	49.7	48.6	72.8	77	66.1	79.5	49.4	29.1	22.4	25.9	42.3	36	29	41.1
121	145	154	167	165	140	144	144	146	104	81.5	32.5	54.3	97.8	54.8	43.2	44.8	51	68.9	66.8	62.3	59.1	59.6	72.4	68	69.2	63.1	39.6	38.7	29.3	37.3	47.9	39.5	34.4	40.3	83.6	72.8	56.4	46.9	58.6	77.8	70.5	68	67.6	133	145	114	126	125	134	125	137	134	121	105	74.4	74.6	109	101	114	126	40.8	42.7	49.5	48.5	72.8	68	63.9	66.5	60.3	37.1	30.1	36.8	38.7	42.3	37.8	38.2	44.9	45.6	52.3	57.3	63.4	77.6	71.6	45.8	45.2	40.8	32.5	31	24.2	8.62	7.4	2.98	8.76	15.6	19.9	32.3	52.6	64.9	42.5	43.7	68.6	88.8	51.3	51.5	51.8	49.4	48.1	51.6	53.3	63.1	47.7	36.5	22.6	29.4	40.4	45.3	32.5	22.4	31.1
128	201	157	154	162	148	186	187	170	160	117	47.8	84	84.5	48.9	36.4	56.7	51.3	43.5	46.5	45.6	53.5	66	64.3	64.6	54	49.8	33.3	28.2	26.3	27.7	29.3	29.2	28.3	34.9	51.8	61.8	44.7	47.7	50	62.4	52.2	51.5	57.8	100	109	103	93.6	118	118	115	134	127	124	108	95.6	111	119	106	94.6	78.6	52.5	29.5	37.3	38.9	41.8	69.4	82	73.8	38.4	33.5	32.1	36.4	37.4	36.3	34.5	38.4	33.6	35.8	55.2	58	63.7	76.8	65	60.2	52.4	66.3	40	37.5	23.7	7.49	6.8	19.3	20.8	21.2	15.2	19.4	31.6	29.9	30.6	33.7	61.1	102	55.2	45.9	56.7	44	41	44.8	42.8	43.1	35.1	26.2	22.7	19.8	22.7	23.5	14.7	21	37.7
113	133	99.1	176	213	213	198	169	164	191	143	70.4	85.8	69.7	68.8	43.9	61.2	37.7	32.8	43.5	61.6	52.3	64.9	85.5	95.7	66.8	57.6	34.9	27.7	25.4	26	21.2	39.5	34	51	76.7	74.4	96	84.3	65.2	55.7	89.4	119	129	107	87.7	150	107	111	108	114	140	148	134	135	96	95.7	77.7	72.9	78.7	64.3	43	37.2	22.9	21.3	23	31.9	40.5	38.3	30.2	28.1	37.5	39.1	36.7	32.7	33.6	29.7	32.2	35.8	36	35.3	43.9	44.9	38.7	46.4	66.4	83.5	71.4	45.4	19.3	10.8	21.7	44.5	25	15.1	14.1	14.9	17.5	22	22	21.8	21.8	28.7	32.8	34.5	46.3	55.2	55	44.8	37.8	40.3	35.3	22.8	20.6	16.3	15.4	21.6	13	15.3	21.9
79.4	73.6	75.3	44.6	76.2	63.4	77.5	76.1	117	115	82.8	68.7	65	57.1	57.9	48.7	36.9	32.4	30.5	33.2	35.9	41.4	43.3	72.1	71.5	104	93.2	62	35	30.9	34.7	47.9	51.6	55.3	61.3	65.5	65.1	71	75.6	70.9	98.6	83.1	115	261	179	162	142	113	180	176	197	164	178	183	161	96.6	123	97.3	106	101	61.6	57.8	51.6	25.7	17.8	16.3	12	36.9	55.8	42.3	42.1	44.1	39	39.5	24.4	41.5	75.4	51.2	48.6	30.4	26.6	30.1	29.3	29.5	27.9	42	28.9	28.1	30	32.1	26.5	22.4	23.5	7.1	8.19	16.1	21.9	13	11.9	19.5	27.5	25.9	27.7	32.9	38.5	45	74.3	91.8	71.2	43.6	51.1	45.7	27.2	24.2	16.5	10.8	11.1	13.3	14.8	18.9
51.6	36.8	49	42.8	43.4	56.1	54.7	52.2	76.5	106	69.7	48.1	61.4	68.4	49	45.4	36.6	31.5	31	33.4	46.7	42.7	32.1	45.6	72	85.3	98.9	98.5	47.4	33.2	35.2	55.5	55.2	67.5	61.5	68.4	60.6	75.7	79.8	56.6	58.5	55.1	49.9	79.1	63.8	74	110	119	144	129	174	139	177	183	209	130	166	138	142	170	130	92.9	68.3	40.2	29.1	14.5	10.4	15.3	34.3	42.2	29.6	19.3	15.6	16.3	13.3	14.9	15.2	26.7	33.1	27.7	29.7	33.6	32.7	15.9	17.7	29.3	19.2	16.5	13.3	12.8	43.4	43.4	25.4	9.87	5.84	12.4	19.3	16.7	14.1	20.6	30.1	32.7	23.9	23.7	28	37.6	47.9	54	41.7	33.9	34.9	33.9	20.7	19.4	18.1	19.9	14.6	13	14.2	19
27.8	30.6	26.1	27.6	28.6	38.1	35.2	31.9	44.2	56	72.3	62.6	38.1	48.8	42.4	35.5	33.6	32.9	34.3	43.4	39.7	68.7	41	63.5	74.3	73.2	84.3	102	57	67.4	52	60.5	53.9	62.3	60.8	65.8	80.1	70.7	72.3	36.9	35.4	52.4	38	16.7	19.9	24.5	78.8	93.2	120	139	206	218	191	128	198	194	153	136	159	174	182	146	108	55.2	31.1	18.4	15	12.8	25.6	32.4	22.8	23.2	21.7	12.2	10.7	9.63	9.7	7.77	8.6	15.8	22.6	44.3	41.6	27.7	20.1	16.5	19.4	19	8.61	6.87	15.2	18.5	19.6	12.5	11.9	14.7	15.3	13.7	14.3	17.6	22.6	26.2	28	28.1	27.5	27.1	31.6	31	35.7	27.5	22.1	22.6	22.7	26.4	18.9	16.8	17.9	15.3	14.8	21.4
21.3	29.9	42.7	19.1	19.4	25.6	33.7	17.8	30.7	40.2	51.2	67.7	52.6	58.4	37.7	46.9	36.8	41.8	51.2	57.6	46.2	57.9	39.6	46.6	65.4	74.6	100	86	59.8	68.5	34.8	42.8	48.7	44.6	59.9	52.4	82.9	77.7	64.4	51.1	61.9	51.9	31	17.7	18.8	31.9	74.6	98.5	77	91.2	122	160	156	148	176	144	149	189	228	265	185	152	145	89.3	57.9	45.2	24.2	33.1	50.9	50.1	63.4	37.2	29.2	19.4	14.3	16.8	9.95	3.65	4.96	9.54	15.6	28.6	31.2	27.5	12.4	12.5	14.8	7.94	5.55	2.62	5.48	4.44	7.34	7.35	8.23	15.4	15.3	9.65	11.5	11.2	17.6	20	28.5	23.9	25	26.7	26.1	27.8	27.4	42.1	40.4	29.3	24.4	27	19.7	11.8	14.4	12.6	10	18.5
16.4	14	33	56.4	28.4	22.7	18.5	14.7	14.6	18.5	31.4	47.2	43.8	42.1	30.7	33.5	30.6	45.5	54.2	64.8	53	63.1	56	63.7	71.2	92.5	88.1	75.4	61.1	56.2	55.4	41.3	40.1	38.1	45.9	42.4	69.3	81.3	63.9	70.1	84.3	89.4	66.9	89	103	123	134	138	80.7	58.3	64.6	100	88.6	98.2	99.2	128	133	104	98	102	114	152	152	85.8	75.1	41.2	24.2	47.1	48.6	58.8	71	48.2	39.7	24.2	24.9	12.9	8.59	5.68	6.65	13.3	13.6	15.5	20.1	16.8	10.6	6.09	8.58	6.75	7.44	4.32	3.98	3.64	4.87	14.2	6.04	8.61	8.14	10.1	14.7	12.7	14.1	11.7	11.1	14.7	18.4	23.7	20.9	19.6	21.4	28.6	36.5	41.3	24.7	29.6	25.1	15.4	9.64	8.26	8.98	22
13.8	10.3	14.5	55.3	41.7	13.4	6.18	5.04	6.64	13.3	28.6	25.6	36.2	42.6	42.5	42.9	35.4	44.2	62.7	62.2	57.9	56.7	63.6	66.7	76.2	94.1	85.1	69.6	63.8	58.6	47	49.6	46.9	45.8	46.7	61.5	64.4	79	74	54.2	61.4	48.1	67.1	104	168	108	127	141	66.7	68.2	84	81.5	68.5	67	70.5	70.9	80.5	69.3	101	85	97	130	131	77.9	58.7	54.5	32	46.2	55.4	64.5	54.3	55.9	41.7	25	17.4	9.04	10.4	7.55	5.05	6.12	5.65	5.14	9.94	12.5	11.6	12.2	11.7	9.94	9.42	3.52	3.14	1.28	3.09	9.33	11.3	7.28	9.54	9.82	12.3	11.4	9.29	6.12	8.72	12.7	16.6	26.4	22.6	18.4	18.8	20	24.9	33.5	25.6	16	12.6	12.4	11.7	11.8	12.6	12.4
12.4	9.34	13.9	13.8	9.46	6.06	7.92	4.13	3.96	14.7	30.6	32.1	24.3	25.6	31.8	39.5	34.7	37.8	61.7	91.6	72.7	62.8	77.5	87.3	78.4	83.4	88.3	73	60.3	57.9	64.9	59.8	68.2	74	68.3	78.4	75.8	85	99.3	62.4	39.2	42.5	49.4	49.8	110	112	55.4	69.8	66.7	57.2	64.1	81.7	105	100	86.1	98.1	69.4	84.4	94.3	88.2	59.4	68.2	108	59.4	35	47.8	46.8	39.1	45.4	96.4	50.3	38.7	35.4	24.5	22.9	9.57	8.28	8.1	13.6	7.57	4.55	2.29	4.3	14	15.2	6.26	3.82	3.27	9.66	5.99	4.3	3.17	3.17	5.37	11.3	6.51	8.52	8.71	8.12	8.57	8.71	11.2	8.68	12.9	13	15.3	14.9	15.7	12.7	14	17.9	26.4	25.3	14.4	13.6	13.9	9.84	15.8	17	17.6
11.8	12.7	11.7	10.3	10.9	13.4	17.1	9.1	5.86	12	30.8	36.3	24.6	34.6	19.9	26	35.1	45.5	53.1	84.7	84.3	77.9	86.3	101	90.6	83.9	83.1	74.9	59.9	77.1	77	86.5	82.2	86.5	91.7	90.4	86.3	99.6	97.6	95.8	65.9	46.1	56.1	48.4	100	103	59.6	66	71.2	66.1	46.8	63.4	106	82	54	52.3	51.1	68.3	74.9	63.7	31.5	38.9	56.2	39.3	30.6	37.9	40.7	40.6	56	77.6	56.2	44.7	38.2	38.2	30.8	29.6	23.8	24	25.4	15.3	11.2	4.47	4.27	15.3	13.2	10.7	8.07	3.46	2.91	4.2	4.79	3.5	3.08	1.37	6.19	7.86	9.32	6.79	7.15	5.92	5.7	9.16	12.1	14.4	13.3	12.3	12.8	10	11	9.15	8.94	18.8	24.2	13.6	18.4	20	15.2	10.7	11.9	12.8
8.22	8.58	9.06	7.5	5.69	6.46	7.2	5.94	6.16	5.67	7.34	22.5	14.7	16.3	16.8	26.2	27.2	30.3	38.5	56.2	61.7	76.2	81.9	97.7	107	134	113	108	83.8	93.4	117	119	113	108	105	101	93	92.1	97	94.6	80.2	61.7	65.5	71.1	84.2	79.5	69.1	61	46.9	56.7	48.6	84.9	110	61	62.7	51.4	48.8	48	60.1	61.6	104	72.7	68.8	46.8	34.1	42.7	55.8	68.7	50.4	36.6	44.2	41.6	44.9	42.2	29.3	29.5	29.3	31.3	38.7	21.2	13.3	11	10.1	7.44	11.7	11.3	6.9	4.34	3.88	4.07	4.79	5.03	4.3	4.76	6.23	4.69	6.06	5.92	4.73	5.49	5.97	5.7	7.93	10.9	11.6	14.4	12.9	12.2	14.2	11	9.42	13	16.9	12.5	8.64	26.5	20.8	9.9	9.31	11.3
8.03	8.5	12.5	6.96	7.74	8.57	4.77	4.33	3.96	5.24	7.49	11.7	11.6	15.1	14.7	34.4	29.8	30.4	34.8	45.5	49.4	56.3	78.9	135	133	145	149	116	113	130	137	141	128	121	110	105	104	101	95.4	88.2	87.7	80.1	79.1	77.7	65.6	60.8	63.5	60.9	49.8	36.3	28.7	34.5	36.8	44.4	52.4	40.6	30.5	34.7	59.6	65.3	83	63.9	93.6	72.9	61.2	50.9	56.6	59.2	53.6	56.3	47.3	37.5	34.8	47.2	41.5	24.2	27.4	31.2	35.2	23.5	18	13.2	13	9.14	7.66	8.08	7.74	5.74	4.62	4.38	4.19	2.12	2.05	2.06	2.16	4.8	5.39	6.08	4.72	6.96	5.59	5.43	6.52	8.36	9.06	8.86	11.4	16.6	12.5	10.2	10.7	17.1	15.6	11.7	10	22.4	9.38	14.1	12.2	9.78
6.5	7.21	6.83	7.88	7.74	6.28	14.3	4.29	3.66	5.28	8.85	8.73	7.56	9.44	13.2	22.7	28	47.8	54.9	42.7	50.2	54.8	68.6	90.2	97.9	132	131	117	108	127	154	138	135	123	113	126	130	124	102	91.8	83.7	87.9	93.1	99.7	96.6	85.5	80.7	78.2	86	66.8	45	20.5	40.9	50.3	68.3	51.6	29.1	31.5	53.9	61.8	50.9	57.5	73.2	109	112	48.5	48.5	70.2	73.9	68.1	50.8	45	35.4	50.9	56.1	40.2	49.5	36.1	40.9	29	19.4	13.3	11.2	8.71	7.59	10.3	10.5	7.68	6.19	5.55	5.33	3.26	2.68	3.04	3.78	4.67	6.15	7.76	8.65	7.61	5.06	7.49	7.44	6.28	7.19	8.16	10.7	11.5	11.9	14.5	11.8	19.2	20.4	15	13.3	24	19.9	19.4	17.2	8.86
6.29	6.51	6.81	5.47	5.91	5.46	4.61	3.22	3.81	6.01	7.36	8.46	9.04	8.41	13.4	17.1	21.4	35.4	55.6	48.1	50.7	57.1	51.7	60	77.3	80.9	93.9	89.5	87.9	96.1	106	117	119	107	115	116	123	117	109	104	80.8	86.2	91.2	94.4	87.1	83.2	84	86.6	94	68.1	61.9	39	46.7	68.4	94.9	53.1	37.3	21.3	11.9	12.8	25.1	44.6	46.4	72.3	150	53.7	45.3	48.4	60.8	58.5	41.4	44.5	53.1	59.2	56.4	64	56.9	59.4	62.3	26.3	17.8	16.7	14.7	13.4	9.6	6.87	8.28	7.79	8.68	7.58	5.75	3.18	4.19	5.41	6.03	5.72	5.83	7.44	6.32	6.4	6.13	5.58	5.01	7.76	7.85	8.63	10	17	18.8	17.7	17	25.8	26.6	20.7	15.3	16.5	17.1	23.4	26	15.4
4.43	5.15	4.81	2.48	3.1	3.8	4.15	2.77	3.17	3.53	3.65	4.67	5.73	12.4	7.39	17.6	20.8	24.9	37.6	44.1	48.5	53.6	47.7	48	49.3	55.3	66.5	59.3	59.2	71.3	97.7	113	115	113	109	109	110	109	108	120	102	102	95.3	94.1	86.5	77.4	59.4	61.1	67.4	61.7	60	37.5	36.2	42.3	34.2	26.7	30.5	34.8	64.4	30	33.3	38.7	35.3	32.3	62.4	72.2	55.2	58	52.1	32.1	31.5	44.6	49.9	45.2	32.9	62.3	60.3	65.2	63.8	40.3	27.7	21.3	25.6	23.1	16	12.2	9.47	10.2	9.73	8.68	6.86	5.61	6.06	10.2	10.6	6.62	4.63	4.22	3.59	5.26	5.89	5.4	6.16	7.15	9.17	17.9	22.4	24	23.1	20.4	25.5	29.8	38.1	53.6	31.5	23.1	17.5	18.7	32.1	12.6
3.17	4.96	3.63	7.49	7.23	3.75	5.38	5.22	5.39	2.95	2.86	3.41	4.49	5.8	6.92	16.1	19.2	21.8	25.5	34.5	39.9	42.1	40.4	42.9	43.5	40.7	43.8	43.7	45.2	53.3	72.5	97.2	102	115	118	95	93.4	113	121	145	119	117	111	94.4	89.9	78.3	61.4	49.8	51	50.4	56	19.9	18.5	19.8	23.7	15.8	22.9	18.2	30.1	30.6	24	20.9	36.1	25.1	33.3	36.4	40.4	32.4	30.1	40.5	40.2	61.5	91.9	55.1	37.1	59.3	50.1	48.6	60.8	30.5	24.2	24.8	23.6	33.5	28.1	23	27.1	16.1	13.4	10.3	8.03	5.54	4.68	8.2	10.1	7.02	8.69	4.61	4.19	5.9	4.96	7.32	6.05	7.68	12.7	22.3	27.9	45.1	31.2	27.2	29.5	30.4	32.1	45	44.8	34.3	22	17.9	12.1	9.34
2.46	2.12	2.6	4.91	15.7	6.72	4.53	7.99	3.43	3.5	4.2	3.99	6.17	8.29	5.97	14	22	19.5	21.5	29.2	44.8	39.2	36.8	37.1	35.5	35.7	35	30.8	27.8	27.9	41.8	72.4	94.3	114	116	92.5	94.1	95.9	108	131	144	149	130	94.5	90.1	87.5	79.2	71.3	68.2	44.6	57.7	46.9	19.6	15	14.6	14.3	17.8	15.9	13.8	24.9	27.6	12.6	22.7	20.2	21.6	21.7	19.1	24.5	30	31.4	29.2	69.3	77.7	64.1	49.1	79.3	57.1	45.7	71.1	37.1	27.7	26.3	23.3	32.9	48.7	36.4	42.6	42.3	27	14.8	13.2	10.5	7.59	5.15	6.35	7.38	10.5	10.2	8.15	10.8	11.6	9.45	8.19	10.1	14.4	21.2	23.4	44.3	49.7	43.7	40.2	38.7	47.5	54.5	63	51.4	31.1	25.6	27.5	15.1
5.84	4.81	1.46	1.49	1.49	2.25	6.16	7.98	4.39	4.71	6.07	6.39	3.14	9.37	5.79	11.9	17.4	16.9	19.8	26.2	50.1	50.6	31.3	34.2	30.5	29.9	29.9	28.8	23.8	25.2	28.1	45.8	66.5	93.9	101	97.5	94.7	108	98.6	113	128	135	158	117	96.4	84.5	86.5	97.5	94.9	116	94.8	54	23.9	18.6	15.9	10.1	14.9	19.9	11.7	11	16.8	16.7	11.8	14.7	14.8	16.3	21.3	24.8	28.9	25.1	31	57.4	77	65.2	50.6	64.6	60.2	51.6	73.2	38.6	31.3	29.3	28.9	33.3	51.1	45.8	49.6	51.1	30.9	20.3	15.2	15.2	10.6	7.32	11.9	8.7	12.9	10.8	11.2	16	13.9	8.97	10.8	12.3	17.3	25.7	23.8	31.2	40	46.1	52.3	46.3	53.7	63	56.9	43.8	30.5	23.3	26.8	26.3
0.394	5.71	10.3	11.1	0.529	0.694	4.83	0.702	2.36	2.28	2.76	4.62	3.88	6.49	6.71	8.48	8.91	10.8	16.1	14.4	15.8	32.8	26.2	21.6	19	16.8	17.1	14.4	14.9	20.4	24.6	20	25.9	54.9	57.3	87.1	106	123	103	106	116	125	143	138	118	101	79.4	73.6	75.9	90.7	82.6	41.1	22.2	15.2	10	13.4	13.1	19.9	28.4	26.5	23.6	23.2	11.3	9.8	10.7	16.4	27.5	34.3	38.9	30.5	25.6	28.3	35.2	33.7	53.1	84.3	60.7	61.5	51.4	46.3	48.4	46.7	41.9	28.6	29	31.7	29.9	25.4	21.5	15.3	12.2	10.5	8.2	4.95	5.33	6.52	5.96	7.55	7.23	11.1	14.1	15.5	25.9	31.4	39.9	48.3	42.7	45.9	53.5	43.9	52.3	59.6	53.3	46.2	42.1	33.8	26.7	21.1	18	16
0.362	0.535	0.697	4.45	2.04	7.03	0.859	0.417	0.425	1.43	2.99	5.47	5.89	6.51	5.7	8.34	7.16	9.01	10.7	10.4	10.7	12.4	21.7	27	13.7	12.8	12	13.2	13.9	12	16.1	22.9	34	46.2	53.2	70.1	76.6	89.3	94.1	97.7	118	111	131	121	116	108	91	81.2	93	64.7	60.1	40.1	24.7	14.2	10.6	12.9	13	11.4	21.9	36.7	32.7	34.3	23.4	20	21.2	27.4	38.5	49.8	50.2	43.6	30.5	27.7	29.4	23	23.7	44.5	65.2	50.3	51.6	63.7	58.9	52.5	57.5	63.9	47.8	41.3	38.2	25.6	24.6	24.7	12.8	14.5	8.93	8.04	6.21	5.56	5.79	13.2	4.6	9.52	17.7	23.2	56.7	39.3	57.8	64.9	61.1	49.1	51.4	58.3	66.8	62.3	49.7	47.8	42	43	33.2	27.8	20.6	14.8
0.618	0.399	0.129	0.22	0.315	0.643	5.32	2.41	0.725	0.749	2.19	4.55	4.56	6.87	6.72	7.89	6.55	8.13	8.4	8.72	8.5	9.58	13.4	38.5	13.1	9.33	8.81	9.3	8.19	11.5	9.61	35.8	55.8	56.6	35.9	54.9	67.9	91.9	90.7	94.2	111	119	135	107	118	105	100	89.1	76.3	61.3	44.8	30.9	23.7	28.5	31.3	25.5	18.8	15.2	15.5	36.3	27.9	26.8	18.5	13.6	26.2	36.6	37	38.6	30.8	34.2	39.5	40.1	37.6	27.1	18.7	28.7	40.4	41.2	47.3	42.2	49.3	57.1	78.4	70.7	43.9	46.7	34.9	19.7	50.9	57.5	16.1	15.5	16.7	12.3	23.2	24	20.4	18.9	15.1	22.4	35.8	35	25.3	33.9	51.3	54.9	51.2	49.6	52.4	74.7	76.9	65.7	57.6	58	63.2	61.4	46.7	37.3	21.8	17.3
0.56	1.68	0.28	0.299	0.247	0.131	0.66	1.72	0.958	0.473	0.756	1.92	5.67	6.59	6.76	6.11	6.79	6.51	6.91	7.64	8.1	8.11	10	8.35	12.9	65.6	8.77	7.64	37.3	16.1	13.9	30.8	42	55	33.2	37.9	47.2	70.4	80.5	99.6	91.6	95.9	118	108	105	94	86	69.9	60.8	54.3	38.3	30.4	23.9	39.4	67	50.5	39.9	33.4	19	14.5	23.4	35.4	24.9	14.1	15.3	32.5	34.7	33.4	29	44.1	42.9	41.3	35	27.7	21.5	31.6	48.6	47.7	39	31.6	38.3	41.8	47.7	38.7	43.9	43.1	35.6	23.7	43.6	71.6	52.9	26.5	22.1	17.3	29.4	37.9	31.2	17.7	11.9	10.8	15.2	19.3	19.1	36	58.1	53.3	48.5	52.7	60.9	69.9	105	105	92	84.8	71.1	52.1	43.9	34.1	43.1	14.4
0.03	0	0.06	0.738	0.193	0.158	0.145	0.403	0.48	0.894	1.68	1.73	2.54	3.82	4.62	6.65	7.02	8.78	8.33	7.59	7.38	10.1	14.6	8.83	9.26	16.5	8.05	6.44	11	18.3	9.48	12.1	21.8	33.8	36.8	46.3	50.9	49.9	70.6	81.2	67.1	70.7	64.4	70.1	71.1	68.6	66.4	50.7	42.5	36.6	33.2	34.8	31.4	36.5	41.3	43.5	41.2	45.7	31.1	21.6	24.8	24.1	25.1	18.3	18.3	18.3	19	16.7	19.1	39.9	50.2	44.7	15.9	5.71	12.1	45.7	46.5	44.6	39.5	31.8	28.9	22.6	22.6	18	39.6	33.1	15.8	31.8	47.6	48.2	55.4	74.2	43.6	24.1	20.7	24.6	21.2	17.1	13.2	11.8	16.6	17.4	16.3	28.2	49.1	57.6	46.9	53.4	64	88.5	124	148	106	96.3	72.3	54.8	45.2	38.4	31.5	18.7
0	0	0	0.174	0.457	0.139	0.289	0.43	0.525	0.931	1.55	1.62	1.84	2.55	3.76	7.15	9.99	8.44	8.3	7.25	6.76	6.79	7.09	6.02	6.38	5.49	5.66	6.46	4.95	5.32	4.84	8.4	9.53	10.5	24.7	48.2	42.4	49.7	68	118	110	88.3	60.6	45	49	46.7	49.7	38.1	39.7	34	33.7	29	30.1	41.8	39	36.3	37.4	40.8	43	34.8	41	39.8	39.5	32.2	29	23.9	22.4	18.7	19	20	38.9	38.3	14.4	9.82	7.95	20.6	23.1	33.4	24.9	34.9	31.6	16.6	9.95	14.8	12.2	14.7	11.9	13.8	14.3	21	28.1	46.4	66.2	42.9	21.4	20.9	26.7	23.7	18.2	21.5	13.9	14.1	16.3	23.5	37.6	64.5	59.4	55.4	74.9	87.5	126	126	120	117	95.4	54.5	52.6	45.1	34.7	23.1
0	0	0	0.0659	0.122	0.25	0.443	0.43	0.583	0.974	1.06	3.76	1.94	2.05	3.14	6.43	10.5	15.1	14.6	9.44	7.6	6.53	6.7	5.6	5	4.51	5.69	6.99	7.54	2.4	2.61	5.55	28.1	6.74	7.57	30.5	24.2	34.9	57.2	121	133	84.8	56.6	47.2	46.2	44.8	41.9	34.9	34.1	35.8	33.9	38	46.1	44.8	49.7	57.5	47.6	49.8	51.2	45.6	65	64.3	68.3	62.3	51.2	38	32.4	24.3	22.2	21.4	21.1	4.66	4.05	3.93	7.33	17.5	9.55	9.52	13.1	16.1	12.5	31.3	25.8	18.4	26.1	10.1	13.6	15.5	17.1	22.3	26.7	27.3	30.1	51.4	56.9	37.6	33.7	23.6	24.3	32.6	21.3	16.3	19.3	25.1	45.3	75.8	64.6	51.6	55	67.2	88.4	96.2	122	115	103	71.7	62.4	54.9	36.4	25.8
0	0	0	0.0658	0.0845	0.305	0.204	0.415	0.485	0.767	1.03	1.04	1.2	2.46	2.52	4.2	5.71	10.8	16.4	11.8	6.93	6.86	5.75	4.96	4.64	4.49	4.59	3.05	8.48	5.73	12.1	13.2	23.5	16.7	12.9	23	14.9	15.6	29.1	80.4	84.7	67.1	49.5	50.7	51.8	48.1	43.8	39	35.4	33.6	38.8	44.1	57	61	63.5	68.1	72.9	70	68.1	58	76.3	86.8	81.5	68.1	56.2	43.6	39	32.2	32.6	27.4	24	4.35	4.45	4.03	4	17.8	12.2	5.05	6.45	15.8	17.8	31.7	30.8	27.5	34.3	17.3	15.9	17	18.1	17.5	27.5	31.3	34.7	34.3	49.2	55.4	42.4	17.3	22.4	26.3	25.4	21.8	17.2	26.6	33.7	51.6	65.1	44.4	46.6	54.9	82.4	87.2	115	112	91.1	82.4	71.4	62.5	43.4	21.7
