44.8	51.7	68.9	97.6	92.7	100	93.4	71.8	66.1	78.4	76.1	61.1	57.3	41.4	44.5	43.4	66.5	75.3	114	79.5	113	107	117	70.5	57	132	115	110	92.7	68.2	79	81.2	49.6	73.6	167	71.2	83.3	144	180	152	180	252	257	307	203	167	205	128	99.3	138	130	104	94.7	110	123	206	226	146	163	210	169	224	257	183	175	148	168	172	183	198	197	197	191	197	189	219	239	245	230	249	190	204	198	237	244	291	241	204	195	181	166	108	81	70.1	92.9	76.9	61.5	107	120	58.9	75.4	80.5	78.5	50.6	53.8	40	52.2	64.7	58	54.5	50.3	45.1	64.2	57.4	41.9	33.3	28.5	43.5	48.4	44.6
55	84.5	121	116	104	96.9	72.6	64.7	70.3	66.8	82.5	83.6	74.2	58.5	60	61	83.9	67.5	104	97.8	174	129	121	121	135	179	190	192	128	113	129	87.7	68.8	70.7	79.1	125	130	143	126	161	190	230	212	303	275	256	226	131	106	122	158	155	140	125	105	157	157	132	170	243	301	240	190	179	201	212	185	205	252	274	264	278	229	215	192	241	249	226	231	253	229	262	270	264	235	257	229	270	206	210	187	133	117	140	138	114	112	124	117	132	125	124	112	113	119	110	93.4	90	78.3	78.3	74.7	85.1	98.3	91.8	80.8	76	65.8	66.1	62.8	76.9
82.8	123	117	103	126	99.2	92.1	79.1	88.3	86	70.8	78.4	74.6	78.1	91	93.3	86.2	82.5	95.1	115	172	187	184	155	164	158	181	195	185	158	100	129	133	108	79	114	160	122	152	155	215	250	201	303	371	265	187	156	165	164	139	118	164	144	107	121	131	128	205	271	226	209	242	243	229	241	241	238	270	303	349	226	198	210	235	289	231	218	232	256	318	356	333	331	308	349	405	319	308	215	200	153	157	185	182	176	190	151	167	170	185	166	200	204	191	174	139	110	87.2	105	116	156	146	133	150	105	117	127	84.2	88.3
123	116	114	141	143	117	96.4	89.8	116	91.4	71	78.3	110	98.1	104	108	136	149	119	124	184	170	224	173	144	157	190	236	221	158	164	205	249	159	125	105	108	138	175	274	280	230	226	280	306	235	187	246	245	206	167	181	158	114	98	111	129	134	268	313	185	183	325	272	286	274	348	314	341	422	367	242	249	243	280	299	213	260	271	255	227	218	304	433	434	451	416	400	414	285	241	256	216	251	235	203	210	241	282	252	209	230	268	247	233	185	159	137	97.6	123	119	116	142	174	157	141	177	133	116	112
112	105	104	118	128	103	83.4	108	101	111	79	97.8	159	150	111	109	186	190	156	138	150	151	184	170	156	209	236	287	233	198	238	267	247	229	196	135	132	190	215	224	249	209	196	225	280	217	185	208	209	189	112	103	89.9	82.3	86	100	117	140	202	285	283	279	306	333	373	419	357	394	427	477	425	281	283	312	281	283	267	265	272	299	232	237	272	417	459	443	446	445	449	446	341	313	281	333	276	246	233	273	344	251	257	290	299	256	238	231	185	170	182	147	149	171	154	179	192	218	258	203	171	190
94.9	114	119	102	113	125	76.2	74.5	84	129	102	123	161	186	124	125	176	201	169	135	133	175	188	149	142	215	251	181	196	234	307	252	185	192	207	136	108	144	147	208	135	154	238	283	216	163	160	189	192	141	99.3	85.3	99.3	67.3	67.6	69.1	89.9	114	165	361	339	358	402	377	470	406	362	418	405	376	382	286	340	252	331	341	329	299	337	302	264	248	255	326	430	382	315	442	496	486	477	350	317	401	340	365	262	308	324	284	336	354	353	291	286	288	245	262	254	190	180	222	200	219	261	269	308	266	274	260
73.7	112	152	129	146	131	103	74.8	91.6	116	120	112	148	158	155	174	162	178	161	158	195	191	223	183	234	267	236	191	255	227	284	258	188	210	246	163	113	118	117	154	110	111	193	203	161	153	162	120	111	97.2	87.3	64.7	48.7	60	60.5	48.3	90.5	155	158	321	297	279	371	466	532	450	318	369	347	398	336	298	290	264	327	334	320	394	385	365	332	258	280	371	361	287	372	493	498	498	450	360	386	371	319	283	301	363	427	316	342	355	342	278	302	304	326	298	258	212	188	196	176	172	249	268	289	303	359	358
96.8	108	138	157	150	89.5	79.1	91.4	129	124	133	116	153	173	170	256	214	189	199	188	248	248	223	175	271	209	217	175	189	323	247	213	189	195	225	189	84	93	70.2	99.5	72.2	68.3	136	173	177	164	128	96.2	91.3	103	88	79	54.2	60.3	54.3	56.1	90	161	187	256	330	320	359	392	392	332	344	374	328	345	323	283	259	292	396	375	320	381	407	356	346	322	327	313	294	316	408	450	478	510	459	523	392	458	330	314	358	394	397	311	326	399	364	350	395	380	404	279	236	215	192	215	226	221	227	243	235	264	348	384
126	130	118	136	116	99.3	89.5	98.4	107	131	173	183	211	195	182	181	222	229	256	211	302	285	205	187	228	205	174	206	255	375	286	217	197	196	147	127	62.5	60.7	57.1	91.9	81	123	166	191	174	144	100	105	81.1	71.6	110	86.6	68.1	77.4	107	74.4	87.3	189	234	312	293	359	316	348	385	410	339	401	346	299	281	240	217	272	412	338	320	347	390	343	338	367	330	319	359	341	366	469	468	513	487	576	547	418	324	328	405	368	356	314	340	428	454	373	396	372	374	307	292	316	280	238	268	319	282	226	248	275	305	350
183	164	117	129	123	83.9	91.7	107	105	138	205	170	233	219	156	134	195	225	246	215	224	205	229	166	143	197	234	209	272	298	323	258	168	193	180	110	85.3	58	55.4	82.8	78.4	84.8	168	234	235	253	213	146	106	93.7	148	114	95.1	97.1	97.7	86	92.7	130	237	234	268	295	288	255	356	356	316	303	282	236	219	164	174	241	264	252	269	288	274	313	269	317	318	302	277	355	386	481	499	549	486	493	500	321	347	372	373	350	313	335	358	359	366	355	351	348	315	348	343	339	293	335	372	375	298	283	247	268	310	329
173	167	133	100	87.6	110	141	153	136	180	168	184	198	181	153	166	186	201	253	231	223	220	210	159	137	182	234	212	268	246	291	260	182	206	177	147	99.9	89	69	96.6	126	98.1	164	225	170	166	176	160	106	94.2	120	149	118	102	116	96.6	97.8	129	217	227	224	244	252	281	268	271	265	252	268	273	210	213	241	218	220	249	273	301	312	297	283	300	285	271	270	361	461	507	526	543	500	499	507	380	448	424	440	381	368	347	357	368	342	341	352	372	325	356	358	316	325	434	420	364	319	341	350	328	378	400
150	140	195	174	131	135	166	168	176	275	199	171	138	194	158	188	184	189	228	232	207	249	188	135	146	173	231	294	320	304	413	329	222	172	111	141	87.4	72.2	67.4	99.9	114	104	211	214	160	143	118	140	124	131	126	148	132	122	118	95.6	119	176	234	260	270	283	322	276	299	266	272	239	287	198	216	197	225	221	228	223	256	315	347	350	292	273	334	301	298	355	451	499	495	501	604	613	610	647	506	437	442	421	383	352	334	330	350	376	380	392	385	315	292	321	322	413	406	366	386	471	488	473	486	417
187	172	176	159	159	185	195	178	149	181	216	200	179	196	192	160	186	166	177	173	193	191	186	140	178	209	295	240	322	369	338	285	185	170	101	90.6	54.3	56	70.7	102	130	110	108	197	212	187	148	147	142	175	186	140	133	144	142	101	144	128	181	249	287	321	302	323	297	313	315	306	230	287	319	219	223	201	251	277	281	338	281	292	333	263	313	323	299	339	389	439	455	478	508	584	701	689	531	481	449	490	451	412	359	370	433	405	404	349	338	327	302	354	351	344	354	311	340	418	413	458	492	369
207	171	142	146	121	174	191	148	115	148	236	236	191	200	189	214	199	137	141	169	142	150	152	171	258	232	364	408	402	325	387	271	153	125	109	83.1	64.1	53.8	70.1	93.8	122	128	113	112	139	145	111	134	127	135	121	104	109	120	117	154	162	151	170	206	261	272	266	312	324	302	243	251	238	261	218	201	228	219	283	288	270	245	206	213	244	241	287	379	355	348	393	382	431	464	489	523	648	595	467	458	503	517	497	510	457	427	529	457	442	386	360	365	348	358	345	310	314	235	311	286	387	354	322	310
194	179	155	189	194	183	175	195	145	175	256	235	260	251	229	247	188	220	202	164	173	142	182	180	267	286	349	319	266	212	201	159	148	110	96.3	86.1	94.6	87.2	99.1	115	132	161	189	166	182	137	134	175	155	153	138	129	126	132	160	216	202	210	220	236	262	247	331	344	285	292	279	257	263	269	217	186	175	221	300	307	297	248	204	234	232	281	295	362	352	380	426	464	449	445	483	510	535	627	616	527	566	590	583	592	541	480	525	526	495	467	433	422	364	384	323	320	284	248	224	260	298	305	315	279
237	201	199	197	265	241	190	198	215	176	191	262	326	250	233	206	201	171	193	147	224	157	176	155	221	253	314	243	170	224	153	180	117	183	120	109	125	124	133	140	166	174	189	191	174	159	152	201	195	176	166	144	186	159	199	233	237	256	223	228	273	255	266	320	339	336	327	283	283	322	255	173	248	259	268	294	264	239	215	267	236	281	262	343	364	379	424	461	479	456	485	486	496	532	679	527	666	649	591	597	559	523	491	470	508	446	364	376	354	429	387	326	280	252	293	333	319	348	337	341
249	232	243	225	253	254	217	233	215	198	325	274	332	274	209	169	161	173	170	117	159	199	164	143	204	226	248	241	246	161	149	132	76.1	81.7	114	130	155	143	156	213	210	207	209	199	254	235	172	193	192	204	160	169	190	226	232	233	343	367	235	224	335	263	260	323	341	338	295	340	307	325	248	212	200	211	261	353	252	203	231	303	322	297	320	338	386	393	387	442	464	496	495	493	466	573	694	597	574	581	647	663	583	584	492	457	480	414	341	330	342	382	398	372	324	324	333	382	331	345	397	388
316	372	317	207	251	219	210	193	179	266	327	200	185	192	266	218	197	218	178	161	235	186	190	152	166	161	202	382	243	251	203	157	110	119	160	186	217	208	210	262	233	250	205	176	169	279	134	145	143	146	123	155	181	230	223	224	249	320	240	256	270	279	269	290	270	264	381	409	336	265	194	159	154	165	215	345	286	206	241	352	344	374	314	296	302	356	354	467	448	444	474	476	546	627	661	832	546	528	619	599	508	499	455	429	461	397	355	321	356	337	384	335	342	389	448	349	290	271	278	359
307	366	358	292	278	237	309	353	241	301	283	191	235	236	271	236	312	320	238	174	179	137	161	169	167	233	211	236	242	207	231	159	169	155	153	212	223	216	201	280	271	288	253	190	172	194	141	156	171	199	168	174	187	172	152	169	220	236	197	337	277	284	280	325	319	357	445	426	407	309	228	195	193	178	201	307	254	243	264	392	356	339	335	316	289	345	391	467	443	464	493	519	583	630	612	680	652	454	473	510	465	444	499	541	574	510	369	360	383	353	313	321	330	345	388	299	246	224	250	298
380	348	325	346	344	371	381	400	329	283	306	199	248	212	242	243	332	348	293	202	189	169	139	140	148	186	158	153	196	255	205	272	221	223	168	199	231	209	193	223	278	284	237	194	215	217	167	168	240	296	191	182	177	183	194	194	302	188	240	393	352	350	346	392	462	373	413	428	391	321	261	200	208	217	224	262	242	329	339	427	377	374	431	371	308	352	446	501	469	504	486	510	570	623	654	596	529	502	424	490	451	414	503	570	605	523	456	439	362	392	345	324	313	310	298	255	235	257	257	257
358	324	371	341	457	384	339	352	364	369	352	245	250	246	233	251	334	376	320	234	211	184	178	155	151	141	140	140	243	235	175	201	242	236	185	194	271	243	202	240	245	236	188	234	221	185	177	200	239	254	182	244	246	222	202	185	249	190	265	364	395	445	424	403	487	410	548	490	392	313	243	218	224	248	235	245	295	381	396	395	388	370	420	395	361	387	461	502	448	435	399	391	498	505	504	515	525	609	575	514	442	492	493	544	515	537	506	497	526	481	392	303	313	287	314	309	323	303	230	239
259	260	283	372	420	389	310	293	377	345	328	273	300	323	307	288	334	361	329	231	208	237	230	154	175	175	192	162	223	213	189	239	197	184	178	188	246	214	232	280	238	241	240	300	303	240	253	230	250	262	215	225	240	269	202	189	261	290	338	426	404	424	410	427	481	553	469	447	462	418	393	344	305	272	244	251	312	391	384	334	295	300	423	464	393	359	385	385	400	417	369	355	436	455	438	479	492	511	500	444	424	375	400	398	418	441	424	378	423	397	397	350	424	413	415	395	405	352	303	240
317	318	296	402	395	383	355	387	371	293	256	333	359	361	382	369	357	325	307	246	212	208	189	131	150	192	202	209	185	214	220	194	172	137	171	192	231	310	218	216	200	198	260	304	260	222	199	258	346	273	236	242	228	251	210	228	325	355	431	443	452	518	514	443	630	569	440	418	450	436	402	385	379	287	239	258	294	328	344	344	309	261	341	426	442	430	345	334	358	437	411	435	469	503	501	499	466	462	399	392	405	398	451	470	474	415	398	401	378	408	420	423	404	463	462	380	355	304	291	276
401	403	308	415	394	475	464	415	363	351	261	352	466	355	366	355	394	295	287	286	269	235	193	158	154	191	184	200	221	213	259	248	254	234	309	287	244	228	226	193	199	233	280	253	199	201	206	229	336	241	243	277	306	275	244	334	494	399	372	525	457	520	510	434	548	612	505	459	419	411	375	385	383	332	291	342	341	403	389	435	386	319	337	445	486	437	439	460	455	450	466	503	513	484	502	519	521	438	371	417	407	401	417	419	438	473	484	497	493	498	425	425	427	410	493	334	307	264	288	273
419	473	483	545	523	506	482	502	493	439	349	407	443	375	335	401	408	328	296	255	252	226	244	194	169	199	168	176	237	229	283	297	215	393	343	256	258	254	221	243	222	229	243	224	200	185	220	228	284	239	240	348	324	340	299	337	390	339	337	451	470	525	500	433	479	631	576	406	364	339	497	477	419	346	373	448	389	382	369	471	395	360	414	490	487	506	511	481	508	503	472	514	502	512	508	539	507	470	355	355	348	361	337	430	447	424	454	540	577	615	571	616	419	425	533	378	272	307	324	248
590	665	621	643	643	621	651	565	535	497	444	456	408	397	407	394	377	316	359	272	251	258	218	222	190	271	223	211	240	267	329	283	213	285	243	279	195	168	170	215	203	240	253	236	223	236	235	297	283	294	309	350	320	363	330	244	282	357	388	511	495	572	530	531	517	473	448	491	391	437	480	558	470	376	385	408	450	447	431	419	414	430	463	477	528	571	531	485	456	417	435	475	472	453	476	434	417	387	358	334	352	354	362	468	474	490	497	443	436	451	446	487	528	408	452	365	307	275	258	278
441	522	563	737	594	525	575	564	564	513	475	416	387	385	480	463	423	321	355	324	228	220	179	195	248	293	300	337	259	268	280	290	260	223	247	313	319	239	223	232	174	253	331	395	296	243	263	289	315	309	326	338	380	373	276	231	239	390	432	562	512	510	473	549	626	514	587	515	451	539	453	444	454	396	427	479	441	468	428	387	436	420	497	480	524	519	522	491	506	524	519	461	471	479	433	400	405	453	402	359	367	483	426	527	595	551	472	455	474	477	445	491	470	431	467	347	316	301	303	265
472	476	666	710	562	518	540	734	579	557	508	416	381	350	373	376	318	273	277	215	267	215	208	188	250	317	324	301	338	335	286	262	249	209	261	304	420	331	252	247	201	251	289	397	352	342	374	341	351	320	378	305	375	397	330	282	226	448	388	349	395	496	479	599	641	571	540	511	424	443	347	298	333	381	397	464	424	438	429	424	470	502	511	518	520	532	521	520	523	538	536	514	475	522	503	506	521	501	420	435	415	498	571	683	576	478	458	416	397	407	462	544	379	407	392	387	400	323	309	300
489	507	546	591	502	494	580	680	551	499	540	537	435	369	301	327	357	341	345	260	302	272	207	191	226	261	306	303	310	299	300	303	258	274	248	342	391	271	232	262	267	335	312	347	401	383	393	387	397	351	346	297	342	392	340	286	309	324	286	261	307	386	550	569	518	558	543	490	450	372	337	300	322	332	324	440	449	438	462	460	489	497	529	576	556	526	534	541	524	514	525	564	511	507	508	594	642	525	492	489	496	574	679	715	587	507	416	357	446	431	377	429	400	370	313	374	397	366	378	367
512	475	471	520	475	525	739	615	500	501	655	621	403	347	379	393	440	415	530	391	306	289	233	229	259	276	289	275	291	319	310	305	309	269	257	273	305	258	276	332	301	365	269	293	359	369	353	362	386	336	307	294	340	367	330	337	337	306	281	374	430	533	505	551	487	573	567	463	498	489	484	547	497	481	413	430	458	458	443	379	397	482	532	512	517	511	518	551	561	535	622	662	637	627	595	602	580	533	488	543	593	612	595	559	518	353	316	315	388	392	326	375	335	372	369	327	350	353	333	272
576	480	504	498	481	585	726	593	494	613	699	499	359	410	498	468	375	343	491	403	274	325	232	240	241	283	340	309	306	296	307	247	309	256	308	282	308	312	282	357	289	329	261	309	422	468	391	438	451	395	369	306	343	344	376	332	341	362	373	392	492	535	491	457	416	458	470	436	407	504	539	559	501	503	465	459	434	420	425	457	484	498	507	526	509	509	512	578	606	620	661	742	651	703	678	574	548	559	529	483	474	484	476	529	534	462	348	333	369	365	323	410	405	407	391	347	383	301	294	294
539	521	593	523	567	526	665	556	506	524	525	563	449	473	462	369	357	476	430	557	353	301	221	212	287	377	321	292	337	296	223	215	244	246	278	270	213	242	275	315	260	284	231	304	367	450	386	449	429	395	367	294	292	335	362	454	396	308	275	305	395	483	484	536	501	462	374	369	388	501	483	475	533	516	415	415	426	417	454	478	492	496	496	528	532	522	526	610	608	570	578	694	688	683	613	544	472	494	535	465	473	518	519	530	498	503	395	477	478	433	380	462	466	453	441	355	367	351	306	332
522	523	514	538	588	548	518	505	426	462	494	482	487	489	441	343	391	422	466	355	437	282	217	292	329	288	270	285	327	294	246	267	215	211	233	298	221	204	245	271	227	259	239	307	319	397	477	414	383	441	414	330	341	329	332	413	328	320	306	294	341	333	453	473	416	405	403	404	429	491	521	489	475	473	418	382	438	402	457	485	492	489	486	496	500	520	506	528	535	560	554	621	641	642	582	527	497	584	598	541	492	526	466	480	507	506	393	449	548	494	465	482	486	411	378	315	360	385	394	391
562	555	555	551	603	670	540	467	483	500	469	452	428	430	430	398	401	394	458	320	283	234	200	258	245	254	267	291	280	249	234	232	230	222	208	227	217	205	234	298	254	318	405	326	337	431	449	344	347	399	378	322	286	284	283	297	278	248	276	325	322	301	324	341	327	341	372	410	440	482	482	485	445	377	373	382	394	403	457	500	504	481	479	470	473	477	482	472	503	538	524	567	628	584	636	539	493	524	543	515	488	447	376	461	526	427	349	396	465	407	418	359	344	322	341	280	319	397	354	331
548	511	465	542	620	629	664	414	495	471	448	430	401	411	420	405	386	423	352	313	291	280	209	267	241	235	225	253	236	216	224	237	224	240	186	155	179	236	268	337	281	328	298	333	304	394	471	385	337	278	339	299	273	261	262	335	305	228	266	305	260	261	321	369	335	389	422	398	429	395	426	424	440	393	384	421	402	382	414	490	495	466	409	404	446	413	428	442	461	483	484	510	490	491	504	505	495	489	478	431	465	445	395	384	386	255	306	295	303	457	479	343	304	319	347	340	355	382	320	321
485	463	462	533	603	646	536	499	477	433	405	363	393	390	387	384	352	367	350	300	260	231	215	221	274	216	213	231	214	215	221	234	227	209	178	204	220	198	254	297	307	304	276	336	299	338	458	394	311	273	327	318	290	293	257	290	251	200	221	265	280	344	304	318	375	401	415	406	411	483	497	475	435	382	381	340	372	422	461	455	498	443	405	413	432	424	415	433	415	407	406	397	404	459	471	487	481	457	482	429	426	472	445	365	328	353	341	301	283	353	403	324	332	370	363	331	358	353	337	320
495	535	450	541	629	552	512	401	322	300	302	320	338	385	341	314	309	295	368	246	232	239	252	236	303	269	219	213	225	268	228	224	238	205	190	226	238	239	222	291	325	297	295	356	356	370	350	395	313	288	389	342	326	338	287	283	290	285	292	326	311	347	345	369	408	434	470	428	407	455	442	453	442	438	409	358	329	337	398	471	537	472	350	383	393	397	381	420	404	438	379	367	358	380	421	377	385	400	470	528	480	446	453	431	354	334	326	358	299	312	429	391	357	321	368	323	370	337	337	356
504	542	430	536	621	584	484	451	408	342	288	332	335	335	297	295	319	317	326	244	222	245	264	238	246	283	266	268	268	253	265	268	284	190	195	248	216	273	222	290	318	371	450	443	417	404	322	299	313	329	388	371	347	353	316	281	312	350	304	282	242	316	314	305	365	437	374	382	376	368	361	436	410	364	394	353	245	227	306	451	473	412	329	337	423	442	378	499	500	461	423	409	418	430	434	357	353	391	459	462	442	433	429	422	405	326	277	252	255	350	456	361	319	276	275	311	317	292	323	332
459	439	467	459	556	542	522	437	418	322	298	321	370	421	324	286	311	303	277	253	253	249	300	351	310	266	279	312	275	257	243	243	252	209	186	244	194	240	258	295	375	432	491	426	429	469	330	315	346	418	479	367	342	340	322	286	273	315	343	356	346	518	313	258	297	371	390	375	357	404	401	414	418	491	358	319	256	206	221	377	452	406	348	358	389	441	396	480	473	458	396	395	363	376	366	318	288	312	376	392	403	388	379	353	351	276	250	258	294	291	366	281	287	268	311	323	301	286	299	293
424	414	419	400	546	496	421	445	382	347	283	309	379	364	342	325	286	275	281	234	234	326	332	305	283	250	269	267	223	221	237	213	209	218	193	241	199	255	263	292	313	410	475	488	434	412	377	359	311	371	350	315	318	343	328	312	288	341	293	469	414	491	359	341	341	346	435	455	345	372	363	446	395	383	376	395	240	260	229	312	391	489	344	352	396	409	389	411	437	380	375	326	315	298	300	266	263	329	400	415	398	347	335	295	328	243	234	258	252	274	263	219	244	276	286	303	305	281	297	267
360	393	387	425	446	467	440	427	377	363	248	276	296	278	385	328	295	312	314	231	244	272	354	282	263	240	243	199	177	221	231	206	218	227	204	255	244	353	273	299	360	388	417	417	402	406	472	422	354	344	352	380	336	330	316	320	329	310	317	398	352	357	558	509	399	342	401	348	330	322	483	379	342	376	373	339	341	272	254	292	346	395	369	367	434	420	441	497	400	346	369	375	311	318	285	269	282	308	345	338	288	287	300	283	229	191	188	201	189	205	190	171	197	229	212	228	235	228	247	259
253	265	265	371	413	487	453	367	350	331	262	272	268	215	268	218	194	238	282	265	255	243	293	279	289	274	245	214	216	271	274	211	202	204	236	267	223	243	254	302	342	363	416	433	368	484	554	401	386	320	306	334	332	355	329	332	341	261	298	318	374	349	400	406	322	290	294	308	270	248	261	341	302	304	282	329	322	320	283	311	316	250	251	319	401	445	497	551	440	402	385	396	401	356	398	304	272	327	348	303	263	258	255	284	239	171	186	209	185	152	154	118	129	157	184	164	161	178	191	220
239	252	290	312	369	506	418	336	318	333	285	256	252	248	279	226	194	242	247	248	259	284	316	305	313	260	200	234	222	243	198	186	185	178	219	329	250	273	313	360	323	306	279	458	371	330	423	407	378	287	269	262	284	352	356	353	375	322	329	343	438	520	394	345	282	222	280	279	256	231	337	331	357	376	340	328	296	281	292	322	297	230	246	321	447	416	434	471	425	433	477	443	422	432	418	310	269	259	275	247	255	257	231	273	188	172	179	191	160	143	149	114	120	121	126	133	153	131	136	173
246	225	260	296	331	356	362	367	289	329	304	276	270	237	222	220	250	239	251	255	292	297	310	249	286	316	217	185	208	245	199	173	193	208	239	316	222	224	268	390	309	324	266	371	427	363	333	415	398	260	254	267	302	383	508	371	322	298	290	343	402	369	414	433	292	239	218	219	316	253	271	340	315	356	300	268	337	307	314	345	289	297	251	323	408	452	411	361	335	361	458	467	455	395	391	291	260	265	268	273	266	279	248	195	173	172	201	198	150	128	145	104	95.2	90.3	91.4	112	114	105	117	149
220	283	288	263	335	306	305	379	328	310	324	313	254	209	259	223	254	270	274	279	325	296	265	231	296	286	250	204	267	236	192	172	184	211	198	238	226	257	326	380	323	280	218	316	412	417	350	395	327	317	363	307	327	350	416	430	406	391	305	337	416	409	377	418	287	271	221	272	445	365	415	319	333	369	395	317	282	318	374	424	373	369	392	403	417	377	357	327	323	343	366	338	356	346	379	307	271	233	224	198	205	251	196	222	200	189	230	157	138	105	118	91.1	86.1	68.3	69.9	102	101	111	128	133
264	297	285	241	257	272	285	349	322	277	280	276	238	187	231	209	245	250	258	300	346	341	311	299	286	311	284	271	294	236	190	217	221	204	223	230	234	248	252	311	253	192	230	277	316	307	336	339	371	329	368	348	252	323	383	459	426	485	352	412	440	344	326	285	391	305	293	294	411	387	452	337	287	354	389	305	282	271	394	397	387	370	354	355	314	340	357	330	315	313	312	355	342	229	290	301	227	293	216	171	235	160	175	210	201	177	205	154	118	123	115	102	97.5	97.3	89.6	81.9	75.9	108	125	125
293	289	266	188	238	281	310	291	352	271	299	310	227	215	257	227	216	275	278	315	274	278	303	297	296	353	339	308	271	216	188	198	224	257	224	221	248	251	244	265	233	211	241	300	328	332	386	368	341	304	332	301	310	348	365	341	359	421	359	370	330	282	288	246	350	494	396	352	283	221	305	333	302	391	411	307	348	354	383	352	293	277	278	317	285	279	333	351	298	285	223	276	350	367	294	215	204	274	190	173	219	174	174	197	182	215	147	128	90.7	94.5	105	122	110	96.2	96.9	79.4	60.7	88.2	83.7	79
244	300	241	226	262	266	259	322	330	282	295	268	241	213	224	196	220	301	310	312	273	290	259	246	319	386	402	364	347	340	255	251	254	238	226	195	240	290	283	234	231	254	257	253	286	378	418	366	327	315	329	323	339	383	345	366	315	318	323	390	289	255	302	436	428	496	470	314	281	257	416	375	359	416	479	411	455	335	360	347	297	293	382	300	304	255	293	319	370	263	254	222	243	244	327	279	170	198	227	186	180	209	207	128	106	106	126	114	96.6	102	112	109	88.2	70.5	66.8	61.8	69.8	79.1	73.3	66.3
242	178	165	200	229	287	262	311	265	279	286	261	256	217	216	196	213	265	292	332	285	326	334	246	238	304	360	371	408	384	330	251	262	267	267	206	218	251	255	232	245	271	234	305	359	364	366	327	323	310	316	358	345	334	340	308	244	242	340	518	412	251	277	432	407	460	450	413	413	363	297	311	335	454	493	462	387	378	286	312	259	299	331	292	213	243	249	344	370	287	231	223	212	152	253	294	225	273	227	162	188	247	224	118	103	172	154	129	113	121	117	136	101	76.5	92.8	68.9	62.6	85.2	73.2	53.8
176	165	164	198	224	250	251	236	278	256	256	261	265	212	214	198	192	276	322	384	309	378	315	270	244	312	304	287	365	345	323	287	240	251	260	232	187	246	242	259	234	239	212	265	347	373	336	320	348	315	294	345	299	401	255	289	174	296	345	535	510	301	361	433	387	509	499	493	457	344	318	298	325	343	329	325	302	246	245	231	224	227	308	315	266	274	257	283	234	257	198	220	173	95.8	152	284	255	246	194	169	141	181	194	154	142	182	184	133	119	151	148	146	117	100	112	80.1	71.7	69.5	55.8	53.1
200	197	213	243	268	238	215	248	300	267	255	257	260	229	227	197	254	321	319	396	339	341	261	213	261	288	340	274	336	303	279	236	213	210	233	209	207	212	231	219	215	252	237	226	253	346	366	323	306	275	251	238	307	301	265	257	204	291	358	412	505	364	375	489	469	429	514	442	326	247	285	247	269	302	295	219	232	189	239	227	210	237	317	350	303	323	291	291	255	255	236	257	234	117	126	189	205	165	155	163	114	154	185	181	147	121	132	129	139	101	113	111	101	99.8	92.7	68.9	75.1	62.4	47.8	32.9
221	218	261	234	257	233	232	251	282	282	258	223	235	191	227	239	286	346	339	356	353	364	260	233	369	310	301	258	282	263	282	274	216	234	233	213	195	216	301	247	261	312	236	240	287	292	283	247	276	268	218	222	171	218	270	223	241	218	280	396	431	395	399	467	485	486	418	394	375	276	324	306	415	385	438	350	342	277	197	244	209	280	321	306	353	345	360	361	301	243	242	267	189	203	144	133	151	98.5	118	158	131	159	135	126	148	142	114	110	125	119	104	103	105	96.8	112	110	94.6	60.4	56	38.4
169	187	233	240	233	221	219	211	247	298	261	252	250	225	219	222	225	263	302	289	293	234	224	230	322	334	339	275	291	240	288	291	251	266	261	238	233	270	290	242	231	270	244	240	282	266	226	218	245	234	253	265	201	215	357	199	271	171	282	399	536	370	345	453	464	487	374	296	340	316	254	308	410	426	356	307	350	336	222	219	259	231	272	293	362	297	288	290	307	266	180	181	228	196	143	130	112	96.2	137	152	135	151	127	134	149	113	98.7	110	118	132	109	104	125	117	102	83	68.5	38.5	25.9	40.1
195	214	235	247	256	260	232	218	228	264	237	287	262	209	225	231	228	191	252	226	247	233	267	282	344	354	367	340	281	250	346	340	258	313	330	266	245	249	257	244	227	194	203	238	282	255	235	213	230	237	231	203	214	248	231	269	298	265	318	326	436	349	264	416	426	323	401	382	321	255	260	318	347	410	364	398	381	268	264	314	248	239	211	246	246	275	270	197	176	186	138	148	159	161	165	129	113	124	203	153	105	88.4	99.2	136	111	86.2	99.2	129	132	125	104	120	175	211	131	65.9	67.9	47.2	38.1	71
225	210	209	221	209	219	219	200	190	220	222	248	271	221	226	219	211	184	192	208	184	224	302	363	311	323	333	288	316	297	311	325	302	282	259	222	262	259	233	244	238	240	220	284	289	240	262	238	250	271	245	234	254	310	306	290	216	197	240	245	333	297	294	358	367	358	501	477	307	248	252	214	324	386	401	350	263	215	238	329	271	223	195	289	277	358	256	175	142	155	125	143	121	117	125	126	103	134	136	133	101	89.6	113	120	119	113	108	138	125	107	113	95.4	132	129	98.4	58.3	52.9	42.9	54.8	46.4
186	211	185	181	186	171	167	169	160	219	217	226	252	274	216	184	213	209	218	199	208	207	228	326	373	292	352	403	361	339	330	357	309	246	265	258	264	224	197	218	216	217	229	291	372	261	246	250	257	268	275	274	251	267	348	361	326	295	182	229	232	229	285	355	481	491	491	401	317	220	278	235	300	315	310	258	232	213	262	324	356	296	154	201	175	180	248	172	152	158	108	108	88.9	112	178	126	98	139	125	125	120	104	126	121	97.4	112	124	113	102	93.2	95.9	87.7	77.9	56.8	47.3	40.8	39.1	45.7	69.6	72.3
189	181	135	153	173	148	157	173	160	211	251	252	247	251	221	199	246	183	176	179	205	175	168	236	341	266	281	330	317	302	273	288	264	254	266	213	235	201	184	182	181	180	212	298	289	290	233	213	226	248	225	209	320	254	280	300	293	247	270	281	229	195	233	326	304	296	305	331	289	274	244	247	324	296	290	256	307	315	266	294	315	300	235	148	162	176	209	131	146	154	123	89.8	114	154	226	186	131	111	125	155	141	122	143	151	140	124	131	117	101	110	64.4	76	58.6	52.9	52.1	36.6	40	36.1	52	63.6
155	226	224	202	200	171	135	153	148	198	262	253	229	201	217	196	202	200	186	169	157	157	161	174	228	222	213	231	259	228	205	229	290	280	244	225	212	211	194	191	202	209	228	279	279	245	299	246	228	242	329	261	301	336	269	250	287	371	371	294	229	225	224	286	275	282	268	289	283	320	346	391	413	335	290	261	332	348	310	276	329	287	345	209	170	145	180	167	180	216	149	124	166	106	116	110	128	170	187	160	129	157	161	162	140	126	134	100	104	98.5	86.8	64	55.9	63.2	47.4	58.3	48.8	57.7	70.5	31.1
157	156	177	202	195	175	145	146	143	158	184	249	227	185	185	167	169	167	164	183	158	154	154	151	176	180	182	197	231	227	224	228	270	316	287	231	242	247	282	219	220	214	246	221	231	200	286	351	205	218	306	370	350	320	270	246	293	362	403	346	175	180	208	236	262	300	295	354	303	336	430	484	422	348	270	295	272	275	335	384	392	402	274	171	124	116	199	158	207	198	135	148	135	123	93.4	124	142	187	199	182	149	136	140	153	150	153	132	132	113	86.2	61	57.1	56.6	45.1	53.5	52.7	37.4	33.1	21.9	16
129	139	162	167	148	160	174	195	196	215	239	229	202	166	175	165	183	169	175	175	176	152	190	193	182	154	171	182	163	193	315	263	262	290	284	249	237	234	253	207	207	235	268	247	213	208	211	247	226	257	316	324	294	337	367	354	300	320	307	222	173	174	176	203	233	279	272	353	302	293	379	439	432	359	273	212	203	193	271	333	371	370	255	161	137	157	207	142	169	144	107	203	160	134	141	138	158	207	198	138	117	135	141	163	217	192	179	152	113	82.1	83.2	63.4	51.7	41.9	38.2	35.6	37.1	39	21.9	34
163	158	224	206	159	141	173	218	253	236	273	199	168	198	199	161	170	199	182	180	181	146	174	205	163	148	147	198	193	201	270	253	224	255	242	216	253	254	204	189	196	209	223	250	216	227	164	219	227	221	296	320	361	326	327	314	309	313	190	161	174	160	162	193	170	238	275	284	306	316	354	419	422	352	334	247	176	154	201	250	355	321	240	159	133	164	185	146	153	128	115	130	166	164	169	136	227	200	211	156	165	179	146	181	189	176	159	122	95.3	78.3	79.4	98.3	46.2	43.7	35.1	63.7	56.1	36.9	30.9	25.3
165	201	220	204	189	158	184	211	241	258	269	253	217	233	192	157	182	202	204	182	196	180	179	146	146	139	153	181	203	205	217	207	187	220	217	202	265	257	247	207	190	186	210	248	267	187	171	186	259	220	235	250	272	292	271	232	260	279	203	188	185	183	179	168	159	159	175	230	277	319	298	311	318	308	275	213	187	139	185	198	263	233	213	175	165	178	121	224	156	156	153	135	158	166	123	162	210	173	209	192	193	169	167	159	164	211	179	144	166	118	81.7	70.6	47.1	38.1	32.2	56.8	78.1	26.6	29.3	44.7
176	214	227	213	204	240	212	271	218	216	249	219	228	202	164	155	148	201	196	180	197	218	187	166	168	157	156	174	181	193	185	172	185	195	217	203	232	252	233	182	209	209	181	266	279	256	181	182	195	230	269	252	230	265	227	203	249	264	195	180	180	169	171	150	150	152	155	213	253	295	269	254	270	242	219	231	135	172	185	172	194	266	173	148	138	194	138	181	171	155	203	190	155	182	202	188	159	178	178	225	219	148	201	190	200	180	194	219	240	126	83.1	65.3	44.9	29.2	39.1	54.4	69.3	49	32.5	49.7
239	225	195	178	190	205	230	262	276	255	239	199	238	214	206	223	154	181	183	179	183	215	197	198	169	180	172	182	168	194	190	184	211	187	189	223	251	239	213	203	231	225	215	238	242	258	250	237	224	189	200	204	215	213	182	183	200	232	207	183	133	151	205	203	172	168	172	243	257	301	307	271	226	211	193	204	174	148	153	155	220	221	163	127	118	125	116	140	186	173	133	160	145	186	249	194	189	211	200	183	216	196	177	177	128	163	201	183	142	72.8	64.6	60.8	46.1	31.2	39.5	62.9	78.2	91.3	40.6	29.6
272	259	234	192	181	177	181	252	257	266	240	232	219	250	297	229	182	206	170	186	233	229	258	212	160	161	178	173	166	192	169	200	229	195	198	216	265	222	229	178	179	218	252	330	282	299	300	256	230	220	201	194	192	243	196	182	239	240	211	167	172	176	184	163	214	190	188	213	268	273	245	239	210	177	188	173	149	146	162	139	102	157	164	167	131	145	144	146	182	139	96.4	93	158	186	198	202	170	222	207	144	161	186	132	137	158	139	146	96	64.1	57.2	50.1	52	42.8	28.5	33.4	62.6	53.4	46.7	39	40
234	240	257	251	227	182	207	200	184	182	212	203	171	166	189	178	148	194	190	198	178	260	202	165	140	151	158	181	176	160	148	175	211	203	220	178	209	166	218	220	230	239	219	334	268	278	338	297	250	182	199	175	162	170	151	136	168	233	198	152	159	146	151	140	154	173	201	203	229	220	207	232	218	172	184	132	126	118	162	151	159	168	140	173	93.2	90.3	168	282	259	171	162	158	168	157	224	274	238	195	177	140	136	126	160	166	275	203	127	116	89.3	68.7	55	54.1	40.3	34.1	33.4	35.3	32.8	32.2	24.7	25.8
252	268	258	268	278	243	237	203	187	173	167	160	130	115	127	163	163	193	197	187	172	214	159	164	152	154	215	180	176	176	157	178	204	236	218	194	180	189	214	205	250	242	247	247	218	197	215	313	211	168	202	172	161	136	113	138	166	208	173	186	167	143	135	162	136	162	212	228	227	234	213	203	203	193	164	112	127	206	157	200	175	138	102	95.9	94.8	76.2	128	224	253	168	119	264	131	123	138	216	187	176	176	132	132	119	135	271	217	207	126	101	89.5	72.6	60.7	61.4	51.7	36.2	32.5	40	27.7	26.1	27.7	33.3
225	341	289	274	309	275	270	256	223	209	162	171	148	132	134	158	174	201	217	204	191	191	184	154	172	187	205	202	212	202	167	181	201	233	212	196	200	199	186	177	183	173	245	212	213	176	187	221	172	197	192	191	167	128	107	144	161	203	196	211	154	137	128	133	144	181	203	211	198	255	217	181	170	187	166	138	149	110	112	194	149	112	93.8	119	133	124	122	214	267	185	155	158	109	88.9	111	184	154	203	165	157	164	131	144	142	120	79.1	81.5	82.4	77.6	77.2	66.8	66.5	58.9	50.4	44.2	43.2	34.5	27	28.5	45.4
182	292	342	368	331	314	323	291	299	277	259	189	196	159	139	146	170	220	186	192	194	174	167	154	144	184	242	211	220	234	174	195	206	208	215	168	194	209	191	173	171	164	168	181	197	175	177	210	308	224	195	195	163	134	133	169	145	160	177	173	155	128	137	126	163	175	208	281	213	232	210	190	176	181	192	133	115	106	89.6	130	145	94.3	83.9	101	127	128	135	182	248	190	127	75	59.9	58.9	91.4	118	133	205	185	144	144	122	117	180	149	84.4	64.1	77.2	75.8	99.6	91.3	65.5	60.3	52.9	47.7	49.8	37.5	50.5	33.7	31.9
194	274	400	331	285	310	346	310	313	266	224	186	153	147	149	156	153	187	168	170	206	192	164	129	114	161	270	222	212	185	157	184	191	175	170	205	228	235	241	223	207	194	194	255	277	229	242	252	261	253	207	220	208	193	188	194	178	161	145	154	190	162	166	155	170	181	221	253	219	229	214	196	200	209	194	151	123	134	110	122	120	106	89.5	76.1	80.3	107	115	129	164	131	135	98.2	55.5	71.6	74.9	110	177	200	164	138	154	140	119	115	68.3	83.6	90.6	74.5	78.5	90.3	70.8	54.7	62.2	54.6	48.7	68.9	51.8	30	21.4	20.2
209	277	340	308	241	234	269	298	345	291	231	190	183	170	161	167	169	176	188	204	211	217	174	130	108	139	193	240	203	171	169	167	191	161	161	199	240	246	237	227	192	172	184	222	232	219	235	226	237	259	233	185	236	221	195	168	183	158	153	141	168	167	149	172	170	202	167	191	189	177	229	220	202	204	174	155	128	115	133	149	112	85	54.3	57.1	63.3	84.4	92.2	110	129	140	125	96.4	50.8	62.1	103	105	117	119	134	140	143	119	95.3	64.9	47.8	74.1	77.8	70.2	73.7	73.5	64.4	51.8	58.4	61.8	43.6	47.6	38.3	24.8	25.5	23.4
237	277	259	248	213	196	183	265	370	351	266	232	231	231	188	200	227	204	168	171	180	205	188	144	137	143	198	191	217	239	209	161	153	132	136	194	253	231	223	192	197	186	173	188	163	185	201	249	234	227	217	229	224	217	186	133	154	158	149	131	138	147	105	133	136	160	153	173	185	190	241	228	218	244	195	181	154	124	128	183	120	85.1	67.8	57.6	65.4	71.5	103	103	127	203	112	68.9	66.9	77.7	109	116	144	109	118	94.4	95	89.3	78.1	61.4	60.9	69.8	91	83.2	77.1	73.3	71.6	55.4	56.2	49.1	44.7	43.7	38.4	31.3	22.9	21.5
217	245	236	212	183	156	147	234	375	399	345	281	274	272	211	237	239	255	220	167	150	160	166	127	138	153	171	179	230	235	199	154	141	120	133	194	219	201	203	183	187	197	195	156	145	148	173	245	260	182	206	208	202	209	182	145	128	137	158	152	122	138	129	108	120	145	122	163	195	214	237	240	215	211	193	175	198	140	143	134	127	153	112	86.8	71.2	124	82.5	107	182	170	111	71.5	82.5	100	177	139	104	102	89.8	86.5	93.7	85.9	100	96.5	64.4	63.8	89.9	97.6	93.1	105	80.5	55.4	49.7	53.3	49.5	50.7	31.9	28.4	14.1	13
160	172	175	147	141	108	118	143	186	245	285	353	334	285	287	243	215	230	242	187	170	164	164	169	165	165	154	194	207	208	233	189	135	128	149	181	192	177	165	156	173	171	195	177	183	186	183	174	241	178	165	198	191	214	190	143	140	133	170	161	157	122	153	130	108	114	101	140	169	175	191	192	196	173	172	154	217	114	116	95.5	109	109	104	120	108	101	100	97.1	146	108	105	111	68.2	84.2	138	131	89.3	90.7	78.9	94	97.3	63.4	92.5	87.1	73.5	109	99.8	85.9	91.9	125	99.7	58	62.2	75.3	61	62.1	25.9	10.5	9.31	16.6
143	121	119	132	124	119	116	108	121	142	191	279	295	305	311	274	227	197	208	190	208	177	142	156	150	159	159	190	173	175	200	208	142	126	145	153	163	155	139	129	148	182	204	236	216	237	183	173	145	155	179	183	209	220	186	155	146	125	152	179	177	176	198	190	151	101	108	144	198	184	169	142	173	169	145	141	142	108	114	81.7	101	104	114	133	103	79	106	81.1	106	89.6	86.2	97.5	74.1	95.3	108	99.2	129	100	105	73.9	85.4	82.3	105	99.9	74.3	50.3	120	80.4	79.7	103	96	61.4	58.9	70.9	39.6	23.3	13	16.5	15	16.7
153	124	121	114	157	144	135	102	97.8	111	138	134	134	163	211	269	290	261	213	214	230	203	134	146	153	172	159	178	166	147	165	183	187	139	132	167	178	180	165	147	149	170	198	199	197	188	155	156	146	171	268	234	215	225	183	169	148	121	146	152	159	167	240	189	163	123	139	171	213	178	176	203	180	164	146	118	110	109	93.4	92.9	111	115	107	117	91.7	85.9	119	96.4	121	96.7	85.2	80	95.6	123	142	136	156	124	121	78.3	108	101	70.1	69.3	76.3	56.2	58.6	78.5	75.7	82	75.4	62.5	43.4	45	35.6	30.1	23.5	18.2	14.2	15.2
131	149	159	131	133	138	132	121	118	115	128	109	69.9	73.9	97.8	163	194	177	172	203	199	172	155	154	163	166	138	146	153	157	171	168	160	160	147	170	204	215	202	180	170	159	169	194	182	182	161	142	116	166	254	219	193	202	196	192	167	133	177	139	162	181	229	211	170	131	125	160	159	164	180	181	163	129	138	111	99.9	104	86.4	104	101	88.6	67.9	105	140	106	97.8	87.9	110	126	113	116	133	119	116	114	127	107	85.8	94.3	85.2	112	76.2	58.6	47.2	82	105	89.4	77.1	65	54	45.4	40.4	37.7	37.8	37.5	26.7	12.1	9.84	13.4
120	134	131	120	112	118	120	122	105	92.4	91.8	77.9	64.8	59.1	51.1	75.2	115	130	122	163	161	198	191	179	173	167	135	139	146	180	198	210	199	200	202	210	254	269	254	188	152	168	170	180	133	164	184	164	128	177	278	244	185	174	173	210	174	212	185	163	160	161	182	177	197	161	154	218	213	197	212	225	213	178	160	122	118	113	86.8	77.3	73.4	60.5	64.6	71.1	121	88.7	77.3	63.7	68.6	99.7	118	155	183	164	201	149	153	111	88.9	73	37.1	35.6	78.3	45.9	65	102	80.4	80.6	87.6	78.4	80.7	69.3	51	39.8	30.4	20	14.1	12.2	19.6	15.3
92.2	112	122	130	124	136	123	124	108	95.1	74.1	80.6	68.5	71	51.3	46.2	49.6	82.7	115	155	149	165	257	228	214	152	138	146	156	185	196	208	223	232	240	246	286	315	326	203	196	193	162	172	163	192	173	201	184	181	270	235	197	170	182	174	172	197	149	174	183	167	194	198	211	165	151	221	260	232	236	202	180	194	185	154	143	115	101	75.4	44.3	45.4	64.5	96.4	81.9	72.8	74.4	99.4	77.4	82.8	94.1	155	224	159	175	160	185	133	96	77.2	46	44.3	56	62	86.2	95.8	56.7	63.4	62	82.1	109	73.4	49.1	34.8	39.5	30.8	13.8	14.3	8.97	16.9
90.2	101	102	116	135	145	125	102	99	100	78.9	90.9	61.7	59.2	56.3	37.7	31.6	52.7	103	161	160	173	222	212	205	168	157	153	169	182	185	209	234	251	293	329	385	336	375	241	173	161	185	154	186	194	178	198	183	174	222	240	231	188	173	244	221	188	140	164	172	172	221	233	212	175	156	229	303	214	201	216	196	200	209	232	194	135	126	95.8	67.7	69	90.6	86	91.1	67.8	68.5	79.2	78.2	75.9	85.9	85.3	167	175	172	173	185	130	108	76.1	62.7	47.5	39.5	47.6	94	79.5	78.3	51	71.9	70.5	55.7	62.4	51	50.3	38.6	27.3	13.7	6.77	9.53	16.2
116	129	100	109	116	117	107	76.1	80.4	82.8	76.6	111	75.3	65.7	49.8	40.9	32.3	49.5	74.3	202	224	207	219	208	202	196	163	165	158	164	188	228	242	251	273	313	377	312	286	204	177	145	160	167	165	161	151	151	180	194	148	179	223	228	176	216	243	183	164	182	264	244	230	191	182	160	185	222	263	211	191	195	185	192	228	260	229	174	138	118	88.8	75.4	86.4	79.6	101	73.9	64.1	57.6	75.4	68.8	69	97.5	126	144	168	158	149	145	85.9	60.6	79.6	88	79.9	53.3	96.9	70.3	78.9	61.5	75.7	70.1	83.3	52.8	47.9	57.3	45.2	36.2	26.5	10.3	7.49	15.5
115	120	97.7	67.7	83.4	84.6	75.8	73.6	73.4	72.5	67	119	86.7	68.2	36.2	31.1	27.9	36.9	64.6	146	239	267	247	242	275	267	216	154	146	152	198	289	293	252	277	236	254	273	224	182	155	170	180	184	169	157	160	154	172	183	148	139	172	166	196	170	216	178	230	221	213	195	174	167	160	153	175	216	221	212	197	200	165	188	227	210	200	159	131	121	96.5	87.9	83	70	85.5	70.6	71.3	87.3	94	68	75.5	112	132	161	173	181	193	166	147	82.1	94.8	77.8	67.3	41.9	45.9	44.3	30.2	48.3	55.4	69.5	63.1	50.2	45.7	35.4	65.3	42.6	42	40.7	4.66	8.73
110	107	78.9	86	75.5	70.1	66.9	78.6	57.9	53.8	63.5	96	89.6	57.5	39	29.5	32	28.4	35.8	119	207	258	225	219	244	237	242	200	167	160	191	267	296	284	312	234	238	233	233	197	169	180	194	179	154	160	181	172	159	158	127	142	127	134	139	134	125	126	184	212	209	170	169	146	158	187	199	187	162	197	238	274	202	178	201	205	176	142	117	109	90.7	109	83.8	88.8	107	85.3	68.5	83.8	91.2	70.3	81.6	107	140	151	204	182	199	193	143	126	99.5	77.8	56.3	44.8	45.9	35.2	40.9	41.9	66.1	60.2	46.7	48.4	34.8	30.9	36	33.1	23.9	23.7	5.18	7.55
34	28.4	39.9	59	69.8	40.5	46.4	61	53.7	48.1	62	113	106	69.9	42.4	39.9	45.6	36.5	30	67.3	133	251	247	190	227	232	202	233	214	193	197	236	268	312	276	254	246	239	227	229	213	175	219	199	173	159	160	148	142	136	135	142	126	128	142	169	160	172	168	157	180	168	151	137	136	171	166	162	148	184	187	236	206	181	166	186	180	163	123	111	121	117	89.9	83.7	97.1	94.3	86	87.3	92.7	90.1	102	129	159	171	196	220	213	173	138	125	79.4	71.1	50.8	31.4	38.1	32.5	33	53.2	51.8	21.6	30.8	46.7	32.2	21.5	14.8	17.4	18.9	8.27	10.6	12.7
12.4	11.7	11.2	17.3	13.3	13.4	26.3	34	24.7	28	49	103	111	113	62.8	48.8	49	41.4	37.7	40.2	122	134	181	206	242	222	185	177	210	225	251	248	249	239	284	304	312	241	204	172	164	162	183	178	183	158	150	134	137	129	131	135	136	130	208	224	231	197	143	152	167	142	140	125	150	173	165	174	189	196	154	220	251	273	163	177	167	194	143	143	105	147	80.5	86.7	93.3	78.9	88	98	99.8	119	114	146	144	151	149	195	195	147	145	115	101	61.1	50.7	34.4	41	39.6	38.7	58.6	60.1	24.8	16.6	20.2	30.7	32.3	18.7	36.9	24.3	12.8	14.7	20.1
5.08	4.59	5.27	1.94	1.24	0.993	2.62	4.73	18.6	15.7	28.8	64.6	86.9	60	58	54.7	49.8	34.9	32.6	46.2	58.3	75.4	89.1	178	190	220	206	166	198	277	295	306	263	198	202	305	304	276	177	155	141	151	187	186	169	149	163	146	145	141	141	125	139	160	186	225	229	202	209	161	180	136	125	139	198	208	199	224	220	176	156	172	193	226	158	131	133	150	130	151	122	113	102	100	127	84.7	86.1	101	103	143	137	136	139	128	133	180	191	139	136	103	89.6	61.3	63.7	51	29.3	23.4	33	30.7	37.7	36.9	21.8	13.9	11.3	13.2	17	36.5	39.8	35.3	19.6	21.7
3.29	2.59	2.17	0.815	0.539	0.384	0.384	0.979	1.73	14.3	34.7	59.7	68.8	63.5	44.7	52	60	54.2	41.9	49.2	55.3	74.9	79.6	114	140	147	152	146	156	218	330	301	273	236	223	278	425	361	231	159	134	144	166	160	171	162	140	144	150	139	132	118	145	189	166	172	209	230	181	141	144	119	125	148	196	211	203	173	152	154	158	165	157	170	121	116	130	143	143	142	126	103	121	108	102	120	95.6	108	128	175	162	156	160	139	138	191	178	148	131	117	85	75.5	83.4	65.8	37	35.4	35.4	32.6	27.6	41.6	42.7	28.3	15.8	26.2	25	33.4	41.5	24.4	18.8	19.4
2.11	1.43	1.08	0.346	0.161	0.0694	0.0754	0.167	0.32	5.89	18.3	53.4	52.1	57.2	46.5	54.6	73.3	51.7	68.1	88.6	81.1	69.9	73.9	149	104	100	112	133	114	148	189	292	290	252	260	358	354	342	290	141	132	159	134	138	151	157	125	124	123	138	135	138	145	161	149	175	215	258	176	122	104	120	123	227	183	189	155	146	158	151	150	172	183	146	109	114	103	108	117	147	131	127	124	111	117	122	127	129	138	140	112	133	169	131	141	172	169	164	117	132	98.7	99.6	79.1	48.3	39.8	44	42.8	37.3	23.4	35.5	33.6	44.1	13.5	17.2	40.7	39.5	43.3	37	40.5	47.7
1.67	1.05	0.792	0.268	0.116	0.0519	0.0573	0.129	0.172	0.246	1.93	18.4	46.6	29.6	38.4	56.7	64.5	62.4	63.5	85.8	97.8	87.5	80	66.2	83.9	175	93.9	64.7	67.9	77.6	120	212	340	369	295	350	274	266	270	142	131	116	105	123	131	149	120	120	115	127	145	157	139	150	138	182	190	174	170	126	114	106	121	132	144	145	133	149	196	153	162	180	176	148	139	131	110	78.3	114	146	168	166	119	91.4	110	183	156	136	148	128	93.9	135	167	149	141	127	157	148	117	124	139	105	78.4	54	44	51.4	50.9	39.4	28.8	27.6	27.6	31.4	15.4	15.2	28.5	34	36.3	54.2	69.6	57
0.178	0.0509	0.152	0.0805	0.0382	0.0182	0.0935	0.154	0.0931	0.153	0.264	0.534	13	17.6	21.8	43.5	39.8	51.2	54.6	78.2	73.9	71.7	62.6	71.9	78.9	105	67.2	60.6	49.3	54.7	73.5	127	207	314	286	365	343	251	217	181	154	128	118	117	120	151	118	115	132	137	197	162	156	154	161	184	171	155	125	106	100	88.7	91.6	108	102	94	84.1	79.3	121	120	126	125	109	135	109	133	107	124	108	125	148	137	94.5	101	117	154	141	136	171	151	141	139	157	170	149	121	123	103	119	108	113	81	75.6	52.9	50.6	58.9	58	41.6	34.3	27.7	25.4	14.8	9.76	14.1	24	25.1	29.8	39.5	47.8	53.2
0.408	0.663	2.62	0.535	0.159	0.00866	0.0354	0.236	0.0583	0.0818	0.164	0.141	0.993	2.52	9.28	46.4	43.6	45	45.9	75	63.9	59	47.3	55.4	51.7	55.3	50.2	55.5	49.8	45.5	61.1	73.1	131	196	266	444	360	342	332	234	175	156	118	102	106	117	124	120	154	144	169	172	189	164	149	194	132	210	127	132	133	108	94.1	104	78.5	80	76.1	74.4	89.2	84	108	102	97.1	110	112	98.5	103	102	110	121	119	106	99	123	166	133	146	138	150	148	149	142	146	153	140	128	112	115	129	108	98.7	75.4	64.9	56.1	54.1	49.2	43.4	28.3	33.4	30.7	27.9	20.8	16.8	21.3	30.8	29.3	26.7	37.7	41.9	46.2
0.305	1.56	2.23	0.509	0.219	0.22	0.15	0.326	0.0355	0.0402	0.0422	0.0203	0.419	0.772	3.91	53.3	42.5	41	43.2	54.7	76	74.1	70.2	48.6	40.2	44.9	43.9	45.6	66.1	73.9	62.8	66.1	96.2	124	199	248	234	247	231	230	195	167	132	105	97.1	116	125	120	152	149	161	163	167	148	141	169	163	132	127	144	161	131	78.5	81	52.4	86.1	81.5	65.5	115	86.9	121	101	79.9	94.6	157	171	166	112	117	114	117	103	105	135	141	168	182	170	173	186	174	189	162	163	165	136	118	138	135	128	99.6	81.2	61.8	59	53.7	69.4	52.1	40.3	33.4	21.3	24.6	32.1	18.2	25.6	38.2	38.4	28.4	34.1	34.9	55.6
0.305	0.587	0.127	0.0497	0.026	0.0762	0.56	1.26	0.259	0.0285	0.149	0.0459	0.204	0.65	2.19	17.3	28.3	40.2	54.4	76.3	63.4	92.5	78.2	51.5	47.9	45.8	45.6	59.2	64.3	83.8	95.3	81.6	86.5	92.9	131	127	112	118	123	137	134	115	107	104	103	96.6	117	134	155	157	142	164	162	138	129	113	132	116	129	141	142	101	79.1	82.6	58.3	77.2	89	60.2	56.9	67.9	102	96.5	94.4	87.7	105	111	122	103	76.4	155	165	137	103	122	141	135	149	187	205	164	172	199	211	228	206	176	134	150	157	133	103	71.4	81.6	57.8	53.5	53.8	53.7	57.3	37	29.4	26.3	31.3	21.5	25.6	22.2	28.4	26.2	39.9	39.2	61
