52.6	61.6	92.1	144	96.2	55.4	54.1	79	97.5	127	161	207	158	109	102	115	74.4	66.3	86.5	50.9	57.7	39.3	39.6	46.5	65.4	109	77.4	36	18.4	18.7	21.4	46.1	45.3	62.1	43	49.4	79.1	118	120	86.9	98.9	132	146	133	150	108	106	82.4	68.7	72	55	71.9	46.6	44.2	29.9	83.4	89.4	81.7	45.5	51.2	48.2	29.8	23.6	39.6	31	44.5	73.4	64.1	59	105	104	107	104	101	111	103	134	158	150	158	141	134	117	90.8	66.6	68.7	73.4	68.2	71.9	91.1	100	106	116	122	140	107	95.5	91.3	121	135	151	162	109	121	111	118	122	128	140	147	133	163	174	128	124	115	133	129	119	124
48.5	84.5	147	159	96.1	77.8	68.6	114	141	148	129	177	115	104	79.6	64.7	66.8	47.4	73.1	53.3	43.4	32.7	45.7	48.9	72.6	89.3	68.6	58.4	37.1	27.7	36.4	52.8	47.6	49.2	53.3	62.7	90.4	122	140	123	111	136	174	150	138	116	114	108	75.9	55	43.3	42.4	43.4	40.6	33.3	43.2	60.8	50.3	39.1	40.4	23.4	47.8	51.7	27.5	39.1	48.6	55.9	30.1	40.9	62.3	94.2	112	106	86.7	95.3	100	133	148	166	181	258	189	128	106	100	78.5	70.1	85.2	87	104	92.8	89.6	135	137	141	112	105	74.7	87.1	117	120	116	116	105	99.8	90.8	101	109	114	122	126	130	136	118	116	136	150	144	171	178
63	105	180	138	114	86.6	63.5	68.2	110	146	153	137	105	132	159	89	114	64.7	78.3	52.7	58.6	66.2	89.9	80	71.3	67.6	52.4	67.8	33.3	21.1	26	50.5	43.4	47	60.1	66.6	76.2	94.9	112	95.9	104	102	114	99.3	99.3	90.1	117	112	77.1	60.8	43.8	41.8	31.8	27.7	11.5	18.3	15.5	47.4	23.8	24.8	32.8	42.9	31.6	17.7	29.4	30.1	37.6	34.1	33.6	59.1	78.2	71.3	101	126	124	134	170	133	101	124	196	160	190	142	163	107	81.1	84.7	102	80.4	85.9	54.7	86.5	100	101	119	96.2	77.2	69.1	70.4	87.2	104	113	106	116	104	95.8	85.7	97.1	90.4	88.5	103	120	117	136	144	118	116	153	119
96.1	105	134	126	111	101	93.7	93.4	103	145	145	126	157	157	107	83.2	135	71.2	80.8	67	61	88.9	89.3	80.2	70	56.3	40.6	38.8	30.6	40.6	76.9	106	95.5	95.9	101	79.7	56.8	64.9	76.3	72.9	76.1	76.6	71.1	57.6	62.4	64.9	74.6	62.2	66.9	72.5	43.7	41.1	19.5	14.1	6.08	10.2	32	32.4	46.5	68.2	61.5	50	38.6	34.1	21.8	25.1	27.7	31.6	48.7	50.8	40.7	74.4	91.8	109	186	155	129	112	112	169	181	175	161	137	174	138	122	118	102	73.6	74.1	44.6	74.3	97.4	71.1	80.4	91.6	79.7	76.3	70.8	74.9	81.2	85.6	84.7	85.2	88.3	108	97	75.5	61	56.8	89.1	76.7	85	126	140	126	131	152	145
133	93.5	100	106	132	93.4	123	181	175	172	133	110	168	110	116	108	104	101	92.2	76.5	63.9	69	65.2	70.4	67.2	53.9	56.9	94.5	65.4	79.7	119	187	184	124	92	70.3	53.8	56.9	55.3	57	74.4	61.5	54.1	45.9	53.5	65.5	61.1	51.1	56.9	50	35.1	17	6.47	4.82	4.56	9.29	16.4	21.8	42.7	44.9	50	49.7	38.5	26.9	20	21.3	19.5	40.8	53.6	49.7	34.3	41.3	75.5	115	210	147	134	135	147	217	225	186	193	158	150	134	130	156	140	107	71.5	48.1	62.2	77.1	82.4	74.2	98.5	69.3	66.6	57.2	64.5	59.3	60	68.8	64.5	86.4	98.5	97.4	105	80.1	55.5	83.4	70.8	72.6	115	147	147	143	136	158
73.1	67.9	70.8	63.5	60.3	55.3	125	165	134	157	154	129	117	109	135	102	108	96.9	87.5	72.7	55.9	61.6	69	84	103	111	133	196	201	218	245	185	112	103	82.4	53.5	39.9	50.9	54.6	48.7	61	61.7	63.3	73.1	75.7	74.3	68.5	58.6	48.4	31.3	25	13.3	12.3	10.6	9.56	6.25	7.31	8.99	30	42.9	58.4	67.5	39.1	23.5	16.1	15.8	16.6	25.2	20.7	21	18	25.3	90.2	145	184	104	101	136	171	228	247	197	208	190	215	191	156	147	153	115	81.9	55.3	74.3	92.8	60.9	57.9	79.7	76	85.3	58.8	61.2	62.5	55.3	60.8	74	71	73.9	77.5	84.3	78.9	65	79.1	71.2	81.2	94	91.3	128	133	136	171
53.2	43.4	73.9	89.9	66.4	97.5	179	174	168	201	216	183	146	157	115	94.6	115	110	112	99.7	91.8	78.6	98.3	115	97.9	86	105	256	182	180	187	129	67.1	72	63.3	47.5	60.5	61.6	70.5	67.8	79.3	64.5	61.4	84.6	77.3	59.2	55.8	58.3	55	25	23.4	16.1	15.4	12.2	9.42	7.37	16.5	11	10.5	40.6	53.6	58.6	53	32.4	19.2	14	15.4	7.92	20.8	26.8	44	77.8	134	150	163	66.8	73.5	99.6	124	169	206	172	118	147	181	132	120	126	121	127	94	45.9	60.4	74.3	58.3	57	94.7	74.2	64.3	54.5	63.2	58.3	55	52.1	77.3	70.3	85	67.9	49.3	91	86.2	82.3	92.8	92.1	116	94.8	83.2	98.3	119	147
61.5	65.2	77.7	146	138	192	194	176	131	120	165	196	136	118	95	111	112	119	123	97.7	92	79.7	90.9	80.6	88.8	87.3	81.2	156	162	172	111	73.9	48.4	46.8	44.8	41.5	51.1	73.4	97.5	87.2	77.5	67.4	54.6	56.7	60.6	47	55.5	42.5	39.2	21.8	29	23.4	22	16.2	10.1	10.8	10.1	5.65	4.44	17	35.3	41.2	34.4	17	22.6	15.3	7.55	19.4	35.6	51.7	49.2	65.2	86.2	81.9	82.5	57.5	56.6	100	138	174	155	156	129	103	141	134	150	117	114	110	91.7	61.9	42.6	41.3	42.6	30.6	59.2	34.6	19.9	27.2	29.6	32.5	38.7	27.3	41.5	63.6	51.9	48.4	49.2	46.5	58.7	81	65.5	73.1	104	103	87.7	76.1	92.2	98
79.7	81.5	78.1	112	97.8	172	172	164	117	99.3	143	169	139	124	109	156	173	159	97	130	140	95.3	99.2	96.7	79.7	58.8	64.6	112	135	96.9	62.7	52.9	43.7	35.7	62	54.4	53.9	82.2	98.4	82.5	62.7	61.2	41.4	58.5	47.3	35.6	47.2	54.8	40.7	28.9	35.2	36.6	25.4	30.2	28.3	11.3	9.91	6.63	5.16	11.6	37.6	36.7	9.7	15	19.2	14.8	10.6	8.25	24.6	56.7	31.9	21	24.2	28.9	49.3	39.6	50.5	98.2	112	159	127	135	106	87	140	153	131	94.2	89	81.7	80.7	41.9	52.8	35.7	32.1	25.6	34.1	28.4	12	21.5	32.9	38.8	15.6	32.4	39.1	34.6	41.1	39.3	41.4	31.1	66.3	71.4	55.7	55.8	95.4	119	92.4	80.7	82.4	77.1
73.8	90.1	97.1	87.5	95.8	122	148	99.2	58.8	91.3	83.4	104	142	149	147	134	111	116	136	130	88.7	79.5	79	121	103	68.2	43.1	133	121	121	92.7	92.9	123	95.2	86.4	76.7	63.2	68.7	92.9	68.8	57.7	43.2	43.1	58.1	54.3	58.7	51.6	74.3	60.6	55	39.7	51.4	31.3	29.2	24.6	11.9	5.09	4.86	6.04	12.5	11.3	9.3	5.45	12.6	9.71	10.4	19.8	31.5	47.9	48.1	46.3	26.3	33.5	31	47.2	44.4	39.2	75	97.5	91.6	110	72.9	45.5	45.2	71.9	111	66.2	78.7	37.5	40.9	28.9	22.3	35.3	23.8	17.9	17.4	28.6	31.6	12.9	12.3	40.7	24.3	24	37.1	26.7	18.6	20.2	36.9	46.2	27.1	33.5	61.2	57.3	59.6	84.2	96.7	94.4	76.7	84.9	64.3
62	84.4	84.6	84.3	98.5	92.4	76.8	56.1	71.1	98.1	106	102	194	149	121	110	93.5	119	120	103	84.8	53.1	69.7	94.2	86.7	80.1	55.6	87.5	117	128	103	118	109	121	127	90.3	99.4	74.2	53.8	59.5	56.8	52.7	71	88.8	73.6	57.8	44.8	93.7	90.9	69.1	52.6	52.7	36.2	46.7	23.4	14.2	9.2	5.71	5.51	10.5	11.1	7.73	6	12.9	11.8	13.6	12.1	31.4	37.9	28.9	23.7	31.7	40.8	82.1	74.1	40.9	15.3	19.9	25	34.3	59.5	54.6	59.6	45.1	77.6	79.1	58.7	56.3	40.8	27.6	22.9	17.4	26.5	21	17.4	16.7	25.4	19.1	25.6	18.7	19.8	26.5	33	32	36.4	22.4	29.6	35.8	36.3	62.1	29.5	30.3	52.7	66.9	64.3	68.8	90.4	66.7	61.7	45.3
50.2	82.8	82	75	114	113	82	71.3	99.7	149	123	131	137	103	108	114	113	131	96.1	97.5	79.6	45.5	36.4	68.8	70.9	80.2	51.1	52.6	56	63.4	88.6	104	116	102	85.6	68.7	60.1	76.8	40.7	45.6	47.7	44.5	67.4	99.3	74.8	61.3	59	90	80	80	60.2	48.6	49.3	51.5	27.5	14.4	11.2	8.2	6.24	5.09	7.7	10.1	12.1	10.6	5.56	8.93	10.1	37.1	33.4	58.1	32.9	66.6	91.5	89.4	80.3	59.5	38.4	52.6	45.1	24.1	31	49.1	61.4	96.7	83.1	154	68.6	24.4	23.7	18.3	20.6	23.9	12.7	15.4	14.2	14.3	18.3	15.8	17.1	13.7	9.84	25.3	25.3	19.1	31.8	20	32.6	35.3	27.5	22.2	16	11.4	24.2	33.9	44.2	45.2	53.5	53.3	53.2	44.9
58.1	71.3	75.6	77.4	97	98.2	63.2	97.3	118	126	158	136	152	136	124	100	151	130	84.4	118	77.3	41.9	52.3	62.6	72.2	62.7	56.4	89.7	98.8	110	116	131	116	111	86.8	64.1	67.9	64.4	37.6	33.3	43.1	58.8	58.7	86.4	93.4	72.7	87.1	81.5	69	65.4	74.2	61.3	64.5	67.1	32	19.7	28.4	17.9	8.7	9.35	11.8	22.9	34.4	22.3	41	22.2	11.3	19.3	33.4	33.3	43.4	68.1	96.3	110	83.3	84.2	53.5	57	37.7	24.6	21	39.6	39.3	76.9	103	133	72.8	83.8	32.9	17.7	38.2	24.1	10.9	15.5	12.6	16.4	12.9	20	17.6	4.29	17.1	22.1	21.7	12.4	18.6	25.4	27.7	17.2	7.92	14.7	8.34	14.2	18.8	31.3	28.8	25.7	22.7	27.3	32.8	33.1
79.4	87.6	84.3	79.7	81.2	53.2	72.6	117	112	144	168	159	207	179	128	97.8	91.1	72.5	86.1	90.9	67.7	55.8	55.4	75	52.9	48.3	63	81.4	66.4	91.9	114	104	119	114	85	77.3	61.8	37.7	42.1	51.5	58.1	53.3	48.5	53.9	69.4	82.8	71.6	103	86.9	79.3	94.6	106	92.2	62.1	45.1	30.3	29.4	20.7	16.1	12.6	9.15	15.7	20.6	18.7	24.1	19.4	14.5	17.9	19.5	16.5	26.7	39.1	75.7	69.8	60	73.3	37.1	26.4	17.4	22.7	19.3	21	24.3	19.2	42.1	93	63.9	60.4	40.1	30.1	17.7	22	7.85	10.4	6.84	5.58	2.68	7.01	4.68	6.03	4.74	3.63	6.93	4.59	12.7	24.5	7.77	1.5	1.71	0.81	8.91	13.5	11.6	8.64	13.2	9.12	11.5	28.8	39	31.4
126	144	125	76.4	70.6	73.8	147	97.8	93.7	111	134	161	232	197	170	136	80.8	58	71	76.2	70.5	73.5	66.3	74.5	71.1	77.6	94.9	105	103	140	143	141	123	114	79.8	83	40.4	33	39.5	48.9	49.2	71.7	62.9	69.6	112	105	80.3	116	103	114	129	131	104	77.6	65.9	31.6	28.6	34.7	19.4	19.6	13.8	15.1	23.7	8.78	10.4	14.2	11.9	18	14.2	15.3	27.1	34.3	56.8	44.6	35.6	46.5	27.6	11.4	12.2	16	16.7	14.9	14	29	65	83.8	65.7	49.6	31.1	30.8	11.8	9.45	7.2	9.72	4.96	12.6	3.87	4.53	3.63	8.79	2.76	0.39	0.24	0.93	0.57	14.6	5.46	0.12	0.3	7.68	15.5	5.61	2.37	3.9	9.21	7.86	8.7	22.2	20.8	13.8
90.8	121	108	74.1	78.9	89.7	81	82.9	92.2	129	169	195	185	173	176	119	90.6	109	84.4	98.9	93.5	94.6	95.9	107	95.9	128	128	132	146	172	231	201	151	115	96.9	85.6	49.3	53.8	48.5	57	59.5	62	80.9	90.9	86.8	113	113	153	143	135	158	175	119	100	94.3	66.5	40.9	55.3	51.7	22.1	27.1	9.28	16.9	11.5	8.2	9.81	10.8	11.9	11.9	15.5	18	30.7	30.8	30.5	37.3	35.6	46.5	10.3	11.9	19.6	15.4	12.8	14.7	19.5	25.3	64.7	54.4	31.4	15.5	17.8	9.07	4.72	5.6	6.9	15.5	6.76	19.4	20.2	4.89	3.6	0.93	0.93	0	0.09	6.78	0.78	0.9	3.57	0.93	6.27	12.9	1.08	0.27	0	0	2.19	6.54	9.42	9.9	8.58
101	123	118	59.6	65.2	84.8	111	120	120	155	207	210	146	163	117	86	78.1	104	99.1	119	102	104	146	146	88.3	87.5	115	159	174	185	183	170	155	130	102	63.8	58.6	73.4	52.4	55	71.2	55.4	73.4	101	89.9	114	114	150	143	147	156	177	169	153	111	83.2	94	89.3	77.1	34	24.1	22.2	28.9	19.7	9.73	15.9	20.4	13.2	12.8	14.4	19.5	24.4	29.7	29.1	28.4	29.5	59.6	9.1	9.35	12.8	10.7	11	9.56	13	17.4	28.4	30.5	19.9	12.9	17.2	10.9	4.53	6.44	3.88	2.93	21.5	24.9	27.9	15.6	7.71	1.47	2.7	2.4	7.77	11.4	1.95	5.79	4.32	6.54	12	3.87	0	0	0	0	0.48	2.1	2.37	2.13	1.62
129	147	147	101	98.4	156	162	125	121	163	201	138	120	129	83.5	76.9	80.8	109	92.5	85	87.8	79	108	94.1	88.7	113	115	179	181	165	114	94.1	85.2	76	48.8	51.8	67	59.7	47.5	51.4	66.5	57.6	72.4	87.7	88.1	106	111	128	146	133	125	188	185	181	141	122	96.7	83.7	43.8	32.1	42.8	71.9	31.9	21.2	18.9	21.2	25.5	26.5	16.1	13.1	14.8	17.4	12.6	13.2	13.9	16.4	27.9	16.7	20.1	7.76	7.97	7.13	9.71	6.3	12.1	19.2	11.3	6.74	7.68	5.82	6.45	7.17	6.57	0.628	0.344	10.1	16.9	42.5	23.4	21.9	6.98	5.81	3.04	2.06	2.42	4.01	3.35	11.3	15.4	0.69	0	0	5.88	0	0	0	0	0	0	0
139	184	169	120	126	164	134	106	121	140	234	140	118	73.1	51.7	66	109	138	94	84.7	83.6	85.8	72.5	82.2	79.9	130	145	171	190	141	123	87.6	90.7	73.3	66.3	89.6	82.8	73.9	77.3	63.6	63.6	52.5	79.9	111	121	104	107	125	135	159	123	185	171	166	183	116	69.7	71.5	44	25.3	36	29.6	15.8	14.8	25.9	26	24.6	32.2	29.8	53.2	37.7	15.3	11.1	12.7	11.8	15.4	24.4	16.3	8.1	5.98	5.37	5.49	19.5	7.34	13.5	51.5	20.5	10.5	10.5	9.93	0.322	5.33	0.217	1.87	7.28	10.6	7.58	4.89	8.7	5.86	7.36	2.71	2.12	2.15	3.82	7.4	4.49	4.11	0.9	0.06	0.12	0	0	0	0	0.06	0	0.09	0.6	0
220	233	164	109	104	108	110	99.5	140	143	203	147	94.7	70.4	58.8	91.3	105	104	114	125	145	123	126	144	116	111	112	136	144	139	118	103	99.8	85.5	107	150	162	165	146	73.2	65.4	64.7	116	109	109	104	97	136	133	152	136	169	134	164	182	121	71.2	32.2	29.6	17.9	26.4	19.5	15.3	15.2	16.5	21.8	23.6	23	25.3	33.6	33.8	18.2	15.5	10.3	17.5	10.1	32.7	30.1	6.99	4.91	6.79	12.8	8.42	8.74	9.11	14.3	6.62	0.994	12.6	14.8	3.63	0.0246	0.459	0.64	1.72	2.95	78.3	6.89	5.42	3.49	2.16	6.57	8	7.11	7.26	7.74	6.87	0	0.12	0	0	0	0	0.42	0.18	0	0	0	0	0
208	215	134	101	89	96.7	170	95.5	105	111	115	172	134	118	99.1	94.2	134	130	117	141	106	124	92.2	94.1	75.9	91.9	106	118	109	109	103	136	111	126	154	221	237	186	212	103	86.3	88.6	108	103	102	107	110	144	133	130	102	146	154	120	85.8	42.2	48.4	42	24.5	11.4	13.6	21.7	20	16.3	17.7	12.1	15.2	17	12.2	19.4	31.1	23.2	10.6	11.8	16.3	28.2	13.3	13.1	6.75	4.88	7.17	12.3	9.13	7.54	6.7	1.77	0.148	0.298	6.22	1.58	0.624	1.91	0.0365	1.25	3.35	7.28	23.6	24.8	3.21	3.29	8	8.68	8.43	6.72	7.41	7.08	6.98	0.24	0.84	0.66	0	0	0.03	0	0	0	0	0	0	0
185	217	185	120	134	118	165	117	133	116	123	148	208	218	173	154	118	145	124	98.8	102	117	68.7	62.2	66.3	91.6	102	124	138	122	101	107	108	122	153	193	219	230	181	138	120	127	127	117	125	151	163	149	131	109	80.1	101	98.5	88	59.5	31.6	44.5	24.1	21.6	11.2	8.15	10.3	9.89	9.48	11.5	13	7.55	4.71	7.85	10.4	19.5	23.3	12.7	21	17.7	10.1	7.77	6.59	5.15	5.59	5.69	4.1	2.6	1.47	0.985	1.12	3.06	0.677	0.991	3.64	0.548	0.336	3.77	4.01	11	19.4	13.4	12.5	9.46	8.36	11.8	10.3	10.9	14.4	21.8	19.9	16.2	8.83	8.96	5.33	5.29	1.15	1.01	0.593	0.675	0.164	0.116	0.0345	0.0345	0
183	230	206	141	135	115	136	106	98.1	75.4	110	123	170	176	138	124	106	125	144	94.9	107	92.1	69.1	71.3	82.7	109	121	126	145	127	109	112	127	125	157	196	216	259	214	158	155	163	163	131	139	159	178	166	129	124	106	119	100	74.6	46.6	44.1	21.9	16.5	20.7	16.6	15.1	12.2	11.3	10	24	33	11.1	12.6	4.45	7.75	9.59	12.7	28.6	14.7	26.8	13.5	7.91	9.77	9.81	4.78	3.81	3.16	2.6	4.63	1.29	2.47	2.61	1.17	0.549	2.86	1.23	6.62	12.1	8.63	8.43	5.96	9.97	13.4	14.2	10.7	10.8	8.4	7.05	13.1	17.8	18.8	16	8.64	9.62	7.82	4.86	1.12	0.888	0.599	1.07	0.876	0.0875	0.0343	0.407	0
172	187	219	192	154	135	174	120	124	159	178	145	116	123	107	104	98.6	118	138	117	82.8	76.8	73.3	93.3	107	117	136	136	155	136	124	136	96.3	97	124	214	212	233	228	183	185	176	166	138	167	150	148	150	157	128	116	128	103	76.9	42.7	22.1	23.8	16.7	21.7	26.6	26.1	17.5	13.8	11	14.4	24.2	26.4	21.1	15.3	12.7	17.2	21.6	23.4	18	23.8	21.7	15.5	14.8	13.1	5.04	6.04	4.12	2.67	4.77	4.15	5.8	3.52	1.96	4.84	2.47	6.35	40.3	17.2	14.9	15.6	16.1	17.3	6.46	13.2	13.4	13.9	8.21	10.8	14	15.4	15.7	12.9	8.11	6.57	5.38	4.57	1	0.759	0.565	0.434	0.26	0.367	0.0371	0.0414	2.28
195	208	207	192	144	151	169	130	209	250	122	97.8	146	174	117	85.5	101	126	158	186	131	99.5	103	117	116	121	132	135	142	124	136	110	92.4	114	126	177	170	185	176	159	183	189	162	149	150	140	151	155	143	110	107	93.2	93.1	64.8	44.5	54.9	24.5	21.6	21.9	31	33.7	22.7	15.5	11.9	20.9	31.7	42	27.2	18	18.2	15.7	23	27.2	19.5	20.6	27.5	25.2	26.9	14.7	7.61	5.91	4.81	3.32	6.75	5.61	4.7	3.42	3.31	4.24	5.76	13.5	48.9	41.5	66.3	48.7	27	70.2	18.8	10.7	11.8	13.4	9.46	10.4	15.1	15.3	14.3	12	7.25	7.38	5.14	4.05	1.19	0.671	0.492	0.516	0.11	0.111	0.039	0.0444	0
189	212	200	230	172	178	169	165	204	186	130	124	173	185	151	159	180	200	178	211	149	116	115	122	120	150	145	103	112	115	119	91.8	97.6	105	119	146	139	140	155	173	185	190	180	135	148	141	144	122	131	110	95	59.6	54.5	46.4	27.6	19	23	37.7	19.7	29	16.9	17.3	24.8	16.9	22.1	67	61.1	67.3	24.3	15.4	12.1	30.8	20.5	22.2	22.8	24.2	22.6	17.6	16.6	13.4	10.4	9.92	7.38	6.44	4.25	3.9	3	8.87	11	7.63	16.9	43.9	54.2	97.2	73.1	75.3	83.2	60.1	27.1	24.4	21.6	29.7	14.3	14.5	14.1	11.4	9.48	4.01	3.07	2.72	5.77	4.15	10.2	0.364	0.373	0.653	0.209	0.161	0.187	0.162
168	197	216	209	207	201	187	205	184	150	159	174	173	192	242	161	193	154	180	159	150	134	99.6	132	133	141	127	108	132	123	112	96.6	78	91	110	126	127	149	155	163	163	182	164	158	148	145	126	106	105	102	99.2	67.7	64.5	46.9	50.5	37.2	36.3	36.2	18.4	34.9	24.7	24.8	38.1	29.1	50.3	75	71.3	29	12.6	7.24	8.83	24	31.2	26.5	37	27.2	26.3	23.1	21.1	15	10.3	10.8	9.52	6.37	6.72	4.64	3.85	8.31	8.95	20.5	32	109	127	84.7	57.6	34.6	39	41.9	27.5	18.9	30.5	32.4	24	21.9	19.6	18.1	9.88	5.99	1.74	1.05	0.848	0.43	5.4	1.46	0.175	0.635	1.28	0.185	0.198	0.174
174	193	219	197	190	184	227	198	188	185	216	209	196	178	182	164	148	190	140	137	160	136	96.2	95.5	95.1	106	105	109	116	90	86.6	85.8	82.1	71.5	75.5	81.8	106	116	120	146	154	166	185	159	153	136	124	122	82.6	73.6	91.5	64.4	48.2	42.8	59.5	44.7	26.1	26.2	36.1	54.7	48.9	39.4	33.3	41.8	87.7	59.6	30.5	30.3	21.9	11.4	12.4	28.1	24.8	27.1	31.6	28.1	26	30.5	18.4	13.7	13.2	20.8	19.1	8.88	7.28	7.38	6.05	14.6	11.8	10.1	11.8	47.4	32.3	64.9	36.2	28.8	31.6	22.7	23.2	25.8	44.3	48.4	46.6	27.7	25.1	14.2	12.7	2.67	4.28	0.718	1.64	0.285	0.704	0.136	0.13	0.26	0.885	0.199	0.224	0.191
212	225	188	179	209	226	240	229	237	283	311	247	206	211	166	162	179	172	162	135	143	129	124	90.4	85.9	87.7	94	88.8	87.3	65.1	63.7	70.9	79.3	92.8	70.5	77	78.8	89.8	92.5	126	160	180	186	154	145	142	133	132	90.8	75.8	81.1	78.9	54.9	57.4	51.8	43.1	17.5	47.4	59.6	66.5	88.2	66.1	61.1	61.9	53	31.6	9.51	13.8	8.37	10.6	12.7	18.2	21	18.6	18.3	20.1	22.8	21.2	15.8	14.8	18	23.4	21.5	13.4	12.8	13	11.7	20	19.3	15.1	13	5.14	5.43	5.42	5.46	11.6	18.4	16.9	20	32	42.8	34.4	36	35	16.7	11.3	11.2	4.77	12.7	8.78	1.9	0.274	0.195	0.157	1.77	0.325	0.247	0.252	0.265	0.213
211	197	178	171	175	214	236	235	238	297	286	270	232	206	174	166	181	178	157	162	160	136	143	100	99	108	117	105	77.1	53.9	50.7	54.9	57.9	77.6	67.9	58.5	68.4	66.9	81.4	70.8	104	154	137	130	141	127	148	136	106	98.9	121	95.4	67.4	57	47.9	35.1	40.4	115	68.9	62.8	74.9	76.4	73.9	39.4	20.3	9.9	6.17	3.91	3.94	6.29	10.5	14.1	21.6	21.2	21.7	26.3	26.8	23.5	21	16.7	18.1	20.7	19.1	17.7	18.5	22.4	17	22.2	19.3	14.3	10.6	3.42	3.76	7.08	7.66	12.5	15.1	16.5	20.6	62	55	39.3	47.5	38.7	10.4	4.72	3.89	16	24.8	19.7	25.5	0.337	3.64	0.229	1.68	1.15	0.592	0.451	0.917	0.489
172	184	172	169	174	164	255	232	244	270	235	228	280	264	201	171	218	206	162	150	122	122	106	101	110	126	141	104	74.3	51.7	49.9	51.5	54	64.7	64.2	63.3	73.1	75.2	99.9	88.7	105	113	124	122	93.5	85.7	81.4	72.1	90.5	110	157	114	61.1	50.7	44.2	39.7	60	57.5	47.3	35.2	45.5	69	86.1	71.6	57.8	16.8	9.72	4.79	3.75	4.86	7.21	12.7	17.9	19.8	22.2	32.1	29.7	27.3	23.6	20.9	19.8	17.9	18.6	26	27.3	23.1	17.6	14.1	15.6	10.6	10.4	12.8	10.5	4.91	13	32.2	37.5	43.5	71.2	66	52.6	31.3	20.2	36.3	11.2	14.6	12.9	32.8	26.3	29	29.3	12.8	0.274	0.271	0.267	2.5	0.959	0.531	2	2.13
181	173	182	216	250	159	147	149	187	243	267	237	255	268	228	215	211	198	149	134	121	101	100	88.4	117	123	126	86.3	68	63	75.2	61.2	52.7	61.6	51.4	65	72.1	79.6	98.9	128	101	134	143	146	109	92.4	110	86.2	114	130	167	100	81.8	50.6	51.2	54.7	58.3	63.1	68.7	36.1	69.7	136	58.1	58.6	45.2	12.3	8.87	3.23	2.9	6.22	8.12	15.1	20.4	19.5	23.2	29.1	32.7	30.9	25.6	20.5	18.5	16.4	20.9	28.5	28.4	16.6	13.6	19.3	16.3	14.5	13.5	19.4	13.6	16.2	21.2	42.6	51.4	53	43.7	56	47.8	43.2	20	12.2	11.1	9.85	11.2	16.9	8.12	14	39.4	23.7	0.473	1.15	0.45	0.808	0.82	3.37	2.32	1.2
219	187	151	189	180	164	146	140	209	270	312	253	280	251	208	206	217	164	116	110	115	86.5	93.7	99.5	113	147	138	76.4	74.3	59.1	62.9	54.6	55	61.9	61.1	80	89.8	99.2	105	127	94.3	121	152	169	150	102	95.1	124	129	127	149	102	78	56.8	70.5	66.7	55.7	54.6	49.6	40.1	90.9	73.4	35.5	30.4	22.6	13.3	8.24	6.25	5.11	8.98	9.16	20.9	21.1	21.2	27.6	30.9	33.4	31.1	26.1	23.4	20.8	26.5	24.8	26.3	26.3	14.8	14.4	21.5	14	11.7	14.2	13.1	47.7	52.5	53.7	54	51.7	86.8	87.9	64.4	43	30.4	25	24.5	25.7	9.97	11.8	16.4	14.3	20.9	35.7	13.3	1.64	0.807	0.778	2.19	1.52	12.4	7.38	4.26
209	231	175	188	238	160	187	182	228	313	307	256	276	278	229	266	247	221	173	142	125	138	124	144	175	196	159	63.5	56.3	46.7	57.9	70.7	67.1	68.4	67.2	67	109	117	93.8	103	101	115	136	118	103	97.3	88.7	101	81.9	91.4	86.3	81.5	71.5	71.3	59.7	79.6	47.2	50.1	42.5	40	50.8	52.9	40.9	29.5	21.3	16.8	11.8	8.25	12.2	14.6	10.1	20.8	24.1	26.7	29.3	38.6	41.8	40.8	37	38.2	31.9	31.9	22.9	24.8	25.6	16.2	16.9	20.8	21.7	14.1	12.1	14.7	27.4	40.6	68.6	64.4	58.1	64.4	62	41.7	16.4	26.6	29.6	21.2	21.9	28.7	21.9	16.1	7.26	8.97	33.9	20.9	3.75	3.72	9.64	8.18	16.8	18.4	11.6	9.06
212	279	227	212	217	230	214	179	183	232	243	262	316	279	274	267	239	234	196	167	153	159	125	122	152	179	147	58.2	52.3	47.1	81.3	88.6	70	65.7	63.2	78.9	102	115	90.8	94	92.1	85.3	113	116	89	116	118	118	97.2	99.9	110	107	82.9	47.2	44.4	86	53.4	56.6	36.9	46.7	52.6	47.2	47.3	33	17.5	16	14.9	16.6	11.7	14.4	12	20	26.6	24.8	34.8	40	46.4	50.1	50.6	53.5	48.1	32.7	25.6	24.8	22.3	15.8	20.4	24.2	28.1	24.2	12.5	12.2	18.1	33.1	54.7	60.6	69.2	51.3	39.3	25.6	15	16.8	17.5	14.7	25.3	28.1	30.4	21.6	8.12	6.55	27.1	27	9.66	9.57	19.5	17.7	11.6	13.8	5.34	8.69
219	226	225	266	233	272	224	213	180	209	237	269	284	326	276	265	224	208	209	204	206	229	144	128	113	162	177	64.1	54.3	60.9	81.8	87.5	65.2	69.6	59.6	65.3	97.2	97.3	89	93.4	95.4	112	101	88.9	76.6	103	122	103	133	112	119	114	69.4	48.6	45.3	55.8	50.4	43.5	40.5	72.1	62.1	36.7	37.6	26.5	20	22.2	25.7	22.5	15.4	14.2	14	21.5	31.4	30	36.7	43.4	50.3	58.7	63.8	74	61.1	42.7	30.6	31.1	22.9	23.9	25.9	27.1	25.5	27.1	22.7	17.7	25.3	47.9	51.2	33.3	22.9	24.2	51.2	26	23.6	32.9	19.3	19.2	17.5	19.3	26	20.7	23.9	26.3	27.4	31.9	20.5	17	20.9	15.2	3.44	5.49	5.71	2.05
219	198	250	331	281	267	245	268	251	289	263	246	276	290	273	260	234	224	194	202	244	257	191	152	119	148	161	84.3	64.5	63.4	72.1	69.8	55.6	91.4	74.7	70.2	92.2	106	84.7	88.9	100	108	99.5	83.2	84.5	117	124	114	115	118	121	93.9	90.6	72.6	61.1	53.8	53.4	49.6	54.7	80.1	51.9	47.3	34.3	30.5	20.7	28.5	33.4	21.3	18.7	18.2	18.4	25.9	19.3	24.6	34.1	46.7	56.3	70.6	68.6	70.2	70.1	53.3	38.2	31.5	26.1	26.3	31.5	31.8	19.2	28.8	32.5	27.1	43.2	56.5	45.8	29	28.7	29.9	36.3	35.6	35.6	36.8	16.1	24.1	18.9	20.9	14.6	15.3	35.2	39.5	15.8	15.7	11	14.9	25.8	7.59	8.6	5.35	3.49	2.53
245	242	264	320	226	210	253	198	233	261	266	261	263	279	248	233	239	210	201	211	265	262	185	165	142	129	109	108	99.8	96	86	69.7	73.1	117	120	87.1	85.7	121	129	91.1	92.7	93.3	92.9	87.8	131	179	142	138	167	162	143	121	130	96.2	40.6	44.6	33.1	33.5	40.2	88.2	42.9	35.9	31.1	30.7	33.9	30.8	35.8	29.9	21.9	24.6	23	31.9	23.5	22.5	40.4	83.3	101	131	147	124	112	76.3	52.7	48.1	51.8	46.9	38.3	60.8	34.6	35.9	18.9	23.9	42.4	53.8	31.3	35.5	28.2	37	39.3	33.5	26.4	21	20.8	19.6	18.4	14.9	8.39	8.83	17.5	20.4	15.3	15.5	19.6	14.9	15.1	6.73	7.55	5.6	4.69	2.79
183	196	190	209	200	202	224	201	260	260	232	247	224	225	221	192	219	233	257	241	233	234	191	192	167	169	141	153	145	149	130	88.8	92	102	105	96.2	124	138	82.8	78.1	81.9	102	89.1	84.1	132	173	164	166	184	177	127	97.8	86	68	59.8	59.5	32.6	35.4	39.9	43.6	43.1	43.7	34.3	34.4	53.5	50.1	50.4	29.7	27.1	30.9	25.7	42.5	32.2	23	34.8	92.7	74.8	96.2	73.1	101	92.2	90.5	43.6	35.9	55.1	26.1	38.2	49.7	43.3	47.3	38.8	57.6	31.2	25.3	26.3	31.9	39.2	76.9	43.4	43.1	32.3	29.9	30.2	17.9	22.6	24.2	19.5	18.5	13.9	7.11	9.33	16.7	20	19	16.6	13.7	11	8.6	6.78	2.8
163	172	178	191	164	198	191	202	239	218	187	202	194	215	235	213	203	247	286	286	246	233	197	224	196	182	207	196	207	184	128	119	156	106	111	133	125	141	141	95.2	97	101	124	98.2	106	147	205	220	271	170	144	108	81.7	74.1	69.8	54.8	43.9	37.2	56.6	59.1	69.9	36.7	37.4	75.7	95.3	40.3	26.4	31.4	28.5	31.7	28.5	58.4	37	22.9	72.7	97.3	97.6	87.8	79.4	84.2	126	129	80.5	40.6	60.9	23.9	38.9	56.8	37.3	43.3	51.6	64.6	25.6	19.5	31.1	43.7	63.1	96.9	60.9	48.1	47.6	46.1	38.5	26.6	20.4	21.4	25.7	35.5	13.7	9.89	11	14	23.5	24.2	19.4	15.7	8.29	8.75	9.01	5.74
170	178	183	179	134	144	167	177	180	137	160	209	207	222	218	224	215	225	254	273	247	213	230	208	180	197	202	237	247	259	177	150	182	180	162	129	158	134	132	126	115	116	109	113	108	129	182	195	217	181	168	161	97.3	84.2	68.9	60.1	53.8	50.2	52	44.3	46.7	37.1	35.6	35	32	72.6	98.9	37.7	24.6	28	27	34.8	42.8	30	44.6	106	131	90.4	74	114	141	193	115	75.8	45.4	43.6	41.7	53.8	59.1	53.1	47	32.1	23.7	25.2	35.5	52.8	57.7	61.4	103	72.2	73.5	46.7	44.4	30.3	26.1	23.3	25.2	29.9	18.7	27.5	12.1	15.5	16.8	18.3	19.3	12.7	13.4	11.8	12.5	6.44
188	175	216	196	141	128	140	175	162	168	292	195	208	190	229	214	206	207	211	212	243	263	252	260	246	206	209	279	253	343	287	185	178	145	150	149	195	149	153	187	247	134	111	124	127	145	183	212	203	207	178	172	141	112	99	82.4	77.2	67.4	77.8	121	75.1	67.6	78.2	65.6	52.5	68.4	60.5	98.2	56.8	43.2	28.9	53.8	90.5	42.1	40	39.5	93.8	130	82.3	120	133	122	74	77.3	64.2	59.2	26.3	45.1	48.3	24.7	26.2	24	9.94	20.2	22.5	31.5	40.2	46	64.6	81.1	66.4	57.9	46.1	24	18.1	39.2	16.8	12.4	14.8	31.2	13.4	17.8	10.3	10.3	17	18.4	23.4	23.1	15.1	11.3
222	210	191	160	148	129	150	185	150	178	288	253	237	230	231	202	178	203	210	256	319	284	266	282	246	220	248	237	223	255	213	162	139	136	166	173	160	185	181	190	157	115	118	143	142	146	200	234	191	210	176	153	139	136	115	115	75.2	48.8	64.3	97.5	128	77.2	92.3	81.7	90.3	84.2	59.9	64.6	51.6	54	56.9	95.1	74.3	49	50.8	106	91.3	176	120	162	197	129	98	80.8	67	45.2	22.4	44.3	55.9	28.8	28.3	29.3	25.5	27.6	37.4	41.2	55.3	60.7	84.5	86.5	74.6	62.5	66	49.4	27	17.8	16.7	13.1	14.3	32.2	17.3	18.6	17.6	23.4	25.5	29.8	32.3	29.5	23.3	23.9
219	203	228	183	183	172	156	150	138	146	214	233	233	232	204	224	193	203	226	252	259	194	217	243	246	278	320	261	246	236	190	181	159	132	145	168	159	155	157	146	144	116	144	159	144	152	168	168	182	198	167	191	151	126	120	113	87.3	61.5	93.8	104	80.1	95.9	91.7	61.6	85.6	69.4	80.7	68.2	43.5	36	52.1	130	99.8	78	113	126	189	202	148	240	256	145	109	101	89.2	66.2	50.1	47.8	50	43	35.1	53	53.1	39.6	36	49.4	59.6	97	94.5	84.3	79.2	81.5	55.6	64.9	24	16.8	13.6	13.5	11.6	13.9	16.6	13.1	23.3	31.7	38.9	32.5	35.7	38.6	38.1	37.4
211	203	221	225	248	214	153	162	131	136	168	201	198	251	262	239	170	180	186	213	186	160	160	215	228	255	320	297	287	236	201	163	194	168	120	122	130	137	137	154	186	152	163	160	139	137	149	140	154	210	185	218	170	145	144	157	131	90	117	117	103	110	86	50.9	71.2	82.7	72	79.8	50.3	43.5	48.7	97.3	142	116	89.6	133	204	246	180	335	259	169	95.3	101	94.9	80	69.3	102	83.3	48.7	58.6	67.2	76.7	69.7	40.6	64.5	86.9	79.3	76.8	84.8	77.1	64.3	58.6	61.8	28.2	15	11.5	10	8.55	20.8	17.1	24.3	18.7	28.5	35.5	43	39.3	35.8	37.3	37.1
196	231	218	157	157	137	127	125	141	155	168	169	166	201	222	186	184	155	138	182	179	149	149	172	193	230	246	251	244	215	177	151	152	147	119	108	130	145	164	180	215	182	154	173	195	169	156	149	179	245	304	309	249	192	170	195	145	139	154	138	133	132	99.8	61	116	170	127	75.1	54.1	45.1	52.5	45.8	86.3	86.6	63.9	92	151	200	218	215	218	151	96.7	82.8	73.8	84.3	76.8	87.5	64.9	63.6	81.7	59.5	61.1	48	55	52.6	96.6	62.2	65.5	54.8	46.5	34.1	27.6	46.8	31.2	23.4	15.4	13.7	19.6	14.5	27.6	27.9	25.6	34.2	33.3	40	37.8	41.6	75.8	57.4
183	185	173	156	146	129	138	147	166	160	170	178	156	160	175	180	203	167	153	189	179	165	165	186	191	234	217	201	194	218	185	165	162	151	132	120	145	146	147	166	180	176	146	153	145	165	170	189	212	239	238	221	224	145	190	196	160	151	139	127	130	135	110	80.6	111	136	125	109	90.1	70.1	53.6	67.3	129	74.9	93.4	94	106	168	238	217	127	152	138	107	86.1	99	94.1	84.3	95.1	88.5	82.2	59.2	67.1	78.8	66.3	67.7	78.2	55.7	47.7	36.4	45.7	31	32.7	38.6	30.8	25.6	19.4	22.5	35.9	45.5	29.7	44.7	45.6	43.8	76.1	66.6	54.8	54.2	104	80.9
143	139	141	177	165	137	118	155	191	157	159	156	168	165	162	150	148	151	158	171	164	179	213	187	240	206	168	171	182	219	174	140	137	139	139	124	145	140	151	162	174	160	146	167	158	172	153	197	245	185	163	193	191	155	179	194	166	152	133	112	133	135	124	99.8	97.4	136	169	123	135	82.3	79.5	74.9	79.4	93.2	79.6	108	119	177	218	207	136	160	181	140	139	142	128	117	139	146	110	74.6	104	94.9	67.5	61.1	60.9	60.2	54.3	41.3	39.7	59.5	51.6	45.8	22.8	21.5	21.9	19.1	24.1	21.1	25.7	58.7	69	60.5	73.6	90.4	65.2	93.2	120	113
95.3	85.4	109	165	185	152	136	122	136	173	169	142	185	198	160	140	136	143	161	172	169	238	234	226	205	187	167	163	158	203	172	162	154	134	127	128	140	145	181	150	141	126	201	200	219	197	179	199	194	196	169	197	210	195	223	228	187	170	175	157	156	179	145	119	130	134	176	124	100	90.2	96.7	115	126	178	83.9	137	122	120	219	198	132	189	197	174	164	190	166	139	153	154	147	113	125	101	90.9	99.4	79.9	63.9	56.1	55.6	51.3	55.4	62.3	63.6	49.2	51.5	29.9	53.1	27.8	19	24.5	52	92.6	54.2	36.8	42.3	99.2	121	143	106
68.4	96.5	103	118	131	149	123	123	123	126	147	160	230	210	202	197	259	192	215	212	235	233	202	167	142	129	114	121	134	149	159	138	144	135	135	134	146	122	126	145	151	135	160	230	272	223	206	325	260	211	199	230	252	207	228	288	259	179	149	132	142	203	193	166	167	185	157	159	182	127	129	125	139	143	96.3	173	105	120	178	136	124	214	166	180	165	193	197	150	175	153	153	163	139	132	112	141	99.6	91.5	86	76.6	63.5	51.9	73.9	46.3	41.8	47.9	39.9	68.9	71.8	27.9	15.9	28.5	71.4	54.9	44	57.4	127	146	143	103
65.5	83.6	106	100	126	125	129	137	148	154	126	160	209	254	183	206	253	222	199	225	218	207	178	168	171	153	134	155	167	160	141	132	139	162	134	158	125	124	135	148	197	156	114	238	245	250	193	263	280	210	240	204	198	207	209	233	172	190	170	165	162	177	230	279	184	158	183	231	207	196	152	158	182	181	129	216	163	188	192	184	163	173	187	159	193	248	168	155	188	176	172	137	133	132	92.8	101	82.2	75.6	72.8	78.2	74.6	67.4	60.1	54.2	41.1	47.3	46.7	88.5	77.7	38.1	36.3	49.8	80	83.3	50.2	102	160	180	205	135
65.6	64.1	106	114	117	117	129	152	157	163	148	167	222	233	176	200	214	236	200	215	268	305	240	220	249	211	191	195	194	148	145	143	127	134	126	131	141	169	168	180	227	167	157	270	290	269	300	197	221	243	263	226	199	188	197	209	209	234	228	191	208	192	199	213	231	239	203	231	212	194	161	184	240	168	158	269	271	207	227	256	176	181	216	166	207	201	155	161	167	183	181	224	146	129	167	150	114	98.8	122	105	115	93.4	66.3	63.9	76.1	72.3	57.8	98	83.5	46.6	34.6	85.4	73.6	71.4	62.8	125	147	197	155	111
78.2	64.5	110	140	127	130	125	170	185	184	164	167	210	247	200	184	197	238	222	249	260	299	299	245	227	198	174	180	183	187	141	128	140	148	167	162	190	222	211	234	231	208	137	227	294	329	319	218	230	286	220	258	218	220	232	191	260	254	222	194	241	237	187	141	161	276	216	298	270	221	195	234	288	227	184	257	312	366	224	219	189	160	141	154	251	225	221	166	166	152	161	147	180	108	109	123	167	161	154	135	143	136	102	85.3	84.3	88.5	94.4	201	123	88.4	64.4	153	111	113	94.2	156	239	183	178	85.8
61.3	67.4	99.3	153	121	136	131	159	176	183	191	172	209	224	188	174	203	275	221	238	234	295	285	251	180	209	200	158	228	236	179	121	128	157	199	184	209	203	204	235	216	190	155	191	268	217	255	188	158	197	202	160	190	172	199	177	228	179	181	191	199	238	204	141	142	223	286	304	231	198	216	285	279	278	168	229	345	342	393	211	132	215	178	176	197	276	215	150	118	156	114	110	91.9	123	157	124	163	179	161	189	143	141	121	102	82.2	102	110	183	115	99.6	77	135	150	91.7	59.3	62.9	69.2	92.2	91.5	72.2
70.6	75.5	71.8	105	89	105	133	154	200	219	201	249	220	208	168	176	188	218	260	252	263	254	244	214	205	239	211	173	248	295	235	154	163	203	233	261	237	195	197	212	206	166	149	236	221	173	221	189	180	204	190	233	199	188	194	190	227	186	252	217	221	276	294	189	162	215	228	285	326	304	206	180	242	220	220	201	283	349	349	218	171	170	177	141	134	186	172	139	140	116	106	104	83.2	112	165	149	177	191	184	159	160	138	127	120	94.3	91.6	84.9	163	119	97.3	84.1	122	141	62	80.5	68.1	42.8	35.4	47.8	43.1
77.6	82.4	72.3	66.7	85.3	119	141	164	196	240	227	280	224	200	175	191	214	281	281	280	272	251	260	279	288	212	223	219	247	279	279	200	208	236	255	286	231	174	190	200	206	184	176	210	211	205	209	286	197	191	165	220	177	187	175	158	194	168	181	233	244	257	318	247	204	230	267	319	348	359	258	194	236	262	275	276	206	272	276	351	343	214	196	156	138	149	215	166	194	157	143	144	101	122	147	159	184	197	253	201	184	148	128	129	106	93.7	99.3	150	101	109	62.7	116	99.4	49.9	57.6	69.3	48.5	48.3	95.7	34.4
83.9	75.2	67.4	81.6	111	119	134	162	173	187	223	238	245	246	191	234	248	299	305	236	248	265	245	227	279	212	218	211	255	274	234	197	196	258	264	281	245	187	188	193	201	216	197	274	239	187	240	266	201	214	260	251	251	207	189	167	192	204	200	163	232	243	270	267	190	187	260	329	331	380	397	301	327	282	329	318	194	193	256	214	271	207	219	164	148	134	201	161	153	147	161	181	145	139	145	140	166	209	236	203	177	180	178	146	132	102	120	123	115	74.8	105	139	119	62.5	42.5	59.1	88.5	57.5	53.5	23.6
104	84.4	73.7	119	120	129	103	141	162	179	225	238	174	190	205	320	267	266	258	220	246	289	285	247	224	227	231	221	233	247	224	196	171	230	193	212	209	190	190	195	213	226	225	298	268	193	168	202	178	221	312	363	300	254	153	159	211	290	254	169	239	261	265	282	204	183	232	336	346	362	420	363	470	348	305	236	199	205	241	206	257	259	202	199	221	163	196	187	197	157	182	200	254	201	188	187	229	217	294	199	251	196	181	191	152	113	152	159	104	92.3	111	94.6	73.2	37.3	33.5	58.5	52.9	30	12.5	8.9
126	82.7	86.2	89.6	83.3	84.5	75.2	84.3	109	185	201	299	177	183	231	316	295	321	278	240	304	374	323	244	258	220	221	186	196	207	210	203	174	167	188	184	161	177	213	228	270	230	252	312	314	216	197	239	258	239	251	287	310	365	242	256	212	264	325	204	188	200	224	273	204	197	230	308	350	379	386	369	367	378	319	259	199	224	222	208	285	198	172	210	218	154	165	221	192	204	228	220	188	213	259	246	278	237	281	215	221	156	141	162	165	135	162	165	108	83.9	73.5	83.3	40.2	36.9	39.3	54.2	39.9	25.1	14.8	27.4
138	97.6	89.1	88.3	90.7	75.6	86	97.7	155	139	122	197	154	176	191	271	236	235	206	219	280	313	285	270	274	243	205	205	216	198	224	264	244	146	146	145	142	177	202	209	206	219	267	321	277	243	238	268	302	262	282	314	259	328	283	222	185	239	297	207	204	189	238	235	192	235	250	347	394	442	420	371	366	279	282	282	210	246	302	284	280	228	161	179	216	211	200	208	174	233	259	252	177	219	246	286	267	247	319	221	238	153	128	153	164	121	137	159	130	104	85.5	86.5	42.1	49.4	37.8	37.9	28.2	22	20.6	20.4
142	97.6	102	103	131	89.2	91.9	114	168	144	131	128	153	160	179	233	182	173	260	241	200	209	256	295	265	223	210	202	208	214	245	265	207	190	160	153	166	185	176	205	212	277	293	330	245	232	268	293	323	306	284	267	250	227	220	148	149	142	192	183	204	273	283	270	247	245	239	309	339	429	444	445	425	327	284	252	280	224	336	342	289	232	213	210	184	178	187	269	221	197	217	172	198	211	197	253	274	257	283	214	222	181	137	132	151	136	164	172	147	115	92.9	69.3	68.1	73.9	54.2	56.7	47.3	21.2	12.5	9.53
167	143	98.6	73.1	94.9	112	137	147	190	174	184	182	235	216	201	256	237	228	255	278	271	235	259	279	288	248	224	190	173	179	207	259	259	202	180	191	204	156	197	201	219	272	266	281	220	211	253	265	275	277	287	305	282	193	196	203	198	207	238	239	243	263	303	285	269	282	273	286	286	336	347	421	326	265	267	245	267	291	317	392	367	294	207	266	304	233	211	309	287	236	300	238	258	232	233	232	261	252	261	245	263	200	204	176	186	171	156	169	176	135	83.8	68.9	76.1	55.4	48.5	36.2	14.7	10	15	13.8
173	188	143	111	91.6	98.8	117	112	133	146	162	135	147	182	207	265	274	264	229	248	242	256	234	209	232	240	207	165	141	158	206	209	177	173	167	191	206	192	198	168	203	243	264	222	214	215	256	276	246	267	294	294	258	220	190	220	214	275	265	241	220	216	302	360	251	273	262	307	268	284	302	319	341	301	363	277	340	406	338	390	367	246	239	348	331	267	268	352	324	305	269	225	213	252	273	268	249	311	272	253	246	271	254	216	200	205	170	199	180	136	95.1	96.9	78.4	56	49.7	26.9	15.9	13	17	25.3
188	207	189	174	104	115	108	110	118	150	187	145	137	206	231	252	261	273	264	234	223	220	221	205	199	191	159	163	134	130	143	152	159	164	169	160	196	208	240	197	194	199	247	237	196	214	242	274	275	247	250	312	338	326	217	228	299	310	311	217	200	225	236	273	277	290	273	301	332	265	255	291	337	322	314	296	314	370	315	334	337	231	273	345	254	252	295	338	251	237	212	214	212	260	316	259	237	254	225	244	267	268	255	226	214	221	239	223	189	138	101	98.3	78.6	59	43.6	26.7	17.2	24	17.8	15.7
142	146	181	171	148	139	124	131	126	167	143	151	147	178	177	214	214	268	297	258	269	255	225	192	222	174	150	152	127	114	127	143	180	167	220	208	224	317	228	184	170	170	218	232	153	173	186	206	199	208	191	238	245	338	264	245	328	309	306	248	209	218	230	298	336	311	295	316	362	271	249	289	322	350	331	349	360	361	310	342	414	306	261	270	218	234	303	289	235	222	235	252	214	213	280	283	224	241	204	212	235	224	215	203	198	206	218	201	165	130	122	108	96.2	81.8	50.9	33.6	37.2	44.4	30.4	16.6
139	152	152	131	156	154	143	158	160	145	107	113	126	143	161	194	200	246	270	324	347	288	244	203	207	166	140	159	147	113	129	143	174	175	284	264	244	275	251	233	222	160	195	244	173	142	155	190	171	189	179	217	258	278	308	302	298	352	323	285	284	253	244	255	309	338	302	319	303	289	243	277	269	289	307	316	346	317	275	289	350	292	265	294	256	244	257	272	284	250	297	229	221	215	171	194	223	235	175	171	175	178	178	231	214	182	173	174	187	147	114	116	113	108	73.6	40.9	47.6	48.9	53.7	21.1
151	151	223	144	145	162	163	174	168	136	119	107	125	123	153	196	187	220	263	326	333	337	254	218	250	165	108	106	92.1	102	113	125	137	160	229	179	209	268	244	208	177	178	210	167	134	117	131	138	186	195	147	192	207	271	293	325	277	305	304	248	289	258	246	224	299	314	295	296	289	314	279	311	297	272	315	359	312	272	210	242	289	261	286	258	279	253	223	247	260	276	320	235	228	214	159	162	223	182	162	151	171	197	167	209	269	204	168	165	187	158	130	122	130	107	81.9	48.6	67.1	57.1	43.7	24.1
134	155	214	195	183	148	149	151	155	122	93.8	111	149	169	136	193	182	187	234	237	265	290	279	224	205	166	117	108	101	87.7	108	161	111	129	211	215	203	248	306	247	186	161	216	169	116	135	156	135	157	133	195	201	254	354	277	294	318	325	320	245	269	254	260	237	362	313	323	279	303	312	278	263	260	284	271	306	303	225	186	240	334	280	258	246	222	235	234	270	233	233	269	249	241	228	158	160	156	154	153	144	150	179	190	186	205	184	157	171	201	189	134	131	118	99.4	80.7	58.4	99.7	68.4	46.8	28.9
113	180	240	266	266	250	209	161	136	134	113	140	161	190	236	242	217	179	192	202	222	231	227	200	198	202	169	109	122	101	118	134	132	144	166	196	262	198	247	195	198	170	170	150	201	129	151	166	186	167	228	240	292	314	331	303	273	318	243	212	264	263	230	220	267	280	444	280	302	357	275	256	242	258	278	262	251	188	206	240	306	245	216	295	322	253	231	265	242	196	206	225	200	189	154	153	156	170	152	139	152	157	167	197	214	224	196	185	164	166	149	149	146	124	99.4	53.8	58.5	46.7	60	47.9
97	159	246	222	271	284	237	203	164	173	144	156	116	154	297	235	216	175	154	187	178	158	151	197	190	261	205	152	119	110	97	144	137	127	199	207	206	195	182	161	171	175	163	166	165	162	142	151	159	170	253	295	326	332	330	277	282	314	243	240	307	270	216	179	266	329	314	282	286	335	276	255	256	246	309	247	235	213	189	190	236	279	257	225	226	213	210	229	175	196	182	160	180	171	169	151	119	141	177	155	160	159	156	202	191	198	213	204	186	158	159	157	181	159	125	99.4	68.9	60.8	60.3	56
99.1	141	203	238	180	160	139	145	144	136	174	149	164	187	277	258	195	205	194	175	197	257	188	201	204	235	205	135	98.6	92.2	118	164	159	139	154	175	179	179	183	148	168	165	150	145	154	186	192	181	199	178	187	253	318	296	279	294	291	308	261	277	306	265	259	199	297	332	325	280	295	269	299	265	265	243	253	244	229	302	218	171	207	225	222	218	215	194	210	254	194	215	183	179	159	155	170	162	138	146	161	165	173	186	156	202	187	180	193	227	195	188	174	141	177	168	137	106	89.2	69.4	65.4	52.4
105	141	179	165	112	100	114	151	182	219	170	166	145	203	289	299	199	169	147	176	183	209	258	228	202	183	177	139	121	121	177	158	160	165	123	158	166	159	147	131	126	154	139	141	136	146	169	196	221	211	182	192	278	315	295	306	315	306	345	295	314	330	322	214	199	241	296	337	279	272	278	243	243	214	236	238	220	222	180	160	196	208	233	240	221	212	202	255	226	211	173	134	141	166	153	152	114	136	166	136	176	202	170	203	212	191	200	187	181	165	170	167	190	186	140	114	116	98.8	70.7	55.8
93.2	130	122	102	90.7	87.6	96.5	144	228	297	306	233	256	258	303	207	192	220	186	189	191	227	239	212	217	194	221	192	167	124	161	157	134	177	151	142	153	154	151	131	107	111	120	148	167	198	245	231	205	229	173	191	235	336	360	327	377	304	328	294	260	423	308	232	178	198	233	232	328	265	238	214	212	243	237	229	200	192	192	164	197	218	228	238	242	249	209	234	228	220	174	136	130	188	158	154	112	127	153	116	147	160	170	208	196	186	207	166	197	169	166	184	191	186	156	117	101	88.9	60.3	63.3
66.9	71.4	66.9	74.6	83.7	74.1	73.2	108	162	218	315	430	489	374	344	283	237	213	277	227	169	168	173	169	158	155	179	193	161	158	174	140	122	153	134	149	162	163	160	167	129	120	140	193	214	246	263	286	229	287	239	247	261	285	358	316	300	263	265	246	238	356	364	243	189	187	225	230	274	258	217	200	203	202	230	206	194	193	171	184	214	197	241	238	226	222	197	225	246	247	156	165	139	142	147	161	172	206	207	170	189	215	238	230	202	213	226	223	221	185	179	208	216	173	158	126	107	94	60	50.8
65.2	57	63.5	78.7	87.1	81	75.3	82.5	93.7	111	175	272	450	508	519	436	423	259	333	244	171	179	140	151	142	137	153	165	149	146	174	138	122	128	133	144	159	169	184	140	134	126	131	159	214	197	235	244	255	276	221	310	319	245	250	274	248	277	271	242	223	278	277	217	189	200	276	224	219	188	172	176	160	187	193	206	203	198	169	167	179	201	216	237	235	215	193	217	192	208	162	143	141	115	132	182	213	238	243	190	225	245	242	240	215	215	275	279	239	186	214	241	216	182	147	105	75.7	72	73.9	57.1
65.1	60.8	67.6	79.4	85.5	82.8	82.6	79.4	79.3	92.2	122	137	165	367	362	360	349	370	312	252	178	128	118	128	122	118	116	125	130	148	172	136	142	151	127	160	176	174	194	156	129	119	125	171	150	188	207	199	204	225	230	214	208	261	216	250	255	220	218	209	219	302	282	206	199	199	241	201	206	196	161	149	157	180	180	236	240	212	191	237	181	188	203	235	215	248	198	199	161	172	164	157	145	113	146	219	198	211	221	204	229	237	203	212	197	192	211	256	212	228	228	228	184	190	142	97.2	77.3	75.8	93.4	58.5
69.6	75.3	83.3	95.7	106	90.9	86.8	79.2	78.3	97.5	92	99.7	72.4	105	133	200	261	246	235	231	185	137	101	97.8	92	101	96.7	111	114	139	163	133	140	129	107	140	177	175	160	151	131	143	122	121	137	153	171	204	178	206	195	215	171	219	258	236	257	220	217	220	241	293	235	229	182	166	192	201	172	170	178	149	188	184	208	247	253	249	205	200	183	189	194	201	209	242	209	216	173	147	153	119	104	111	158	202	132	157	168	167	218	186	186	200	141	178	205	196	184	209	186	244	154	141	135	112	88.4	71.9	85.9	53.9
59.1	78.2	74.5	82.3	93.5	89.4	79.6	77.5	68.1	78.5	82.5	73.1	70.8	72	68.9	77.4	94.4	107	144	165	110	113	98.2	93.4	91.6	95.8	92.1	88.4	94.9	96.4	103	97.8	130	137	114	121	159	153	129	184	154	165	166	163	154	164	173	191	197	186	202	179	159	175	179	176	226	183	199	176	177	187	202	185	179	155	174	200	166	147	129	142	171	195	184	251	289	280	257	241	264	201	223	188	188	213	192	195	202	151	138	153	135	122	128	185	155	155	205	136	160	128	162	166	156	140	148	170	191	206	189	157	122	131	118	94.4	60.6	66.3	72	52.2
55.4	59.6	58.2	72.5	84.7	86.3	81.6	82.9	91.8	83.1	72.7	67.9	61.3	69.7	59.3	51	46.7	70.6	81.2	101	74.6	96.2	98.2	94.9	101	119	88.5	75.8	76.4	78.2	84.9	88.2	112	142	130	125	140	163	144	137	145	130	134	160	164	118	135	112	131	167	174	146	190	179	154	144	162	134	168	185	177	192	210	205	230	185	218	149	175	134	144	158	153	190	210	281	286	279	224	259	261	232	228	212	216	169	169	161	167	176	148	134	135	156	118	145	145	131	182	145	155	158	181	173	134	122	110	167	181	201	172	157	141	138	150	153	89.3	70.4	66.2	63.7
43.4	44.3	57.5	60.2	73.5	71	73.1	86	86.3	71	57.3	55.8	48.5	50.3	47.9	49.4	41.4	53.6	92.7	103	108	96.2	95.8	112	94.5	88.4	83.1	82.1	79.4	78.4	88.4	84.8	98	126	131	117	142	164	167	123	138	136	137	125	140	142	121	97.5	115	158	181	149	192	218	112	116	184	176	186	171	216	211	238	212	204	245	249	180	164	138	151	150	168	191	193	237	245	248	203	205	225	248	228	231	213	167	141	156	187	239	180	166	128	172	196	131	118	106	147	117	145	172	210	247	190	135	158	156	176	208	190	152	162	148	164	170	154	111	56.2	61.1
41.2	42.7	40.6	49.1	54.6	57.5	57.2	59.6	78.5	78.9	60.4	56.4	55.4	46.2	36.4	50.2	42.7	39.6	80.9	120	118	101	93.3	84.3	83.7	71.8	71.2	77	81.3	77.7	84.2	92.4	101	104	120	112	132	136	155	133	129	129	136	145	162	116	98.7	111	109	101	157	150	173	205	135	101	148	179	174	187	276	264	253	219	187	265	327	216	155	156	141	164	201	176	185	229	248	285	255	228	274	242	200	197	207	194	170	216	218	165	169	182	152	129	167	217	143	96.2	124	126	122	165	177	208	163	142	147	158	152	174	172	158	120	143	135	122	92.5	87.7	77.7	68.9
20.1	20.1	20	23.1	26.2	28.7	29.3	35.6	48.6	44.8	44.9	58.3	47.3	46.4	37.2	50.5	42	40.8	55.3	77.7	154	124	131	96.3	96.6	72.8	72.7	85.2	67.6	66.1	64.8	75.4	103	106	135	129	127	142	133	145	156	154	120	119	113	104	98.2	99.1	96.5	72.9	107	131	110	116	170	153	110	146	233	181	194	244	271	253	175	203	185	190	166	157	179	165	161	173	211	226	273	267	253	281	332	269	256	231	250	257	224	157	201	168	169	174	214	165	172	213	167	128	158	155	160	153	159	174	164	174	162	155	167	176	137	148	103	99.3	102	80.5	78.2	88.7	75.7	89.3
18.1	15	10.7	20.3	20.1	14.4	22	33.5	34.4	33.2	32.8	42	38.3	39.4	35.8	30.6	28.3	35	50.7	89	128	169	178	139	113	117	108	91	83	71.8	70.1	69.1	83.4	101	120	126	128	136	135	171	168	166	143	103	110	108	101	115	87	65.1	86	97.7	106	98.3	150	137	141	164	171	155	195	190	226	230	161	194	173	148	154	177	179	194	180	159	213	249	273	252	274	327	307	247	238	239	216	214	191	191	171	149	145	146	203	201	203	214	182	195	183	165	180	162	141	181	161	165	156	153	150	145	132	117	112	107	65.5	56.6	57.2	70.2	69.6	82.8
10.3	10	9.1	13.8	25.5	10.8	11.4	19.2	18.4	20.1	25.3	39.3	36.7	37	33.3	27.9	27.7	31.5	37.9	53.5	105	178	229	166	147	155	143	122	128	117	107	68	77.1	83.5	85.7	100	127	120	123	152	176	192	173	126	120	120	99	85.6	91.1	83.8	111	110	118	120	158	170	175	124	130	143	197	172	149	191	168	157	173	162	149	175	174	178	195	199	244	244	259	265	252	267	263	238	238	223	212	203	225	195	186	163	146	147	192	203	214	234	248	209	211	213	199	154	140	138	157	147	153	156	158	133	114	81.4	71.7	64.4	44.7	45.9	55.9	62.3	74.8	102
8.98	7.31	6.93	8.86	7.15	6.8	7.87	8.68	9.29	10.9	17	28.7	37.1	39.6	33.2	31.5	30	37	36.8	29.2	88.5	119	234	206	209	197	164	124	133	115	104	79.9	90.5	72.9	80.6	90.6	100	114	97.4	105	113	168	145	130	105	127	130	68.4	69.3	62	85.4	87	109	111	116	155	202	123	123	122	136	180	167	141	149	153	153	161	147	170	195	197	213	232	247	230	220	276	272	260	248	245	247	238	245	192	200	198	158	175	158	164	174	201	214	272	233	191	199	205	190	181	139	157	131	140	156	160	174	136	108	94.9	66.7	43.2	37.9	45.6	54.7	69.7	96.7	134
3.71	3.9	2.94	2.14	1.11	0.947	1.02	2.48	3.29	3.28	7.78	20.4	31.2	37.4	38.2	34.9	47	38	41.9	40.6	48.3	89.3	168	215	169	153	162	107	117	127	129	164	99	70.9	83.2	94.1	89.8	92.9	84.4	94.7	87.2	122	95.6	96.6	82.1	86.4	100	63.5	84.4	66.7	83.1	73	105	121	112	134	156	138	145	106	130	134	145	101	109	127	137	136	140	167	158	178	203	207	205	211	240	264	236	233	233	261	267	208	217	233	233	195	204	196	181	229	209	178	182	212	219	175	180	192	191	182	154	146	132	166	157	143	142	112	99.8	89.6	87.1	66	66.7	75.9	76.4	88.8	81.1	102
2.34	1.96	1.56	1.28	0.752	0.403	0.424	1.1	1.28	3.48	9.34	11.4	24.7	35	43.7	63.8	51	35.1	46.1	42.5	53.8	66.1	115	116	128	120	120	103	111	150	200	208	121	91.8	88.2	100	101	105	95.9	96.4	82.4	79	66	74.1	51.3	63	63.3	40.6	68.9	101	111	51.1	70.1	115	107	117	105	120	107	110	132	106	103	109	90.8	106	108	105	124	152	184	161	178	183	196	226	221	236	212	220	220	245	253	220	193	194	198	199	269	255	265	284	239	211	191	212	214	182	189	228	173	163	146	146	147	159	168	164	156	124	108	88.5	101	87	82	93.6	102	99.9	94.9	80.9
1.5	1.05	0.809	0.3	0.182	0.157	0.188	0.712	0.57	1.23	5.14	34.4	26.5	43	46	55.7	36.5	30.1	25.4	42.6	64.4	61.7	65.7	86.3	81.2	100	92.9	89.4	108	130	202	306	189	180	115	132	112	117	97.1	102	76.2	51.2	55.3	57	42.1	58.3	41.8	41.8	53.9	63	74.9	41.4	58.7	111	116	120	115	151	111	88.7	106	119	114	111	93.4	89.4	103	98.6	104	126	156	138	147	160	206	213	217	200	213	212	218	211	229	237	192	170	181	179	167	229	282	314	254	225	249	235	222	218	176	190	178	177	167	143	156	166	160	166	149	130	112	110	105	98.5	64.8	83	102	95.7	99.5	96.6
1.17	0.769	0.598	0.224	0.126	0.25	0.129	0.903	0.479	0.853	1.5	6.29	11.6	15.5	25.5	34.2	64.8	64.7	64.4	46.1	55.2	60.3	44.9	43.3	47.6	87.9	75.9	59.4	74.8	111	173	297	303	253	190	168	130	122	96.6	130	83.8	46.4	42.9	46.1	43.4	51.4	45.6	48.7	38	60.5	75.8	73.2	57.9	125	155	157	85.7	108	118	104	108	125	139	127	95.4	96.4	123	128	127	138	140	126	138	144	173	213	198	224	211	202	228	215	245	212	208	180	175	183	219	198	206	208	255	251	282	268	281	272	207	199	207	188	159	160	196	166	145	151	131	125	115	99.9	99.4	98.7	82.9	104	115	108	116	136
1.35	0.233	0.00481	0.364	0.501	0.185	0.283	0.469	0.3	0.478	0.876	1.35	3.25	5.36	9.46	30.5	40	47.7	47.6	56.5	61	60.1	43.5	45.5	54	57.4	44.8	41.5	45.9	59.4	90.4	207	352	444	343	320	225	174	126	132	96.6	71.8	45.6	55.9	48.6	58.3	58.4	48.5	40.6	45.2	69.6	79.7	73.8	86.5	82.4	101	84	101	104	111	127	110	126	90.6	72.5	76.2	118	128	110	109	125	132	103	114	165	180	208	265	220	246	282	287	280	242	184	194	212	200	221	199	190	210	244	230	242	247	250	224	228	210	187	182	181	188	196	175	158	139	123	104	104	101	90.1	105	98.3	103	98	114	119	109
3.07	0.00217	1.04	0.194	0.154	0.165	0.251	0.196	0.232	1.27	1.66	0.684	1.02	1.66	6.25	32.7	35.6	41.9	49	64.1	55.6	64.8	45.4	43.3	40.7	38.2	38.1	39	44.3	52.2	56.8	121	258	387	388	417	330	233	148	128	82.4	60.9	68	68.1	64.4	63	61.5	51.9	32.3	49.1	70.7	78.1	73.8	66.7	55	75.9	83.5	103	116	109	97.9	76.9	85	62.7	68.1	87.1	136	118	87.1	93.7	80.2	108	97.6	123	211	178	213	273	243	285	316	323	305	270	204	196	195	196	231	224	227	235	250	226	220	255	192	196	223	225	194	181	210	195	201	165	148	132	117	111	111	97.2	89.3	103	111	119	106	112	117	93.2
0.479	0.000266	0.000547	0.0943	0.0947	0.13	0.2	0.272	0.262	0.47	0.417	0.306	0.484	1.73	3.86	20.8	26	26.3	39.1	51.5	47.6	60.3	63.5	41.8	38.3	38.9	43.6	39.7	43	46.9	56.1	79.9	114	183	281	405	326	254	189	158	87.1	64	45	41.7	48.6	53.8	34.8	24.6	14.1	28.9	50.2	56.6	58.5	53.3	54	70.1	97.6	108	111	124	84.6	71.1	72.3	72.2	73.8	108	106	141	108	87	88.7	120	104	127	120	190	260	271	260	257	276	297	319	273	242	223	218	204	218	228	238	229	281	270	255	235	192	191	213	210	170	176	179	203	208	185	170	151	136	117	112	101	109	125	150	139	128	113	119	89.6
5.17	0.227	0.000587	0.0672	0.0843	0.16	0.151	0.155	0.298	0.185	0.226	0.374	0.301	0.811	1.83	9.43	11.9	22.9	31.6	50.7	41	61.6	81.8	62.6	47.1	38.2	33.8	31.8	41.9	51.2	59	56.1	74.7	116	165	190	168	162	113	145	108	78.6	59.5	33.8	23.4	20.2	23.7	23.1	19.6	21.6	27.1	32.3	46.5	59	44	51.1	54.5	127	118	128	126	82.5	91.5	68.3	101	104	154	109	111	156	125	121	144	146	133	244	336	276	295	277	293	288	287	255	263	270	274	262	253	289	253	237	251	244	228	219	233	237	237	195	159	165	168	179	200	198	193	207	186	155	136	120	130	148	128	155	122	156	115	104
