178	208	239	384	294	212	206	163	194	195	186	143	133	141	133	150	161	145	165	202	208	189	202	188	207	263	220	176	126	102	89	67.3	104	141	131	234	271	247	239	213	208	267	339	311	277	254	239	232	229	200	179	170	170	138	153	187	172	144	132	141	133	144	162	140	101	117	92	75.9	72.1	72.6	79.1	86.2	101	139	147	150	127	119	129	157	168	161	192	222	141	122	179	151	149	107	120	99.8	90.8	112	106	77.6	54.6	62	104	62.7	60.1	54.9	56.1	70.8	79.5	105	109	107	87.9	107	163	155	139	154	163	204	261	317	420	509
276	278	301	251	219	212	199	191	207	186	186	187	176	175	163	161	154	152	176	189	178	180	195	175	181	236	216	191	136	98.1	96.6	88	125	154	181	249	272	248	278	254	279	334	360	346	350	290	242	224	233	235	182	161	195	152	137	119	91.4	94.5	74.6	92.4	106	139	126	87.5	75.6	80.2	62.7	81.6	80.4	76.7	77.7	95.9	124	130	159	161	122	105	115	133	137	127	134	190	233	146	130	149	104	76.7	77.4	50.8	64.3	81.7	54.5	48.2	35.1	38.3	53.5	34.8	34.6	41.9	45.5	47.2	56.8	61	69.7	95.8	101	116	151	142	131	147	151	185	205	273	346	451
322	364	294	227	241	232	235	184	162	182	171	245	199	231	203	192	165	180	245	165	164	163	170	130	158	186	187	153	128	108	132	153	192	254	264	234	196	198	213	299	273	294	273	280	305	289	252	218	217	200	158	174	206	161	139	88.5	69.7	64.6	64.1	84.4	125	168	126	87	73.6	68.9	61.7	77.9	79.5	82.1	82.3	104	136	136	177	210	93.4	92.7	102	94.4	94.9	108	103	105	133	116	103	112	130	93.2	93	55.5	66.6	54.3	53.9	39	39.9	30.5	47.6	41	30.8	28.9	34.9	57.2	47.5	46.1	79.6	97.5	106	105	120	138	103	114	145	189	239	294	361	381
375	333	246	239	254	256	231	170	171	149	160	181	219	237	228	224	193	174	151	140	154	149	152	137	131	130	126	128	115	144	192	230	251	285	296	268	213	174	158	198	228	218	223	256	231	243	234	198	209	216	180	233	199	173	171	80.7	67.8	52.6	49.4	97.7	119	151	108	102	128	72.5	63.6	70.8	72.8	76.8	79.5	96	126	102	97.5	106	113	83.5	83.5	76.5	101	111	93.3	85	93.5	114	131	101	84.2	76.7	74.2	43.1	47.1	48.3	51.1	46.9	44.3	44.7	76.2	44.1	33	32.9	21.9	42.5	49.4	46.7	57.1	85.8	113	106	93.2	133	146	120	106	153	221	230	286	267
387	289	244	219	239	239	206	168	144	136	174	199	191	206	193	191	165	162	182	165	176	158	152	170	153	161	135	113	119	133	196	256	231	262	265	226	215	190	184	189	191	143	160	189	197	186	177	172	206	210	205	197	203	191	176	84.9	119	54.4	50.8	83	97.3	115	109	130	125	58.5	49.3	60.2	66.3	81.5	84.2	94.2	126	86.8	70.1	70.3	69.9	73.1	69.9	80.1	108	103	83.8	69.4	75.5	117	112	92.8	77.6	88.1	59.1	29.3	46.9	45.6	57.3	73.4	64.5	63.1	92.9	81.3	41.2	31.9	27.6	27.9	44.8	48.2	50.7	69.3	82.6	101	80.2	97.7	97.5	131	119	145	178	190	203	232
367	339	268	194	234	235	207	148	158	187	206	208	199	213	173	167	144	148	157	148	157	147	125	143	152	168	160	96	101	128	165	209	205	244	206	219	152	147	155	186	190	137	157	209	176	151	165	172	246	245	230	208	205	189	173	89.2	92.8	85.9	81.7	59.7	58.2	79.2	112	76.1	72.5	42.7	35.4	39.5	55.9	64.4	61.7	74.6	113	75.2	46.6	50.8	71	65.7	63.7	58.6	85.1	101	92.4	70	74.9	89.1	87.8	101	88	72.9	64	29.6	32.2	32.2	37.4	61.1	73.1	57.1	60.8	45.9	32.8	24.9	28.7	36.4	47.1	41.4	35.9	48.4	56.2	38.8	41.6	44.3	65.8	77.3	93.3	99.3	113	138	152	139
324	357	300	203	220	225	219	158	194	243	228	228	175	171	157	132	148	159	184	219	215	145	140	155	181	164	157	124	134	149	156	183	144	157	178	256	172	143	125	166	210	157	140	187	166	177	237	189	239	271	216	196	213	193	160	106	94.6	91.5	86.6	66.4	43.4	62.2	70.8	66.7	65.9	52.2	37.8	33.9	37.8	41	51.9	52.8	52.3	57.3	38.7	46.5	54.5	48.8	45.9	45.8	40.6	77.7	66.4	78.3	65.9	56.7	67.4	71.1	76.9	74.9	90.4	71.6	36.5	43.8	33.2	54.7	44.5	33.8	34.6	24.5	18.9	30	65.9	57.3	56.6	28.3	19.7	14.3	12.6	14.2	21.1	29.8	29.5	38.6	62.2	53.3	60.1	81.6	88.4	95.4
284	281	244	215	284	204	197	191	209	214	207	196	189	152	123	131	146	165	186	215	174	126	132	178	199	185	167	144	126	132	149	155	147	169	158	189	149	131	145	156	174	150	131	148	150	190	201	192	212	237	201	196	180	203	192	170	112	106	100	99.8	65.3	79.1	115	91.9	66.5	48.8	34.5	34.3	31.9	35.9	39.5	42.4	37.8	34.6	32.5	37.2	44.4	38.8	44.7	42.5	28.2	65.1	49.1	69.4	62.7	62.7	62.8	59.8	61.7	78.7	87.5	76.3	42.4	56.8	40.3	57.5	43.8	41.1	46.3	58.4	45.1	63.5	62	42.9	39.5	20.8	5.67	11.6	7.86	14.3	29.5	26.2	26.3	30.3	36.9	33.2	25.8	31.7	68.7	71.7
282	258	251	241	197	232	240	200	180	164	178	202	154	143	153	170	165	166	165	163	148	149	156	168	152	193	222	183	153	108	85.5	122	145	150	158	146	131	147	123	178	150	169	159	162	169	175	198	201	221	209	186	180	168	199	190	171	138	109	102	76.4	92.7	128	103	74.3	54.5	48.2	37.8	35.1	28.9	28.3	32.1	41.6	34.4	28.9	30.1	28.5	35.6	25.8	23.8	37.5	29.1	33.2	35.8	48.8	52.7	53.1	56	63.3	70.8	84.6	81.6	69.9	68.4	68.4	42	44.2	53	48.5	51.8	60	70.1	91.6	67	33.7	30.1	15	9.48	24.1	16	25.3	21.3	13.5	17.4	23.5	24.9	21	27.4	30.9	57.1	50.7
230	201	157	171	180	198	179	117	94.2	91.9	153	204	158	158	165	156	143	128	117	139	176	171	180	167	149	203	257	224	200	141	106	154	163	173	137	150	155	135	92.9	128	168	166	150	144	169	185	163	197	198	151	164	147	123	150	159	213	219	141	120	93.7	115	106	165	59	54	43.8	40.6	32.5	33.5	29.1	25.4	23.8	28.3	22.3	27.9	42.9	36.4	24	22.3	29.7	25.3	21.9	40.1	47.5	51.3	41.9	48	83.2	74.1	96	84.6	79.8	84.1	74.8	69.4	47.7	73.9	90.8	110	130	103	89.3	59.2	32.1	29	13.9	9.45	10.7	17.7	21.3	30.2	18.5	15.4	19.6	9.69	14.4	22.2	20.4	28.8	21.8
182	260	259	214	242	183	169	116	158	160	141	193	212	251	196	213	155	125	106	123	175	212	188	213	189	192	233	230	211	163	148	168	165	151	124	151	159	165	111	149	145	139	144	152	199	235	208	199	184	157	157	143	121	123	142	206	203	159	126	146	147	174	96.9	62.3	46	35.4	38.4	42.5	48.1	42.6	26.9	20.5	22.8	19.8	26.3	96.5	55.8	30.6	22.9	18.1	28.9	29.9	40.3	42.5	44.8	73.3	57.4	65.8	62.7	86.9	84	76.9	81.7	83.9	78.5	82.9	127	151	146	162	121	80.8	51.4	32.4	30.9	17.4	16.5	22.5	14.9	14.4	15.2	5.67	14.6	17	2.4	6.54	12	12.9	17.3	16.6
165	240	275	244	177	139	154	130	152	141	158	154	131	167	183	239	179	144	145	221	236	226	221	210	216	288	321	235	208	184	149	170	183	140	125	145	121	108	101	146	161	133	154	195	171	221	214	212	189	170	148	148	143	143	145	176	159	153	130	92.4	61.5	71.8	101	91.4	52.4	49.1	55.9	59.9	54.6	51.8	55.4	24.4	20.7	20.6	19.5	49.1	57.1	30.5	28.4	32.3	28.7	36.2	44.5	36.1	66.8	65.7	57.4	57.2	63.1	71.6	80.5	73.4	64.6	93.5	114	180	164	161	128	127	112	89.4	45.4	34.5	22.4	23	15.6	6.36	14.4	29.5	14.5	0.87	4.35	14.4	3.54	4.5	6.54	7.47	8.25	17.8
143	222	301	285	149	88.3	118	236	160	170	170	157	156	188	169	137	167	221	198	197	198	232	243	247	225	336	314	285	244	211	168	183	166	137	115	114	99.2	108	101	143	149	110	127	170	164	170	216	193	186	195	179	177	168	150	149	148	141	129	112	70.7	30.6	41.4	74.2	76.4	66.3	117	88.3	64.7	57.5	58.7	51.9	29.2	25.4	26.4	21.1	31.8	30.9	28.2	30.9	45	46.3	45.6	44.4	46.2	43.5	54	68.3	70.8	57.5	53.3	72.8	68.1	67.7	108	127	153	156	139	130	115	100	79.1	49.1	53.2	21.4	19	13.5	10.4	8.07	4.92	1.41	1.14	2.85	1.95	0.81	7.47	9.57	5.61	3.57	10.4
104	180	275	260	117	84.4	127	143	169	191	189	151	160	150	131	125	159	183	225	185	161	167	192	206	203	179	169	228	232	208	198	221	147	141	116	118	105	91.8	96.1	114	96.3	106	115	139	169	164	164	186	205	230	209	209	199	176	151	139	133	129	112	52.8	48.7	55.5	86.8	107	105	143	132	63.8	61.8	69.2	52.5	34.6	30.3	30.1	29.8	28.9	21.3	23.2	25	47.9	49.6	38.8	39.9	49.9	70.3	54.9	62.9	63.6	94.8	81	98.2	103	90.9	96.8	112	131	136	124	111	148	101	63.4	71	46	21.7	19	11.6	9.93	12.3	6.63	4.08	5.76	5.91	2.46	2.37	11.3	7.32	4.5	2.52	2.34
64.9	92.7	186	91.8	97.1	117	149	153	196	205	213	198	146	153	135	142	145	138	148	152	135	138	201	260	273	178	180	205	214	220	185	223	168	161	157	160	108	102	128	158	133	128	120	140	168	182	185	210	225	233	221	209	207	171	165	164	157	130	113	70.6	49.3	48	75.4	86.3	98.9	138	106	60.1	69.8	62.4	48.8	34.4	31.1	27.2	27.2	31.7	31	37.9	35.5	64.8	63	57.1	49.3	59	75	61.9	51	60.4	72.4	116	94.5	98.2	115	109	114	138	152	115	112	119	78.1	58	36.3	23.5	17.2	18.5	3.27	4.23	9.45	6.51	5.73	5.43	6.18	1.98	1.68	8.46	0.45	3.33	1.92	1.89
74.2	78.7	88.8	84.8	75.7	93.9	107	164	299	213	386	254	153	150	169	184	185	154	135	138	144	163	218	228	248	259	227	220	216	208	200	256	223	191	174	157	110	130	138	181	205	143	126	157	173	180	150	192	195	194	196	199	203	190	199	192	163	127	133	123	111	86.5	59.2	74.6	97.3	113	76.6	64.4	71.1	66	44.9	31.6	29.3	31	29.7	35.3	32	35	34.4	50.4	76.4	70.8	60	57.7	66.1	58.6	55.8	68.9	70.7	96.5	120	111	109	98.2	152	153	138	103	107	112	69.6	38.2	12	8.25	13.1	9.87	1.62	0.6	1.35	0.93	0.15	0.12	0.9	5.94	8.52	3.48	0.15	0	1.77	2.16
68.8	104	114	113	93.9	133	185	200	235	262	346	290	212	187	189	188	206	146	122	145	170	201	217	266	232	250	215	243	203	225	206	241	191	228	190	193	146	130	151	240	234	218	159	135	149	182	195	207	183	203	205	199	187	189	189	190	174	153	140	155	155	128	98.4	76.6	91.3	72.3	60.2	50.9	49	47.3	42.6	38.9	35.7	34.4	31.6	31.8	33	29.2	37.5	55.3	56	43.3	49.9	60	66.5	58.4	61	64.8	75.6	104	147	120	108	94.5	148	174	153	118	91.8	97.9	65.6	39.4	33.4	13.7	9.54	12	10.6	5.64	0.21	0	0.18	1.08	3.48	1.05	1.44	0.24	0.06	0	0	1.56
61.6	87	96.9	79.4	119	165	279	279	389	352	369	305	291	209	191	209	195	144	125	145	165	163	168	198	215	218	183	159	159	164	167	186	155	198	184	201	134	109	138	171	166	177	149	140	171	152	184	209	207	201	191	156	168	160	145	112	86.4	142	123	136	153	147	149	97.3	78.6	65.3	58.4	65.5	49.2	46.8	49.6	58.1	54.5	54.7	33.5	34.5	35.8	35.8	32.8	59.9	57	41.2	47.6	56.9	60.6	63.1	72.2	69	80.7	82.5	160	85.4	65.8	77.3	77.7	72.3	67.9	53.7	39.2	32.2	26.9	22.3	23	14.3	7.62	6.03	2.91	0.18	0.03	0	0	0.24	0	0	0.09	0	0	0.24	0.39	0.06
103	126	137	78.8	159	193	264	318	373	376	366	379	304	176	164	149	141	129	146	143	134	155	180	236	196	191	156	154	160	176	211	206	169	181	150	175	131	140	137	141	150	124	145	133	144	140	158	187	214	199	175	201	174	169	138	125	74.7	86	115	162	168	171	164	96.8	72.8	74.6	95.9	66.4	43.2	51.7	75.6	40.6	61.6	66.6	38.6	36	42.4	41.2	34.7	52.3	38.1	34.1	35.5	46.8	46.2	55.4	61.6	55.3	66.3	77.2	131	81.3	48.4	42.8	53.5	54.1	48.6	40.1	33.5	31	22.3	19.8	17	13	9	0.36	1.41	0.27	0.09	0	0	0.03	0	0	0	0	0	0.06	0	5.43
133	198	211	162	159	201	254	208	224	271	283	265	246	169	129	106	171	169	129	111	115	148	193	212	175	165	120	135	133	163	230	251	197	173	144	173	156	146	151	149	141	110	113	123	138	141	162	182	197	172	166	193	157	143	136	112	89.4	65	97.6	191	165	120	118	105	110	110	108	80.2	59.4	59.9	67.3	39.9	66.6	78.3	54.5	36.4	48.2	39.8	45.6	55	56.6	40.7	47.4	42.9	40.5	53.5	56	61.3	78.8	89.4	88.2	71.2	56.3	54.8	55.5	38.1	53	43.3	31.9	28.3	20.5	15.2	9.54	8.82	5.82	3.6	0.42	0.09	0.18	0.09	0	0	0	0	0	0	0	0	1.47	1.5
120	148	226	230	207	351	284	267	248	243	228	315	227	170	167	151	203	229	210	126	127	177	214	233	175	145	110	126	121	163	228	237	204	161	149	185	178	140	142	128	120	96.7	93.7	145	170	166	144	152	164	151	156	183	157	148	134	125	113	105	111	119	146	147	136	130	149	115	89.2	63.5	65.1	67.2	71.2	63	106	107	46.4	33.2	32	38.9	62.1	68.3	63.9	49.9	46.8	46.1	43.5	57	60.5	68.3	73.7	84.7	76.7	72.4	64.1	59.7	55.4	53	49.1	44.3	36.1	41.6	9.66	9.9	10.2	9.78	7.56	0.3	0.12	0.09	0.27	0.09	0	0.12	0	0	0	0	0.03	2.31	0.48	0.39
105	148	247	281	249	261	326	298	253	214	192	216	270	178	141	127	142	147	143	135	130	159	162	187	141	142	108	132	146	202	174	238	193	210	191	135	148	142	130	123	109	104	130	141	162	184	155	147	159	183	165	144	129	131	63.5	87	150	111	103	115	130	225	207	149	144	128	86.7	54.3	52.8	71.3	67.6	73.9	75.3	86.1	63	43.8	40.9	57.1	76.8	83.7	62.9	68	59	60.4	51.7	45.5	55.3	63	65.5	72.8	70.9	75.3	77	70.4	64.5	53.7	51	43	32.7	20.6	13.5	11.6	11	10.5	7.9	5.16	4.32	1.85	1.42	0.724	0.626	0.51	0	0.18	0.21	0	0	0	2.61	3.24
59.7	156	270	334	327	313	306	232	193	239	226	218	214	180	139	145	140	147	178	167	163	178	185	184	144	140	124	147	164	229	203	269	222	252	192	150	158	149	137	140	124	130	171	169	178	193	149	126	142	162	178	136	135	136	75.3	92.7	110	139	102	111	120	173	187	180	176	136	135	77.1	55	50.1	56.9	50.2	50.2	61.1	54	49.7	43.6	59	59.6	95.3	85.7	88.5	78.9	67.8	59.2	48.8	62.1	57.3	59.8	67.2	79.5	69.1	80.5	82.8	70.9	56.5	52	47	29.5	20.7	12.7	11.1	9.87	8.57	7.43	5.66	4.87	1.8	1.12	0.618	0.617	0	0.03	0	0	0	0.48	2.01	4.68	0.06
67.6	101	176	238	304	285	297	224	193	233	240	234	287	220	222	158	152	155	182	193	180	169	160	194	137	128	131	144	188	209	195	256	219	266	212	194	168	159	132	132	161	170	186	207	195	179	156	132	140	171	156	139	104	92.8	83.9	106	155	170	150	118	145	145	144	211	182	172	160	90.9	66.6	46.1	47.4	61.9	56	55.3	43.5	43	52	61.1	59.9	73	85.2	82.9	80.2	75.3	52.4	51.6	58.8	60.4	61.8	67.1	71.4	70.1	68.4	59.3	68.4	52.6	48.2	48	34.9	23	16.7	16.3	12.1	10.3	8.62	7.59	5.45	2.03	1.17	0.735	0.741	0	0	0	0	1.47	1.89	0	0	0.06
84.1	97.3	119	186	219	219	307	273	186	194	263	222	312	175	203	194	176	148	159	179	168	160	138	165	175	190	177	208	160	209	172	211	223	257	224	216	186	170	169	143	158	155	196	222	209	186	169	171	157	195	201	207	140	101	81.1	98.7	142	185	148	202	185	147	90.9	126	190	192	195	109	83.5	69.5	61.9	62.9	94.7	84.2	61.8	61.8	69.5	66.6	57.4	68.8	65.6	76.8	67.3	74.2	68.5	61.1	64.9	67	74.7	77.5	85.5	59	78.2	72.8	74.6	67.8	55.2	52.6	57.4	28.2	19.8	19.6	20.4	14.2	11.4	9.23	7.17	2.68	1.54	0.917	0.836	0.0233	0.12	0	0	0	0.84	0	0	0
92.3	56.5	88.5	116	143	200	263	236	188	172	203	163	177	127	169	171	195	140	162	172	168	176	146	179	207	205	221	282	217	226	212	232	237	219	193	203	169	187	163	112	107	128	132	154	170	180	197	181	192	248	226	162	150	105	69.1	76.4	94.5	129	110	121	98	69.4	56.7	93	148	138	95.5	94.1	85.1	81	79.9	57.6	70.1	57.3	62.4	72.8	79.2	73.9	67.3	76.6	83.5	73.2	74.9	68.4	64.6	63.5	63	54.3	57.8	70.7	78.9	92.4	97	85	80	66.2	56.3	57.4	46.3	41.2	34.8	37	41.1	28.5	18.3	13.7	10.7	4.46	2.29	1.33	1.12	0.788	2.79	0.277	1.62	2.26	0.208	0.159	0.159	0
89.6	88	85.4	111	153	196	259	242	192	192	194	136	129	140	178	147	153	150	138	173	168	141	129	202	201	198	200	272	242	261	251	253	237	216	213	241	191	160	135	114	131	125	124	136	145	159	175	158	191	242	264	174	142	130	94.4	84.4	113	101	116	107	73.7	64.7	67.8	121	126	105	80.9	78.3	87	79.6	82.3	56.7	69.4	65.1	92.7	90.8	88.1	83.3	70.3	75.1	68.3	56.3	58.2	59.5	64	64.6	67.8	76.5	62.4	53.2	55.5	69.2	69.6	58.9	107	52.8	52.8	52.4	36.4	48.5	63.5	55.3	52.7	33.4	23.2	18.1	16	4.73	2.86	1.54	1.24	0.787	0.522	1.32	1.65	0.23	0.756	0.159	0.159	0
169	116	107	145	160	211	210	213	240	243	203	118	106	116	155	151	171	182	175	195	161	175	149	161	195	162	168	211	227	177	228	279	295	269	274	211	218	176	152	156	166	147	135	131	124	141	185	228	202	213	213	180	138	133	133	94.2	82.6	85.8	123	106	55.2	78.7	102	125	114	112	84	90.8	84.6	80.1	64.3	50.4	65	68.1	101	112	92.8	86.1	66.7	70.5	76.7	71.9	61	57.2	60.1	60.4	66.4	61.5	51.9	48.3	45.7	43	40.6	35.8	47.1	52.2	45.2	45.3	40.4	52	54.8	65.8	55.4	42.3	33.3	21.9	16.8	22.6	11.9	2.01	3.7	1.05	0.712	0.501	0.419	0.357	1.12	0.525	1.72	0.3
232	156	114	147	180	198	218	286	260	246	197	124	107	85.6	149	143	157	227	203	192	194	203	194	222	229	152	132	192	161	168	227	292	288	323	278	261	258	174	150	180	180	159	160	164	160	186	243	270	220	184	161	152	142	131	251	136	84.6	99.3	194	103	97.8	123	111	123	136	129	84	62.4	75.4	60.9	37.1	39.7	51.4	52.4	65.9	82	85.6	92.7	75.5	74.9	101	90.6	75.6	53.9	55.3	56.7	54.8	51	40.3	38.5	40.4	39.5	35.1	31.6	35.1	36.2	35.5	64.8	49.3	55.8	58.6	55.5	48.7	45.6	34.2	24.4	18.2	18.3	12.2	2.72	5.53	3.13	1.17	0.898	0.74	0.616	0.55	0.394	0.432	0
201	140	105	129	181	178	239	355	253	255	161	111	115	122	139	171	184	192	228	290	308	276	225	209	196	148	116	121	129	171	292	282	228	250	236	219	206	162	143	151	160	178	185	223	215	191	247	307	252	212	193	177	164	164	185	140	141	147	146	108	86.5	110	73.8	90.3	111	110	44	34.7	31.1	28.5	28.3	38.5	41.9	49	58	74.8	63.4	68.4	74.4	74.6	76.9	73.7	65.2	66.9	66.3	62.1	46.9	48.7	48.8	49.7	36.4	46.5	46.2	31.4	36.3	33.9	37.6	38.1	68.6	61.4	54.7	45.6	42.6	44.1	34.3	27.8	17.9	12.1	9.99	8.31	17.8	7.12	3.23	2.47	2.03	1.83	0.77	0.63	0.664	0.558
131	193	143	130	177	229	275	250	239	259	152	113	134	192	176	178	175	224	346	383	300	238	257	279	237	161	137	123	146	162	287	287	299	272	257	227	214	160	149	162	175	189	189	239	205	200	233	272	280	245	231	191	197	198	193	182	187	146	181	162	101	98.3	93.1	108	105	91.4	44.3	34.1	27.9	33.3	37.9	46	44	52.9	72.6	80.6	74.9	79.7	69.7	71.5	77.5	72.4	72.8	66.3	65.8	58.5	48.9	45.5	46.2	49.1	55.9	43.9	35.6	31.1	29	30.8	31.3	30.3	33.9	53.4	46.6	42.2	39.2	37.8	38.7	34.6	33.1	26.1	19.7	14.4	23.6	12.2	3.99	3.23	2.63	1.39	1.01	6.12	0.772	0.629
134	177	151	144	194	255	245	232	242	248	132	108	122	147	181	164	205	227	270	306	239	198	208	245	205	126	125	138	146	144	252	289	258	250	241	259	266	208	177	199	216	223	214	239	215	225	197	271	297	282	256	201	246	246	235	161	161	145	176	164	103	88	88.8	114	113	79.7	64.1	35.2	31.6	33.5	35.9	46.7	46.9	50.5	57.3	66.6	64.8	69.7	68.1	75	73.9	73.7	95.1	67	56.2	50.8	51.1	41.8	38.2	44.2	50.7	50.2	31.5	32.9	27	38.1	30.1	29	29.9	38.2	38.4	39.6	40.6	39.7	47.6	36.7	36	46.2	44	34.8	22.5	9.48	5.27	4.56	3.68	2.01	1.56	1.23	1.28	1
137	148	137	156	181	236	194	197	211	209	169	135	141	139	154	176	226	221	237	271	220	207	242	252	184	191	133	137	153	156	231	256	189	165	226	226	209	220	241	211	229	287	295	306	280	226	235	303	314	345	296	188	212	235	223	157	143	146	156	130	102	89.9	97.1	99.4	87.1	86.6	69.1	42.8	37.6	37.4	43.7	57.8	50.3	51.5	54.8	60.3	62	61.3	69.6	79.9	86.1	71.2	67.4	66	57.9	49.3	46.2	40.2	36.8	36.9	37.5	27.7	27.9	31.4	28.6	29.5	27.1	30.6	34	41.2	37.1	39.8	44.5	44.3	50.4	37.9	46.9	54.7	40.7	30.1	31.5	13.1	20.9	15.3	5.18	2.91	2.3	1.98	2.06	1.74
115	128	129	121	134	151	208	180	192	154	152	219	239	238	243	276	281	278	282	281	278	301	304	231	249	312	244	198	170	161	188	268	176	148	178	180	193	214	241	237	228	259	303	290	300	280	255	226	303	298	343	211	217	186	193	144	121	145	155	138	112	98.3	86.1	85.7	81.6	88.2	79.4	57.1	49	47.9	52.8	78.9	58.1	58.4	63.3	51.3	54.7	55.6	52.3	71.4	63.5	62.8	53.4	50.3	55.1	47.9	34.1	36.5	29.6	27.5	24.1	23	25.3	28.5	25.1	24.4	22.6	20.4	25.6	51	43.6	36.1	27.3	22.6	34.9	27.4	82.3	68.1	59.9	43.1	33.3	24.8	23.3	24.6	14	5.95	4.8	5.8	4.28	8.72
121	131	132	145	150	178	240	192	163	135	143	197	258	267	271	264	278	305	309	288	304	254	247	255	291	273	272	273	244	182	186	237	185	156	162	175	187	197	241	256	246	265	263	286	315	338	305	287	234	250	293	216	215	178	174	144	126	130	143	133	103	85.8	81.2	103	101	107	91.9	85	95.7	80.6	73.3	88.3	87.8	75.7	67.1	59.7	56.3	53.5	49	51.6	60.2	76.4	59.8	50.7	50.2	44.4	29.8	39.6	31.8	23.5	18	21.1	22.6	27	29.7	26.7	29.6	30.3	38	59.2	61.4	46	30.8	24.9	10.5	31.6	58.5	91.8	73.1	92	61.2	34.5	22.6	19.3	19.6	7.4	6.57	7.49	7.12	12
138	136	136	145	126	159	183	175	166	167	175	212	218	233	262	253	265	268	274	244	219	232	235	232	270	293	275	288	262	194	249	206	167	159	175	180	197	191	213	249	268	271	273	265	316	317	310	277	270	247	239	200	218	211	228	135	118	109	109	109	109	131	107	103	80.6	66.7	76.8	74.1	99.1	93.9	74	88.8	82.5	79.4	87.6	97.1	73.5	58.8	52.5	52.4	56.2	62.6	66.7	71	58.3	47.2	31.8	40.3	38	26.9	23	22.6	22.2	26.2	28	28.7	31.7	33.6	43.3	46.8	62.9	50.2	38.3	20.7	18.3	29.2	39.8	74	69.1	79.1	57.3	32	29.8	16	32.5	15.9	6.93	6.3	6.46	12.7
134	129	139	158	121	134	168	160	168	192	218	260	256	227	256	291	314	253	285	259	221	226	238	288	305	245	271	299	221	179	205	174	185	271	254	183	211	217	235	248	233	255	298	255	260	304	267	242	238	277	323	223	231	214	176	131	125	123	127	120	134	117	120	120	88.7	88.6	119	112	106	94.2	91.3	84.1	86	87.8	82.8	93.2	87	81.6	67.2	66.4	57.4	59	63.1	78.6	71.3	55.5	42.9	50.1	46	38	27.2	27.8	26.9	25.8	25.2	39.2	27	27.5	43.8	47.3	55.8	63.5	44.6	21	29.2	27.9	21.5	67.4	67.1	61.7	36.1	25.2	32.9	34.3	32.7	17.5	13.9	7.33	10.9	7.76
151	135	131	157	125	113	164	135	157	172	240	240	281	316	300	296	303	269	272	287	260	265	266	344	281	276	273	310	252	211	177	180	178	224	236	192	231	252	251	248	286	254	257	261	289	304	286	242	224	247	305	222	197	183	191	139	137	129	131	123	127	109	111	103	88.8	91.3	109	121	123	96.8	84.3	103	88.9	65.3	59.2	71.1	60	62.4	64	67.4	52.7	57.1	54.6	75.6	81.6	62.7	48.6	78.3	93.6	54.6	57.2	35	26.7	31.7	33.2	40.6	32	32.2	53.4	57.2	56.6	54.6	47.9	36	26.3	24.4	25.6	33.9	38	30.2	19.8	22.1	22.6	19.3	19.3	13.7	14.7	11	9.61	12.2
163	176	157	169	142	129	156	135	134	158	171	194	230	283	267	231	224	239	243	269	263	295	311	295	306	298	332	391	385	340	213	190	203	217	166	190	189	207	217	245	292	279	269	240	257	267	240	250	250	272	225	191	200	163	197	171	151	143	132	136	177	125	116	107	94.5	95	111	102	87.7	96.8	90.6	104	92.7	67	61.3	64.2	67.2	97.1	73.8	67.4	62	78.3	86.2	76.5	91.3	63.7	44.3	70.7	88.5	36.9	53.5	36.8	27.9	32.8	31.3	44.7	43.7	39.2	72.2	88.4	76.3	54	46.1	42.3	29.6	27.4	28.8	33.8	37.4	29.5	20.2	24.7	21.9	17.8	18.3	19.4	36.1	14.1	8.2	8.14
139	121	148	198	185	174	164	155	143	161	152	188	245	235	269	233	236	233	261	266	283	287	302	348	310	273	330	365	387	276	246	182	220	279	229	222	248	223	216	257	311	313	280	249	255	244	226	249	289	317	247	213	188	179	187	173	167	161	151	156	167	132	124	119	103	90.6	85.5	90.9	146	89.9	89.3	94.9	97.3	83.8	80.1	82.8	84.9	97.1	93	78.7	80.7	110	116	125	111	93.5	60.8	70.6	83.4	51.4	71.9	45	36.5	34.4	31.9	53.3	64.5	61.7	74.8	124	91.3	60.6	55.7	48.5	33.8	32.4	32.2	37.4	33.5	29.4	22	24	26.7	13.7	16.2	23.4	21.1	13.6	9.58	16.6
110	108	138	197	194	181	145	127	105	143	158	200	225	246	240	255	255	271	256	264	268	259	289	331	336	260	241	283	297	330	232	192	207	226	261	233	231	215	221	282	335	364	261	279	287	266	248	259	303	294	277	222	185	185	203	183	190	156	157	126	129	156	113	95.7	95.2	90.4	77.3	85	86.5	86.3	84.6	107	99.9	81.9	83.2	98.2	83.9	102	89.1	107	106	93.5	136	171	110	131	126	142	111	105	103	83.9	49.3	42.2	48.1	61.1	74.3	66.6	73.2	72.5	73.1	63.2	52.4	40.1	38.6	48.6	48.7	46.4	39.7	31.3	25.7	21.1	22.1	26.2	11.2	14	18.7	34.8	16.8	21.3
158	154	156	227	259	221	161	123	119	194	232	221	214	230	270	257	243	281	269	272	287	327	281	334	345	233	231	285	321	298	250	213	193	173	170	176	174	211	206	215	239	226	211	273	269	245	213	216	225	237	234	208	160	159	155	126	143	129	142	128	173	155	185	142	95	88.9	68.9	83.2	89.9	87.7	91.8	111	103	102	92.7	82.4	73.1	87.8	124	152	172	137	157	233	162	177	184	230	215	153	114	80.4	59.7	56.1	63.6	66.4	64.4	65.9	88.1	78.8	63.9	55	40.6	29.2	31.9	36.2	43.1	51.6	39.2	31.2	20.7	14.4	11.8	8.84	11.7	13.8	15.5	30.8	25.4	28.4
126	167	139	193	265	253	179	134	115	191	272	204	252	273	266	240	244	239	248	263	307	317	305	293	258	227	285	337	310	338	281	164	163	322	265	211	164	197	189	200	198	196	215	261	240	219	220	195	188	210	201	186	171	156	129	78.6	106	122	162	168	156	233	196	134	93.4	81.3	77	76.2	75	91.2	93.7	131	142	127	109	96.7	79.4	83.6	102	177	131	189	213	185	180	213	173	231	234	211	161	89.7	75.4	66.2	82.5	78.9	91	88.6	98.9	103	104	75.5	60.4	37.5	38.3	46.1	51.6	70.3	44	54.7	32.8	15.4	13.1	8.18	9.51	13.3	14	24.8	36.8	43.8
148	196	198	202	178	198	142	134	163	138	205	222	268	320	278	246	274	257	247	294	308	360	311	320	283	248	285	330	309	210	246	144	130	140	172	195	157	136	155	193	189	207	224	242	226	202	206	227	211	184	193	214	224	179	127	85.9	115	126	138	130	186	193	199	163	132	156	81.2	75	97.1	99.8	103	125	148	130	117	120	91.5	75.7	74.5	127	133	168	153	171	153	170	145	249	219	230	189	141	120	94.5	112	123	103	109	112	129	112	93.6	97.1	63.8	55.6	65.8	72.8	69.3	65.3	96.1	46.7	19.8	16.2	15.6	13.4	20.1	23.4	38.5	49.8	55.7
208	233	226	198	190	268	228	185	181	154	307	235	248	292	291	236	255	270	264	324	284	272	291	344	284	250	269	342	280	277	259	179	155	157	152	173	166	155	153	171	180	192	209	236	218	197	214	229	220	217	203	244	295	203	137	94.8	107	124	144	122	137	177	200	133	124	128	111	91.9	119	124	115	122	128	127	114	103	73.8	75.3	80.2	113	147	173	177	215	156	147	141	242	212	206	202	192	164	134	154	162	144	128	146	122	129	106	94	73.5	94	101	76.8	76.2	72.1	62.4	62.1	42.1	29.1	26.9	23.1	31.7	39.7	52.9	51.8	59.1
217	240	252	254	253	356	285	254	284	218	308	236	209	269	316	303	267	325	313	349	451	321	291	341	370	298	382	295	273	268	282	259	253	182	204	179	191	183	165	169	167	194	226	220	210	200	195	216	238	229	230	258	256	204	182	184	150	147	146	180	225	232	228	148	136	130	153	144	129	134	162	175	128	120	113	101	123	93.1	117	105	114	167	182	205	151	151	149	205	254	220	226	168	155	150	148	144	144	142	145	122	127	105	114	105	129	128	107	111	94.3	85.9	85.6	70.7	57.1	52.2	39.5	41.2	52.5	54.1	51.5	57.5
164	203	228	324	338	347	337	237	240	231	249	190	205	221	241	219	238	324	323	282	372	351	341	335	289	345	302	195	151	172	255	258	256	198	246	201	190	205	177	178	196	205	227	227	239	220	199	210	196	204	231	227	219	214	195	198	220	184	204	180	262	226	152	140	182	146	137	137	108	141	212	203	181	167	120	152	144	103	98.2	91.8	113	132	130	209	200	171	140	196	231	251	219	155	166	209	180	156	129	147	158	148	147	145	132	134	155	167	140	144	125	105	99.2	97.8	80.2	69.3	57.5	70.3	66.2	66.7	56.4	75.7
159	214	223	280	289	304	283	195	180	155	204	178	293	284	291	221	236	330	357	322	295	277	311	305	298	304	244	193	180	136	171	227	254	254	274	261	210	195	214	185	179	200	233	215	195	209	183	197	182	183	244	215	209	204	197	193	215	210	201	182	234	195	159	165	158	111	140	146	135	121	137	181	161	180	154	138	116	116	89.8	88.3	106	105	134	190	208	211	172	188	235	213	166	150	180	262	206	171	151	152	190	171	212	194	170	167	163	185	173	165	151	136	126	109	113	99.4	95.9	109	75.2	70.9	76.1	98.1
125	167	199	244	225	234	201	194	157	169	211	164	232	251	223	207	243	293	348	405	357	278	297	348	355	313	321	242	276	179	190	173	191	221	251	231	210	190	231	192	198	261	202	181	185	198	199	231	206	179	242	212	215	198	222	199	277	266	228	215	169	161	151	157	128	117	134	155	144	127	122	128	154	163	147	117	119	124	94.6	102	119	105	102	163	167	130	136	221	317	273	213	193	208	255	237	216	168	156	173	187	226	214	194	204	202	237	202	203	185	202	155	129	127	112	106	111	103	105	109	121
106	122	152	189	179	177	182	158	178	207	219	194	192	224	212	183	212	209	222	333	414	303	263	359	472	481	461	578	562	378	327	264	270	310	310	228	243	261	247	228	258	254	224	191	209	274	224	227	227	243	268	268	227	235	235	222	277	252	217	233	196	179	161	157	147	166	167	178	171	144	145	162	160	180	138	104	123	136	117	135	150	115	109	132	141	140	155	227	240	216	237	230	239	240	236	189	164	160	165	189	220	239	220	247	254	251	270	216	214	235	191	143	139	137	127	114	127	138	132	121
108	100	124	167	176	164	163	170	202	228	267	233	215	230	241	203	206	213	204	281	376	372	304	297	330	392	343	473	473	393	376	260	260	288	227	224	277	246	249	275	233	233	233	222	241	266	259	228	223	255	326	267	266	260	246	229	262	253	266	255	224	198	201	204	187	204	185	175	153	143	159	183	134	114	138	127	121	153	134	146	182	151	88.2	118	161	143	214	253	208	211	248	212	228	246	207	183	172	171	193	204	208	243	244	236	266	253	228	193	204	262	207	153	144	142	140	151	146	159	158	133
118	114	121	148	176	191	190	196	244	243	261	266	261	266	255	182	192	272	200	266	333	321	208	251	275	250	297	360	462	468	554	339	287	220	213	204	230	237	239	253	237	232	233	229	256	246	245	234	216	264	288	289	270	282	238	227	237	277	261	291	272	215	214	226	191	175	155	160	156	143	125	134	135	94.3	107	113	137	137	146	129	129	147	105	128	144	157	150	221	231	204	239	203	219	231	223	213	209	203	185	209	209	208	207	213	220	213	212	194	218	222	180	175	184	181	198	195	158	168	173	147
141	120	114	110	142	176	221	209	227	260	291	256	258	274	246	189	221	203	204	247	243	222	196	257	281	242	252	333	347	368	454	360	307	218	238	213	227	242	209	202	213	218	237	230	241	242	232	254	229	235	272	267	252	241	225	247	247	240	249	245	212	211	229	185	171	167	165	194	142	110	115	134	123	94.6	87.1	81.8	97.6	141	117	79	97.7	144	126	139	148	166	139	155	225	262	248	192	225	212	233	239	274	218	208	213	210	206	204	211	210	200	190	198	201	188	183	166	197	168	164	172	190	184	201	162
114	109	107	92.7	102	117	129	187	209	244	286	251	237	221	221	222	231	190	186	228	226	231	220	268	272	254	210	246	264	318	287	325	276	258	245	234	233	242	240	236	270	266	269	249	282	263	240	266	297	313	343	294	281	265	335	405	289	357	267	219	205	189	191	190	179	173	187	212	154	139	161	143	123	130	130	99.6	120	115	82.8	76.1	73.1	100	115	173	201	234	199	174	190	225	222	202	180	236	212	194	220	207	199	227	221	211	200	196	199	187	187	178	185	179	176	162	179	172	153	133	160	183	157	136
110	109	110	134	125	110	135	195	226	288	261	259	233	230	224	216	208	179	182	217	218	211	236	282	246	234	225	226	219	269	294	346	330	239	286	292	251	251	286	252	292	308	280	268	270	272	263	353	361	340	373	392	361	301	382	276	297	210	229	204	203	157	150	168	173	181	200	200	152	157	179	151	150	122	105	118	141	116	93.4	114	133	128	137	187	163	204	228	245	248	223	245	193	208	281	230	170	181	209	196	223	221	213	201	216	216	180	178	163	147	166	167	156	168	155	125	119	122	166	142	123
131	135	136	146	151	118	152	209	244	285	297	258	246	232	211	217	231	204	206	197	237	226	208	279	243	226	211	253	242	286	296	319	316	235	268	251	275	281	266	271	285	295	294	302	291	290	331	504	435	400	348	321	309	271	280	226	185	183	217	249	248	237	209	192	165	170	197	196	188	179	178	153	160	147	129	123	124	116	131	144	147	157	147	187	191	283	287	284	287	243	279	217	251	258	203	181	204	212	215	201	194	183	185	235	230	194	172	164	165	179	192	171	169	167	135	122	145	141	142	125
142	156	159	148	164	155	175	212	267	267	275	305	252	210	204	212	260	215	211	231	261	182	159	211	205	201	195	249	265	312	316	343	302	264	294	244	253	282	333	287	290	274	281	294	288	331	381	411	378	369	333	300	297	251	250	200	190	176	223	249	232	254	205	203	156	148	153	155	169	197	182	199	183	175	177	176	155	172	221	227	154	134	144	181	187	238	357	277	257	244	294	260	267	256	231	208	230	219	199	181	175	173	182	204	213	188	166	163	183	167	176	178	179	156	157	143	168	179	151	122
143	162	168	146	169	220	242	216	231	235	242	244	247	232	226	237	225	213	178	197	189	206	166	190	200	215	202	199	226	237	259	315	343	317	306	286	298	270	281	335	367	309	268	261	290	298	323	298	259	276	331	310	235	239	178	164	207	205	268	207	212	260	251	210	147	126	122	144	141	176	193	194	183	179	185	165	185	186	220	249	188	148	137	159	227	223	257	217	278	315	344	290	294	277	224	178	165	209	200	158	158	165	150	156	174	147	133	153	170	167	158	145	151	165	173	149	140	147	205	113
146	146	160	142	170	136	150	187	210	229	240	239	258	242	221	192	191	183	152	188	199	199	213	223	209	227	226	219	234	260	295	321	296	289	278	272	273	247	247	271	283	279	254	240	275	256	290	282	301	346	457	362	281	192	171	180	186	276	342	214	201	271	338	235	168	151	139	138	145	191	215	186	229	245	205	182	159	170	227	220	226	169	168	205	206	225	184	178	245	384	430	312	289	273	226	168	156	159	184	151	134	135	137	157	180	177	137	148	183	184	137	125	148	157	146	148	157	143	136	109
178	147	150	146	124	107	120	159	168	203	207	216	268	256	191	198	183	166	167	211	195	184	201	230	218	243	248	258	232	236	278	346	308	296	284	296	304	247	216	240	248	250	260	254	252	248	269	305	307	425	287	232	174	180	188	186	203	287	352	322	258	255	227	211	182	183	163	164	207	236	173	145	165	188	181	150	146	161	212	235	223	231	193	175	160	218	224	179	253	357	353	327	272	227	211	182	159	149	157	167	151	147	157	166	185	167	171	171	187	168	157	127	143	166	158	176	176	159	133	109
198	132	153	181	141	112	124	141	142	159	165	191	256	220	187	184	181	170	171	221	202	201	220	184	184	265	237	263	245	232	263	307	316	296	275	296	263	236	207	220	218	224	241	258	311	301	238	178	216	236	327	225	182	208	164	193	232	309	301	324	308	246	203	185	177	196	283	172	158	161	147	161	141	136	136	166	205	203	196	254	234	317	227	226	269	278	289	275	372	280	303	282	277	241	209	196	172	172	154	176	177	180	176	191	187	186	180	184	194	225	205	190	166	195	185	182	156	151	153	136
242	132	164	190	169	119	110	106	90.7	106	123	134	218	161	157	208	223	220	229	236	222	225	216	187	182	199	209	251	251	255	243	277	228	223	217	335	275	271	210	186	184	182	190	188	261	357	364	185	150	221	206	238	166	177	155	136	201	275	244	277	280	234	251	179	166	160	182	193	153	146	149	164	131	119	135	178	219	242	230	251	258	306	257	321	321	328	381	391	348	243	291	280	296	296	318	190	151	120	122	134	146	163	150	156	159	183	189	179	186	203	175	186	195	206	172	176	180	182	181	178
167	122	117	151	114	111	104	130	115	108	115	145	133	166	163	232	250	231	233	238	242	238	235	226	214	196	200	226	224	236	219	231	224	201	202	291	298	269	201	171	146	157	184	180	200	230	167	141	113	154	353	138	145	139	145	146	203	294	238	284	286	222	272	195	187	169	153	194	191	164	149	139	138	126	148	200	198	239	254	271	300	323	294	437	339	375	357	352	342	279	379	276	301	272	340	240	181	144	128	138	168	163	157	208	206	231	201	195	208	237	198	180	184	198	201	196	206	206	209	201
245	215	144	105	73.3	95.5	112	105	110	117	109	92.8	119	130	142	199	193	199	208	233	232	236	231	229	233	206	192	209	206	238	220	212	201	168	162	258	275	257	177	124	122	151	126	225	267	182	147	120	127	126	127	130	153	143	153	153	229	278	218	226	216	148	191	244	224	220	199	186	173	172	142	143	149	142	149	170	207	258	245	265	232	228	289	408	433	357	304	287	397	559	427	221	222	242	308	238	192	214	157	150	179	176	165	187	216	236	222	197	219	225	207	195	206	222	220	223	225	235	233	219
267	226	191	135	111	134	116	110	109	108	126	111	113	115	169	197	197	188	187	223	228	251	242	228	209	212	194	210	222	233	230	216	207	176	167	194	244	245	179	135	155	155	119	104	151	155	152	109	120	105	98.4	185	137	127	150	185	229	197	200	188	189	200	242	248	203	195	222	174	178	197	185	166	147	143	149	177	195	243	262	278	217	184	272	360	396	362	297	290	388	467	388	312	242	336	375	267	205	193	148	135	182	184	186	229	223	250	224	220	210	208	210	229	216	230	224	236	245	274	234	220
135	174	273	220	169	147	103	113	130	142	139	190	167	171	195	234	272	251	283	269	284	311	274	263	224	243	232	234	240	233	222	192	189	183	204	186	190	180	176	129	130	150	133	101	121	134	186	197	197	177	208	243	173	185	236	206	196	192	247	171	195	245	248	186	183	188	193	177	169	190	182	190	207	179	184	236	206	239	259	261	205	197	234	341	440	379	277	231	277	246	285	294	296	267	341	207	195	215	174	185	208	217	204	245	265	314	282	259	246	210	173	239	234	230	234	259	252	252	239	242
140	297	303	307	237	179	133	101	164	177	148	143	206	164	145	183	203	238	243	284	298	312	310	276	263	248	230	241	236	239	233	218	190	190	184	170	159	153	141	127	109	114	127	107	106	152	146	184	172	174	188	201	209	199	212	188	207	226	239	252	310	296	209	185	178	202	194	199	197	183	167	174	195	190	228	264	216	253	229	247	220	209	223	398	447	365	280	248	239	190	200	197	193	221	292	218	208	211	216	241	228	205	210	224	271	334	288	255	244	192	189	223	222	246	239	262	286	271	265	240
136	287	364	428	361	316	252	172	190	164	129	136	159	167	156	171	173	224	224	278	305	301	318	291	266	269	247	248	244	242	235	210	182	184	182	166	138	112	123	162	162	153	140	150	147	136	153	153	171	250	213	210	230	257	212	174	179	200	231	258	273	263	241	187	178	192	249	273	228	184	173	171	180	166	203	277	265	218	233	243	233	226	266	264	343	390	283	294	257	192	213	239	179	227	259	204	232	237	246	268	217	198	208	233	288	286	283	346	284	253	221	243	227	257	267	262	261	246	243	272
166	258	371	520	384	392	288	202	295	273	243	255	176	165	160	193	207	208	233	274	287	305	290	269	268	263	263	261	264	251	222	191	177	173	176	155	155	125	132	164	190	173	177	200	238	192	154	149	176	159	178	197	206	280	256	237	196	191	233	254	293	270	226	191	167	176	195	216	177	157	170	178	176	187	194	254	204	187	219	257	259	242	289	248	247	249	230	308	254	201	224	309	275	266	260	220	235	225	253	251	184	171	189	193	234	253	274	293	392	350	262	275	263	304	243	287	262	233	243	267
73.7	133	203	206	229	204	170	129	212	308	352	319	249	186	184	206	201	242	263	264	297	305	277	256	260	240	255	226	224	210	190	171	162	154	145	149	137	122	123	123	167	155	173	254	268	262	222	201	185	188	200	220	219	270	266	239	240	232	255	267	289	310	229	169	149	174	160	180	163	166	182	260	226	190	212	246	223	210	235	243	250	244	291	232	249	277	289	272	315	291	229	234	324	308	276	254	221	225	262	258	206	228	170	182	252	309	291	307	311	297	257	262	268	299	256	258	237	246	239	245
52.4	71.4	106	120	146	116	106	114	130	194	310	328	274	215	198	208	207	261	315	291	314	289	266	274	278	267	259	217	218	200	182	166	157	146	138	140	134	127	130	132	152	197	201	260	273	294	273	192	202	196	197	196	214	236	252	239	308	254	253	253	227	221	220	175	142	168	159	166	157	156	176	193	196	167	165	191	207	212	201	208	213	221	259	271	264	286	316	301	355	376	303	219	304	346	330	293	226	229	305	239	221	219	183	199	265	307	283	350	317	270	213	234	245	253	252	245	233	265	239	248
47.9	54.9	63.3	66.9	74.7	67.5	64.9	74.2	98.3	208	332	312	340	305	238	235	247	308	362	295	298	282	251	276	281	270	250	215	202	191	186	169	148	137	132	128	132	123	131	165	163	172	190	211	295	339	262	211	135	158	263	286	208	224	237	224	230	249	307	229	197	155	147	162	182	164	172	169	184	172	153	162	216	182	162	185	211	224	220	225	220	218	247	267	255	271	295	311	340	385	346	278	342	394	384	312	259	254	269	262	274	244	228	234	248	280	300	306	309	268	206	216	230	238	224	272	247	293	261	270
46.9	52.1	60.4	51.7	42.4	47.7	50.3	59.7	104	216	293	276	396	367	298	266	291	354	331	280	298	310	258	238	245	258	246	219	201	174	165	165	148	134	123	128	119	108	126	145	162	179	193	295	360	330	236	188	157	155	193	237	217	192	208	186	194	194	212	171	129	104	128	169	185	158	147	165	196	195	169	184	220	186	201	221	223	207	194	202	227	235	240	222	247	254	277	280	294	398	453	333	317	281	298	306	270	225	192	215	245	216	232	249	259	261	261	295	264	226	215	213	233	242	238	240	216	249	236	259
25.6	30	38.5	63.4	44.9	40.8	39.2	41.9	67.8	105	140	226	316	370	372	350	323	305	319	276	253	249	230	201	187	205	229	214	186	159	149	148	145	138	132	123	128	124	104	109	122	197	218	319	328	243	225	208	191	171	208	230	225	207	205	189	191	211	185	154	143	118	123	172	191	191	166	182	189	216	219	227	215	223	224	284	212	209	238	251	282	294	290	269	290	313	326	278	284	328	331	324	277	306	263	276	246	258	228	254	296	279	269	294	296	278	281	291	249	240	232	200	214	245	244	203	204	227	206	230
19.8	18.7	27.2	62.1	60.4	39.3	36.5	29.9	37	61.8	95.6	127	192	287	362	403	481	371	292	278	248	229	209	183	172	185	189	161	151	144	134	143	138	135	127	120	131	135	113	113	160	218	206	321	313	222	253	211	181	178	220	270	199	189	213	218	194	194	207	189	145	150	109	165	187	221	173	172	177	195	193	234	232	219	195	207	200	200	261	297	301	293	286	274	288	318	336	321	341	325	310	295	244	268	254	270	266	281	294	263	303	304	371	320	309	295	290	302	247	236	225	214	224	254	235	195	200	218	209	222
19.4	17.4	22.6	29	32.2	28.9	34.2	30.7	32.5	49.6	87.1	90.1	98.6	113	212	275	348	488	345	261	250	230	201	165	155	157	141	142	139	133	124	145	140	150	135	118	131	135	125	146	195	236	212	333	300	245	226	207	176	214	221	192	146	160	269	228	218	200	165	112	142	132	145	169	199	183	179	174	166	176	187	206	198	188	215	227	222	230	250	302	316	282	295	286	320	313	320	360	342	322	330	291	249	210	221	231	262	253	298	349	389	283	326	315	317	324	297	288	266	244	235	230	253	240	223	190	208	220	196	216
18.8	19.7	21.5	19.3	27.4	35.1	44.3	34	36	38.6	81.1	85.5	62.5	75	74	116	166	232	283	227	235	246	203	166	159	157	145	132	130	132	125	138	141	148	161	143	132	141	129	159	177	213	199	303	254	219	201	228	214	230	232	229	179	156	252	251	190	193	142	101	130	136	185	181	172	175	153	173	199	183	172	178	174	191	206	204	208	202	225	265	296	280	278	278	306	299	309	343	304	315	290	262	237	191	187	236	233	243	283	339	335	276	309	297	305	332	318	279	277	245	290	245	244	226	213	193	193	195	189	226
19.2	20.1	16.8	16.5	16.6	26.5	37.5	28.1	30.2	29.1	33.2	45.4	40.2	41.5	46.9	72	89.2	107	124	170	289	359	328	258	245	190	183	161	138	129	128	141	151	159	171	167	152	155	156	204	201	193	184	221	185	190	195	269	227	225	242	206	150	145	165	136	146	144	148	154	157	206	241	220	194	185	179	206	228	222	198	192	179	213	209	236	209	197	254	252	286	281	295	271	258	270	278	251	263	262	249	224	239	230	256	257	258	292	288	319	299	286	312	300	299	296	283	258	256	249	286	256	247	246	221	203	206	216	200	213
17	20.8	18.4	20.3	20.1	21.4	23.7	29.7	30.6	30.6	32.7	31.1	25.7	29.5	36.2	55.6	65.8	85.9	89.3	115	133	182	161	167	204	187	176	151	138	135	144	139	146	140	143	147	158	162	168	221	213	222	193	220	198	167	163	203	219	219	259	172	148	170	152	116	121	148	173	180	167	205	248	211	205	197	189	246	241	216	201	179	181	202	205	261	207	209	218	225	222	243	261	232	232	236	273	248	259	246	252	250	228	258	301	264	254	311	250	276	303	285	278	270	275	263	267	249	255	246	252	244	231	238	211	212	207	215	207	219
16.4	19.5	21.8	22.9	20.1	19.3	19	20	26.5	26.1	28.1	23	19.9	22.6	29.8	45.5	52.6	87.9	99.1	104	106	108	119	146	158	149	146	133	140	140	141	132	140	138	140	151	155	154	160	197	222	214	201	187	193	182	192	196	194	168	172	141	127	159	166	219	216	175	133	169	177	218	247	192	181	195	196	233	224	209	176	169	184	173	190	256	223	203	279	240	230	235	248	229	224	228	264	251	258	251	269	298	264	256	269	301	287	292	237	303	301	285	247	271	264	278	267	244	243	259	247	251	231	229	227	225	229	234	212	218
13.5	16.7	18.9	18.7	17.9	16.2	18.3	14.3	16.5	18.4	22.4	19.5	16.2	18.6	23.4	35.9	40.3	52.1	81.9	93.2	117	100	107	120	135	176	147	128	122	124	119	123	127	134	134	153	155	154	167	187	208	202	200	182	186	193	178	188	198	190	147	139	118	143	245	182	227	191	170	154	187	217	239	177	184	200	203	200	186	175	165	153	148	157	175	228	201	169	246	245	228	251	243	234	281	252	232	225	259	258	296	332	311	275	265	368	318	265	247	275	286	271	277	279	263	266	264	247	263	256	264	238	235	227	263	251	243	242	230	250
5.66	8.08	9.23	10.1	13	12.1	11.9	10.8	10	10.9	13.2	11.4	9.3	9.19	10.3	33.3	40.9	47.5	56.7	76.1	144	124	125	135	155	145	145	135	136	134	131	125	118	130	136	144	158	173	199	186	197	187	200	174	163	170	178	162	161	157	160	154	130	137	167	170	157	157	146	140	178	191	185	190	192	197	172	177	177	181	196	142	140	143	150	154	190	176	211	193	214	207	226	201	242	240	211	204	225	256	252	319	310	282	272	303	310	295	299	264	271	271	261	251	249	234	229	241	248	246	276	271	268	264	274	285	266	267	259	271
4.17	4.55	6.04	8.58	11.5	8.74	9.62	10.9	9.69	9.44	10.1	8.5	6.27	6.37	8.16	26.3	30.9	36.3	41.6	59.3	97.2	170	202	132	123	148	162	146	151	135	151	137	126	132	149	165	172	207	193	187	196	236	222	191	164	173	184	168	161	147	142	140	140	132	159	194	132	140	136	133	166	173	191	164	162	150	146	163	183	166	146	136	138	157	144	160	170	201	208	198	197	179	191	175	215	234	185	172	188	199	247	308	297	308	295	278	282	286	291	279	276	255	251	250	251	229	232	241	256	265	284	265	272	296	317	305	298	283	280	285
2.78	3.84	5.61	7.05	14.9	5.46	4.83	5.71	6.34	7.5	7.38	4.89	3.07	4.54	5.35	18.7	25.5	30.9	39.4	58.3	83.7	143	169	136	152	165	141	131	148	157	165	150	154	164	171	172	190	191	181	218	207	211	218	210	170	174	171	168	146	129	125	145	138	126	135	139	123	146	135	130	140	170	171	147	141	128	152	161	174	153	135	148	144	165	144	161	179	186	210	180	167	148	166	160	186	220	189	170	180	211	244	271	279	288	325	280	290	307	279	309	304	273	238	229	239	232	235	248	262	250	270	257	273	300	325	327	312	291	301	299
2.39	3	3.25	4.03	3.76	2.97	3.21	2.88	3.49	3.67	6.24	7.01	3.17	4.12	5.79	14.7	21.2	24.1	31.2	45.3	77.8	93	103	121	146	172	138	119	136	174	195	161	171	190	203	201	203	198	195	209	203	188	200	200	172	175	156	156	137	126	121	148	155	146	138	144	160	157	158	126	145	162	143	135	139	138	166	142	161	154	141	145	153	161	142	157	165	179	195	171	157	141	169	162	174	229	205	174	200	228	266	263	230	247	330	347	354	343	280	289	266	269	246	253	252	242	248	251	247	255	248	236	237	275	306	321	302	289	304	306
0.507	0.767	6.67	9.62	1.56	1.32	1.13	1.04	1.13	1.47	2.3	5.53	4.47	4.28	6.19	9.43	11.9	12	17.9	24.7	30.2	45.5	60.1	100	112	136	117	142	125	180	234	219	201	280	247	231	235	215	220	213	206	204	204	199	198	179	162	155	151	128	126	131	157	147	116	123	133	133	127	144	149	142	135	132	138	138	139	135	155	167	155	131	140	159	145	148	128	132	145	151	175	179	162	146	176	222	174	176	196	200	223	259	276	285	293	320	329	311	291	285	269	249	245	253	255	248	243	249	260	260	269	243	243	261	279	296	280	277	273	317
0.175	0.163	0.219	1.08	0.986	4.36	0.663	0.36	0.329	0.504	1.09	1.97	2.06	4.34	6.56	9.63	8.5	8.05	8.04	16	19.9	28.6	38.9	63.3	72.7	91.9	109	105	176	204	257	210	211	252	239	219	227	203	214	207	205	216	207	202	208	190	195	141	134	140	120	128	151	155	127	127	135	128	130	133	168	170	142	121	136	134	146	151	163	169	172	137	147	151	143	119	116	114	120	125	152	151	163	151	159	206	192	194	190	201	204	245	269	280	278	296	324	302	289	278	258	247	235	248	241	238	248	253	264	260	280	289	303	285	252	267	268	265	268	310
0.0992	0.0892	0.0802	0.235	0.212	0.286	0.369	0.897	0.271	0.0785	0.311	1.97	1.96	7.06	8.21	8.49	8.61	6.5	7.48	12.9	14.6	20	29.7	50.1	44.4	51.6	60.8	75.4	110	159	153	177	298	348	299	209	209	213	220	208	206	211	206	193	189	179	172	141	129	140	121	128	158	155	141	137	157	141	134	135	151	146	141	139	132	119	122	126	145	161	149	140	154	159	152	144	121	132	132	124	144	145	182	213	211	195	185	192	205	210	211	234	251	275	267	288	316	311	297	285	264	250	261	249	253	249	253	258	254	260	265	276	284	257	247	254	278	292	290	312
0.152	0.0781	0.0671	0.188	0.154	0.127	0.307	4.14	2.45	0.391	0.13	0.54	0.997	2.02	3.69	10.7	10.6	9.73	6.65	11.1	13.9	18.4	25	25.6	29.7	61.5	32.2	38.1	54.9	79.1	102	160	260	306	314	257	221	209	235	188	199	211	197	181	180	176	156	137	121	123	122	174	156	169	158	155	153	150	126	130	126	128	128	126	118	118	130	113	130	154	137	137	145	178	160	157	148	137	182	167	155	168	169	190	217	202	170	202	197	199	199	218	235	236	252	281	298	285	274	291	295	284	278	250	243	247	254	250	254	282	265	276	291	275	259	288	311	313	324	331
4.65	0	0	0.0216	0.0157	0.0119	0.0601	0.388	0.471	1.3	0.409	0.414	0.568	1.14	3.05	3.44	5.79	9.25	11	10.8	9.79	11.9	14.7	17	18.5	25.8	20.4	22.2	28.3	50.3	67.7	75.8	134	205	255	296	238	191	201	200	196	219	211	183	168	160	146	129	117	120	129	146	149	178	186	166	147	135	128	141	146	147	165	146	122	132	125	118	152	162	174	188	182	181	193	186	156	129	182	165	168	175	154	124	178	181	191	236	199	198	212	229	239	274	266	307	323	315	277	284	307	292	261	244	235	247	258	276	291	297	291	260	262	283	251	267	277	313	364	370
2.58	0.99	0	0.0144	0.00784	0.181	0.00402	0.0681	0.075	0.296	0.214	0.295	0.154	0.614	0.99	1.59	2.86	5.27	9.98	8.49	7.85	8.04	10.7	11.3	10.8	13.3	14.4	19.9	26.5	37.3	42.1	43.1	76	137	192	287	309	242	205	217	190	208	218	198	167	163	151	125	117	120	135	151	134	137	152	156	153	183	153	161	170	192	174	130	126	124	132	120	156	167	176	184	200	142	172	157	145	141	160	172	169	134	113	143	169	184	259	277	234	237	263	265	255	261	298	341	347	343	262	242	278	270	243	240	236	230	264	310	336	322	300	268	257	250	233	231	253	291	335	331
0	0	0	0.000439	0.000442	0.0279	0.000944	0.0654	0.359	0.298	0.134	0.39	0.0662	0.182	0.263	0.809	1.22	1.84	2.64	4.82	5.99	7.04	7.24	6.87	8.74	9.37	11.6	16.8	30.8	32.6	43.9	44.7	50.5	78.3	121	214	220	230	221	186	182	197	201	181	174	168	157	139	120	114	115	116	112	111	124	154	167	203	202	212	194	201	169	158	141	132	129	116	158	154	193	198	186	140	181	145	130	129	133	180	184	169	145	138	157	247	245	235	286	309	316	292	288	272	290	313	336	289	261	263	247	240	239	236	237	233	252	284	336	346	320	288	266	245	228	241	263	301	324	341
0	0	0	0.000439	0.000442	0.000785	0.0146	0.00658	0.00768	0.0584	0.59	0.132	0.0581	0.248	0.199	0.325	0.869	1.54	2.48	6.5	5.33	6.22	6.5	6.15	7.8	9.64	10.4	17.4	16.7	21.6	26.4	33.3	52.4	50.3	67.8	111	118	148	178	197	201	175	235	202	167	158	148	131	135	118	114	109	111	114	117	149	160	163	177	207	200	219	205	174	140	127	125	122	151	140	190	259	207	161	153	120	101	130	149	160	161	144	162	192	240	208	206	243	256	276	275	270	268	276	255	280	273	266	246	238	243	227	230	237	229	230	243	297	334	333	336	331	316	290	271	251	274	289	337	364
