142	161	197	234	218	236	203	137	187	213	208	268	237	297	257	220	190	203	197	178	169	164	142	130	153	189	168	124	102	93.8	92.4	46.4	25.7	43.3	75.1	108	152	112	135	142	218	252	218	203	221	192	127	150	193	130	87.6	79.3	68.6	44.4	39.2	45.7	59	56.6	55.8	69	69.5	98	53.7	64.9	47.9	97.5	98.5	44.2	41.5	38.1	49.5	60.6	50.9	54.8	59.6	86.8	129	110	75.4	65.5	93.1	166	172	177	66.2	51.2	58.4	13.5	14.5	23.5	18.4	5.79	17.4	17.5	14.8	9.09	10.7	25.6	27.5	34.6	45.1	42.4	64.6	62.2	54.8	51.2	58.5	68.9	73.7	75.2	101	111	145	141	115	115	136	116	143	183
164	190	236	194	194	219	201	216	237	210	172	212	227	252	246	197	187	193	215	184	177	187	164	141	176	209	171	148	104	96.8	104	63.1	59.2	53.9	97.3	175	175	154	153	130	222	205	173	146	139	126	151	150	132	114	86.3	72	44.7	38.9	28	17	21.9	15.9	27.6	66.3	75.7	67.5	52.9	53.4	37.4	35.1	35.5	46.4	40.9	34.9	33.8	43.6	49.7	62.6	115	105	103	99.8	77.3	65.7	79	83.7	94.4	128	147	83.9	54.7	41.2	38	37	38.8	7.5	13.6	20.1	23.8	17.9	16.9	21.5	27.6	48.2	44	26.5	45.1	49	74.2	87.1	61.9	79.5	73.3	86.3	114	98.1	113	111	117	108	97.7	85	102	132
228	224	248	212	248	204	214	193	230	217	265	285	274	288	235	166	177	166	171	193	200	206	176	134	172	197	154	100	98.8	80.1	74.7	66.9	90.8	94.5	83.9	161	176	114	114	107	136	146	169	114	121	94.4	103	108	79	113	99.5	51.5	37.6	30.6	23.5	8.31	14.5	17.1	14.7	33.3	49.2	50.2	52.5	43.4	36.1	52.4	35	36.2	33	30.2	30.5	40.6	53.3	65	65.9	63.2	66.8	77.7	70.1	57.5	67.7	76.6	113	96.5	174	141	96.1	43.8	37.9	33.1	33.1	6.09	10.5	14.8	26.5	38.1	21.5	30.5	62.8	79.7	56.2	42.9	36.2	50.7	84.6	75	44.3	61.8	50.4	31.8	63.3	81	86.3	83.5	79.6	67.4	59.7	51.7	77.3	84.4
319	255	239	223	237	243	247	272	254	257	354	329	321	261	213	179	173	148	157	187	204	186	143	125	129	138	125	110	89.8	99.2	92.2	81.8	84.5	108	118	127	101	59.4	81	130	135	105	78.6	80.4	79.9	65.8	62	59.4	73.7	74.9	51.7	39.9	30.7	28.5	19.2	3.93	4.83	10.3	8.93	23.8	26.4	32.2	29.4	23.8	30.5	39.7	26	25.6	27.7	26.6	28.9	38	47.1	66.6	72.7	68.6	59.6	69.8	56.3	48.1	53.8	58.2	85.6	103	98.7	85.9	124	112	42.9	31.2	31.1	16.1	18.7	13.6	21.9	40.9	41.7	25.1	40	35.7	69.5	61.6	48.7	81	55.1	70.3	56.1	56	33.6	28	34.3	50.4	67.5	59.4	54.1	45.1	48.9	47.7	51.1	49.7
294	227	228	234	273	248	256	274	298	346	356	275	301	257	193	178	128	111	112	140	170	138	103	111	131	120	115	136	121	101	109	104	90.7	114	96.2	69	54.5	55.5	57.8	72	96.9	87.8	54.7	60.6	62.4	76.5	61.3	43.1	42.2	51.8	29.8	21	18.7	20.6	18.2	5.66	3.24	5.26	3.7	16.1	86.3	18.1	101	23.5	30.6	23.9	25.3	22.3	23.7	23.8	23.4	36.1	37.6	42.6	49.7	58.1	60.4	57.2	44.3	46.3	49.4	54.7	66.5	78.3	74.8	70.8	70.4	119	102	91.8	33.8	6.66	15.8	16.8	12.8	11.3	15.9	12.8	20.8	42	35.8	39.5	42.6	63.6	72.5	72.8	53.9	40.2	40	35.2	33.7	46.3	54.8	54.9	33.6	41.4	36.1	30.7	44.5	34
307	268	287	245	270	232	256	289	364	324	280	208	220	231	193	157	122	137	96.3	103	120	83.9	103	133	79.3	118	115	115	128	141	134	110	99.3	100	67.1	47.6	43.8	47.4	47	34.6	37.1	50.1	25.2	32.3	39	58.4	56.4	39.1	34.5	31	25.9	21.9	20.7	19.8	19.3	13	12.5	12.2	12.9	10.1	24	9.33	27.4	127	27.1	21.3	6.98	12.3	8.19	17.3	9.64	21.6	23.5	28	51.9	86	147	93.8	49.8	45	40.9	49.3	67.8	76.9	79.1	65.6	50.8	69.9	143	138	41.6	5.58	16.8	23	18.3	14.6	4.35	35.4	32.1	9.36	14.4	16.2	28.1	77	83.7	74.7	52.8	42.5	35.5	35.1	42.5	32.2	27.9	29.8	29.9	27	22	27.2	38.3	36.3
321	370	331	270	263	245	307	255	295	211	169	216	191	190	162	99.2	107	122	107	83.4	101	131	120	78	93	93.3	74.8	137	183	192	130	104	91.9	98	70.7	69.7	33.6	41	39.5	24	15.7	15.1	9.55	20.6	30.6	43.4	32.1	33.4	30.1	23.9	21	17.2	15.7	14.6	14.1	9.18	9.33	11.9	19.7	46.6	10.7	5.57	10.3	112	162	12.8	14.5	14.6	16.9	11.3	8.03	18.5	21.3	30.9	32.1	56	53.4	52.7	46.1	48.6	57.3	55.2	64.5	56.4	57.8	80	72.9	60.6	36.8	136	73.4	22.7	16.5	16.2	18.5	14.8	6.72	4.74	6.27	6.39	9.18	16.1	26.9	59.5	43.8	13.7	18.8	21.7	37.3	56.8	48.9	29.1	23.4	25.8	49.8	25.3	24.3	30.3	50.3	37.8
330	347	312	293	258	263	290	267	228	195	155	181	202	185	165	86.7	96.2	122	139	143	122	120	98.6	75.1	96.9	106	93.4	144	129	158	127	83.7	66.1	81.5	66.8	85.8	40.9	35.8	20.2	20.4	14.2	16.4	5.99	26.3	27.6	20.8	34.6	24.6	22.9	18.2	15.8	15.7	13.1	13.4	10.7	7.78	15.3	12.8	16.8	21.1	11.6	12.8	7.19	17	16.6	12.9	13.6	12.8	8.2	5.65	6.65	16.5	17.6	20.4	24.5	28	25	28	33.8	39.2	52.7	68.8	65.9	62.4	65.4	81.8	75.8	44.2	28.9	139	97.7	49.6	5.16	6.99	7.17	7.77	8.13	5.1	1.08	0.21	0.18	8.28	60.5	72.5	39.7	12	21.3	31.1	56.3	67.4	53.7	25.8	23.5	22.2	23.6	8.13	11.7	24.4	20	20.8
318	311	350	345	273	302	288	255	223	181	179	178	178	146	161	108	100	106	166	102	153	107	86.5	104	132	134	133	152	121	162	126	85.4	83.1	72.3	83.8	79.4	41.2	31.8	20.5	14.2	10.8	14.7	6.54	18.8	21.1	31.4	50.7	31.9	17.2	14.2	14.7	14	15.8	12.7	8.86	7.81	9.64	10.4	14	17	10	14	14.8	2.54	5.98	2.62	6.16	3.53	3.84	4.5	5.43	12.8	14.8	18.4	23.8	22.7	21.9	22.3	22.4	33.8	40.5	54.8	48.2	44.3	46.8	53.6	58	51	29.8	107	118	12.9	0.428	4.68	7.59	6.24	10.6	3.03	0.15	0	4.98	14	32	49.7	36.7	17.1	13	17.6	56.6	59.2	47.4	36.7	16.8	19.8	16.9	9.24	11	17.4	20.2	17.9
308	278	308	335	322	250	284	299	238	215	227	198	240	188	169	147	131	125	157	110	118	102	101	143	217	165	168	189	145	174	173	138	118	87.7	69.2	48.7	55.2	65.8	35.6	10.9	15.2	14.8	7.19	13	9.67	20.6	24.6	21.9	11.9	9.55	9.14	7.51	12.7	7.11	11.8	6.68	3.14	3.79	10.6	9.46	19.6	17.1	10.2	6.92	5.48	5.93	15	3.66	1.5	1.82	2.34	7.04	8.26	15	39.9	15.9	11.4	13.2	14.5	15	15.8	27.6	47.9	43.8	49.6	38.1	32.5	39.4	22.9	95.7	115	19.1	21	16.9	19.9	6.75	4.47	7.32	10.4	3.51	14.4	28.2	38.6	37.7	13.3	5.16	9.21	6.48	26	29.4	33.4	17.5	6.54	4.47	10.5	4.71	13.9	23.7	14.2	11.2
223	313	267	284	467	363	390	327	302	220	254	234	202	170	142	159	193	197	195	130	129	106	96.8	128	151	117	123	193	203	171	177	150	135	103	62.2	53.5	52.5	72.9	76.7	27.5	24.2	15.3	9.17	16	7.74	10.1	12	16.4	7.85	6.05	6.52	5.05	8.68	9.4	5.89	3.92	2.52	2.61	7.35	25	21.6	17	10.5	27.2	11.5	12.8	10.8	2.76	6.33	22.6	1.58	5.09	6.23	13.9	14.4	12.1	13.4	11.5	12.6	14	15	29.3	57.2	66.5	51.5	36.4	41.4	32.7	23.8	34.6	108	29.2	18.4	18.2	16.8	3.84	8.49	10.1	13	22.3	19.5	30	41.5	18.1	5.13	0.69	6.24	4.59	15.9	23.5	14	0.33	2.25	1.38	10.1	6.42	23.8	15.8	21.2	15.9
199	291	297	340	513	297	308	260	245	222	247	188	173	164	142	164	240	186	174	174	160	120	104	131	92.4	85.8	133	187	193	182	176	140	108	81.4	47.1	31.9	31.1	36.6	70.3	40.3	17.9	6.57	5.8	13.2	9.54	7.58	9.25	9.66	6.4	5.35	4.64	3.29	4	8.42	4.15	1.65	4.35	5.27	10.3	15	12.3	28.2	13.3	9.26	3.31	4.74	5.14	2.17	3.32	0.644	1.08	3.76	8.51	9.47	9.83	12.7	9.84	12.2	14.1	15.2	14	18.9	34.4	36.8	27.8	30.7	45.9	29.2	25.9	25.4	108	82.7	14.3	13.4	11.7	4.98	7.89	10.1	7.2	23.6	14.6	35.2	25.3	3.72	0	0	0	16.5	9.75	19.4	9.87	3.66	1.77	12.6	11.8	2.49	19.6	18.9	15.4	5.64
189	192	275	412	455	240	205	188	247	203	191	262	277	167	177	137	137	140	181	179	170	157	145	154	124	94.9	125	163	188	171	153	127	86.6	59.7	44.2	30.3	28.5	23.8	20.8	25.9	12.3	15	10.2	17.9	14	8.8	9.74	6.44	7.39	6.45	5.59	10.5	7.89	2.74	3.17	2.13	3.2	4.06	6.19	6.75	0.117	3.55	0.313	3.21	2.41	1.97	2.31	1.13	0.287	2.18	0.854	3.02	6.7	5.11	6.67	6.8	8.09	14.6	14.8	16.6	17.8	21.8	21.6	23.7	28.8	36.9	28.1	28.5	25.5	77.5	113	93.1	20.3	15.1	10.4	9.69	8.94	7.65	4.86	6.72	7.02	4.8	0.06	2.19	0	0	10.4	5.1	0	8.19	7.05	4.92	0.96	14.8	10.5	7.98	16.7	17.1	10.2	12.5
225	215	296	341	246	174	172	195	256	223	254	256	230	206	170	168	185	254	248	303	352	192	215	139	137	166	115	149	278	190	125	81.1	65.6	50.1	37.8	26.1	28.4	12.1	10.4	13.8	13.6	15.7	18.5	12.9	20.3	13.9	16	10.3	6.95	9.71	6.01	6.43	4.59	3.54	3.47	2.43	2.57	2.28	2.5	2.23	6.85	15.9	11.3	1.56	0.232	4.46	5.58	6.58	10.5	8.05	13.5	4.98	3.35	2.32	3.2	1.13	1.28	14.9	15.3	21.6	12.7	23.2	19.5	21.8	18.2	24.1	20.5	21.9	23.4	28.3	18.7	79.3	51.4	8.46	6.66	8.82	6.22	7.83	6	0.39	0.93	1.71	1.98	0	0	0	4.2	0.72	0	0.69	0	0.45	0	14.5	14.2	17.3	12.6	12.7	9.93	12.5
343	346	263	186	167	175	240	243	232	246	267	321	344	226	200	199	195	181	172	274	223	265	196	180	213	195	129	221	237	169	124	71.5	55.6	49	33.2	30.3	20.5	12.9	11.7	22.9	19.6	21.3	17.3	24.2	35.7	46.8	41	21	13.4	7.85	5.69	6.4	4	3.61	3.23	3.8	3.62	3.41	1.94	10.9	2.09	11.9	2.19	9.48	6.16	10.6	11.9	18.5	18.8	7.26	13	0.889	1.19	1.72	2.45	0.881	1.06	7.02	9.68	8.29	4.67	19.1	18.1	17.6	22	16	14.4	14.1	13.1	12	6.49	73.7	64.7	40.5	43.8	4.91	3.74	13.8	13.5	0	0	0	0	0.06	0	0.12	0	0.09	0.15	0.33	0.18	0	5.91	7.98	6.42	8.04	8.01	0.03	1.14	6.99
386	314	355	284	235	309	293	240	198	221	302	369	336	233	209	209	214	227	169	246	234	229	269	186	220	229	190	208	143	124	242	88.3	57.2	49.9	42.1	31	24	24.7	21.5	30.4	25.9	26.1	20.9	31.2	38	37.7	23.6	19	14.8	20.1	21.7	19	7.72	9.72	15.8	13.2	13.7	10.2	5.8	10.6	4.3	6.11	12.6	8.92	14.5	7.69	8.75	25.3	16.5	20.3	4.47	0.63	0.847	2.46	2.73	0.839	4.38	6.55	2.5	1.59	7.3	24.1	14	17.6	21	19.6	22	21.2	17.1	14.7	7.7	63.7	59.7	70.6	54.7	0.508	0.768	3.29	6.13	0.57	0	0	1.41	0	0	0.03	0	0	0	0.48	0.06	9.33	6.51	1.56	3.6	7.77	7.59	1.77	0.81	1.62
409	372	342	200	210	245	272	333	334	359	286	256	261	209	192	239	192	213	185	367	277	290	243	185	264	268	225	151	136	128	133	73.5	42.1	31.6	29.1	33.7	48.8	52.7	65.2	55.7	42.6	32.6	20.3	27.3	20.6	19	27.2	29.6	15	30.3	19	18.8	6.5	7.66	21.9	11.3	15.3	9.73	4.31	3.34	2.98	8.95	13.1	20.3	9.61	4.63	8.47	5.16	18.8	18.7	3.92	0.496	2.57	1	1.49	0.559	2.4	7.14	5.89	3.45	3.92	8.87	15.3	18.6	23.6	24	28.8	26.2	15.6	14.3	9.85	52	68.8	70.8	52.5	1.83	0.602	3.22	7.44	0.66	0	0.78	0.06	0	0	0	0	0	0	1.17	1.29	7.92	3.45	0.15	0.48	3.69	5.67	4.29	3.45	3.42
395	257	293	188	183	315	368	368	481	348	267	224	226	264	275	252	164	163	177	241	196	290	264	189	209	292	212	178	140	96.8	74.7	43	28.9	24.1	34.1	42.3	49.9	50.4	54	86.8	80.5	54.5	38.5	34.1	21.4	24.1	26.4	28.2	25.2	29.8	12.7	7	5.25	4.86	11.1	29.5	17.9	11.4	9.75	5.1	10.2	16.2	18.5	11.1	8.08	5.98	4.12	4.83	20.1	10	0.0161	0.0496	0.676	0.095	0.643	2.11	0.327	0.399	0.473	4.86	0.72	1.71	2.4	11	11.1	7.77	10.1	8.93	4.47	4.33	4.71	36.3	70.6	35.7	9.13	5.55	6.14	7.43	7.38	0	0.06	0.21	0	0	3.18	8.58	2.01	0	0.24	0.06	1.44	4.32	3.18	0.12	0.03	0.72	2.73	4.41	2.04	1.47
355	338	403	273	297	409	387	296	370	380	286	254	226	194	236	281	209	226	209	232	294	235	264	182	228	275	283	120	112	137	101	53.7	30	31.7	66.7	107	77.7	58.3	56.2	71.9	73.2	53.9	47.9	45.4	30.3	28.6	33.7	23.5	34	23.8	24.4	7.88	4.94	5.7	13.4	53.5	10.1	4.27	2.88	4.19	7.71	4.5	8.25	7.66	1.57	9.54	0.0975	2	10.4	0.0238	0.0123	2.85	0.437	3.05	3.4	1.8	0.19	4.07	0.28	0.889	3.89	6.27	11	15	24	13.6	6.74	5.84	5.11	3.13	2.84	67	41.1	3.9	3.9	6.66	7.44	7.35	6.71	0	3.39	0	3.12	2.94	10.5	5.49	0	0	0.27	0.48	8.67	2.13	1.35	0	2.43	0.78	5.55	3.75	5.61	0
478	468	401	256	311	425	337	288	323	381	365	365	249	210	218	168	208	199	234	249	201	199	211	173	179	168	167	111	165	182	105	84.8	52.8	66.1	101	110	90.9	89	73	81.3	69.8	57.7	68.3	59.4	48.8	41.7	48.2	40	34.6	26.5	20.2	9.3	7.32	7.26	15.4	17.7	2.14	0.499	0.393	0.4	0.437	3.54	4.39	8.64	2.27	0.996	1.61	50.8	5.7	3.85	2.99	2.65	3.15	3.17	0.047	0.0875	1.19	3.62	2.22	5.02	7.68	5.07	13.6	4.63	8.82	14.2	7.67	5.86	4.46	3.15	21.6	40.7	9.22	10.6	4.69	8.05	15.7	10.4	11.8	0	5.94	0	0.3	0.03	0.27	0.15	0	0	0.06	0.18	1.47	0.06	0	2.52	0.78	1.77	5.55	0.15	0.15	0
376	416	392	285	392	452	406	333	332	339	309	255	276	195	223	217	179	202	190	266	212	214	247	139	130	135	115	93.2	82.7	80.7	61.6	62.4	67.8	86	78.5	91.8	101	128	97.7	71.6	80.5	70.8	70.1	81.6	69.9	67.9	52.4	48.2	55.6	36.2	26.5	12.6	8.21	8.36	12.6	14.8	5.82	2.52	0.839	0.666	2.9	4.62	2.21	11.9	4.32	0.668	5.34	107	5.6	7.4	3.72	3.55	4.6	0.23	2.24	0.947	1.73	4.07	3.84	7.59	8.07	13.8	17.2	5.55	0.627	9.96	0.506	0.826	0.687	3.43	16.9	8.28	14.7	15.7	6.23	10.5	11.1	12.7	11.4	2.55	7.02	1.32	1.11	5.91	4.59	4.68	0	0	0	0.99	7.89	0.15	0	2.01	0.03	1.08	1.17	0	0	0
302	475	486	370	389	470	390	324	344	286	240	196	183	169	229	247	176	197	176	206	182	184	151	127	123	105	88.3	89.7	79.8	88.3	75.2	87.9	95.3	83.5	108	122	151	125	94	104	94.1	66.7	72.6	77.7	84.3	75	58.1	58.9	52.2	41.8	48.5	13.6	9.93	11.9	15.1	17.5	9.37	11.3	8.74	3.07	6.67	6.96	13	22.8	9.54	8.25	9.14	26.6	7.69	6.14	14.5	9.14	4.06	0.0122	0.0166	0.0421	0.366	0.069	6.86	8.7	13.8	18.3	13.1	7.51	3.4	3.16	2.55	1.52	2.94	23.3	10.7	19.2	15	15.9	12.6	19.5	23.4	21.6	19.4	15.3	15.2	15.3	19.8	33.5	35.3	19.3	17.2	8.66	3.85	1.82	1.81	0	0	0	0	0.21	0	0	0	0
411	475	402	308	315	256	355	407	345	260	221	221	197	267	190	203	202	207	216	250	203	171	159	136	145	105	114	117	75.8	89.7	102	88.7	102	102	130	156	146	115	85.1	89.1	78	71.2	86.9	79.3	82.3	77.4	68.9	55.1	58.3	52.6	56.2	17.3	19.6	24.7	18.3	23.2	16.8	20.5	15.2	7.75	16.1	15.8	12.1	19.6	15.3	18	19.6	92.2	32	36.6	35.7	14.8	0.0157	0.00847	0.0112	0.0281	2.93	1.23	0.0785	11.9	17.1	15.5	8.17	4.01	3.48	3.11	3.21	3.13	5.13	33.8	38.6	47.9	51.7	64	56.4	71.4	65.1	75.7	72.7	63.8	42.6	17.7	16.7	24.4	22.4	23	19	8.14	3.47	1.82	1.82	0	0	0	0	0.06	0	0	0	0
300	335	428	252	235	248	389	317	268	309	246	194	201	213	242	261	236	236	253	258	230	183	176	167	179	137	112	130	93.9	94.2	108	100	98	89.8	102	127	124	113	73.6	77.2	67.6	86.3	86.3	103	95.3	85.3	73.2	62.9	64	55.9	41.5	23.6	25.8	38.5	29.1	38.2	39.9	25.2	18.5	30.4	29.8	27.3	38.6	24.2	23.7	25	25.3	42.7	46.1	51.9	57	32.3	1.83	1.32	1.36	2.28	4.71	3.48	6.9	10.7	18.4	12.7	8.02	4.27	5.66	5.88	5.14	9.18	26.6	39.9	58.1	60	83.2	93.2	74.5	46.2	38.9	92.3	84.4	81.5	77.8	20.6	21.7	26.2	25.7	21.6	18.4	7.2	5.21	4.07	1.8	0	0	0	0	0	0	2.04	0	0
374	357	515	432	319	227	355	227	262	365	290	236	223	225	227	260	288	264	264	262	198	173	200	178	168	142	94.4	88.8	98.7	112	116	149	124	146	107	109	141	110	92.3	91.1	92.9	97.7	114	114	105	102	94.8	79.9	88.6	56.5	36.2	28.9	38.8	41.8	37	48.7	36.7	28.8	27.7	38.7	39.1	30.2	36.6	29	32.7	32.2	32.2	40.9	41	41.1	55.5	34.8	13.2	4.34	1.8	11.1	15	1.34	9.53	21.9	22.4	16	10.2	5.47	7.06	7.15	9.48	28.1	42.2	64.3	84.3	119	127	141	71.2	48.3	50	93.7	98.9	90.9	61.7	31.5	77.7	114	104	98	61.6	11.9	7.39	4.14	3.93	4.19	2.73	0.6	0.12	0.03	0.81	9.63	2.01	0
415	413	394	419	339	235	259	308	261	373	329	258	201	332	267	244	285	358	305	218	223	183	174	161	157	131	102	109	111	117	113	136	135	162	136	120	136	135	147	146	131	122	99.3	80.6	91.1	101	85	108	116	50	26.7	26.8	35.6	37	25.4	36.9	25.4	28	20.5	48	38.8	28.5	20.8	23	29.2	36.5	37.1	27	63.5	33.2	24.4	22.3	12.1	1.73	6.98	16.6	14.2	5.48	16.2	11.4	8.1	6.21	4.56	3.79	6.28	8.38	37.8	52.8	57.2	68.2	92	197	195	121	79.5	78.9	66.4	134	144	136	50.5	111	138	125	54.2	39.8	31.9	106	95	65.9	21.1	2.46	6.46	7.83	3.05	1.94	1.73	4.45	2.3	0.66
312	348	333	450	346	381	346	272	339	350	305	267	235	301	275	243	262	365	314	278	239	243	190	177	146	132	125	104	101	110	127	154	138	118	114	102	96.6	133	119	151	144	123	106	83.2	89.7	91	62.4	112	92.2	50.5	35.8	22.6	15	14.6	12.2	26	21.7	18.9	17.6	27.6	39.3	30.4	29.2	21.4	20.7	16.7	20.1	33.9	93.4	51.3	9.96	17.6	25.8	11	12.2	21.5	18.6	23.7	29.9	8.72	4.82	3.84	4.5	20.1	22.9	37.9	41	50.5	49.3	56.6	61.4	106	118	74.4	57	68.8	68.1	153	138	87.8	91.3	185	170	54.5	42.5	29.2	23.7	11.3	105	108	116	80.8	22.6	4.69	2.43	2.25	2.14	2.11	1.53	0
358	355	378	395	374	352	302	261	313	322	312	306	263	237	267	272	249	276	290	271	222	202	199	181	147	121	121	121	141	136	127	180	187	131	164	167	149	147	151	148	144	130	124	105	105	78.3	91.6	106	81	73.1	56.5	53	18.2	16.6	17.1	28.8	19.4	13.5	14.7	16.9	34.7	48.1	26.1	22.5	14.7	22	31.7	21.7	21.1	38.8	65.9	70.7	36.9	10.4	3.03	12.2	14	8.96	11.2	4.66	5.52	11.2	11.8	22.7	22.8	25.4	37.5	47	40.5	38.2	58.6	103	139	48.5	30.7	60.9	113	78.3	62.9	80.5	220	241	105	71.7	47.2	31.8	25.9	12	8.47	4.8	15.1	67.7	80.9	40.5	54.7	4.1	2.17	1.71	1.62	0
330	343	328	450	469	443	312	309	270	269	373	296	283	246	259	253	255	248	285	290	239	225	192	159	154	157	158	143	171	171	159	223	245	184	152	115	124	143	172	153	163	137	98.4	114	119	106	98.1	92.7	86.1	87.2	68.9	63.2	38.9	22	21.8	22.5	9.25	9.77	12.1	19.7	54.2	48.3	18.8	13.9	10.7	19.4	18.2	40.3	7.35	58.1	47.5	34.5	32.9	26.2	6.23	50.8	66.3	69	4.66	7.16	8.58	16.8	18.4	19.4	37.2	36.9	42.9	50.4	15.1	31.1	63.5	103	108	55.8	24.7	59.4	98.6	83.7	133	184	170	100	103	96.9	69.9	43.4	31.8	14.9	13.5	12.9	7.15	2.33	1.45	60.8	85.3	30.2	5	1.85	1.95	0
382	433	501	483	481	482	454	402	362	350	435	366	354	244	333	313	316	316	325	314	249	256	208	172	158	156	156	164	196	173	131	148	182	171	160	130	131	154	151	136	143	132	114	99.8	123	104	105	101	79.5	64.1	66.7	59.7	44.8	30.5	19.7	23.1	20	20.9	16.1	27.6	41.7	36.3	26.7	30.2	22.9	15.5	17.1	41.5	36	34.5	24.4	36.4	29	15.6	20.1	37	36.2	29.9	6.91	4.93	5.41	8.21	9.18	10.2	11.5	26.1	30.3	16.9	14.7	40.9	23	23.5	25.7	22.7	24.2	86.8	125	92.3	141	61.4	71.8	77.5	79.3	77.6	54.4	39.6	28.6	33.8	23.8	18	8.14	3.79	3.21	20.8	6.19	17.3	9.27	1.69	1.82	1.27
455	445	433	468	459	443	419	392	441	303	328	276	326	298	309	298	270	273	275	279	245	233	199	176	160	160	144	151	212	142	129	167	152	164	157	143	151	194	214	170	134	136	125	93.5	95	99.4	92.4	102	78.2	58.7	51.9	55.6	46.1	34.3	24.8	24	19.6	17.7	17.7	28.5	40	43.4	37.1	35.9	34.9	28	26.3	53.8	48.8	32.2	26	60.6	16.7	24.3	15.2	4.48	32.9	10.6	9.53	5.81	6.18	8.3	10.7	11.6	12.6	15.8	21.7	41.1	17.2	18.2	21.6	22.2	21	23.8	24.2	44.5	120	126	109	53.2	63.4	73.3	67	64.8	49.1	37.9	40.5	44.4	52	28.7	17.8	15.4	11.5	42.2	2.56	12.2	9.75	2.25	2.48	1.7
464	460	496	394	436	459	384	309	320	319	305	252	288	352	329	270	254	241	249	242	224	169	176	177	198	183	170	133	155	148	136	154	161	174	152	192	182	198	205	162	150	143	117	90.2	95.9	91.4	81	74	94.2	80	58.5	47.9	44	38.1	37.3	35.1	21.7	19.1	20.1	38.6	39.8	49.8	52.7	46.2	42.2	42.2	39.7	67.5	44.3	6.47	17.2	22.3	9.72	64.1	14.4	51.3	52.2	17.3	5.52	8.15	8.48	10.2	13.9	13.8	15.6	15.7	27.5	47.7	19.8	23	25.1	21.9	28.1	26.3	29.2	100	130	135	50.7	53.1	63.4	67.9	76.3	85.5	61.9	40.5	37.2	41	34.6	23.1	20.5	23.3	19.8	7.52	3.47	11.9	7.58	6.22	4.77	6.4
441	492	504	469	422	408	352	374	372	313	359	267	292	253	277	294	267	290	222	236	193	187	202	185	207	158	162	149	164	145	149	168	184	175	184	213	230	212	196	183	186	162	125	103	119	89.8	85.9	84.8	110	97.5	85.6	63.6	41.6	40.7	40.7	30	27.9	20.2	17.4	33.7	30	37.4	59.5	53.3	53.2	44.3	54.9	91.2	34.6	13.9	12.4	20.5	12.8	19.3	24.4	55.4	58.7	5.89	6.2	11.9	12.7	12.2	16.6	16.7	19.1	19.6	23.9	40.9	22.8	24.1	30.3	24.3	26.4	26.3	30.5	133	132	53.3	52.3	73	64.4	76.2	86.1	88.7	73.8	59.6	47.7	58.1	74.2	32.7	28	13.7	15.2	5.14	4.86	11.5	8.98	17.5	22.4	11.5
464	486	497	487	467	428	387	415	393	369	338	348	336	370	352	307	281	271	242	245	242	212	218	213	213	190	215	184	140	128	135	143	151	149	159	164	169	183	189	168	166	171	141	128	114	112	109	107	131	107	88.4	73	52.6	45.2	29.6	24.9	26	29.7	25.4	43.8	45.6	46.4	65.8	70	70.2	52.8	65.4	41.2	23	25.3	20.7	20.5	19.5	18.5	27.8	9.59	7.75	7.92	9.75	12.3	13.4	15.6	20.1	18.9	26.6	34.5	47.5	32	32.5	17.3	24.5	36.3	36.9	37.4	41.2	65.8	62.1	24.4	29.5	34.6	29.7	32.7	39.4	21.4	27.2	20.8	27.9	42.9	44.5	29.4	30	25.9	14.2	6.37	17.5	18.4	12.7	15.3	10.2	8.66
435	429	388	460	487	411	417	409	353	414	335	342	398	432	367	309	285	267	289	304	263	228	229	226	160	191	207	228	140	115	127	140	140	178	168	154	157	163	188	196	174	183	156	155	113	116	113	117	110	106	100	72.7	77.5	57.1	43	26.7	25.1	25.2	36.1	45.3	40.6	40.8	53.2	66.1	54.4	44.8	40.9	26.5	17.7	20	24.5	25.2	26.9	27.1	25.1	14.5	9.66	10.5	11.9	14.6	18.5	21.7	25.1	22.2	30.7	63.8	101	76.4	45.4	21.2	19.8	35.7	46.1	53.9	45.2	63.5	74.1	23.6	25.1	28.1	28.9	37.6	33.5	16.8	20.6	14.3	19.6	44.6	35.8	29.1	36.4	37.1	16.4	8.74	20	17.2	17.1	13.3	14.5	10.2
451	463	473	421	496	467	486	413	358	394	438	442	548	523	373	334	302	385	297	239	229	220	230	212	185	153	193	188	152	129	146	161	146	160	164	151	159	178	180	191	190	198	167	143	115	113	111	117	113	114	79.3	64.7	55.4	50.1	80.6	31.6	24.3	33.2	42.3	53.8	53.1	53.5	56.8	77.8	60	46.1	35.8	22.4	29.4	31.4	33.6	32.1	33	57	20	16.3	13.8	12.9	12.8	18.2	21.3	23.9	30	19.4	25	36.2	23.5	33.4	36.2	24.8	22.1	46.8	55.8	44.5	76.7	32.1	35.4	28.8	31.1	44.5	36	40.6	42.5	19.7	18	17.4	18.2	37.5	37.4	36	40.4	42.4	41.1	11.4	10.9	16.1	24.3	27.5	29.4	21
389	431	461	431	449	438	443	454	328	297	376	450	453	434	387	343	334	340	307	266	253	276	243	188	182	178	179	154	134	150	171	158	155	150	169	170	184	173	180	191	197	167	150	145	141	124	123	128	107	83.3	69.4	58.4	51.9	54.1	43.5	33.3	40.3	29.1	44.1	75.4	61.4	54.8	39.2	72.2	63.8	64.7	52.8	32.4	42	40.8	45.7	46.6	96	53.5	29.7	23.7	18.2	16.4	14.2	19.8	20	26.2	31.1	102	102	39.4	27.2	45.9	26.5	28	41.5	53	97	60.2	68.7	45.8	43.9	44.9	32.5	46.9	61.6	73.8	46.9	28.5	23.5	22	19.5	43	43.1	43.3	49.1	36.4	29	23.8	17.4	21.5	27.2	21.8	21	21.4
391	412	436	405	386	378	381	438	348	256	243	341	381	352	329	362	360	394	364	321	326	315	266	241	198	178	193	145	143	156	156	141	137	131	180	183	186	173	175	186	202	185	179	154	158	150	134	128	107	88	88.1	90.8	71	66	51	43.1	36.3	42.3	57.3	91.8	54.5	58.1	46	44.5	70.9	89.4	62	40.8	37.5	34.9	40.2	91.2	87.6	67.3	47.5	18.5	13.3	12.8	11.4	9.88	13.5	14.9	42.2	34.8	55.2	18.7	20.4	23.6	24.8	26	46.5	39.7	47.3	62.2	47.3	44.1	48.5	48.8	46.6	45.8	49.9	59	54.9	19.8	16.9	17.2	19.7	33	32.6	26.6	23.3	18.4	18.9	19.5	12.9	18.9	27.3	23.6	20.6	24.6
319	351	397	433	355	377	325	373	424	318	318	306	305	343	338	367	381	332	344	363	301	282	271	249	210	191	200	163	155	154	150	138	152	150	167	177	191	186	185	214	202	185	184	175	173	160	140	145	139	115	95	110	102	78.7	61.2	55.7	43	46.4	48.2	52.6	53.8	55.9	58.3	43.8	69.7	61.4	59.4	52.8	52.9	47.7	70.5	87.8	86.7	72.9	60.3	26.3	26.2	28.3	28.6	23.4	30.3	20.5	21.6	24.1	42.9	25.7	22.3	28.3	40.3	38.9	52.4	48.7	39.4	44.2	48.7	39.9	51	46.8	50	51.8	53.4	51.4	51.6	26.2	32.7	19.9	24.5	45.2	42	25.2	21	19	28.8	25	11.3	16.7	24.1	20.9	26.4	31.4
290	302	344	299	330	354	375	388	475	368	365	320	300	301	320	295	308	332	349	343	283	257	272	246	205	192	195	159	159	149	177	166	176	185	184	179	190	194	195	192	200	192	183	183	188	165	149	159	151	111	98.8	117	128	115	108	75.9	48.9	48.3	47	68.2	75.1	96.1	74.8	61.1	87.3	66.1	57.5	55.9	64.2	80	60.8	49.5	80.4	61.7	58	42.3	38	56.8	99.6	28.8	30.1	31.2	27.1	35.1	38.2	30.4	31.5	37.5	62.6	84.8	50.1	50.8	45.8	38	40.1	44.8	56.9	67.4	57.2	60.1	58.1	54.6	54.6	83	43.3	24.5	33	56.8	49.6	35	35	29.7	35.2	17.9	12.1	14.8	17.7	25.4	30.6	36.2
320	329	288	322	329	327	433	372	411	356	335	444	318	357	336	324	349	355	367	339	273	226	266	217	199	220	194	174	150	142	161	158	202	232	232	179	186	196	201	180	167	194	185	186	166	175	179	162	149	124	110	132	137	109	114	92.9	60.4	56.7	49.8	56.5	72.4	73	76	78.8	125	107	74.8	90.9	104	111	93.4	124	99.9	77.5	77.3	63.2	48.3	66	46.3	23.9	35.9	32.6	36.4	63.2	45.3	23.4	26.2	37.4	60.8	58.3	43.6	59.2	44.6	44	50.5	54.1	70	106	70.9	75.2	68.2	63.4	52.1	37	45.8	36.9	42.7	51.3	41.6	51.6	55.3	45.8	48.7	27.1	19.4	17.8	18.8	21.2	26	48.3
248	287	230	245	266	341	455	424	425	376	376	359	306	357	366	396	408	416	354	343	308	272	258	263	274	285	203	154	129	145	173	166	246	242	215	181	187	194	187	180	137	160	171	166	172	190	166	148	180	133	154	141	135	134	119	125	88.4	86.2	85.7	92.9	132	155	101	91.7	93.1	81.6	93.7	83.1	92.3	116	120	72.3	70.4	71.4	76.3	67.7	56.8	45.9	34.1	29.3	39.9	39.2	41.7	80.7	42.6	20.9	17.1	30.5	66.3	83.8	41.3	66.5	64.1	81	74	63	86.2	98.2	96.9	100	99.1	66	45	31.8	51.5	41	45.4	69.4	61	54.7	60.2	27	37.3	17.7	15.3	25.5	20.5	22.2	27.6	38.9
246	259	295	257	261	284	352	416	465	398	286	295	288	349	388	409	439	409	358	348	299	294	234	238	236	241	220	150	147	173	192	168	184	175	183	199	220	214	215	188	164	138	172	159	177	196	172	136	165	144	127	119	128	116	123	128	104	90.8	99.2	148	231	293	163	156	93.7	112	96.7	83.1	105	79.6	75.7	68.6	71.7	85.7	110	98.3	90.8	83.4	72.6	71.8	72	68.8	70.8	91.6	86.9	58.7	48.8	55.6	77.4	87.8	96	81.9	126	181	125	85.3	78.1	86.6	129	131	111	105	71	43.7	69.2	72	67.6	60.8	51	42.7	52.1	35.5	19	17.2	19.9	28.5	34.4	26.9	28.6	40.4
298	299	274	247	243	242	384	435	556	480	314	265	266	321	361	365	402	408	369	308	304	277	232	195	227	226	197	137	146	184	201	185	192	163	143	175	190	178	162	178	132	125	138	177	209	221	209	194	165	147	109	136	167	155	125	106	94.6	88.6	101	270	184	167	120	167	135	145	106	78	92.7	97.9	88.3	84.7	77.1	108	93.9	105	102	118	116	187	155	135	137	119	122	155	226	271	205	189	173	185	160	174	171	81.7	65.6	73.6	82	100	95.2	103	108	101	106	98.5	96.6	81.1	51.4	52.1	59	49.9	30.2	21.9	36.9	32.2	40	36.1	44.4	57.7
317	307	256	241	264	279	294	383	396	545	554	324	262	337	346	321	399	388	341	310	290	249	215	228	245	220	212	157	202	213	218	200	211	185	149	152	151	163	154	175	143	142	145	185	225	240	244	210	203	135	128	156	179	205	177	158	108	121	167	274	262	196	146	122	140	126	165	103	105	114	133	114	87.6	88.9	107	99.8	126	150	134	177	389	257	163	271	244	230	233	233	197	181	182	162	123	135	151	86.3	65.2	83.4	96	134	147	129	147	134	137	137	91.7	87	59.7	61.4	73	63.5	34.5	29.5	46.9	37.4	47	64.7	64.3	60.1
329	387	357	342	309	312	332	310	300	378	362	292	325	432	378	382	415	526	392	378	332	264	256	223	264	237	192	150	178	201	240	231	152	170	168	160	130	128	162	141	159	235	231	204	204	198	198	205	223	167	169	195	190	216	172	227	159	159	180	267	253	201	140	160	127	121	136	120	102	107	133	126	140	103	111	127	195	230	168	178	330	267	167	207	236	231	263	237	209	182	253	188	179	152	131	97.4	83.2	92.6	96.5	172	143	112	114	142	126	134	140	110	77.1	77.3	66.3	49.4	44	45.5	70.9	62.3	74.9	68.1	53	70.4
317	331	337	339	352	376	326	238	261	274	308	288	350	367	362	321	316	430	303	305	265	223	253	216	206	253	240	207	176	179	206	155	159	156	158	132	111	100	114	159	205	264	283	262	174	163	233	195	222	200	201	190	199	206	190	229	209	190	156	236	212	132	144	178	170	154	135	146	119	156	152	151	121	131	130	173	208	236	212	236	160	214	170	143	182	170	253	279	309	263	233	219	183	177	107	114	112	87.3	90.8	124	129	131	120	174	107	102	127	106	92.4	80.6	71.9	51.5	62.3	85.8	76.7	46.7	38.1	37.3	35.4	75.2
251	290	345	330	375	443	325	268	303	263	290	314	381	405	294	323	349	372	313	249	214	195	199	271	178	158	162	254	234	197	174	139	179	179	157	110	97.3	111	111	141	198	209	245	213	172	206	240	191	202	195	190	200	206	309	245	225	227	188	196	261	302	180	164	203	160	190	188	139	168	178	194	210	167	167	197	259	297	268	223	162	155	161	167	200	121	155	282	278	388	266	282	176	158	150	143	188	146	122	121	146	135	114	102	135	101	113	106	112	97.9	104	73.6	55	59.9	75.7	87	65	52.7	31.7	39.7	56.6
291	322	330	299	311	369	320	314	318	270	280	277	277	272	281	296	347	445	335	281	204	236	192	221	183	193	130	147	194	208	161	134	165	182	179	135	106	101	133	206	239	197	198	207	203	284	207	222	214	181	207	209	241	276	253	231	215	152	194	292	208	190	221	167	130	153	176	141	229	182	172	266	248	210	242	292	285	260	223	136	125	150	153	248	191	145	233	275	215	178	254	189	154	170	148	194	157	199	144	182	193	146	113	109	112	128	106	91.9	91.8	93.1	77.5	58.5	70.5	57.1	71.7	39.6	39.7	36.1	33.6	71.9
315	373	336	320	331	397	334	283	270	286	298	313	275	255	273	259	293	315	248	289	226	230	232	209	224	228	160	154	196	208	214	175	208	223	206	209	170	161	164	166	195	183	182	203	190	220	212	249	202	168	220	248	272	219	222	259	178	143	179	252	220	168	211	258	155	135	116	103	127	165	183	272	300	223	297	234	204	249	161	145	133	148	90.3	141	157	155	224	246	214	237	224	211	172	143	110	152	157	140	168	190	180	157	174	128	121	126	103	77	69.6	79.1	73.3	60.2	127	127	101	77.6	69.6	47.8	49.5	66
331	327	315	374	368	441	345	309	293	299	313	390	342	278	288	266	235	316	223	256	241	209	243	197	190	202	244	233	201	206	165	145	180	165	251	216	200	187	179	223	195	203	173	193	202	188	217	248	210	200	268	277	269	188	271	260	225	220	170	193	175	186	231	177	178	161	102	104	160	160	178	197	183	158	173	200	204	183	117	118	95.7	91.9	103	92.2	137	187	170	199	218	216	251	217	179	181	163	151	133	132	175	238	214	181	141	126	117	116	101	94.8	123	73.6	60.3	55.2	159	107	94.7	71.2	46.6	51.4	56.8	60.6
297	308	380	426	354	378	325	317	335	322	315	333	297	286	265	255	214	275	249	202	237	218	194	168	194	201	282	237	202	166	130	133	169	155	253	232	221	180	177	256	202	236	208	222	231	201	214	215	191	219	244	230	188	179	266	310	283	280	181	161	185	136	206	149	122	172	139	210	197	184	205	139	107	136	156	247	213	169	115	178	133	111	153	127	189	190	198	168	198	211	234	185	185	210	193	222	156	149	185	187	191	158	137	136	127	121	104	96.1	104	93.7	77.4	50.5	95.9	59.7	59.4	61.8	57.9	66.4	81.1	76.5
294	274	274	370	280	324	356	325	354	303	291	300	305	277	284	303	222	250	225	242	218	197	188	161	179	223	234	195	193	155	126	146	159	194	279	253	212	193	215	269	231	266	263	253	257	235	226	219	228	230	206	232	177	202	219	294	238	210	247	255	175	179	190	167	167	243	283	255	259	242	189	179	140	177	194	271	210	130	143	237	265	197	171	237	198	193	209	188	182	251	212	195	201	186	177	209	183	161	185	198	179	182	154	177	152	172	120	126	166	133	96.9	83.4	66.9	61.6	67.5	71	90.7	79.7	65.5	84.9
254	249	233	242	228	276	300	326	300	274	272	294	301	333	326	268	225	232	236	228	234	216	188	163	161	174	190	161	167	155	177	164	202	201	241	244	226	213	226	235	252	274	267	296	320	309	236	210	195	156	223	245	150	195	186	211	216	187	229	191	171	195	217	231	186	204	251	247	314	264	181	142	131	145	167	151	135	115	143	237	217	266	175	159	189	188	195	157	153	165	190	173	196	183	136	162	195	199	229	179	185	158	145	133	137	175	142	144	175	133	93.2	111	113	96.1	95.6	120	125	104	100	109
269	267	247	248	239	238	248	279	255	238	234	200	200	244	275	236	221	209	215	260	234	224	200	166	173	173	167	157	176	165	182	187	185	217	235	240	253	247	238	256	276	231	272	290	302	337	206	206	251	210	197	162	145	143	169	128	208	264	250	203	141	203	204	261	248	236	255	224	259	257	201	160	183	127	131	109	161	155	143	154	108	137	155	204	192	182	253	204	199	194	161	168	175	157	131	154	190	196	224	197	177	147	135	118	150	168	172	151	131	102	93.1	107	115	150	148	147	143	116	149	115
243	252	258	316	281	230	200	230	241	228	229	233	216	242	220	218	192	175	229	221	238	220	208	197	187	218	201	158	204	206	201	219	227	217	203	233	277	273	264	241	258	267	299	331	333	296	262	228	277	200	162	202	185	201	250	197	153	224	244	202	171	173	264	313	248	225	260	226	215	193	188	172	217	163	150	134	141	145	121	147	184	197	188	135	173	163	169	214	219	230	204	235	196	181	155	169	201	221	201	185	178	182	167	139	158	174	173	147	128	119	123	199	107	99.7	107	128	108	132	166	114
269	227	237	244	250	228	190	201	213	207	205	187	204	199	212	182	210	188	200	235	283	249	240	274	205	253	202	164	186	215	226	186	202	245	236	244	268	283	286	271	285	327	298	360	353	269	275	186	144	156	156	250	167	146	248	261	157	152	192	214	201	227	284	265	213	191	186	181	208	209	176	244	195	183	184	237	203	156	169	187	175	172	160	111	146	171	153	184	288	200	197	222	226	192	185	203	244	172	202	223	208	178	159	153	141	159	173	159	145	120	152	163	143	115	123	124	110	124	126	115
249	224	218	192	187	185	131	177	171	195	153	161	179	197	217	182	176	180	186	201	236	229	196	219	206	209	199	171	184	185	208	180	197	189	220	267	301	305	271	247	269	296	328	327	337	312	239	171	141	162	164	165	143	161	171	155	145	144	197	256	231	267	303	245	166	168	214	210	186	190	185	291	206	207	223	213	192	176	189	236	246	204	199	126	124	187	158	159	184	164	198	243	235	187	199	227	179	191	228	206	220	169	164	170	153	150	148	138	135	115	148	134	107	94.6	101	83	117	124	98.8	117
247	254	222	237	201	206	156	203	177	172	163	177	178	188	204	194	188	189	183	194	220	223	213	166	172	193	206	182	208	205	217	187	173	202	204	250	300	333	278	238	262	242	245	293	297	252	238	193	157	148	156	147	162	156	186	186	157	247	215	189	191	336	328	219	172	170	197	207	239	263	240	216	310	254	285	258	158	149	181	263	253	287	209	173	138	145	177	178	175	183	242	257	249	253	223	187	179	180	210	209	214	183	181	185	170	158	162	141	152	114	110	117	111	88.2	73.8	90.8	149	116	102	149
291	271	214	213	197	204	180	209	185	197	197	197	190	194	215	263	204	185	204	192	221	257	216	153	181	204	205	189	212	203	219	202	178	177	166	222	256	264	264	270	248	249	230	302	412	351	242	188	185	193	181	205	170	148	159	214	168	176	204	178	189	238	281	183	173	209	216	238	229	273	280	223	241	205	194	159	145	173	204	251	337	276	194	163	136	130	175	268	229	184	188	201	228	232	225	205	196	191	222	233	237	203	188	215	217	204	160	151	140	108	117	122	113	91.4	77.1	101	90.9	110	182	220
293	237	246	229	204	171	181	191	193	201	216	235	219	224	203	205	198	166	164	195	184	227	198	149	159	190	192	189	221	195	182	181	161	160	153	190	219	231	262	232	202	236	278	365	260	279	277	237	266	223	203	174	136	164	155	182	183	162	151	175	160	194	198	234	252	236	213	287	215	249	221	180	162	180	192	230	156	189	211	227	261	297	264	178	166	207	230	253	186	156	158	167	234	235	252	217	241	201	205	203	196	177	181	231	189	191	157	195	164	142	124	140	170	132	101	62.8	82.4	165	130	149
206	190	226	300	199	189	203	176	203	181	197	204	223	214	208	202	220	239	180	177	174	194	217	184	179	181	187	191	211	190	166	141	145	199	212	203	204	202	251	284	151	159	215	269	246	255	304	270	275	260	206	202	164	143	162	199	240	233	241	263	243	278	214	284	248	252	222	217	244	258	189	185	158	174	225	189	178	211	236	232	207	203	168	192	175	245	229	203	202	200	191	179	229	253	250	211	225	183	233	272	162	142	152	155	144	128	148	191	151	131	132	124	140	127	95.1	81	78.9	81.9	92	92.9
243	246	234	295	185	165	196	227	282	175	220	162	180	205	180	188	208	242	166	161	165	182	187	182	179	174	191	177	189	173	150	138	135	169	188	196	178	178	229	257	202	150	226	282	302	247	245	203	219	199	174	212	187	130	129	204	257	236	294	295	317	310	214	217	260	316	317	237	275	212	224	201	179	186	203	244	222	271	242	234	224	195	186	167	187	224	267	244	207	176	183	191	163	189	157	173	216	177	172	185	163	159	162	168	142	139	164	179	132	151	114	120	108	123	114	98.4	97.4	96.2	104	106
222	185	198	182	212	239	263	258	188	146	195	201	161	150	179	176	200	213	180	170	155	155	172	168	191	198	213	177	169	165	141	127	140	133	159	227	226	187	183	148	175	188	194	272	285	199	194	183	179	163	137	213	239	155	163	246	274	253	305	333	342	305	243	189	212	267	354	271	317	261	216	226	174	167	185	230	280	239	208	229	303	216	204	232	248	275	226	215	160	154	218	238	237	192	159	200	190	162	168	170	149	129	124	155	155	147	161	169	137	131	87.6	95.5	120	122	120	114	111	108	90.2	106
209	150	175	202	276	405	268	195	235	154	175	152	177	166	147	148	151	194	219	190	166	165	191	198	173	184	182	172	154	168	157	140	154	146	156	171	189	209	181	118	103	114	188	255	216	166	203	223	196	149	146	219	220	184	194	251	219	218	216	287	291	227	221	190	209	242	245	215	230	260	256	290	187	161	212	260	263	250	198	241	271	225	198	241	297	340	217	208	171	134	137	155	197	203	167	179	206	205	187	156	143	123	97.3	119	111	131	138	135	135	84.5	91.4	107	111	120	124	109	106	89.5	105	100
235	199	185	247	307	240	222	209	210	210	145	168	195	220	171	191	187	190	200	211	184	195	216	198	167	160	160	158	179	164	149	156	159	207	213	141	145	205	202	172	146	98	146	173	168	190	215	258	239	210	227	246	271	273	269	242	223	310	298	251	168	160	158	172	181	226	263	222	215	234	223	169	157	180	254	249	207	155	205	242	254	180	200	383	312	228	176	151	171	190	131	155	181	172	194	182	174	230	234	148	125	115	109	123	119	136	122	115	108	80.6	93.8	115	118	118	127	165	123	110	111	99.4
266	221	210	210	266	244	218	237	229	227	168	143	199	200	181	166	183	170	172	194	187	190	181	179	186	166	165	158	145	144	141	120	135	148	145	117	112	153	164	184	188	160	135	154	203	254	254	274	299	266	290	279	262	247	211	241	343	321	266	183	145	123	156	153	195	234	243	240	231	199	211	157	164	233	234	187	197	203	158	233	255	201	191	240	207	215	178	155	187	175	163	225	153	144	124	160	144	186	183	149	129	118	98.7	119	112	121	124	113	98.4	80.6	97.2	103	118	99	112	191	161	117	127	121
253	252	276	317	301	215	182	182	197	176	169	138	163	202	143	166	174	161	163	193	193	184	179	182	177	169	144	149	146	151	140	118	113	112	134	117	123	155	174	153	166	162	147	204	169	240	243	207	256	260	256	289	303	297	195	233	285	245	238	210	156	122	193	221	190	238	252	293	331	245	249	193	170	189	217	196	176	175	153	204	215	184	167	180	230	238	171	155	198	112	156	147	167	150	121	136	148	156	162	156	139	124	109	109	112	112	106	106	96.2	97.1	92.7	103	110	108	97.9	160	144	134	99.8	106
218	316	514	460	425	353	244	191	210	164	230	154	203	215	127	150	140	153	214	194	193	187	165	183	196	174	149	149	154	149	161	136	133	126	164	131	130	156	140	144	142	141	183	197	197	219	181	163	168	191	198	210	232	282	202	236	243	226	245	286	186	149	188	226	206	220	246	317	295	248	282	208	152	148	223	329	172	177	176	199	218	201	141	159	177	145	184	193	138	130	121	137	151	223	165	175	205	177	162	131	135	173	115	116	112	105	96.9	96.3	99.5	85.9	95.8	101	132	112	92.2	137	127	146	109	108
180	225	384	362	351	372	296	197	181	143	122	119	130	133	142	157	149	153	177	188	203	179	153	149	159	166	169	158	161	158	163	167	167	173	171	189	181	151	176	152	154	164	178	178	189	196	191	206	198	165	210	225	239	215	182	230	275	313	206	273	212	198	220	307	281	261	286	316	276	245	223	158	170	156	172	128	150	193	143	151	170	165	141	123	141	145	145	118	124	111	110	148	156	220	214	199	176	154	170	147	133	128	120	113	128	120	121	105	119	115	93.9	105	140	117	119	127	140	149	145	142
151	174	220	309	250	222	215	207	227	204	152	122	117	162	180	170	162	169	157	180	197	184	165	153	138	160	196	195	171	150	151	160	165	173	174	189	183	176	188	178	161	166	166	161	176	191	195	239	211	187	174	196	220	225	194	184	230	279	171	182	220	238	273	301	261	247	259	273	184	189	170	141	157	120	144	164	180	189	230	171	153	149	141	127	117	117	110	116	106	115	119	150	158	154	153	164	173	167	190	147	133	133	127	107	118	127	113	116	109	98.7	102	113	164	116	120	131	138	157	179	162
162	173	140	169	147	132	153	198	212	195	212	151	135	158	189	170	161	161	160	190	192	196	193	172	148	168	169	167	171	160	149	162	159	155	164	191	195	203	205	170	152	157	164	148	161	147	150	199	203	165	170	187	220	268	229	234	229	220	175	201	208	263	314	248	237	244	254	216	195	181	209	155	175	147	165	192	251	227	193	157	170	171	137	137	110	115	119	109	104	178	135	187	178	180	152	177	208	165	165	124	121	127	114	157	114	113	110	107	103	92.9	67.2	64.3	105	117	123	157	152	136	150	151
118	121	126	118	100	101	108	139	168	170	208	175	173	136	143	140	147	154	144	133	144	152	142	157	165	162	184	184	198	197	151	162	162	164	161	161	199	243	190	154	151	142	137	161	126	134	155	204	194	160	162	182	238	290	266	215	180	179	188	256	263	277	281	251	238	243	251	197	175	232	224	184	199	184	196	140	226	224	189	116	90.8	123	178	191	139	123	128	147	123	114	113	206	233	223	180	247	188	148	141	124	122	149	151	133	117	108	128	90.8	102	79.8	57.7	73.6	89.4	119	135	141	151	139	152	145
59.7	80	88.7	119	90.3	81.1	67.5	71.8	90.5	129	181	190	188	174	178	163	151	158	150	146	136	132	132	121	126	124	144	168	177	166	155	167	167	158	168	185	167	170	152	148	156	145	133	128	156	153	162	179	205	191	178	211	202	250	300	230	205	211	208	235	222	251	218	276	273	271	268	245	217	238	226	183	194	215	191	133	166	278	230	131	118	154	183	190	166	130	120	154	159	175	183	201	237	223	178	185	170	170	187	220	176	176	137	130	132	101	99.7	85.3	80.1	73.7	85.4	92.5	99.5	87.4	107	116	127	139	161	145
60	51.3	60.1	105	110	86.1	60	50.7	57.1	72	116	157	175	194	177	168	156	165	181	167	163	132	134	118	116	113	128	142	165	155	152	170	179	181	164	210	187	184	181	159	157	141	148	131	125	148	185	200	214	226	173	216	207	191	264	258	188	231	228	228	209	206	219	306	273	290	283	253	229	229	218	190	202	227	173	112	117	154	154	139	160	184	170	178	156	119	129	140	176	175	171	231	265	221	191	203	202	212	213	166	157	177	144	170	114	81	102	101	69.4	64.2	63.9	90	97.4	100	109	141	145	151	164	152
53.5	52.3	43.8	44.1	83.6	67.9	76.2	51.6	42.1	60	74.2	87.4	97.6	123	163	172	146	160	170	140	138	140	119	107	98.6	96.5	112	129	154	155	157	167	170	174	173	227	227	196	181	185	159	170	131	136	135	131	160	145	211	222	186	183	216	154	187	229	256	225	231	230	190	195	222	287	270	290	268	227	226	233	208	188	175	191	180	126	122	90.2	133	174	189	158	180	174	159	122	135	116	164	223	196	231	176	188	240	202	304	292	237	175	162	146	160	159	136	101	101	91.5	75.3	67.7	63.7	84.5	83.7	112	129	133	149	135	120	126
33.9	44.3	43.8	43.4	35.2	50.1	61.2	46.5	48.9	49.5	59.7	64.4	62.2	68.3	81.5	127	138	142	157	130	138	124	104	92.7	89	88.4	94.4	123	141	143	152	170	172	166	161	210	214	210	207	255	183	196	140	176	212	174	154	156	146	164	154	131	158	161	144	242	317	259	218	221	288	230	271	218	252	287	312	292	239	207	202	196	170	179	179	184	136	148	134	155	192	163	178	180	157	134	133	139	179	205	205	194	160	205	218	227	393	295	215	213	183	133	147	112	108	119	102	86.6	79.9	86.9	64.3	74.4	93.1	101	126	139	132	125	92.9	108
18.9	21.8	25.4	31	41.5	41.4	51.1	54.2	47.1	40.9	43.8	49.2	53.2	53.9	61.7	74	91.4	101	103	98.5	99.1	100	96.8	92.2	84.4	95.1	102	114	125	137	147	161	176	164	158	166	160	175	169	168	145	165	146	176	154	196	186	160	149	138	168	139	156	150	128	174	232	221	237	297	245	238	245	208	226	263	298	313	277	269	256	219	207	198	222	310	230	192	196	174	185	182	202	186	199	161	156	169	191	201	216	160	173	190	198	228	261	240	213	185	157	117	138	131	112	85.3	78.1	75.1	77.9	75.4	70.2	68.7	81.3	87.9	100	117	95.9	91.4	93.4	107
19.5	23.2	27.9	33.5	38.9	35.5	38	52.6	41.6	43.8	43	43.1	41.7	51.2	60.5	60.6	62.9	70.5	79.1	93.1	89.6	100	104	91.1	100	97.3	103	119	132	142	153	172	183	171	154	160	145	155	151	149	165	151	143	178	137	176	192	150	169	203	185	179	197	151	137	146	149	173	186	336	220	205	257	211	227	247	257	306	309	249	227	210	253	240	251	288	245	181	178	188	197	192	204	202	237	189	157	159	195	184	185	191	187	227	182	200	212	214	206	176	157	144	133	121	123	101	82.2	79.7	67.6	70.1	79.4	69.3	71	85.2	94.1	96.7	94.7	88.6	94	110
17.2	19.7	18	18.7	27.6	32.4	28.8	34.3	32.7	41.8	56.8	53	49.5	52.4	64.6	77.1	66.1	77.3	107	113	112	95.6	106	102	92.6	88.1	103	130	152	150	167	169	185	171	165	162	135	138	144	141	159	132	122	147	145	152	172	157	130	113	112	153	181	140	143	101	126	167	195	305	266	254	240	268	266	280	211	234	276	255	223	201	214	249	269	264	237	200	222	236	216	193	197	209	238	200	164	162	161	205	205	198	174	150	178	176	175	244	162	205	168	137	109	110	98.1	82.3	82.1	72.3	67	62	70.3	68.2	62.8	72.9	87.2	75.8	94.8	98.1	103	95
12.5	13.9	15.8	12.8	14.4	17.6	25.5	27	26.7	28.5	33.3	49.8	46.7	48.7	40.3	55.6	66	72.3	92.8	117	134	105	104	108	95.7	97.4	106	133	154	160	167	159	159	158	144	164	151	142	137	123	123	122	114	103	101	111	134	136	124	102	97.4	96.1	153	131	160	135	134	155	252	312	307	368	325	232	227	208	195	199	219	221	244	207	191	215	219	236	248	244	253	266	212	192	201	204	235	208	174	154	186	199	190	184	148	150	166	202	262	222	175	203	217	135	129	124	108	102	83.6	85	70.4	66.5	73.1	67.3	59.6	66.3	69.4	73.4	70.1	78.6	83.2	88.2
5.99	6.65	7.33	7.24	9.04	7.82	8.83	14.4	22.3	18.4	26.2	31.3	46.3	38.8	40.2	55.5	46.3	57.5	62.4	76.4	113	103	105	115	110	115	132	130	149	162	169	177	175	183	166	159	146	126	119	112	118	123	126	89	90.2	102	127	133	150	133	114	116	153	176	157	127	125	139	187	179	182	239	220	172	183	190	179	193	197	197	215	228	247	210	207	283	277	234	257	263	242	209	178	202	203	218	177	157	160	133	146	170	153	160	172	213	237	236	217	204	209	173	148	133	116	112	101	94	85.1	83.4	90.4	88.9	96.4	87.6	78.8	63	56.9	65.2	68.4	69.6
3.03	3.87	4.16	8.38	17.3	5.95	6.92	9.66	10.5	11.9	17.9	21.7	26.9	31.5	33.5	44.7	48.3	47.4	58.5	61	105	109	102	109	108	110	115	121	132	147	157	159	165	167	157	150	145	129	116	112	128	101	81.3	76.6	90.8	103	129	121	124	124	115	122	127	163	177	124	114	110	137	141	165	237	188	164	176	178	182	201	204	223	217	206	177	181	229	226	232	232	283	303	234	209	196	184	191	196	145	146	151	151	164	202	164	161	188	207	234	256	202	249	237	194	162	142	124	111	110	96.2	91.4	92.8	113	95.9	98	105	94.1	65.8	74.6	71.4	66.2	65.1
1.74	1.96	2.35	5.46	14.1	4.88	4.39	6.75	7.05	8.7	11.7	16.4	24.8	25	26.8	35	36.6	40.7	43.3	57	71.4	101	107	109	108	107	112	113	122	144	148	155	157	150	157	142	139	131	114	94.3	88.6	82.1	85.3	95.7	112	97.6	107	100	120	130	114	83.4	89.9	118	141	125	121	100	102	133	143	176	165	153	166	169	184	181	178	189	192	177	186	191	239	269	242	249	270	287	246	239	210	176	173	187	151	139	129	163	185	204	165	143	154	182	187	208	227	229	207	209	161	131	121	109	112	117	92.1	92.7	113	111	97.2	80	90.8	68.9	61.7	66.8	64	65.8
4.45	1.85	1.75	2.29	2.68	3.26	4.04	5.45	5.75	7.17	10.1	13.2	20	27.9	28.8	33.1	33.2	33.2	36.8	43.4	68.3	86.8	98.9	103	101	105	102	100	105	120	132	130	133	142	141	136	141	121	119	92.1	78.6	76.2	84.2	100	124	115	112	91.1	103	110	105	108	112	115	121	126	118	109	114	127	122	169	162	181	168	167	181	164	168	182	172	175	192	227	208	225	216	247	284	277	263	244	224	176	194	201	146	139	131	131	143	155	170	191	166	170	179	159	214	206	189	161	156	136	132	121	120	120	91.8	110	109	107	92	96.2	109	69.9	67.6	66.8	71.8	74.1
0.348	3.11	2.41	0.515	0.393	0.43	0.474	1.89	2.14	2.64	3.64	12.1	14.6	16.5	23	23.7	25.8	23.3	23.8	27.4	32	51.3	62.4	81.4	77.8	78.8	76.5	70.5	82.3	103	108	138	130	135	133	132	140	129	118	116	92	84	91.5	95.3	107	112	112	105	109	100	96.8	98.3	135	145	142	129	112	105	138	130	150	132	147	149	151	161	156	148	154	180	172	168	206	218	212	208	265	266	246	237	235	232	234	160	234	207	180	197	163	142	162	155	152	157	153	164	148	165	167	193	178	166	186	173	158	155	135	123	118	115	121	115	103	102	111	85.1	93.5	92.5	94.5	101
0.0476	0.361	0.411	1.45	1.9	0.21	0.218	0.936	1.1	2.06	2.69	8.12	8.8	10.3	15.6	22.3	26.5	20.9	23.5	26.2	29.6	32.8	47.4	59.7	71.8	70.1	77.2	77.9	73.3	96.2	118	170	139	141	137	128	129	128	123	114	95.9	89.8	95.2	93	103	104	108	122	112	97.6	95.7	92.1	104	124	150	134	117	117	147	138	122	120	116	119	127	152	150	167	199	191	188	189	205	196	204	192	170	190	228	205	211	222	219	167	192	194	259	217	182	160	172	158	154	141	135	127	140	132	141	192	165	145	159	195	175	154	150	149	146	132	123	119	132	124	113	110	108	102	99.7	119
0.0151	0.134	0.0137	0.028	0.0264	0.81	1.93	0.501	0.572	0.989	2.09	12.5	8.98	10.3	14.8	13	19.2	16.3	15.8	19.1	23.9	24.7	32.8	56.2	49.9	51.1	49.9	50.4	61.8	76.1	94.9	205	199	163	167	161	153	146	121	103	95.3	90.7	95.3	96.6	102	104	101	113	119	113	112	103	102	100	140	159	152	158	147	148	159	173	150	130	155	159	158	149	211	193	170	174	167	178	170	178	150	168	189	199	223	222	197	205	218	206	224	203	190	178	172	157	154	144	114	112	127	134	149	157	142	136	148	152	168	156	153	158	162	146	132	137	140	141	134	131	124	120	104	122
0.0151	0.0132	0.0123	0.0522	0.051	0.0373	0.578	4.45	0.496	0.825	1.28	4.01	7.93	6.98	10.3	9.38	11	12.1	14.4	19.9	19.8	24.8	31.3	37.7	34	63.7	41.1	38	42.2	52	68.3	135	193	281	221	140	131	123	119	107	91.9	86	88.1	86	87.2	99.4	106	105	122	106	109	106	110	133	145	162	151	160	144	133	181	160	167	145	137	155	173	156	189	155	148	158	157	169	172	149	195	208	168	183	191	176	168	246	220	198	194	184	189	168	152	157	165	156	126	137	155	153	152	148	162	151	142	153	156	159	157	164	174	145	134	134	140	166	163	150	153	136	108	126
0.09	0.09	0.21	0.0682	3.09	0.11	0.164	0.507	1.17	5.24	1.71	1.84	2.68	3.14	5.16	6.95	5.12	6.21	8.36	16.7	20.5	20.9	26.5	32.2	27.2	39	29.3	28.4	28.4	33	35.1	70.2	116	175	208	148	113	109	97.2	99.3	94.6	85.1	75.3	71.9	70.1	72.4	90.9	101	123	108	103	102	110	152	158	189	155	131	111	102	105	107	134	141	134	135	167	146	154	133	147	143	147	139	159	151	172	165	131	147	185	185	199	216	161	131	166	157	175	174	132	139	182	178	142	117	182	172	143	150	162	170	145	145	151	161	168	184	175	158	160	159	155	161	180	170	149	132	128	154
0.18	0	0.03	0.0597	0.071	5.91	0.123	0.377	0.486	3.06	9.87	1.02	1.25	1.52	2.11	3.15	2.61	3.68	5.91	11.5	18.3	19.3	17.4	22.4	18.9	21.4	26.6	26.6	26.8	30.7	27.2	34.6	63.4	124	183	143	136	109	93.6	87.9	74.5	70.7	65.5	60.2	62.7	64.3	85.1	105	105	116	106	108	115	124	125	163	170	141	122	111	117	110	120	138	125	141	161	166	183	164	174	186	176	160	177	157	192	171	155	140	141	172	183	148	125	136	177	217	173	152	140	158	177	176	148	134	158	165	159	184	179	177	186	181	168	170	170	179	171	166	187	171	153	152	172	167	158	139	146	187
0.87	0	0	0.0434	0.0622	0.372	0.275	0.307	0.382	0.495	5.26	7.46	0.622	0.763	1.01	1.71	2.27	2.23	3.72	8.19	12.4	19.6	14.6	14.7	14.9	15.3	16.1	25.9	26.9	29.9	33.3	51.1	49.6	62.8	95.8	115	106	102	97.2	84.9	74.6	67.2	58.4	50.7	54.9	59	64.7	87.8	95.8	112	113	117	129	137	126	113	133	138	130	138	128	132	125	131	107	124	162	164	168	161	166	227	206	160	175	160	168	191	237	185	171	160	138	116	131	122	128	153	178	174	142	177	184	155	175	167	194	177	156	154	146	194	234	189	187	185	170	166	176	180	209	170	159	146	142	137	130	145	158	166
4.98	0.42	0	0.0434	0.0436	0.0859	1.43	0.56	0.515	0.471	0.5	1.08	3.98	0.566	0.751	1.55	3.2	2.92	3.22	6.4	9.14	12.4	18.9	14.3	12.4	13.4	14.4	14.4	23.2	30.8	39.9	62.6	62.1	51.5	45.5	57.2	74.3	82.7	102	81.3	72.1	65.5	63.1	52.6	53.3	56.5	64.6	71.3	80.5	93.5	138	104	130	119	111	112	117	139	158	143	140	146	162	138	120	138	168	167	163	148	166	206	192	178	168	181	178	191	180	231	176	182	148	106	108	135	129	147	171	184	185	158	175	155	140	156	183	157	154	145	152	178	183	159	170	155	156	160	168	161	175	147	126	122	127	123	143	145	160	160
