146	143	146	123	116	99.2	92.6	68.2	64.8	67.8	74	90	110	130	112	108	107	122	138	122	114	124	137	118	126	140	126	115	104	117	88.4	75.8	78.8	76	67	108	124	118	138	197	220	282	302	290	291	281	326	325	287	216	188	180	145	123	127	169	154	171	169	163	162	166	170	177	167	169	201	172	162	148	128	153	128	129	140	132	130	119	134	155	150	131	128	158	171	174	198	126	158	154	146	76.7	78	76.8	66.5	61.3	49.1	50.5	55.8	98.8	99.8	98.7	109	99.5	104	106	122	105	96.7	92.8	94	132	142	148	134	140	112	114	114	172
152	165	187	128	110	115	96.9	68.9	66.6	74.9	101	126	117	115	138	151	123	123	142	133	114	114	113	124	131	182	151	109	88.3	107	87.7	96.7	145	81.4	74.7	108	120	108	142	188	182	193	242	258	252	240	267	314	264	253	200	158	141	122	105	51.9	72.6	83.1	96.8	128	113	101	97	89.7	112	100	102	110	103	95.6	96.5	184	147	152	123	137	131	127	135	136	135	141	147	139	137	136	143	129	146	157	146	83.1	72.5	55.1	48.5	54.7	47.6	44.8	46	55.3	70.1	84.7	86	102	112	145	159	156	131	114	109	125	113	120	131	158	102	95.3	98.2	123
172	207	206	125	119	116	113	91	90.1	96.1	108	152	120	137	144	168	126	124	143	123	107	108	120	145	141	151	136	119	101	109	93.4	109	103	80.3	83.9	112	110	99.2	107	133	229	169	188	233	257	230	211	226	221	251	206	152	142	149	107	48.7	71.2	97.4	83.6	114	99.7	84.5	95.2	85.3	71.8	89	82.8	65.6	69.3	55	61.7	141	124	184	138	130	126	121	123	135	136	132	141	162	151	155	148	133	161	150	139	91.7	70.3	57.8	54.2	46.7	43.8	43.9	49	58.5	74.9	75.2	98	116	133	141	155	151	121	106	95.3	101	103	111	113	124	91.8	85.5	112	105
194	217	204	137	133	129	148	112	96.6	122	154	152	136	138	155	156	141	144	156	129	126	123	116	132	147	140	135	136	116	122	124	142	143	109	86.5	115	95.3	84.4	94.8	117	148	156	142	195	213	217	217	233	228	237	194	149	154	160	98.4	48.4	55.2	71.4	69.2	74.9	79.2	89.4	89.6	58.4	53.3	72	68.9	50.5	75.4	42.7	59.8	129	143	145	160	123	123	127	132	156	142	130	136	145	143	148	145	150	135	138	136	96.6	91.7	79.6	60.9	46.4	46	54.3	62.6	57.1	57	57.3	62.8	89.7	99.2	141	138	130	117	110	104	109	102	110	97.4	88.6	97.1	93.3	118	127
206	219	211	148	167	162	182	116	123	153	177	150	137	169	199	184	145	130	164	149	129	135	136	135	128	131	133	138	133	143	150	152	171	133	107	89.4	70	83.9	82.6	96.6	131	134	125	157	164	174	188	216	318	228	177	140	113	106	92.6	64.8	53.9	62.9	78.5	92.9	96	90.5	88.1	96.7	72.9	56.7	65.8	39.3	68	48	51.4	124	112	111	139	145	152	133	152	182	143	133	147	178	144	150	158	169	145	159	151	134	103	93.7	73.4	59.2	51.8	51.7	50.5	45.8	47.6	51.6	49.8	69.6	87.9	110	134	126	115	100	109	109	111	110	88.1	102	98.8	107	107	118
203	212	213	166	171	175	186	179	190	212	233	159	144	137	151	145	126	119	149	205	161	147	155	129	136	118	120	141	153	143	142	158	139	137	120	99.2	74.6	81.9	72.4	83.8	90.7	98.7	102	128	138	130	143	212	206	172	158	107	101	95.6	91.8	77	79.5	84.7	87.1	86.3	70	56.7	93.7	78.7	55.2	35.5	38.1	43	50.1	48.7	48.2	69.1	76.8	89.4	94.4	109	134	176	167	133	123	108	108	115	122	125	132	155	151	162	177	145	146	147	151	96.2	62.3	59.5	48.9	46.8	53.7	52	44.8	83.3	79.4	84.6	98.5	76.7	76.9	72.6	75.8	92.1	105	94.3	96.3	104	109	120	112	131
195	209	213	167	158	169	187	160	162	197	215	156	146	137	142	127	108	119	120	149	150	147	163	133	126	120	136	158	153	144	157	155	151	131	139	122	88.6	75.3	71.9	90.8	118	97.6	89.4	128	128	127	147	186	167	160	139	102	87.9	86	78	74.6	77.2	70.4	88.1	55.5	47.1	54.2	80.4	56.4	68.9	52	110	46.8	39.4	64.3	44	58.8	77.5	82.7	91.6	120	147	151	149	108	101	107	104	103	98.7	120	134	147	162	153	165	171	163	139	163	109	75	68.9	55.3	47.6	50.6	50.1	50.5	73.2	69.5	71.1	92.8	76.8	70.1	65.1	69.5	95.5	89.7	102	88.7	113	106	95.9	86.9	130
193	202	228	189	171	181	195	161	161	174	188	124	122	133	156	115	105	116	148	169	155	140	143	140	151	130	157	202	201	170	167	175	146	146	145	129	105	84.7	91.6	89.8	98.9	92.7	108	138	135	133	134	167	154	166	137	92.9	81.8	75.7	73.6	74	66	69	71.9	58	34.2	55.7	71.7	85	62.1	58.8	54.1	29.5	21	41.1	46.7	52.4	59.3	73.1	89.9	123	121	127	138	102	107	121	117	102	105	110	115	140	158	162	167	188	158	147	194	144	95.8	65.4	53.3	46.5	47	48.7	39.7	54.9	55.7	66.5	84.4	68.9	63.2	59.8	64	70.2	79.7	81.1	71.1	97.7	124	94.9	88.3	135
189	204	222	189	206	203	192	158	154	175	206	127	119	126	130	114	128	146	165	176	150	133	134	138	151	157	183	216	227	228	214	199	165	184	184	191	129	114	114	113	125	112	121	134	134	145	174	180	154	150	131	87	86.9	77.3	81.7	91.2	68.4	64.4	67.9	41	38.7	54.2	58.3	19.2	89.3	48.2	21.4	23.7	20.2	21.3	30.1	50	54.3	65.9	84.1	109	112	141	137	98.8	102	119	109	102	103	99.1	115	154	156	165	173	164	157	165	205	176	121	98.2	76	44.2	47.8	40.2	40.6	53.5	47.1	51.3	62	54.1	52.4	57.5	64.9	78.7	63.8	71.1	59.6	81.5	111	111	86.6	146
124	138	183	175	172	202	232	180	133	116	179	154	142	128	155	173	205	172	143	167	138	103	113	145	160	255	200	263	221	197	189	170	129	136	162	166	116	119	97.8	65.2	92.2	98	85.8	115	120	130	169	154	140	117	109	85.2	81.1	70.9	75	88.2	72.8	60.4	59.1	49.5	38.9	36.5	22.4	23.6	17.9	16.9	19.9	21	20.8	22	38.1	53.5	52.5	56.1	67.1	66	77.7	89.2	98	91.2	113	122	124	108	109	93.8	103	155	188	151	152	186	191	174	186	209	184	140	112	62.2	54.7	43.2	24.5	36.1	28.1	28.6	42.1	58.9	51.9	57	65.8	82.8	71.5	66.9	65.1	85.3	104	124	141	194
121	139	192	145	157	143	167	132	130	116	144	130	129	162	169	201	205	166	149	153	133	116	132	152	199	195	202	245	231	222	185	161	144	160	136	155	98.6	108	94.7	48.7	46.2	77.1	81.2	121	161	142	172	135	113	96.2	94.3	72	82.7	75.2	68.2	66.2	65.2	59	88.2	63.9	51.1	69.3	33.5	46.5	34.2	25.1	23.4	20.3	25	51.5	50	51.8	49.1	50.6	63.5	60.9	74.9	80.2	81.6	92.7	116	113	125	124	141	105	114	164	162	144	165	181	167	169	184	192	157	130	111	69.4	56.5	45.6	22.7	30.1	27.4	29.5	34.8	47.6	51.5	62.5	66.7	71.5	52.8	50.9	52.6	69.6	73.2	123	119	160
122	128	155	120	125	147	193	139	204	181	162	121	130	170	188	170	170	173	157	146	136	138	155	186	188	204	192	212	206	211	204	182	150	138	160	119	76.8	65.7	88.4	65	54.4	84.2	88.2	156	211	196	193	132	108	125	126	136	62.6	69.4	62.1	66.1	74.6	87.1	88.7	79.8	52.5	39.6	30.8	25.3	24.5	20.7	24.6	23.6	37.4	88.7	47.7	47.8	52.8	57.2	64.5	68	83.7	79.6	77.9	84.6	103	108	128	122	138	122	128	176	173	173	180	219	179	189	154	182	159	133	117	83.9	47	31.3	25.8	28.5	30.6	30.8	32.3	51.9	57.8	52.6	54.1	67.3	56.6	50.9	46.4	59.3	68.8	88	97.7	141
120	141	146	111	121	156	173	125	189	210	216	158	170	179	186	157	145	142	160	170	157	136	160	155	168	168	191	206	197	210	268	232	170	167	171	123	93	94.9	84.6	62.1	63.7	87.7	95.1	144	177	213	312	161	132	119	120	106	71.1	71.8	65.4	69.6	66.3	74.1	66.1	32.2	32	43.9	40.6	26.7	27.2	29.3	40.3	27.9	58.5	47.4	38.2	47.7	53.1	62.7	66.3	67.6	69.6	75.3	79.7	99.5	111	107	108	128	148	123	117	151	149	150	170	186	183	157	142	158	145	128	107	62.5	41.3	33.5	29.8	30.2	22.6	24.3	34.6	49.6	42.2	44.2	37.1	51	41.7	37.7	35.8	58.2	69.3	87.6	106	134
123	132	139	99	125	144	150	126	163	176	180	154	163	185	178	180	154	143	157	177	147	142	175	126	143	180	234	261	256	258	316	244	200	171	156	114	105	76.3	77.3	71.1	59.2	76.1	86	164	175	188	250	167	129	109	96.3	94.1	96.9	89.2	80.7	69.8	62.1	56.2	47.8	37.3	30.4	47.8	41.7	30.7	28.2	32.1	52.7	39.6	51.3	47	50.4	39.2	39.1	47.6	98.5	75	72.1	77	83.8	83.5	103	124	130	119	140	151	135	184	167	166	148	144	144	161	96.5	68.7	59.5	57	51.7	27.5	25.4	18.7	21.3	21.4	21.1	21.5	34.3	45.8	39.4	35.6	32.9	57.8	51.7	51.9	57.3	86.2	99.3	118	117	130
105	123	116	106	110	128	156	133	164	152	161	134	185	161	169	167	142	118	137	136	155	136	191	149	140	169	232	244	221	243	247	236	212	184	154	88.5	59.5	48	58.1	66.6	84.2	79.1	102	143	211	272	228	220	147	109	104	106	92.2	98.4	92.6	78.5	67.3	64.9	54.3	43.5	33.7	32.2	53.1	38.3	40	64.9	69.1	47.9	56.7	49.6	50	32.5	39.3	60.5	79.5	66.2	71.7	79.1	85.9	102	95.7	110	162	133	136	135	119	176	162	167	146	114	120	110	87	54.4	49.4	49.1	41.1	23.5	24	21.4	19.6	21.5	18.5	19.1	24.4	33	32.5	26.9	27.6	55.6	49.5	72.9	82.7	89.9	95.3	107	112	131
105	125	134	103	113	126	163	158	141	150	146	131	178	171	145	129	130	115	139	132	126	103	92.8	107	119	196	257	217	206	225	250	279	237	192	172	73.4	59.7	47.6	66.9	90.6	112	92.7	138	170	206	243	223	180	155	136	127	185	124	109	95.9	91	74.2	67.7	82.6	65.8	75.6	83.9	68.5	50.6	46.7	62.9	49.3	38	40.8	32.5	33	34.7	38.3	47.3	65.1	65.4	73.3	75.3	80.1	84.9	103	97.4	133	126	141	127	132	227	171	174	140	104	99.3	85	74.8	42.6	45.5	45.1	40.7	25.3	20.7	18	18.2	19.2	18.7	18.6	20.5	29.2	30.3	32.1	30.7	58.9	71.8	69.4	81.5	99	91.2	87.7	97.7	119
88.2	109	163	103	117	135	172	167	144	208	195	142	148	150	163	123	128	138	145	148	122	109	97.4	120	122	159	191	200	198	214	267	311	237	239	205	76.6	60.4	62.8	81.7	116	111	109	116	141	154	192	241	169	159	189	139	210	158	120	105	113	97.4	80.6	77.4	83.7	102	57.1	76.2	53.3	37.8	44.7	43.9	35.4	35.5	33.5	39.5	30.6	31.8	39.5	51	64.5	74	86	97.1	129	130	109	139	119	161	216	149	178	158	142	119	95.6	91.9	80.1	71.1	44.3	40.3	36.7	37.6	24.1	21.9	21.5	19.4	25.4	22.2	22.7	20.2	28.2	30.5	32.3	34.2	71.2	71.1	70.5	82.4	99.8	79.7	79	96.9	85.4
96.3	109	130	106	140	133	161	230	219	213	211	124	123	130	133	140	146	158	159	144	130	140	175	155	139	153	187	169	146	158	192	249	214	211	194	96.5	67.3	73.3	84.5	73.7	85.8	98.6	88.9	116	138	157	241	210	211	224	208	191	210	140	118	110	111	79.2	79.1	86.4	73.9	71.8	48.8	46.7	50	46	58.4	100	84.4	63.7	53.5	24.7	21.4	21.2	33.4	71.4	104	85.2	87.9	94.9	98.3	96.3	125	150	132	170	146	135	105	99.3	114	69.4	76.3	68.1	72.2	54.5	49.1	49.7	47	15.1	16.8	15.7	7.68	6.84	10.7	19.6	22.3	27.5	29	38.3	25.7	67	58.4	51.9	62.5	95.2	69.8	81.6	64.7	46.1
95.9	117	163	102	101	133	181	218	212	227	212	130	108	104	138	155	149	141	134	119	103	130	122	131	120	139	159	155	146	145	172	297	244	199	205	116	106	96.1	90.2	61.5	63.8	74.7	83.3	129	166	171	226	219	220	234	212	216	206	161	131	135	116	80.7	71	80.7	70.4	70.9	44	49.3	49	54.2	67.4	95.6	76.8	62.8	58.8	36.3	20.4	20	29	61.3	66.3	60.6	78.5	90	80.2	80.4	134	164	128	149	159	130	105	95.7	99.4	69.6	65.1	78.1	74.1	53.6	47.4	50.4	53	17.3	13.8	13.4	5.76	4.77	7.98	11.8	10.4	14.2	32.5	31.1	19.3	43.4	36.6	29.6	38.8	62.8	49.3	46.4	35.5	31.2
113	165	177	111	121	160	198	242	198	210	225	142	122	127	207	125	154	157	146	115	101	121	111	133	169	182	159	156	150	150	199	324	285	210	231	141	101	86.8	90.4	86.4	104	102	124	146	187	143	168	275	227	287	213	223	208	155	145	129	99.8	98.8	79.9	85.3	73.1	68.2	72.2	67.7	57.4	104	109	121	87.9	83.6	81.1	38.2	25.1	25.4	24.3	48.2	53.7	57.3	66.6	67.3	88.4	86.7	109	116	150	172	128	118	102	100	92.4	70	67.4	71.2	63.6	55.3	60.5	49.3	48.7	43.9	16.8	12	6.51	5.07	18.7	18	7.74	15.7	19.4	19.3	17.3	34.2	28.8	31.9	20.3	40.7	32.9	31.3	26.9	29.1
116	168	206	183	197	179	197	250	228	211	236	152	143	142	189	127	143	166	139	112	93.8	125	124	144	178	255	186	162	154	157	195	285	253	251	266	178	124	91.4	102	101	100	110	143	196	181	154	148	237	224	219	231	323	290	163	128	135	89.2	92.3	88.4	96.1	98	86.5	74.3	83.7	93.2	148	164	155	122	114	89.7	41.7	30.9	48.8	30.9	39.1	40.4	53.2	70.7	81.7	130	109	95.7	130	133	134	112	103	105	92.7	83.7	75.4	77.4	78.5	66.4	61.7	52.2	48.4	48.5	33.2	21.4	14.8	9.84	5.76	9	6.54	8.07	30.3	18.9	27.5	16.6	20.9	17.5	13.7	10.2	31.9	28.2	24.7	22	26.7
186	206	228	220	223	172	198	267	251	230	242	243	198	205	234	162	170	198	158	119	101	92.5	104	186	202	190	224	152	137	165	221	208	185	208	211	119	110	88	114	130	129	122	182	182	181	172	190	265	247	251	271	232	186	169	137	127	70.5	64	56.5	61.6	55	59.7	85.1	69.2	65	87	100	98.4	92.6	103	87.9	77.6	64.1	62.9	57.2	36.7	31.8	41.2	47.4	52.1	108	112	81.9	133	126	113	122	106	113	109	109	107	117	97.5	86.3	101	98.9	80.6	74.5	73.7	66.9	53.2	47.8	40.6	35.4	23.9	20.2	9.18	7.52	4.51	4.92	5.22	4.59	2.64	2.52	28.5	20.4	19.1	19.9	13.2
209	247	235	193	203	225	224	224	190	216	263	246	230	284	242	173	163	172	154	119	98.8	113	130	155	155	168	213	148	154	179	200	189	179	181	169	108	102	104	122	119	119	137	155	128	155	160	144	232	195	204	212	167	138	169	101	91.2	60.5	47.5	44.7	58.3	54.4	69.8	71.4	71	56.9	78.4	95.9	106	138	148	120	92.5	103	75.4	58.8	36.7	38.6	45.7	46.1	48	83.3	109	87.4	112	123	106	103	110	130	106	110	133	166	114	106	109	105	108	71.6	71.6	61.3	51.1	44.8	38.8	33.5	26.6	22.9	6.07	4.98	2.87	2.98	1.62	1.32	1.23	1.08	17.7	17.4	17.8	21.2	14.4
215	227	224	170	219	218	236	240	183	227	296	261	223	217	267	147	133	156	220	159	112	141	159	165	169	167	183	146	157	179	199	174	172	166	150	114	126	148	173	122	114	121	165	122	127	157	167	178	146	149	140	119	137	131	78	81.4	59.1	54.5	46.8	61.4	60.4	67.6	77.1	68	68.9	91.3	119	143	145	155	126	101	102	71.7	64.4	48.2	50.7	56.3	55.1	49.6	59.2	75.1	77.9	94.3	96.4	87	86.6	96.8	111	106	129	153	175	150	126	125	114	95.9	78.3	74.9	64.7	54.1	52	41.8	35.1	28.9	23.4	5.9	3.47	2.43	2.53	0.66	0.51	0.6	1.47	12.9	18.5	18.9	21	12.3
254	247	234	187	242	229	236	198	205	225	280	239	211	211	261	166	159	163	214	168	155	175	195	203	170	200	199	160	167	181	215	198	183	158	161	156	171	179	184	174	147	153	153	111	158	93.7	113	180	156	132	111	95.2	85.3	106	74.3	91.5	79.3	51.2	41.7	69.8	63	76.1	84.4	70.4	78.2	106	103	114	130	135	154	109	102	79.6	79.2	55.1	56.3	57.5	73.4	56.1	56.2	74.7	63.2	105	92.4	82.9	90.9	84	84.8	102	108	135	137	145	166	144	123	98.7	89.8	85.2	71.7	62.1	75.6	49.2	39.2	34.3	27.3	7.62	3.69	2.53	2.47	0.194	0.39	1.29	2.22	12.7	18.7	16.7	17.8	13.1
219	231	251	191	193	205	199	219	248	285	278	202	196	195	236	201	181	163	189	192	160	176	178	168	154	171	172	211	208	223	249	214	211	214	232	361	268	250	244	236	240	276	275	249	146	108	118	89.6	79.8	80.6	81.3	79.8	71.6	87	116	85.7	69.5	53	44.7	47.7	59.2	77.4	75.8	72.3	66.6	128	93.7	113	99.4	131	149	108	83.2	69.6	59.6	51.2	59.7	61.3	67.9	49.1	45	48	51.5	70.7	63.8	71.6	75.7	68	78.9	84.4	92	101	109	114	140	124	101	92.5	99.9	99.1	85.6	102	91.4	63.2	55.3	45.4	34	19.9	14.8	6.34	5.63	5.14	4.48	3.86	3.93	4.25	3.63	3.23	3.34	0.9
214	252	271	189	184	252	212	220	258	287	281	210	191	195	232	180	211	174	170	170	158	166	138	152	158	187	180	201	204	229	269	194	198	213	241	274	272	255	256	267	251	260	253	223	134	112	97.9	75.6	76.7	75.7	75.9	124	117	106	88.9	58.1	56.1	69.9	61.4	63.6	69.1	65.7	71.8	62.4	68.9	92.7	123	146	135	142	121	101	83.9	70.8	59.4	53	56.4	57.4	56.5	51.2	45.8	52.3	55.7	67	65.1	70.6	80.1	63	73.8	73.5	85.1	83.1	81.7	89.2	94.8	103	92.4	90.2	97.1	92.5	92.8	94	91.2	75.8	63.6	60	39.9	22.5	14.6	11.8	7.03	5.16	4.19	3.58	3.76	5.69	3.5	3.48	3.66	1.32
270	260	251	189	208	206	234	237	245	252	284	218	173	229	225	170	224	208	159	155	156	149	151	173	171	180	197	206	215	225	280	206	214	211	221	278	275	259	256	260	245	217	215	173	134	119	107	105	97	101	101	117	138	91.8	94.7	75.3	60.9	56	49.6	67.7	57.8	56.4	67.1	75.3	74.3	106	168	136	196	164	121	94.7	79.9	81.3	70.2	55.1	64.8	61	57.9	55.2	53.5	59.5	60.9	71.9	69.8	78.6	86.5	67	65	72.9	72.7	74.6	69.5	71.3	82	89	85	81	98.4	102	106	96.8	96.7	82.8	73.5	61.7	46.6	27.7	20.1	17.8	15.4	6.39	4.55	3.91	3.78	3.56	3.6	4.12	4.64	1.92
261	256	258	195	223	237	265	261	223	250	295	219	195	224	253	235	207	167	165	183	200	175	215	228	212	218	243	222	235	234	260	210	201	220	241	273	334	326	268	305	250	238	227	187	154	154	174	260	142	144	148	166	139	140	155	80.6	62.9	71.8	56.6	69.2	71.2	64.4	67.4	90.5	85.5	91.2	110	128	127	128	108	89.2	86.3	81.6	70.9	59.3	58.8	51.8	68.3	64.7	60.8	62	66.5	86.1	84.9	90.7	86	74.8	71.6	70.9	71.3	67.8	65.7	69.6	73.6	82.7	84.6	80	85.3	98	108	111	106	107	84.6	71.4	53.9	41.1	23.6	18.2	15.8	6.67	5.37	4.62	4.63	4.76	3.96	3.75	4.31	2.08
165	215	190	184	204	183	189	153	124	141	164	137	155	176	205	182	170	161	211	237	284	273	299	260	284	236	242	212	213	236	214	233	237	241	254	280	326	310	302	287	273	252	255	234	182	171	180	179	171	180	187	142	135	160	170	138	127	130	155	124	117	109	107	97.9	89.7	88	98.6	117	115	103	101	119	93.4	84	80.3	58	57	56.5	59.7	61.2	57.5	60.3	66.2	88.2	74.8	84.8	84.7	80.8	74.1	73.1	70.7	76.7	68.3	69.1	71.9	76.3	78.5	71.8	80.3	91.2	102	88.4	101	125	94.9	83.7	76.6	50.1	35.5	30.2	25.8	13.5	9.61	7.6	7.2	9.65	10.5	7.09	7.44	7.16
175	193	192	174	192	214	192	146	122	135	153	168	147	169	181	166	202	164	200	303	370	369	345	272	290	262	297	217	214	209	205	240	239	240	244	273	287	284	290	271	265	235	295	272	223	198	179	181	199	176	182	173	140	140	173	157	158	137	139	121	121	120	108	95.5	93.6	98.6	96.4	106	95.4	95.9	105	127	107	92.8	86.3	65.5	57.7	64.8	58	60.4	62	61.3	76.4	88.3	81.2	82	84	78.8	83.2	81.1	69.3	78.6	69.6	72.5	75.5	73.8	71.9	67.7	70.9	73.9	80	83.2	89.6	107	88.7	81.5	93.9	52.7	41	34.6	29.7	22.1	13.9	10.2	9.57	11.2	10.1	8.35	8.97	7.83
174	186	190	180	191	208	185	160	145	143	165	173	162	193	181	182	256	166	226	328	356	345	341	265	262	269	281	240	215	210	213	247	247	245	256	252	273	256	253	231	255	243	295	203	223	253	193	186	208	216	188	174	151	168	182	167	155	145	135	128	136	135	115	101	98.9	105	94.4	105	113	126	123	127	108	104	100	75	66.9	64.3	61	66.3	67.6	66.3	70.1	81.1	88.9	96.7	94.7	86.3	95.3	81.2	82.9	94.1	91.5	85.1	86.6	81.4	73.9	78.2	98.8	85.5	82.3	89.8	98	109	92.2	83.2	76.6	60.4	49.3	39	32.7	29.7	22.3	15.7	13.4	13.6	11.8	9.38	9.88	9.7
184	183	184	216	196	188	201	175	181	177	186	199	221	224	227	168	228	199	249	306	317	369	355	284	303	298	269	203	230	221	203	260	256	256	264	267	322	262	311	231	217	217	240	196	194	195	182	190	222	189	194	214	180	183	186	194	177	158	161	155	145	152	114	119	111	92	90.8	120	150	124	131	155	134	112	99.6	82.1	77.1	67.2	65.8	71.5	69.9	71.9	68.8	92.4	87.1	92.2	98.3	94	95.6	92.3	92.6	109	119	115	89.3	91.4	81.9	82.4	83.3	95.7	96.8	95.1	95.8	115	102	91.8	91.6	75.5	60.7	49.5	42.6	43.9	33.5	26.4	20.5	17.4	14.9	15.1	14.1	13.3
158	189	150	158	151	161	154	171	186	181	176	182	209	210	215	228	199	237	230	273	253	239	271	317	341	271	250	205	237	232	208	238	239	271	282	239	260	234	256	229	197	197	197	210	189	213	195	163	164	165	174	168	166	181	209	179	160	159	174	134	135	159	152	150	123	107	120	121	133	115	126	128	119	118	109	96.7	91.4	82.3	83.1	85	72.4	72.6	78	106	108	99.6	109	102	96.1	90.7	100	95.4	103	138	111	104	114	126	112	144	170	183	189	219	194	166	160	81.4	63.4	57	61.4	44	38.5	38.2	35.5	23.4	20.7	21	19.6	24.9
179	165	149	156	151	193	182	187	181	177	178	166	186	203	198	222	249	203	217	236	242	232	261	286	310	248	237	203	203	201	191	221	233	239	246	224	222	211	240	196	187	203	175	184	183	196	184	156	162	159	161	162	193	169	204	182	160	160	181	164	151	139	165	172	135	156	138	140	130	115	129	136	126	133	151	125	113	104	93	88.2	83.5	80.7	82.2	101	103	108	130	131	104	103	136	120	119	96.3	111	118	121	123	135	152	149	208	231	238	248	206	174	90.4	73.3	63.4	58.8	45.3	42.9	41.1	39	29.4	30.1	27.8	27.1	33
151	176	143	145	151	190	195	199	224	192	187	187	179	198	200	211	225	205	235	232	229	226	237	315	278	250	242	225	222	226	242	229	221	211	233	247	228	228	243	215	188	150	162	170	179	165	175	161	170	168	169	166	175	177	186	203	189	179	216	217	188	146	141	146	127	138	144	139	116	123	144	152	146	147	166	137	135	131	107	102	94.3	90	89.8	114	104	109	128	127	102	114	137	150	127	107	134	142	134	196	184	147	142	150	198	252	227	210	194	111	93.4	83.9	73.4	54.4	49.2	47.6	50.4	38.6	45.4	38.8	37	35.1
173	174	154	163	180	183	215	231	235	198	188	176	175	181	205	206	214	212	256	251	239	218	212	288	294	276	272	227	209	229	261	242	212	202	225	253	254	258	276	231	190	154	146	156	161	164	187	178	188	195	215	178	184	194	202	208	220	218	226	203	159	139	180	177	139	135	126	121	117	124	145	167	155	153	136	145	133	130	117	115	108	113	112	136	120	117	109	104	110	120	149	186	134	121	139	150	151	172	167	160	154	153	172	233	217	199	192	131	107	92.6	95.5	70.9	62.4	69.3	55.8	50.6	47.9	43.3	40.2	44.1
213	184	143	211	194	182	198	200	183	184	181	194	198	206	185	189	216	199	222	215	204	193	180	162	182	205	254	240	212	202	216	219	232	258	230	277	291	295	291	239	242	173	166	170	181	201	230	244	263	274	244	257	259	248	218	194	193	194	240	183	193	152	175	234	170	138	131	141	130	163	161	146	159	156	154	147	132	142	153	131	137	139	151	123	118	124	115	113	109	128	129	186	212	138	137	188	195	181	219	177	163	173	169	209	196	180	172	121	105	102	106	73.8	67.6	56.4	54	50.7	49.8	50.6	42.3	47.1
202	173	165	190	175	185	192	177	180	219	219	208	214	210	199	202	259	258	222	239	224	210	186	176	203	185	255	293	223	191	191	231	219	199	209	233	259	246	272	214	205	175	176	171	179	186	228	244	236	240	241	234	234	219	209	174	166	188	249	206	165	155	194	232	174	148	143	136	168	146	160	142	172	163	158	151	144	142	153	148	156	146	156	150	132	133	135	142	139	117	109	163	160	150	139	170	182	227	239	170	181	174	186	192	199	166	156	116	105	102	107	70.1	60.8	59.9	54.2	57.7	55.4	48.5	44.7	52.6
196	210	199	192	196	208	202	196	200	221	215	234	207	214	209	216	269	228	258	235	240	215	225	236	184	168	224	237	190	221	215	206	183	182	206	220	235	238	251	213	186	171	188	206	190	197	217	266	253	238	245	241	234	220	188	167	159	155	191	224	191	163	168	204	166	169	139	142	129	147	166	165	175	185	160	159	155	146	167	151	153	167	162	170	147	152	149	184	156	122	132	132	143	130	139	166	130	133	163	171	189	170	206	212	165	142	135	122	124	117	117	76.5	63	63	61.2	57.7	54	49.9	47.6	57.9
210	249	250	216	216	235	249	214	219	228	241	226	216	222	241	264	287	226	272	301	250	237	217	229	200	178	208	227	225	232	229	201	175	208	224	212	238	222	241	222	205	182	170	182	180	195	227	243	247	253	238	275	244	214	200	164	149	157	168	243	218	219	193	193	174	157	146	149	146	158	178	198	183	182	167	172	172	165	160	168	171	175	167	189	178	197	162	242	187	143	126	110	119	140	144	142	129	140	189	168	181	168	225	231	162	145	135	136	117	114	119	84.4	67.3	61.3	65	61.1	67.7	54.1	52.6	61.6
231	284	222	256	262	271	283	235	258	271	246	223	222	235	284	346	323	219	237	310	328	271	231	190	183	183	191	233	211	218	213	180	152	165	228	225	200	193	183	202	198	175	198	198	216	263	292	245	241	222	208	287	283	308	267	198	174	209	226	194	264	219	233	163	129	145	109	131	133	149	185	172	162	166	154	189	208	168	169	159	157	171	188	198	190	232	223	320	263	199	207	131	147	177	129	181	112	130	182	166	153	124	152	184	143	129	137	118	116	112	118	102	89.8	85.3	86.7	74	70.9	64	63.8	74.4
257	268	240	223	198	203	243	261	250	273	273	234	253	232	254	287	305	274	272	259	277	260	227	203	185	197	271	245	212	190	187	172	167	182	212	222	209	170	162	165	156	163	185	212	220	264	276	237	218	190	182	222	198	204	202	188	176	169	183	177	211	245	242	209	237	157	117	140	141	139	171	158	153	168	152	191	231	189	177	163	158	152	185	206	200	242	223	313	262	250	208	203	165	153	159	177	195	177	158	166	142	129	128	170	168	115	143	129	131	124	125	115	99.5	102	101	86.3	77.9	71.9	71.8	77.8
231	248	237	229	192	202	260	270	233	242	207	220	239	227	251	283	216	213	223	273	269	299	240	239	240	338	348	285	224	208	199	189	157	171	193	226	181	151	136	153	153	175	192	228	228	256	260	196	193	187	193	193	179	193	198	161	145	137	143	175	181	215	219	275	216	163	139	187	166	177	202	164	151	154	163	215	212	215	192	167	179	160	172	196	202	234	251	334	327	227	223	197	212	201	227	200	199	164	200	185	156	134	124	127	105	116	138	144	128	146	142	123	110	126	117	92	85.7	79.9	79.1	79.7
201	189	197	219	231	239	362	303	267	232	230	235	244	231	234	242	205	203	192	256	234	232	211	239	268	272	509	299	219	229	263	182	151	206	243	213	164	141	136	173	178	163	177	225	227	248	269	197	190	201	182	183	173	185	179	170	175	155	126	146	194	162	163	187	130	135	141	169	149	193	197	158	183	170	182	201	230	217	211	189	196	210	231	216	213	249	278	479	398	279	231	239	256	265	262	213	220	177	207	207	184	161	155	145	112	119	160	171	149	156	121	138	125	138	131	99.5	89.8	85.9	84.8	84.1
234	209	211	221	300	259	317	329	257	265	273	296	272	312	314	253	215	223	237	263	282	218	225	227	275	250	259	279	236	230	262	195	180	191	192	225	169	153	153	257	234	198	206	225	275	239	251	250	230	240	241	204	191	187	189	234	208	143	130	123	155	138	174	117	99.7	109	115	142	169	236	258	152	164	165	153	202	235	208	244	231	236	236	235	223	241	232	287	292	270	281	265	231	203	210	207	200	181	185	194	187	207	173	176	192	161	162	152	141	159	140	130	159	141	145	141	125	125	112	105	107
250	241	228	235	277	290	324	334	271	253	251	266	297	267	336	225	220	225	255	291	275	232	211	254	210	210	208	274	253	228	251	177	179	179	196	239	189	159	164	200	207	197	201	235	248	219	234	256	250	227	225	182	182	195	182	225	194	141	123	111	122	118	127	126	111	113	106	165	155	203	170	138	157	175	148	200	242	230	243	232	223	239	256	200	204	176	235	267	264	252	257	249	221	233	238	205	174	173	165	190	191	169	168	186	210	181	166	148	162	144	132	146	147	129	127	132	130	110	109	104
211	226	246	251	241	259	248	312	276	294	268	273	282	316	316	236	227	254	250	261	246	255	225	241	261	236	245	259	241	258	277	199	183	202	225	266	223	186	185	215	212	220	210	204	273	279	264	262	266	225	229	193	160	164	184	195	246	218	191	120	122	165	148	135	123	130	167	181	143	156	161	181	152	178	165	199	195	199	236	232	245	251	236	156	153	182	283	312	264	264	307	287	265	263	233	208	227	200	160	193	189	197	183	219	216	197	153	144	142	146	162	156	153	123	117	128	120	118	124	102
225	216	223	260	275	282	238	286	294	309	299	326	354	263	284	240	244	264	263	265	238	254	273	366	265	325	315	303	285	252	306	260	223	212	219	256	231	214	208	249	246	236	241	224	240	304	328	303	312	291	300	223	173	150	143	151	211	157	178	175	143	170	135	171	133	152	163	185	158	166	164	196	188	175	173	220	192	193	212	282	256	263	233	228	191	167	198	299	321	323	302	327	290	269	278	265	249	204	173	222	202	214	202	208	201	182	152	150	133	141	146	172	138	139	135	142	130	140	148	106
216	233	243	245	298	312	246	306	310	337	335	345	317	281	266	266	265	270	252	227	230	236	233	325	256	294	266	185	156	167	247	214	201	185	196	161	170	177	190	219	216	217	219	235	281	305	263	301	270	274	273	197	212	160	143	103	134	166	201	158	154	177	175	182	208	202	183	139	148	158	138	154	139	161	159	220	227	267	271	322	369	375	446	307	260	209	204	215	228	254	251	269	267	273	298	262	215	180	165	210	193	187	205	143	128	104	93.9	125	126	111	97.3	112	102	112	142	165	140	132	142	105
223	230	229	237	247	244	251	296	297	311	336	373	309	270	256	230	256	269	232	231	227	200	238	260	235	216	228	207	169	172	202	195	198	185	183	165	164	174	188	217	230	219	243	235	242	259	258	271	255	206	203	202	247	203	170	112	153	186	141	167	167	182	165	165	163	167	150	130	144	134	158	120	126	131	130	199	192	224	260	318	342	335	369	328	250	211	223	224	220	217	248	282	282	280	292	248	210	208	189	231	200	197	225	188	132	138	115	167	135	113	92	113	118	118	112	146	133	145	148	110
230	221	240	244	231	245	260	284	307	328	363	330	297	334	282	229	245	310	242	239	208	183	185	269	240	237	247	253	193	165	189	210	209	191	191	181	179	172	188	214	238	247	240	266	251	271	269	286	253	198	202	207	201	196	190	156	140	155	220	217	211	251	277	198	202	161	157	150	162	136	141	163	146	149	147	189	192	223	262	306	306	334	373	354	259	224	234	224	231	212	215	289	281	321	304	263	251	221	229	263	239	224	267	186	163	151	126	159	132	113	109	131	126	157	134	149	132	148	134	125
233	236	246	225	228	228	240	278	271	281	327	331	364	388	317	250	265	327	294	246	215	202	193	255	246	251	260	238	232	226	228	217	199	188	190	186	184	182	187	210	234	257	240	276	266	278	283	309	269	239	226	280	205	189	238	276	176	180	234	251	264	275	295	220	185	183	231	171	188	145	145	151	163	175	169	207	200	247	274	297	321	400	407	334	280	239	277	224	253	220	221	287	330	391	332	290	287	264	282	295	297	261	287	268	227	168	133	193	213	167	141	155	150	168	166	152	148	141	128	115
248	261	277	252	227	266	257	247	245	249	265	345	397	317	286	311	327	325	317	260	251	258	229	206	206	195	219	192	243	218	195	187	195	178	184	164	172	184	197	195	210	233	243	250	243	259	266	309	242	216	267	322	226	253	302	357	282	237	307	296	238	217	223	195	170	177	204	177	191	180	179	163	172	198	192	326	301	332	413	378	330	460	538	337	342	317	364	242	212	224	231	332	330	356	312	278	270	253	262	265	266	266	275	249	201	167	158	174	170	173	180	170	137	135	136	174	140	123	114	113
262	271	254	224	217	229	220	236	231	251	259	292	353	330	287	273	233	248	316	253	234	245	238	203	190	185	194	203	193	201	188	169	188	188	190	175	194	185	201	204	208	216	222	243	245	245	252	265	226	224	259	255	223	217	320	321	313	299	383	288	211	182	187	170	150	141	154	160	178	170	184	158	153	195	231	303	276	226	290	297	250	265	316	267	306	273	331	241	231	185	238	310	298	291	310	241	237	251	231	267	271	285	290	232	196	162	147	181	162	158	156	169	142	133	142	179	147	124	110	114
265	267	257	223	216	236	192	228	232	257	254	287	281	295	282	301	210	211	239	220	245	212	207	206	199	187	190	207	184	183	191	182	171	187	197	201	194	182	199	203	204	209	217	256	256	266	228	229	215	210	245	232	230	228	282	277	268	310	404	258	235	232	203	165	139	139	154	172	152	208	204	173	169	151	155	236	236	169	205	286	220	215	285	212	218	238	261	228	205	180	192	271	266	284	327	237	252	248	221	258	267	283	300	238	190	163	156	177	168	148	143	178	147	146	153	175	156	126	113	131
239	265	257	226	217	214	220	263	232	232	248	278	282	261	243	265	214	235	241	257	253	196	218	209	198	212	210	214	191	194	184	202	200	190	202	190	197	196	200	215	207	208	202	235	242	227	232	214	225	249	248	250	237	240	244	306	297	299	314	248	209	175	159	152	146	157	165	174	151	166	187	191	196	144	142	182	194	174	244	333	283	235	288	180	205	313	281	229	214	211	216	261	244	261	287	219	211	224	244	260	274	294	304	285	238	198	172	198	192	170	153	181	179	160	150	178	166	143	137	152
223	244	271	219	199	156	178	262	255	223	236	223	230	196	177	190	197	214	197	190	214	208	215	213	201	236	229	190	188	191	201	176	174	170	170	190	186	193	186	179	172	194	189	188	189	192	206	181	198	227	215	197	215	226	226	227	188	160	181	152	137	141	161	157	150	170	202	190	170	164	170	188	174	168	157	187	180	190	202	200	251	210	207	188	214	266	275	221	227	259	269	290	281	282	299	298	281	296	260	253	257	289	337	278	299	266	235	171	170	153	134	187	176	159	167	170	138	127	153	184
230	232	232	189	183	149	160	206	207	232	252	197	191	174	175	162	156	205	211	198	201	239	223	209	194	203	185	176	178	182	188	177	172	162	171	186	187	202	187	185	183	200	191	179	177	181	184	167	195	220	253	271	223	251	242	193	195	155	150	148	130	121	141	172	189	172	181	194	168	187	206	195	213	188	216	210	180	164	216	211	176	213	255	306	213	213	241	194	204	200	228	281	267	291	295	287	248	247	246	243	241	264	288	256	260	269	253	202	166	176	149	229	178	160	157	150	130	144	147	142
245	224	219	176	167	144	167	210	221	219	220	193	174	163	171	156	146	150	207	217	202	198	207	210	188	189	179	177	179	183	187	188	176	194	161	195	185	193	182	164	168	205	199	188	183	202	193	205	232	232	221	237	221	217	239	196	194	146	142	161	161	134	143	176	179	174	201	213	190	211	225	234	219	211	218	191	179	198	243	258	186	201	218	252	242	293	246	196	203	199	208	240	283	277	274	260	242	233	248	225	221	248	251	227	219	232	250	245	172	171	190	271	230	171	172	166	162	164	167	160
247	236	220	155	140	147	173	235	253	213	227	203	176	171	168	154	156	149	170	215	221	195	197	199	225	199	210	182	185	183	202	170	180	186	176	222	210	199	202	185	174	190	213	226	216	229	204	240	246	186	196	283	364	264	242	185	201	206	149	183	159	170	148	190	209	184	211	208	216	202	215	238	237	225	226	219	180	215	263	221	182	173	187	247	243	238	237	188	199	207	210	216	227	247	238	232	231	225	234	217	234	246	215	201	195	198	226	185	182	208	249	259	251	241	185	199	211	189	171	177
257	278	286	161	142	158	177	185	194	199	249	239	169	117	118	149	147	141	150	189	183	180	184	197	209	200	187	169	181	181	179	168	185	200	188	233	239	215	219	169	151	150	206	247	175	180	188	184	332	272	234	334	366	313	321	193	203	211	212	192	181	193	164	210	209	215	192	244	261	275	246	240	255	273	295	306	221	194	224	229	181	187	197	173	238	167	197	180	178	190	209	261	270	333	379	252	238	245	258	245	248	235	198	223	205	196	285	181	188	194	207	241	230	190	169	201	209	188	181	182
233	280	284	153	147	160	182	178	184	202	287	291	205	182	144	144	135	134	138	181	182	182	183	193	184	188	197	168	172	182	188	168	195	181	199	243	249	219	248	218	211	195	192	156	151	149	190	173	191	241	274	397	319	285	278	178	184	185	209	198	200	227	197	186	195	186	187	243	256	292	365	288	260	238	298	335	245	184	194	273	176	187	169	134	205	196	253	239	285	164	242	248	258	284	345	238	270	248	254	237	207	190	174	202	205	193	219	218	173	194	204	227	212	189	190	223	216	197	195	203
238	257	281	166	148	162	180	209	187	234	270	248	161	166	211	154	139	152	151	185	188	188	180	198	184	190	200	181	183	183	198	222	177	182	235	293	286	248	278	271	214	188	204	151	141	181	209	162	216	238	230	375	295	241	197	180	170	164	257	243	227	190	193	186	198	213	197	256	250	331	370	270	266	290	332	339	240	185	218	250	222	191	180	133	186	189	182	238	205	213	187	250	276	256	265	242	285	250	242	202	205	171	158	181	209	195	212	271	190	173	208	232	204	202	208	235	213	205	201	207
269	244	282	171	163	153	164	234	226	242	286	206	193	147	147	174	183	243	225	200	197	191	186	204	192	194	192	184	198	209	211	214	197	196	252	311	318	258	245	242	241	224	185	150	138	163	139	183	217	250	291	302	301	261	185	213	199	176	203	242	296	262	231	205	199	205	222	310	294	333	311	277	243	275	336	321	223	182	227	300	343	235	197	164	232	190	203	210	198	208	225	245	221	212	234	246	252	241	228	211	169	167	172	222	220	193	195	225	193	188	206	240	251	207	203	232	219	216	205	216
264	276	310	283	217	206	229	267	284	321	366	234	216	194	171	189	226	249	263	236	228	215	204	202	194	193	192	216	230	228	215	221	237	301	269	250	320	285	197	186	173	171	175	197	126	116	139	233	254	293	250	251	262	235	237	231	245	251	251	258	231	224	254	276	239	244	256	397	407	382	386	303	277	291	330	307	367	309	272	383	349	271	221	146	178	207	241	276	219	177	197	204	150	135	172	207	208	184	181	188	182	191	197	197	207	193	210	293	269	287	269	252	263	225	246	231	227	269	228	222
199	249	283	233	194	189	224	241	273	280	331	204	216	214	172	195	210	229	242	249	261	239	237	209	230	206	197	218	260	230	236	284	258	234	247	227	291	218	180	154	135	140	247	161	114	131	164	232	249	248	211	239	259	240	270	254	250	265	276	225	209	257	227	255	264	267	263	340	381	337	366	312	278	287	309	334	301	319	270	321	282	226	207	159	177	173	224	264	208	183	230	194	145	193	137	178	180	178	181	171	180	184	187	199	193	189	190	278	233	261	241	232	220	226	248	240	223	227	221	216
206	222	230	227	258	251	272	246	292	297	318	215	256	203	190	209	210	229	223	264	252	235	213	225	241	221	201	200	212	254	247	294	263	219	227	212	206	186	177	132	182	149	166	144	141	158	188	238	225	219	230	273	264	282	260	265	275	289	281	230	212	247	251	279	261	321	288	343	338	353	387	336	305	307	305	309	378	257	262	303	294	200	173	142	167	212	181	252	220	227	349	215	161	148	132	157	172	187	185	170	172	170	175	196	183	180	189	222	228	229	205	212	211	215	234	227	224	215	215	229
193	198	203	243	362	328	292	338	313	259	299	185	197	191	186	257	242	224	219	263	254	233	212	230	228	216	198	199	201	264	257	243	258	277	246	211	198	199	228	166	195	203	246	157	177	177	160	241	267	249	295	399	352	284	283	313	313	312	301	290	242	255	281	313	350	319	304	357	346	357	396	382	361	345	346	320	342	309	300	319	318	220	174	140	147	142	183	260	304	227	229	274	202	148	186	185	186	185	179	176	172	164	183	191	187	180	200	208	211	189	198	233	238	241	239	224	218	209	204	214
154	184	235	204	257	249	257	187	175	164	176	195	232	236	263	248	262	265	245	264	269	266	276	249	258	246	239	215	210	259	290	217	265	231	260	217	227	222	259	270	249	268	240	180	171	152	152	255	289	381	264	296	297	259	290	339	320	323	303	339	311	276	245	344	343	387	317	346	345	398	481	491	485	496	459	493	364	394	438	304	269	236	210	194	186	227	234	255	227	205	219	139	133	128	126	155	173	188	189	198	170	169	159	164	176	180	204	258	257	234	233	223	228	235	218	201	208	232	234	230
147	162	202	168	217	189	194	133	164	150	187	195	199	215	290	271	270	260	249	276	269	280	273	242	243	247	244	240	230	273	300	247	248	230	244	260	250	250	281	270	232	235	220	167	153	146	142	264	251	281	291	264	258	285	264	308	349	359	362	388	270	267	257	312	396	406	349	349	364	439	473	491	487	542	546	459	415	346	391	273	259	209	222	199	184	300	244	200	217	196	175	141	114	122	114	131	163	216	174	179	144	143	133	161	165	197	231	242	221	231	210	209	210	205	208	229	213	218	219	228
135	138	161	151	146	152	163	144	130	133	235	250	226	225	282	307	284	262	278	302	280	295	318	250	235	240	252	255	265	271	277	276	239	249	303	344	278	241	285	286	224	238	247	182	148	175	206	237	231	274	364	307	285	309	296	354	400	325	416	463	395	330	260	305	312	356	348	363	374	420	527	534	509	528	493	396	400	340	348	296	230	209	196	184	174	255	257	203	173	187	196	165	140	115	93.2	111	129	139	132	148	130	129	123	157	160	161	176	237	211	221	217	207	201	199	203	224	232	232	232	234
117	110	129	143	137	152	157	136	152	150	202	227	247	227	250	287	274	270	282	305	301	305	299	263	250	280	280	260	269	265	267	257	276	293	295	360	306	279	283	300	236	238	244	163	156	228	225	258	218	231	251	273	257	316	342	371	380	353	406	454	447	335	297	323	343	331	343	393	433	494	580	571	544	540	514	428	457	428	411	246	210	217	215	184	177	220	245	156	162	166	195	175	180	163	111	115	111	113	110	149	132	140	131	148	152	170	183	228	212	233	227	206	199	193	190	217	249	243	234	239
85.5	83.8	90.8	115	93.1	107	112	93.1	115	152	237	265	281	302	325	290	302	337	347	285	283	267	263	230	217	219	228	233	213	183	187	179	192	226	233	267	239	243	252	245	237	225	219	166	183	184	174	294	243	165	224	228	225	277	303	298	302	327	408	475	394	314	244	334	354	370	377	407	417	474	531	524	476	443	430	408	433	449	428	313	261	239	268	229	192	186	209	169	179	189	220	203	178	185	161	132	133	131	136	214	158	172	178	156	151	161	169	203	229	251	230	217	207	213	214	225	239	251	251	243
91.2	77.5	82.8	106	94.5	83.1	104	83	73.1	114	189	239	241	285	308	278	273	288	300	247	252	248	250	227	206	201	208	200	185	181	214	180	166	219	223	227	218	230	251	233	235	239	233	195	181	193	165	171	157	156	172	206	218	234	265	263	288	329	351	400	362	279	232	310	311	321	337	338	362	429	436	436	387	366	369	376	380	365	358	291	233	215	243	233	205	173	178	166	163	201	170	173	177	167	140	142	138	134	155	185	179	201	158	162	164	156	160	194	219	229	209	232	221	221	232	251	253	245	235	248
96.9	93	86.7	81.1	76.7	82.3	90.8	67	64.8	89.3	149	158	166	227	256	280	256	262	278	241	225	228	240	232	202	194	198	159	161	159	186	191	197	185	223	227	210	238	229	216	241	230	240	247	152	187	154	171	176	150	194	184	188	203	234	286	401	429	328	336	369	245	220	283	294	298	311	308	329	383	402	365	332	332	339	350	303	316	334	288	240	243	235	217	191	177	208	149	142	147	155	167	167	168	153	154	151	151	160	189	193	174	176	174	176	167	162	182	187	200	201	250	268	244	268	254	268	256	261	261
76.2	83	88.2	85.5	71.7	82.2	88.4	75.7	72.2	84	119	147	142	172	232	255	240	295	293	212	214	208	212	216	186	183	189	155	135	134	158	154	156	184	215	215	211	217	236	265	227	208	211	226	264	261	150	186	242	148	150	166	173	181	195	233	378	380	378	284	251	237	260	282	286	321	319	271	328	358	387	325	300	306	319	372	284	271	304	249	233	211	225	212	187	170	218	152	148	149	146	169	172	190	180	189	190	187	193	237	215	187	174	194	199	168	161	170	174	191	205	264	247	241	262	269	274	265	270	279
66.5	71.8	75.8	76.5	65.4	69.9	89.8	59.7	61	62	81.4	92.1	93.3	117	147	180	177	190	198	175	182	180	188	171	181	182	179	149	136	125	133	139	149	165	180	201	203	212	211	193	179	181	179	151	157	160	151	152	151	161	160	135	128	113	126	189	188	177	211	235	209	255	312	274	272	263	268	278	294	301	289	261	239	266	261	230	222	185	174	170	170	178	199	178	157	152	163	156	152	152	156	192	193	188	197	244	271	290	282	285	275	259	261	222	212	210	199	191	184	202	206	245	245	253	288	319	311	320	330	305
62.3	65.9	70.2	67.8	66.3	60.4	64.1	48.1	53.4	56.4	69	83.2	85.8	102	126	136	146	158	172	168	169	158	166	167	174	161	154	143	136	129	130	145	153	166	181	201	206	205	201	171	170	179	171	125	126	122	118	143	120	116	99.9	120	123	129	180	158	135	125	179	204	174	188	270	264	236	235	230	239	274	252	241	218	214	218	222	250	188	178	198	158	159	169	179	165	151	148	137	145	142	158	156	174	183	178	190	257	282	277	279	282	290	290	266	227	211	205	197	195	187	192	200	243	257	256	278	305	310	353	330	306
55.7	61.4	64.2	64.6	59.5	56.9	56.4	47.2	45.2	50.2	60.7	74.1	71.2	88.4	111	124	125	143	161	154	162	146	142	151	158	160	155	151	152	140	131	142	156	165	188	190	199	212	199	175	203	172	170	149	107	112	91.3	92.4	105	111	109	126	137	249	187	157	136	122	143	187	173	237	293	244	228	224	207	207	232	216	212	196	193	216	231	208	179	167	185	162	153	149	166	152	150	137	130	140	136	147	153	166	177	179	208	272	281	274	271	278	282	297	287	233	224	217	201	207	206	192	204	227	261	258	274	299	332	364	326	306
52	55.2	59.5	60.8	56.5	52.6	53	47	44.3	47.6	55.8	68.7	80.5	85	102	111	114	125	144	157	159	147	138	138	141	150	158	143	147	146	146	159	168	183	199	192	201	240	228	174	169	203	184	190	115	93.3	94.9	80.2	82.6	110	150	131	128	213	185	156	136	112	120	171	177	222	240	219	197	196	201	209	222	198	192	169	169	187	190	215	169	187	225	179	160	146	144	140	144	136	138	133	140	158	163	211	176	206	209	249	264	272	268	283	268	293	275	236	232	222	225	231	215	206	204	232	244	255	293	320	313	333	328	310
29	37.7	48.4	38.6	37.9	34.8	36.8	28.1	25.9	28.5	32.3	37	44	56.7	57.9	76.8	85.3	92.3	105	125	162	159	142	147	144	144	153	154	154	161	179	199	198	203	222	200	190	225	274	165	153	164	136	114	106	105	105	116	101	98.2	99.4	100	95.8	163	166	132	123	118	121	156	175	193	181	181	177	171	181	177	188	179	181	162	148	164	166	193	163	174	197	167	195	162	157	137	150	133	127	118	127	157	170	204	204	216	216	238	261	263	260	267	252	254	255	243	239	227	219	185	173	173	200	233	231	239	258	310	334	300	307	296
23.6	31.9	38.9	38.6	38.3	28.4	29.5	22.4	21.3	22.6	26.8	35.1	39.2	49.7	53.5	64.1	73.2	77.6	86.3	112	127	141	135	142	138	138	151	160	152	164	178	201	207	211	215	186	192	228	201	158	140	158	136	110	101	104	93.1	96.8	91.3	87.9	103	104	84.4	112	101	104	123	116	111	136	158	159	171	158	152	143	152	158	162	156	170	161	142	146	134	137	178	157	148	145	147	133	135	125	108	105	127	115	121	128	148	194	196	202	220	217	232	224	234	247	247	242	234	244	242	238	217	182	196	173	183	218	230	239	261	288	288	294	285	294
23.8	27.3	35.6	29.2	35.2	23.1	24.6	19.8	17.8	18.5	23.5	34.1	33.9	36.3	41.7	54.7	60.3	65.4	72.1	96.3	115	132	135	131	127	130	141	141	158	182	177	205	208	208	214	177	179	194	202	149	139	155	133	123	106	116	104	120	113	98.9	89.9	135	93.2	96.4	115	110	119	130	124	244	177	143	165	137	139	146	141	165	154	154	153	163	148	145	131	128	162	135	130	119	120	105	113	118	90	102	108	120	126	121	137	172	185	189	210	218	215	225	245	234	225	230	227	234	222	235	210	190	191	167	180	213	225	254	262	293	286	298	304	364
24.9	28.1	32	25.9	22.9	20	21.4	17.1	14.2	14.4	17.9	31.6	29.2	30.2	33.8	47.3	50.3	55.5	59.7	86.7	116	115	115	127	117	119	139	154	161	180	215	216	203	201	185	166	161	164	168	129	136	186	116	104	104	105	119	146	95.7	114	118	179	99.7	116	138	113	103	108	137	163	164	144	143	124	146	150	156	185	166	152	146	143	148	155	144	127	145	135	127	104	104	123	118	110	86.8	91.8	113	123	127	134	149	163	188	199	215	232	242	240	245	232	236	230	230	236	213	221	209	189	177	169	186	232	220	249	277	326	309	312	325	368
17.5	24.8	32.2	25.9	21	20	20	5.75	5.59	5.97	7.88	20.5	22.7	26.9	31.1	34.7	36.5	44.4	51.3	56.7	61.3	81.6	88.3	103	101	108	118	144	180	235	241	228	213	225	220	162	150	144	149	122	127	131	118	115	123	108	104	102	95	107	113	128	98	103	101	89.8	95.6	119	104	135	167	153	142	129	140	153	171	174	165	164	164	156	155	176	153	144	117	121	119	101	101	117	96.7	109	98.8	131	127	126	130	162	160	168	204	202	234	226	231	240	229	215	216	221	215	209	204	207	203	211	209	212	202	232	237	245	262	294	301	314	347	341
10.4	13.9	20.5	16.6	14.3	19.5	12.1	3.44	3.26	3.77	6.09	18.4	19.3	21	26.2	28.1	32.6	34.5	37.5	46.5	50.7	62.1	66.5	87.3	83.4	99.3	102	127	149	176	200	256	219	233	207	142	137	130	180	110	102	100	101	108	111	117	100	89.1	90.3	89.3	103	106	106	76.6	79.5	88	86.1	85.1	95	134	130	132	120	126	123	142	151	167	160	166	163	160	153	150	148	123	117	110	113	96.3	103	125	98.7	95.2	145	96.8	103	123	119	137	171	192	187	193	208	211	217	210	220	220	206	204	210	210	214	196	198	207	196	198	200	233	228	241	259	288	315	337	344	348
6.26	7.88	11.6	8.04	7.48	7.18	14.3	4.46	2.72	2.62	5.36	21.7	18	19.2	23.7	24.9	25.9	26	29.2	37.6	38.8	44.5	57.3	91.7	70.7	76.8	82.9	108	120	138	171	228	243	250	212	141	132	119	121	100	96.4	93.1	94.7	96.9	99.3	99.2	95.8	87.7	86.6	87.9	111	104	83.6	75.5	65.3	72.9	76.4	76.1	76.6	100	106	114	108	116	120	127	144	171	167	168	169	172	158	172	149	124	139	135	133	99.6	99.9	102	124	124	129	122	98.7	103	112	137	166	179	182	199	225	213	219	221	203	201	186	192	203	213	196	186	189	189	198	190	201	233	235	253	257	279	308	332	330	339
4.04	4.46	6.83	5.35	4.25	3.89	5.02	4.98	1.83	2.49	3.15	11.9	14.4	14.8	18.8	21.6	23.5	26.3	25.7	31.6	35.7	45.6	45.8	59.1	66.9	103	74.7	95.6	104	120	149	197	232	285	305	147	131	121	121	105	90.5	89.2	89.7	99.2	93.6	94.8	88.7	82.8	84.3	80.4	71.2	78.7	81.1	62.4	60	70.3	68.2	68.1	73.9	87.7	103	97.2	113	113	113	129	137	173	182	168	168	194	187	176	175	139	132	142	158	103	102	101	122	118	152	113	103	115	129	137	165	190	184	185	196	199	203	220	211	190	178	180	181	189	175	172	179	188	183	185	203	242	275	249	259	291	304	300	324	340
0.24	0.54	1.11	1.75	1.1	0.753	0.833	1.86	2.37	3.12	4.62	6.18	8.49	10.6	14.6	14.6	16.5	24.4	22.9	30.1	35.2	39.7	45.1	48.1	52.1	61.4	61.3	71.5	86.3	102	126	119	157	208	221	168	153	145	171	109	102	100	105	121	105	93.7	90.1	92.5	90.8	89	82.9	81.4	119	73.6	70.5	67.4	70.2	73.8	85.6	89.4	91.5	95.2	101	93.1	86.9	103	125	135	142	133	139	184	150	154	148	157	140	153	126	106	99.9	126	133	119	114	107	97.9	124	121	128	134	125	142	134	147	169	152	163	163	167	167	167	152	155	162	155	157	172	172	177	195	219	253	253	247	254	288	289	308	308
0	0	0.39	0.925	0.467	0.351	0.373	1.27	1.67	2.51	3.25	3.87	4.59	5.87	8.23	10.9	12.4	13.8	17.3	25.5	27.9	32.3	38.1	40.3	43.3	44.5	48.6	63.5	65.3	76.8	93.8	90.9	95.5	121	158	155	162	139	134	109	101	94.5	94.6	108	107	92.2	101	113	84.1	88	83.6	81.1	74.5	67.8	67.6	67.6	68.5	70	77.6	84.4	87.1	86.2	89.3	86.2	83.1	100	116	121	120	122	132	126	127	124	138	141	161	154	120	115	97.6	108	110	107	109	105	90.4	115	98.2	104	109	113	113	111	117	135	134	140	140	135	145	136	137	144	167	161	146	161	166	172	183	194	196	210	216	229	241	263	295	290
0.03	0	0	0.275	0.24	0.265	0.297	1.06	1.35	1.83	2.98	2.6	2.87	3.73	5.41	8.44	9.23	11.1	14.3	22.9	26.7	29	36	37.9	39.7	41.6	45.2	52.8	59.1	67.2	74.4	88.9	87.9	92	111	98.3	91.1	96.4	146	124	103	102	103	119	103	96.7	94.5	91.1	82.2	84.8	84.6	74.9	67.3	70.8	68.8	85.3	70.6	70.4	75.9	84.2	85	86.4	89.2	79.9	88.4	95.7	113	145	136	116	123	127	111	114	114	158	151	150	115	117	125	140	118	89.8	75.1	91.9	91	117	111	108	113	112	105	105	103	124	116	136	124	119	122	126	135	144	162	158	149	162	163	167	183	183	176	178	188	204	224	238	260	278
0	0	0	0.275	0.172	0.279	0.335	0.981	1.26	1.75	2.11	1.77	2.03	2.82	4.16	7.99	9.28	10.4	13.3	21.2	25.4	28	31.9	36.9	39.3	40.4	41.5	49.8	53.2	59.8	69.2	90.2	93.3	95.2	106	70.7	77.8	89.8	97	107	110	130	122	140	124	122	106	100	95.7	84.8	100	91.4	79	87	93.9	98.3	77.7	75.8	77.4	87.2	87.4	87.1	91.5	81.5	91.8	97.6	113	134	137	140	131	146	143	132	127	126	151	138	120	148	128	132	135	117	98.6	84.7	80.5	97.6	101	115	126	119	112	105	95.2	105	108	116	111	107	114	115	123	133	145	147	154	168	158	168	187	181	191	189	190	221	222	241	248	267
