183	223	259	234	223	234	170	106	154	205	203	227	229	242	232	208	174	217	155	167	160	150	143	173	206	182	160	123	115	129	152	150	143	143	169	184	177	143	198	263	286	264	312	292	345	302	301	232	215	205	168	99.7	97.2	88.9	93.2	98.8	111	122	109	131	114	106	131	116	143	174	158	121	147	84.2	72.3	64.3	51.7	55.9	53.2	63.6	74	71	61.7	58.4	54.4	102	113	108	91.7	22.3	21.7	6.66	31.8	49.7	55.9	101	38.8	53.5	17.4	25.5	23.5	20	17.1	32.2	38.1	41.5	33.6	41.3	37.5	56.7	83.1	85.6	70.2	67.5	66.2	80	90.7	94.6	83.1	69.5	64.5	72.3	100	127
211	304	314	311	235	212	196	135	131	198	213	252	300	258	241	227	274	212	177	182	175	148	138	195	235	220	158	100	101	128	133	176	213	191	207	275	227	210	199	246	282	280	303	230	290	333	317	227	202	161	127	102	95.1	76.4	71.2	45.8	52.1	48.4	57.1	85.9	88.9	77.5	83.3	103	157	157	147	122	80.8	60.7	45.4	40.3	34.6	39.2	40.7	51.4	62.9	69.1	64.8	52.8	53.9	51	52.4	107	112	46.3	32.7	37.1	44.7	49.2	66	71.8	51	53.9	32.4	30.1	21.9	23.2	23.6	33.9	38.9	39.4	44.5	50.7	76.1	76.7	89.9	71.1	50.6	70.4	46.2	63.3	66.8	77.3	94.3	60.1	43	60.1	82.3	130
261	323	321	298	246	218	237	128	132	227	198	313	405	325	344	296	321	284	230	163	164	160	138	180	167	186	150	127	131	142	194	224	226	228	201	209	183	137	150	224	213	194	222	212	239	251	236	200	150	145	155	134	122	97.3	76.9	34.8	35.2	38.1	55.2	89.7	103	85.2	88	103	110	116	88.8	73.7	56.6	46.4	34.8	37.1	41.5	46.5	39.3	43.5	47.8	61.8	62.7	50.3	46.8	47.8	50.7	54.3	102	99.4	78.3	46.1	41.1	48	50	34.6	37.1	27.2	34.7	22.6	37.4	16.5	18.8	24.1	22.7	47.8	37.3	44.1	61.5	61.1	66.7	44.2	44.3	45.4	21.8	41.9	36.9	43.3	70.9	46	31	55.8	82.4	95.6
307	335	321	270	271	263	233	164	184	277	231	244	307	297	311	287	252	240	270	222	203	206	149	182	169	191	174	164	198	190	226	315	281	229	189	167	118	111	112	180	198	159	195	182	187	211	157	187	191	193	190	139	149	119	85.5	37.2	44.3	50.3	58	81.1	72.2	68.4	77.7	101	95.3	88.3	70.8	58.7	35.2	33.1	25.2	36.9	47.9	44.6	45.7	44.3	48.5	48.6	53.8	43.4	43.4	43	51.7	61.8	64.2	66.9	105	116	45.8	47.2	40.9	16.7	24.2	23.8	6.48	11.8	20.1	24.8	10.8	10.4	14.9	19.6	18.2	48.2	39.8	51.7	20.2	29	25.2	18.1	29.2	36.5	34.4	34	42.1	34.7	23.5	34.9	46.9	49.7
296	277	270	238	259	299	284	219	231	213	236	258	305	233	286	284	235	229	233	203	130	137	129	158	185	235	231	191	197	219	211	289	259	187	180	137	132	140	149	173	180	195	189	174	229	204	144	157	183	219	198	152	122	85.5	84.5	40.3	29.2	30.1	33.1	53.6	126	75.7	149	91.8	80	57.7	54.6	59.3	52.6	55.3	44.7	46.1	52.7	48.9	47.6	49	46.9	46.1	48.7	40.3	42.2	41.7	43.2	49.4	51.4	46.9	53.1	112	106	89.1	32.6	12.9	20.6	12.6	7.38	3.06	7.2	5.88	8.31	11.2	37.5	34.8	20.8	25.7	23.4	34.3	19.9	6.78	6.36	14.7	25.7	30.3	25.3	27.8	21.4	35	25	18.8	21.1	31
323	292	261	227	251	284	265	338	361	359	262	274	271	221	276	284	294	247	210	144	164	182	170	169	212	329	309	249	217	229	239	282	229	141	136	166	161	172	148	180	169	179	166	166	171	183	139	136	139	126	148	142	92	83.8	87.4	81	74.7	64.5	64.2	50.5	81.1	102	129	225	129	86.2	60.6	99.8	68.1	130	105	106	81.6	60.6	60.1	43	47.2	54.2	42.8	34.9	32	32.7	40	50.3	43.5	49.9	51.1	53.3	113	115	41.1	24.8	34.9	14.9	19	17.8	14.8	8.61	18.3	20.1	43.4	29.2	23.1	17.6	27.4	29	37.3	15.2	10.5	11.4	25.1	19.4	22.2	32.9	26.8	28.9	26.8	30.2	22.1	20.5
299	263	260	233	265	336	252	288	385	375	390	291	222	171	171	185	254	237	166	130	114	225	191	143	205	240	278	270	213	195	176	207	177	149	147	234	159	152	129	133	213	226	191	155	129	148	181	143	129	120	135	116	81	74.7	77.5	78.2	91	72.3	72.6	52.6	68.1	102	149	191	164	56.8	45.7	56.8	97.2	66.3	57	57.8	71.9	63.5	56.6	34	39.9	33.4	35.4	33.9	41.2	38.8	43	62.1	64.4	59.1	56.8	44.2	38.9	116	61.7	32.4	20.8	13	16.8	17.4	18.9	8.13	14.7	35.1	45.2	28.7	13.7	12.2	22.6	25.4	36.1	28.5	11.8	13.3	7.8	17	22.7	22	28.5	26.8	20.5	19.4	16.5	25.6
274	280	291	240	255	224	227	193	243	313	234	232	220	202	181	154	193	151	135	130	146	160	174	153	174	187	185	197	205	155	157	185	179	168	175	220	119	125	117	135	139	175	240	185	177	164	229	152	138	150	128	140	89.2	80.9	81.2	96.7	88.4	65.5	67.3	50.6	54.7	68.7	89.5	95.5	66.1	60.3	46.7	48.2	49.3	54	35.8	36.3	54.1	52.8	34.3	26.5	27.8	33.7	25.6	24.9	24.2	34.5	40.7	38.8	43.4	49.1	48.4	42.9	33.9	110	69.3	9.61	9.63	23.9	24.2	15.1	15.5	16.5	15.8	20.2	23.7	51	28.6	18.3	15.5	12.8	24.2	16.7	9.63	10.2	4.53	10.9	24.5	33.6	9.9	14	18.2	11.5	14.6	24
266	283	326	273	307	288	288	246	202	238	322	259	215	232	241	272	274	168	145	155	124	204	160	129	166	160	165	163	163	184	176	183	181	154	156	155	118	118	96	121	111	127	185	167	179	215	283	145	167	164	122	134	99.1	96	96.1	91.9	77.3	72	64.5	46.6	68.9	77.7	90.3	75.3	49.3	40.6	45.5	64.8	61.8	58.5	39.2	29.9	26.8	24	30	42.5	30	31.5	22.4	24.3	24.6	34.9	36.9	37.7	40.4	41.3	40.3	44.7	32.9	92.5	85.4	2.56	0.342	8.16	17.7	4.08	3.15	11.9	15.9	7.5	31.5	51.4	27.1	2.01	6.99	9.87	9.69	16.4	5.76	8.97	15.9	9.81	6.3	10.1	7.35	9.45	9.3	7.89	6.6	20.7
210	219	280	253	274	244	279	300	285	243	271	178	202	250	357	335	286	205	352	296	300	263	230	123	173	184	214	155	127	180	223	215	159	133	107	146	154	152	66.1	79.8	108	122	163	198	208	170	143	152	166	165	135	117	99.8	101	98.9	109	94.7	80.1	82.5	103	99.7	102	110	67.6	35.7	43.2	48.2	64.2	53.7	48.9	70.1	38.4	26.9	34.2	36	41.6	36.2	21.5	21.8	20.6	18.7	23.5	31.5	31.9	28.5	25.8	40.8	33.7	25	106	117	18.7	18.5	13.6	16.6	21.4	13.5	11.1	20.9	12.2	26.3	41.7	27.3	1.62	3.72	7.89	5.25	10.7	5.07	5.7	22.3	16.6	13.4	3.03	6	16	12.4	9.63	13.9	18.9
233	283	288	343	342	323	247	260	446	220	154	188	190	251	257	386	392	259	374	343	262	286	222	127	182	230	217	181	138	131	152	185	149	118	87.6	161	183	143	84.8	95.6	127	130	157	172	167	170	190	164	166	204	144	121	120	114	112	98.7	107	96.8	98.8	121	143	112	116	76.8	65	52	63.8	93.5	44.7	48.3	41.3	40.4	23.8	36.1	29.4	31	44.8	39.2	20.7	20.5	20.6	17.5	21.1	31.8	27.8	39.2	42.4	30.4	28	19.1	114	44.3	14.7	18.6	18.6	12.4	1.38	23.7	19	12.4	5.67	10.1	16.2	7.02	8.97	8.34	0.75	2.04	11	7.14	24.5	23	14.5	3.42	4.38	20.4	17.5	15	32	19.7
205	373	274	241	274	454	297	217	357	285	195	232	247	257	251	357	314	236	269	193	229	295	295	155	180	237	228	167	168	154	153	187	167	139	87.7	172	179	123	112	114	176	179	164	154	145	141	159	162	160	194	142	133	113	117	115	131	118	115	117	131	112	114	123	84.2	86.8	71.2	95.3	154	75	63	45.1	29.6	25.6	19.8	25.3	26.1	39.5	37.4	20.7	20	22.8	18.7	21.2	23.3	23.1	25.8	36.2	31.5	27.8	22.1	112	103	12.8	13.2	15.2	22.4	8.91	16.6	14.7	3.3	2.64	9.39	35.6	20.2	21.6	24.2	7.98	1.95	7.41	16.6	15.8	12.2	11.1	8.43	5.52	9.33	6.99	22.2	28.7	16.7
225	308	276	193	211	315	236	213	348	286	268	216	211	285	287	304	278	243	285	297	327	343	287	144	238	232	228	179	191	222	175	181	184	139	90.3	152	114	111	133	128	168	147	148	162	163	150	166	164	155	176	145	145	133	130	153	145	131	130	121	142	125	104	131	98.2	63.3	75.1	88.1	147	54.5	26.6	34.3	40.4	24.9	26.4	18.3	15.5	21.6	16.6	14.4	17.5	16.8	14.6	17.4	16.9	14.4	17.5	31.6	32.3	29.3	31	106	129	16.1	12.2	11.5	6.72	12.5	25.4	7.2	8.91	3.18	4.2	32.6	19.7	17.4	13.7	4.32	7.05	4.77	18.5	8.04	7.62	1.05	1.02	4.17	4.05	1.89	18	45.6	27.7
229	256	232	199	177	184	221	238	312	312	349	266	165	266	294	185	189	189	263	246	258	272	175	146	174	214	244	210	226	250	198	198	186	118	93.4	126	110	95.3	143	133	172	160	121	162	206	178	144	180	183	203	181	184	167	163	179	188	153	149	139	119	112	116	103	104	86.2	78.1	75.6	65.1	27.6	21.6	36.7	30.4	20.3	26.4	22	12.1	2.78	8.01	8.51	7.3	14.7	14.7	18.3	40.1	28.8	21.1	30.5	44.4	25.8	34.2	38.5	138	66.8	6.31	12.3	17.6	12.3	13.8	9.41	9.18	9.03	8.43	4.83	7.8	13.8	18.9	9.15	0	0	2.04	7.83	6.33	3.93	1.98	0.96	5.97	6.84	7.35	12.7	8.46
193	181	208	228	197	234	248	299	334	297	317	241	171	236	249	225	219	283	232	279	264	231	223	151	152	192	231	206	288	241	275	222	163	128	110	149	171	122	106	154	179	165	124	157	201	188	151	196	213	200	188	189	167	173	192	171	188	217	148	115	129	109	103	122	107	121	59.8	44.6	21.8	23.6	28.7	26.7	25.6	33	32.3	16.1	10.5	11.8	9.4	3.83	5.77	19.3	23.6	52.9	28.6	19.8	28.7	24.4	27.7	26.5	11.3	133	121	86.5	99.6	21.4	15	12.2	17.6	8.31	1.83	5.1	4.29	15.4	16	14.3	13.7	0.54	3.15	4.98	13.1	16.2	3.39	1.35	0.12	0.69	3.12	3.66	0.15	2.07
191	253	268	263	258	289	305	353	242	241	274	302	295	235	257	319	299	327	232	204	172	186	204	170	159	193	199	222	255	217	252	188	162	144	154	158	156	229	220	201	152	177	158	152	208	215	173	199	177	203	213	195	192	196	194	246	195	179	163	132	133	99.9	99.6	89.6	75.5	80.6	65.3	41.8	23.4	22.2	37	18.3	16.9	35.4	24.4	22.5	9.37	7.25	9.08	6.7	4.62	8.63	16.9	33.1	28.5	24.5	24.6	51	47.9	38.5	10.2	123	113	108	89.6	13.9	8.7	14.5	21.3	9.99	12.2	22.2	1.86	12.4	5.04	1.29	16.5	9.3	18.6	5.91	6.33	1.92	3.54	6.99	1.14	4.56	7.47	2.94	1.17	0.96
188	258	351	352	332	338	300	324	253	225	287	319	369	380	338	423	380	341	270	204	164	235	207	211	189	169	184	179	198	207	169	150	137	120	140	159	127	125	248	202	164	166	169	144	168	230	189	172	173	207	184	173	200	238	219	208	177	173	158	175	132	72.4	102	96.1	63.2	61.3	64.7	43.3	25.6	19.2	32.1	15.9	12.6	21.7	21.2	23.3	17.3	17.1	23	7.7	15.6	20.6	22.2	39.1	31.9	38.7	40.1	41.6	36.9	12.8	5.44	109	117	111	91.1	5.03	3.83	16.4	12.8	0.6	0.03	2.16	0	0.72	0	1.32	9.51	13.3	7.8	5.37	0.3	0.72	2.22	6.36	1.26	3.03	2.76	2.37	0.51	1.77
232	285	353	428	317	312	279	231	236	254	298	306	335	286	332	358	316	347	309	239	230	246	259	236	214	187	221	252	204	199	174	134	152	154	171	179	163	148	173	178	176	169	200	175	147	160	151	128	146	189	169	130	124	136	136	116	148	187	151	139	99.5	86.3	68.3	78.9	86.6	71	62.2	63	46.4	20.4	20.3	10.1	7.65	4.2	21.4	21.4	18.7	14.8	12.9	5.24	18.9	34.9	28.2	35.5	25.3	24.6	21.6	16.6	13.8	8.48	12.4	74.9	89.9	50.2	22.8	10.3	23	20.8	22.5	12.8	13.9	7.71	0	0	7.17	0	6.96	0.84	0	0	0	0	0.48	2.25	1.92	0.96	0	0	0.06	0.15
206	301	281	329	338	328	337	297	276	293	370	359	354	276	278	243	261	283	278	248	275	255	263	276	275	194	198	231	211	176	164	157	157	180	183	179	182	173	169	135	184	178	184	144	120	147	183	144	184	140	166	134	154	144	137	135	140	142	147	186	112	64.2	65.8	100	176	99.5	89.3	88.8	72.4	36.2	34.2	23	7.8	10.3	39.2	30.6	16.7	23.3	10.7	15.8	41.1	38.4	26	32.5	20.2	27.1	15.3	22.8	26.3	24.3	6.26	86	64.2	2.81	1.65	14.6	20.3	24.2	17.3	0	2.07	0	0.03	7.2	0	0	0	4.83	5.61	0	0	0	0.03	0.09	0.03	5.76	0.48	0	0.03	0.03
299	284	251	208	250	277	320	353	254	275	318	397	313	241	239	214	244	263	252	221	247	261	247	259	270	234	234	207	173	228	215	198	243	222	190	210	197	178	189	157	211	148	122	128	123	132	208	175	195	172	184	130	155	138	157	197	132	169	147	112	98.4	67.4	84.7	115	90.3	80	70.5	136	54.2	25.4	33.3	23.5	6.05	12.8	27.3	16.7	20.6	18.4	15	19	31.2	24.7	28	20	19.8	31.9	38.9	25.4	21.1	11.6	24.6	66	13.7	15.9	5.65	16.7	37.3	24.7	24.8	7.71	18.2	2.4	0	0.39	0.96	0	0	3.21	5.13	1.14	4.32	0	3.87	0.06	1.71	12.7	5.43	0	0.12	0.03
351	284	296	305	335	281	285	366	263	254	325	387	328	267	262	251	246	235	216	276	240	239	226	219	200	204	194	210	162	203	205	225	256	277	211	254	222	173	185	233	219	185	132	169	157	161	197	213	201	145	125	133	147	112	135	117	129	168	252	131	100	91	113	94.7	93.5	87.2	104	187	42	29.1	38.4	29	20.6	11.8	19.6	16.3	14	17.2	18.5	15.4	28.6	27.5	23.9	15.3	17.2	23.7	22.1	32.8	9.65	9.44	20.9	19.6	19.5	21.9	10.2	22.6	29.7	30.3	24.3	9.21	5.01	2.46	4.08	2.79	6.69	8.07	5.04	0	2.16	2.88	0.03	0	5.52	3	0	0	1.35	0	0	0
435	299	345	295	366	355	325	333	355	369	328	359	351	330	359	280	243	280	243	287	268	242	243	224	197	185	185	197	174	162	181	221	265	200	175	186	215	208	208	181	167	238	210	165	209	206	169	210	215	162	134	108	117	105	110	84.6	106	129	171	94.6	79.2	99.1	120	78.4	71.3	43.7	61.2	72.2	47.2	32.4	27.8	25.2	11.7	15.8	12.2	14.5	18.3	7.66	12.4	16.6	36.2	25.7	17.3	11	13.2	16.2	21.9	30.7	10.8	22.5	13.3	29.7	22.2	18.2	28.6	34.5	42.7	45.5	42.7	35.1	35.9	39.2	40	48.7	50.1	36	30.5	12.5	9.66	5.22	5.23	0	0.03	4.68	2.82	0	0	0.21	1.41	0
283	289	315	332	352	323	326	401	342	356	413	395	386	337	411	384	318	344	329	295	250	252	237	212	223	230	199	184	144	168	201	254	300	245	243	230	223	206	201	201	183	208	213	188	145	152	183	181	215	150	150	92.8	101	110	146	107	88.9	107	120	92.3	101	114	100	95.9	98.9	113	101	112	57.1	38.3	36.9	30.3	17	15.9	11.4	10.8	13.8	5.18	4.71	13.3	22.1	20.8	13.7	18.8	14.9	16	19.8	22.1	20.8	34.4	41.5	67.5	81.2	97.2	72.6	90.9	87	98.5	92.6	88.6	62.5	35.7	35.4	47	46	40.9	33.1	13.8	11	6.89	6.54	4.11	0	2.82	13.5	0.54	3.87	0.09	0	0
261	240	286	332	283	256	266	370	314	354	355	383	375	359	380	351	323	351	350	236	207	184	181	196	178	207	154	148	140	153	211	228	204	177	185	204	206	250	184	138	145	238	249	247	214	185	202	189	179	146	146	134	89.4	126	136	115	112	95.3	94.5	87	106	107	116	95.5	99.1	133	100	72.3	67.7	64.9	58	37.2	15.9	12.9	22.4	15.3	13.5	5.72	14.6	18.5	23.8	29.3	18	13.6	13.3	16.5	18.3	26.1	44.5	55.3	59.7	84.4	118	112	86	79.2	78.9	126	112	122	111	40.1	40.2	52.2	50.5	43.8	36.9	14.4	12.1	7.71	10.5	8.34	2.67	10.5	4.17	2.19	0	0	0	0
243	226	221	261	282	239	239	263	335	407	379	376	402	341	324	286	364	303	233	196	154	159	179	202	175	177	158	161	166	174	188	214	213	219	234	227	260	189	212	189	139	163	202	227	222	212	193	194	140	140	180	144	122	120	106	129	104	102	117	112	129	124	157	115	88.7	88.9	77.4	69.9	87.3	94.2	75.8	54.2	36.4	25	21.4	22.9	19.3	25	25.2	22.6	24.4	19.4	12.8	12.7	10.7	13.4	21.4	42.9	62.1	91.7	111	177	142	145	83.7	85.8	107	119	124	130	81.6	55.4	108	153	144	146	90.9	34.9	18.3	9.9	7.34	3.44	7.92	4.32	8.94	2.7	0	0	0	0
324	304	260	279	292	291	303	270	272	416	318	281	316	301	292	203	265	262	221	183	131	157	162	186	195	205	196	177	170	174	188	185	192	241	229	196	224	158	113	129	130	119	160	169	146	144	124	180	142	116	150	115	73.7	84.9	87.5	96	100	96	88.5	110	130	161	138	115	98.9	56.9	97.9	56.5	64.2	66.8	61.8	38.6	42.5	38.4	28.2	22.5	22.2	22.7	19.2	17.4	19.6	16.4	14.4	12.8	12.2	13.6	41.4	73.8	83.8	111	148	212	175	110	118	110	123	141	141	141	87.5	154	156	168	83.6	73.7	60.5	136	96.8	68.3	36.8	11.5	3.75	2.34	2.99	4.16	0.966	0.71	0.931	0.75
274	342	284	336	356	351	317	239	298	299	330	281	288	299	323	216	226	295	234	187	148	139	134	154	156	203	193	197	190	186	136	148	173	224	223	213	164	149	158	160	174	155	205	127	134	153	156	196	129	134	112	111	80.7	83.4	117	121	107	90.1	76.3	111	93.5	167	134	133	101	84	74.5	72.2	86.9	77.6	61.6	41.4	38.6	40.7	31	40.7	35.1	34.6	22.6	19.8	22.9	25.7	15.2	29	33.6	39.2	48.9	69	84.6	85.6	92.2	178	154	75.3	78.6	96.2	105	135	123	111	117	197	188	104	98	84.5	69.4	40.5	114	118	125	91.4	32.7	1.69	2.55	2.55	0.877	0.784	3.47	0.72
177	225	246	343	343	346	241	225	274	298	235	189	229	191	221	176	184	218	188	160	138	137	150	145	147	162	166	184	176	168	140	161	185	212	218	204	205	168	147	119	124	155	171	160	129	142	160	163	139	142	135	112	113	84.4	102	124	109	86.2	76.9	80.4	99.8	132	168	123	112	79.2	76.5	92.4	110	82.7	95	77.9	43.6	31.3	34.6	60.3	39.7	27.5	28.9	22.5	19.5	28.9	33.2	36.6	35.3	35.3	53.9	68.6	64.1	78.6	76.7	109	114	53.8	53.2	83.1	116	105	90.3	113	173	203	115	110	109	97.8	68.9	47.8	38.2	21.8	29.2	80.7	101	53.6	57.8	14.2	3.01	3.61	4.47	5.76
176	178	180	237	256	299	230	243	272	228	210	184	213	198	210	178	167	187	208	144	123	128	112	142	137	135	161	195	189	234	162	180	218	236	241	228	194	196	162	128	123	150	194	163	149	145	169	146	162	154	133	107	128	136	116	117	89.5	97.9	81.9	80.1	108	77.1	111	135	131	88.7	87.3	109	90.2	86.3	65.3	44.9	42.3	42.3	34.4	64.7	62.3	54.1	19	30.4	25.1	35.5	37.8	36.7	43	40.5	57.7	68.9	30.8	64	72.1	95.4	102	58.1	38.6	90.6	107	102	153	193	196	136	127	119	101	83.7	67.5	32.8	32.6	34.2	24	13.9	7.29	67.3	99.2	71.7	12.5	2.81	2.25	2.14
266	234	203	218	235	275	235	189	212	190	173	200	189	202	179	185	188	191	198	118	97.2	120	88.1	120	126	117	132	154	161	156	140	156	162	176	198	191	172	184	185	142	135	166	172	153	137	123	109	142	124	114	141	108	101	96.4	121	92.2	105	106	91.2	107	106	102	97.2	130	106	110	86.8	103	95.1	65.9	57.9	38.1	26.4	19.2	16.6	31.1	30.2	28.1	25.4	21.1	24.2	34.1	25.7	23	24.6	47.3	54	32.6	34.6	61.9	39	37.4	43	36.7	31.3	86.8	125	119	176	131	132	153	134	117	96	81.5	53.7	30.5	37.6	35.5	27.4	18.5	12.1	70.7	10.2	82.9	47	3.1	1.65	2.98
303	278	242	272	244	240	236	233	200	140	184	196	226	218	223	236	211	201	188	98.7	109	157	129	127	133	124	137	161	155	129	168	180	196	224	183	176	190	247	201	185	169	172	159	155	147	129	126	151	131	117	114	114	115	96.4	122	128	116	118	108	111	125	96.5	90.5	82	96.4	87	103	138	116	63.4	50.1	43.4	20.8	23.5	16	15	19.9	16.4	30.2	31.2	39.3	33.1	22.8	25.8	25.6	26.9	34.2	61.6	36.1	35	32.8	31.1	28	35.7	37.8	65.1	127	125	133	135	142	124	121	114	93.5	72.2	54.4	33.6	31.9	38.2	27.2	27.4	21.2	116	1.98	60.6	47.8	3.06	3.31	2.08
339	298	291	289	287	290	262	271	188	173	238	198	233	184	207	242	187	216	222	113	149	138	182	161	148	154	159	156	127	144	179	155	173	179	151	173	219	244	207	192	183	181	175	157	153	159	135	168	154	122	132	139	143	119	111	153	140	119	122	101	92.7	106	77.7	74.9	84.5	85	105	127	99.8	64.9	44.4	39.8	30	48.3	19.1	49.8	47.8	26.5	25.3	32.8	30.2	26.3	27.3	31.6	38.7	24.8	35.5	63	27.5	33.5	34.1	25.2	19.6	32.6	34.7	92.4	133	135	126	130	112	114	115	108	91.5	71.6	62.1	38.4	28.7	27.3	28.2	27.3	18.5	21.8	5.42	51.2	26.7	13.8	5.11	40.9
284	309	293	291	268	269	250	269	207	286	238	274	269	168	202	138	182	238	207	159	150	168	166	201	215	213	236	206	178	152	147	143	134	139	143	153	204	200	202	180	164	162	171	175	157	162	150	162	175	159	176	171	153	142	114	131	116	111	129	115	101	95.1	86.6	80.9	81.8	83.8	70.8	83.7	79.3	48.3	43.8	50.7	52.4	41.2	37.7	64.1	59.4	24.1	28.2	42.7	37.2	29.3	32.2	31.7	48.5	34.8	45.4	55.2	31.9	34.7	31.4	22.1	20.7	23	27.3	101	116	81.2	102	108	94.5	99.3	106	100	93.7	72.6	53.1	27.7	22.5	23.2	32.6	21.8	16.8	11.8	5.74	43.3	13.9	48	55	71.3
273	262	251	278	261	254	325	335	252	246	294	295	295	197	168	154	181	184	230	227	175	165	210	203	221	267	297	233	196	161	183	155	144	140	147	161	209	195	212	176	169	169	186	203	185	179	164	171	186	170	181	186	194	157	125	111	126	121	131	116	112	97.2	104	106	108	107	92.6	85.9	70.9	52.9	51.8	70.3	56.2	41.2	55.4	39.1	33.8	30.6	31.7	36.7	37.2	37.2	39.3	48.2	53.4	63.8	85.5	70.9	65.5	43.1	41.4	24.4	21.6	15.2	19.2	43.4	56.4	32.8	42.8	59.1	67.1	69.8	76.6	55.2	44.7	26.7	13.5	19.3	27	23.8	29.5	29.6	21.6	28.4	76.3	73.7	35.3	53.3	18.4	4.24
270	247	222	314	329	261	293	326	338	313	284	255	280	258	194	218	148	167	198	200	196	169	195	277	223	242	326	255	218	191	184	160	191	168	161	173	190	230	196	196	191	206	209	214	215	202	192	179	161	160	171	167	164	156	162	111	107	111	125	115	124	97.3	108	119	105	83.9	89.5	90.6	91.9	75.1	61	75.8	59.3	51.1	47.6	45.9	48.7	39	40.1	40.9	52.9	53.6	47.3	76.9	74.3	95.3	108	139	85.2	56.3	35.2	16.6	19.6	20.2	23.1	45.4	42.4	19.8	35.7	48.6	57.1	68.4	59.6	37.3	45.8	38.3	19.6	21.1	28.1	27.5	26.4	24.9	28.8	34	116	87.5	78.8	23.3	11.7	7.34
233	263	280	325	331	353	317	298	426	391	360	270	298	237	204	221	153	164	135	143	180	212	201	209	209	236	245	198	179	159	134	165	148	141	165	166	205	222	183	187	202	204	203	196	194	201	196	184	172	166	183	191	191	147	155	118	111	114	116	99.7	108	108	124	144	101	98.8	109	96.9	113	88.1	85.2	76.9	71.8	69.9	61.8	58.6	57.7	59.6	55.1	50.8	58.3	51.5	51.6	66.7	64.5	91.8	63.2	73.5	82.5	56.5	52.8	23	10.1	22.4	28.7	26.6	22.4	14.6	23.6	34.9	44.4	62.3	58.5	52.6	46.2	45.9	18.9	31.5	24.6	27	37.4	27.5	45	39.1	45.3	95.3	79.6	40	18.3	11.1
262	264	314	367	337	316	287	323	448	426	380	276	275	252	220	221	203	186	152	144	211	238	225	189	226	310	186	160	144	126	114	127	138	140	156	158	218	209	169	183	196	209	190	189	189	182	185	192	179	152	165	240	172	191	201	146	112	85	107	99.8	112	104	95.6	110	113	110	106	79.6	84.8	85.9	91	72.2	87.6	79.4	74.2	64	67.4	76.1	53.2	53.1	58.6	46.6	49.3	109	117	92.9	61.5	93.6	99.8	93.2	64.2	44.6	30.9	51.6	32.4	19.8	19.3	21.2	22.9	26.6	29.7	39.5	48.2	38	34.9	30.7	26.7	16.7	14.8	24.9	36.9	38.6	35.5	49.8	46.1	83.6	91.7	30.5	18.8	11
240	252	324	359	383	325	291	361	444	497	474	353	300	221	210	240	202	176	184	151	173	181	185	208	227	366	278	154	98	92.7	88.9	88.9	143	122	130	150	183	213	208	170	223	247	211	231	201	205	206	199	185	164	205	183	158	167	170	143	102	106	102	106	106	131	92.9	83.7	84	100	97.9	90.4	95.4	87.6	80.9	87.1	74	98	97.1	87.1	59.6	65.8	48.7	55	59.7	54.1	67.8	51	76.7	44.8	42.7	110	130	114	92.6	89.4	56.6	60.5	39.8	33.9	40	34.7	39.4	39.6	38.8	43.4	53.9	36.9	30.5	26.1	17.2	22.3	10.9	15.2	16.4	21.2	41	45.7	44.4	31.3	28	17.5	11.4	9.44
224	275	293	404	395	394	275	229	308	373	383	369	295	232	169	185	184	160	171	182	178	197	201	229	187	168	187	176	151	146	172	121	156	128	119	184	206	197	187	157	205	203	229	218	253	266	245	201	202	197	202	174	165	138	134	127	105	111	113	115	99.3	113	97.6	111	106	95.4	91.5	84.1	96.5	119	132	105	103	134	91.3	91.1	83.3	53.2	48.9	71.8	85	83.5	80.3	96.2	65.7	53.9	46.6	76.5	88	99.3	89.5	76.2	70.1	78.4	70	44.9	49.1	50.2	48.8	51	48.3	56.3	49.8	37.2	40.7	38.5	14.6	17.4	10.1	14.7	12	27.3	30	41.7	51.4	35.2	42	25	11.2	11
268	305	291	326	324	341	299	317	225	281	335	278	256	221	224	169	219	232	184	169	235	205	255	224	236	134	149	162	212	179	165	125	90.7	129	125	144	167	172	150	149	181	181	168	196	226	213	207	182	164	170	167	164	156	135	123	124	110	129	128	142	118	107	96.3	105	122	127	98.5	105	118	163	163	159	149	115	85.6	76.2	79.6	63.4	64.3	57.2	87.9	84.3	131	154	125	74.7	57.6	90.1	95.8	95.6	99	84.9	80	101	85.3	69.5	72.4	81.3	74	68.7	63	61.5	53.4	33.3	40	50.5	16.9	21.9	16.3	21.4	8.74	26.1	23.7	24.7	35.6	22.7	18.1	17.3	11.6	10.7
303	378	324	414	347	296	294	273	256	283	320	325	288	260	267	214	218	244	215	175	210	337	238	216	172	138	140	224	272	254	234	166	112	127	131	133	138	164	147	138	138	158	147	187	203	195	178	144	169	166	132	134	133	158	140	128	113	139	129	140	115	125	150	139	108	102	99.3	132	122	144	137	160	128	110	89.8	83.1	78.8	60.4	57	63.2	73.5	78.1	72.6	151	120	103	74.2	97.2	127	123	94.4	76.6	86.8	112	108	77.5	83.8	119	73.1	133	91.7	74.5	64.9	47.2	40	42.2	29	21.3	23.6	21.7	16.6	23.8	26.5	26.2	21.5	24.8	17.7	13.7	14	11.4
270	271	260	260	260	251	322	366	309	302	274	301	288	272	258	247	228	236	234	198	225	284	232	228	179	167	182	166	189	169	233	240	151	133	156	140	158	157	228	216	173	143	117	111	137	210	240	163	160	185	131	116	128	129	124	183	96.1	133	114	107	88.6	81.6	87	94.6	78.3	104	94.5	113	112	114	135	115	108	101	98.5	77.7	66.4	50.1	48.3	41.1	57.4	66.1	62	130	79.3	71.5	77	54.2	49.2	48.2	46.1	43.4	61.2	69.8	67.9	62.5	74.4	89.3	141	138	127	93	69.9	49.7	55.8	89.1	49.6	33.7	32.5	20	26.1	19.7	16.4	19.5	22.1	22.3	17.6	13.7	12.9	13.3
304	280	225	219	242	247	317	447	326	292	302	311	345	308	243	243	223	238	248	210	224	231	259	286	215	183	202	142	132	133	154	206	168	148	169	141	209	193	211	310	209	158	122	137	209	157	180	171	122	133	136	119	121	119	113	136	108	83.8	98.5	86.3	101	96.3	129	92.8	84.8	102	91.2	99.8	148	137	125	111	90.2	97.6	113	94.7	81.9	82.8	60.6	40.9	56.5	87.5	61.4	92.2	86.8	72.2	52.4	36.1	36.4	35.3	52.2	53.2	56.6	76.6	99.6	80.3	56	82.3	146	184	181	167	97.6	70.7	70.9	104	60.7	44.2	33	27.8	26.3	15.4	14.2	18.3	26.4	26.7	19.5	21.8	16	12.9
343	308	206	188	202	232	262	340	309	305	304	360	298	349	300	266	266	248	219	208	256	207	228	191	223	187	104	112	110	131	152	106	130	168	142	158	140	163	162	187	151	180	164	170	253	208	163	148	101	98.9	136	115	114	116	98.5	106	92.6	69.1	82.5	89.4	95.9	90.2	104	87.4	91.7	80.8	56.3	121	131	117	122	150	118	116	132	109	86.8	101	76.8	54.8	64.7	91.7	63	46.3	68.9	36.7	49	61.1	45.4	37.3	43.5	56.7	64.3	76.2	105	104	98.6	117	141	154	151	134	114	117	102	97.5	70.6	64.8	56.7	36	34.3	23.4	19.5	16.6	25.3	22.5	23.7	23	19.4	17.1
259	270	175	201	208	197	249	339	311	316	349	370	309	351	408	338	294	247	195	184	210	233	193	171	157	134	132	129	158	141	164	142	157	174	241	211	261	166	209	168	213	202	223	164	205	275	187	189	123	117	154	163	146	151	136	99.5	110	66.4	100	72.6	72.3	67.5	68.7	80.6	94	104	111	97.1	93.1	84.9	111	132	124	120	119	114	111	115	101	95.3	93.7	100	87.5	72	89.9	65	75.5	65.8	73.7	82.4	48	83.4	86	67.8	109	137	127	132	159	156	151	152	136	131	119	94.2	98.4	96.5	76.7	61.6	45.5	50.7	47.1	23.9	21.9	24.7	24.2	27.4	38.4	39.3
298	223	190	230	258	247	229	240	312	287	285	309	284	335	394	347	275	231	204	233	168	183	228	198	184	156	130	138	163	177	159	217	216	235	301	289	217	168	208	169	122	140	154	114	165	156	165	138	102	134	196	204	170	163	171	138	120	112	107	120	121	93.9	90.2	73.9	134	84.4	85.2	114	115	125	124	143	153	141	128	118	107	119	113	101	127	111	100	115	132	127	102	80.4	83.9	89.9	88.6	86.5	89.8	104	119	110	105	119	135	138	135	150	131	121	109	85.3	75.2	85.5	67.2	63.3	69.6	131	77.1	43.3	22.8	27.7	26.5	30.9	24.2	19.8
181	176	175	220	259	252	224	216	247	251	251	302	323	305	294	254	297	294	276	226	190	158	179	157	198	182	142	181	178	193	186	185	184	193	228	219	176	148	139	144	165	131	155	109	116	126	94.6	132	118	108	171	178	163	128	152	144	128	126	167	142	122	105	85.4	76.5	88.9	110	124	155	106	98.4	142	132	136	167	116	115	106	112	116	86.2	113	124	95.1	116	119	162	140	118	117	159	167	115	133	130	107	112	117	98	104	119	120	137	126	106	111	92	78.7	123	89.5	70	70.8	74	66.3	45.8	32.5	31.6	27.7	27.8	22.8	20.4
184	170	209	201	220	229	227	227	228	258	282	261	276	311	260	193	238	267	260	242	200	160	128	120	184	205	171	176	155	108	122	176	180	127	158	170	220	181	133	139	153	158	180	120	126	122	117	118	162	116	146	160	167	107	114	136	161	191	149	133	152	166	188	135	81.6	84	84.7	118	63.1	64.3	105	127	147	193	153	176	131	142	139	165	106	114	129	131	117	108	146	103	160	163	161	123	106	152	147	114	115	108	83.4	91.8	111	110	119	128	119	118	105	133	118	90	68.2	71.3	64.4	50.7	34.9	30.6	26.9	21.7	15.1	20.5
217	186	208	179	200	214	219	204	216	237	250	254	286	285	269	203	184	244	308	271	202	194	165	156	207	185	155	141	131	116	132	122	164	223	227	189	155	197	143	170	118	209	167	105	208	130	78.8	135	132	139	179	176	182	128	129	165	146	149	141	113	128	122	153	184	137	78.4	77	48.7	45	84.6	96.9	166	232	212	185	209	205	158	145	143	171	120	162	183	173	157	172	169	148	161	196	161	139	147	150	131	137	89.5	76.8	107	114	94.4	124	137	155	161	144	169	125	85.9	51.9	43.7	55.1	62.1	38.1	38	27.9	41.8	25.1	27
227	267	271	223	232	247	242	195	203	205	227	272	248	220	232	213	220	259	291	313	262	225	201	203	191	161	147	171	220	243	182	253	218	173	261	265	212	230	174	154	186	219	181	177	179	179	112	111	251	213	176	165	155	155	213	191	154	151	198	165	137	158	153	160	200	105	92.5	88.4	92.8	94.9	178	168	232	254	227	227	201	185	173	180	202	153	141	149	173	146	162	112	117	203	258	158	105	135	134	155	164	82.4	77.9	83.6	88.3	76.5	83.2	97	112	107	114	137	98.4	71.6	69.1	82	45.8	70.3	65.9	53.5	36.1	48.8	67.9	31
180	246	271	285	290	257	261	237	236	203	218	234	210	189	230	239	256	255	268	283	246	215	239	240	221	149	149	188	269	230	234	272	319	221	209	215	206	198	182	159	158	215	179	178	203	173	150	140	227	305	180	138	123	180	234	177	175	192	202	156	166	169	161	193	200	204	122	102	163	163	176	218	233	193	189	202	188	146	207	134	161	173	137	146	198	177	184	117	78.8	153	235	146	107	97.6	181	205	140	159	120	96.5	95.2	117	85.2	76.4	96.8	81.7	89.6	157	130	101	111	136	96.8	75.9	81.8	50.2	49.4	46.1	81.3	38.1
188	218	255	240	223	221	227	265	294	236	218	208	219	237	233	247	238	220	245	241	241	252	259	245	356	200	163	156	198	241	268	287	290	271	252	223	227	205	195	194	178	169	184	187	217	203	140	169	183	194	170	152	165	180	198	152	214	265	206	161	151	110	130	151	202	204	223	202	208	186	170	205	143	144	174	244	197	173	200	160	159	163	169	171	214	210	196	211	94.6	179	245	121	98.2	127	153	158	154	180	174	122	136	135	112	87.7	91.2	98	172	188	143	119	126	124	111	105	123	78.9	43.1	31.9	62.2	33.6
188	211	215	221	189	191	250	230	244	208	208	173	173	233	249	231	226	252	288	292	249	218	224	255	249	248	274	189	178	234	336	271	239	244	269	249	257	244	218	189	163	164	185	167	159	190	170	176	176	148	177	206	179	168	173	199	246	247	264	177	161	122	117	122	221	209	181	243	309	290	183	190	174	144	171	206	205	187	172	158	206	198	163	125	144	196	190	230	157	106	201	127	110	124	170	118	155	126	149	177	159	160	130	95	132	167	175	172	145	132	117	128	138	128	134	74.4	50.4	48	44.3	34.7
212	199	190	184	210	263	249	180	181	195	200	163	149	177	186	195	206	237	308	391	219	218	202	177	205	205	211	186	180	183	259	299	197	222	256	279	246	222	227	213	169	168	169	187	166	164	170	175	165	95.7	103	160	198	151	164	226	238	250	246	250	298	216	198	149	175	216	180	222	245	188	161	163	141	166	244	202	244	244	232	184	218	206	193	140	164	214	250	262	172	85.8	133	148	125	130	160	139	177	130	109	136	169	151	115	99.6	116	148	145	169	149	108	84.2	121	187	164	144	99.4	80.3	69.2	59.4	44.2
160	142	211	225	220	235	212	197	169	194	196	209	152	184	187	185	189	198	228	321	256	213	183	159	179	170	205	201	159	199	288	353	240	244	232	194	213	254	180	202	183	199	180	147	157	172	200	244	150	111	118	131	137	151	180	182	198	207	192	184	250	291	201	177	170	168	171	194	254	178	144	146	154	131	184	192	253	234	251	217	188	201	207	193	207	279	289	231	204	158	183	130	152	187	166	190	206	131	139	201	145	124	133	109	130	162	176	213	199	130	113	122	157	143	127	101	86.2	73.3	52.9	36.8
135	137	174	176	224	240	197	176	178	194	195	210	175	184	191	193	186	243	219	261	248	205	178	153	155	211	202	204	171	185	238	361	296	241	199	190	195	225	244	224	230	187	157	144	171	171	184	237	151	131	118	117	147	177	197	149	312	301	233	196	159	169	195	236	220	179	162	175	251	242	183	165	154	149	169	228	281	283	241	270	248	278	212	170	230	279	290	171	149	180	204	196	206	238	185	183	185	132	128	205	158	140	150	180	142	171	169	193	170	150	136	119	135	107	81.1	80.9	78.3	84.7	76.9	46.9
153	159	172	194	222	220	184	177	199	218	202	212	238	184	184	198	207	233	207	207	241	228	200	203	236	240	173	203	220	239	314	340	320	276	278	196	186	172	245	245	227	172	159	139	170	172	184	129	165	162	169	159	181	191	193	116	151	164	202	134	133	157	159	161	202	179	173	252	274	269	216	190	173	184	185	274	323	380	251	220	227	272	233	218	229	215	218	148	164	202	191	178	186	200	191	205	179	128	172	237	162	146	152	153	174	163	155	180	152	137	117	103	119	127	92.4	79.7	69.3	68.2	67	49.2
228	241	182	193	167	244	160	187	220	222	218	200	197	219	173	164	186	257	228	220	222	259	237	270	242	220	189	172	222	268	232	286	308	252	262	199	190	173	200	299	236	202	183	154	154	196	186	111	127	150	154	210	192	155	112	103	77.2	89.6	148	129	189	199	177	177	178	192	228	209	197	186	177	236	248	227	212	278	248	240	228	184	150	152	195	184	194	167	134	141	177	144	138	104	120	174	231	185	189	194	180	194	140	132	137	129	150	130	146	139	128	131	108	114	122	124	126	109	89.9	77.7	75.9	83.1
193	244	223	217	253	193	140	194	204	207	208	180	189	186	173	167	166	212	223	214	216	231	197	204	187	199	270	203	183	224	183	177	207	202	207	233	225	205	202	282	279	242	190	166	188	217	221	89.8	111	133	154	194	187	172	118	121	84.4	83.6	107	109	155	174	179	145	172	180	228	215	155	206	183	225	212	225	240	255	211	170	158	174	153	155	223	230	171	124	109	171	215	205	144	106	104	125	163	199	156	162	204	156	158	134	126	107	106	113	138	108	92	105	158	136	127	122	90.4	118	94.1	81.1	84.2	72.9
188	195	198	151	211	173	214	178	180	195	203	167	179	187	154	145	150	195	189	183	183	189	151	142	174	226	251	207	184	206	178	159	172	137	168	184	232	238	201	315	307	281	229	206	178	196	214	116	107	135	175	167	162	156	104	109	129	127	82.4	79.7	135	190	234	251	271	237	212	186	185	214	219	231	239	271	279	214	172	191	179	185	158	201	288	187	186	142	131	179	221	218	163	114	113	140	153	169	155	146	184	154	142	138	135	135	112	107	117	85.5	76.9	72.2	68.5	120	124	116	99.3	108	87.2	70.7	45.6	53.5
145	157	215	124	168	154	184	174	173	207	208	207	207	161	137	162	145	143	162	159	209	167	130	148	155	191	182	186	218	247	222	165	135	120	118	170	218	179	199	216	199	320	299	268	234	237	216	122	134	189	159	128	157	176	131	123	201	159	105	106	186	214	210	243	264	232	220	209	191	188	170	187	197	265	277	238	198	200	187	168	167	200	196	140	129	114	155	278	268	227	187	142	117	219	114	142	177	176	158	175	124	126	148	136	115	103	99.5	49.5	80.6	70.7	62.3	142	95.6	93.8	83.8	113	106	95	52	57.4
103	104	171	127	158	189	200	246	246	245	223	295	272	201	178	214	222	217	224	179	199	190	164	183	211	227	196	219	188	182	189	134	139	145	176	214	191	155	182	201	268	243	192	287	227	225	218	256	173	197	155	116	131	165	132	127	179	128	115	96.9	135	155	173	183	180	199	219	191	166	147	121	173	187	201	203	205	232	241	188	166	131	184	167	128	188	147	175	184	186	197	265	190	198	177	133	130	128	168	120	165	113	78.7	112	118	94.5	85.9	86.3	65.4	70.2	66.5	62.5	83.7	130	82.7	69.2	90.1	72.9	74.1	61.8	55.2
117	140	181	169	169	132	173	183	212	242	217	197	175	184	222	187	180	200	216	180	179	162	168	139	168	180	186	173	164	171	154	134	135	161	142	183	186	222	215	186	139	147	141	174	208	188	222	339	219	160	152	114	115	133	130	129	186	166	156	118	154	130	145	156	140	142	199	206	181	166	156	166	178	217	243	198	223	247	223	263	197	175	195	124	132	188	141	134	127	174	195	199	165	158	195	145	150	149	122	117	111	99.6	107	114	102	101	118	75.4	57.3	60.6	66.5	72	66.6	65.9	65.4	68.8	67.5	105	60.6	51.4
194	166	180	174	129	119	132	134	152	165	171	174	172	203	165	163	110	144	152	169	190	179	156	149	138	145	165	160	188	180	145	195	177	177	203	161	206	300	297	281	200	180	152	142	184	196	189	189	173	142	133	104	91.3	90	87.7	124	194	190	151	150	192	165	142	172	153	157	142	143	125	124	158	177	184	184	189	194	205	228	258	299	305	286	249	160	173	199	192	135	152	185	211	227	221	142	176	174	152	137	104	137	133	134	86	88.9	82.5	87.6	112	95.3	63.7	47.7	42.7	65.2	60.1	82.4	56.3	62	60.3	63.9	46.3	58
201	177	117	148	134	116	184	121	117	136	133	202	165	171	158	163	99.4	140	179	170	190	150	157	134	142	130	144	142	150	172	136	162	185	152	190	176	184	225	278	334	244	298	129	131	188	224	156	184	178	179	156	116	90.5	98.9	92.9	134	151	183	179	157	146	145	161	173	140	136	114	125	127	145	181	233	183	173	206	219	212	252	262	252	226	240	237	215	219	222	298	143	136	213	265	246	232	174	227	175	160	135	135	142	108	107	75.7	84	79.8	79	82.8	97.8	88.3	70.9	46.2	57.5	56	49.8	49.6	41.6	39.6	34.9	55.5	69.8
146	148	145	136	121	112	87.3	98	101	84.7	107	146	170	157	150	179	120	146	167	169	170	219	235	140	134	141	140	129	133	139	136	161	156	169	168	193	174	131	171	163	309	277	196	168	160	139	122	167	195	178	160	121	110	121	134	154	162	191	164	109	101	95	134	125	147	114	104	118	131	115	160	197	193	184	184	216	199	189	224	252	217	199	246	259	269	276	331	175	184	304	236	212	266	189	244	197	155	186	157	142	116	101	92.5	112	115	123	121	116	90.2	73.7	54.4	68	66.3	61.3	51.9	43.8	41.2	43.9	60.7	40.3
177	138	182	204	166	111	87.8	103	83	82.1	103	105	136	134	117	122	112	151	165	152	165	209	168	137	130	129	129	111	106	117	138	159	147	147	183	277	180	134	137	154	395	272	124	143	128	100	93.2	128	146	175	157	136	126	134	155	155	198	202	153	101	112	113	132	114	130	125	104	130	118	145	149	197	192	188	196	178	150	164	215	230	223	202	236	235	242	240	312	207	236	271	281	217	228	207	240	175	154	149	155	122	126	92.9	99.7	109	97.7	110	106	98.9	76.5	77	63	64.9	62.8	65.7	58.6	52.6	62	55.5	70.4	68
177	235	238	313	255	161	115	84.8	75.1	91.4	92.5	97.8	77.8	100	113	118	116	216	182	162	133	163	142	132	120	119	123	116	113	122	134	198	215	154	169	223	252	157	116	203	401	269	203	183	164	115	94.7	121	128	127	154	120	119	144	159	146	135	165	151	81.3	93.7	128	109	99.4	96.3	109	126	144	124	126	136	166	183	192	209	170	134	152	185	201	207	210	285	192	217	208	269	293	311	340	214	202	195	188	171	159	169	142	115	108	139	100	100	100	98.1	101	104	94	83.4	77.2	68.9	75.5	73.1	75.3	69.1	63.2	60.1	65.5	75.7	61.5
97.8	167	280	315	301	207	209	104	70.4	66.6	81.8	79.5	76.8	98.8	89.1	100	113	141	131	135	136	137	158	142	121	116	121	114	110	107	110	147	145	156	175	167	181	151	106	109	199	274	322	182	146	147	119	128	143	134	176	128	143	147	155	137	143	138	136	135	137	171	112	82	75.4	89.3	122	136	142	140	178	175	173	187	177	133	151	149	140	145	191	228	255	153	162	186	341	350	295	185	171	192	158	140	143	119	148	133	94.8	123	95.9	93.7	109	111	109	117	109	109	82.6	85.3	68.1	73.3	70.9	75.4	100	82.3	67.9	62	49.2	41.1
85	114	216	219	211	160	116	84.6	65.1	54.1	59.8	62.4	72.6	82.9	79	105	128	137	136	172	169	195	264	152	100	121	117	99	112	114	105	134	132	135	150	151	161	144	137	138	150	151	114	88	114	265	195	191	144	161	155	135	126	122	117	127	143	136	115	109	101	95.3	128	123	93.2	91.3	141	128	129	132	139	155	169	177	202	205	255	216	153	185	213	222	287	211	230	290	391	410	378	227	195	108	121	142	123	141	144	124	103	119	100	107	85.8	106	109	132	126	97.6	92.5	88.9	81.9	86.5	84.6	92.3	108	103	66	73	68.2	49.7
67.5	113	222	216	140	106	91.7	87.8	79.2	73.4	65.1	58	69.5	82.9	82.4	128	157	151	124	147	125	143	173	145	117	138	145	114	124	127	117	143	134	151	145	151	146	143	148	166	125	132	116	110	121	137	186	171	209	227	153	133	133	155	159	124	113	110	109	72.5	110	83.6	131	147	122	141	159	142	115	149	119	119	151	204	204	231	158	155	117	160	190	239	264	283	293	281	395	406	432	332	217	121	142	167	161	164	211	225	110	91.4	90.6	119	84.3	127	124	131	121	158	128	140	109	94.8	106	119	94.7	68.2	75.4	78.3	71.1	57.9
70.4	94.7	110	113	87.5	71.4	61.4	70.2	89.6	96.6	85.9	79.7	74.2	82.7	99.1	118	119	137	110	111	113	130	155	118	95.7	111	166	134	156	127	126	135	150	148	154	125	157	138	140	163	119	110	123	112	138	129	96.4	105	113	112	117	123	117	130	146	139	148	125	130	80.6	71.5	82.9	97.3	116	114	130	141	120	131	145	131	124	131	170	173	143	141	137	126	156	170	241	303	248	297	308	352	377	506	297	301	163	163	162	172	162	161	162	129	146	98.5	121	123	142	183	136	122	142	126	129	88.9	92.4	139	146	103	77.4	63.8	91.7	86	56
73.7	88.5	73.5	69.8	70.5	61.2	44.6	64.5	96.2	142	164	131	122	95.6	125	120	124	133	138	139	113	132	142	98.6	87.2	101	161	122	138	137	131	149	149	149	143	121	117	125	131	124	109	88.6	96.1	128	127	162	131	127	99.3	91.1	122	114	120	131	144	168	120	113	125	96.8	81.3	75.9	93.4	116	117	111	115	142	133	158	142	148	150	175	157	171	202	146	126	141	163	207	268	289	268	257	359	405	348	298	247	210	200	179	141	130	124	120	121	124	124	184	160	183	161	137	118	128	118	122	116	112	140	143	119	106	74.4	83	77.6	53.9
39.1	37.1	46.7	63.8	42.5	39.1	30.6	41.3	55.8	115	172	164	179	136	128	168	175	193	212	176	146	150	143	100	89.9	87.7	119	128	134	156	158	156	173	156	158	144	147	137	137	129	136	126	111	109	176	270	170	133	171	125	122	130	124	165	154	142	106	111	129	111	131	147	133	152	140	138	128	153	160	220	170	154	141	143	161	176	198	196	137	210	204	249	296	310	354	407	396	433	402	303	299	252	184	199	147	167	128	115	125	132	161	241	261	189	162	135	145	127	127	113	98.4	111	155	138	121	118	102	97.8	74.5	58.2
26.1	26.1	28.1	48.8	48.5	28.7	26.5	23.1	29	58.7	98.3	138	172	158	152	202	205	183	178	202	152	139	128	114	112	103	125	128	131	129	136	162	169	172	163	148	149	139	133	121	114	144	121	136	149	168	132	130	133	135	101	102	124	127	122	111	93.2	87.9	98.5	105	99.6	107	99.3	151	154	134	127	171	212	150	155	143	172	126	153	151	230	230	174	198	223	264	354	338	306	415	396	351	390	422	247	198	125	152	125	168	129	123	114	131	171	214	173	165	158	177	156	153	137	112	107	112	128	141	134	127	98.7	84.9	82.6	62.3
25.1	23.8	26.1	22.9	21.7	22.1	27.1	21.8	25	42.4	63.8	80.6	78.3	97.6	118	170	193	182	154	145	140	114	108	97	91.9	99.8	134	171	140	139	151	183	189	176	159	138	137	132	137	126	123	154	168	187	146	153	173	163	205	237	132	120	181	135	109	103	88	87.5	98.2	82	103	124	126	167	174	158	160	193	220	165	156	205	213	143	150	146	150	181	195	232	220	239	268	274	353	304	417	262	405	330	241	175	121	182	142	169	140	193	157	133	166	171	151	148	146	147	167	177	139	132	112	116	134	121	122	98.8	93	81.8	67.3	53.4
22.7	23.6	22.9	23.3	30.7	32.3	29.3	26.4	27.5	38.4	53.5	57.9	43.8	51.4	53.6	82.1	115	148	140	105	93.7	93.9	103	92	93	92.9	115	139	134	132	148	178	197	188	164	140	138	138	147	147	116	114	153	205	180	194	226	203	162	172	147	123	133	135	115	114	109	110	98	87.1	106	129	184	175	197	172	153	175	212	146	134	180	186	156	140	115	147	289	224	277	384	264	237	252	276	272	314	196	261	282	235	167	133	147	84.8	141	158	182	154	142	113	102	156	143	139	134	140	135	130	119	97.2	105	119	134	105	107	97.6	76.9	71.5	64.6
17	17.7	22.1	21.3	21.1	21.8	23.9	24.3	19.3	21.2	28.5	32.9	33.9	26.8	27.3	42.9	50	66.7	85.6	94.8	109	87.1	81.4	90.3	100	104	116	110	122	136	162	192	220	242	214	175	160	148	157	167	120	114	131	164	177	179	177	181	177	195	157	140	134	123	124	149	163	163	136	124	119	168	179	183	171	189	185	170	196	176	147	172	179	194	155	127	157	274	192	262	324	280	233	216	254	215	201	200	241	305	256	217	227	158	109	212	212	186	129	114	92	91.1	110	140	143	125	116	132	132	126	113	98.1	107	104	92.8	107	126	101	93.3	82.6
16.3	19.2	21.8	19.2	19.3	16.6	18.8	22.1	21.3	23.1	21.1	28.9	25.7	26.9	27.8	40.5	37.1	43.5	71.9	76.3	70.1	77.3	81.1	98.6	104	102	94.2	105	126	129	145	186	208	218	203	179	170	153	162	178	116	108	115	143	157	186	157	153	152	163	165	174	139	147	187	221	157	144	149	138	156	167	171	167	168	176	217	223	256	212	173	167	181	192	178	150	147	187	144	226	274	265	236	193	218	189	154	222	240	246	236	235	228	211	170	244	186	143	124	130	128	112	136	136	139	115	107	126	129	116	116	86.7	89.9	92.6	92.3	98.1	105	98.4	103	100
14.2	19	20.4	16.9	17.1	15.5	17	18.5	15.1	16.4	21.7	20.2	20	19.5	22.8	36.7	37.3	56.6	75.5	66.1	65.6	65.2	76.9	119	144	103	95.9	106	117	119	140	174	194	208	199	182	171	161	163	164	166	138	123	117	144	152	144	130	118	159	150	180	177	195	158	165	122	129	111	149	159	167	181	158	171	180	234	213	192	201	167	176	175	171	193	210	174	188	140	216	222	230	226	211	211	170	140	196	219	227	244	221	171	169	166	170	191	156	147	154	140	138	151	134	132	111	94.5	89.2	108	119	97.1	109	71.8	81.7	87.8	98.2	99.7	83.2	99.9	111
12	13.7	14.4	12.9	12.8	14.1	13.2	12.6	12.6	13.7	13.6	16.7	15.3	18.3	17.4	32.6	33.4	40.2	71.2	59.3	88.1	69.1	64.8	82.7	91.4	94.1	86.7	99	111	106	126	172	185	184	197	190	186	175	183	192	197	162	114	127	153	127	115	108	103	115	124	128	166	187	184	152	134	141	133	126	128	128	153	180	164	191	197	178	189	174	167	172	180	171	196	190	163	152	173	191	189	209	209	196	226	151	138	159	185	190	163	152	150	106	122	146	141	149	126	146	142	122	123	150	137	122	104	105	98.5	111	114	94.9	78.1	83.3	85.2	105	103	102	106	114
5.45	6.67	7.65	6.29	6.75	7.1	7.22	7.4	7.73	7.6	7.59	9.14	9.71	12.9	10.2	18.9	20.7	25.2	32.1	36.3	68.8	65.2	67.9	87.2	94.5	87	80.8	89.6	113	113	141	133	150	161	166	162	246	239	191	158	139	148	140	117	142	118	98.3	103	95.8	102	113	112	134	158	141	166	168	147	156	155	126	138	160	194	174	171	168	166	162	185	184	192	172	179	201	195	166	188	192	170	174	166	185	183	229	229	162	188	192	144	137	136	148	124	140	143	141	142	119	119	122	120	125	144	134	117	102	101	97.2	88.4	87.7	81.9	81.3	108	112	135	122	114	106	102
3.71	5.58	4.78	6.56	9.46	5.49	5.3	6.83	7.68	5.51	5.52	7.09	7.52	10.7	9.49	14	15.6	21.4	28.3	30.4	39.6	54.4	67.2	88.2	87.3	77.2	78.8	90.5	111	109	119	137	154	156	143	149	208	183	190	134	132	151	121	124	124	114	98.3	101	91.3	96.8	94.9	104	121	137	125	124	140	134	133	137	133	162	151	152	160	147	149	136	137	151	159	171	171	166	173	178	185	212	184	170	211	181	170	160	180	189	164	187	208	120	127	145	154	146	178	179	159	120	120	135	117	115	116	135	118	119	93.6	103	102	88	81.9	85.2	86.3	87.8	87.8	119	150	135	125	91.2
2.93	3.24	3.35	4.33	9.78	3.56	3.08	4.29	3.89	4.14	4.07	4.46	4.75	5.12	6.19	10.5	11.9	14.8	21.6	33.2	40.2	51.9	79.4	91.4	83.6	83.7	74.7	91.7	103	96.9	103	129	152	149	154	168	167	165	186	135	145	123	115	125	119	91.9	85.1	107	82.7	85.7	81.6	79.2	102	131	130	149	129	114	117	162	130	137	121	118	129	134	138	127	128	140	150	162	183	191	190	196	205	216	230	234	168	157	141	115	140	150	175	151	130	124	146	163	164	181	180	146	154	159	159	164	147	149	141	139	117	119	106	89	96.3	91.7	77	75.3	77	74.3	80.4	106	127	122	149	90.6
3.36	3.92	2.49	2.5	2.58	2.54	2.56	3.61	3.21	3.02	5.02	8.5	3.61	4.37	4.84	9.36	10.3	12.9	15	23.3	49.6	54.5	60.1	92	88.2	87.8	83.2	93.5	105	87.8	100	117	133	142	140	131	141	140	170	144	156	143	111	96.8	108	110	127	115	107	80.5	71.4	65.2	79.3	89.4	97	152	120	138	134	155	140	121	116	123	119	126	130	122	119	128	136	153	171	173	192	170	202	222	234	223	183	168	145	108	99.1	129	130	116	110	122	110	155	158	148	182	170	162	187	173	166	165	146	145	150	129	107	115	96.2	82.3	78.5	71.4	71.7	64.8	63.2	69.1	88.7	97.6	118	124	91.1
0.655	2.81	2.67	1.67	0.822	0.813	0.743	0.798	0.712	0.798	1.16	6.09	3.19	4.14	5.09	7.07	9.73	9.59	11.4	16.2	19	32.8	35.3	42.4	61.5	42.5	49.1	62.1	89	87.1	109	140	146	128	135	118	132	127	203	170	139	140	132	108	111	107	109	108	102	88.3	81.7	73.2	83.5	101	107	131	166	166	151	174	158	146	147	118	121	144	137	138	120	134	166	213	188	208	210	255	214	277	274	264	245	188	197	142	109	162	142	120	130	153	131	173	150	136	185	189	169	191	180	167	169	133	134	124	114	102	107	103	83	78.8	73.5	55.9	42.7	46.5	55.4	76.8	90.3	96	92.9	86.7
0.247	0.216	0.826	1.22	1.37	0.54	0.359	0.377	0.398	0.376	0.935	2.59	2.54	3.13	3.85	5.63	8.87	8.62	9.31	13.1	15.9	17	23.5	36	36.6	27.3	30.5	50.7	78.9	97.2	103	132	178	152	164	195	137	114	121	149	136	121	119	111	104	105	98.2	96.8	83.7	77.8	81.9	72	103	91.5	88	101	103	150	121	133	170	181	148	148	159	181	236	157	223	211	231	244	206	231	216	190	165	148	157	159	186	172	173	133	167	152	122	99.6	103	107	165	151	141	142	170	179	169	184	171	175	144	134	134	122	116	105	108	91.9	80.2	81.7	67.5	55.8	42.8	38.6	42.8	61.4	79.9	88.7	87.7	95.5
0.144	0.14	0.134	0.26	0.182	0.95	1.04	0.148	0.158	0.199	0.454	8.49	3.63	3.01	5.14	5.01	5.1	5.86	8.17	10.9	14.4	17.1	18	36.6	21.9	19.9	23	32.9	43.5	64.8	76.3	140	167	169	208	147	117	126	106	121	128	130	129	119	116	108	111	90.2	108	89.7	70.6	55.5	75.5	98.6	81.4	119	155	186	156	179	154	140	123	98.6	244	248	214	157	217	248	275	269	180	185	184	184	182	146	192	168	154	151	139	146	158	139	80.1	85.4	90.8	106	120	142	132	145	163	161	139	156	177	166	155	142	142	129	121	87.9	81.9	82.7	73.7	65.4	57.4	53.5	45.1	39.5	43.1	48.8	63.9	73.8	81.1	84
0.145	0.138	0.146	0.196	0.145	0.131	0.715	2.19	0.155	0.176	0.28	1.02	2.47	2.68	4.35	4.33	5.28	6.52	6.61	11.2	13	13.4	17.1	13.6	18.1	50.3	17.3	19.3	24.6	34	40.5	86.1	148	161	225	142	157	127	110	128	142	145	140	133	134	126	115	102	108	101	83.7	59.5	64.7	62.8	70.5	129	133	185	214	136	111	120	167	142	239	260	244	171	167	213	244	224	210	201	206	235	167	203	157	159	156	175	193	224	140	155	85.9	84.9	110	117	122	148	126	142	149	141	129	137	152	153	146	117	110	125	103	78.2	67.4	68.9	68	62.3	56.9	46.7	40.5	37.5	38.9	52.4	57.3	58.6	74.8	77.7
0.18	0.18	1.11	0.199	0.122	0.0854	0.0906	0.3	0.702	3.93	0.67	0.842	1.07	1.52	2.47	3.49	5.09	4.83	4.53	7.49	8.51	9.7	10.6	10.4	11.3	22.6	12.6	9.76	7.25	7.85	10.5	31.6	60	129	244	181	134	145	138	147	174	182	192	190	171	152	146	136	105	89.8	90	82.4	78.1	110	86.6	85	91.7	96.2	114	150	104	99.9	138	124	199	242	233	218	191	277	319	254	199	201	177	140	141	134	122	149	128	218	209	177	146	163	126	109	128	110	116	127	122	128	132	127	122	112	123	138	141	111	86.7	87.7	83.5	66.6	67	69.7	66.7	54.6	54.4	36.7	40.7	41.5	46	34.5	37.8	59	53.1	69.1
0	0	0.18	0.162	0.123	0.0534	0.0658	0.245	0.284	2.65	7.93	0.611	0.735	0.941	1.27	2.39	5.34	5.57	3.22	5.36	6.59	7.39	7.26	6.45	8.07	8.28	9.46	9.41	8.93	3.95	4.28	9.29	21.2	66.3	208	276	202	217	178	175	202	223	226	205	206	175	153	147	106	111	91.5	94.9	82.2	95.9	84.9	83.6	98.4	119	120	138	106	99.9	132	168	226	234	224	232	246	228	261	400	205	190	163	133	126	147	139	183	169	221	253	178	170	181	156	134	146	141	145	132	122	114	119	119	114	114	114	122	128	108	76.3	92.7	71.5	67.6	71.6	73.2	68	47.2	43.7	36.1	40.9	36.6	40.1	26	29.7	43.3	51.2	76.4
0	0	0	0.0293	0.124	0.421	0.111	0.214	0.258	0.334	3.95	9.35	0.573	0.682	0.829	1.6	1.71	4.8	2.29	4.24	5.32	5.72	5.96	4.91	4.8	4.51	4.23	4.4	6.23	10.1	12.4	15.1	22.6	23.8	49	116	201	244	245	206	203	233	243	215	200	188	151	124	117	100	95.1	98	81.7	87.1	83.7	83.7	101	120	129	143	102	106	140	153	170	188	214	176	246	214	192	197	232	167	196	149	131	141	276	235	198	273	348	233	205	237	179	154	187	238	157	146	119	113	134	142	135	114	112	114	111	85.2	69.7	71.1	77.4	63.5	60.7	60.2	69.6	59.1	50.7	42	35.6	35.5	33.6	27.8	31.7	40.3	42.4	77.9
0	0	0	0.0293	0.0294	0.046	0.341	0.545	0.239	0.331	0.391	0.738	2.23	0.51	0.649	0.906	1.13	2.03	2.17	3.67	4.79	5.03	4.74	4.1	4.13	3.98	3.59	3.2	4.17	18.7	10.6	30.9	30.2	27.2	39.2	53.3	64.3	124	178	187	203	239	261	219	177	163	146	118	102	91.6	91.1	91.4	86	96.7	110	104	94.2	102	132	163	144	150	169	133	130	195	210	163	209	222	202	225	202	222	205	142	160	179	183	154	174	243	228	202	199	238	205	182	256	177	151	146	133	116	158	136	125	133	110	98.1	83.7	85.9	73.7	62.6	63.8	60.1	58.5	54.8	82.8	80.8	64.5	49.9	43	46.5	40.9	37.4	33.8	37.1	47.4	57.2
