69	81.2	153	241	350	310	214	238	255	231	288	270	309	394	485	287	296	321	357	361	282	346	362	239	258	332	212	193	241	249	251	314	231	275	276	336	340	375	374	453	551	526	484	534	560	398	323	264	233	169	135	104	83	62.4	70.4	74.1	80.4	103	111	109	97.6	91.8	120	122	119	101	73.8	46.3	36.8	27.2	29.4	45.1	59.1	59.1	57.2	67.2	70.1	70.2	76.9	207	212	118	104	156	205	129	98.9	67.4	62.2	61.1	58	41.6	42.9	25.4	35.8	28.7	70.4	84.4	81.8	81.7	81.8	69.2	72.5	67	52	64.6	68.6	90	80.6	65.5	48.2	85.5	63.2	33.8	31.7	59.3	83.1	94.2	112	124
77.5	115	266	422	397	364	303	275	233	230	250	348	362	471	422	277	296	327	294	380	292	294	281	245	341	450	272	236	303	289	305	384	293	410	412	328	304	323	307	311	435	448	403	395	346	246	226	162	151	133	93.1	90.9	69.7	72.2	57	56.2	61.7	68.7	78	83.4	129	153	142	113	99.2	88.6	44.6	22.8	17.2	14.8	25.5	45.6	67.2	66.8	40.8	85.4	87.4	79.1	95.5	119	153	157	226	224	204	130	107	98.9	60.9	52.4	46.2	32.2	43.7	52.6	34.5	37.6	58.4	77.3	87.3	91.5	72.5	79.4	96.1	57.7	56.4	55	53.6	76.3	48.4	46.1	57.9	78.2	57	30.3	28.9	40.8	58.2	101	71.2	100
114	255	487	472	336	315	245	199	239	301	350	429	485	479	364	322	275	286	291	274	218	201	222	237	282	350	261	297	360	338	353	359	388	407	373	340	303	315	364	320	321	290	292	198	145	113	113	109	123	70.8	92.4	91.9	81.5	81.4	75	131	92.4	57.7	84.8	85.3	154	153	140	102	69.6	39.4	27	25.6	39.4	45.3	31.6	41.9	59	60.3	39.3	109	100	108	86.9	142	141	178	161	172	135	115	115	96.6	62.8	54.4	35.1	16.4	39.6	44.2	43.8	37.6	43.9	34.2	53.3	56.1	50.1	63.3	64.5	58.8	51.2	66.5	64.2	39.6	42.8	31.9	29.9	37.3	51.4	52.1	28.9	59.7	78.9	91	95.7	122
306	351	441	398	340	322	301	241	287	401	507	535	548	424	388	372	275	278	306	315	253	217	220	269	286	272	319	380	441	446	329	394	416	409	306	225	204	221	241	217	227	139	113	114	108	89.2	62.6	67.3	71.1	92.1	104	85.6	88.9	75.6	67.6	115	89.9	64.3	90.3	71.9	121	99.1	109	104	49.2	40.8	44.4	29.9	24.8	18	17.2	35.7	52.4	47.7	54	47.5	58.1	88.3	74.4	95.1	122	140	129	155	150	123	111	92.8	66.8	42.9	40	12	11	25.8	36.5	30.7	22.6	31	28.9	21.1	22.5	34.8	43.3	45.6	30.5	32.9	55.9	42.4	37.3	33.5	33.2	32.8	43.5	59.9	50.4	58.6	108	97.7	100	95.4
594	501	459	407	459	467	487	393	336	441	439	392	441	509	421	395	302	274	271	290	216	225	250	284	291	349	339	379	453	412	418	470	436	355	258	162	156	143	135	117	94	84.6	71	76.7	75.6	61.5	47.2	50.8	64.6	65.9	69.1	82.9	74.2	44.9	26.7	43	45	42.5	57.9	92.1	79.4	47.8	76.4	85.9	67.6	67	53.6	27.8	26.7	23.3	19.5	31.9	35.9	33.6	33.9	41.1	55.2	54.7	57.5	72.7	100	121	130	124	151	108	108	134	99.2	61.9	47.5	15.5	8.34	11.1	7.9	7.38	6.63	12.1	12.3	11.9	12.2	16.2	18.2	13.9	14.6	14.6	24	27.7	20.9	35.7	31.4	42.1	56	64.4	70.8	77.3	101	139	78.5	80.7
379	423	469	452	421	381	404	405	411	342	269	333	385	443	338	221	231	265	254	179	193	216	400	355	355	379	365	404	428	346	316	290	267	226	218	155	149	111	84.2	85.2	76.5	76.8	85.4	72.9	67.3	56.1	46.2	65.4	55.6	49.5	52.1	62.9	65.6	34.3	27.9	28.5	26	41	52.3	77.1	77.1	47.6	47.1	53.3	68.3	50.8	31	19.8	22	14.1	23.2	15.2	11.5	18.8	20.1	22.2	32.8	33.9	62.1	81.5	105	90.7	102	123	152	115	142	112	111	54.5	30.2	10.5	14	15.9	16.1	7.83	0.06	11.6	20.4	23.6	12.6	12.7	29.7	5.88	13.3	15.6	13.8	15.2	24.7	33.7	30.4	45.3	61.2	67.6	68.5	88.1	121	138	89.5	86.8
301	383	485	436	416	408	437	348	316	339	318	409	306	347	311	219	257	332	317	213	310	395	316	323	318	356	473	440	348	240	282	255	176	182	188	170	143	79.8	64.4	60.9	74.6	68.7	70.1	51.3	50.1	52.2	69.5	90.1	59.6	55.2	58.1	59.6	51.2	42.7	30.4	41.5	63.8	48	64.3	62	55	49.5	67	59.8	48.1	30.1	20.4	9.99	10.7	11.3	12.7	14.5	14.2	7.97	7.21	16.3	16.4	21.3	38.3	60.4	47.2	55	58	99.5	85.4	141	79.7	92.7	86.9	49.5	45.2	24.3	19	20.2	16.2	0.12	1.53	8.43	13	1.92	9.99	9.3	39.9	7.74	5.22	9.54	10	13.1	24.6	20	20.3	38.4	46.8	53	94.3	77.3	65.8	79.7	66	58.2
294	418	423	452	370	374	339	263	248	301	319	376	357	435	365	256	242	350	273	250	302	318	269	299	307	361	495	406	314	241	244	236	159	173	240	204	152	89.8	52.2	54.3	56.3	82	54.5	38.2	40.5	41.1	77	93	51.9	49.6	65.3	67.1	40.1	28.4	34.6	41.6	55.7	76.4	63.7	72.3	61.8	41.9	35.6	26	37.7	23.3	18.9	9.86	5.46	8.6	7.52	8.09	11.3	10.1	9.06	11.7	14.7	23.5	27.4	33.5	29.2	54.1	52.9	72.5	95.1	48.1	35.1	59.1	55.4	36.2	27.9	41	18	18.9	14.4	6.96	0.99	10.2	1.89	0.3	10.1	13.1	7.53	11.1	5.79	4.62	6.18	16.2	13.6	12.2	20.9	34.5	23.9	26.2	28.6	47.9	53	50.3	50.7	42.4
352	359	368	275	297	300	323	296	305	349	297	408	409	359	296	229	234	267	265	254	334	368	226	240	283	457	425	408	301	286	228	243	224	254	245	217	157	155	64.2	47.5	46.4	63.3	51	38.4	41.9	55.1	68.5	84.8	39	43.6	57.4	46.5	31	29.6	38.8	43.8	58.5	89.3	68.7	46.7	80.5	54.4	30.4	18.9	29.1	18.2	24.5	23.9	22.9	11.7	8.44	8.67	6.7	8.23	7.01	14.6	18.4	25.6	28.1	34.1	24.5	48.8	56.2	57.3	68.9	50	28.8	36	44.8	46.5	24.7	26.3	22.6	18.5	15.1	6.81	2.85	8.49	16.6	11.6	9.24	9.42	14	1.23	1.56	4.44	5.31	17.7	10.2	5.01	8.25	21	19.4	21.4	32.9	32.4	43.2	64.1	42.9	18.1
358	273	301	288	334	356	271	244	267	275	285	367	416	380	328	249	248	291	321	489	499	499	370	308	356	502	374	339	255	203	205	192	192	247	232	164	112	92.8	46.2	36.2	46.9	62.2	78.5	56.1	39.1	41.5	51.7	57.4	42.8	47.6	41.1	38.3	36.7	37.7	38.2	62.1	74.2	58.6	40.2	48.9	62.4	32.6	48	53.1	39.7	36	24	25.5	36.9	49.2	29	11.6	17.4	14.8	15	13.8	16.6	38.2	31.6	23.1	39.3	64.7	62.8	78.5	81.2	54.6	27.9	38.4	37.4	30.5	27.1	9.25	9.98	11.2	14.6	8.7	10.1	2.6	2.65	0.15	4.2	0.51	9.66	0	0	0.18	10.7	26.4	32.7	19	6.51	7.17	16.7	23.7	26.3	18.7	16.9	24.2	9.27	0.6
471	323	239	253	280	335	229	308	314	280	287	427	439	359	460	440	405	307	329	519	547	502	503	379	410	525	454	314	249	195	270	231	219	215	183	178	167	104	58	36.2	37.1	52.3	56.3	53.8	51.1	51.2	47.9	64.1	64.1	54	38.9	42.1	79.8	43.8	49.8	71.9	54.1	39.6	48.2	71.4	67.9	31.8	45.8	64.7	41.5	27.2	27.3	34.1	22.8	32.9	29.4	25.4	32	27.6	28.7	18.4	19	30.6	30.8	49.1	33.5	83.2	60.8	62.2	41.6	42.8	51.1	32.8	22.6	37.3	30.4	7.94	11.2	6.01	6.88	11.7	13.9	2.6	2.71	0	0.21	0.78	3.03	0	0	0.15	1.08	16.9	20	18.1	3.51	4.92	9.18	11.2	10.9	10.5	11.4	0	1.65	0.15
360	302	304	281	281	332	271	297	257	275	420	445	374	353	402	499	420	318	294	536	511	589	476	342	321	390	361	342	286	250	293	237	184	194	165	135	131	109	98.7	53.9	39.1	56.1	74.2	56.9	51	59.3	62	62.7	64.1	86.1	54.6	42	75.1	78.3	74.5	77	62.7	35.9	31.2	46.5	25	18.5	40.4	67.1	32.9	12.9	28.2	37.5	40.5	15.4	18.2	29.2	36.8	26.8	28.2	15.5	18.1	7.62	14.9	52.4	88.6	68.8	79.4	87.7	38.6	27.1	45.2	31.8	44.8	29.2	25.8	7.83	13	4.92	4.37	4.2	2.77	2.43	2.33	0	0.15	8.73	3.36	0.96	0.09	1.02	0	0	0.75	0.09	3.6	1.41	0.3	1.68	8.43	3.15	0.33	0.12	0.3	0.06
280	327	503	475	372	287	304	274	256	333	321	393	337	286	360	455	358	377	378	374	479	493	426	230	203	207	254	284	315	290	360	303	222	184	153	137	118	111	97.8	78.6	71.9	59.6	71.5	61.4	57.6	56.2	49	75.2	54.3	61.7	66.2	47.6	55.1	69.6	66.4	76.8	72	59.7	49.4	42.1	22.7	18	22.9	55.4	23.3	16.5	33.3	74.6	39.7	56.7	45	35	55.7	26	18	7.59	27.1	12.2	18.8	40.3	82.7	100	118	113	71.4	38.1	50.6	78.5	68	57.4	26	25.6	13.1	6.5	4.05	3.23	5.23	2.22	2.17	0	0.33	2.1	3.03	0.75	0.93	1.32	0	0	0.03	0	0	0.39	1.92	1.41	0	0	0.18	0	0	0.03
339	354	463	441	333	309	323	345	395	304	310	370	377	342	373	351	351	383	424	297	491	497	363	206	225	228	220	248	314	265	297	284	232	173	138	127	109	85.5	88.5	64.7	47.5	52.6	63.8	56.7	81.3	59.4	66.1	53.2	44.8	48.3	58.6	49.4	45.8	50	66.6	57.4	41.1	53.8	30.2	46.1	33.5	18.9	28	28.1	20.2	30.1	37.7	22.6	29.5	74	43.8	27.2	26.3	15.2	20.4	29.8	25.5	15.7	24.7	54.5	78	104	79.3	83	47.5	44.3	36.8	20.6	34	32.9	42.8	40.1	16.6	4.12	5.04	10.2	2.63	2.58	2.5	0	0.03	0	0.03	0.87	1.77	2.1	1.59	0.69	0	0	0	0.03	0	0.45	0	0	0	0.36	2.97	0.03
341	395	397	370	406	354	288	335	364	290	260	459	446	411	372	489	277	313	317	340	344	263	227	255	257	217	236	229	300	237	329	261	188	220	143	101	120	85.3	73.4	78	69.4	78.3	73.3	64.3	69.3	75.7	92.7	58.3	43.2	42.5	47	49.9	54.3	53.1	58.5	45	50.1	93.7	61.5	49.1	77.6	22.7	15.7	26.3	19	36.1	49.7	21.3	21.8	27.6	28.5	26.6	21.5	14.7	17.2	26.4	24.7	29.5	41.8	66.9	67.6	78.3	78	72.2	29.8	28.3	28.6	25.9	43.2	68.3	27.5	17.5	15.7	2.2	2.1	7.05	2.22	2.18	2.3	0.03	0	0.09	0.03	0.24	1.29	1.44	1.44	0	0	0	0	0	0	0	0.36	0	0	0.21	0.06	0
348	424	446	440	445	457	385	373	282	225	261	400	563	467	291	379	242	262	243	252	271	240	350	246	245	244	356	316	318	259	324	198	215	214	149	144	133	139	126	103	98.8	82	71.2	82.6	72	82.9	74.7	63.7	67.1	53.1	47.4	62.7	73.6	68.3	70.2	88	65	62	129	42.9	74	75.2	48	16.4	18.6	35.5	60.8	21.6	17.5	23.9	20.8	29.5	26.4	21.2	19.9	14.4	28.5	44.7	69.6	98.1	101	73.9	69.8	54.9	35.3	38.1	30.9	38.6	63.9	34.4	40.4	19.5	7.5	1.68	4.64	2.01	2.04	2.14	2.31	0	0	1.83	0.03	0	0.24	0.39	0	0.03	0	0	0.75	0.12	0	0.18	0	0.27	0	0	0	0
473	456	461	418	416	458	438	394	348	327	278	403	437	313	248	277	234	254	306	297	350	311	201	213	251	258	333	352	298	320	280	174	141	128	177	178	195	204	165	155	134	100	96	75	67	53.2	73.5	82.3	77.4	62.3	61.9	54.7	64.6	69.7	79.7	103	124	51.4	49	49.5	55.3	99.3	63.7	30.3	21.5	11.2	12.9	16.1	18.4	27	25.6	26.1	27.2	23.8	21.5	25.3	37	47.5	70.7	97.5	87.8	77	76.8	50.2	44.7	37.2	37.7	69.8	34.8	36.8	39.7	7.8	10.9	10.5	5.4	2.49	2.38	2.38	2.51	0.06	0.12	3.63	0.15	0	0	0	1.89	0.54	0.09	0	0	0	0	0	0	0	0	0	0	0
445	487	465	373	412	358	302	350	415	442	434	472	408	288	247	294	302	326	344	334	286	231	233	312	264	271	256	222	233	256	250	160	101	123	172	166	195	259	233	273	136	115	87.5	98	59.6	53.1	71.9	69.4	55.4	65	63.7	46.5	71.4	76.7	74.5	93.4	123	81.8	29.5	35.1	31.5	56.1	23.7	21.5	14.8	7.69	19.1	11	10.2	13.1	27.7	35.5	62.8	78.4	42	33.3	43.6	63.8	78.9	82.9	71.5	119	51.6	54.2	51.1	42	27.1	24.2	36.8	25.9	22.3	17.7	23.8	19.7	21.5	6.99	5.26	3.07	3.03	2.74	2.83	5.13	3.14	3	2.97	2.97	2.94	0.36	0	0	0	0	0	0	0	0	0	0	0	0
365	439	374	318	305	230	288	352	346	440	400	349	307	264	248	256	251	279	268	261	280	291	315	322	232	198	195	192	272	297	337	144	132	139	147	182	217	177	154	201	154	132	137	89.6	70.9	58.4	68.7	52.4	80.8	109	76.8	55.1	53.4	88.9	79.5	75	110	71.4	26.4	19.8	16.2	32.7	27.5	21.5	14.2	8.94	16.5	19.8	17.6	14.3	30.1	58.6	93.7	109	63.3	38.5	45.7	75.8	69.7	84.9	66.6	52.9	50.7	40.1	20.9	29.7	37.8	37.1	45.3	49.5	29.1	21.6	28.3	31.4	27.6	8.17	6.96	5.55	3.22	2.87	3.71	5.47	3.12	5.03	2.96	2.94	2.93	4.38	0.06	0	0	0.69	0	0	0	0.03	0	1.44	2.28	1.83
399	492	422	441	351	278	244	265	418	481	441	345	342	294	243	272	253	280	229	309	291	246	326	257	202	233	229	201	297	387	331	213	224	168	143	184	170	142	163	264	164	86.1	91.6	57	86.4	69.8	112	67.8	71.2	97	78.5	85.3	70.8	58.7	36.9	88.4	90.6	57.5	36.6	28.3	26.9	33.5	31.4	20.6	11.2	8.79	31.9	27.7	19.9	7.93	14.5	25.5	32.6	29.5	24.4	59.2	51.4	44.2	54.7	96.5	73.1	59	45.9	16.9	16.2	13.2	12.5	44.8	30.4	31.3	38.4	13.1	12.7	17.2	14.7	11.1	50.2	8.21	4.33	3.41	3.19	3.32	3.29	5.06	3	2.85	2.64	0	0	0.09	0	0.69	0	0.09	0	0.12	0	0	0	0.51
440	391	409	338	300	260	235	371	474	462	318	268	218	235	282	266	178	218	230	232	199	255	295	281	207	207	283	264	283	276	280	218	175	151	150	192	146	97.5	148	216	126	100	118	61.2	51.5	88.6	119	63.5	65.9	85.3	85.4	80.3	60.8	54.9	30	83.4	67.4	29.9	18.7	42.3	37.6	40.8	46.3	23.5	24	18.7	29.6	26.8	16.4	15.5	15.5	22.2	31.7	35.6	32	53.1	47.5	32.8	48.7	82	55.6	42.6	43	20.9	31.8	16.6	19.6	35	42.2	22.7	11.9	16.1	12.7	18.7	14.2	28.6	30.3	8.67	8.24	5.75	3.58	3.69	3.29	3.09	3.03	2.84	2.54	0	0	0	0	0	0	0.36	0	0.33	0.93	0	0	0
356	317	283	232	276	323	412	407	456	409	301	229	218	287	345	284	221	225	230	211	220	267	347	324	268	254	318	296	278	253	275	254	234	181	191	176	142	98.9	186	133	148	139	92.4	74.8	70.4	139	109	93.3	75.6	94.5	83	86.5	85.8	55.5	38.8	53.8	34	27.4	19.9	29.1	33.6	44.4	53.4	29.6	28	18	20.6	17.5	13.6	16.2	12.2	17.3	27.4	46.8	31.3	44.7	50.1	32.6	49.9	61.1	68.5	61	47	15.3	19.3	22.7	41.3	29.6	29.3	28.3	21.7	16.6	10.9	10.9	24.7	20.5	25.4	25.9	14.4	12.7	10.8	13.2	10.3	11.4	11	10.1	8.6	3.75	5.53	1.1	0.961	0.398	0.332	1.29	0.271	0.395	0.51	0.192	0.191	0
374	288	234	247	334	343	348	350	348	378	348	316	262	296	297	327	279	264	288	303	252	276	321	334	248	251	297	256	263	201	218	220	194	208	190	146	240	147	218	139	124	115	74.8	71	71.9	106	146	121	131	86.6	102	103	105	64.1	56.4	34.3	24.8	22.3	62.8	40.7	32.9	30.7	27.5	28.1	11.7	14	21.8	21.7	11.6	13.1	15.9	16.6	16.6	29.8	35.5	37.2	27.1	27.1	43.4	66.7	96.6	80	31.7	19.3	26.6	37.9	35.2	33.3	17.4	37	30.9	29.3	20.3	35.6	52.6	41.2	54.5	55.2	21.4	13.5	13.1	11.5	12.5	11.7	11.2	10.1	8.28	3.76	3.46	1.17	0.988	0.385	0.393	0.21	2.43	0.67	0.504	0.192	0.192	0
304	309	358	387	367	382	441	327	344	374	346	441	274	245	227	342	362	322	314	418	332	312	256	275	252	219	269	287	239	238	217	200	164	170	195	189	165	117	164	125	98.1	77.9	82.1	105	97.3	103	125	139	151	88.2	98.7	124	93.5	92.9	74.7	34.3	23.4	24.5	78.7	34.2	24	34.2	41	12.6	13.6	15	15	17.4	21.7	13.4	16.4	24.7	19.5	21.5	35.9	23.2	13.3	14.7	18.5	59.4	76	88.5	56.1	27.6	22.2	43.6	34.8	17.4	14.9	33.1	40.2	69.7	56.8	73.4	125	104	89.7	48.9	48.3	18.1	14.7	14	19.3	18.9	12.8	11.1	11.1	4.83	2	1.34	0.997	0.376	0.269	0.208	1.2	1.02	0.501	0.191	0.892	0
315	333	301	317	307	271	340	262	268	280	332	348	262	249	266	283	285	370	308	431	286	233	239	259	224	258	270	258	271	333	255	220	176	179	183	231	172	136	149	127	129	69.8	73.7	106	113	113	124	152	135	78.2	78	103	55.8	60.8	55.8	46.1	28.4	52.7	44.4	29.6	23.9	26	18.5	15.3	23	25.8	24.7	32.7	31	30.2	28.1	24.8	18	23.1	23	42.6	25.2	27.7	27.6	67.8	93.8	74.1	33.2	22.5	36.2	50.9	27.7	27.8	27.5	49.2	53.2	88.4	102	104	115	88.2	89.8	62.5	29.9	21.8	22	26.3	29.9	27.1	16.9	13.1	10.3	3.74	2.68	1.33	3.15	0.919	0.26	0.853	0.768	1.27	0.273	0.19	0.187	0
336	418	400	351	328	305	340	320	269	352	356	320	336	394	368	289	254	267	278	264	217	229	267	227	207	232	215	409	329	336	341	241	188	171	232	184	159	119	192	174	154	139	99.4	103	117	144	98.8	67.2	53.6	57	73.5	73.1	72.9	82.9	66.3	86.7	34.1	46.8	68.3	61.7	42.7	37.8	35.9	20.8	33.5	18.9	38.7	91.4	44.6	38.5	85.5	61.4	42	57.2	27.7	44	43.5	48.3	43.8	92.5	53	41.6	40.9	51.9	32.9	28.8	25.2	21.9	50.3	40.4	82.5	115	112	95.5	94	95.4	83.5	65.6	44	45.9	47.8	52	62.8	59.1	31	18	16.8	3.48	3.29	3.6	2.91	8.79	14.1	12.8	0.591	0.499	0.478	0.46	0.448	0.234
378	407	433	377	280	350	423	377	331	340	364	375	460	441	405	364	291	321	329	247	221	246	327	233	217	208	233	303	350	308	329	238	191	232	227	193	142	130	133	127	161	109	100	98.9	114	122	83.1	58.4	57	65.9	87.4	103	74.4	64.4	64.2	79.1	54.5	41.4	55.5	60.6	49	38.5	36.9	27.4	26.2	20.9	22.4	25.7	36.3	54.3	103	73	47.3	46.7	58.5	68.2	77.2	95.5	54	64.9	49.6	57.6	51.1	51.3	53.6	32.9	23.2	21.7	39.6	30.5	54.1	66.9	104	77.2	92	88	69.7	52.1	43.7	53.6	64.2	77	74.5	66.9	39.7	29.6	17.5	13.7	2.19	5.35	6.21	21.8	0.504	0.441	6.41	1.96	0.475	0.74	0.445	0.302
377	365	441	429	361	376	443	480	448	386	371	383	436	425	439	400	357	321	332	245	192	184	163	165	172	175	180	315	335	286	250	239	231	270	249	232	171	148	115	112	145	109	104	107	93.1	69.7	79.3	65.9	74.6	84	122	96.9	90.6	109	171	96.8	52.3	47.5	55.5	50.6	51.6	61.7	47.1	48.1	55.5	55.7	36.9	48	35	39	27	36.2	39.7	55.4	88.6	89.1	104	112	56.4	47.8	47.6	36.4	39.3	36.4	44	75.7	46.5	28.2	27.8	27.9	27.5	34.8	55.5	33	47.1	56.1	57.3	40.2	44.3	62.7	67.5	70.9	77.2	75.8	42.7	29.5	20.3	17.2	6.38	10.4	8.8	16.3	13	3.55	0.722	0.584	1.11	1.41	0.632	0.313
393	341	396	325	303	378	412	367	343	452	437	355	477	453	491	477	407	298	252	186	199	176	164	170	165	154	175	248	290	219	244	246	248	225	236	201	147	119	135	119	131	98.2	91.4	95.3	75	65.5	87	74.7	98.5	84	95.5	103	127	118	147	124	69	47	31.7	54.7	77.3	62.6	71.8	65.8	78.9	79.1	60.4	61.8	37.4	32.1	24.9	31	40.1	52.8	61.1	64.1	97.4	90.6	30.6	20.7	20.1	27.1	22.8	40.1	32.9	44	50.2	53.9	22.7	25.3	21	19.2	27.2	27.9	36.6	53.3	68.1	62.4	52.1	70.6	81.9	109	104	99.8	50.7	29	17.4	6.67	35.9	64.9	10.8	2.48	4.17	0.567	15.7	6.51	5.23	2.64	0.674	0.309
407	298	283	304	259	306	291	326	379	422	476	483	487	491	539	466	403	340	274	199	155	138	134	150	185	143	175	232	240	229	210	269	242	217	200	179	151	168	187	129	118	93.2	74.6	109	74.3	78.1	57	49.4	51.6	58.7	66.4	88.8	69.6	84.6	97.1	95.4	111	66	40.7	44.3	40.5	45.7	80.8	63.1	52.6	66	64.8	83.9	33	46.9	36.4	47.3	41.1	45.1	64.5	52.6	73.6	55.6	36.5	22	17.4	34.1	25.4	31.9	58.8	59.9	57.1	104	32.6	43.9	34.1	11.4	33.5	49.9	74.3	64.1	78.9	66.3	59.3	88.9	87.5	84	81.4	61.6	37.9	14	9.79	9.5	60	20.2	3.19	2.28	0.886	1.89	9.8	1.14	0.775	0.601	0.537	0.232
312	327	319	303	246	283	288	374	401	472	475	459	486	553	534	491	386	311	207	203	166	143	110	132	192	143	157	178	225	225	248	252	254	229	215	178	186	196	166	129	116	110	93.7	112	83.5	109	93.9	56.6	53	67.3	108	80	68.9	114	106	81.6	81.8	71.2	49.2	32.9	23.2	27	78.9	44.9	52.5	50	38.7	43.1	40.7	37.2	35	38.9	43.3	33.8	40.2	68	72.4	53.5	44	53.2	35.8	19.7	10.9	19.9	28.5	25.8	34.6	55.1	70.5	78.7	53.3	31.2	60	105	86.1	89.4	94.4	71.1	95.6	108	117	83.9	62	50.5	48.7	16.9	12.4	19.5	87.6	21.9	4.7	12.1	5.88	0.852	0.781	0.843	0.759	7.06	3.69	3.01
265	310	272	306	319	356	399	474	475	484	494	472	534	540	483	428	343	270	202	175	215	161	137	140	149	149	131	177	294	235	223	225	224	219	230	182	191	184	134	106	129	117	139	101	92.4	118	114	100	87.7	63.4	79	99.7	75.5	88.8	97.2	77.1	60.4	68.1	56.4	47.9	52	24.8	27.5	26.8	38.6	36.8	38.7	54.4	61.9	55.8	59.2	56.5	45.2	33.5	36	58.4	50.4	56.7	37.6	32.1	43.7	30.7	16.8	35.7	31.8	35.8	54.4	75.2	62.5	53	54.4	38	54.2	112	103	111	87.7	117	156	112	82.3	73.1	46.6	44.9	28	27.1	16.7	23.1	41.3	20.5	23.9	30.3	25.2	1.74	1.33	1.46	1.34	1.27	1.24	0.596
271	269	335	388	377	425	436	486	498	400	459	473	554	479	425	355	269	207	173	155	170	156	130	135	151	130	151	204	198	227	225	226	215	190	184	142	153	125	114	134	159	163	218	215	119	143	138	138	95.8	77.9	79.2	90.1	47.2	38.3	43.2	43.4	68.9	85.2	65.4	31.7	33.5	31.7	42.6	31.1	64.6	44.4	49.1	46.3	75.3	90.1	78.2	84.7	64.3	44.5	43.7	66.6	56.7	50	40.8	39.9	34.5	30.5	36	35.8	33.1	28	36.4	50.9	54.9	58.5	64.5	51	62.8	76.1	103	135	88.7	84.6	97.8	94.1	85.3	61.1	37.4	38.3	24.3	18.4	18.4	26.5	8.8	16.4	53.2	28.8	14.1	15.3	2.2	9.19	5.33	2.36	2.45	1.25
350	345	386	450	416	455	464	537	594	550	506	471	421	370	313	272	238	194	139	112	91.2	97.8	94.1	129	130	122	147	175	163	193	210	202	170	155	158	181	146	167	155	155	167	192	162	119	101	98.8	102	99.4	131	82.5	56.7	57.6	53.4	43.8	58.9	56.8	61.1	56.6	39.2	33.2	34.8	46.2	46.8	26.9	37.9	57.7	58.6	74	84.9	80.3	75.7	74.4	70.7	65.4	73.5	80.2	62.9	69.2	60	65.1	36.2	43.9	33.5	48.2	33.1	28.9	42.5	43.2	35.1	48.1	52.6	53.4	49	57.3	67.8	34.8	35.5	39.7	39.4	54.7	91.9	50.8	29.2	29.7	21.9	14.6	10.9	14.9	21.2	21.3	25.9	21.7	8.01	8.69	9.93	8.69	6.02	6.02	8.87	6.61
353	392	426	419	421	450	437	497	623	553	535	427	330	308	288	213	194	185	136	95	54.7	56.7	72.3	107	123	137	143	162	171	190	204	195	185	159	126	155	171	187	137	116	132	199	164	146	131	114	150	104	83.3	66.8	73.1	77.1	72.9	50.8	66.7	74.9	48.9	59	37.8	36.7	44.7	53.2	75.8	39.1	46.5	63.7	81.9	113	120	96.1	87.6	98.9	91.7	85.6	80.5	90.1	80.7	92.3	71.2	74.2	63.2	43.2	40.8	34.1	32.4	33.9	47	58	40.2	44.2	44.5	25.9	43.1	97	113	41.1	33.6	34	40.1	57.2	88.3	53.6	51.1	42.4	20.1	13.7	12.2	8.48	17.6	17.6	24.2	20.3	8.72	13.5	15.4	8.71	10.5	8.34	7.4	6.49
357	343	415	434	412	414	397	456	483	510	452	379	315	321	289	210	169	125	128	110	80.2	66.7	80.2	115	131	158	158	162	171	179	170	198	169	148	130	137	142	143	123	99.2	106	117	104	89.2	110	97.4	84	95.3	72.2	73	48.4	65	70.4	69.8	62.6	60.9	50.3	51.8	41.5	48.4	57.4	45.4	69.7	51.6	52.5	61.7	79.3	128	156	147	121	117	113	114	106	123	98.7	90	61.8	58.4	76.3	42.6	38.1	40.8	28.3	30.3	36.8	47.8	49	50.8	38	30.7	54.6	90.2	41.6	44.6	36.7	55.2	75	45	126	86	65.9	42.2	21.1	16.5	12.6	6.93	9.72	16.4	9.87	10.5	8.3	11	13.4	13.3	10.6	10.8	11	10.2
329	325	351	444	410	387	405	487	462	406	351	368	289	256	300	180	138	124	130	191	97.9	106	97.8	120	130	144	135	152	158	144	142	182	163	160	124	120	138	154	130	107	120	113	114	80.2	69.4	86.6	76.3	73.1	78.1	102	116	101	88.7	69.3	51	65.8	65.2	49.6	57.3	76.8	55.7	45.4	52.1	66.6	55.6	61.3	98.2	128	216	202	197	146	125	127	121	111	116	86.4	78.9	86.3	50.2	45.1	52.5	46.3	38.6	44.2	41.6	34.4	48.2	48.9	42.1	75.6	75.9	58.1	46.9	40.6	39.4	45.3	46.9	46.3	82.3	80.8	65.9	50.5	31.9	23.7	17.4	10.9	8.99	9.41	17.9	11.7	9.65	13	10.8	14	24.4	15.2	16	14.1
336	314	333	441	407	407	406	355	368	295	281	274	228	173	187	158	130	120	112	121	109	109	104	80.2	103	110	102	120	150	150	155	145	131	147	96.7	103	108	132	204	124	105	116	139	173	123	115	123	163	165	166	235	219	175	139	129	144	91.6	88.5	69.4	54.2	46.4	33.6	40.8	41.9	58.1	63.9	59	118	142	160	142	144	127	139	124	127	104	65.4	100	99.6	63.1	62	54.2	53	37.5	57.4	35.3	25.3	26.2	43.5	43.2	59.3	77.1	69	53.6	40.8	38.7	54.6	85.8	88.4	91.5	102	82.3	41.2	32.8	17.2	12.5	13.9	13.6	15.6	17.5	16.2	16.3	19.2	20.7	17.8	18.3	22.3	29.9	19.1
347	355	359	405	381	388	349	302	294	295	286	250	186	182	135	118	102	119	130	142	164	176	105	100	123	110	119	111	137	136	163	238	145	105	83.7	100	153	95.1	139	122	103	114	146	169	115	114	188	267	204	196	201	239	213	103	168	111	94.2	88.9	94.9	60.4	64.3	62.9	59.4	51.8	104	123	79.9	113	128	154	144	198	142	117	166	119	115	94.6	121	114	95.7	75.7	91.4	63.6	42.3	36	52.3	29.2	38.3	46.1	58.5	69.2	81.2	76.1	63	56.5	51	74.1	94.5	90.7	96.8	111	70.4	42.5	38.6	23.9	26.2	28.4	28.9	26	21.8	19.5	28.5	35.6	31.1	25.7	20.2	33.7	21	22.3
305	364	407	413	439	343	319	306	302	301	277	236	182	135	125	103	136	177	198	228	211	208	131	104	114	97.9	132	125	125	145	148	135	150	95.2	86.4	110	200	116	114	123	111	111	78.5	139	148	135	175	221	213	200	203	226	174	130	124	93.7	92.6	74.6	89.4	62.9	68.3	64.4	69.3	59.1	64.3	68.9	114	130	139	151	121	210	153	138	169	149	124	134	149	90.9	113	110	107	87.8	57.5	55.1	91.8	74.7	73.8	66.8	63	70.3	81.2	91.8	84.9	67.5	73.7	69.5	86.6	85.7	115	104	85.6	65.6	44.9	46.1	37.2	21.2	29.1	29.1	24.4	32.5	39	46.9	36.1	27.7	24.4	28.9	31.2	25.7
334	377	398	381	355	311	276	244	294	329	259	247	175	122	146	129	158	207	205	210	176	193	149	93.9	95.8	113	113	135	148	159	122	95.3	94.4	112	96	124	122	127	180	140	132	106	120	117	158	145	125	175	189	211	173	208	164	145	159	124	122	97.2	108	65.3	94.8	73.5	82.2	63.7	60.7	68.5	84.2	118	139	138	128	161	163	155	183	183	174	130	104	113	95.6	85.7	56.1	64.8	105	55.2	81.8	129	88.5	73.6	62.6	103	129	100	95.4	82.3	74.5	73.1	82.2	83.4	75.2	88.6	92.4	100	73.1	64	43.2	40	43.5	36.9	26.6	36.7	50.4	59	36.8	24.9	29.5	27	36	44.9
308	327	323	395	308	241	241	215	206	221	194	223	170	134	187	178	214	247	233	228	204	184	138	105	86.4	119	129	145	143	135	127	106	93.4	123	122	119	174	147	148	165	151	135	140	220	162	189	203	176	195	213	227	234	171	147	138	125	115	99.5	156	172	113	94.9	97.5	60.4	60.5	98.1	126	103	85.9	83.9	72.9	116	117	92.6	102	130	114	144	183	138	83.2	91.6	49.4	44.9	72.4	31.9	58	116	82.2	84.1	74.5	93	127	137	98.7	83.9	71.3	69.7	85.9	90	69.5	72.8	80.4	111	86.5	83.7	91.1	109	97.7	80.2	45.2	28	43.7	45.7	32.4	24.9	22.1	31.4	51.9	59.2
255	252	280	349	288	254	261	196	174	173	173	186	160	148	174	252	308	222	204	196	185	160	166	137	97.8	111	157	150	154	162	142	174	152	123	103	123	99.9	104	161	168	184	150	159	228	224	217	213	200	208	183	199	224	233	203	131	136	144	92.3	101	83.3	106	106	72.2	59.9	72.1	92.3	148	143	131	111	103	119	104	117	100	108	93.8	88.5	192	145	118	96.2	88.9	96	45.9	41.7	49.7	57.1	44.3	61.3	74.6	101	127	146	108	111	105	68	72.5	64.8	65.5	75.7	86.1	91.5	86.4	93	122	175	121	87.2	71	30.6	33.4	54.7	39.8	40.6	26.9	27.8	34.5	51
244	247	221	265	241	237	207	215	215	212	223	232	198	222	210	265	243	202	178	144	123	115	142	133	112	112	121	125	132	157	151	158	195	158	126	131	91.3	95.6	127	131	178	158	131	204	241	276	237	240	204	162	195	223	224	220	159	148	147	112	98.2	72.9	88.7	101	92.4	58.2	77.2	158	165	155	171	160	138	137	109	115	116	140	144	113	159	150	138	141	155	94.5	71.9	73.7	59.9	45.4	41.1	57.1	71.4	93.7	111	104	91.1	85.5	94.7	75.8	74.8	74.8	67.1	82.1	88.8	81.3	91.3	96.6	103	146	120	88.5	75.2	34.2	30.4	46.3	34.2	23.8	48.3	29.6	33.7	41.7
243	255	237	248	240	243	254	256	255	297	229	219	221	206	227	215	158	179	190	137	96.6	100	122	146	136	139	145	147	181	156	145	163	142	122	129	143	141	141	173	149	183	185	175	167	173	209	243	267	175	163	205	197	194	192	158	169	201	152	157	90.8	130	105	78.4	67.9	89.2	136	138	151	153	174	173	162	156	143	149	146	159	181	241	179	159	158	126	102	83.1	89.8	89.9	77.5	65.4	82.2	104	130	112	123	125	101	94.3	83	79.6	84.8	88.5	97.5	118	90.6	86.6	96	122	125	131	128	94.2	43.9	28.5	26.3	28.4	22.1	29.9	58.9	63.1	52.9
249	276	248	262	231	260	204	165	212	286	214	158	176	153	162	151	151	169	143	138	139	140	174	190	207	228	231	162	220	259	153	157	142	150	138	129	216	257	183	203	207	236	278	230	170	163	211	189	202	209	253	261	190	129	148	164	152	120	176	151	200	184	140	97.5	114	123	118	162	154	171	212	198	220	170	141	145	143	148	153	179	173	108	123	127	110	128	106	129	137	130	104	129	123	111	97.2	106	125	109	150	100	89.8	134	125	107	105	125	141	206	217	153	67	38	24.1	43.6	59.5	31.2	40.3	62.9	67.6	70
243	247	227	166	203	172	204	143	194	236	252	169	192	169	161	135	158	189	151	177	170	186	200	165	165	168	154	152	184	234	167	144	125	125	143	163	167	192	186	254	239	293	261	233	206	193	169	155	203	208	176	205	164	127	156	162	176	171	223	162	183	205	200	128	142	173	156	153	155	162	170	209	245	187	128	134	117	103	117	145	129	98	107	119	122	132	102	109	142	153	149	131	137	149	125	124	131	187	245	113	67.4	98.8	98.2	119	138	135	136	209	190	135	55.5	38.1	51.7	54.6	66.8	76.6	112	55.1	74.9	83.3
254	257	274	247	204	171	234	198	193	180	185	197	232	238	175	167	175	177	167	160	118	144	162	139	136	124	145	214	159	159	177	177	164	184	215	210	137	186	226	223	236	229	236	247	216	222	187	193	185	198	169	200	185	144	173	199	254	308	253	183	209	246	204	136	167	160	132	128	164	193	197	228	208	204	132	121	106	111	118	138	153	117	108	112	143	148	114	119	163	198	196	187	172	163	165	202	154	185	194	119	105	98.4	95.4	108	123	146	149	178	171	98.6	56.3	49.9	59.9	62	73.9	98.6	102	92.6	124	116
228	279	301	286	194	164	156	242	217	180	185	164	197	208	175	197	164	171	152	149	170	160	138	140	120	117	109	137	123	158	202	188	184	220	213	176	153	173	237	200	238	222	200	188	147	202	207	188	214	201	207	227	198	175	151	141	178	170	220	161	209	235	216	132	121	160	146	170	183	194	169	225	233	194	147	146	154	125	139	126	109	101	107	119	135	163	113	123	155	191	201	220	188	186	172	151	152	183	146	125	102	101	100	142	121	120	130	149	128	91.6	82.8	161	137	118	128	179	217	192	137	114
275	270	275	263	271	262	255	194	150	152	175	183	182	173	143	156	144	148	154	134	153	142	167	123	116	128	149	171	146	154	193	147	167	150	188	212	189	194	201	202	200	163	176	173	151	151	170	178	208	169	142	167	172	181	149	159	142	135	162	172	201	186	269	233	147	183	224	172	210	151	193	173	203	205	169	150	189	145	130	121	129	135	102	121	152	135	118	129	163	177	235	256	204	210	159	172	148	172	177	138	132	117	118	125	124	123	128	170	124	109	104	180	199	248	220	382	180	118	112	154
241	235	242	228	211	197	186	170	176	219	151	129	157	165	129	123	137	147	149	134	138	140	138	124	128	130	153	151	145	163	209	159	163	166	146	210	183	190	159	135	138	141	161	188	169	152	242	232	155	130	197	177	174	157	147	142	151	113	175	187	177	211	270	236	238	202	210	191	174	214	215	170	150	214	196	206	245	179	150	106	120	129	130	141	145	156	170	187	197	166	202	208	191	170	159	167	187	169	149	161	180	141	135	133	155	124	119	147	139	120	122	141	202	215	156	170	130	117	107	162
223	213	228	234	240	210	206	156	150	214	175	129	146	146	134	141	150	141	160	160	189	184	132	145	134	122	131	129	155	146	176	159	190	208	179	150	172	177	166	153	114	120	127	151	180	212	216	206	204	225	184	182	154	156	172	157	118	116	144	132	151	211	264	217	254	246	255	180	203	147	159	138	128	170	213	244	227	236	189	128	141	171	174	148	185	215	259	316	205	200	254	252	246	218	180	205	216	203	154	149	199	176	207	161	165	133	181	173	143	118	138	93.1	116	110	170	111	97.3	145	126	175
168	180	198	190	186	205	172	160	161	169	155	135	122	127	147	158	170	168	162	164	143	153	136	112	132	121	126	113	150	150	163	181	236	230	183	191	188	179	189	161	112	109	121	133	199	210	234	252	207	276	246	223	196	148	121	127	118	110	123	102	150	229	208	176	157	250	252	144	134	168	161	154	147	205	195	199	177	177	172	118	118	136	166	210	234	235	216	236	208	180	195	219	213	220	223	308	272	246	190	151	214	202	165	171	192	229	181	262	165	126	95.8	86.1	75.9	77.8	97.8	93.1	68	74.5	94.1	126
194	199	192	184	192	204	156	126	146	149	145	117	130	143	192	187	176	166	146	136	130	143	140	110	117	129	127	137	193	241	205	133	149	148	170	206	200	177	172	173	142	142	140	139	192	265	216	257	225	277	261	280	237	176	110	134	120	128	156	129	116	159	255	295	261	235	213	241	177	230	340	220	246	237	203	215	209	216	184	162	132	147	190	220	235	280	271	205	167	176	218	158	168	201	211	196	229	238	200	199	184	180	163	181	182	251	200	173	163	172	95.2	153	111	95.8	95.8	93.5	78.9	91.8	87.7	101
192	169	176	142	166	173	164	135	146	108	126	161	147	142	170	151	143	113	118	126	144	121	151	113	119	157	159	149	182	192	210	139	120	167	199	183	203	172	207	194	188	158	152	174	213	264	234	260	209	238	252	276	232	133	94.6	112	109	133	114	127	122	172	173	160	185	270	217	271	194	211	356	208	215	242	221	222	194	192	158	155	148	164	181	219	251	326	244	237	208	186	181	143	138	202	173	207	263	279	202	204	182	189	187	154	137	167	164	183	150	178	134	103	84.5	101	122	137	117	104	103	96.8
224	187	170	158	165	162	158	151	168	155	162	151	141	107	119	117	140	117	111	128	132	135	149	131	183	164	177	156	196	174	196	193	143	173	238	213	219	190	210	193	158	140	160	209	214	182	232	210	226	262	227	264	228	161	98.4	108	143	139	125	143	182	192	148	117	111	211	318	364	276	304	377	253	237	236	190	189	240	251	137	151	180	145	171	181	227	284	270	258	227	214	205	180	184	213	200	239	236	249	233	182	159	156	148	132	143	178	162	175	167	193	175	156	117	132	132	142	119	144	134	96.5
155	163	135	142	178	174	150	139	148	168	139	146	174	140	107	118	144	132	118	110	111	116	114	134	206	208	202	168	209	189	191	138	144	153	179	173	198	212	214	158	131	122	167	172	200	160	209	227	240	282	232	213	183	178	155	139	136	135	104	97.3	125	123	125	99.9	165	286	234	336	241	240	190	145	173	149	176	179	175	179	179	185	174	160	213	219	295	274	252	346	306	255	226	203	244	249	237	228	205	255	273	196	173	130	118	111	140	167	144	151	163	185	205	151	151	159	140	147	145	156	147	98.2
126	136	123	140	143	136	161	119	148	146	135	129	159	148	138	113	110	113	113	125	127	106	129	143	155	202	179	155	136	178	198	146	140	124	174	157	170	158	152	142	125	131	142	155	157	155	191	212	201	207	235	188	168	173	129	165	148	154	130	133	111	105	133	170	208	251	244	245	215	205	177	160	201	219	230	184	208	200	161	153	160	221	240	239	255	253	200	213	256	196	180	171	194	200	160	200	236	251	207	227	191	127	104	148	154	174	196	215	199	253	257	174	232	139	144	129	114	125	113	111
140	163	135	141	132	150	155	123	151	141	144	134	173	177	127	114	112	105	92.9	114	111	91.3	116	123	150	144	147	118	126	121	139	146	178	139	208	193	184	171	143	139	132	133	156	201	230	215	207	198	211	188	205	162	126	164	153	160	196	241	161	141	159	160	175	235	237	214	261	225	247	231	216	214	252	247	211	219	197	173	124	135	146	255	273	256	256	235	218	256	201	237	206	200	203	234	207	203	228	231	183	176	165	154	150	144	178	176	180	193	209	206	185	173	146	110	126	130	131	127	139	112
104	140	173	146	133	170	148	137	143	135	156	127	134	130	126	126	129	130	117	114	99.9	99.1	98.6	107	124	135	153	124	118	97.1	126	130	197	124	138	137	127	143	154	131	116	128	144	210	212	183	223	245	178	189	176	140	144	165	156	150	168	251	164	187	196	183	212	191	268	223	285	334	292	264	227	196	273	255	197	156	183	138	129	129	145	183	238	238	262	251	251	276	237	264	246	251	228	278	244	256	238	259	205	174	152	155	143	177	195	177	151	175	181	271	194	160	129	104	116	128	128	122	132	137
122	109	129	148	146	135	139	110	126	125	131	129	129	120	147	138	172	158	147	138	143	125	108	113	115	116	194	166	116	100	111	113	140	148	162	118	114	115	183	164	163	148	157	182	187	135	209	203	181	210	196	173	161	177	171	165	143	149	152	196	188	201	207	253	208	209	301	361	339	300	256	227	257	292	198	167	143	169	138	122	150	184	271	242	234	240	214	223	280	269	316	284	259	259	298	247	255	235	182	189	151	136	157	234	218	213	185	164	167	204	214	175	122	121	119	113	105	108	106	101
114	79.7	107	101	106	118	120	107	101	94.2	108	95.3	123	107	120	142	133	136	118	146	123	108	83.6	83.1	105	106	151	174	137	133	134	151	113	121	136	126	129	175	177	167	152	183	178	156	173	154	172	179	148	211	217	202	171	149	138	121	142	108	135	157	231	198	214	271	240	242	203	274	332	341	279	276	268	210	197	209	187	190	170	170	199	211	230	246	216	178	220	261	307	289	306	359	303	277	269	218	235	242	206	184	188	180	184	196	221	177	145	184	179	211	173	149	126	123	139	130	122	126	109	104
132	113	113	93.5	86.3	105	123	87.1	95	98.3	96.6	90.2	112	111	132	152	148	151	131	115	107	105	91.4	116	81.4	101	160	176	148	181	151	183	127	106	135	110	166	167	155	155	173	217	227	203	188	169	169	157	145	215	244	179	163	135	140	133	152	183	160	165	258	307	350	316	251	261	222	272	290	308	278	301	314	255	202	223	169	191	218	211	227	208	184	204	227	204	232	324	349	277	269	309	310	296	228	238	239	242	215	205	196	178	197	213	234	203	180	168	166	221	193	160	149	149	148	133	163	168	149	121
126	126	112	124	107	123	141	105	103	94.5	101	112	101	122	143	141	132	132	139	122	126	114	111	112	128	85.1	118	148	164	176	126	143	147	126	146	137	134	138	164	168	148	209	287	284	185	204	170	180	166	286	260	172	206	177	151	146	184	218	178	193	286	393	332	339	316	290	232	237	299	282	257	268	259	229	210	232	223	241	217	236	270	292	296	209	221	208	265	319	354	334	277	258	241	319	302	246	230	220	226	237	208	200	202	190	216	227	231	223	199	197	212	230	220	201	150	111	143	178	171	137
120	135	142	143	127	123	157	114	93.3	76.6	88.6	93.6	84.8	106	98	109	99.6	117	122	130	127	143	159	131	103	98.5	109	118	149	151	109	135	142	143	132	121	176	170	149	145	129	206	233	218	170	179	173	190	181	205	220	183	230	199	179	208	196	224	290	176	274	404	348	336	281	223	242	328	321	282	238	211	236	248	254	240	270	246	226	284	261	252	273	284	306	215	260	294	411	323	252	230	202	293	274	246	239	262	258	252	223	217	197	193	155	184	200	194	218	194	195	238	161	175	130	131	166	170	137	125
109	116	142	119	112	132	188	138	95.7	69.3	68.9	79.7	83.3	110	67.3	82.7	94.3	106	113	107	137	174	168	134	104	113	137	110	95	98.6	119	120	152	142	139	131	156	197	202	294	186	165	204	198	249	203	190	221	179	195	231	192	190	206	174	206	201	221	224	176	247	419	336	256	232	207	203	280	329	287	232	210	248	240	284	297	242	232	236	257	217	245	256	319	379	415	279	279	356	255	272	286	340	306	367	288	285	355	328	285	204	195	162	167	116	145	222	183	172	172	177	183	147	139	135	163	172	172	139	126
160	180	165	149	153	134	137	114	106	89	78.2	89.5	85.5	81	87.2	89.6	92	100	118	120	135	177	155	162	169	131	115	96.1	81.1	96.6	82.4	138	154	126	138	151	140	183	179	222	221	201	191	201	233	188	190	160	213	202	193	160	145	161	150	164	180	169	157	214	297	366	244	213	204	276	287	297	313	317	273	317	306	351	338	296	237	219	206	191	184	192	197	283	334	386	297	240	285	200	265	312	366	333	372	314	307	364	351	260	190	189	141	153	187	144	177	187	173	180	182	176	165	161	191	172	173	154	144	132
146	173	194	203	167	134	132	125	100	93.6	97.7	98.5	115	101	94.6	116	117	106	126	136	141	193	197	211	202	155	112	129	96.2	98	102	132	132	169	127	132	141	170	164	151	162	192	217	244	258	203	180	173	257	200	172	118	119	111	154	182	168	151	157	177	216	272	244	251	279	321	314	299	312	328	360	355	328	295	326	394	268	205	206	214	190	190	216	240	289	332	298	250	272	255	240	268	255	329	294	268	308	326	323	223	179	159	158	195	191	191	164	185	200	220	213	201	188	201	223	190	152	140	141	146
114	157	164	188	220	233	175	130	111	97.8	123	127	144	134	96.8	92.9	116	104	126	116	110	184	274	242	176	183	132	143	120	115	130	139	167	158	138	132	141	157	173	180	176	195	189	212	280	211	188	188	232	255	197	166	162	139	127	142	161	134	138	125	172	181	191	300	295	289	298	343	300	343	449	332	265	246	223	257	220	228	254	229	215	219	193	271	318	342	296	250	335	361	343	277	216	288	352	266	240	222	224	227	186	177	180	187	170	164	146	198	193	206	201	218	207	212	211	169	161	142	135	155
84	107	145	196	200	236	211	184	133	112	123	114	121	108	94.5	110	116	106	99.5	108	106	141	170	160	166	172	139	128	206	148	124	190	215	179	159	185	181	182	196	173	197	233	222	215	224	180	208	204	218	211	208	248	206	176	179	209	247	141	151	126	215	197	280	298	257	296	321	281	305	332	367	330	237	217	189	195	173	189	174	200	239	213	209	218	276	278	272	284	320	295	214	233	266	279	237	238	218	197	197	233	235	218	188	170	166	164	151	190	192	200	190	185	195	180	175	166	149	127	149	151
78.4	86.5	104	110	123	112	137	167	195	175	173	139	107	95.4	125	127	125	123	135	121	112	140	194	226	213	186	166	164	180	179	120	201	246	212	202	228	217	218	233	199	192	203	240	221	194	254	294	209	208	213	251	265	190	193	208	229	202	156	146	119	133	176	217	243	241	230	251	265	303	336	365	328	306	229	177	182	208	247	208	205	212	221	234	207	211	203	209	242	261	229	221	202	241	275	241	247	202	184	207	242	246	186	154	138	157	144	169	215	179	208	180	173	180	182	186	157	146	151	144	122
62.5	92.2	82.6	75.2	77.1	86.5	103	109	165	177	141	127	123	128	144	134	126	118	135	156	112	192	176	220	280	225	229	189	176	244	155	165	199	195	186	231	221	224	226	166	170	181	186	239	242	226	298	238	225	184	184	200	198	201	218	226	169	135	133	140	142	195	241	214	213	227	251	225	263	304	307	310	296	256	205	207	239	291	228	214	224	231	224	229	218	198	217	227	301	238	209	258	283	275	244	184	176	223	225	218	193	159	141	132	182	174	202	227	200	224	207	184	181	176	159	138	167	148	145	109
49.7	76	76.2	61	62.3	82.4	79.1	89.2	120	147	223	180	176	142	150	124	117	125	133	156	120	178	204	186	175	211	238	204	190	226	134	175	175	182	199	192	195	200	208	196	189	248	282	244	261	243	240	309	208	204	185	187	222	222	253	283	216	147	139	175	209	264	317	290	254	246	189	187	210	227	288	270	278	222	224	211	224	223	178	194	225	214	221	244	217	175	212	254	237	250	227	289	221	202	181	184	222	249	295	224	200	197	181	199	200	202	216	240	256	240	236	237	205	192	172	144	153	166	150	114
37.4	43.8	49.5	52	49.5	64.6	56.5	61.5	73.2	112	185	206	216	243	240	192	207	160	151	126	136	127	153	139	130	138	171	167	164	178	159	192	198	193	190	188	216	207	196	176	163	213	258	213	202	197	195	183	191	272	215	224	239	229	235	250	292	247	195	230	244	219	232	248	248	228	193	202	223	235	289	274	221	209	223	212	219	217	244	196	201	217	192	161	163	154	189	213	204	179	218	232	182	165	158	184	230	222	217	213	229	196	230	206	191	293	249	201	229	217	208	229	197	175	169	128	161	125	128	114
30.4	32.5	37.2	54.7	62.7	57.6	53.8	54.7	52.9	60.7	90.3	162	192	254	242	246	215	171	179	128	123	127	133	107	118	125	163	144	157	180	196	240	240	199	189	201	219	219	192	192	176	173	183	139	154	148	156	233	218	151	166	208	225	202	239	256	279	248	255	259	246	235	205	261	256	207	207	211	226	295	275	288	251	254	265	293	232	205	239	223	198	211	178	167	183	246	244	227	220	204	197	202	199	224	249	206	279	302	297	248	222	218	231	239	227	288	253	211	208	223	224	231	208	199	179	141	141	113	133	114
39.8	40.3	38.3	41.9	47.8	54.7	58.7	53.5	50.3	60.2	75.4	67.6	114	158	181	198	176	165	139	121	119	120	124	107	112	129	155	127	150	170	186	244	261	200	180	193	195	195	190	178	141	122	132	124	154	136	157	193	163	119	212	183	182	176	168	198	244	241	254	243	246	244	215	231	287	279	277	271	261	261	262	280	263	280	259	305	315	260	261	251	245	250	235	253	243	319	284	248	236	198	320	199	218	210	192	249	299	448	354	321	261	219	224	248	265	247	234	249	241	257	247	239	217	192	166	122	116	106	102	110
31.6	42.8	44	42.5	41.4	50.2	49.1	47.1	54.5	55	57.6	54.7	51.1	78.5	72.5	114	116	152	149	121	120	124	104	93.9	91	99.5	119	123	136	161	184	193	236	225	197	193	189	183	180	168	137	156	133	159	124	126	163	148	149	130	189	175	171	167	170	168	213	228	219	230	220	216	230	255	353	357	278	230	256	259	244	271	248	237	241	273	272	314	248	256	244	234	226	284	271	276	258	322	210	197	207	147	194	177	209	284	353	427	322	288	228	209	226	236	253	276	324	304	290	286	246	234	223	200	167	129	123	97.4	117	141
14.3	20.4	26.3	37.6	37.5	40.9	38.4	44.3	47.9	41.8	41.9	41.4	50.1	43.1	44.9	58.4	80.5	90.1	99.6	114	128	103	86	97.3	109	103	104	128	143	164	188	232	225	226	218	204	199	202	189	137	175	140	107	97.5	91.5	99	103	106	93.9	106	113	144	226	192	168	122	127	167	164	194	209	217	250	328	353	354	252	193	211	221	253	285	242	269	249	243	287	290	236	215	257	223	191	245	243	224	208	192	172	194	189	122	160	168	201	256	277	282	295	281	230	242	246	261	276	266	322	341	356	327	264	239	259	241	226	146	115	99.2	98.9	114
15.4	19.2	23.5	34.7	34.3	38.1	41.5	41.3	40.1	37.2	38.9	36.6	36.6	36.4	37.9	47.8	46.3	68.2	83	89	83.6	96	92.8	95.7	100	103	120	126	141	155	177	196	241	240	234	202	198	203	184	149	175	158	138	105	121	118	89.6	107	157	82	93.7	152	155	326	140	109	123	131	204	234	214	230	262	296	279	244	215	240	230	261	312	278	252	300	283	273	253	262	250	260	222	191	159	194	182	203	196	175	181	220	166	123	140	307	247	241	274	304	303	270	308	276	259	305	303	332	337	373	371	343	316	272	270	236	258	174	124	101	81.4	94.3
14.1	16.5	20.3	32.7	34	31.6	32.6	44.6	47.6	45	42.5	30.2	27.9	22.7	31.4	28	29	48.1	66.1	87.1	98.5	86.8	110	89.5	85.4	103	124	133	152	153	169	180	207	235	257	183	190	218	227	170	157	152	141	130	152	139	101	79.5	82.1	78.5	81.4	92	127	303	241	139	128	161	233	200	205	212	272	258	244	204	198	216	218	240	243	216	261	265	237	224	241	249	293	245	180	178	161	172	178	180	189	208	199	180	160	159	186	298	231	210	268	268	327	299	312	322	359	362	350	328	302	331	346	358	355	284	241	222	268	196	129	93.9	73	103
12.7	14.7	18.3	28.9	30.6	28.3	27.6	38.8	34.7	32.6	29.9	21.8	19.1	19	19.8	23.1	27.9	30.5	43.5	62	127	104	145	104	101	104	124	137	150	160	178	186	240	264	221	208	224	248	300	204	170	112	127	191	167	149	117	82.1	57.7	74.8	109	164	161	184	224	152	164	129	178	234	285	251	270	250	181	131	144	171	183	208	179	189	190	233	198	177	213	241	263	221	201	228	200	205	193	175	176	174	192	180	186	191	176	200	206	204	238	252	250	316	322	384	355	344	310	319	364	385	361	382	336	294	255	238	216	123	91	83.4	73.5	91.7
7.16	10.3	10.5	15.5	17.8	16.6	17.4	16.8	16.4	15.2	14.9	16	20.9	17.5	11.1	9.08	12.9	15.7	27.1	35.5	97.8	157	169	147	117	124	135	139	161	178	168	196	215	213	214	212	236	247	237	195	151	134	146	175	150	121	105	105	97.5	96.2	107	112	105	109	178	137	143	131	117	134	170	200	222	175	162	138	153	153	169	169	107	159	156	160	178	193	211	266	260	210	206	229	219	217	254	192	176	217	199	169	183	220	240	285	289	242	293	327	307	350	343	366	299	278	292	288	332	309	289	303	271	240	224	239	206	119	82.9	78.3	79.2	91.3
7.54	6.53	6.55	12.3	22.2	11.8	12	10.7	10.9	9.99	9.58	9.75	15.7	17.4	15	8.89	7.91	8.45	13.5	23.3	55.6	130	166	146	148	143	178	166	209	168	187	198	222	201	231	207	211	202	196	157	166	172	159	148	126	112	108	99.4	90.8	111	106	132	129	136	134	116	107	104	125	122	126	170	210	158	140	125	151	161	138	137	130	166	170	170	184	196	189	248	258	218	241	252	225	225	222	179	193	217	204	192	185	196	254	279	284	276	278	325	338	319	315	329	324	337	354	291	271	260	295	216	208	228	205	221	214	139	99.5	70.5	89	89.9
3.83	3.96	3.94	9.17	20.7	8.98	8.1	8.02	7.77	8.51	7.19	6.57	10.6	14.7	18.2	11.6	4.83	6.73	12.5	17.6	46.9	114	116	99.3	121	150	201	156	189	192	187	198	220	218	217	195	167	174	169	139	121	130	124	126	114	116	110	102	96.2	107	111	131	140	147	167	141	102	101	98.8	122	116	139	139	123	142	129	133	175	208	211	174	169	157	199	213	265	265	258	294	272	244	267	256	233	216	191	200	262	242	207	180	194	215	202	240	278	303	322	357	313	289	314	335	317	300	296	269	266	232	225	237	294	217	180	197	153	127	130	120	101
3.4	2.98	2.93	7.44	7.27	7.46	8.38	5.68	6.8	5.75	5.87	8.62	8.42	12.2	15.7	15.2	4.08	5.87	9.81	13.4	67	120	113	131	104	124	152	115	192	231	180	193	210	220	210	188	181	163	157	126	111	136	125	122	132	123	107	101	105	102	114	118	110	99.9	143	142	100	96.9	104	128	131	162	138	124	116	135	149	154	173	155	187	201	159	190	236	318	355	325	285	247	217	193	200	190	198	208	208	273	210	205	182	198	203	211	264	255	288	294	344	314	303	321	319	282	301	282	269	261	256	254	282	301	228	222	207	164	146	139	122	112
1.2	3.19	1.7	1.22	0.953	1.12	1.89	1.74	1.52	1.32	1.96	7.7	13	18.5	21.5	20.9	5.29	6.41	7.56	13.3	19	52.9	62.7	76	80	82.9	85.2	86.1	134	243	198	191	199	208	181	173	128	122	119	124	137	126	143	138	138	128	132	109	129	102	113	121	134	130	147	136	122	123	98	124	147	144	125	136	122	127	117	150	157	137	164	160	186	153	220	283	308	243	211	213	199	183	182	171	176	194	173	193	197	219	225	220	206	195	257	253	256	305	336	339	322	297	284	281	275	258	258	254	238	238	233	259	236	254	215	177	155	140	134	130
0.327	0.309	0.343	1.34	2.51	0.499	0.999	1.03	0.935	1.85	2.04	6.18	5.37	16.1	25.7	33.2	26.1	10.2	8.44	12.4	16.1	25.6	36.8	58.3	54.9	54.1	57	93.3	106	152	252	226	231	207	173	147	129	138	108	130	103	112	116	132	129	124	123	110	110	99.1	103	84.5	91.1	105	109	144	149	127	103	110	129	176	178	144	125	114	114	109	106	96.4	110	131	197	170	172	194	221	208	179	177	206	229	218	182	184	195	184	171	201	244	184	207	202	191	221	237	239	265	271	278	258	262	263	276	260	242	231	239	236	212	229	218	213	258	214	178	150	132	112	112
0.122	0.076	0.0813	0.697	0.574	0.169	0.957	0.71	0.284	0.0935	1.88	10.9	11.2	6.09	13.7	28.3	32.9	17.5	13.7	21	21.6	19.8	35.7	64.4	33.5	42.3	38.7	40.9	67.6	107	159	234	189	171	154	137	125	138	111	107	107	107	108	119	125	128	122	107	103	93.2	135	136	75.9	70.8	88.9	99.1	97.2	102	111	142	164	183	173	182	144	108	105	76.2	88.7	113	102	117	114	144	141	211	182	179	219	207	248	279	262	217	181	172	165	158	158	199	174	179	215	196	196	216	246	230	282	297	255	270	278	274	265	264	227	229	255	228	204	186	168	213	184	172	148	147	180	156
0.093	0.0772	0.109	0.795	0.227	0.162	0.261	3	0.184	0.051	0.171	3.15	6.79	6.14	8.72	12.9	21.4	14.5	13.4	18.2	24.9	24.8	22.2	22.1	26.1	89.3	38.9	28.6	38.1	55.9	102	180	208	221	163	150	112	100	123	141	127	131	120	115	127	138	120	113	129	102	119	91.3	87.9	86.5	115	110	84	94.8	143	147	142	145	154	148	134	121	103	68.9	79.7	87.5	82	76.5	89.2	107	96.1	126	125	130	155	162	183	232	258	239	200	151	141	157	204	205	180	205	228	222	265	253	229	244	240	214	227	254	270	261	247	244	247	227	206	187	165	154	185	177	193	152	160	191	178	171
0.126	0	3.33	0.336	0.257	0.0686	2.49	0.0341	0.215	0.968	0.435	0.433	2.81	4.58	5.55	13.1	12.1	11.6	22.8	20.5	22.6	26.7	24.6	22.9	32.3	43.3	28.4	25.1	29.8	40.6	37.9	76.7	147	268	230	218	212	123	114	116	121	124	127	87	77.1	94.4	89.5	127	156	153	118	106	106	108	113	93.1	108	111	124	120	119	158	195	127	120	146	135	112	86.3	84.2	73.8	94.7	99	99.6	78.9	120	122	112	155	154	160	193	210	204	187	161	152	188	217	206	219	218	222	258	304	276	243	267	274	254	213	218	229	256	245	236	257	279	295	178	150	152	143	165	188	155	155	194	182	191
0	0	0.0253	0.192	0.024	0.074	0.14	0.0278	0.0895	1.18	2.93	0.083	0.227	0.915	1.97	11.3	9.72	11.4	12.7	15.6	20.4	27.6	33.6	20.8	18.4	19.1	24	20.7	26.9	32.1	25.4	27.5	57.2	203	315	292	255	248	164	115	103	85.1	102	87.5	77.3	74.1	91.3	99.7	99.8	120	110	110	120	126	153	120	106	131	131	139	104	125	138	181	162	164	184	164	156	92.8	99.5	147	108	93.1	82.6	116	113	130	177	148	164	203	210	197	163	192	191	211	224	215	214	225	246	237	276	270	266	278	340	324	280	233	221	231	254	271	267	280	274	194	169	159	134	162	140	167	156	162	154	171
0	0	0	0.024	0	0.192	0.12	0.113	0.00282	0.0837	0.822	0.27	0.0368	0.294	0.663	5.29	4.62	9.15	10.8	17.5	20.5	23.6	29.8	20.3	20.7	19.6	17	17.5	24.7	27.4	32.7	25.1	42.7	73.5	125	168	153	158	157	144	98.7	75.4	77.5	80.5	66.5	59.1	65.2	82.2	93.3	110	138	132	151	149	156	109	116	120	141	131	136	157	132	227	182	244	241	164	151	109	124	133	123	135	105	133	154	130	160	151	138	154	213	181	165	186	187	215	227	210	227	282	323	286	297	305	300	339	336	270	267	245	255	232	245	240	251	239	219	200	201	197	150	156	158	174	147	145	157	258
0	0	0	0	0.048	0	0	0.17	0.0427	0.00268	0.00346	0.00302	0.00354	0.108	0.253	2.27	3.01	7.35	9.23	14.1	15.2	15.4	16.9	19.4	21	18.8	18.3	20.6	24.2	31.9	38.3	41.7	45.9	33.2	47.7	64.7	78.1	76.8	70.9	83.6	82.9	58.5	47.2	35.7	45.1	43.6	55.5	70.5	78.6	86.6	99.7	131	134	140	146	123	143	156	215	201	155	140	111	156	232	261	196	187	161	137	124	109	175	137	149	133	135	111	143	159	169	150	167	157	184	174	161	216	230	224	242	288	307	334	328	306	314	369	417	301	264	275	245	253	244	224	218	250	206	189	240	194	176	142	166	169	202	189	171	205
