57.8	65.8	81	146	168	91.1	80.6	84.5	90	84.2	98.6	103	154	236	234	208	186	196	186	199	337	245	183	190	221	265	240	193	224	203	178	165	94.9	97.1	86.3	78.1	113	174	242	294	287	275	240	195	211	162	127	119	115	124	113	98.8	115	82.6	72.3	77.2	68.3	62.3	57	72.8	117	110	103	75.6	75.7	69.9	75.3	66.8	51.2	39.1	39.5	57.5	58	68.4	70.1	81.8	81.8	84.6	82.5	108	127	131	119	79.6	83.8	47.5	54.3	37.6	45.7	42.4	46.9	50	72.5	78.3	68.2	41	40.6	38.7	24.8	19.7	20.1	27.5	39.5	35.7	32.9	48.1	27	28.2	23.3	41.3	46.2	26.9	17.3	10.8	12.6	11.4	28.4	19.9	24	55.8
52.9	73.8	102	102	92.1	73.9	72.8	78.8	78.7	94.7	110	138	168	197	225	241	204	192	160	233	266	213	186	213	244	308	319	256	234	190	211	147	148	122	124	117	141	210	241	256	253	237	259	282	282	208	170	134	117	144	92.9	61.3	80	79.5	64.4	71.8	61.9	76	45.8	74.3	73.6	96.3	84.8	83.6	79.4	97	75.8	57.3	37.9	21.9	29.5	48	44.1	39.2	47.5	49.8	55.6	55.9	62.7	120	124	96.8	114	91.3	107	62.9	60.2	39.9	36.5	40.1	51.9	32	51.4	45.2	32	27.1	31.4	47.7	24.2	13.2	20.8	24.5	30.1	10.3	12	28.8	18.8	19.2	29.4	52.8	39.8	17	23.5	8.73	12.7	5.73	17.6	17	21.6	39.9
59.6	78.1	83.6	83	81.1	73.3	72.3	70.2	119	151	147	142	174	182	194	171	206	206	166	176	176	163	212	243	335	350	318	348	305	257	249	218	203	206	181	143	143	169	162	206	224	253	285	315	275	183	136	137	110	119	111	72.7	68.1	69.1	68.1	69.3	71.3	87.4	65.4	74.7	59.6	78.9	87	107	94.4	95.9	66.3	60.8	36.4	25.5	25.6	43.7	46.6	61.5	61.9	88.8	88.9	81.2	91.2	119	96.2	53.6	65.6	102	121	103	44.3	34.3	31.6	31.3	28.5	8.35	15.6	25.7	21.3	18.4	10.7	11.4	7.38	7.41	7.92	10	11.6	21.1	18.1	14.5	14.5	21.3	25.2	46.2	26.1	20.1	11.5	8.46	23.5	18	12	27.4	29	46.9
80.2	98.7	82.4	77.7	76.6	87.3	84.2	83.5	127	139	145	187	213	208	220	183	171	170	178	178	157	139	175	195	202	284	333	373	269	247	272	259	325	272	224	158	134	126	170	181	212	177	206	223	181	141	129	130	120	135	134	82.6	82.1	74.1	68.4	61.2	65.7	85.7	85.9	99.5	62.6	76.1	101	117	95.9	108	53.3	43	39.3	50.6	48.8	47	44	46.6	58.4	105	121	128	115	114	119	110	147	102	107	98	115	60.3	50	28.9	23.5	7.97	9.87	6.97	3.29	2.94	0.33	1.71	6.69	12.7	8.82	14.5	9.36	11.9	25.1	16.5	13	12.9	18	19.8	34.1	18.8	6.96	13.1	27.7	25.8	20.4	26.4	32.5	44.3
99.4	97.2	114	113	70.7	96.6	127	156	179	162	173	187	181	223	205	178	164	178	150	167	110	101	113	123	132	236	327	346	269	261	318	388	348	311	218	177	152	143	174	179	168	165	137	148	145	139	129	110	119	106	111	93.6	103	75.7	52.2	62.8	46.4	55.5	93.8	95.6	92.5	120	128	144	97.1	100	59	61.8	57.8	82.4	101	44.4	48.8	48.6	69.4	81.7	113	120	111	119	147	102	171	105	111	85	74.2	59.7	43.9	27.1	22	2.51	2.46	2.23	2.22	4.38	4.56	7.05	4.47	7.14	6	6.51	10.9	6.27	5.04	13.3	22	14.3	22.2	39.8	47.1	15.3	12.2	8.73	14.7	22.4	34.4	33.5	29.1	29.5
108	95.7	117	103	105	115	126	151	160	156	149	148	160	184	166	166	170	169	175	188	83.7	114	138	115	131	252	350	293	252	288	381	269	188	191	153	131	93.1	100	140	133	140	161	137	87.1	70.9	68	83.2	83.3	84.8	71.6	79.4	78	73	56.4	50.5	63.4	54.3	51.4	92.6	151	127	128	129	97.2	105	90.1	70.5	68.6	70.3	104	89.4	28.5	31.1	39	45.9	53.9	62.1	86.5	75.6	108	113	98.5	116	99.7	114	82.4	65.2	95.9	47.8	20.2	16.4	10.4	6.45	7.43	6.54	19.5	6.18	0.87	0.87	9.66	5.67	11.1	8.76	0.12	1.59	1.89	3.87	0.99	10.3	17.7	28.5	15.1	27.9	11.4	14	24.7	41.4	33.4	38.7	23.2
128	109	122	102	95.7	106	112	133	171	152	137	138	138	165	155	157	125	147	152	138	119	91.7	133	143	169	252	320	338	356	319	261	194	151	158	157	165	83.9	83.5	110	125	122	135	112	92.4	60.1	44.3	78.9	88.3	92.6	74.9	64.9	67.9	61.3	51.8	49.7	34.5	36.3	43	81.1	155	99.8	98.7	76.9	74.4	76.5	71.2	72.1	41.5	50.1	88.6	123	78.1	42.7	41	31.7	31.3	41.8	67.4	67.9	138	137	105	94.3	93.7	101	68.6	49.8	65.5	70	15.5	16.3	8	6.39	6.15	6.95	3.33	1.29	0.18	3.9	5.55	0.66	4.98	6.63	11.9	11	7.23	8.58	8.52	13	26.7	30.1	25.5	34	22.1	15.1	22.5	22.6	32	29.1	23.7
120	113	143	115	108	116	129	116	147	155	161	146	161	154	138	128	116	140	137	158	126	133	189	215	228	304	337	335	341	328	266	212	154	139	153	169	105	77.8	82	92.4	117	94.9	104	78.7	65.1	76.6	96.4	83	90.4	76.4	58.8	52.7	49.6	42.5	39.3	26	35	52.8	74.3	84.5	70	77.2	51.4	54	81.7	60.6	62.6	55.9	46.9	64.9	67.9	63.8	32.7	21.3	22.6	28.6	26.7	29	64.1	100	66	76.2	65	65	92.7	104	44.4	70.7	36.4	32.5	15.3	10.8	10.3	14	7.05	0.27	1.59	0.36	0.09	7.5	1.98	3.3	6.39	12.3	15.1	19.6	20.2	20	17.8	18.4	29.8	18.2	12.1	11.1	17.7	18.8	16.8	21.4	26.1	17.3
102	101	118	136	122	143	104	88.3	122	146	145	154	152	137	98.5	88.8	128	151	156	185	174	192	244	234	273	326	397	354	350	325	301	247	187	215	220	169	101	79.7	69.6	82.5	93.2	114	96.5	83	69	72.5	68.4	86.9	84.1	69.8	56.6	61.5	49.7	49.6	55.2	39.4	68.8	82.5	42.4	63.6	74.4	62.9	55.7	57.2	115	110	59.5	75.9	52.1	50.7	26.6	25.6	17.8	17.4	20.7	32.8	19.8	16.6	28.6	71.3	55.7	44	36.1	54.3	64.7	50.3	46.6	68.1	54.2	17.5	17	11.8	24.1	14.2	5.31	1.41	6.45	6.06	6.69	10.4	12.8	20.6	13.7	12	13.4	17.9	16.8	18.2	12.2	27.5	18.7	26.5	21.8	4.44	16.3	11.2	11.4	10.9	10.6	15.5
79.7	79.8	87.7	106	141	136	103	108	132	163	143	139	145	146	108	89.3	139	135	184	261	246	244	282	208	227	275	377	272	278	262	216	203	174	212	188	158	113	97.9	77.9	52.8	61.6	77.4	66.1	52.4	68.8	63	76.1	118	96.7	80.5	84	71.4	68	66.9	60.7	77.1	46.5	39.6	33.8	54.5	71.4	58.9	58.7	57.8	71.4	117	114	84	68.6	42.1	26	17.6	19.3	25.4	25.2	31	30.9	28.1	45.1	68.2	43	32.5	48.1	34.5	32.2	29.4	23.3	44.2	78.2	26.8	11.5	8.93	12.5	8.01	9.16	6.4	6.85	9.85	11	17.8	18.4	8.58	9.3	8.07	8.43	23.6	16.3	15.2	8.52	24.8	30.7	32.8	28.3	22.7	35.7	15.5	11.5	9.72	15	17.7
107	86.4	68.6	93.5	163	151	148	128	111	108	111	128	140	148	148	97.9	90.9	101	139	300	286	252	290	316	228	230	338	284	250	243	208	182	178	214	185	147	147	143	115	81.4	48.8	38.6	38.2	38.6	61.8	67.1	122	129	114	92.1	89.1	69.6	66	75.9	61.6	56.4	31.8	39.9	52.2	52.8	98.9	93.2	101	91.8	79.7	78.5	76.5	42.6	82.7	44.4	20.2	15.9	19.3	34.3	52.9	30.1	50.3	19.2	15.5	51.6	21.2	27.3	40.1	26.8	26.2	39.3	43.6	28.7	53.2	36.7	21.3	8.52	8.64	7.95	6.06	14.7	9.49	10.1	16.7	20.2	11.6	11.2	18.5	12.9	12.1	19.4	19	17.2	11.6	20	42.7	36.9	22.7	30.4	27.4	19.6	8.4	8.1	10.9	28
123	89.9	71	87.4	120	176	126	89.3	88.5	138	161	127	145	125	154	148	128	119	150	236	229	250	288	363	286	244	310	298	290	268	214	189	202	188	173	168	111	98.5	126	88.7	80.5	54.5	30.9	42.8	64.6	58.7	96	95.6	84.2	94.2	105	61	54	49.4	51.7	48.5	36.7	43.4	54.4	50	94.4	102	124	99.9	85.3	86.7	75.5	66.4	46.8	26.8	17	20.2	24.8	26.5	28.6	20.9	24.5	15.4	20.3	27	15.3	26.4	44.5	44.2	40	50	46.3	57.1	19.5	16.5	12.5	6.5	4.67	5.64	5.56	6.09	12.9	9.02	4.39	5.73	13.6	10.8	22.9	15.8	12.5	12.3	7.83	11	14.4	12.4	23.4	21.8	23.8	36.8	29.6	28.9	10.8	24.5	29.1	52.3
89.8	75.9	73.5	95.7	102	117	122	113	90.3	126	181	178	169	160	158	222	161	163	155	183	178	166	217	293	301	269	306	291	336	300	273	237	215	182	178	127	120	91.5	87.2	95.4	96	81.2	45.5	51.9	63.5	61	87.4	101	107	90.5	95.9	61.1	52	48.6	55.8	54.8	40.9	38.6	43.4	62.1	57.9	82.1	120	101	79.1	108	97.3	98.7	51	22.9	42.4	29.9	40.2	17.2	15.2	43.8	12.7	14.6	23.8	36	27.2	34.6	41	29.3	23	18.2	29.3	21.3	4.37	8.55	17.3	4.04	7.05	13.1	5.77	6.01	4.57	3.49	3.59	5.19	14.2	9.78	14.2	9.87	12.4	7.17	7.83	3.99	4.83	6.75	13.3	15.4	17.6	18.5	21.4	20.2	12.5	8.64	11.2	45.6
99.9	88.2	128	109	92.8	95.6	109	118	119	122	151	149	224	213	169	176	194	163	148	159	144	186	220	199	196	218	225	216	271	278	286	338	254	169	150	115	101	76.9	75.7	73.3	85.7	87.4	121	76.4	71.2	83	100	92.2	117	113	74.8	56.6	46.1	44.8	53.4	21.2	28.1	27.3	32.4	52.8	95.9	73.4	88.6	92.7	70.5	81.9	99.9	115	31.6	34.1	54.1	57.8	36.9	20.8	7.03	13.9	14.2	28	39	51.4	23.9	15.3	19.7	32.1	24.4	23.9	18.9	19	20	9.31	25.4	9.64	7.07	17.8	8.54	3.13	2.46	2.49	2.62	2.91	0.48	0.99	5.1	2.82	2.88	3	6.3	5.88	10.5	7.47	5.67	3.15	10.7	8.73	3.39	8.88	22	12.4	6.9	40.7
90.7	94.3	91.6	98.4	101	103	116	138	129	122	132	146	180	219	219	219	203	145	174	152	191	224	256	226	230	222	219	203	289	338	332	269	227	154	109	89.3	78.2	79.4	87.6	78.1	68.5	69.4	94.5	98.8	79.7	94.8	112	106	134	91.7	53.8	53.9	51.8	71.9	47.7	31.1	35.8	40.5	41.9	54.4	83.8	72.3	70.7	85.1	89.1	71.6	89.8	59.5	46.4	49.5	49.3	45.9	24.3	7.27	5.78	19.4	25.7	38.2	25.7	21.6	21.6	15.2	13.2	9.74	15.9	19.6	38.8	25.1	36.9	33.9	56.7	30.7	24.1	25.8	14.6	2.64	2.09	4.2	6.53	0	0	0.21	0.6	0.12	2.73	3.45	3.48	4.23	5.22	2.76	1.92	3.45	3.39	1.35	2.34	1.83	6.84	8.07	6.54	35.6
112	118	111	132	173	182	145	137	114	116	134	202	179	160	163	178	170	187	181	185	206	214	273	286	229	228	235	208	296	320	290	225	182	161	120	89.5	88.4	85.8	90.2	74.8	63.5	71.7	71.1	81.5	70.9	68.5	76.7	73.5	82.4	70	53.4	59.4	68.3	55.5	49.2	43.2	66.6	53.2	50.5	44	72.4	60	79.4	86.2	90.7	70	85.3	86.5	98.1	76	50.3	32.5	12.2	22.7	8	21.1	37.2	20.2	13.8	5.66	35.8	14.6	9.29	9.87	16.7	42.2	34.8	39.8	33.1	43.5	65.7	33.6	16.8	7.59	10.4	2.53	1.65	3.12	1.93	0.33	0.6	0.33	0.12	0	2.76	2.64	0	0	4.65	7.35	4.65	22.1	2.94	0.57	0	0.27	3.69	4.47	2.55	6.45
160	179	166	169	228	211	183	152	148	131	156	178	208	190	166	158	175	167	174	195	163	202	267	302	211	224	230	184	268	265	177	174	200	172	131	128	138	120	124	84.8	86.3	75.6	105	75.4	59.4	91	77	79.7	67.7	66	56.2	64.9	58.6	50.1	50.3	44.8	86.8	72.6	41.4	56.5	37.5	45.7	44.6	63.5	84.8	86.7	101	83.9	89	65.9	47.3	20.2	13	26	19.8	18.5	40	11.5	6.26	12.9	39	9.37	15.7	37.1	19.6	36.9	51.4	45.9	45.4	78.2	63.6	23.4	9.72	13.7	8.07	4.26	4.46	1.76	1.49	1.59	0.99	3.93	4.2	0.09	0	2.64	2.79	2.76	4.83	5.16	4.65	4.86	2.88	2.49	0	0.09	1.17	1.95	0	4.11
172	151	258	251	219	221	241	227	187	177	215	224	257	275	180	212	243	265	199	227	253	219	187	223	194	209	272	253	262	242	215	175	172	167	179	126	115	137	117	105	100	84.8	95.7	64.2	58.5	63.9	73.8	97.5	90	79.6	71.1	51.4	51.9	52.4	64.1	86.4	94.8	46.5	54.4	62.3	53	58.6	44.3	50.4	98.8	127	80	69.3	88.8	50	33.4	56.4	41.6	39.6	17.8	25.9	25.8	19.8	4.02	9.98	29.3	17.5	6.01	14.3	21.1	36.2	45	26.2	32.3	51.1	42.6	9.98	7.78	7.78	7.14	10.9	1.89	1.38	1.19	0.744	0.599	0.242	0.211	0.147	0.121	0.1	2.55	2.94	5.04	3.09	0.3	0	3.03	0.45	0	0	0	0	0	0
188	207	302	296	195	206	218	265	298	240	204	247	228	234	235	208	294	307	241	282	241	233	196	234	232	237	293	277	317	259	211	185	156	155	184	154	122	143	146	111	119	105	84.3	85.2	94.9	119	82.8	113	85.5	71.2	58.7	61.1	43.5	71.5	96.9	104	64.2	50.7	46	95.8	85.7	73.1	58.7	58.8	112	146	85.8	89	48.3	45.7	62.9	34.3	46.8	41.1	27.1	21.8	33.1	26.4	3.64	11.7	27.4	17.1	14.6	18.7	27.5	25.8	24.8	28.3	49.2	83.4	42.7	8.79	3.94	4.36	2.97	2.67	2.17	1.16	0.978	0.589	0.447	0.261	0.217	0.142	0.105	0.0755	0.0755	0	0	0	0	0.48	3.9	9	10.1	0.12	0	0.96	0	0.6
228	262	319	229	187	210	206	209	249	225	216	217	225	262	229	262	299	219	221	194	196	224	274	239	241	282	315	340	296	263	243	176	185	138	181	159	146	137	127	140	127	143	117	121	108	88.2	104	117	79.1	72.6	57.9	71	59.9	67.6	81.6	131	85.8	66.9	65.5	87.2	64	55.8	40.8	78	93.4	121	125	99.4	68	49.1	67.4	51.5	62.8	39.5	42.6	27	21.4	20.8	15.1	8.69	21	19.5	38.5	30.5	39.9	6.02	8.04	25.7	74.7	57.4	31.3	7.18	10.3	4.91	4.24	7.25	62.1	1.16	0.837	0.49	0.823	0.256	0.209	0.131	0.0901	0.0644	0.0544	0	0.12	0	0	0.12	0	0	3.96	0.24	0.24	0.33	0.3	0.36
242	274	276	170	155	244	215	195	226	256	309	258	290	217	246	291	264	242	202	208	212	245	216	255	297	326	400	396	304	282	223	172	157	111	140	187	180	152	136	143	135	153	98.1	85.5	84.7	110	116	133	83.1	85.2	71.5	115	101	93.7	82.1	124	83.2	71.8	69.5	107	56.6	50.8	42.6	84.3	94	76.6	95.9	88.4	71.2	76.3	50.8	40.1	42.4	31.5	44.5	38.7	18.9	26.4	16.5	22.1	41.9	27.6	21	12.7	24.9	16.8	8.74	37.1	43.4	31	22.1	7.39	18.2	17.2	18	9.09	3.41	0.97	0.773	0.451	0.318	0.252	0.185	0.113	0.0755	0.0772	0.0433	0	0.09	0.15	0.15	0.45	0	0.51	0.03	0.84	2.82	0.21	0.03	7.35
326	329	239	179	217	278	321	272	293	285	319	224	318	253	244	296	242	175	198	212	233	226	208	248	312	321	337	339	329	323	204	138	113	119	142	143	150	130	130	134	120	98.8	108	75.9	109	160	138	163	95.4	89.4	131	138	109	117	104	96	88.2	136	142	78.1	57.5	50.3	36.6	79.6	121	88.5	78.8	83.5	70.2	102	70.8	178	156	56.4	32.3	17.7	31	19.8	10.5	19	13.9	6.35	6.71	12.1	25	25.7	22	32	38.1	18.9	27.1	29.3	7.48	7.63	6.68	2.95	1.61	1.19	0.969	1.48	0.535	0.376	0.298	0.279	0.136	0.0883	0.0711	0.263	1.21	0.998	0.0914	0.0516	0.0521	0.0873	0.0181	0.111	5.76	4.1	0.0985	0
248	252	282	200	210	237	299	290	238	224	254	243	228	226	191	235	204	212	242	263	249	246	247	288	314	309	286	286	272	261	256	170	107	154	132	105	115	125	102	88.3	104	97.9	117	113	146	163	153	192	139	96.3	87.9	141	97.8	85.1	98.2	84.3	110	138	152	97.8	87.5	67	39.2	63.9	90.8	68.1	65.3	81.9	96.5	133	93.8	138	149	64.6	19.3	31	17.3	7.24	15	18.1	6.42	10.4	18	17.7	40.3	35.5	20.1	17.9	13.3	12.3	25.9	13.6	28.8	81.9	78	51.3	40	6.28	2	0.697	0.47	0.322	0.285	0.237	0.104	0.0614	0.0464	0.0915	0	0	0.013	0.00197	0.102	0.00926	0.0668	0.113	0.108	0.149	0.0989	0
271	281	325	290	303	285	262	256	309	234	208	208	219	269	229	206	213	236	263	255	292	338	286	277	312	314	261	314	314	251	255	170	153	151	124	112	132	135	105	81.6	95.7	92.5	97.1	130	140	142	142	165	155	143	91.4	106	79.1	85.1	87.4	113	168	105	91	105	89.1	66.3	95.8	71.7	64.4	62.4	78.4	109	104	97.2	99.6	189	149	94.4	38.4	37.4	16.5	8.39	8.97	7.1	35.5	69.8	64.6	26.4	26.1	24.1	11	17.2	23.5	37.4	23.7	30.5	84.7	146	155	133	93.1	61.1	16.6	2.04	1.9	0.956	3.3	0.162	0.0892	0.0463	0.104	0	0	0	0	0.00228	0.0032	0.00838	0.342	0.745	0.0939	0.119	0.145	0
256	304	369	369	361	310	226	188	198	269	179	214	230	284	250	191	227	328	273	275	351	388	338	267	252	274	230	246	269	271	262	200	181	148	193	104	112	102	94.3	83.7	76.2	75.8	83.1	79.1	91.8	144	142	154	129	172	99.8	57.7	50.3	70.1	68	117	107	91.8	102	112	86.1	135	183	103	76.6	120	154	166	104	83.5	89.1	184	154	181	153	74.1	30.4	14.3	29.5	24.1	46.1	67.9	19.7	15.7	28.5	15.1	44.1	21.4	28.8	36.2	31.6	59.3	86	176	195	137	147	89	17.8	5.7	1.93	5.95	17.3	5.2	1.58	0.0432	0.0308	0	0	0	0	0.00283	0.00398	2.81	0.0207	0.931	0.107	0.136	0.167	0
203	229	317	362	307	312	222	197	226	251	184	205	238	223	230	143	149	244	248	295	393	386	293	265	202	230	221	234	320	369	258	175	146	147	149	114	112	84.9	102	102	114	120	101	65.9	95.6	95.1	103	105	109	105	92.9	104	80.5	107	94.8	103	88.3	98	112	98.1	116	144	115	69.9	59.8	96.1	83.5	131	79.4	66.4	78.4	152	185	136	170	101	44	58.1	53.4	38.5	26.2	17.7	23	27.7	31.5	38.9	37.6	38.8	56	41.6	50.4	183	229	235	212	123	120	45.1	11.5	1.9	6.73	20.5	55.4	24.2	0.411	8.49	1.97	0	0	0	0	0.00473	7.15	2.2	0.797	1.22	5.67	0.322	0.396	0.334
269	265	278	307	287	312	205	171	185	171	196	184	194	205	246	187	176	257	309	309	307	291	299	253	172	208	185	181	249	318	252	162	147	171	148	119	116	106	106	109	120	121	95.1	88.7	103	113	89.8	88.8	117	127	111	90.2	95.5	75.5	73.1	66.1	68.7	127	89.4	90.3	89	91.3	88.6	75.3	60.9	95.4	148	91.4	67.1	69.6	76.8	137	173	140	192	159	157	113	50.5	50.4	19.3	14.5	28	54.9	35.1	41.4	41.9	46.4	63.3	74.1	93.2	226	224	176	171	142	66.2	33.1	2.95	9.63	7.46	59.4	78.5	48.9	45.2	30.6	18.4	0	2.49	0	0	0.0824	0.303	13.2	11.6	1.76	3.9	0.358	0.439	0.345
297	247	250	283	297	318	226	169	167	183	217	183	199	230	276	229	201	252	334	329	254	213	201	197	149	138	164	167	163	195	251	158	186	194	161	131	130	140	129	114	112	132	141	124	126	118	101	84.4	97.8	104	79.7	101	87.9	120	59	72.7	66.9	83.5	82	110	110	100	92.1	72.4	92.4	105	106	110	85.9	66.9	53.1	104	116	94.3	111	139	125	97.7	37	32.2	31.4	19.2	28	29.5	33.8	39.9	36.4	52.7	66	55.9	82.9	70.1	94.5	77	85.3	27.3	10.8	10.5	5.83	4.77	13.3	24.1	37.8	58.8	35.9	23.1	34.3	17.7	20.5	2.6	1.93	2.76	2.56	8.11	0.495	0.794	0.495	0.455	0.743	0.412
259	300	302	277	247	222	224	224	227	219	226	223	268	217	234	251	231	267	326	342	256	183	172	185	155	121	144	151	181	181	184	170	197	244	212	172	127	155	163	130	137	114	136	144	126	134	119	120	113	99.3	131	160	124	103	71.3	72.9	101	61.8	131	132	131	103	76.6	74.3	77.6	125	98.4	140	162	70.4	49.8	50.7	48.4	49.8	35.3	76.2	93.4	57.7	21.3	14.4	13.1	13.7	16.7	29.8	33.2	33.3	45.9	43.3	34.3	42.9	35.7	20.8	13.7	13.8	21.2	15	30.5	60.8	23.2	30.6	12.9	48.2	57.6	72.8	37	7.04	27.4	29.8	15.1	11.2	10	24.6	0.0924	0.109	0.123	0.787	1.16	0.719	0.634	0.44
251	271	275	270	238	247	268	241	282	263	240	297	305	268	232	182	174	290	325	377	277	248	234	211	188	181	206	232	231	160	151	152	186	208	197	177	172	199	197	148	161	132	137	143	175	141	159	184	135	147	166	138	161	122	85.1	85.2	79.8	80.5	113	107	108	94.5	90.9	73.4	89.8	92.9	89	118	106	64.2	49.4	57.2	49.3	41.2	43.8	59.1	65.5	36.6	35.8	21.1	17.9	19.4	21.1	30.5	33.1	34.9	36.8	38.5	39.1	45.2	39.7	41	39.6	55.5	39.1	30.5	28.2	27.4	33.3	38.8	42.6	66.9	30	31.7	25.8	13.1	9.37	1.44	21.8	22.7	58.9	42.7	0.456	0.52	0.55	0.85	0.935	0.986	0.891	0.797
236	253	227	231	263	253	258	228	275	268	286	354	316	254	216	188	229	239	285	395	305	276	255	251	249	165	168	202	200	152	143	143	136	152	172	125	140	199	186	120	121	138	144	146	165	153	160	178	149	125	132	159	161	186	113	84.1	98.9	89	105	108	116	86.7	71.8	62.3	89	67.2	74.3	76.5	63.3	46.3	54.4	63.8	56.5	47.2	52.5	79.8	61.1	43.2	35.3	21	22.4	18.3	20.5	28.3	31.5	32.6	34.7	42.1	45.2	47.5	49.6	74	43.4	33.1	60.4	73.9	28.9	24.3	29.3	51.8	70.7	73.7	24.6	42.5	29.1	19.6	0.095	0.0863	13.5	14	96.2	13.1	6.52	6.78	7.12	2.06	1.56	4.49	1.03	0.875
235	224	249	297	315	268	259	226	284	313	296	268	241	204	195	187	257	293	243	321	338	302	222	192	160	106	95.2	120	168	172	134	105	124	146	159	133	190	187	141	101	122	128	139	161	182	162	161	136	120	131	138	146	150	149	141	96.1	76.1	110	144	142	103	78	68.2	65.8	65.9	72.9	73.1	114	72.8	62.3	55.8	85.1	66.2	55.7	74.6	97.5	77.1	62.7	43.3	27	22.6	18	16.8	25.9	29.1	31.9	30.8	38	37.1	42.1	55.3	40.1	28.7	45.8	40.3	31	32.5	22.4	18	35.1	49.5	33.4	66.2	26.8	27.6	1.74	2.37	4.4	4.41	5.73	58.8	27.9	4.67	1.35	10.3	2.78	2.48	22.4	4.55	1.29
198	241	286	341	331	328	316	246	252	274	278	255	179	193	206	187	186	234	332	289	304	293	227	144	148	138	126	124	138	151	168	133	147	122	127	120	195	205	144	103	137	136	133	209	248	170	135	120	192	140	120	105	121	134	108	75.8	96.3	101	122	108	94.7	68.8	51.1	65.3	66.2	67.5	56.7	94.7	115	87.2	60.3	66.5	59	55.4	53.3	86.4	83.1	68.2	50.8	30.1	29.3	27.7	33.6	29.8	28.3	27.1	33.7	29.6	31.4	33.4	27.3	12.2	15.4	15.3	19.6	49.2	118	30.3	7.93	15.6	23.2	21	22	7.39	7.33	7.6	7.98	7.5	3.89	11.1	51.6	14.4	8.37	4.54	12.1	3.66	7.04	3.2	6.86	2.23
204	226	255	302	350	330	322	268	296	266	225	236	231	268	252	237	263	268	308	267	278	319	262	193	246	206	234	238	164	153	169	167	152	144	147	163	213	215	197	158	184	158	207	251	223	183	204	153	112	102	75.7	62.4	95.3	88.4	72.1	58	66.9	62.9	64.9	64.9	64	70.7	65.1	74.7	76	66.4	63.2	85.3	83.9	88.9	76.6	59.7	57	54.9	68.5	68.3	72.3	52.2	41.2	19.1	30.7	27.8	27.8	27.4	28.6	21.5	19.9	21.4	26.1	23.6	16	12.7	14.7	16.2	24.5	37.7	49.7	16.2	9.59	7.79	10.8	19	17.5	21.2	13.6	17.4	17.3	15.5	3.49	3.13	36.5	16.8	5.7	6.54	16	11.3	11.1	11.5	9.83	16.2
209	234	233	284	320	306	296	233	252	267	230	215	204	199	230	212	227	239	259	237	257	236	184	188	176	207	228	204	169	144	141	151	175	176	186	215	248	192	199	183	171	193	235	181	175	183	164	148	122	112	75.9	81.9	78.9	63.6	93.7	91.4	93.7	77.5	78.6	68.3	94.2	62.9	72.6	81.2	106	114	79.4	127	89.2	98.2	96.7	67.2	64.4	61.1	67.7	70	84.2	56.4	55.9	33.4	58.8	51.9	44.1	28.3	23.8	19.9	34.6	24.5	28.7	22	16.1	15.9	18.3	22.7	30.1	37.6	20.8	14.5	11.1	7.21	9.13	12.9	37.5	25.5	10.8	12.4	7.08	12.1	15.4	21.5	14.7	13.7	12.4	7.53	15	14.7	20.7	13.6	6.47	10.5
241	236	225	230	260	282	274	236	211	222	252	241	225	225	217	206	203	218	228	195	302	292	238	194	157	179	171	186	178	146	160	155	190	221	219	241	254	203	236	185	181	193	187	170	185	157	138	148	124	112	79.6	90.8	66.5	57	92.4	86.5	90.6	104	105	77.6	71.4	76.3	84	78.1	108	95.5	114	93.6	81.5	79	74.4	71.8	77.7	71.6	69.9	58.6	92.9	72.3	69.9	59.1	46.8	41.7	36.4	20.8	20.5	22.5	29.5	25.9	39	27.7	21.7	13.6	17.7	23.1	36.1	32	26.8	19.7	16.6	12.5	13.8	20.5	31.1	26.6	23.9	12.3	10.6	11.4	21.9	22.2	18.1	23.5	19.2	25.5	33.3	30.7	59	52	13.6	11.2
246	239	223	265	271	313	286	213	178	168	199	264	244	225	220	219	196	206	231	202	260	254	342	234	207	157	188	188	128	132	186	197	222	230	211	167	202	216	235	186	164	163	175	163	156	168	154	149	142	138	128	109	80.7	71	106	93.3	76	64.8	82.8	84.3	96.5	83.7	83.9	78.4	81	100	101	85.3	81.5	97.3	108	76.4	83.5	99.3	77.8	67.5	87.5	79.3	90.4	63.4	45.3	19.8	15.7	24.6	23.9	23.1	25.7	26.4	35.7	39.6	32.8	19.5	20.2	18.6	30.6	74	34.4	66.7	30.4	28.3	19	42.5	39.5	32.9	24.3	21.8	13	15.5	16.6	11.4	27.9	39.5	38.1	37.3	37.4	27.6	46.5	28	19.7	11.8
248	253	275	266	248	266	324	258	206	207	206	255	234	212	225	270	228	219	275	264	250	274	341	202	209	186	168	135	88.7	106	123	187	228	233	207	186	312	296	245	218	195	186	217	214	170	205	205	183	192	174	181	144	148	136	95.5	83.5	89.3	111	84.8	65.2	79.8	67.8	66.6	80.7	82.7	86.1	88.9	81.8	80.3	77.9	69.9	72.9	74.6	87.2	93.1	81.3	85.4	64	37.2	33.3	20.1	12.1	12.2	9.15	5.48	20.6	31.9	10.5	17.2	38.4	43.9	26.8	32.3	36.4	48.1	74.1	55	87.9	77.7	51.8	41.7	38.8	42.8	38.3	37.2	35.3	27	21.8	18.1	7.54	8.46	25.4	39	45.4	33.1	24.6	68.8	22.1	14	8.76
250	265	282	256	273	294	285	237	242	219	231	264	238	245	274	281	271	254	281	272	255	286	282	234	185	188	174	136	103	128	146	147	149	179	192	180	219	328	289	220	190	207	224	203	184	186	176	206	224	235	181	131	172	159	159	95.3	69.8	113	90.3	71.4	98.1	87.4	87.8	105	102	85.5	87.9	93.2	81.7	72.9	90.5	90	89.5	74.1	98.9	96.7	104	94.1	49.8	44.7	27.2	16	15.7	9.04	7.96	19	16.9	8.35	12.9	15.1	22.2	33.2	44.7	58	87.3	106	79.4	68.6	67.2	64.6	121	105	70.3	51	46.9	45.2	43.6	18.6	13.6	8.76	8.73	33.2	21.1	24.3	27.4	24.3	23.9	16.7	11.7	9.09
215	251	290	283	302	314	306	302	331	256	269	251	242	240	256	289	331	315	266	270	264	279	264	266	183	198	225	166	123	142	137	202	265	183	202	161	169	246	212	200	209	214	183	189	172	178	165	178	197	175	189	133	150	172	159	160	109	99.9	102	66.6	97.5	149	93.7	101	99.8	109	133	120	99.2	102	88.3	111	94.6	81.3	76.7	103	105	104	63.7	66	50.6	28	32	20.8	14	9.89	8.37	14.1	18.4	17.6	23.4	39.5	50	60	75.8	110	119	111	107	68.5	81	126	92.8	62.8	55	37.6	46.6	24.9	17.1	11.5	14.3	23.7	21.7	23.3	33.4	22.8	16.3	18.2	14.2	10.5
239	274	273	285	268	301	276	255	226	245	287	262	266	278	265	258	322	319	340	311	285	269	345	285	237	224	194	215	176	172	143	172	308	184	143	112	92.7	204	179	178	220	199	176	178	178	188	207	179	167	133	167	131	121	129	108	121	142	101	144	109	125	106	121	107	121	160	134	115	80.1	113	137	96.4	85.2	91.2	119	123	134	122	86.1	76.6	51	28.9	31.8	24.4	19.2	21.7	22.7	18.5	18.1	33.9	43.9	60.3	52.3	54.4	77.6	148	194	190	147	144	108	130	120	60.5	66.8	73.5	66.2	51.4	29.1	18.7	12.6	30.9	25.1	25.6	33.3	27.6	20.5	17	19.9	25.1
226	191	226	183	165	176	188	179	246	239	202	233	296	317	262	233	269	291	314	278	286	294	275	255	212	235	202	186	159	113	125	117	183	159	133	123	112	135	114	191	189	187	215	218	217	197	180	164	172	171	164	145	126	124	149	115	114	143	163	86.8	88.6	117	146	124	138	143	169	130	111	98.6	91.6	84.6	78.4	93.9	80.7	92.2	91.4	98.7	103	80.1	63.1	45.8	49	43.6	37.6	43.8	47.4	32.8	35.5	69.5	103	78.2	56.7	52.8	86.6	129	161	197	174	174	147	137	114	83.5	90	101	101	112	33.5	26.2	44	33.7	27.6	25.4	37.2	47	32.1	26.5	22.1	21.5
163	155	153	152	171	176	173	174	180	200	196	254	291	299	265	250	250	284	263	291	295	302	242	228	221	253	205	159	149	151	139	108	165	175	227	173	109	108	110	188	200	259	254	288	256	205	159	165	156	176	168	160	136	150	149	112	98.4	132	165	127	130	111	109	120	134	125	124	113	81.7	72	64.2	91.9	91.7	76.4	82.5	85.5	109	104	98.6	124	106	100	76.6	71.2	62.1	65.8	49.7	47.1	50.8	61.2	84.6	73.3	85.4	99.6	153	153	197	256	251	190	163	125	125	89.7	85.2	89.2	92.9	119	74.6	60.3	48.2	46.3	47.8	51.9	71.3	67.9	45.9	53.2	41	38.6
181	160	136	139	171	142	182	223	205	167	192	322	327	261	268	263	224	226	230	300	299	261	268	222	257	235	226	202	205	192	140	142	119	120	193	131	89.9	89.4	129	169	197	223	236	191	198	234	174	158	163	172	210	238	177	160	160	86.7	118	121	156	142	107	101	104	135	201	139	111	106	83.4	109	80.7	95	112	90	103	108	107	99.3	82.9	102	90.3	77.1	91	95.9	82.7	82.8	77.4	76.5	92.7	83.4	72.1	55.6	70	95.9	108	156	179	211	226	226	187	151	149	132	89.5	93.1	84.2	96.9	162	72.6	53.9	87.6	97.5	99.9	96.4	67.3	58.5	77	75.7	70.8
200	159	133	123	166	134	137	178	219	154	201	293	288	264	202	227	211	197	195	240	259	249	277	226	235	225	213	195	240	200	210	177	129	148	114	97.7	101	81.6	112	159	192	220	205	209	232	203	181	182	188	213	223	231	216	182	165	104	112	101	108	99.2	117	98.8	92.7	80.6	101	85.7	95.6	103	97.9	145	85.8	150	127	88.3	95	85.6	69.3	73.7	68.4	103	77.4	74.7	66.2	91	89.5	96	82.2	93.6	78.9	78.4	93	64.5	52.9	71.3	101	142	149	171	200	203	183	196	161	174	124	113	126	137	147	91.9	64.3	93	100	76	79.4	67.7	75.2	85.4	164	152
154	161	128	121	129	139	151	215	234	199	254	245	259	212	195	172	164	180	186	216	222	179	178	172	161	171	209	215	170	153	156	153	151	118	101	87.2	78.9	76.5	106	142	189	162	205	234	228	193	217	184	233	197	202	233	239	241	205	115	101	109	116	104	190	140	91.1	64.2	75.1	88.4	90.7	116	96.4	135	156	183	112	71.9	97.3	96.3	72.5	85.7	69.3	58.5	78.4	103	102	92.7	82.6	94.1	95.5	83.2	65.3	79.6	79.1	68	73.7	97.6	111	109	104	138	177	158	159	139	143	173	129	113	115	139	130	143	112	85.8	66.3	93.1	107	82.9	99	140	271	188
147	159	156	156	119	128	185	284	257	216	254	227	212	196	184	167	175	166	194	244	221	226	181	187	166	151	196	158	140	140	179	193	150	134	126	120	103	105	103	149	192	159	253	253	259	224	199	197	215	234	207	219	219	254	227	123	124	183	105	124	127	120	107	68.5	57.4	93.2	136	153	142	128	136	179	123	103	114	115	82.7	123	90.1	60.4	74.7	112	118	83.6	80.4	91.2	126	87.4	82.5	114	93.3	118	121	172	204	133	113	176	185	199	214	178	153	188	159	129	109	111	142	175	150	130	102	155	120	84.1	106	177	306	211
143	170	176	171	189	172	188	219	185	202	249	232	199	163	173	207	185	163	199	294	270	178	216	195	145	159	154	135	112	118	139	127	145	160	138	171	152	151	114	132	157	169	254	310	258	221	216	247	298	259	232	206	225	244	192	127	118	102	98.7	118	141	139	99.7	128	161	122	120	155	148	153	173	172	144	109	115	115	86.3	98.9	109	95	101	144	125	116	120	117	91.9	106	136	164	196	144	131	179	170	135	104	136	166	187	186	201	191	212	190	165	145	151	141	166	159	146	150	103	108	109	119	161	261	172
200	177	135	158	147	190	209	247	190	201	206	194	188	194	168	193	209	196	179	258	253	197	191	140	149	142	144	115	131	149	148	140	123	123	132	148	143	136	124	109	175	153	196	271	252	219	247	278	307	268	233	224	250	359	235	177	159	136	120	122	118	150	144	137	101	89.2	110	135	121	115	154	145	138	128	111	170	110	125	136	121	123	116	157	175	155	145	112	98.7	137	150	173	154	153	139	142	149	134	110	133	159	153	181	206	260	238	232	211	219	194	193	194	131	135	136	161	145	118	178	200	155
165	163	140	135	130	126	160	169	175	155	196	174	159	165	163	180	186	178	179	206	242	259	218	169	156	142	141	146	199	230	209	126	108	127	125	115	114	135	114	113	141	145	158	212	193	215	348	309	264	250	201	188	247	399	222	180	178	211	225	190	178	186	185	156	143	118	137	162	154	124	102	117	151	182	175	142	126	149	183	198	155	114	183	135	114	142	131	116	90.2	136	133	153	183	145	147	123	137	127	127	131	149	151	178	221	236	261	213	243	230	182	169	169	187	169	153	143	116	132	191	197
145	132	146	120	109	104	143	142	154	138	173	150	150	132	125	172	202	183	199	221	232	247	251	231	202	159	160	149	200	160	170	133	119	137	129	139	147	152	148	163	137	127	136	172	228	175	178	201	191	221	233	199	238	306	254	175	207	226	261	187	222	227	185	189	224	165	152	222	174	144	126	134	146	181	168	156	166	122	158	155	132	172	168	126	88.8	120	127	99.6	103	138	173	140	129	138	110	115	129	136	165	163	162	140	154	212	244	269	260	280	260	227	258	229	185	192	140	136	119	98.1	132	134
125	169	138	131	128	101	134	174	146	142	174	150	161	131	130	156	168	178	182	231	254	243	233	214	219	172	164	131	135	142	127	121	174	148	122	143	151	161	169	181	154	143	186	143	208	221	182	204	180	241	215	230	257	225	201	172	223	268	235	189	199	245	185	221	179	159	194	193	214	164	152	137	186	178	212	171	157	164	161	130	152	155	146	108	110	99.1	122	86.8	87.6	124	138	141	146	123	115	126	144	133	144	186	194	182	171	230	217	208	213	244	229	215	187	175	155	201	162	157	137	112	100	113
139	111	115	143	159	143	165	141	130	115	114	145	153	142	139	129	141	142	145	210	282	225	185	154	201	221	187	130	143	144	151	125	169	119	114	126	128	147	176	126	126	134	232	149	167	181	192	203	171	152	163	155	163	165	238	170	173	189	181	157	164	210	157	170	135	125	165	184	212	181	161	133	128	142	221	222	133	129	139	96.6	133	148	149	112	109	92.9	109	86.1	108	103	103	129	121	123	150	136	156	131	117	142	174	161	167	199	229	203	218	211	250	227	188	132	152	180	147	153	181	134	118	114
122	118	119	121	130	133	144	126	123	107	95.7	134	164	135	132	149	126	139	112	186	192	190	162	225	255	222	193	116	124	110	119	97.8	90.4	87	99.4	110	112	135	111	125	129	127	153	151	200	270	250	213	210	155	140	104	116	135	143	168	167	147	166	181	188	177	154	182	143	135	196	230	201	179	134	102	157	181	180	161	117	105	118	83	80.4	111	121	109	112	103	119	154	117	130	172	170	153	161	145	126	139	132	115	125	110	114	135	144	194	178	196	159	158	144	132	131	133	136	132	159	161	141	144	117
119	128	125	97.1	128	137	154	109	122	114	96.5	104	113	200	164	172	127	140	94	152	159	161	135	178	204	195	184	97.1	131	144	124	114	68.8	71.4	109	111	119	132	120	118	117	122	163	184	255	306	392	347	175	244	145	109	122	131	166	189	146	148	142	210	185	232	214	213	190	177	204	264	207	202	157	97.5	141	181	160	150	135	120	156	121	105	101	105	132	119	126	129	145	123	139	150	137	156	159	160	123	136	124	111	104	127	152	138	133	143	165	159	149	141	162	178	162	154	169	181	191	143	137	108	127
133	126	129	94	126	136	140	91.7	121	115	127	109	111	157	158	174	118	119	97.9	135	161	157	148	174	197	210	181	107	112	132	159	124	89.8	142	178	132	134	152	133	149	167	157	170	160	193	206	285	283	215	303	264	206	170	145	138	150	140	114	140	183	234	199	216	218	191	160	191	245	322	341	233	141	148	164	146	164	238	165	140	124	136	121	133	156	110	132	127	152	160	150	203	184	194	205	200	123	150	135	149	112	118	141	128	127	145	140	162	178	170	209	215	185	206	172	145	174	159	142	121	142
120	121	104	82.4	105	153	153	78.9	96.4	111	123	128	115	114	119	160	139	121	94.4	156	186	198	151	150	186	188	184	106	99	94.8	132	84.2	97.5	124	102	106	143	134	171	168	236	223	210	287	179	225	302	300	209	281	215	127	150	117	114	100	129	129	149	188	230	231	231	269	192	172	174	232	278	267	209	184	178	154	151	185	184	173	153	125	105	99.4	175	157	152	154	158	172	166	168	201	244	255	189	175	145	167	184	174	130	144	149	143	141	156	125	152	184	200	213	229	206	181	178	155	179	196	182	167	163
100	90.9	98.7	93.8	74.1	93.6	97.6	99.6	103	114	143	134	110	129	166	171	138	113	114	121	157	198	126	123	144	166	190	131	112	114	113	78.7	77.8	107	115	126	143	148	154	179	192	198	247	221	317	293	262	259	275	187	229	140	145	131	141	150	122	109	120	165	170	186	192	236	176	155	175	248	251	199	231	252	246	238	216	200	179	216	182	164	140	110	134	165	174	208	234	214	195	204	227	241	288	271	275	212	209	268	227	181	192	155	165	183	187	161	171	156	188	206	223	218	177	169	155	199	183	147	138	124
79.3	86.1	103	96.4	99.6	106	108	138	151	139	134	136	88.5	85.5	88.3	107	118	122	158	172	138	150	168	158	142	143	165	132	141	136	123	69.7	71.3	95	142	138	139	130	150	206	188	189	243	221	203	197	197	197	218	267	198	162	154	160	160	190	178	143	131	138	158	168	186	174	181	216	195	225	215	217	213	252	256	224	233	183	177	192	199	191	162	134	155	162	180	189	206	209	223	209	214	231	299	298	288	234	187	240	235	191	220	179	183	237	228	228	205	183	211	196	168	165	163	155	183	214	185	165	143	180
64.6	60.9	79	75.4	76	87.3	89.4	140	176	159	132	94.5	110	83.9	95.4	116	115	96.2	104	129	151	152	162	162	150	158	161	141	162	131	127	100	98.7	107	181	209	145	140	153	197	190	194	248	266	246	197	194	195	181	174	177	133	148	157	159	178	165	115	112	143	147	162	162	170	179	186	158	189	197	198	184	188	234	228	209	152	180	195	202	192	148	129	145	161	170	140	182	189	213	221	239	208	213	258	274	203	183	219	217	219	190	189	189	228	203	269	256	237	227	190	177	160	170	161	183	176	155	177	154	189
78.5	66.8	54	54.7	61.7	102	78.6	105	128	124	133	150	116	110	119	126	89.7	112	84.2	123	127	106	139	135	136	173	219	164	158	164	132	116	127	109	178	183	146	148	147	171	188	235	233	241	230	213	196	169	164	174	182	156	123	176	175	128	162	154	99.4	138	170	179	182	138	158	184	191	184	211	222	183	160	164	176	199	173	160	148	158	159	119	103	95.3	128	154	161	167	165	181	231	248	273	176	206	242	208	232	217	248	194	168	194	248	208	185	266	271	210	249	167	174	186	183	156	131	143	143	155	134	160
119	88	68.2	72.2	81.2	86.6	77.7	69.5	82.9	90.7	88.3	98.3	98.3	103	95.1	97.8	92.4	90.3	96.6	121	117	115	129	128	160	183	207	243	167	149	162	143	160	144	172	172	143	121	145	162	182	153	197	180	190	210	189	173	213	291	198	160	139	170	183	147	159	125	139	145	198	169	183	139	162	197	213	214	191	165	165	155	131	146	161	172	170	137	130	194	118	103	111	155	183	189	184	188	198	211	274	284	225	207	249	255	273	271	242	235	207	200	244	198	180	235	237	251	251	188	222	196	196	178	158	182	173	190	168	174
108	94	95.3	87.7	75.6	68.1	84	78.6	64.1	75.9	77.3	89.9	113	86.3	61.5	83.7	98.6	90.1	97.2	117	113	109	138	151	147	200	195	165	167	173	234	164	151	149	155	169	166	157	156	148	157	163	212	183	177	188	189	189	217	251	181	138	138	158	181	181	196	182	156	154	165	156	182	172	178	189	231	279	205	180	191	190	161	152	141	209	216	191	202	201	128	141	158	238	237	223	243	254	205	234	265	266	210	311	282	223	196	213	230	215	234	184	244	211	175	216	282	288	233	228	231	200	212	211	197	182	176	178	167	170
115	122	109	113	88.9	63.7	77.6	75.6	66.9	78.1	87.4	87.6	78.8	79.4	59.2	66.3	71.9	116	125	142	133	122	125	156	216	208	173	131	149	164	235	210	156	161	164	160	207	204	150	133	130	141	169	155	155	168	186	204	230	197	152	127	154	108	131	153	157	133	147	180	151	139	224	222	209	191	173	190	207	172	219	176	173	191	160	134	149	198	274	226	148	176	191	255	301	305	261	225	208	241	272	249	232	258	224	228	211	223	241	209	190	193	214	211	190	179	279	274	261	274	257	232	256	234	232	221	198	147	158	174
104	112	101	99.3	90.9	83	91.1	98.6	91.4	85.6	102	89.2	73	84.3	57.4	72.5	77.7	165	168	158	152	144	151	144	189	162	151	134	147	148	139	158	175	228	193	194	201	148	153	160	150	149	159	170	177	194	178	231	240	199	187	163	110	95.9	150	137	155	110	158	158	139	103	133	153	151	199	189	164	197	166	135	189	197	228	210	192	179	210	225	175	146	216	230	262	289	266	199	260	270	277	303	336	268	211	233	342	225	240	296	225	205	199	198	195	157	180	226	273	251	255	242	299	227	221	230	215	219	183	178	186
101	89.9	109	94.9	83.9	77	82.5	68.3	64	60.1	81.1	72.7	73.6	85.6	69.3	94.3	121	151	134	149	147	175	154	131	154	151	143	155	139	152	171	171	194	234	228	226	175	155	180	151	141	193	154	165	193	178	186	197	213	192	208	205	151	130	155	176	181	107	127	147	110	92.1	126	231	250	188	140	131	161	169	139	177	160	192	226	203	168	167	158	205	195	240	224	224	194	182	169	219	230	201	246	279	247	280	300	301	279	254	242	205	188	189	185	172	197	164	253	310	281	276	271	296	265	238	225	205	240	227	212	204
114	94.8	107	97.3	106	112	107	72.2	67.2	63	80.4	89.6	112	134	121	123	132	153	157	160	175	153	139	124	154	151	130	132	136	144	179	167	190	208	188	170	159	142	224	132	161	181	161	148	227	186	176	192	210	181	208	241	198	156	146	177	207	129	155	142	113	120	144	195	205	192	156	152	164	157	142	123	143	192	200	203	159	155	140	192	243	284	266	221	160	178	186	208	199	189	211	284	261	271	318	272	247	224	211	195	170	173	195	212	214	186	213	267	302	304	283	275	255	224	205	206	217	174	211	178
80.8	119	136	96.5	115	127	110	78.7	78	81.9	92.8	134	170	164	127	125	151	156	165	176	127	122	128	154	163	178	135	142	135	134	162	166	148	175	175	135	152	156	214	158	200	199	183	130	166	195	185	207	192	216	220	220	204	143	126	102	143	156	187	151	170	154	107	130	219	242	176	174	157	142	158	148	138	193	200	189	191	124	126	198	268	239	275	212	185	189	197	240	261	208	256	280	223	204	242	257	231	260	252	202	168	166	194	229	255	186	211	249	292	277	240	250	250	228	229	278	281	244	222	192
65.5	93.7	163	176	145	148	95.7	74.1	98.3	114	134	164	212	162	108	115	125	137	153	149	113	100	109	148	162	149	152	197	132	164	202	148	142	152	162	144	154	174	189	143	156	183	167	179	166	157	188	205	200	211	255	226	187	161	153	136	151	151	199	129	157	166	137	138	158	226	273	197	156	160	163	162	161	157	167	164	116	138	157	223	223	191	214	210	201	261	277	302	323	245	213	219	216	233	193	194	210	211	217	181	199	191	197	229	234	174	186	263	316	298	225	248	287	287	248	237	241	236	212	197
63.1	75	131	161	158	103	91.1	70.8	89.4	136	146	136	149	108	87.2	107	107	112	134	156	110	111	101	101	115	101	96	96.9	139	144	152	114	145	161	155	167	157	153	167	138	144	135	119	136	148	153	216	258	243	245	248	243	232	183	172	171	181	149	163	189	172	154	137	143	162	195	207	190	170	152	175	176	125	112	129	148	191	161	159	173	198	174	185	184	163	221	186	209	212	189	192	212	190	192	178	168	166	173	169	160	154	163	186	213	229	224	192	245	255	264	221	243	271	279	244	208	217	208	226	240
83.6	79.7	97.9	136	84.2	59.7	68.2	86.7	113	126	131	122	114	112	100	138	126	110	127	161	136	121	112	89.1	73.6	70.3	124	147	144	127	135	168	170	172	151	148	131	141	163	130	132	129	136	144	167	196	257	271	222	218	219	216	201	173	175	191	213	183	190	168	190	136	158	159	141	177	212	201	187	152	155	169	137	129	157	177	162	167	144	173	188	173	214	183	205	225	193	192	187	199	183	167	185	173	167	155	169	193	199	182	173	160	169	190	238	255	219	273	257	242	212	204	267	268	230	226	226	211	246	238
83.9	77.9	87.3	86.1	69.7	63.9	73.4	77.3	150	126	131	128	108	116	141	148	107	102	105	148	140	131	120	98.2	61.8	61.5	79.9	66.2	78.9	123	137	180	167	176	146	147	144	139	151	140	127	134	145	149	149	168	199	224	156	207	217	226	198	198	204	199	181	151	162	183	158	136	135	134	145	149	230	193	188	152	168	174	167	154	142	199	177	197	145	162	180	144	195	184	194	208	184	174	171	184	185	165	163	171	152	138	156	177	229	187	161	153	141	168	192	235	229	272	292	280	235	227	214	268	227	236	217	232	237	228
56.4	70.3	81.2	90.9	71.3	70.3	55.5	59.1	90.4	85.6	128	132	119	131	148	147	130	120	103	131	127	124	112	99.8	63.7	72.5	69.4	66.9	85.9	126	142	126	152	175	177	147	157	171	155	155	147	124	142	166	148	155	206	245	190	229	252	217	194	207	213	188	177	163	169	166	145	118	146	186	141	158	207	223	203	166	177	167	204	226	175	175	174	157	138	116	143	128	159	195	234	206	159	175	158	175	189	130	134	142	134	150	157	165	192	160	152	141	161	196	250	285	250	279	292	275	294	268	246	233	248	258	240	247	247	228
39.3	46.4	56.2	67.4	59.2	50.8	30.9	29	42.7	83.4	130	142	122	140	159	153	134	112	103	108	108	115	98.5	81.3	74.1	94.9	101	85.2	98.8	110	119	106	119	136	150	136	126	138	143	161	173	120	135	193	180	151	165	202	156	207	196	166	168	187	203	200	192	148	157	168	171	144	116	143	140	148	162	207	211	172	174	165	199	212	190	148	141	153	131	123	115	126	130	150	161	183	190	162	155	163	168	132	111	130	135	203	195	200	161	160	157	168	269	261	251	262	225	238	257	257	241	264	250	258	246	272	237	259	214	226
29.1	33.4	31.1	47.5	48.5	29.8	27.5	26.7	31.3	60	115	157	180	186	159	160	152	127	101	102	110	89.4	79.4	82.5	146	104	90.3	86.7	92.9	95.2	116	111	106	116	118	130	123	122	123	123	143	140	120	143	135	138	170	164	176	193	212	215	202	167	160	197	219	162	174	171	161	127	114	104	144	192	166	193	225	205	165	179	176	179	150	153	175	177	188	157	143	160	151	162	149	170	184	156	146	146	151	119	114	129	124	156	151	142	163	168	237	210	243	285	248	243	221	236	240	234	243	248	276	266	288	292	329	294	211	229
33.9	29.4	27.5	22.3	28.3	28.5	33.8	30.4	27.9	56.7	78	98.1	99.2	127	114	140	143	141	157	144	138	116	92	83.7	109	127	105	90.5	87.2	93.6	133	121	111	129	117	130	128	138	130	98.6	130	145	124	195	149	122	137	170	234	177	194	175	159	146	145	221	185	197	183	174	139	140	130	121	121	160	132	137	164	152	161	174	162	174	157	157	166	164	189	174	167	208	198	190	176	168	175	156	161	147	142	127	142	116	116	138	141	174	178	174	215	242	235	268	244	239	233	254	261	255	254	264	277	233	231	247	268	260	254	256
36.5	43.1	39.2	37.5	37.9	38.5	34.1	32.3	40.6	55.4	64.7	79.5	67.3	82.9	77.2	117	127	124	130	160	175	133	114	129	106	111	114	80.3	85.5	100	156	129	120	139	129	128	141	152	127	115	127	164	171	155	129	142	98.9	132	162	164	168	165	127	127	136	181	212	199	214	150	141	168	121	134	124	121	127	166	151	149	164	159	145	161	167	155	172	176	180	172	175	220	225	205	188	188	158	148	167	159	142	131	159	145	135	159	143	164	156	194	182	205	258	258	225	259	265	270	281	237	240	247	228	199	200	190	222	234	243	284
17.3	19.9	32.2	36.3	27	29.2	31.9	46.4	50.5	48.8	53.9	66.1	64.8	69.7	62.4	72.2	85.6	101	108	145	127	96.9	124	102	99.2	106	97.1	81.9	87.5	101	119	122	142	163	173	170	162	165	154	129	98.7	145	136	106	113	112	105	98.6	101	106	145	163	196	151	132	123	163	130	152	128	110	114	120	148	131	155	188	216	207	173	190	178	164	178	157	146	147	162	174	179	215	216	192	181	165	181	150	157	168	186	137	153	176	193	183	198	172	185	198	203	200	201	262	281	247	226	181	201	248	219	199	199	220	204	184	209	207	216	237	252
14.5	13.5	14.4	17	21.8	22.9	22.4	28.9	40.8	40.9	46.3	60.3	59.9	67.7	61.5	68.7	63.7	74.5	92	91.7	82	88.8	115	73.3	79.5	76.1	82.4	107	99.2	102	121	114	142	179	174	127	97.9	163	157	113	93.6	153	149	124	133	138	94.8	112	85	87.4	109	140	189	171	196	122	112	130	138	124	98.4	115	149	190	161	194	233	197	191	171	185	169	212	206	178	146	150	156	151	150	200	210	167	160	153	171	197	149	156	170	155	130	137	147	144	170	167	192	265	304	282	237	241	317	241	215	147	208	251	246	197	193	199	208	210	229	206	235	246	274
9.49	10	10.5	19.6	25.8	25.8	18.1	24.6	33.8	32.6	36.9	46.2	47.1	51.4	70.3	67.9	63	71.4	83.9	71	75.4	85.7	118	77	82.8	88.7	85.5	114	110	101	115	115	115	140	141	91.4	84.1	85.5	94.5	88.9	112	164	142	122	108	137	119	118	103	85.9	87.8	114	161	186	157	113	102	93.4	128	116	128	143	164	200	179	200	273	288	171	170	188	163	183	178	158	168	136	149	164	170	173	176	153	144	167	176	177	135	140	143	144	138	139	143	128	140	175	203	290	321	323	277	274	264	229	226	212	232	186	212	202	173	165	182	210	226	212	238	261	277
17.8	16.6	14.5	21.5	17.3	17.8	17.7	23.9	22.2	32.1	42	46	49	53.1	55.3	65.4	69.4	64.8	70.2	75.5	114	89.5	114	108	86	94.6	107	91.9	105	123	109	112	111	110	102	61.3	77.3	77.5	64.7	57.8	68.7	80.6	111	131	137	144	145	139	117	101	92.3	95.1	107	111	112	94.7	74.4	97.2	88.9	117	163	144	136	137	185	211	230	213	176	135	139	141	133	135	133	109	123	142	167	168	202	169	136	149	155	156	160	142	150	134	136	117	134	153	143	159	178	215	229	267	288	295	318	287	294	270	249	201	172	193	204	188	159	190	193	212	214	236	282	281
8.78	11.3	17.6	10.8	9.91	14.8	12.9	16.7	21.6	35.7	44.3	47.7	53.4	68.4	70.5	76.6	62.8	66.7	64.1	47.1	82.5	114	114	105	91.9	99.3	115	91.4	110	157	138	122	117	127	102	64.4	84.8	71.6	65.3	60.1	79.6	96.2	108	125	183	135	131	139	119	109	85.7	90.1	110	83	146	116	85	96.3	72.5	148	168	170	200	200	164	150	126	123	115	110	116	133	132	133	129	138	149	205	151	153	166	167	170	143	126	135	163	143	141	142	151	155	150	168	180	188	229	231	247	265	282	305	274	250	237	201	205	182	181	174	213	214	177	178	189	239	226	242	238	241
3.75	5.53	4.77	7.68	18	15.2	17.4	16.6	26.1	30.5	41.8	54.2	61.5	65.3	75.8	81.1	66.7	60.7	58.5	43.7	40	101	135	101	80.4	73.3	88.8	78.7	91.7	117	129	122	117	116	114	96.9	61.2	57	71.6	84.2	94.6	118	148	163	179	146	124	104	102	101	85.1	84.9	54.1	52.5	110	117	139	92.2	70	100	102	155	201	202	137	139	110	128	125	113	133	126	119	200	195	164	165	167	158	138	146	155	169	148	119	136	151	145	132	139	152	175	179	180	189	206	242	226	222	241	239	273	240	239	206	205	187	159	183	169	215	219	192	156	209	217	219	231	202	230
2.35	2.16	2.56	4.67	13.1	6.47	8.8	15	20.5	28.4	37.5	50.5	53.4	56.8	64.1	77.7	66.8	59.4	48.8	39	59.7	81.2	146	104	86.4	79	92.5	84.3	81.4	85.5	80.7	89.3	99.9	103	91.6	70.5	66.2	68.7	87.3	94.2	91.6	101	122	108	115	105	89.3	70.4	63.9	61.7	64.5	75.4	54.4	67.7	74.3	86	119	83.4	80.4	119	102	172	211	163	106	108	139	241	143	113	115	126	139	140	141	167	163	173	171	152	166	146	142	140	130	127	144	136	147	157	174	205	184	177	182	199	220	223	202	213	219	199	210	201	193	174	186	187	156	169	184	188	192	208	211	225	212	236	211	225
1.88	1.43	1.58	3.32	3.63	5.8	8	11.4	14	21.6	29.3	43.1	44.5	56.9	60.6	75.2	57	53.6	41.5	25.5	63	85.2	124	164	105	85.4	81.6	68.5	67.7	72.8	70	76.3	89.9	90.4	88.8	71.6	84.9	75.3	92.4	106	112	118	106	116	121	105	69.7	48.4	53.7	61.3	63.4	84.4	63.4	56	74.2	75.5	147	109	163	110	136	183	213	143	105	98.3	124	147	131	118	107	117	126	129	145	154	154	178	183	173	159	161	149	131	119	107	130	134	129	154	170	183	172	175	163	182	213	206	206	204	205	197	186	171	179	167	189	169	164	153	163	160	160	177	202	224	241	244	226	234
0.332	5.03	4.41	1.36	1.34	1.6	2.41	3.99	5.66	7.31	11.7	24.9	24.2	31.2	47.3	75.7	60	39.6	23.3	34.5	28.7	46.8	55.3	114	116	110	92.8	72.8	63.3	60.6	58	59.8	101	90.1	64.2	74.4	118	121	90.5	100	101	134	123	143	162	127	98.6	61.4	45.1	54.2	66.3	86.4	66.5	86.3	57.3	67.3	113	128	163	146	173	223	191	130	128	91.8	73.4	129	127	114	114	133	119	137	158	161	179	217	193	164	151	150	176	145	125	109	125	159	157	150	155	184	180	194	174	171	192	234	211	192	196	183	183	179	183	173	163	194	173	193	181	188	212	191	211	269	273	260	255	218
0.154	1.08	0.317	1.73	1.7	0.964	1.47	2.26	2.93	5.06	10.5	20.2	24.6	24.8	35.9	62.7	62.4	43	20.5	25.7	29.1	27.5	44.8	52	68.8	77.3	80.6	84.2	88.9	78.6	115	79.9	73	76.8	79.6	114	140	115	93.3	123	158	156	158	135	130	130	128	70.4	61.4	44.8	39.7	66	67.5	92	90.3	129	144	119	129	135	151	172	183	131	133	99.8	71.8	97.7	108	118	113	141	122	147	200	188	216	212	181	157	128	127	145	150	147	115	123	147	171	191	160	187	211	210	204	199	200	212	220	226	190	187	174	167	171	168	183	181	185	167	189	215	201	209	223	285	290	272	263	255
0.0674	0.541	1.43	0.952	0.469	0.872	1.81	2.19	1.77	3.4	9.54	30.6	23.5	19.8	21	35.8	37.8	34.1	31.7	42.3	28.2	30.6	39.4	42.3	35.2	64.8	73.2	78.5	57.8	58.2	86.2	69.2	96.6	73.1	103	168	168	140	115	164	174	183	184	171	168	162	131	93.6	83	69.4	38	31.6	42.7	49.9	85	90.2	104	90.7	124	129	121	149	145	99.6	88.5	79	67.8	97.6	87.7	90.9	76.5	91.5	103	129	162	199	170	162	151	130	116	111	138	175	134	127	120	142	170	172	172	207	202	185	172	225	232	211	227	201	197	198	182	187	181	171	183	189	169	170	194	218	206	231	271	299	294	320	309	297
0.0821	0.21	13.1	1.3	0.466	0.641	0.757	3.33	1.42	2.58	4.54	8.7	15.1	15.4	16.2	18.6	23.6	74	35.3	31.9	28.9	36.6	39.7	35.5	37.7	82.6	60.8	47.9	35.6	41	51.2	61.2	76.7	130	113	236	180	179	166	195	230	257	227	190	204	212	182	115	85.5	100	61.4	42.5	27.7	46.3	43.1	46	61.9	71.7	73.7	84.2	120	139	122	84.6	74	81.2	73.1	85.3	80	98.4	68.6	81.7	93.5	106	122	142	149	160	141	135	128	145	149	164	159	140	127	148	198	150	181	209	168	186	179	196	217	216	210	201	202	172	170	168	187	180	211	188	165	163	193	223	248	214	270	294	284	309	316	318
0.0957	11.3	1.67	5.74	0.256	2.06	0.678	0.565	0.631	1.32	1.61	3.27	7.01	11.2	5.31	9.74	13	13.3	19.4	36.4	24.3	20.3	37.6	46.4	50.8	43.4	36	35.3	41.4	35.6	36.2	65	127	175	203	304	308	225	184	229	276	209	251	240	203	251	227	124	113	79.8	65.2	44.4	19	22.8	34.3	45.6	92.3	115	86.3	84.1	84.6	106	174	99.4	83.4	55.8	51.8	68.8	42.1	60.3	74.7	66.2	99.2	95.4	110	147	134	148	148	135	182	157	177	162	164	164	164	205	228	183	191	198	179	151	181	183	189	179	191	237	201	171	158	174	173	161	176	155	145	162	191	240	243	237	249	282	276	280	293	308
0.0592	1.35	4.35	2.41	2.11	0.309	1.81	0.442	0.381	1.58	2.55	1.45	1.83	8.71	2.47	4.94	6.58	8.29	14.2	28.4	23.8	31.1	28.7	39.8	47.1	36.5	27.1	34.5	27.3	27.9	30.1	45.1	102	116	194	268	296	282	281	211	219	166	236	234	193	131	137	105	86.8	136	141	65.9	44.4	29	20.3	27.6	78.3	102	103	83.2	68.9	93.8	92.2	83.8	63	58.5	50.2	46.8	44.4	37.3	79.3	76.9	104	152	167	158	139	155	137	134	143	180	161	174	173	195	194	201	216	168	161	150	167	137	163	158	149	151	166	184	185	200	199	168	184	169	177	151	133	139	155	201	202	196	218	277	299	298	315	340
0.0407	0.0574	5.47	4.04	5.15	0.446	0.311	0.326	0.256	0.508	1.31	1	0.503	0.624	0.955	2.33	2.58	3.44	6.05	29.8	38.9	30.4	16.5	18.9	22.6	29.1	33.6	27.5	28.8	21.9	43.6	55.2	96.7	69.6	80.2	118	158	196	284	235	159	179	185	143	135	150	121	103	80.6	138	144	78.5	60.6	67.9	43.3	41.9	82.3	94.5	121	115	97.6	85.5	76.6	65.6	60.9	63.1	53.2	57.5	61.7	46.6	60.6	86.3	98.8	148	162	119	128	179	189	154	153	154	167	173	184	205	271	217	225	182	157	142	150	161	157	168	151	147	159	193	183	191	202	195	199	188	195	146	128	135	135	181	197	224	234	285	306	317	334	318
0.0408	0.0665	0.0819	1.2	0.212	1.82	1.29	0.193	0.202	0.215	0.31	0.362	0.365	0.469	0.657	1.8	1.98	3.09	4.52	12.4	23.1	18.7	24.2	34.2	20.8	35.5	42.2	39.3	32.4	26	40.2	51.4	70.5	82.9	75.5	94	102	130	174	203	135	107	124	104	88.4	79.1	76.6	84.7	74.7	88.4	151	70.7	66.4	82.8	48.1	51.5	82.8	80	122	113	122	112	91.4	96.1	71.9	71.1	82.9	76.7	66.7	71.2	73.7	101	103	111	127	138	114	168	217	179	156	149	173	154	179	219	218	245	239	194	171	142	180	188	175	153	150	156	165	166	181	170	181	187	171	156	167	134	137	152	154	181	179	194	230	261	313	327	311	325
