208	211	206	228	179	189	214	189	196	219	236	244	264	297	379	321	339	325	349	229	267	220	256	245	239	250	243	215	219	209	176	193	240	202	189	198	193	223	256	277	330	390	422	350	392	343	372	326	296	289	258	267	229	204	177	183	181	189	206	202	165	171	236	186	151	179	203	210	167	155	130	117	100	89.6	95.5	88.4	90.1	80.4	86.1	84.7	70.9	60.3	71.3	55.2	42.2	43.2	37.2	22.5	30	20.5	15.4	19.7	44	30	33.8	6.66	2.19	1.53	3.84	3.51	6.21	15.4	27.5	7.5	5.88	6.81	7.8	9.42	7.08	8.25	9.96	8.52	8.64	9.21	12.1	18.1	17.7	27.7	39.9	104
257	278	277	257	234	219	223	205	241	284	266	287	288	301	341	402	322	222	194	186	221	199	194	246	251	267	276	266	291	309	327	295	294	274	262	181	199	253	281	341	313	350	364	301	291	262	280	232	224	207	202	192	183	176	154	115	132	136	164	165	183	177	161	109	93.5	129	189	194	165	155	112	106	100	96.5	94.8	110	110	97.9	94.1	123	108	86.5	75.4	66.6	49.1	55.7	49.3	31.8	24.8	20	16.7	9.27	8.82	9.06	11.7	14.6	14	8.55	10.8	5.13	8.55	19.6	13.8	8.52	9.33	11.3	13.5	21.5	13.8	11.1	9.06	4.53	3.57	6.69	9.45	21.9	18.6	37.6	62.3	93.1
273	299	320	292	248	232	234	183	221	268	259	267	315	337	375	335	233	184	159	165	202	214	191	223	201	206	243	299	314	320	319	290	324	269	232	144	154	201	232	267	256	276	294	257	280	233	225	203	209	223	213	201	178	158	138	92.1	111	119	124	136	159	146	130	100	89.8	116	163	156	145	152	125	105	93.4	97.9	89.4	103	98.4	82.2	75.5	112	104	79.2	77.9	61.3	62	49.4	52.4	36.7	21.1	19.8	16.5	7.41	6.99	6.39	12.6	13.1	11.8	7.5	9.42	4.8	7.65	8.94	8.97	11.3	8.85	10.4	13	11.9	10.2	8.22	5.97	6.96	4.08	12.6	7.2	15.3	15.1	30.9	30.2	52.7
313	338	337	327	278	256	258	176	200	248	252	241	243	295	320	240	190	169	145	150	178	166	186	202	182	193	220	312	335	302	317	352	300	270	220	138	133	182	261	212	232	233	266	254	242	232	217	204	192	196	212	230	174	147	134	103	99.7	105	107	136	122	122	108	126	119	165	220	169	151	149	108	115	98.6	114	93.5	90.4	85.4	81.9	71.3	105	95.4	67.9	72.8	64.9	63.4	49.7	44.1	23.4	18.5	18.9	14.5	7.59	5.07	4.77	5.37	4.14	6.3	6.99	10	4.65	5.19	5.61	6.81	7.71	9.93	10	12.9	9.87	7.32	5.7	3.96	7.59	2.04	3.84	1.17	9.66	11.1	17.8	30.7	35.1
345	347	341	327	293	275	278	184	205	273	227	246	248	279	281	210	170	163	155	137	145	147	167	198	186	197	219	352	308	297	322	387	274	258	223	132	158	164	191	189	186	198	236	218	213	188	183	183	164	162	157	178	176	154	160	118	126	115	109	148	149	134	133	150	145	183	164	134	121	130	91.8	111	114	99.9	99	91.8	97.5	94.9	86.8	104	92.7	68	62.8	64.8	54.9	49.6	44.1	21.6	16.7	14.8	13.2	2.97	2.82	3.27	3.48	3	5.55	6.6	7.77	4.68	4.8	5.52	6.18	7.29	7.62	9.78	10.9	6.51	4.74	3.57	2.97	1.89	1.56	6.48	0.78	5.19	7.38	16.3	16	17.1
352	362	344	269	225	223	224	268	293	309	286	232	206	184	173	185	161	148	139	202	212	201	223	262	234	246	305	332	282	251	279	262	183	155	149	90.7	102	106	118	148	105	95.2	118	144	150	113	109	154	153	166	170	181	180	179	159	135	140	130	128	146	162	100	83.6	108	108	128	119	84.3	94.2	77.1	74.1	95.8	83.8	78.1	82.8	126	150	122	124	86.5	94.6	70.3	67.2	93.7	59.4	44.2	37.5	17.9	13.4	13.9	12	5.76	7.38	7.56	6.93	2.76	2.94	5.16	4.8	3.3	3.3	3.81	4.32	7.05	6.45	6.6	6.27	4.35	2.85	1.53	1.11	1.05	1.83	1.8	1.56	1.17	1.92	2.85	3.99	11.7
330	330	329	247	216	224	222	270	311	262	258	183	165	163	162	156	142	124	118	214	208	215	282	281	250	250	327	313	271	262	309	204	156	142	129	83.6	87.8	97.7	113	128	122	79	90.2	125	117	103	92.2	142	141	151	152	150	159	164	152	134	133	128	148	159	85.2	80.6	72.4	93.7	92.8	134	152	111	84.1	77.6	79.5	87.9	76.1	69.3	85.4	116	114	119	134	80.9	73.1	63.2	57.1	82.9	52.3	43.9	34.4	18	13.1	12.3	11.8	10.1	9.75	19.3	11.1	5.7	1.71	1.5	4.71	1.65	2.22	4.56	3.42	4.08	4.47	4.59	4.08	1.2	0.66	0.42	0.3	1.26	0.78	1.38	1.8	0.99	4.86	4.2	4.23	3.96
316	323	307	215	220	227	222	246	295	269	263	156	135	132	145	152	141	117	117	187	210	249	305	338	293	293	351	308	348	341	359	218	160	139	126	87.6	70.3	84.8	106	74.4	57.7	50	66.5	91.5	95.6	94	88.1	132	135	161	151	134	143	149	156	144	151	140	157	211	89.9	124	75.2	96.7	159	163	123	96	84	87.7	86.7	104	93.7	76	74.1	110	109	128	115	74.5	72.6	57.4	61.3	61.7	42.9	39	35.1	15	13.8	12.7	11.3	8.59	12.3	15.6	12.5	14.6	1.8	1.56	0.99	0.36	1.44	2.82	2.55	1.89	4.14	3.93	2.04	0.3	2.49	1.56	0.09	0.36	0.78	1.38	1.5	1.2	0.75	0.75	1.02	2.64
310	303	303	215	244	232	259	281	329	268	262	170	140	164	158	149	128	135	140	240	239	258	299	340	282	305	330	319	378	363	306	219	193	152	139	75.9	70.6	80.4	68.7	49.7	49.9	46.5	47.2	102	91.2	90.4	86.1	128	129	152	155	134	142	132	147	127	123	138	125	101	94.4	116	98.2	96.6	126	99.8	110	90.9	86	74	79.7	79	78.3	70.6	75.5	109	109	110	116	79.1	84.3	70.1	58.8	51.5	47.8	44.4	36.2	14.9	13.2	13.8	12.2	5.49	5.49	7.29	7.05	2.73	1.8	1.74	0.75	0.36	0.48	0.51	3.42	2.58	2.52	0.36	0.48	0	2.13	0.3	0	0.69	0.36	0.93	1.62	1.26	1.05	0.75	0.75	2.49
212	186	159	163	168	210	248	233	221	198	218	156	214	151	154	126	119	126	159	233	223	208	226	196	165	196	209	258	264	245	208	178	155	107	111	148	82.9	66.9	58.1	53.4	45.8	60.3	67.5	140	137	106	122	122	124	145	146	112	113	142	162	124	105	101	101	89.1	95.5	162	118	152	161	137	149	152	152	111	121	96	74.2	81.6	69.9	80.1	86.9	88.9	88	69.3	99.9	99.9	97.8	56.8	65.2	66.5	47.3	17.4	28.7	11.8	14	10	11.9	9.1	9.1	2.16	1.17	0.72	0.33	0.78	0.66	0.69	0.69	0.33	0.06	0.03	3.15	0	2.49	0.09	0.09	4.2	4.5	4.5	10.4	10.6	11.2	4.44	4.02	3.27
186	176	166	167	189	144	168	157	158	163	217	173	271	174	163	121	117	135	155	219	194	170	203	174	146	167	209	276	253	225	224	144	149	120	122	125	83.3	72.7	60.3	60.1	70.5	68.2	70.3	112	104	95.6	103	117	115	117	132	107	109	143	150	127	108	100	105	94.2	124	121	108	159	204	191	202	141	127	105	115	81.3	80.4	85.7	67	78.2	82.5	78.8	74.6	61.7	78.2	95	101	67.6	66.9	39.9	28.7	37.1	30.6	11.7	9.4	8.95	8.96	8.97	9.1	1.77	0.87	0.66	0.15	0.39	0.39	1.05	2.22	0.27	2.1	0	2.1	0.18	0.24	0.06	0.81	2.94	3.66	3.93	4.35	5.31	4.77	4.47	4.14	3.27
151	168	195	179	233	150	185	108	117	186	190	196	204	156	164	131	110	120	142	207	182	184	207	166	145	157	203	233	232	200	184	121	118	106	115	112	87.7	65.8	57.1	58.7	74.6	85.8	77.3	107	89	92.6	94	105	110	109	127	108	111	151	139	111	99.4	116	121	108	153	99.6	103	134	186	178	194	141	121	118	105	88.3	87	80.7	71.3	80.5	85	75.3	70.8	63.8	71.8	78.2	91	65.2	60.9	45.8	40.8	23.5	16.4	12.6	10.9	9.27	8.92	8.36	9.05	1.32	0.87	0.48	0	2.01	0.54	2.28	2.28	0	0	0	0	0.12	3.3	0.09	0.42	2.64	3.06	3.57	3.81	5.55	4.8	3.57	4.38	5.85
183	191	225	204	230	214	203	123	120	156	152	220	311	210	202	152	116	115	145	186	171	164	160	175	157	205	210	212	179	274	196	120	119	111	113	110	92.7	71	91.6	87.2	73	64.7	70.1	108	104	103	93.9	101	106	106	116	109	108	137	119	97.4	103	104	102	106	134	112	111	152	180	148	175	121	113	136	118	94.3	78.4	79.1	70.1	75.7	76.6	73.2	80.4	73.4	77.4	63.4	82.1	70.1	63.2	47	30.9	22.8	16.4	13.7	16	9.29	8.89	8.48	8.65	1.08	0.78	0.12	0.03	1.5	1.95	2.04	2.28	0	0	0	0	0	0	0	0.09	2.58	2.49	3.21	6.99	4.2	3.93	3.57	3.18	2.82
149	154	161	187	160	154	176	113	115	157	190	220	218	220	206	165	128	102	76.9	68.2	66.4	69.6	66.5	110	123	148	129	116	88.5	90.9	112	140	151	166	134	114	91.5	96.2	114	137	123	90.7	106	135	118	123	124	136	116	106	100	98.1	92.7	114	91.1	84	92.3	101	94	83	83.9	97.2	129	176	187	160	163	153	129	118	93.8	80.5	68.8	71.9	69	89.1	83.2	79.4	121	96.9	46.8	44.3	79	68.3	85.9	62.1	47.7	37.6	39	18.4	17.2	23.7	6.39	6.28	8.09	1.5	1.53	1.57	3.31	2.97	0.96	0	1.23	0	0	0	0	0.75	0.75	0.75	0.75	3.03	4.62	3.72	3	4.62	3.39	2.31	2.31	5.28
139	178	248	255	206	178	190	121	142	143	223	187	187	182	182	136	109	68.6	58.7	65.5	63.7	59	66.3	111	119	131	123	145	96.9	79	91.9	165	145	147	134	109	105	104	121	120	98.3	92.4	119	196	115	120	131	178	127	112	98.2	110	97.2	101	89.3	83.4	91.3	87.4	94.1	112	78.6	95.2	106	171	159	198	211	150	128	110	95	81.4	77.9	69.6	87.4	92	84.9	82.6	107	129	45.5	43.7	63.9	68.2	59.5	72.9	71.1	50.9	29.9	33.9	27.9	19.9	6.85	6.37	6.84	1.84	1.84	1.73	4.04	0.24	1.8	0	0	0	0.09	0.09	0.42	0.63	0.75	0.78	0.75	2.52	2.34	2.04	2.28	1.98	0.96	0.96	1.53	4.92
173	171	193	237	210	240	221	165	170	187	238	194	228	184	158	137	86	65.8	58	73.3	70.6	73.7	76.2	138	156	140	144	145	101	109	93.3	125	112	111	124	109	104	115	136	151	113	122	135	153	143	146	155	149	118	112	110	129	112	142	106	99.6	96.5	101	106	136	70.5	62.4	96.7	136	147	185	230	151	120	106	103	99.5	73.7	65.4	78.7	96.1	87.6	85.1	103	109	68.7	70.6	88	82.5	65.6	68.8	77.8	50.6	47.1	35	30.5	14	6.49	6.42	6.83	5	2.22	1.95	2.45	0	0	0	0	0	0.09	0	0	0.81	0.81	0.93	0.93	2.01	2.04	1.17	0.84	0.96	0.33	3.45	2.04	3.69
238	216	198	198	219	283	272	204	192	230	300	210	175	136	147	142	113	86.6	67.3	105	96.9	96	110	178	165	193	168	126	107	107	102	110	105	115	121	131	107	115	128	135	150	159	193	188	177	156	165	124	111	110	123	159	128	124	156	149	116	103	123	105	80.9	74	85	133	140	180	218	191	143	119	103	101	70.3	78.1	82.9	95.8	95.4	89.2	103	88.7	81.4	105	120	103	71.6	68.7	72.1	61.3	104	42	25.2	7.64	7.14	7.04	8.11	2.02	3.63	2.41	2.61	0	0	0	0	0	0	0	0	0.81	0.81	0.81	1.29	1.98	1.71	1.17	0.84	0.96	0	0	0.21	0
205	165	172	199	209	215	316	162	137	130	148	137	110	90.3	93.6	101	107	87.6	72.4	140	162	153	177	184	183	170	174	108	103	107	107	92.9	77.5	97.3	173	192	127	118	121	177	188	203	223	185	159	142	130	96.8	98	94.9	91	163	114	101	173	112	110	128	201	144	146	141	134	183	162	182	211	150	139	75	83.3	116	43	41.8	42.2	75	74.7	81.3	103	129	133	149	215	95.5	101	70.6	103	116	77.4	43.2	42	9.62	13.2	5.96	7.82	12.9	14.9	15.7	15.2	0	0	0	0.6	0.09	0	0	0	0.15	0.12	0.15	0.24	0.18	0.18	0.18	0.18	2.07	2.07	1.86	1.35	0
168	158	197	222	217	270	386	171	144	154	152	150	125	113	125	145	101	83.7	84.4	145	146	157	180	174	162	145	132	126	118	126	113	89.2	94	122	171	164	136	149	149	171	192	177	223	161	140	135	130	98.3	105	94.9	104	123	110	97.4	163	216	110	108	146	144	208	170	150	179	159	176	195	176	121	137	116	72.1	52.9	27.4	40.8	76	68.7	86.3	92.9	146	123	157	199	92.3	92.9	103	147	123	65.6	34.1	43.5	11.9	9.47	10.3	8.21	16.5	19.2	20.9	18.7	0	0.18	0.18	1.02	0	0	0	0	0.12	0.12	0.12	0.12	0.18	0.18	0.18	0.18	2.07	2.07	2.07	1.86	0
217	215	209	230	241	260	298	162	139	152	208	154	136	165	239	205	123	107	118	164	145	158	185	186	151	133	135	147	138	126	125	101	95.4	109	150	184	168	174	177	184	187	179	216	155	130	144	131	106	107	155	169	157	117	105	135	145	121	131	144	197	243	201	140	155	159	188	148	145	109	106	112	84.3	48.6	23.9	23.6	68.2	84.2	88.5	111	154	123	190	239	60.5	54.2	92.1	102	86.9	59.5	32.6	26.3	8.42	6.16	10.9	9.86	19.2	28.6	24.8	25.3	1.65	5.16	1.35	4.89	0	0	0	0	0.12	0.12	0.12	0.12	0.18	0.18	0.18	0.18	5.43	2.07	1.98	1.86	0.06
239	254	240	275	265	234	265	138	140	165	243	192	192	249	279	239	177	155	135	157	154	170	184	168	163	146	146	156	152	177	150	109	99.3	104	116	183	145	173	185	200	187	203	204	155	144	139	164	140	144	165	239	133	105	104	103	78.3	84.6	70.2	152	177	183	140	148	168	148	151	133	163	124	146	96.6	59	24.8	21	23.1	72.9	77	96.1	117	136	121	139	161	80.4	87.8	80.2	84.9	74.4	38.8	28.2	23.7	7.91	9.32	13	15.6	27.7	31.5	28.2	28.9	0.27	0.18	0.69	0	0	0	0	1.71	0.12	0.12	0.12	0.12	0.18	0.18	0.18	3.51	8.16	2.13	1.92	2.31	2.61
220	254	237	247	189	172	193	254	171	177	187	137	120	173	179	163	141	212	145	142	120	111	114	118	124	139	138	125	156	187	156	92.8	81.9	89.9	102	131	105	101	100	122	131	144	153	158	166	162	180	155	152	202	236	145	151	146	157	114	106	75.8	81.7	113	121	110	113	94.7	66.1	90.3	66.8	136	141	129	121	79.7	85.3	95.9	87.7	117	95.8	90.6	94.5	61	57.9	65.4	52.8	65.9	125	60.8	57.1	28.6	21.1	16.9	25.3	22.5	31.6	49.9	61.6	61.7	60	71.3	44.7	31.7	31.8	36.6	38.2	53.4	57.6	61.2	61.1	46.9	43.6	42.4	42.5	0	3.57	0.03	1.62	3.18	0.18	0	0.84	3.18
196	190	223	200	183	153	170	196	180	157	183	142	127	149	158	166	148	156	144	145	132	113	113	128	120	143	139	122	125	139	130	88	97.1	99.9	97.9	135	114	81.9	75.7	112	119	129	146	147	143	145	158	140	148	171	164	140	141	173	173	118	117	144	118	98.3	97.4	110	142	106	63.6	74.4	70.8	136	195	151	141	121	115	150	90.6	100	99.9	86.5	87.4	55.7	50.7	51.5	49.1	70.8	81.5	71.8	46.7	30	30.9	30.3	30.7	53.7	48.2	62.9	95.4	69.3	62.5	85.5	49.9	33.7	32.7	34.7	37.8	54	59.4	60.5	59.3	46.7	43.1	42.5	42.5	0	3.57	0	0.6	0.18	0.3	0.18	1.74	0.72
186	194	254	205	186	168	183	177	174	182	190	143	136	133	175	188	190	170	170	160	140	120	145	145	115	133	146	112	121	138	144	97.9	110	111	118	141	129	107	81.4	107	115	119	139	152	140	144	177	146	147	140	147	152	136	138	156	139	139	178	163	102	81.8	119	120	88.9	50	64.2	77.8	133	128	124	163	143	109	191	134	113	97	97	93.2	72	74.3	40.7	44	70.5	86.6	38.6	33.8	41.6	44.5	44.7	48.9	79.3	91.4	130	169	115	96.5	99	81.5	41.5	37	37.5	40.8	56.6	60.5	61.5	59.7	43.7	42	39.8	36.2	0.12	0	0.69	0.03	0.18	0.27	0.27	0.24	0.84
199	228	239	228	188	167	184	186	208	207	223	124	128	132	180	225	191	187	194	216	191	151	182	195	131	149	138	114	103	114	134	144	123	128	123	147	134	115	104	113	110	112	132	136	139	152	158	131	125	152	174	168	182	171	204	201	163	179	168	108	92.6	131	103	68.8	57.1	37.8	47.5	106	101	110	98.5	143	143	164	139	144	116	112	106	84.7	84	47.9	36.6	40.8	59.7	38	55.6	43.7	44	48	71.2	104	197	134	168	138	108	138	103	62.7	48.8	47.3	49	63.7	67.1	63.2	60.1	43	40.7	37.5	33.7	0	0	0	0	0.18	0.18	0.18	0.18	1.68
180	206	215	208	178	150	136	140	157	156	160	124	140	165	174	262	215	222	241	255	253	239	251	192	170	194	181	126	116	112	140	128	106	104	108	202	174	128	125	100	95	96.7	111	126	112	113	117	111	118	129	150	128	129	129	135	115	100	92.9	94.7	87.9	90.8	126	80.4	51.8	61.7	72.9	68.7	80.3	80	101	82.6	132	142	150	173	131	96.6	97.4	81.8	79.9	60.9	58.4	60.8	34.4	31.8	46.7	52.5	44	45.9	57.1	69.3	85	118	106	138	94.7	113	120	128	98.3	85.5	117	94.6	89.2	90	85.5	78	69.5	61.4	54.3	44.5	28	21.4	8.2	7.08	6.14	4.24	2.52	2.52	0
180	185	205	168	158	154	155	125	121	154	130	123	146	150	132	225	192	193	217	220	237	247	225	158	150	163	165	137	130	115	125	126	107	87.8	101	176	164	105	98.5	107	110	112	123	135	116	108	108	109	117	121	138	108	112	154	126	110	97.2	110	114	119	194	145	77	60.7	54.2	58.1	86.4	147	67.2	113	74.1	116	133	133	139	132	108	102	67.5	77.5	66.6	57.2	53.6	32	31.3	41.4	63	69	68.3	76.6	112	92.6	91.5	119	136	98.9	123	117	100	111	131	117	101	100	102	93.7	89.6	90.8	68	58.3	46.7	25.8	17.9	10.8	9.96	6.21	4.23	2.52	3.31	5.15
169	183	236	156	149	135	193	148	115	173	129	127	167	177	136	196	180	189	275	210	209	239	229	156	144	151	155	154	147	121	118	98.1	89.7	80	83.3	136	129	80.2	70.9	95.7	107	127	122	130	118	98	112	115	120	121	144	117	103	115	117	107	104	126	105	127	143	104	85.2	75.3	83.3	60.1	87.5	93.1	78.6	84	68.1	100	102	109	131	116	105	92.2	64.9	68.3	61.8	57.4	56	36.3	60	72.7	59.3	63.1	72.3	68.7	64.9	56.2	90.8	123	132	91.9	106	123	173	162	134	178	132	107	100	94.5	88.1	97.5	78.9	75.8	54.5	25.7	19	11.8	8.84	5.01	4.31	2.46	2.81	4.82
177	189	223	155	147	145	155	111	105	141	121	135	145	175	140	184	182	188	216	249	242	259	245	174	148	145	157	153	163	133	129	113	105	100	91.1	120	117	101	88	93	103	116	127	144	117	113	126	140	127	128	153	129	110	132	130	137	125	115	106	165	175	88.5	90.4	103	103	73.5	92.4	105	88.6	85.6	83.8	101	108	107	118	103	96.9	80	65.6	63.6	62.3	61.1	60.5	38.6	62.7	35.1	37	54.4	68.7	61.2	50.2	71.8	88.1	98.4	113	82.7	109	131	131	154	126	133	128	124	101	88.2	84.1	127	91.1	85.4	53.2	29.2	20.5	13.7	10.3	4.98	3.36	2.45	2.92	0.324
169	175	203	161	146	144	137	113	107	143	123	120	114	135	141	191	223	231	300	271	331	313	268	170	133	129	140	127	137	151	169	124	116	111	101	133	123	113	107	104	100	112	121	114	113	109	149	112	114	125	112	160	176	218	199	139	136	124	137	169	156	99.9	102	114	117	73.8	87.1	97.9	138	66.5	68.3	79.3	85.3	82.5	84.4	86.9	91.5	84.2	84.1	74.4	72.1	68.4	84.1	63.3	56.5	55.1	54.1	62.5	71.5	71.9	78.1	97.1	118	133	142	93.8	100	105	108	119	115	140	152	99.9	81.3	69.6	65.7	95.8	86.6	96.3	68.7	38.8	30.2	21.5	15.2	6.7	4.34	2.99	2.38	3.98
161	180	190	168	136	124	117	102	104	110	105	107	106	121	157	166	213	224	239	258	227	233	258	175	146	127	113	121	136	150	155	128	122	102	100	141	114	123	109	115	115	122	141	105	89.9	105	112	102	111	132	128	174	158	186	217	138	123	121	132	164	127	88.6	118	94.5	85.8	70.6	58.8	79.8	82.6	88.7	74.8	79.7	83.8	80.1	79	90.5	89.6	91.7	89.2	80.8	77.5	76.6	90.7	73.2	63.9	65.5	59.8	64.9	81.8	86.8	88.4	94.8	91.1	130	142	114	101	80.6	80.9	107	110	157	181	110	96	93.9	60.6	90.2	84	74.7	67.5	42.9	37.7	25.6	16.2	8.44	6.01	4.08	2.62	5.3
164	151	160	134	119	108	107	94.1	101	83.4	80.7	125	128	136	120	143	230	183	214	255	236	218	207	149	136	108	114	138	149	150	152	124	110	98.5	100	153	116	113	127	125	142	129	120	98.4	101	107	115	96	108	118	122	157	154	149	193	124	123	121	121	154	121	83	80.8	90.3	90.4	70.7	69.8	97.5	145	86.6	77.8	83.7	84.6	86.6	82.6	95.2	101	109	93.9	99.1	87	82.9	95.6	77.9	86.6	87.1	67.2	69.7	73.8	72.8	81.4	106	131	112	139	125	124	77.7	77.1	120	135	170	189	103	112	108	63.1	84.1	73	65.4	61.2	53.1	51.6	33.4	22.4	8.18	10.5	4.86	3.39	7.63
143	143	139	129	120	107	124	102	88	124	88.5	125	123	123	108	135	155	169	192	277	278	251	245	154	150	153	145	171	162	154	140	122	107	104	107	153	151	123	115	115	128	134	127	92.9	97	104	115	101	106	111	130	161	160	165	173	123	123	122	134	141	89	80.9	94	98.5	105	92.7	84.4	105	96.2	91.3	89.1	92.5	89.3	84.3	83.9	104	108	97.6	105	114	101	92.5	116	85.9	81.9	97.5	88.5	73.2	80.9	79.2	77.3	91.5	125	110	101	107	100	98.2	90.2	159	166	178	163	90.7	85.9	73.7	59.1	74.3	78.3	67.7	66.9	57.2	45.2	43.3	28.3	9.89	13.8	5.98	43.9	9.39
146	123	123	130	128	127	132	130	127	119	112	154	173	159	166	159	160	168	192	178	167	164	161	138	158	154	140	156	129	114	117	112	111	113	107	106	139	117	95.1	115	113	121	117	99.9	100	108	134	106	110	104	111	123	126	143	129	102	104	110	155	139	94.9	87.7	99.5	99.3	95	104	103	103	95.4	97.1	133	99.3	97.9	89.5	82.1	100	92.7	96.2	100	98.3	86.8	89.7	107	70.3	90.3	97.2	73.3	66.6	78.2	75.4	102	107	96.1	102	93	79.1	74.8	102	139	179	175	153	141	73.1	46.1	38.1	28.8	50.6	43.7	56.3	65	71	63.3	75.1	60.5	31.8	30.7	23.4	19	13.5
138	123	133	120	120	130	165	135	115	110	114	151	194	170	164	159	158	158	180	164	154	146	147	139	144	133	141	133	118	102	117	106	96.3	98.5	96	109	99.4	99.8	103	134	124	117	110	104	102	112	123	108	111	110	119	123	114	110	119	102	103	109	118	128	98	97.1	108	140	116	124	110	110	121	105	108	99.2	91.3	87.2	84.9	102	92.1	94.3	88.2	93.2	91.4	97.9	98.6	79.1	108	90.2	72.6	64.8	68.1	70.7	86.8	99.3	92.1	91.6	98.8	95.4	78.3	88.8	122	144	145	124	121	65.4	42.2	21.4	15.5	43.4	40.2	67.5	63.3	75.8	74.6	67.9	56.4	38.2	34.2	31.1	28.7	15.5
135	138	142	129	131	117	125	144	111	110	114	156	155	156	169	160	153	154	183	192	171	145	142	123	119	126	134	112	104	98.5	103	104	93.6	96.1	93.7	114	99	97.8	101	113	109	105	105	116	105	116	138	115	115	111	116	114	124	112	119	95.4	91.3	122	134	172	99.8	106	107	158	111	102	101	135	153	137	111	112	97.5	88.3	89.3	107	99	99.8	94.8	91.2	87.6	100	99.7	80.5	91.9	87	70.4	73.5	76.8	75.2	77.2	93.7	96.6	105	110	122	103	106	109	112	117	130	100	51	44.7	21.2	15	36.1	37.6	39.7	49	79.6	87.6	64.9	51.8	50	81.6	60.1	39.2	24.8
128	133	139	130	114	107	109	130	128	111	112	142	147	175	170	178	167	155	158	220	174	171	141	147	134	126	142	112	110	106	113	109	107	99.7	103	135	113	105	129	104	115	111	127	125	117	127	143	130	111	121	124	117	127	117	99.5	98.9	101	138	160	125	102	104	98.4	141	105	111	115	167	163	143	129	123	113	108	105	130	112	97.9	98.6	93.4	112	101	100	78.1	83.2	82.8	74.6	88.6	92.7	81.1	85.4	94.4	94.9	101	109	122	103	102	106	113	112	99.2	103	60.6	43.9	21	16	32.6	38.3	39.4	42.7	72.1	81.7	76.5	69.2	55.3	62.5	62.7	40.8	32.8
131	141	158	140	125	119	114	149	127	108	105	119	113	130	136	132	145	142	162	152	153	142	142	139	132	132	140	137	140	104	121	98.2	110	110	111	110	106	105	128	111	103	111	114	116	106	106	114	113	115	118	125	132	126	110	122	130	140	132	158	103	79.5	92.6	145	149	86.6	69.6	93	150	102	94.4	108	126	129	160	141	175	127	104	96.6	112	110	90.8	89.6	73.9	76.6	82.6	103	81.8	82	80.1	67.2	66.9	61	60	65.9	99.6	103	123	140	95	94.2	78.6	77.8	49.6	23.6	17.8	15.6	29.5	26.7	34.3	21.8	41.2	44.4	57.7	60.7	54.7	37.9	32.5	26.2	18
141	149	143	146	129	110	113	125	124	110	104	117	107	111	139	156	153	146	162	153	142	145	164	148	151	121	136	139	108	99.3	101	100	115	121	120	122	144	124	127	123	120	130	118	111	104	104	109	105	104	106	123	117	102	109	123	130	126	126	131	84.5	83.9	115	130	112	70.9	56.1	68.4	144	113	106	93.5	149	135	152	227	218	159	112	109	105	99.3	101	96.8	75.2	75.9	87.3	128	127	110	91.2	78	71.1	63.1	60.7	66.9	120	152	150	169	105	89.2	81.5	71.8	39	30.2	22.8	16	30.5	29	37.2	24.5	40.3	42	45.9	52	50.1	40.9	35.4	30.8	17.5
144	138	140	128	114	104	108	110	114	127	102	115	117	112	130	170	141	148	160	137	157	189	203	151	136	181	158	137	117	111	107	108	104	115	147	125	128	127	126	108	100	101	122	123	105	104	114	101	98	108	110	110	113	108	119	119	119	148	124	90.1	93.1	81.8	109	97.3	80.9	74.3	72.5	85.4	89.6	95	82.5	228	195	271	247	219	155	139	119	113	96.2	130	105	83.5	81.4	82.1	103	111	90.8	98	88.4	77.5	73.4	77.7	71	147	178	163	178	112	100	108	88	81.1	61.7	32.5	24.8	41.2	41	43.4	30.5	45.8	54.1	51.4	48.7	58.2	52.1	43.8	36.2	18.7
149	147	160	133	136	119	110	109	114	112	99.8	125	133	126	145	154	153	162	180	169	157	167	170	153	151	205	181	148	157	126	113	113	108	106	119	126	144	118	115	103	98.1	99.7	139	117	102	110	111	99.9	96	103	103	105	110	114	124	137	137	139	129	115	93.6	94.2	82.5	90	97	87.8	88.2	74.2	118	117	97.9	201	185	260	221	198	178	198	188	180	128	109	107	91.8	99.2	89.6	107	121	109	107	80.5	75.4	83.6	96.2	79.6	191	196	180	185	107	102	121	114	98.3	84.8	62.2	44.7	54.4	61.6	59.8	49.7	52.1	53.1	53.4	58.1	70	67.5	53.5	43.3	21
139	149	147	164	161	127	117	111	96.3	104	93.4	128	127	134	146	164	175	184	197	165	163	169	169	173	176	184	161	166	151	126	132	121	109	124	163	126	102	87.1	80.4	72.2	82.2	87.7	102	111	100	112	115	85.5	81.3	74.4	80.8	111	105	105	134	155	130	118	107	80	54.7	76.3	45	96.8	112	82.3	121	111	104	126	95.6	143	121	142	132	190	159	127	140	148	130	94.3	80.6	62.7	77.8	57.6	55	51.7	78.5	66	82.4	65.1	65.1	73.5	68.8	136	108	121	140	166	134	126	134	103	89	85.8	43.8	62.3	62.9	72.8	76.6	31.2	30.5	26.4	25.8	44.2	52.3	35.2	28.6	28.1
117	118	132	150	149	124	118	94.9	89.3	92.1	94.8	141	133	131	143	157	163	187	195	166	174	165	163	207	168	153	155	154	145	119	110	114	97.8	120	120	132	115	85	88.9	73.2	81.3	83.8	95.2	113	126	134	115	86.9	80.3	81.9	97.4	166	116	109	234	135	101	107	114	89.1	49.1	40.2	43	91.6	95.6	119	116	78.8	77.5	71.4	85.9	107	104	107	121	207	140	112	127	149	247	111	77.4	111	79.4	62.8	51.3	39.9	79.1	66.9	67.1	76.6	58.4	74.3	83.5	133	118	114	149	136	136	120	119	116	89.4	76.5	57.5	65.1	58.2	69.6	71	44.4	32.9	30.5	32.4	56.2	45.7	42.7	34.8	31.3
114	127	118	122	138	101	88.7	91.7	91.1	89.6	91.5	132	130	134	145	155	162	190	202	159	165	164	152	179	173	156	144	140	126	129	140	112	114	108	107	104	116	92.5	81.2	75	76.3	78.5	87.5	113	137	226	142	102	95.9	98	116	144	113	116	155	107	125	79.4	93.7	64.2	49.3	43.5	46	43.3	149	148	49.2	66.2	69.2	69.4	76.4	113	109	132	116	254	173	129	128	99.9	102	78.7	83.8	79.6	87.1	64.5	56.8	64.2	68.1	49.3	28.8	62.6	66.7	75.1	97.5	135	118	126	152	145	107	93.5	80.6	87.1	58.5	45.6	60	96.8	72.6	53.2	50	39.1	44	34.7	38.7	58.8	62.4	53.5	46.6	49.7
96.1	101	100	129	104	78.4	77.8	92	90.3	90.2	92.5	138	130	138	147	160	163	190	211	173	168	157	158	204	185	165	154	135	112	120	138	135	102	106	98.5	110	92.7	114	93.2	93	89.2	81.8	82.6	144	144	160	169	151	126	117	151	149	139	158	194	94.4	98.3	76.5	70.2	58.5	49.1	47	47.7	47.8	152	146	60.4	71.3	73.9	84.2	89.9	107	117	149	101	153	195	156	132	88.8	107	103	115	109	109	74.7	79.2	86	86.7	77	33.7	65.3	76.4	70.4	85.5	129	110	107	140	147	110	103	79.7	68.2	47.8	60.8	67.7	135	85.8	47.5	54.2	48.4	43.6	37.7	40.8	78.3	81.9	61.7	62.8	58.7
83.7	89.9	111	94.6	85.3	81.1	91.1	95	88.2	85	91.8	125	124	124	146	148	157	207	207	162	164	149	148	193	186	170	158	151	154	163	143	111	94.5	83.6	85.4	98.6	105	103	119	101	112	90.1	92.2	112	138	135	172	174	165	192	190	166	130	106	129	33	84.7	94.8	105	90.2	58.1	48.8	48	63.7	198	62.9	83.1	80.2	70	79.6	91.1	147	161	262	198	206	228	185	165	122	133	142	133	84.4	93.6	88.1	105	95.2	117	49.3	53.7	108	79	61.8	82.8	124	135	114	149	160	125	118	122	99.4	95.1	102	112	112	91.8	85.5	70.6	48.1	41.2	29.3	48.2	101	95	77.1	69.9	64.5
128	76.2	83.7	88.7	76.4	72.7	78.2	86.2	83	83.6	80.1	107	114	118	138	146	160	178	186	153	170	151	143	207	159	173	158	163	156	135	119	92.2	80.9	73.5	81	102	111	109	129	98.2	99.8	97.5	92.9	111	128	135	160	167	163	183	217	156	120	112	90.2	51.6	46.9	90.2	101	90	54.9	77.7	93.1	160	263	60.7	67.2	102	70.5	70.7	85.1	123	157	256	189	147	157	174	171	161	156	163	170	71.9	192	204	158	163	81.7	52.7	95.5	82.1	71.3	82.7	96.6	125	128	115	143	197	147	131	159	117	104	130	123	106	95.7	93.9	75.6	54	62.1	40.2	50.1	78.2	70.6	86.5	111	71.5
75.6	68.9	76.7	85.8	80.9	70.6	70.7	78.1	80.2	81.1	87.1	156	114	114	127	145	174	170	180	158	154	133	136	198	156	170	157	160	172	150	122	86.8	77.4	75.1	75.1	112	136	108	111	105	98.4	90.3	101	141	191	163	156	171	198	216	204	147	126	118	90.4	40.4	72.2	29.2	62.6	51.6	60.9	224	117	78.3	46.4	45.3	32	98.3	117	78.9	88.2	116	124	203	156	146	161	152	157	163	198	170	152	73.2	157	217	239	197	114	108	103	118	74.7	104	94.3	151	122	116	147	208	166	159	149	146	125	125	118	110	116	98.6	80	69.2	60.5	59.4	63.5	59	48.3	41.2	53.7	55.3
57.2	63	68.7	67.6	70.1	68.8	71.7	86	89.1	88.2	94.1	146	107	115	138	150	164	168	187	162	138	133	174	205	143	162	183	182	152	139	129	100	80.6	74.6	69.4	93.3	122	105	119	102	100	107	107	128	160	179	184	206	222	225	238	142	116	131	144	60	45.7	91.3	23	32.4	61.4	173	77.2	49.5	37.4	63.1	50.8	54.8	80.4	118	113	120	89.6	113	161	166	159	143	178	196	241	198	183	116	128	164	111	257	163	203	217	240	151	109	104	143	133	164	177	221	175	170	165	158	161	145	126	142	130	107	93.4	91.2	91.1	82.2	73.1	55.6	45.2	42.2	38.8	58.7
60.6	72.2	81.7	72.3	69.2	76	85.4	117	123	110	128	129	130	139	153	155	135	122	124	129	121	118	133	135	131	162	164	144	117	103	123	97.5	82.4	91.7	96.6	107	121	123	131	108	108	122	140	143	164	169	189	266	280	252	248	145	112	89.6	120	82.9	26.1	59.4	30.6	25.8	27.8	32.4	34.8	58.1	67.2	109	59.6	56.3	97.7	79.5	56.1	51	43.1	67.9	77.9	83.6	83.7	92.4	135	194	213	200	210	192	93.1	90.3	45.1	55.4	97.8	133	159	152	136	89.2	101	104	105	121	144	150	123	135	141	164	186	163	165	140	137	119	90.1	104	71.1	57.8	49.8	43.3	35.5	31.1	32.1	34.8
79.5	67.9	98.2	98.5	71.2	79.3	88.9	107	109	109	126	134	127	136	147	142	121	118	113	113	103	115	110	120	116	124	150	123	99.5	90.2	114	111	84.7	152	107	100	114	116	123	110	111	127	136	129	135	145	152	197	178	204	195	117	102	85.9	117	67.6	48.3	98.6	144	81.7	34.5	60.7	62.3	78	126	114	67.6	71.7	110	101	65.1	68.7	92.2	69.6	69	70.8	72.2	112	174	176	179	165	184	133	83.1	108	118	133	129	175	142	159	146	105	162	98.3	95	105	114	117	116	126	140	173	155	163	179	175	178	133	107	136	101	69.9	79.7	157	50.8	36.3	32.9	39.7
70.7	57.3	86.1	100	77.2	79.9	91.1	119	137	114	126	130	128	135	140	126	125	118	116	111	101	105	102	97.7	95.5	83.7	128	148	111	105	92	104	101	86.4	89.6	106	102	120	130	114	118	139	137	121	128	135	134	158	147	172	175	144	101	185	131	66.7	51.5	72.3	49.6	56.8	61.4	89.4	191	126	127	128	62.1	69.3	56.9	60.2	98.7	91.5	59.2	58.5	67.7	63.1	69.3	152	156	138	281	242	172	115	81.5	157	236	242	176	206	144	160	110	104	117	115	107	93.7	99	104	116	126	136	143	145	169	162	185	168	135	121	163	116	114	78.9	75.7	51	41.7	28.1	46.7
67.6	78.3	72.1	85.9	81.2	92.6	121	118	120	135	140	138	137	141	145	137	139	123	120	122	112	117	115	98.9	95.4	96.7	130	142	135	141	97	109	110	96.6	102	111	107	115	108	115	127	131	143	128	127	126	139	161	160	137	147	182	149	170	130	99.7	101	82.2	128	78.6	71.5	77	87.8	87.7	122	221	99.5	93.3	58.4	55.8	89.3	68.5	46	65.7	90.5	66.9	109	103	203	277	363	270	198	121	76.3	78.4	146	176	169	149	148	122	98.4	107	126	132	125	139	131	119	113	144	134	161	171	174	159	202	178	168	140	208	158	130	100	85.5	59.7	46.6	45.6	53.6
98.2	102	112	96.8	97.1	98.1	135	128	133	145	150	148	162	167	198	191	169	166	163	111	91.4	86.8	84.1	108	107	112	103	106	113	132	126	106	103	103	124	126	121	111	124	125	118	117	123	115	125	123	132	184	182	167	226	94.8	102	103	120	70.5	90.6	108	151	109	104	109	108	106	143	265	101	117	80	79.6	94.3	96.5	82.7	105	132	48.2	71.9	140	235	193	220	189	154	52.1	42.3	68.9	164	126	132	52.5	82.8	52	67.7	78.2	114	98.3	122	88.3	75.7	83.4	91.4	111	115	132	163	166	155	155	159	155	155	186	123	91.2	83.2	72.4	65.6	64.9	74.6	60.8
82.2	88.4	97.6	78.1	76.8	82	98.5	120	132	137	145	143	154	186	188	170	149	146	175	127	89.1	89.3	86.5	110	110	92.7	99.7	117	108	114	118	116	108	99.6	123	132	122	118	137	135	116	113	111	94.3	98.4	106	106	123	119	132	133	76.6	81.4	74.9	111	84.7	76.4	140	175	164	121	117	123	119	117	177	114	168	135	138	104	98.9	89.4	110	120	63.2	78.7	109	233	270	408	120	131	89.5	53.5	73.2	164	142	148	70.4	52.9	60.7	61.4	74.5	83.8	107	127	99.2	84.1	91.8	95.2	103	114	132	143	150	143	142	139	147	153	185	132	110	98.2	76.3	70.2	71.6	79	74.1
84.2	115	98	84.9	93.6	75.2	92.9	112	137	154	156	157	153	171	194	167	142	141	153	105	92.7	87.5	103	108	116	91.4	95.7	103	101	102	104	131	136	119	120	131	136	131	136	134	120	114	112	87.6	87.4	105	97.3	92.3	78.3	90	82	61.6	70.8	70.4	133	89.5	111	129	155	162	140	154	155	116	110	129	171	199	174	114	115	158	168	131	130	113	114	117	105	286	214	124	82.1	75.9	94.5	73.5	150	116	198	163	66.5	76	58.5	59.3	78.1	128	120	117	96.5	123	112	130	143	145	133	136	136	148	143	153	143	168	137	106	85.9	82	74.5	76.1	85.8	78.1
73	89.2	93.6	72.9	85.4	93	97.6	114	125	152	160	176	181	183	196	183	152	142	127	95.5	88.5	85.2	109	101	93	93	92.6	101	96.4	95.6	96.6	166	183	128	130	148	136	136	153	140	134	119	117	92.3	95.2	93.4	78.5	74.1	59.8	57.7	59.5	57.1	46.4	55.3	64.2	87.2	107	108	86.6	181	160	153	155	136	137	132	160	234	187	111	156	282	172	168	156	112	143	73.2	91.1	209	260	142	76.9	102	92.1	94.3	83.5	96.8	159	170	59.2	95.7	215	105	101	143	139	149	117	169	152	140	142	140	139	142	147	159	167	161	159	156	147	111	106	89.8	91.2	85.6	104	94.3
75.6	74.1	77.4	55.9	57.9	78.4	91.4	84.9	92	116	136	152	158	168	180	130	130	144	155	124	114	115	137	106	103	105	103	100	99.4	97.7	101	112	134	104	95.3	103	103	111	179	116	116	107	104	98.5	82.5	76.3	76.1	42.1	39.1	46.3	51.6	58.5	42.3	38.9	55.6	116	86.9	61.9	72.5	133	145	172	172	94	113	151	194	160	152	111	169	163	152	175	192	261	165	136	157	127	165	117	101	128	143	115	122	60.3	88.3	104	150	133	151	108	134	184	134	131	138	145	157	159	184	189	156	152	151	125	121	115	129	127	99.7	86.4	65.1	98.9	89.4	83.9	80.9	87.3
72.1	68	67.7	48.1	48.8	69.5	53.8	76.6	105	96.6	158	130	153	188	165	109	121	117	117	130	122	115	118	105	105	112	119	105	98.8	97.2	96.1	93.7	105	105	90.7	94.7	97	114	152	102	95.4	89.6	96.4	86.2	89.1	87.6	123	57.9	60	72.4	102	121	38.2	27.4	40.4	82.5	63.2	61	76.5	123	139	149	147	84.7	89.4	110	168	156	145	146	140	139	153	213	194	168	141	136	152	135	118	121	130	136	88.5	101	102	99.9	98.2	124	143	127	169	103	161	120	132	128	144	157	195	183	206	202	199	162	155	141	123	115	110	92.7	83	68.9	65.4	112	94.5	81.3	81.2	95.1
72.1	65.9	64.6	47.4	38	37.1	41.5	69.2	77.2	111	116	125	135	140	128	104	111	108	110	139	131	130	133	108	111	128	132	104	106	104	99.2	98.9	128	99.3	94.7	105	103	134	137	125	92.9	89.4	86.8	94.1	101	93.2	106	62	78.6	121	87.4	57	42.2	25	46.1	190	104	58.3	67.8	120	104	94.7	102	73.1	78.1	85.6	120	136	154	152	179	135	151	216	168	177	196	266	152	87.7	79.6	89.6	99.2	141	88.9	112	144	77.7	99.3	122	154	136	154	117	124	159	130	134	137	177	211	217	245	284	237	180	178	147	142	162	199	103	84.6	76.9	80.6	120	98.4	86.8	85.9	98.6
62.1	73.1	73.6	49.8	35.3	33.1	35.9	69.6	71.1	78.2	90.8	94.2	101	105	112	119	106	109	127	155	141	146	132	117	120	126	115	118	120	120	104	85.1	86.8	104	103	121	111	138	198	132	106	106	89	111	130	124	123	78.3	98.8	116	83.9	49.5	41.9	33.9	64.9	195	82.1	79.2	105	94.4	84.2	85.3	91.8	68.7	69.2	91.8	160	163	133	132	137	137	175	277	211	175	163	241	209	114	111	91.1	95.3	90.8	107	136	183	57.3	63.9	152	150	167	158	132	140	176	153	152	153	179	222	266	276	261	241	193	167	198	171	199	263	115	96.4	108	113	137	112	93.4	101	115
69.9	80.5	92.8	40.1	37.5	39.3	47.2	40	43.1	51	57.4	46	67	67.6	102	139	136	140	187	143	137	137	148	121	115	129	143	110	113	117	122	80.6	79.1	102	125	108	111	153	139	127	144	173	187	140	147	139	140	105	98.6	85.3	91.4	50	99.9	48.5	110	186	63.8	59.9	65.1	75.8	79.7	91.8	116	106	103	116	137	245	190	161	165	147	194	193	175	147	161	271	225	196	183	145	140	130	109	124	172	129	112	141	133	132	124	156	208	195	189	183	176	279	282	296	317	284	262	202	172	281	313	201	221	160	135	130	140	141	131	127	142	147
56.9	65.3	75.4	46.3	36.5	37	42.6	32	42	53.8	64.3	41.5	56.2	74.6	75.5	90.2	96	114	129	123	116	129	140	114	131	112	116	112	111	114	125	140	90.6	131	111	132	137	132	117	128	137	129	159	133	123	119	119	127	116	105	78.5	44.8	51.9	41.1	155	176	64.6	60.1	63.7	86	95.2	100	112	104	100	105	114	131	159	160	136	153	157	184	187	189	158	234	174	179	206	139	173	117	94.6	112	150	157	264	138	120	116	101	109	154	197	183	187	152	274	309	350	272	252	248	226	167	220	239	224	200	158	134	124	126	140	137	138	145	145
59.8	59	64.6	48.7	42.1	42.7	47.7	29.5	40.5	66.7	61.8	49.2	51.3	75.8	80.9	92.5	87	121	120	141	122	114	111	112	109	102	100	110	114	118	123	124	116	109	125	153	150	149	138	177	135	154	188	138	117	111	146	116	101	133	80.3	45.1	38.2	38	56.6	86.3	66.8	58.2	67.3	79.7	104	119	114	108	108	109	103	95.6	108	117	128	156	155	170	167	132	127	142	166	133	161	172	159	107	96.3	125	161	113	203	138	126	132	122	119	147	209	180	182	205	281	264	296	272	213	220	232	178	190	211	189	157	154	130	121	135	143	147	159	182	144
61.4	60.2	69.3	62.8	66.3	55.6	46.6	38.7	42.2	66.7	52.4	59.7	46.1	55.9	99.3	105	95.8	102	115	122	112	124	124	134	89.8	92.9	95.2	113	117	117	124	118	126	116	130	173	151	126	156	261	217	201	211	140	142	153	156	156	113	126	98.6	57.8	51.7	56.4	85	94.2	67.2	60	57.8	79.1	136	152	132	107	103	127	110	104	94.9	105	125	162	155	151	149	118	137	138	160	127	146	173	185	168	107	91.9	109	105	99.4	111	132	138	149	118	133	195	213	197	179	241	244	245	265	249	234	209	171	183	174	166	143	144	128	116	130	144	147	146	141	129
69.4	73.2	88	91.6	85.6	92.7	89.8	61.3	58.7	62.8	68.8	54.8	51.7	53.6	64.1	82.5	78.7	85.8	123	153	147	162	188	135	120	136	130	92.4	94.2	97.4	107	67.8	84.1	101	98.7	165	152	111	114	144	146	179	167	90.1	99.2	126	101	85.7	91.2	98.1	78.6	77.3	79.1	77.1	91.7	86.6	68.8	60.9	52.4	128	138	139	158	91.8	98.4	117	159	145	139	169	176	187	168	150	157	182	181	178	179	179	171	174	183	217	183	147	152	108	149	158	168	166	209	144	100	176	203	180	178	256	282	251	260	227	239	201	169	200	198	201	179	170	168	168	171	166	188	206	160	139
51	67.2	83.8	70.4	73.3	106	92.4	67.2	47.9	50.3	62.6	43.9	40.6	48.1	54.3	62.5	64.3	68.9	75.5	102	122	145	149	117	108	119	132	86.1	87.8	92.9	99.1	63.3	58.2	66.3	90.7	124	145	123	111	128	194	224	178	92.9	64.3	78.2	80.6	69.7	67.9	71.4	63.8	72.3	70	70.1	69.5	70.6	55.2	55.1	56.3	107	112	136	120	121	109	108	126	150	140	164	189	185	165	149	179	203	185	180	174	176	163	156	184	133	117	127	181	97	113	155	173	137	206	121	100	154	166	175	175	234	223	222	226	187	182	180	160	173	167	175	187	185	161	156	162	162	205	185	154	140
49.8	64	64.7	74.3	63.1	77.7	87.1	53.1	60	55.2	57.5	40.2	34.8	39.2	51	73.9	69.6	57.6	63.5	86.7	100	121	136	123	110	116	138	98.9	87.1	92.9	100	67.8	54.8	67	85.9	112	128	128	105	109	163	215	239	118	80.3	59.9	61.6	62.8	73.7	103	61.7	72.1	68.9	67.2	58.4	85.3	54.8	57.4	68.9	104	103	119	95.2	123	99.1	112	127	158	154	182	214	201	197	169	165	208	228	217	211	196	185	163	178	157	111	164	169	119	160	169	200	151	133	116	106	166	145	139	174	224	227	210	209	157	143	154	153	161	139	136	159	150	152	161	150	164	185	170	154	148
51.6	55.2	57.8	70.7	82.5	74.5	82.1	70.5	59.1	83.6	72.8	41.1	37	38.8	62.2	65.1	53.4	50.1	54.3	83.3	97.7	113	135	123	119	125	136	100	96.9	86.8	96.8	71.1	60.5	60.3	84.3	114	120	166	140	167	174	204	239	158	131	107	102	85.4	84.7	98.3	66	82.1	77.1	81.1	80.7	68.7	61.2	57.8	66.2	104	120	111	108	110	99.9	111	131	189	200	210	235	194	213	203	192	238	255	252	246	233	236	204	206	173	131	171	176	160	157	166	178	130	133	126	121	166	157	156	156	179	182	183	197	154	134	142	134	142	132	124	127	158	160	162	156	173	174	166	157	148
36.8	44.9	55.5	55.7	55.5	57.9	59	50.4	49.7	52.3	65.4	44.8	38.8	39.6	49.4	83.6	72.3	73.1	86.2	64.6	79.6	86.9	101	84.8	80.2	115	151	122	111	130	142	137	97.3	105	157	87.9	91.3	117	141	178	172	251	241	101	98.2	81.1	89.3	98.6	106	117	125	79.2	81.7	119	127	113	103	99.9	103	112	115	100	102	101	112	124	149	209	192	184	176	159	179	163	205	203	227	279	257	232	239	188	188	148	150	165	168	190	217	185	185	111	121	165	134	168	207	181	179	259	229	233	262	218	177	163	143	134	120	116	111	151	156	164	175	175	173	164	153	165
33	39.6	51.5	51.7	48.3	49.2	52.2	48.4	50.3	46.2	54.7	39.8	43.3	38.1	37	60.5	66.1	73.7	79.9	73.5	75.3	82	86.3	72.8	67.9	105	132	105	89.1	121	127	113	119	110	97.8	75.3	73.5	145	91.8	125	134	171	134	80.7	86.7	85.8	93.8	105	99.9	82.7	81.9	81.3	84.4	106	103	158	115	108	117	107	102	100	119	120	119	129	156	230	207	188	161	154	148	133	165	213	262	211	236	218	241	220	178	150	147	154	171	162	205	194	161	97.6	94.3	107	129	177	194	166	166	217	191	211	251	209	177	134	142	127	122	151	126	150	153	161	171	167	166	155	146	143
32	39.4	48.8	47.6	44.6	44.5	48.1	64.3	59.8	53.3	53.3	39.9	38.5	39.5	43.7	63.9	70.3	75.8	90.3	81.3	76.7	82.1	87.6	74.2	77	101	110	92.7	88.7	82.6	108	122	117	90.8	110	54.9	59.1	60.7	59.2	95	103	115	96.8	70.4	64.6	57.7	65.6	80.1	75	72.6	72.8	79.2	82.6	96.3	79.6	174	152	160	149	127	131	142	139	125	126	128	126	179	195	191	170	145	167	138	150	212	206	203	231	211	205	219	168	178	182	196	183	188	145	149	147	104	152	98.6	89.2	164	198	188	200	196	193	199	198	173	144	124	155	128	127	145	108	153	179	168	160	164	164	156	144	131
35.3	45.1	51.1	50.1	45.4	41.7	42.8	46.5	53.8	46.7	46.4	39.6	37	41.4	39.2	71.5	87.1	100	103	94.1	90.1	80.9	83.6	80.1	78.3	94.5	97.8	102	101	116	97.1	89.4	121	132	152	73.2	44.2	46.6	45.1	89.7	71.4	77.3	77.5	62.6	63.1	65.7	89.2	82.6	72.6	87.5	70.2	78.1	80	89.6	84.2	105	122	169	233	164	156	168	163	123	144	139	132	165	173	175	207	160	125	134	179	191	203	210	228	196	174	139	144	212	185	191	177	169	155	124	136	96	81.2	78.2	84.7	162	243	228	190	209	177	196	188	177	137	129	139	127	130	150	117	159	171	177	170	168	168	166	155	132
31.3	31	34.3	35.6	29.4	27.3	29.7	24.4	30.2	38.4	51.8	50.3	49.4	56.2	61	62.6	79.7	100	102	75.9	76.3	79.2	82.3	69.6	69.7	66.1	84.6	92.7	98.1	112	134	124	129	150	201	102	61.4	57.2	41.2	48.4	65.2	48.4	65.3	45.8	50.4	62.3	59.7	85.8	77.7	73.2	63.6	70.4	79.7	103	110	123	143	185	229	210	149	148	138	128	136	136	138	131	138	146	147	159	177	137	155	149	181	112	119	144	143	141	162	186	175	191	208	150	133	119	128	103	143	136	184	194	205	205	210	222	183	156	148	203	180	171	176	150	149	146	139	166	173	184	177	178	168	168	151	118
27.7	29.1	31.7	35.8	33.7	24.4	25.3	20.9	23.9	28.8	40.2	47.5	49.4	54.5	55.2	67.2	81.2	110	101	64.2	62.3	58.4	57.8	48.7	58.3	78	68.7	74.9	80.3	104	92	108	106	122	135	99.8	53.4	50.1	39.4	54.3	49.1	28.1	31.7	43.3	50.4	50.7	63.4	87.8	70.5	62.5	63.2	67.7	83	122	116	121	122	181	143	138	130	133	147	119	129	136	134	119	120	128	134	140	145	168	148	123	102	102	95.8	127	129	130	142	187	222	209	189	143	114	111	138	102	171	200	188	178	174	179	203	209	182	140	145	202	210	183	181	149	149	144	137	176	170	162	166	165	158	151	141	111
27.7	29.3	29.8	27.6	25.2	24.2	26	23.3	24.5	28	34.2	47.3	49.4	50.7	55.1	65.1	91.4	99.6	96.2	81.9	68.4	60.7	51.1	50	49.4	59.5	63.6	61.6	55.6	76	114	105	104	109	134	108	91.4	63.7	49.5	50.1	37.7	18.6	20.1	57.3	71.7	69.5	73.9	91.2	84.5	77.4	79.4	73.5	95	112	130	118	134	208	207	136	115	113	126	113	110	121	135	131	124	121	152	127	126	116	122	129	118	132	98.7	121	128	136	133	143	165	165	162	129	119	139	132	168	166	167	171	162	153	171	208	228	193	168	196	217	220	196	192	160	147	149	152	187	168	162	166	162	159	146	129	104
27	28.4	28.7	28.1	27	24.6	27.7	27.7	24	26.3	33	53.7	48.2	57.4	53.5	64.3	77.8	83	89.9	83.2	75.3	61.4	70.6	58.5	51.9	49.8	59.9	55.3	53.9	78.3	116	111	103	116	157	100	102	105	44.7	27.6	22.2	19.6	28	55	58.3	78	69.7	84.5	98	87.3	103	124	140	142	147	133	136	137	189	160	157	132	125	117	112	124	141	134	141	141	145	118	151	128	141	113	96.4	140	86	114	116	127	127	117	133	134	138	115	116	117	131	112	139	167	149	178	170	179	212	233	197	188	218	224	207	205	229	177	165	162	151	177	170	162	160	160	153	133	128	98.1
32.7	37.1	41.8	36.5	36.4	35.8	38.4	24.6	21.9	23.6	28.6	32.5	35	39	42.4	41.9	49.3	56.4	66.4	57.6	55.7	69.5	79.7	61.2	59.5	52.6	49	51.1	65.3	68.7	72.8	73.7	68.2	103	127	119	107	172	110	47	40.6	34.1	25	47	66.5	79	99.7	133	110	108	158	196	221	245	228	179	183	220	234	160	129	87.9	89.7	96.4	104	103	115	148	162	183	159	150	135	128	138	139	118	129	140	130	136	126	133	134	133	133	139	141	132	134	131	113	115	129	134	180	173	167	171	229	226	210	188	171	187	185	216	211	192	196	195	201	175	165	156	152	145	126	110	83.2
28.2	33.9	36.9	33.7	32.3	32.3	33.6	24.7	23.1	24	27.3	35.4	36.5	39.9	42.3	42.7	40.7	51.9	59.2	51.9	53.8	57.3	69.1	78.7	66.9	60.1	52.2	54.1	54.9	58.4	76.1	75.3	72.8	85.3	95.9	123	110	144	93	51.2	41.3	28.8	22.5	34.1	57.4	64.8	76.8	108	113	108	116	195	229	268	226	168	155	148	161	108	89.8	76.8	114	115	106	91.1	100	122	154	137	146	126	121	115	111	104	104	110	117	115	124	121	116	126	118	118	125	144	129	122	125	122	127	121	128	173	182	177	171	217	187	180	176	170	168	174	191	203	187	185	176	182	176	158	145	144	135	126	107	77.9
25.3	27.3	29.3	28.1	29	29.7	30.5	24.7	22.6	24.6	28	36.6	40.5	43.8	47.3	40.6	39.5	56.2	65.5	57.5	53.9	54.1	55.3	62.4	75	83.9	76.9	66.2	61.2	70.1	73.7	107	118	99.4	96.4	88	110	130	122	72.5	44.4	37.2	31.9	39	58.5	63.4	82.7	112	102	107	148	206	207	279	254	190	161	143	159	95.7	94.9	84.1	94.1	116	92.9	91.9	90.3	118	139	150	170	130	121	107	108	99.3	95.8	96.8	102	108	112	117	112	134	114	121	126	129	126	116	121	105	117	108	122	166	168	183	185	206	190	171	180	183	181	174	181	210	204	176	170	159	149	144	138	131	128	117	105	79.4
21.6	24	26.8	24.1	26.1	26.4	28.4	23.8	23.9	26.6	31.2	40.5	43.9	47	46	41	43.9	46.5	60.3	72.2	74.8	64.6	72.5	60.3	74.7	79.1	71.5	72.7	69	84.2	92.9	92.5	95.2	109	106	94.6	118	148	137	135	102	85.7	51.6	35.7	48.5	63.2	88.1	131	115	121	122	210	242	226	234	162	174	211	194	96.3	103	99	177	123	91.8	75.7	78	95.5	112	147	178	143	129	117	110	88.8	87.4	86.4	101	109	106	110	111	113	110	126	133	108	102	111	115	99.6	120	111	120	194	192	189	195	212	207	204	186	210	198	182	183	189	192	165	162	152	144	138	139	125	125	99.4	98.7	86.7
8.36	10.3	13.4	12.2	14.3	18.2	22.4	23.6	27.4	32.8	38.7	44.2	48.3	52.4	54.9	46.3	41.6	38.9	42.8	38.7	58.4	78.3	98.3	77.1	75.3	74.5	74.6	73.5	65.9	87.2	90.5	161	170	189	201	149	141	212	265	177	206	166	137	45.2	38	34.5	46.9	67.7	84.5	55.2	51.8	74.2	85.8	121	114	76.8	85.9	91.9	86.8	73.6	69	62.8	59.9	85.9	79	73.1	74.2	89.6	102	122	142	145	142	139	140	120	130	140	130	107	105	113	108	130	106	104	108	132	109	123	134	156	156	156	166	228	242	257	291	238	229	225	220	210	209	216	198	156	144	117	108	121	127	118	111	99.6	107	80.7	97.4	84.3
8.05	8.81	10	12	13.8	13.8	19	23.8	25.5	26.8	32.7	45.4	50.4	53.3	56.7	43.9	41.5	41	44.4	36.5	43.7	69.3	91.9	83.6	66.5	65	75.1	57.9	59.3	75.5	85.2	167	175	196	240	149	133	143	171	160	151	155	142	45.9	43.8	42.9	41.5	48.1	54.7	44.5	42.8	78.6	75.8	88.3	100	76.3	80.6	77.7	90.7	70.1	62.9	57.2	58	83.2	76.4	77	76.2	103	112	112	113	128	121	131	134	127	135	156	133	104	91.2	93.6	91.1	97	114	113	101	110	134	156	142	139	141	155	182	223	269	273	288	256	237	206	205	207	193	204	191	134	113	100	96.3	111	121	104	97.9	83.4	82.8	95.5	96.9	76.7
5.47	6.18	8.35	8.55	13.8	10.8	13.3	22	20.1	24.4	28.9	44.7	50.3	52.7	53.2	52.2	43.6	42	41.9	39.5	62.5	95.4	125	111	105	99.8	90.1	66	69.7	86.1	95.3	186	206	245	272	170	144	125	161	142	143	166	159	68.1	45.2	44.1	40.6	43.7	42	37.5	41.4	69.5	75.8	83.8	111	82.9	81.7	87.2	93.9	65.9	61	56.7	63	83	79.7	76.9	80.1	101	105	117	107	118	121	128	122	139	172	148	136	102	99.7	105	94	93.2	78.9	83.3	92.3	103	134	124	123	133	155	173	217	249	259	255	261	240	252	248	216	201	183	172	171	128	110	99.9	107	106	103	99.3	90.4	79.7	79.3	74.6	74.6	65
5.18	5.29	7.17	6.07	7.06	8.3	11.2	16.9	16.8	19.5	24.4	41.7	45.1	48.3	50.9	55.4	45.8	42.5	41.3	43.7	88.4	115	141	151	132	108	129	83.2	88.9	103	115	234	268	287	328	198	181	162	183	151	177	155	196	85.4	58.5	46	45	49.1	36.6	38.7	52	124	91.2	93	113	93.3	96.4	97.1	114	71.2	62.8	55.3	61	83.1	81.9	80.1	86.8	100	112	119	112	115	119	114	119	146	146	132	120	117	95.9	99.2	91.6	78.9	76.3	78.3	85.4	93.5	98.4	102	114	130	164	158	170	207	212	213	231	224	210	216	211	190	177	169	166	122	121	100	102	103	102	104	86	73.7	69.3	62.7	65.3	60.8
1.78	1.95	3.77	3.65	3.64	4.14	5.01	5.97	7.27	9.55	13.1	26.4	32.2	37.7	40.8	34.4	32.8	34.1	37.6	23.6	36.2	62.7	90.6	206	168	143	162	93.4	93.7	121	136	189	206	230	276	198	179	174	159	125	133	167	145	58.8	51.7	48.5	57.9	38.6	38	69.5	53.1	170	64.9	51.9	78.4	70.1	79.3	112	92.2	61.3	70.3	88.7	81.3	78.7	73.6	75.2	89.4	98.6	96.1	85.2	87.1	105	102	98	102	105	102	116	126	119	108	97	111	98	79	88.8	97.7	119	129	148	158	184	189	192	228	257	246	244	241	232	207	220	216	161	150	137	125	139	138	100	99.1	98	94.1	95.4	90.3	70.5	65.8	61.3	60.7	53.5
1.44	1.29	1.8	3.02	2.5	2.97	3.28	3.74	4.41	6.44	10.2	20.2	25.4	28.6	31.1	27.4	28.9	31.6	34.7	25.8	27.9	39.6	72.2	151	148	125	135	82	75.7	72.5	82.8	154	179	210	256	185	188	164	174	118	119	159	127	49.3	43.1	37.4	33.5	19.6	22.9	22.8	32.8	40.1	61.5	49	79.9	172	160	92.9	76.3	68.2	71.8	93.9	86.7	84	73.9	85.9	95.5	117	108	84.4	83.2	111	99.8	98.6	102	101	98.7	105	121	126	120	105	117	124	89.7	92.9	102	125	125	163	188	187	179	201	218	233	242	238	239	208	190	205	205	170	145	151	129	110	107	97.8	112	115	99.8	87.4	91.6	77.4	66.6	63.8	67.9	57.1
1.19	1.26	1.11	1.64	1.61	2.05	2.5	2.49	2.96	4.43	7.25	17	19.6	21.9	25.2	23.4	23.8	26.5	32.1	24.8	24.6	32.9	53	135	110	106	122	74.4	75.5	70.8	61.9	129	162	196	234	181	192	163	179	121	100	99.2	108	48.7	39	33.9	33.6	16.9	13.8	18.2	24.4	34.3	61.8	62.1	91.2	99.2	98.7	76.2	110	74	67.7	90.6	93.7	97.5	75	71.4	76.3	101	96.4	81.9	102	106	98.6	94.9	102	121	106	115	123	127	136	140	111	113	87.1	89.9	114	118	124	142	160	175	179	178	179	196	215	236	222	199	184	170	171	186	159	148	129	111	90.8	85.1	95.1	101	109	86	84.9	82.6	78.9	69.5	69.7	57
1.79	1.66	1.03	1.42	1.33	1.46	1.84	2.59	2.67	3.38	5.27	11.9	15.8	16.9	19.1	22.6	26.4	26.8	30	28.4	24.6	24.6	49.6	103	103	143	104	69.6	67.3	67.3	79.6	145	168	203	266	194	164	146	137	111	82.1	75.4	74.8	48.5	37.9	32.6	31.2	13.5	8.89	8.69	10.8	25.5	49.9	49.3	67.3	126	82.4	69.4	66.7	71.4	68.2	79.7	109	88.4	80	68.7	74.4	93	85.5	79.2	97.5	121	112	100	108	113	104	113	140	152	160	162	143	138	132	116	108	129	137	129	156	143	156	185	186	179	186	183	194	202	184	176	156	161	152	145	142	107	94.5	90.4	83.3	93.2	97.1	87.5	84.5	92.8	93.1	84.5	74.4	64.6
0.0301	0.0301	0.12	1.76	1.18	1.18	1.28	1.59	1.8	2.73	4	5.54	6.99	8.26	9.36	11.6	14.3	19.2	27.4	36.7	44	56.1	73.3	50.3	59.6	60	52.6	52	44.8	45.5	57.1	104	168	201	299	330	279	253	208	82.2	65.2	60	61.8	53.6	46.9	40	35.2	22.1	14.7	12.5	20	38.1	52.6	55.5	70.1	124	78.4	79.8	77.3	62.5	68.9	80.3	91.7	75.1	76.6	81.5	84.5	107	87.1	82.7	84	107	97.4	87.6	90.8	102	96.6	103	127	172	195	183	223	173	165	159	187	170	163	134	119	103	103	125	119	122	142	147	130	149	138	138	155	117	106	116	130	96.8	92.5	86.8	83.7	90.2	95.4	91.1	97.6	89.1	88.2	82.6	76.1	75.7
0	0	0	1.28	1.02	0.863	0.939	1.11	1.24	1.66	2.38	3.1	3.98	4.58	5.49	8.6	8.63	10.8	16.5	30.6	32.1	42.2	55.7	38.7	34.5	36.8	44.5	41.2	33.9	30.3	40.3	85.2	127	174	250	327	289	232	182	53.1	64.8	56.7	44.8	44.4	28.6	22.4	19	15.7	12.7	10.6	13.5	30.4	38.4	43.6	76.8	66	76.9	75.5	89.3	71	57.1	57.1	71.1	64.6	62.3	65.4	71.3	85.2	74.9	69.6	71.1	102	88.9	86.2	90.5	123	107	141	124	210	167	172	189	171	167	198	186	176	167	152	114	96.4	100	103	102	107	116	115	116	121	127	133	156	111	99.4	128	111	93	91.3	85.9	85.7	95	98.6	111	103	105	93.9	98.9	95.9	84.5
0.0602	0.0301	0	0.798	0.762	0.727	0.768	0.854	0.919	1.16	1.48	1.75	2.04	2.48	3.2	6	6.03	6.65	8.85	26.9	29.3	35.7	43.9	35.7	23.7	22.4	23.7	33.2	74.9	23.6	30.1	75.2	104	152	213	338	304	222	195	62	57	47.9	55.4	30.8	27.6	12.4	10.4	13.2	11.3	15	12.1	29	34.9	40.5	52.2	45.6	50	63.8	67.9	67	48.4	50	61.1	67.8	64.9	70.8	82.3	75.4	75.3	71.4	67	114	101	99.3	100	124	140	174	137	170	167	171	151	149	142	157	191	181	175	153	115	99.6	86.6	95.6	91.7	105	103	114	117	114	122	131	137	107	111	113	98.1	90.6	85.9	93.4	91.9	101	96.4	125	122	111	99.3	108	103	87.9
0.0602	0.0301	0	0.872	0.787	0.778	0.787	0.854	0.894	1.14	1.27	1.4	1.55	1.82	2.24	3.9	4.43	5.83	7.62	33.7	34.6	34.5	45.8	38.3	23	21.5	15.8	29.8	31.8	27.8	25	75.6	91	128	202	339	304	249	219	79.5	54.4	39.5	30.2	20.4	12.9	6.42	4.03	12.7	11.6	12.4	11.8	17.4	29.2	39.1	39	35.1	41.5	52.5	56.1	45.9	39.2	38.3	52.1	85.4	81.3	93.3	91	89.7	95.3	76.6	72.2	128	123	124	127	125	125	146	163	201	216	184	188	197	164	246	212	180	169	135	106	99.3	91.7	113	101	95.9	95.1	94.1	100	103	102	103	103	96.6	105	93	88.8	93	96.6	102	97.4	103	107	160	134	116	102	97.5	97.8	90.9
