146	162	178	198	186	181	199	95.8	92.5	86.2	112	106	103	136	161	151	128	134	112	103	143	153	115	91.8	101	88.2	90.6	93.9	104	102	98.6	128	126	143	122	200	233	226	285	226	186	273	316	309	271	256	289	289	287	247	209	167	175	161	161	139	126	126	116	113	91.2	108	87.6	87.9	97.5	94.3	99.9	109	91.7	105	104	116	116	123	118	169	149	133	123	121	122	88.7	79	66.2	71.7	63.7	79.1	80.5	113	102	84.9	31.7	45.2	31.9	18.9	22.8	21.3	20.6	25.3	30.8	30.8	43.9	35.9	47.8	46	40.8	45.1	32.3	34.8	35.8	37.6	34.3	21.9	21.8	30.6	43.1	63.1	58.4	48.8	70.6
175	211	247	239	233	215	219	157	147	125	139	150	124	108	125	118	86.8	99.4	108	119	151	154	82	112	102	91.7	82.8	106	121	144	141	159	144	117	121	125	131	145	198	217	238	304	374	355	307	288	289	236	206	201	185	148	138	130	120	56.3	50.3	34.8	47.6	52.4	57.8	62	51.1	41.3	45.3	38.8	34.7	47.3	42.4	37.3	49.2	77.5	67.8	66.6	73.4	123	110	105	109	91.1	99.7	85.9	85.5	74.9	66	60.1	57.1	52.9	46.2	40.4	44.3	33.4	33.5	31.3	30.3	26.2	23	18.5	27	29.8	33.4	35.3	40.3	43.2	29.1	24.6	23.7	23	24.7	31.1	25.4	23.8	20.3	14.9	23.4	24.9	35.9	58	49.9	67.3
194	232	259	230	220	223	252	184	197	163	165	143	132	95.5	168	118	93.6	103	128	125	106	86.4	73.7	97.3	87.4	78.1	81.4	112	112	148	153	125	106	88	103	133	113	125	156	228	301	258	309	327	296	280	246	212	188	202	182	182	143	128	107	54.9	44.3	45.5	36	38.2	75.3	65	46.3	41.1	37.4	27.2	43.3	33.4	28.6	30.1	37.9	68.4	66.7	59.9	51.1	101	95.8	76.9	95.9	94.7	87.7	80.7	89.1	77.5	63.9	63	57	43.9	42.9	36.1	37.2	27.9	28	28.8	33.2	25	24.1	18.1	15.9	25.6	27.4	36.9	34	31.8	21.1	24.9	22.8	20.4	15.4	14.6	17.5	18	14.8	17.1	15.4	16.5	24.2	52.2	66.2	59.8
231	235	272	251	240	269	299	202	192	177	194	171	139	106	122	105	113	101	133	128	87.2	77	72.3	103	95.7	87.4	91.4	118	106	115	110	127	114	93.3	87.7	118	100	122	138	213	228	216	258	270	239	247	238	196	191	193	171	162	126	107	96.1	33.7	35.3	54.8	59.1	64.9	48.5	46.2	66.8	58.2	42.6	37.3	42.2	28.2	21.3	31.6	41.6	68	62.8	58.9	46.7	79.8	73.1	67.5	82.6	90	88.5	85	93.5	74.6	59.7	55.2	53.9	41.8	37.4	33.1	32.4	28.3	26.6	30.7	33.9	20.2	16.9	14.3	15	25	39.1	43	24.9	25.6	18.5	22.9	35	20.5	13.4	13	13.5	10.6	18.2	21.2	11.7	16	25.9	56.2	56.8	68.3
237	245	282	272	298	326	337	221	204	227	230	180	139	176	111	123	115	119	182	115	85.7	106	80	110	106	114	123	110	125	110	85.4	103	116	103	105	107	91.8	129	128	176	199	213	215	235	211	199	199	209	160	151	134	125	134	105	88.2	36.8	41.6	49.6	59.6	61.7	53.7	43.1	60	66.2	56.9	56.7	37.5	29.7	28.3	18.8	22.4	46.1	50.1	71.3	57.5	61.9	71.5	78.1	75.5	88.9	84	80.8	78	60.2	56.5	52.3	50.6	39.2	35.5	34.6	31.7	34	31.7	36.6	29.2	15.2	14.8	16.3	12.5	22.2	35	35.8	22.2	22.9	25.5	17.7	19.5	16.8	15.5	14.5	10.8	8.19	14.7	13.6	17.7	28.5	30.8	37	34.8	53.9
208	231	254	211	242	257	266	191	179	161	173	185	187	156	123	165	135	132	202	259	179	175	163	180	171	258	230	160	161	145	106	89.7	83	119	141	112	91.2	104	128	107	107	87.1	96.3	132	127	129	136	149	146	136	125	109	124	103	103	80.5	75.3	94.7	91.6	84.6	63.4	53.1	87.7	88	79.1	70.5	49.6	40.9	35.9	18.7	15.9	37.5	48.8	60.2	54	84.2	65.8	69.6	65.8	65.1	69.3	72.4	77.8	54.6	51.7	49.2	44.8	26.8	26	24.6	23.5	7.26	7.65	9.7	4.3	15.8	16.4	13	9.21	31.9	52.8	43.4	33.7	28	19.2	12.9	21.3	23.7	18.9	19.7	8.91	8.16	15.1	12.5	12.7	11.9	22.5	19.2	20.2	39.6
195	218	250	223	254	243	272	177	175	131	155	167	216	181	183	150	105	109	146	189	282	299	222	180	150	165	198	143	155	123	94.4	84.5	93.7	103	114	108	96.5	126	148	109	75.1	88.5	86.5	122	109	119	110	134	127	113	105	84.8	88.2	82.7	81.6	70.1	68.7	76.7	78.1	96.2	80.2	69	93.1	77	70.2	90.6	56.4	37.6	35.4	25.6	26.6	39.3	39.6	41.7	53.6	59.5	63.5	55.5	95.2	55.3	64.2	76.4	87.3	59.2	52.7	50.8	44.6	26.3	23.4	22.9	23.5	19.3	7.81	6.01	5.67	10.2	9.63	9.42	5.76	25.8	30.6	26.9	20.9	11.8	10.8	7.47	4.17	11.4	9.57	10.6	11	6.75	8.88	14.4	8.97	6.99	9.99	16.6	13.9	24.4
198	213	265	230	267	287	282	167	146	116	142	165	146	145	211	231	163	117	146	208	252	252	262	193	165	171	186	162	117	100	101	97.5	108	94.6	147	142	81.4	76.8	82.2	101	68.3	83.7	77.6	99.4	90	100	103	124	112	98.6	89.8	68.4	60.8	61.1	59	62.6	66.3	54.5	68.2	118	123	92.9	106	97.3	79.8	84.7	69.1	45.2	41.5	40.7	44.4	72.1	39	39.3	59.3	49.7	49.8	51.3	76.5	51.6	76.5	77.2	83.8	59.2	52.3	48.6	46	28	22.9	21.5	19.1	6.59	14.7	5.03	6.04	5.37	4.62	4.14	3.12	22.7	18.2	15.5	11.8	8.76	9.3	8.01	7.44	7.5	7.23	9.12	15.3	2.58	5.52	9.9	9.69	6.36	8.28	13.7	10.1	15.5
205	227	256	229	276	297	318	164	139	121	156	133	155	126	115	169	189	174	202	356	390	296	326	210	196	180	206	143	134	121	115	104	107	113	99.8	103	57.5	52.9	53.8	93.4	61	67.5	68.9	107	104	86.3	98.2	102	95.1	91.2	79.5	58.3	51.4	50.3	55.9	56.6	61.6	59.9	55.7	132	138	133	123	104	113	86.1	60.5	39.8	33.9	47.6	37.4	57	35.1	34.2	55.3	51.4	47.1	44.2	52.6	64.6	84.1	58.4	79.7	56.7	53	48.1	46.4	27	24.5	21.4	21.8	3.9	3.27	2.53	3.05	4.44	3.78	2.61	4.32	22.3	11.7	9.03	6.6	6.93	12.4	7.98	1.89	5.01	5.16	15.8	9.54	2.34	2.91	8.31	14.7	8.37	8.82	13.1	9.24	13.7
154	137	182	215	199	168	171	129	109	116	178	193	159	142	147	237	236	269	216	312	455	375	259	262	276	248	222	159	205	197	179	175	156	144	133	128	92.7	64	46.7	57.2	62.2	50.7	46.3	79.9	76.1	59.7	57.2	73.2	69.7	69.6	52.8	35	29.2	32.1	39.7	28.5	35.3	35	38.9	53	68.3	76.7	63.3	98.5	99.7	80.7	55.6	50.5	53.8	38.9	34.2	36.8	33.4	28.1	37.2	42.8	42.3	43.3	45.2	47	51.2	55.5	71.1	49.9	40.7	40.5	44	28	28.6	21.4	18.5	14.4	13.9	12.8	12.3	1.56	1.08	0.75	2.37	10.4	9.18	7.26	5.67	5.85	8.58	4.92	11.3	22.8	11.5	17.9	11.2	1.74	1.02	14.6	21.4	17.2	27.1	29.6	38	25.6
140	141	209	199	175	168	168	131	134	126	165	162	133	139	161	185	179	229	245	183	205	262	216	236	353	302	210	187	243	215	203	190	207	181	124	120	107	67	45.8	52.9	48.7	42	56.9	45.6	60.1	65	58.2	75.4	86.6	70.6	44.9	30.7	28.8	33.8	27.1	38.9	32.9	25	29.5	43.6	63.4	55	53.3	101	89.2	73.5	68.3	63.6	64.9	45.3	30.7	37.5	31.3	28.2	39.2	37.8	37.3	45.9	42.7	38.6	40.8	46.3	61.8	41.3	37.9	35.7	43.1	27.1	21.4	18.9	19.9	15.1	13.5	12.8	12.3	3.39	1.41	1.08	1.11	8.13	7.98	6.45	5.85	2.91	9.69	12.5	15	23.6	19.9	11.3	16.8	4.95	8.43	17.9	31	28.8	35.2	36.3	41.2	34.3
123	170	209	209	217	194	161	158	165	167	142	149	146	138	144	185	145	154	195	232	238	200	225	272	286	274	280	223	230	343	245	185	157	139	148	144	128	71	67.6	61.5	44.6	53.9	54	45.4	54.6	64.1	80.5	85.2	83.1	61.5	49.8	35.1	29.5	29.6	28.3	45.8	70	21.9	23.5	44.3	38.3	59.4	52.8	104	94.5	92.6	101	76.2	58.4	33.8	28.8	34.8	31.2	28.2	30.2	35.9	35.5	36.2	39.9	34.6	37.7	40.2	44.6	37.7	38.4	30.3	29.8	24.1	20.9	17.7	17.5	14.1	13.3	12	11.4	1.11	0.81	0.81	0.72	8.13	7.41	6.9	5.49	2.19	6.84	0.24	7.05	24.6	16.5	14.6	26	21	20.3	16.5	47	52.1	40.3	46.5	46.1	22.3
159	221	290	261	220	197	180	180	168	160	170	155	152	167	164	206	161	176	267	237	217	173	173	224	222	243	307	282	299	311	321	214	175	157	178	165	148	98.4	77.4	65.3	38.3	51.7	49.3	46.9	50.3	76.1	82.3	89.6	83	66.6	51.1	37.9	49.2	30.4	25.4	21.3	37.2	29.4	28.7	56.9	58	54.9	49.1	117	98.9	114	88.8	70.5	63.3	47.9	43.2	26.6	28.8	25.4	25.8	33.3	35	46.9	41.8	32.3	34.9	40.2	40	37.5	34.2	25.7	29.4	19.7	20	22.5	22.2	14.1	13.1	12.7	10.6	5.34	1.14	0.84	1.29	11.4	7.56	6.6	6	5.28	19.5	0.18	5.82	28.6	12.1	16.6	38	30.4	27.8	35.3	42.6	39.9	44	52.6	48.4	18.9
150	250	283	200	154	163	129	131	183	134	152	204	185	173	165	186	306	258	282	218	243	185	178	164	290	284	298	362	395	341	286	148	143	123	124	126	119	114	82.3	62	41.2	32.5	50.7	72	66.8	99.4	142	92.3	82.6	67.7	60.7	61.9	51.8	40.3	37.3	40.4	38.7	32.6	29.5	59.9	86.9	49.2	42.9	116	109	125	145	124	113	93.2	77.6	47.7	41.7	37.7	38.4	40.1	40.3	40.6	32.1	27.7	24.9	28.9	23.6	31.4	25.1	33	38.7	30.6	30.9	36.5	33.3	17.5	16.7	14.6	12.7	27.6	17.5	15.9	7.97	13.3	9.96	4.38	1.89	13.3	15.1	7.5	5.1	19.3	13.5	23.2	36.8	32.9	32.4	28.9	43.8	38.7	36.1	47.7	36.2	24.3
161	206	203	139	139	168	153	127	157	185	185	200	238	197	209	200	259	386	384	357	195	196	163	176	192	240	278	309	256	270	248	156	176	101	107	113	111	79.4	70.8	39.3	60.2	65.1	67.4	78.7	70.1	85.7	114	87.3	74.8	70.2	66	56.2	48.2	42.3	40.9	43.5	36.4	31.7	27.6	68.7	60.7	106	35.3	82.6	83.7	85.9	104	130	101	80.9	69.9	44.2	43.6	36.8	33.8	35.1	28.1	26.6	29.1	25.6	23.9	35.5	24.8	34.2	44.8	29.4	35.9	37.9	35.6	31.3	30.3	18.8	16.8	15.4	12.5	23	20.2	15.1	7.48	4.98	4.92	5.37	5.97	8.43	12.4	8.01	9.15	13.3	13.4	24.9	29.2	26.7	22.7	26.6	43.8	30	31.7	66.9	48.5	43.3
139	156	162	137	143	161	121	149	151	181	172	210	236	249	347	403	407	436	390	413	234	418	317	219	222	288	292	306	257	239	211	120	142	118	117	120	131	122	118	80.1	106	68.5	61.1	76	84	97.1	137	90.4	83.1	79.3	74.7	61.4	56.6	66.7	46.3	70.4	39	35	36.6	60	67.7	50.7	35.6	65.9	65	75.1	86	111	105	87.1	65.7	45	46.4	36.2	35.6	26.8	30	41.7	42.7	23.6	20.7	29.7	19.3	28.5	38.7	29.2	31.6	34.9	62.5	42.3	36.1	19.2	20.2	12	13.2	23.5	20.8	15.3	7.66	5.13	8.01	4.35	12.3	9.33	11.3	7.98	9.09	21.3	20	21.4	25.9	19.9	22.5	26.8	30.3	42.3	39.3	67.6	50	40.5
136	141	168	165	135	155	135	186	182	158	151	262	280	293	369	374	341	335	307	237	228	370	407	337	270	301	295	342	260	221	195	133	154	178	173	143	142	145	222	109	114	95.9	90.5	102	132	126	202	99.4	88	94.7	91.3	69.2	63.3	79.5	55.4	69.9	60.3	54.4	42	54	67.3	51.5	43.6	62	70.7	76.7	77.6	111	97.7	78.7	68.5	48.9	42.5	40.2	37.4	27	28.5	39.7	31.9	23.3	24.2	22.3	19.3	28.8	30.3	30.5	51.7	41.7	51	88.7	43.3	17.6	14.8	12.2	12.8	23.3	21.8	15.6	7.82	6.51	5.46	4.23	2.82	6.48	6.12	3.93	8.28	28.9	23	24.1	28	18.7	18.9	24.5	27.4	34.8	29.8	27	31.2	23.9
121	109	151	194	164	188	228	174	173	144	127	229	254	332	422	307	271	326	235	218	272	275	268	291	259	268	230	210	195	168	199	117	138	127	127	133	111	113	171	142	170	172	169	136	130	110	119	114	120	165	131	51.8	52.1	49.1	38.9	47.4	53.3	74	34.1	36.4	57.8	43.4	33.6	34	30.9	34.2	30	40.8	34.7	24.2	19.2	23.4	23.9	11.1	10.9	10.5	4.38	5.2	4.76	20.5	17.2	28.7	29.7	93.9	89.6	100	137	99.6	75.2	71.6	60.3	20.9	19.2	15.3	15.7	13.8	21.9	14.1	13.2	0.27	2.91	2.91	3.06	3	2.82	3	6.78	19.8	18	13.9	13.7	12.2	11.8	11.8	11.6	14.5	13.5	13.6	12	6.18
130	115	148	158	147	242	217	153	162	147	139	228	303	342	450	398	328	345	235	299	254	258	212	201	212	246	234	174	159	166	179	128	152	163	146	161	145	150	166	168	191	230	200	152	138	111	136	118	113	154	142	61.3	44	41.1	55.7	55.7	116	119	63.7	52.2	56.3	42.5	50.3	41.7	28.2	28	40	49.1	29.2	25.8	24.5	19.4	13.7	8.7	7.38	10.5	9.44	5.81	15	27.6	25.5	25.1	40.2	87.4	88.2	108	122	86.6	70.5	71.8	49.1	18.8	15.4	14.5	13.7	16.2	16.7	14.2	13.6	0.57	3.75	0.18	2.97	6.99	3	3.39	3.18	9.03	8.76	8.73	8.73	7.74	7.11	9.18	10.6	10.4	9.81	9.24	8.31	3.42
154	163	141	172	148	189	224	158	128	140	152	226	339	375	446	394	336	397	350	300	282	266	254	202	181	188	183	187	167	170	185	122	161	156	206	175	185	242	191	204	171	190	192	172	127	120	135	119	126	126	144	67.3	50.7	94	56.1	68.4	146	131	89.1	52.2	58.9	84.9	62.6	51.7	41.1	31.1	30	47.3	60.1	42.4	32.7	15.1	10.8	7.7	9.25	10.2	7.48	6.78	14.3	24.1	24	44.1	48.8	69.3	76	106	131	69.3	64.1	51.9	33.2	16.5	14.4	13.5	13.2	14.5	21.3	15.8	16	0.39	0.18	0.27	0.3	3.27	4.41	4.65	4.14	8.97	8.97	8.73	8.73	8.31	8.4	8.31	9.15	10.1	9.48	8.91	8.43	1.23
226	227	160	216	188	192	241	172	152	155	148	266	345	367	406	428	405	351	387	328	325	287	286	245	204	193	206	184	187	198	206	166	179	195	216	210	215	227	193	179	160	145	177	203	168	122	111	108	122	116	142	76.6	52.3	93.2	52.2	50.7	58.5	78.6	56.9	68.5	48.2	54.8	47.4	41.1	31.9	38.6	28.7	42.7	102	121	50.7	16.9	10.6	7.95	7.95	9.48	9.37	12.7	16.8	33.7	28.1	62.8	35.6	62.2	78.9	90.3	116	56.1	54.4	37	30.2	15.5	15.6	12.9	13	14.7	15.7	16.4	16.6	0.18	0.3	0.3	0.3	1.8	3.03	6.39	6.51	8.97	8.97	8.97	8.97	8.55	8.58	7.44	7.83	9.03	8.04	7.62	6.87	0.96
186	194	209	181	188	138	144	150	136	148	141	201	249	288	320	359	380	296	297	281	253	216	213	205	207	214	178	135	139	144	128	113	116	131	151	160	172	154	172	126	94.1	75.8	75.1	156	140	96.9	84.2	66.1	76.1	105	120	85.5	84.1	83.8	69.7	81	89.1	67.4	51.2	53	34.4	42.9	37.2	43.1	48.2	40.1	46	114	162	152	124	29.7	12	6.65	4.14	9.02	7.69	12.9	8	35.6	20.8	40.2	34	60.1	62.3	78.1	76	33.6	32.6	29.8	26.7	10.9	13.5	13	14.6	26.6	28.9	29.9	29.7	25.8	25.5	25	23.3	28	26.7	20	17.1	6.62	5.22	2.76	2.77	5.01	4.86	2.7	1.14	0.48	0.39	0.33	1.2	0.09
157	192	199	194	136	125	151	151	138	155	135	180	204	246	302	316	316	307	287	251	251	239	237	187	180	169	158	130	131	128	134	90.4	95.1	113	114	113	128	91.9	106	98.3	81	69.7	59.6	104	101	126	92.6	89.7	75.5	69.5	90.3	84.3	68.3	58.5	59.3	97.6	82.4	66.9	48.6	41.1	33.7	35	49.7	57.2	48	41.5	63.8	120	138	176	164	118	33.5	29.1	17.9	11.3	6.92	9.02	9.72	23	23.5	21.7	33.6	55.2	58.1	96	57	29.3	24.4	37	33.5	23.2	23.5	32.5	37.6	29.6	31.1	31.7	31.1	26.4	25.8	24.5	23.4	27.9	26.4	22.2	18.1	6.32	4.37	2.76	4.26	5.01	4.86	2.7	1.14	0	0	0	0.57	0
165	150	195	156	130	128	185	166	147	169	172	200	182	226	266	302	394	337	306	281	294	238	215	188	162	142	130	135	139	134	145	99.5	85.8	99.5	86.4	102	121	73.6	70.8	88.3	74.5	84.2	61.6	111	76.2	75.1	97.8	75.5	58	63.4	83	105	97.8	81.9	72.5	125	93.9	88.2	95.7	55	44	45.8	40.3	63.1	63.4	48	56.1	148	149	198	170	162	64.8	43	24.5	6.64	6.22	5.9	5.12	25	22.5	18.7	22.5	37.5	46.4	58.7	63.8	30.8	34.8	48.9	40.4	45.9	44.4	45.6	36.6	33.4	34.6	41	34.3	28.8	27.7	26.7	26	29.6	27.4	23.9	19.2	6.37	4.08	2.89	4.07	5.01	4.86	2.7	1.14	0	0	0	0	0
168	127	146	161	156	128	167	172	139	134	173	169	190	212	267	315	387	362	293	305	328	288	252	238	149	134	133	138	149	156	203	122	85.6	77.6	76.4	87.2	130	72.8	98.3	92.7	80.5	83.8	67.6	85.6	90.8	84.5	94.7	57.3	67.8	70.7	82.3	157	130	95.3	104	134	104	97.2	127	79.6	66.2	84.8	60.4	67	59.1	47.7	65.8	211	196	154	184	179	54.2	37.6	23	6.69	6.23	9.99	5.18	29.2	23.8	22.1	22.1	41.5	40.5	42.3	55.8	28.1	29.3	36.6	45.4	68.7	62.5	61.3	43.9	37.5	48.6	47.3	38.7	32.4	32	30.9	29.6	32.8	29.8	25.7	20.6	6.97	4.38	3.05	4.64	4.31	5.01	2.7	1.14	0	0	0	0	0
182	144	169	143	169	149	137	164	158	173	194	191	206	200	196	230	268	301	263	347	327	407	377	255	195	182	174	174	180	189	232	176	142	111	109	55	55.6	68.7	78	70	66.1	111	97.9	102	51.9	44.9	47.2	51.2	80.7	82.7	88.6	135	125	122	96.9	83.3	101	116	128	97.1	95	98.6	115	80.6	81.8	76.1	67.8	102	124	130	175	113	85.5	72.5	47.7	34.6	42.4	39.5	18.9	25.4	18.9	16.4	15.4	18.1	17.8	27.3	26.6	34.7	32.5	41	72.7	79.3	97	127	83.4	64.2	65.4	55.6	53.5	50.4	52.7	50.1	48.7	49.6	42.6	37.2	30.5	12.5	9.59	5.16	4.41	5.76	4.78	3.34	3.11	2.83	2.64	2.33	2.33	2.52
241	200	230	134	141	142	125	142	152	175	193	190	179	183	190	284	266	264	249	291	285	312	278	223	196	182	174	166	176	178	220	183	157	148	119	61.2	95.1	76.8	59.3	56.9	64	82.7	75.5	77.2	63	57.1	44.4	53.6	79.8	71.6	97.4	147	110	96.7	73.6	88.3	84.5	129	154	116	122	128	103	90.1	96.5	104	79.8	92.1	118	187	189	92	68.8	66.1	49.4	55.4	76.6	45.7	22.4	26.7	19.2	17.4	15.8	16.6	20.5	21.6	17.3	26.3	36.1	38.6	38.1	57.8	69	70.3	60.8	58.6	53.3	51.4	53	54	57.6	55.2	57.6	54	46.6	38.8	31.6	15.3	14.3	6.05	4.93	5.8	4.77	3.71	3.19	3.73	2.54	2.33	2.33	2.52
198	214	215	110	108	124	130	153	224	197	223	215	189	188	189	257	239	299	265	290	270	265	251	221	207	199	188	181	178	181	208	212	173	139	123	58.4	87.2	56.3	49.5	68.8	62.8	59	80	97.2	103	90.6	64.8	58.5	55.9	97.4	103	117	94.5	76.6	65.4	82.8	81.1	145	183	157	164	140	115	107	109	105	94.5	107	100	147	128	94.2	75.9	67.2	77	101	59.6	38.9	19.6	22.2	20.2	21.9	16.1	13.7	18	13.1	13.8	28.5	31.1	33.4	32.7	43.8	45.9	38.4	39.6	45.7	47.7	53.3	73.4	61.3	61.4	65.4	60.4	57.8	47.6	42.3	34.8	18.6	11.8	7.79	9.27	6.44	5.25	4.29	3.62	2.81	2.65	2.22	2.04	2.52
224	246	196	116	99	103	136	140	178	221	226	262	245	199	201	228	238	271	330	349	282	283	258	246	249	212	214	182	184	185	192	243	247	189	152	73.8	86.7	71.2	57.5	110	101	71.7	117	110	104	98.4	80.3	74.1	68.5	120	131	138	124	80.5	83.9	96.5	86.6	160	291	132	133	133	127	125	121	107	97.4	139	132	157	118	92.1	85.3	75.6	60.2	58.8	41.3	30.7	21.5	22.4	19.5	17.4	15.9	13.1	20.2	21.7	15.3	25.9	31.5	30.6	33.4	37.4	36.1	35.6	36.7	43	44.2	51	51.9	58.7	73.8	74.7	56.8	53.9	46.6	40.6	38.3	30.1	13.4	10	8.7	7.05	5.84	4.98	4.23	2.89	2.46	2.14	1.91	1.47
156	143	139	125	137	158	187	115	127	132	143	185	190	184	197	254	292	276	310	409	245	235	206	246	263	241	229	191	211	241	228	281	308	263	267	190	159	151	125	153	153	145	158	154	112	109	128	120	111	102	108	77.6	87.7	75.9	81.4	86.7	85.6	111	122	121	120	146	134	123	115	107	104	110	108	135	99.4	78.3	61.1	59.9	49.5	25	22.7	22.1	19.8	26.2	23.2	22.8	19	21.3	12.6	15.3	13.9	28.5	22.7	21.7	27.2	17.1	15.9	17.2	18.4	41.4	34.2	36.9	49	70.7	75.9	69.2	61.3	43.1	38.3	34	34.5	29.5	27	16.1	13.3	9.51	7.24	6.06	5.26	2.37	1.82	1.53	1.32	0.774
107	111	143	131	152	166	207	96.1	118	120	126	172	167	163	190	240	258	287	315	325	220	209	239	261	247	239	229	212	246	249	237	243	258	239	246	196	172	138	134	165	168	167	145	174	155	128	171	144	114	106	88.4	84.4	102	86.5	79.9	88.8	80.4	99.8	112	129	136	130	140	133	122	114	102	84.7	87.3	77.5	94.1	84.9	56.5	51.4	43.5	26.3	24.4	22	24.2	26.5	24.9	23.5	20.4	17.1	11.9	11.2	14.4	19.9	22.7	36.7	40	25.5	18.6	19.8	20.6	30.9	34.8	39.1	47.2	58.1	73.2	66.3	62.6	43.4	38.9	40.8	35	23.2	18.8	14.4	13.8	10	7.61	6.23	5.22	2.24	1.81	1.47	1.77	0.683
105	98.5	119	144	162	172	205	116	128	117	164	194	179	184	178	212	211	249	277	268	251	251	259	304	265	259	266	234	248	253	248	239	219	220	229	221	171	161	147	176	174	175	160	185	161	156	180	164	135	117	108	87.3	93.9	97.6	79.4	99.6	99.6	97	103	127	130	143	151	152	130	118	107	80	76.5	85.6	106	104	61.5	50.6	50.3	33.6	28.6	24.9	21.8	27.7	24.1	23.5	21.2	19.3	11.5	12.9	14	18.9	36	25.4	24.5	20.9	24.9	17.9	18.7	32.7	37.7	46.3	50.6	60.2	61	65.4	54.5	41.9	39.2	38.4	37.1	23.3	16	13.1	12.5	10.2	9.56	6.99	6.04	3	2.6	2.22	1.83	1
103	105	124	177	168	166	221	130	115	133	164	172	166	190	210	217	226	245	235	298	267	259	265	263	270	286	310	285	292	301	261	232	204	216	239	233	214	178	148	192	190	177	202	197	196	189	174	173	158	136	125	110	87.3	81	82.1	117	140	101	113	136	125	135	143	182	159	145	136	94	99.1	94.3	115	93.4	64.9	66.7	57.9	44.5	33.2	29.7	24.7	29.4	25.1	24.9	24.1	28.1	22.2	14.8	14.7	21.7	27.8	21.2	28.2	24.7	24	21.3	26.6	39.3	42.5	49.7	54.2	54.3	51.8	54.2	54.2	40	37	34.7	32.7	22.1	17.3	12.9	11.9	11.6	10.2	9.73	10.1	4.39	4.15	4	4.3	1.77
161	169	171	154	146	146	166	159	165	176	190	198	208	215	255	281	278	293	311	303	272	257	280	236	254	318	290	357	281	292	308	250	242	247	239	211	233	243	235	232	209	196	210	196	197	211	206	202	162	173	132	111	112	101	92.7	81	76.9	72.6	91.1	120	108	135	131	128	154	138	149	105	104	107	149	103	92.6	95.2	87.6	65.7	54	45.2	38.8	29.3	23.8	20.1	21.1	18.5	17.9	6.52	9.2	17.8	17.5	12.8	19.3	33.2	30.8	37.5	38.3	67.1	66.8	66.5	83.1	47.2	39.1	34.1	28.2	21.5	26.7	25.3	25.9	19.5	14.6	14.9	14.7	10.5	8.81	10.2	8.81	11	11.6	13.7	13.1	6.29
172	211	223	181	158	152	171	161	159	181	187	208	208	224	243	270	267	283	313	286	282	264	279	236	249	258	249	289	290	257	258	220	202	207	214	236	209	235	241	256	222	212	233	232	229	232	259	205	172	155	137	111	109	109	95.7	84	70.8	78.7	81.1	120	95.2	116	138	135	144	139	135	123	112	102	133	110	112	114	128	87.7	64.6	54.5	43.5	30.9	25.5	21.5	21.7	16	13.5	8.78	12.7	19.3	16.2	14.2	20.1	31.4	28.1	41.5	41.2	69.2	64	68.9	78.9	60.5	52.9	41.9	37.4	27.1	28.1	20.3	18.9	22.8	16.5	14.5	16.5	18	13.1	11.2	10.7	14.6	14.5	17.7	15.1	10.5
211	195	190	201	161	160	174	161	161	160	172	204	205	235	255	259	268	282	301	308	293	300	299	244	231	245	276	340	256	257	245	203	195	222	220	251	213	195	228	263	256	251	263	253	216	221	256	205	192	165	160	135	138	135	97.4	85	72.7	60.5	73.2	112	111	128	133	138	162	150	150	145	132	128	138	110	99.7	115	145	96.6	75.7	62.6	54	35.3	29.4	28.3	20.7	11.6	7.15	7.91	12.3	27.4	17.8	16.4	18.7	31	30.3	45.1	47.7	78	68.2	72.6	83.2	77.1	63.2	61.8	37.8	30.4	29.6	24.8	21.9	26.7	20.9	16.1	18.8	13.9	16.8	13.2	18.2	22.3	20.5	19.1	16.8	12.3
201	222	200	187	187	177	199	183	177	187	194	202	226	249	269	268	263	290	307	336	317	364	305	253	242	252	301	355	294	249	219	209	200	215	242	237	240	213	277	274	246	230	250	250	225	247	272	224	215	184	182	136	147	156	123	104	68.1	64.1	67.2	116	110	111	139	139	184	188	129	158	132	141	156	137	127	146	132	104	115	79.1	66.6	41.2	34.8	30.5	26.2	16.5	8.43	8.16	14	31.7	29.2	23.9	24.5	39.5	37.4	46.9	49.5	84.8	86.6	89.1	104	80.1	69.8	60.5	41.1	31.5	29.9	30.4	32.7	29.8	24	20.4	15.3	14.3	14.4	16.9	21.6	29.8	24.7	21.9	18.3	13.1
291	246	265	180	187	217	230	205	227	231	187	176	196	228	252	220	242	255	328	242	255	285	261	201	187	220	275	346	323	246	211	201	189	194	225	226	206	214	244	230	225	209	215	233	229	241	255	239	238	221	210	150	153	178	129	87.6	73.8	82	83.5	105	97.9	108	128	95.9	119	119	123	157	171	183	237	147	121	139	136	97.4	90.3	102	87.5	57.4	33.1	26.3	23.9	16.4	11.1	10.2	10.3	21.6	22.3	20.7	16.3	22.4	28.5	29.6	37	83.4	95.3	104	106	61.9	62.7	54.3	59.1	42.4	32	31.6	33.1	31.2	24.6	21.5	20.6	18.5	18.2	19	23.3	35.6	29.7	28	23	13
292	268	266	178	186	200	218	201	250	221	200	172	187	207	238	198	210	257	284	277	259	243	250	220	192	212	241	222	259	278	229	213	200	206	193	209	207	245	273	227	234	220	233	248	239	233	213	249	247	245	235	164	143	177	135	96	77.6	75.1	102	108	102	107	136	106	92.2	125	131	210	187	172	183	135	122	121	139	106	95.8	94.5	126	64.4	43.8	30.1	21.2	16.2	17.2	16.8	17.2	27.8	26.9	23	22.2	23.3	29.5	34.4	43	71.8	74.8	81.1	85.6	69.4	64.7	68.7	67.5	50.5	41.2	40.6	42.6	36.9	29	24.2	24.2	22.5	23.1	25	31.6	37.4	37.1	30.8	25.4	15.1
286	330	287	203	220	202	202	197	266	241	198	178	179	212	274	228	273	262	243	261	267	270	283	250	226	226	235	242	256	250	241	241	205	206	232	217	224	245	276	233	229	215	220	227	237	255	219	239	261	251	207	155	150	140	153	112	88.8	88	124	160	120	129	186	194	115	106	115	182	171	145	193	129	174	133	155	150	133	92.1	82.1	52.3	46.3	31.9	32.1	21.1	31.2	17.6	15.9	20.9	27.2	23.9	27	34.7	39.2	34.7	45.7	82.6	69.9	60.9	81.9	73.5	73.3	69.7	68	70.1	62.2	54.7	50	38.1	33.1	31	27.3	27.3	24.9	25.5	24.8	32.8	33.9	28.8	26.8	16.9
327	345	384	271	244	208	205	185	204	198	192	194	195	215	238	223	264	295	279	286	283	277	328	340	257	254	275	275	268	286	281	256	214	200	222	219	242	261	262	224	205	189	201	227	236	229	214	261	267	269	258	166	155	135	146	137	119	109	129	189	164	154	175	164	134	114	135	182	196	191	205	167	198	143	151	176	214	101	82.2	72.2	70.1	39.5	37.6	27.5	41	35.2	17	21.6	37	34.8	33.1	50.7	53.6	43.9	51.4	99.5	86.8	82.8	99.8	87.4	80.5	92.4	89.2	122	92.7	70.6	58.1	39.7	37.5	37.2	34.7	35.9	34.3	28.9	26.5	30.8	32.8	27.7	28.9	31.6
300	320	307	222	218	238	181	146	148	163	148	174	199	194	246	234	237	242	258	257	305	291	305	415	320	293	318	263	189	196	210	260	248	230	253	261	249	238	233	222	193	199	188	218	271	272	243	226	237	285	256	174	127	126	125	115	116	95.6	173	121	111	140	190	122	159	193	193	203	176	205	190	192	144	119	169	189	131	99.5	86.5	65.6	58.5	64.6	51.2	39.2	76.4	37.1	18.9	44.7	48.5	27	34.5	71.2	61.5	68.5	58.9	77.5	68.6	79.1	108	122	84.9	89.8	120	118	87.6	80.1	62	43	38.4	35.5	31	32.1	31.7	27.6	24.2	25.4	23.7	22.8	22.1	23.4
257	258	259	178	178	158	159	134	131	126	138	153	168	213	240	208	224	228	239	247	342	311	300	349	249	189	181	200	225	179	225	268	253	295	258	234	232	216	214	204	190	181	182	237	245	251	259	222	215	226	238	175	134	139	130	122	104	108	118	141	122	145	193	156	171	178	184	189	186	142	173	202	170	167	152	188	116	99	89	75.8	65.1	64.6	64.5	64.7	60.2	30.2	23.6	43.1	35.6	33.8	28.8	70	62.7	65.8	57.1	80.2	63.3	69.9	66.9	79.1	80.3	106	107	95.1	71.5	69.5	61.9	44.5	39.5	35.4	33.4	28.3	29.5	25.5	24.8	26	23.6	22.1	21.2	21.4
249	245	237	187	178	154	158	140	127	135	135	159	159	182	227	204	202	208	220	236	281	349	343	375	342	216	222	152	156	234	216	256	277	292	253	228	220	230	236	202	214	185	174	243	226	222	271	235	220	229	233	165	147	147	143	153	118	143	140	223	172	156	235	244	192	190	177	152	144	140	170	169	179	177	151	162	117	112	101	84.7	72.2	73.5	80.7	62.6	39.6	52	41.4	46.6	40.8	47.7	40.1	66.9	70.5	45.9	45.1	84.4	69.6	51.1	67.6	78.3	81.4	97.8	98.3	73.1	62.2	52.2	62	52.1	47.2	40.8	36	27.4	27.5	26.6	26.7	27.3	26.4	24.4	24.8	23.2
247	244	240	255	210	191	229	159	136	147	152	177	169	181	216	223	201	204	221	245	292	299	265	313	316	267	253	177	166	197	251	292	292	278	239	257	260	236	238	232	227	216	263	245	224	234	254	246	250	251	235	183	173	167	161	187	207	224	199	245	211	230	220	202	201	195	193	169	132	163	229	246	158	165	157	162	133	120	120	102	93.5	93.2	99.3	65.1	49.3	105	71.8	88.7	67.8	68	54.3	100	103	75.9	59.4	78.7	67.2	78.5	98.6	78.6	76.3	80.5	84.3	69.5	58.4	60.9	53.7	54.2	55.1	47.9	40.2	29.7	29.1	26.4	26.7	30.6	28.8	25.9	27.4	27.3
208	201	203	193	175	167	186	174	152	169	190	170	182	177	191	146	191	244	294	212	235	277	284	299	304	316	301	216	196	254	337	232	219	210	192	229	249	241	227	263	247	258	351	261	241	267	309	237	248	220	197	165	144	153	174	139	237	317	328	410	328	334	260	351	299	220	223	164	122	132	223	275	180	197	234	253	158	149	131	124	97.3	91.8	114	123	84.6	117	96.4	59.6	42.9	60.2	50.3	89.8	76.4	56.2	85.2	80	93.1	163	107	74.1	68.2	67.4	74.5	70	65.7	60.9	60.2	65.9	62.3	58.3	55.2	29.9	28.5	30.1	24.2	31.9	28	22.4	25.8	26.5
186	186	191	204	178	179	167	180	168	160	165	139	138	151	141	99.4	121	182	241	181	194	234	293	298	317	302	269	258	215	263	425	255	262	194	177	180	201	218	229	259	229	256	252	238	244	242	269	195	187	192	194	155	136	150	174	130	152	224	256	345	368	281	304	381	261	214	216	171	122	121	149	270	330	142	197	226	275	150	173	128	98.1	95.5	123	92.8	92.6	72	82	98.3	60.7	74.4	67.8	99.8	86.4	71.5	93.9	97.7	104	118	91.9	80.6	75.4	77.4	75.4	75.2	71.7	68.1	74.9	71.8	66.3	61.9	57.2	40	49.5	30	25.6	35.7	26.2	26.6	29.3	28.6
194	185	208	204	174	178	190	189	178	195	180	150	130	118	112	87.2	97	112	157	215	281	227	302	346	271	257	281	423	267	276	389	279	259	224	203	201	207	212	235	255	242	221	217	256	248	273	309	207	203	214	217	155	143	138	181	142	162	177	241	308	314	279	306	282	225	206	211	179	150	136	149	275	318	153	205	219	229	167	164	133	115	90.6	90.4	126	108	80.3	103	99.5	49.8	101	110	119	94.7	67.8	87.6	120	113	111	96.6	100	84.5	85.2	86.6	122	86.5	80.3	82.7	76.4	69.3	65.3	57.8	42	50.1	56	41.1	38.1	29.6	27.1	33.2	30.5
250	202	220	213	192	180	195	209	189	175	189	157	120	112	111	101	107	108	129	240	303	248	279	357	338	239	239	283	313	295	329	298	275	246	277	270	249	285	279	291	259	239	206	289	307	354	348	257	237	214	196	168	138	129	171	116	129	146	218	318	333	306	280	310	278	199	170	220	243	225	231	226	201	195	200	205	174	207	232	162	156	103	92.1	106	122	105	92.3	86.1	85.5	105	84.1	117	103	95.6	99.8	141	142	145	122	112	97.8	117	117	148	110	89.8	84.2	82	76	68.7	58.4	42.8	46.3	69.6	40.2	34.5	30.6	30.9	26.5	26.1
190	202	219	193	177	171	177	173	180	158	152	131	125	136	140	130	129	134	118	131	152	182	213	214	286	232	253	209	247	261	259	308	300	332	365	252	251	256	304	217	207	308	189	192	271	307	319	242	238	175	168	149	99.1	89.8	110	82.7	86.1	127	192	256	295	293	345	257	250	198	191	196	242	224	255	231	216	235	272	264	229	307	251	232	186	169	116	93.2	98.7	88.2	91.4	99.6	112	91.2	76	91.2	81.8	93.6	103	121	115	119	120	142	94.1	99.4	109	87.7	82.2	88.9	87.4	72	63.7	58.3	49.7	51.2	62.2	55	51.1	57.6	25.7	20.1	18.6	19.7
185	197	217	208	209	177	176	174	161	166	186	146	139	169	187	143	128	137	141	147	153	168	187	227	282	223	228	245	236	283	291	270	285	308	344	228	220	225	229	204	192	189	185	166	229	313	323	248	232	191	177	146	115	113	127	91.8	85.9	118	124	190	178	209	282	310	314	237	266	224	202	197	241	326	255	237	248	233	304	222	256	201	164	144	144	148	101	98.7	108	143	85	103	80.8	103	78.3	88.1	112	129	109	99	91.4	122	97.8	93.9	94.6	78.4	87.9	87.1	75.2	73.6	69.2	70.6	59.4	49	59.8	51.3	45.7	52.3	24.8	23.1	21.8	20.9
193	197	210	223	216	200	198	169	175	197	224	195	164	201	196	170	150	163	164	153	167	192	188	192	195	240	266	324	257	249	263	288	297	308	318	238	218	206	202	223	201	193	202	191	220	255	247	248	201	184	191	178	172	151	159	129	90.2	121	144	170	151	135	191	313	282	259	287	220	180	192	270	263	258	251	225	284	327	224	272	209	194	184	168	168	122	114	132	168	137	98.5	85	108	90.7	98	112	121	96.2	85.3	85.6	131	98.7	96	92.6	91.1	88.7	76.5	72.5	71.2	63.1	64.4	60.1	64	61.1	51.5	40	32.2	35.2	33.8	29.1	25.3
190	200	227	248	223	217	266	191	179	195	205	200	210	226	231	178	171	161	165	174	173	188	209	206	195	212	301	301	322	232	239	253	264	282	309	272	213	218	197	217	198	239	199	204	200	235	257	228	216	279	324	208	187	274	167	135	158	153	198	190	145	168	220	323	368	334	308	245	230	229	261	297	324	298	272	312	261	231	261	176	244	236	171	182	158	177	158	171	132	118	111	125	106	108	120	134	107	95.8	97.6	128	103	103	98.1	86.4	78.9	76.1	69.6	69.6	64.5	62.3	57.1	66.5	48.5	41.8	40.4	35.4	29.1	28.6	28.8	20.5
177	209	258	275	279	264	272	227	211	221	228	194	191	208	234	170	165	179	216	178	166	179	181	163	170	220	205	231	250	267	270	225	215	227	276	230	214	244	249	193	204	188	183	170	193	178	201	199	219	285	261	166	224	182	135	175	100	146	156	111	142	123	151	164	171	224	192	217	222	232	240	182	202	217	215	258	267	274	273	146	138	199	220	268	250	245	222	215	205	153	188	106	91.9	82.9	82.5	75.4	64.4	56.8	55.7	76.6	73.6	100	84.1	60.7	58.2	53.5	49.4	52.5	57.3	57.9	53.1	40.5	30.6	30.3	26.7	21.9	18.5	18.4	16	13.4
174	199	239	268	267	267	284	234	223	214	231	184	200	220	183	184	167	189	218	169	162	177	175	174	170	192	208	298	225	275	281	235	207	204	243	190	179	229	224	183	170	187	185	204	175	189	205	219	255	228	260	169	227	189	139	144	137	156	99.7	134	132	134	125	181	172	205	197	234	209	213	211	190	204	195	200	207	253	228	220	168	134	176	258	261	219	198	212	232	156	124	143	129	112	86.4	82.5	79	64.4	60	53	71.3	65.5	76.6	78.1	56.7	57.1	54.9	51.6	56.8	58.4	61.5	50	38.2	33.7	32.1	28.9	25.1	18.5	16.1	13.3	10
173	188	221	262	271	284	308	265	231	223	240	199	183	192	188	237	194	190	200	175	176	217	190	192	182	184	203	242	252	229	234	239	200	186	209	201	215	199	185	196	170	194	307	195	187	165	198	220	236	247	294	165	135	171	137	157	136	172	130	99.6	115	161	165	250	183	163	196	223	210	228	236	180	205	183	180	220	176	187	232	174	153	204	274	215	187	194	232	182	180	127	107	115	121	104	97.3	95.5	83.6	58.6	55.4	70.4	63.1	69.3	70.8	52.3	55.9	51.1	47.2	54.9	54.1	47.9	44.1	42.2	32.7	34.7	30.2	20.9	17.7	14.4	12.8	9.59
197	214	238	275	265	279	317	287	252	247	243	248	203	266	190	222	216	215	214	179	193	238	199	203	210	189	199	251	276	257	246	235	206	192	232	262	248	204	184	207	186	183	204	223	209	181	202	239	297	242	239	150	156	139	174	256	177	170	171	135	212	187	164	264	219	187	179	231	220	270	263	273	248	200	174	213	179	187	265	261	215	292	422	219	210	244	328	267	176	154	107	115	109	115	113	99.2	85.2	71.5	73.4	80.1	73	65.5	66.2	48.6	54.4	58.5	43.2	47.4	50.4	41.7	38.4	52.8	37.1	29.9	25.7	20.6	16.6	12.2	10.4	8.85
279	346	430	373	348	329	357	241	221	198	233	183	185	196	220	192	190	196	193	166	181	199	218	205	214	202	193	206	203	215	213	261	248	227	241	192	188	172	166	160	174	164	206	189	157	173	181	268	270	267	269	200	149	144	181	332	224	207	246	194	253	252	251	208	218	234	229	232	225	205	233	237	228	275	240	250	268	251	309	325	298	258	269	146	146	237	332	198	126	105	74.5	102	121	94.2	101	95.4	87.5	81.9	83.7	78.5	73.7	57.5	57.3	50.3	54.5	57.2	47.3	42.7	40.1	37	40.3	44.6	46.7	36.9	34.3	28.3	19.4	13.3	12	11.4
269	352	426	387	350	316	319	225	280	215	180	160	151	173	191	171	178	173	174	204	189	203	227	221	226	182	204	210	197	182	186	174	171	171	175	172	178	168	174	170	290	168	197	165	164	152	194	223	205	205	241	196	119	110	109	160	191	197	139	181	255	246	211	210	206	231	246	253	232	204	205	218	214	229	227	246	248	234	291	346	374	289	283	223	132	167	210	180	162	96.6	82.7	101	144	103	90	95.7	90.6	80.5	77.6	69.1	64.7	54.3	54.9	59.1	50.2	48	44.3	43.9	40.1	44.9	45.6	37.1	47.3	34.7	29.6	24.9	18.5	15.8	12.4	9.97
265	340	393	395	386	319	324	250	268	194	188	161	158	160	170	156	157	155	154	183	204	211	232	245	241	211	184	179	173	155	172	158	155	241	172	130	236	232	171	226	299	190	230	176	168	165	191	208	203	170	126	181	125	123	102	125	219	194	148	185	187	164	215	257	219	228	241	224	218	221	204	239	259	212	238	291	257	247	287	340	345	292	293	185	162	170	175	180	129	126	108	107	101	87.1	89	89.3	94	78.6	74.4	74.7	64.1	48.9	50.5	56.7	52.3	54.2	42.9	45.5	40.1	34.5	48.9	37.5	45.2	30.1	25.9	23.7	18.4	15.4	13.4	7.75
256	338	454	408	391	334	326	256	215	206	194	172	171	253	192	168	145	143	147	169	212	216	227	228	215	195	184	171	176	169	170	140	159	235	186	182	155	193	152	202	192	198	233	201	228	226	282	387	273	131	114	121	110	139	120	158	170	175	234	189	126	165	193	237	226	227	221	246	209	214	193	218	274	274	316	301	290	286	310	344	348	345	310	207	215	195	224	161	144	163	227	137	90	83.9	96.1	85.1	84.1	81.5	87.3	75.7	58.9	52.5	49.5	56.7	47.5	46.3	42.5	54.6	42.9	38.6	43.2	36.5	44.2	31.2	22.6	20.2	16.9	15.1	12.6	7.49
247	311	347	374	375	379	406	250	249	238	270	212	167	191	168	166	159	168	185	179	214	217	225	212	204	190	192	167	162	165	177	150	140	144	155	174	138	126	136	164	174	125	155	224	361	420	485	343	264	158	139	141	167	136	140	190	230	178	194	219	194	194	245	261	230	214	213	274	265	323	287	282	310	393	383	333	328	382	453	275	295	311	309	231	214	244	230	194	173	159	194	137	125	114	97.3	74.4	75.3	71	72.5	94.4	75.5	66.5	72.8	65.4	52.6	46.7	43.4	58.9	41	41.9	44.1	24.7	21	19.9	17.6	13.4	16.3	13.5	10.6	10.4
249	360	373	344	298	300	354	253	209	220	224	190	200	162	144	159	164	186	201	182	190	224	230	213	195	183	186	163	160	157	150	139	133	135	139	118	125	125	132	117	103	118	138	160	216	263	245	230	211	180	128	105	131	110	144	212	237	143	167	205	210	173	234	246	234	215	227	252	245	270	261	276	303	334	342	314	287	352	423	274	309	272	309	287	251	227	220	217	145	139	173	122	115	97	76.6	62.8	55.9	57.1	55.5	66.7	87.2	65.4	75.6	69.1	49.9	40.6	37.9	41.8	53.6	39.2	46.8	26.5	18.7	19.7	16.5	12.2	17.5	11.6	9.87	10.4
157	253	329	353	311	266	322	238	200	182	202	209	186	158	122	141	143	154	151	164	182	204	204	206	186	184	177	154	144	154	166	144	135	146	147	117	126	117	113	99	110	129	131	153	145	185	240	205	332	200	146	100	98.8	108	88.8	148	126	134	160	220	215	202	208	230	252	249	304	312	304	222	229	274	306	346	338	252	267	308	360	327	306	269	277	260	238	270	253	215	204	194	125	99.4	98.7	79.9	104	67.7	51.5	54.5	56.7	77.5	73.7	65.2	64.3	71.7	50.4	44.6	34.9	33.1	32.9	36.6	29.7	27	24.1	22.6	17.3	12.9	11.2	10.4	10.6	11.8
143	177	219	273	269	249	318	207	198	189	193	289	237	192	142	131	152	167	168	181	202	211	180	197	171	177	167	149	151	156	161	178	143	135	148	172	131	108	104	99.8	140	115	116	181	187	185	233	170	195	306	170	115	91.2	83.1	80.4	117	136	197	161	177	211	221	178	241	238	229	255	300	239	214	217	270	272	286	331	246	249	301	363	336	267	250	234	227	230	247	247	157	132	160	150	95.9	86.3	95.8	72.1	63.8	57.4	57.2	60	70.5	59.9	70.7	74	73.6	65.5	57.6	41.6	33.6	30.4	26.8	35.5	36.9	34.5	22.9	19.3	15.2	12.8	12.1	11.7	13.7
143	168	212	210	274	238	211	180	160	169	206	205	211	239	225	159	172	225	202	198	195	194	194	162	159	160	158	133	138	159	184	183	156	152	159	130	136	127	122	109	125	120	98.9	163	139	158	192	181	198	236	182	193	175	165	156	140	126	151	176	164	141	174	184	226	220	192	223	274	242	251	255	252	274	239	237	251	264	334	272	306	251	228	239	201	224	208	208	163	152	147	171	140	99.4	82.9	79	66.6	57.4	54.9	64	59.1	52.5	55.3	56.7	66.9	57.6	53.2	48.5	49.4	37.8	35.8	48.5	43.3	38.7	32.7	28.7	29.6	22.7	19	18.9	16.1
136	145	239	213	227	180	186	144	133	137	156	183	176	181	176	154	169	216	177	170	161	162	172	156	157	141	141	125	142	163	165	166	160	146	160	135	125	141	170	222	241	204	120	109	127	128	157	181	164	157	179	228	194	178	173	154	173	156	165	180	207	250	213	218	200	210	196	237	242	233	224	234	260	247	232	253	321	269	247	225	203	215	237	210	252	196	228	176	158	166	184	124	80.5	66.7	74.4	64.8	53	44.9	44.2	49.7	46.5	49.8	47.8	55.6	51.6	52.2	41.7	50.9	53.6	40.9	35.7	41.3	43.3	32.1	32.8	37.8	34.3	23.2	22.7	20.5
119	161	207	192	172	173	165	133	139	131	134	157	166	194	190	179	168	173	196	171	183	175	177	151	151	141	133	123	134	158	161	167	148	144	177	165	152	236	200	122	178	130	224	119	98.4	124	167	167	136	146	157	193	211	154	183	183	154	168	164	171	226	321	286	236	242	226	225	244	243	231	224	272	293	255	260	263	224	212	235	195	199	223	231	238	204	184	177	162	169	189	177	116	82.4	66.8	56.3	60.1	61.6	45	40.3	43	37.9	45.2	47.3	47.8	45.3	48.1	43.6	52.2	52.6	58.3	57.1	49.3	46.9	34.3	33	37.3	35	29.5	28.7	26.1
107	138	191	211	194	194	188	141	136	134	135	153	157	161	165	196	183	184	210	194	182	196	184	154	147	152	141	128	129	141	165	188	154	144	169	204	275	331	261	144	110	124	215	137	147	151	157	161	147	144	138	179	191	198	187	160	153	205	222	222	235	258	331	293	271	266	257	299	256	227	292	330	280	258	236	260	264	216	224	194	193	251	244	248	335	175	191	192	190	173	181	136	83.5	73.9	72.4	59.3	51.1	47.4	38.1	39.9	36.7	36.8	39.5	40.3	38.7	37.1	39	55.2	68.6	55.5	61.6	56.5	48.3	40.1	39.4	40.3	35.4	35.9	36.3	33.2
99.4	127	170	150	176	177	185	167	169	161	184	187	181	191	206	208	212	207	203	180	180	182	178	154	150	170	148	106	96.2	96.9	111	145	160	178	159	221	212	210	210	181	140	150	239	198	232	200	251	160	143	138	165	221	214	234	233	200	180	192	212	252	272	367	318	243	257	203	189	200	167	171	230	288	246	229	244	265	235	241	285	226	272	354	329	272	306	264	240	204	163	160	154	158	122	81.9	85.1	72	58.8	53.9	46.2	39.1	36.1	35.7	37.8	41	34.3	33.5	36.7	50.6	47.1	38.7	58.4	60	54.4	41.3	45.1	41.8	38.7	44.3	40.4	48.6
108	99.1	114	127	133	121	148	141	149	183	209	182	228	212	214	208	218	214	208	192	242	177	181	175	157	153	129	92.1	88.2	84.6	112	128	134	149	157	170	169	182	189	152	156	178	163	230	168	205	153	147	133	142	177	202	195	203	205	216	234	197	204	229	224	266	257	284	222	195	246	187	168	159	176	217	202	201	204	208	211	214	230	226	229	251	265	232	229	235	220	169	137	127	169	144	119	86.2	76.8	72.8	62.2	63.3	68.7	61.3	49.4	45.2	44.2	50.7	36.5	34.8	38.8	41.3	36.4	38.8	52.3	52.3	49.2	46.2	47.4	47.3	43.8	39.8	43.9	50.5
75	80.9	93.6	105	101	105	122	134	164	234	241	210	205	235	231	231	217	204	209	201	199	185	195	150	134	133	136	108	116	100	82.6	121	131	147	142	145	159	175	178	178	248	184	169	158	253	191	129	143	170	159	184	217	201	199	189	216	260	191	199	192	165	208	245	249	286	208	206	199	178	170	170	180	183	186	232	250	186	192	210	199	213	219	213	185	201	193	187	141	118	99.2	100	100	90.2	85.8	78.1	90.2	77.2	75.4	76.4	80.2	75.9	66.3	46.3	42.9	39.3	36.5	40.1	39.7	44.6	41	49.8	54.3	47.9	47.3	45.1	44.9	43.2	41.1	43.3	55.3
63.9	74.3	88.6	90.8	90.2	93.1	90.7	106	146	183	238	218	231	222	229	219	214	208	202	173	175	184	201	150	129	121	148	126	106	98.8	97.3	109	112	118	123	162	160	194	206	163	235	175	183	142	145	147	174	190	195	196	200	208	201	183	190	235	228	216	232	177	160	201	237	206	211	206	234	214	191	175	172	160	155	186	225	224	184	165	208	221	211	214	216	174	168	171	193	143	121	95.1	89.8	91.8	70.9	79.4	84	86	77.7	76	78.6	78.5	67.9	54.9	37.1	40.6	48	45.5	44	38.9	41.4	37	46	52.9	48.6	51.3	46.8	44.3	41	41.6	44.3	60.2
46.8	44.1	49.7	63.1	51.3	53.2	53.8	60.6	72.1	107	169	232	246	274	296	273	234	223	228	195	187	194	184	156	135	136	125	111	103	99	110	98.7	107	104	118	159	169	196	165	165	209	242	188	152	142	152	167	207	225	207	188	248	241	256	242	331	331	287	286	197	228	245	251	178	194	212	189	196	177	177	146	149	135	143	160	128	169	139	142	182	180	175	174	199	176	154	155	130	131	93.6	79.4	95.9	78.6	77.3	87.8	112	111	89.2	96.3	89.6	67.3	64.4	52.8	45	51.3	43.4	43.4	44.8	48.3	41.6	46.6	56.2	57.6	55.9	54.7	44.3	39.9	37.7	41.5	60.2
47.1	38.6	39.6	59	51.3	43.6	47.1	46.3	49.3	70.1	107	186	225	250	283	260	230	221	219	193	174	176	174	151	140	133	111	96.8	93	94.2	99.7	98.5	107	108	125	164	192	147	158	206	195	174	172	135	124	146	174	170	207	190	177	194	194	281	243	300	274	268	267	182	245	249	228	169	195	194	163	168	187	154	122	137	129	136	148	126	140	147	157	163	164	166	163	247	154	147	143	104	93.1	103	79	89.1	82.8	72.4	77.6	99.4	90.2	80.8	77.9	81.6	70.3	70.2	60.9	53.7	46.4	45	42.7	46	45.2	37.1	35.1	57	59.3	56.1	53.6	46.4	40.3	39.8	45.6	62.1
40.8	40.5	40.6	35.9	34.1	40.8	48.2	45	47.5	67	94.5	152	165	190	238	253	245	226	210	173	168	176	167	141	133	126	115	97.7	95.7	102	113	98.1	99	122	128	182	201	164	160	156	177	158	167	130	123	129	156	143	163	178	141	155	206	176	184	238	236	232	242	244	235	241	225	168	185	181	157	163	149	130	110	140	143	142	144	129	124	144	144	141	138	155	170	138	136	121	136	110	99.4	116	89.9	93.6	98.5	102	96.5	88.5	73.1	76.8	70.9	84.6	88.3	92.1	72.9	60.2	62.9	49.9	47.3	46.3	49.3	44.1	38.1	61.6	62	60.1	54.7	51.3	44.5	43.2	49.6	71.3
38.2	37.6	36.5	29	37	43.9	42.8	46.9	39.7	52.6	84.6	145	151	193	212	204	217	201	227	174	171	166	172	145	130	125	120	103	100	98.1	90.3	95.4	100	112	122	140	155	175	161	156	181	191	173	173	146	129	137	149	164	165	125	141	161	150	174	205	181	174	197	246	233	235	215	191	159	161	153	166	139	115	116	169	163	155	158	176	151	159	178	153	160	173	168	155	135	128	152	125	99.9	98.3	89.9	86.1	87.7	102	94	93.5	79.5	75.1	72.6	81.4	92.5	84.1	85.1	70.4	74.9	64.3	52.4	50.3	49.8	56.9	51.9	49.8	66.5	59.6	59	55.5	48.6	45.1	47.2	79.6
33.9	36.8	47.9	31.7	33.2	40.2	45.6	33.3	32.8	36.8	46.3	79.3	94.9	114	148	143	142	152	161	167	166	177	176	141	128	123	119	116	110	106	105	99.4	92	106	112	118	131	145	165	166	171	154	152	143	127	114	127	179	202	173	100	102	94.7	126	151	113	111	127	199	165	190	263	255	218	193	168	153	140	136	115	118	161	163	153	150	188	201	181	157	136	158	160	163	154	142	150	155	122	106	106	107	120	88.3	89.8	113	116	107	93.7	94.2	98.9	95	90.6	89	81.4	81.7	73.9	69.9	60.1	54.7	58.1	51.5	43.8	48.4	44.6	44.5	54.7	55.4	55.1	51.8	54.6
28.6	33	35.9	28	28	31.3	36.3	30.5	31.4	32.7	41.5	61.3	70.7	89.5	131	121	126	134	153	134	123	134	160	140	131	122	121	120	116	110	109	94.3	90.3	101	113	112	119	122	130	139	151	138	131	104	98.8	99.8	106	126	149	153	99.5	88.9	90.4	111	87.4	76.6	114	194	252	247	156	171	205	174	163	160	126	120	105	116	113	146	152	148	141	160	177	167	156	142	146	133	130	142	139	153	137	117	103	107	114	143	104	100	118	119	109	108	108	110	112	106	105	93.7	85.8	79.4	77.8	66.8	58.3	55.7	52.7	45.8	50.9	54.2	47.2	58.5	58	60.5	53.8	54.4
25.8	28.1	30.1	24.1	23.6	26.1	29.4	27	25.4	31.2	37.2	58	65.6	78.6	112	110	112	134	145	131	125	115	124	112	113	120	125	121	120	114	108	90	87.5	88.5	106	110	116	122	131	127	135	128	121	89.8	91.2	100	114	116	109	118	97.7	74.3	106	107	83.4	88.4	127	200	215	273	177	166	208	147	133	119	112	104	101	98.5	110	132	132	131	127	137	159	199	218	145	145	127	129	143	126	136	164	118	102	106	105	108	97.3	102	120	122	121	122	120	125	122	135	132	105	106	92	85.8	73.2	63.6	58.9	58.3	54.7	60.1	57.6	54.6	62.1	58.3	55.3	52.6	50.7
23.1	24.3	26.8	21.1	20.2	21.9	26.2	21.6	23.1	31	34.7	55.1	59.9	75.1	93.7	94.7	107	114	137	128	139	124	122	108	115	121	135	133	128	129	112	91.1	87.9	90	110	112	114	129	145	125	124	126	121	81.2	82.1	85.8	89.6	109	99.4	91.8	91	75.4	82.1	87.9	106	169	159	197	240	249	200	201	204	160	130	118	108	111	100	104	96.2	125	124	120	120	134	140	164	184	139	137	143	135	141	132	140	138	114	101	100	114	103	102	90.4	92.4	118	137	132	126	147	138	149	135	122	119	104	89.9	80.8	76.3	71	68	66.5	54.5	58.9	55.5	59.7	56.4	48.9	47.2	50.6
3.27	6	6.34	9.86	9.94	9.93	11.9	16.7	19.3	21.5	27	33.6	34.9	49.6	65.3	72.3	78	86.1	103	92.3	133	113	108	122	146	154	172	143	149	147	134	112	107	108	111	115	114	128	139	130	124	137	119	105	93.7	93.7	96.8	93.1	91.9	87.6	107	106	111	107	113	151	133	140	159	174	181	198	248	176	164	152	138	136	132	126	124	127	132	128	132	121	113	119	136	125	151	133	120	120	114	135	138	110	107	99.8	106	86.6	79.8	81.3	91.1	116	127	144	140	149	143	144	144	130	122	114	102	101	100	92.7	89	86.2	88.5	84.9	82.7	55.3	51.1	46.3	35.1	44.1
2.86	3.29	3.3	9.39	11.4	7.13	8.8	11.6	13.6	16.1	21.6	26.8	30.5	37.8	52.4	62.2	69.1	77.1	83.3	83.5	95.4	128	135	123	129	154	170	164	158	158	145	126	117	112	111	115	117	113	120	115	119	119	116	97.9	93.7	88.6	87.9	87	79.1	86.3	95.4	105	122	121	120	135	149	131	153	162	181	189	219	175	163	160	141	136	125	114	115	119	117	128	140	130	115	131	147	137	169	151	129	127	120	131	135	110	98.2	93	89.3	73.5	73.7	86.1	88.4	127	136	168	162	156	139	143	137	132	123	122	115	114	120	99	98.6	98.5	94.4	91.9	92.5	70.4	60.1	55	42.4	47.1
1.83	1.86	2.06	6.02	8.63	5.68	5.89	9.01	10.1	12	14.5	21.8	25.8	29.4	42.2	56.3	59	65	71.8	72.1	80.5	96.4	146	128	123	131	152	142	144	143	134	125	124	120	110	116	109	102	107	110	108	110	115	99.8	90.7	84.3	83.6	97.4	78.6	86.1	93.2	107	113	123	103	99.9	141	129	158	185	181	159	204	185	172	163	150	155	127	118	111	120	120	115	127	114	112	130	146	174	147	142	134	118	131	126	141	112	104	110	106	82	80.8	89.6	81	117	129	152	138	149	145	138	132	136	127	126	120	115	113	114	98.9	97.1	99.1	95.9	94.3	74.3	67.6	58.3	62.5	58.6
3.61	3	1.49	4.33	3.99	4.03	4.64	7.16	7.73	9.38	12	19.4	20.3	25.2	33	51.8	55.5	56.1	64.6	65.3	82.2	99.5	119	123	120	129	137	136	145	154	136	134	126	120	123	108	102	100	102	109	105	101	116	109	92.7	88.5	88.2	89.5	88.9	95.7	93.8	124	98.6	98	97.4	100	127	134	144	208	155	174	213	192	178	164	162	149	142	128	115	114	107	111	117	127	133	147	179	208	152	141	133	113	118	127	106	104	105	111	105	104	105	88	92.6	124	129	132	133	144	141	135	140	142	135	131	120	118	113	108	99.8	110	111	96	100	81	73.3	62.2	69.1	62.7
1.31	4.3	7.07	3.91	0.905	0.902	0.851	2.16	2.72	3.3	4.56	12.8	13.7	19.4	27.2	43.7	49.5	48.6	56.6	51.8	59.2	72.8	74.5	88.7	96.4	103	124	105	119	152	159	130	117	115	111	93	96.2	96.3	99.3	95.6	98.6	96.1	93	82	84	93.2	88.9	113	104	135	118	133	124	115	135	117	119	143	159	218	159	132	144	158	146	145	137	114	112	100	98.2	118	101	102	103	100	142	164	201	217	198	188	195	122	110	96.8	89	94.3	92.2	102	99.5	115	131	122	113	126	134	139	133	141	134	134	134	144	139	131	125	127	123	123	114	118	117	107	121	90.6	80.8	75.2	74.4	58.1
0.648	0.448	1.21	1.78	1.34	7.68	1.07	1.14	1.38	2.15	4.11	8.88	11	13.9	20	36.4	41.4	43	49.7	46.4	51.3	56.4	64.1	86.5	81.5	98.6	119	102	113	124	127	137	113	103	105	84.2	90.3	89.6	85.8	87.6	89.8	91.8	85.8	76.5	76.4	76.6	83.1	103	95.6	101	111	130	143	132	123	112	123	139	153	185	157	126	130	147	148	148	141	134	101	94.6	94.7	118	97.4	94.9	99.7	83.5	121	150	203	195	199	183	183	124	97	97.1	92.8	95.5	96.3	101	104	113	118	123	122	129	127	139	138	148	138	130	134	134	130	122	128	132	124	120	117	124	119	112	117	90.4	82.2	80	83.9	68.4
0.524	0.366	0.384	0.321	0.208	1.17	3.54	3.76	1.55	1.28	2.83	10.6	11.6	11.3	14.7	27.9	31.4	38.8	47	42	46.1	50	54.6	79.4	71.7	78.8	90.5	84.5	96.7	112	106	153	133	108	102	79.5	79.3	77.9	78.1	80.3	84.3	85.8	83.3	72.5	68.4	72.5	74.1	86.9	91.7	102	114	151	147	142	128	123	119	122	128	153	162	206	134	143	151	147	137	118	104	98.1	108	119	102	92.6	95	79.7	99.3	95.1	115	173	193	183	207	167	109	104	84.3	101	111	101	104	117	118	113	112	135	141	144	141	147	138	143	137	134	124	122	128	129	122	125	122	129	130	116	119	98.2	88.6	89.9	90.9	82.6
0.895	0.633	0.38	0.191	0.162	0.179	2.8	3.54	2.73	1.41	1.69	5.29	9.69	8.07	10.3	31.1	32.8	30.2	39.8	36.8	40.7	43	48.9	51.6	60.1	95	78.4	71.2	69.1	78	94.8	119	131	175	174	121	77.4	68.8	74.7	76.3	79	78.1	75.1	67.4	74.7	77.3	68.1	86.8	96.4	109	125	162	169	186	161	127	157	118	120	125	142	157	139	138	141	147	135	123	113	96.2	97.2	111	111	104	101	83.9	90.9	90.3	101	166	176	179	170	137	128	117	92.1	108	113	114	119	130	122	113	117	137	141	136	130	143	143	155	153	133	129	125	124	131	125	122	126	139	137	127	120	121	107	93.6	101	93
2.5	2.5	2.5	0.313	0.156	0.144	0.211	0.622	0.826	1.42	2.15	2.32	3.26	4.37	5.81	8.07	8.88	14.4	21.4	25.5	28.4	33.2	41.4	39.7	44	55.2	51.4	65.6	81.1	83.3	97.9	77.9	95.6	133	158	93.3	80.6	74.4	76.5	74.2	75.1	75.3	71.6	71.7	69.6	69.7	70.6	78.4	87.2	93.2	94.9	96.7	97.6	121	120	107	104	98.6	106	93	96	96.5	113	121	116	139	150	111	91	84.7	79.5	56.5	66.6	77	64.9	51.8	65.6	80.3	90.3	125	113	121	153	132	103	94.6	94.2	129	103	118	137	140	133	124	127	133	135	131	123	126	124	131	132	119	113	116	116	122	121	109	112	109	106	112	104	112	113	106	113	99.2
2.5	2.5	2.35	0.331	0.191	0.113	0.164	0.487	0.595	0.886	1.43	1.33	1.71	2.39	3.68	5.67	6.68	9.18	14.8	20.1	23.5	27.2	27.9	30.3	32.7	37.2	41.3	47.6	60.7	68.4	82	65.1	70.8	79.3	92.6	83.4	69.5	70.4	69.4	61.6	67.4	67.9	66.3	70.2	65.8	61.3	64	65.8	71	76.9	81.5	82.3	81	99.8	96.8	94.6	93.2	89.9	93	98.6	90.6	85.8	100	98.5	114	106	124	103	82.1	84.5	89.8	66.1	63.9	67.7	83.1	85.9	59.5	71.4	91.4	112	99.8	103	125	117	120	106	94.8	143	143	147	123	167	158	137	141	146	134	122	118	122	125	125	126	124	107	117	121	115	112	108	109	109	117	102	94.9	92.6	118	117	132	115
2.5	2.35	2.35	0.458	0.213	0.174	0.142	0.402	0.502	0.677	1.15	1.77	0.923	1.31	2.07	4.8	4.6	6.17	10.4	18.6	20.5	22.4	23.9	26	27.1	29.9	33.3	44.6	48.4	56.1	68.9	60.8	67.4	69.1	77	59.6	57.8	64.8	67.3	57.9	72.7	61.8	59.4	65.3	65.8	60.6	59.8	60.7	62.2	65.5	67.6	75	80.7	80.7	85.6	89.7	88.9	87.7	84.3	107	94.8	89.1	96.9	118	99.7	97.3	114	100	80.6	79.4	97.6	88.5	66.5	56.2	67.3	129	82.8	65.3	70.2	104	104	106	141	110	93.3	91.6	103	156	201	195	172	168	161	148	172	153	137	130	124	132	126	131	133	132	120	107	117	115	108	109	117	107	108	92.9	93.6	101	113	122	127	121
2.5	2.35	2.35	0.725	0.371	0.26	0.218	0.391	0.448	0.64	0.784	0.851	0.732	0.991	1.5	3.31	5.31	6.37	7.78	17.9	18.4	20.3	22.1	24	25	27.3	29.6	37.4	40.5	49.6	58.2	61.4	66.8	68.9	73.7	58.5	57.6	58.6	71.3	74.7	61.5	62.1	55.9	59.3	63.7	61	59.2	58.8	58.8	60.1	64.3	63.2	69.3	74.1	72.2	87.3	95.7	90	67.4	72.4	97.9	90.2	93.2	102	92.3	96.4	112	107	80.3	82.8	93.7	106	90	66.1	69.8	91.7	75.9	73.9	107	91.4	114	131	123	94	93.9	79.5	143	152	153	195	210	205	200	162	184	177	160	145	137	146	135	139	137	140	131	134	125	123	112	108	124	113	101	95.1	95.4	95.7	113	129	125	130
