167	176	200	228	263	242	261	256	284	307	374	424	429	427	450	399	400	419	414	394	412	383	365	322	349	472	395	315	280	255	253	216	236	213	239	238	197	206	161	223	252	307	352	406	313	270	270	208	217	170	144	122	125	120	106	81.4	65.5	77.1	91	70.3	64.5	62.7	59.6	45.4	34.3	33.1	28.2	24.5	17.9	17.2	29.1	47.9	44.1	50.1	47.2	67.9	94.9	105	138	244	207	173	125	57.2	31.8	48.5	86	64.1	49.1	44.6	51.6	18.4	42.4	18.8	7.35	3.69	0.18	0.78	0	5.67	5.46	2.61	7.56	4.29	6.72	11.4	14.6	23.2	45.3	33.9	27.3	25.3	47.5	39.3	59.4	72.2	84.9	71.5	67.9	78.3
172	193	248	283	288	251	269	255	262	295	333	409	445	466	380	467	450	382	339	317	379	363	283	292	363	427	413	311	247	234	256	225	235	223	241	324	276	231	212	229	260	331	268	281	254	212	182	153	139	167	145	118	109	100	84.3	61.7	32.6	33.9	30.1	49.6	57.7	48.3	50.1	42.9	33.4	37.9	46.1	35.1	18.6	19.5	27.1	39.6	65.5	82.8	60.5	69.4	82.1	83.2	130	270	214	122	95.4	64.7	52.8	49	44.7	52.4	48	43.4	55.1	15.7	22	10.8	4.53	1.71	0.03	0	0	5.88	16.4	7.53	7.35	10.7	8.67	24.3	14.6	22.9	49.2	51.4	21	12.4	19.5	31.4	39.3	55.1	65.7	67.9	68	58.6
197	257	312	352	291	295	328	359	289	295	374	440	470	402	399	478	424	392	388	421	351	298	343	331	424	434	415	352	295	274	265	289	250	311	271	237	200	189	195	214	197	215	185	155	139	162	137	113	117	106	98	79.6	132	86.5	64.1	43.5	34.5	49.5	52.9	55	66.8	63.2	64.3	39.6	30	30.6	29.6	41.6	30.2	22.1	35.6	68.2	85.1	81.5	53.9	71.1	76.7	74.6	89	173	138	91.6	83.6	68.2	77.7	68.1	54.9	46.7	43.3	39.6	35.4	6.6	20.2	22	3.87	0.24	0.03	0	0	2.19	2.4	2.31	1.17	4.98	5.97	8.52	18.4	29.4	37.5	33.5	9.93	4.95	18.4	29.1	33.4	41.5	61	82.6	56.1	46.4
272	297	336	335	337	318	317	363	344	341	434	418	433	427	419	444	422	374	400	401	328	294	345	380	463	454	390	377	420	295	309	393	410	438	317	258	176	149	122	122	144	151	102	108	136	141	126	94.3	90.4	102	100	80.7	82.3	84.1	66.3	36.6	48.6	42.6	46.4	60.4	96.2	59.5	42.5	50.2	50.5	58.8	45.4	38.2	31.3	28.4	47.5	55	56.2	53.5	54.2	66.3	75.2	67.3	65.1	85	97	97.3	75.5	90.3	107	82.7	66.6	39.8	30.7	33	39.9	3.84	14.5	16.6	3.27	0.09	0.48	0	0	0	0	0.69	2.31	0.03	3.3	9.84	15.8	9.84	4.29	10.7	12.8	8.25	21.2	23.9	28.8	31.3	35.5	44	53.5	35.2
269	293	337	335	334	366	338	318	358	374	450	386	375	410	367	438	397	361	378	354	317	310	294	334	419	477	422	345	308	279	399	412	464	367	282	266	193	147	109	84.7	88.8	100	93.9	119	106	81.6	74.7	86.5	76.7	87	109	83.1	84.6	81.4	71.2	47.9	60.4	33.9	27.6	58.3	55	51.7	39.4	55.5	75.2	96.8	74.2	54.9	34.4	41.2	37.2	43.8	57.2	48.4	57.2	69.4	77.8	72.4	68.2	84.7	103	74	67.5	100	130	72.8	64.7	64	46.9	39.9	45.6	13.1	22.5	8.01	0.18	0.09	0.33	0	0	0	0.12	0.24	5.52	2.85	2.7	13.7	17.8	22.8	7.17	20.6	21.4	8.31	4.53	12.5	9.93	10.9	11.2	11.7	17.7	26
237	287	343	497	453	345	399	298	365	389	364	341	340	408	368	370	309	317	339	309	264	246	224	306	355	385	377	391	290	333	410	389	316	247	236	220	154	140	114	101	97.4	101	149	126	121	110	89.9	86.8	87.1	131	192	106	65.8	61.6	61.6	61.6	55.6	65.4	68.3	124	105	64.1	65.6	66.4	80.3	126	113	55.1	62.2	28.4	20.9	37.2	41.2	36.7	40.2	54.3	50.1	43	47.1	63.7	73	67.9	80.4	144	147	104	96.3	128	97.7	68.7	55.5	23.8	30.7	16.2	0.93	0.03	0.03	0	0.03	0.12	0	8.43	11.9	12.4	4.92	6.96	11.9	8.52	6.18	30.6	19.2	5.1	3.51	0	2.25	0.87	8.67	8.85	11.1	13.5
216	256	366	395	464	399	362	304	347	432	320	281	342	375	319	325	328	360	345	308	240	280	262	333	303	315	378	406	355	405	426	368	271	251	219	252	158	110	121	120	111	94.3	121	173	188	151	163	149	118	120	155	74.3	66.7	68.4	56	57.6	61.7	70.5	73.4	96.9	67.7	43.3	85.3	82	110	140	83.1	40	31.6	17.8	19.3	33	49.3	48.2	37.5	37.2	46	35.9	48.1	57.1	68.3	82.6	66.3	144	125	132	113	105	75.6	59.4	62.7	71.2	11.3	8.25	0.72	0	0	0.06	0	0.03	0.21	0	3.45	4.71	3	1.53	4.17	2.97	3.21	3.09	4.05	2.25	3.09	1.77	2.04	0.27	1.95	0	0.66	14.1
234	325	362	357	353	282	258	230	295	339	275	271	296	360	296	317	315	339	320	292	231	248	242	311	292	413	379	429	391	389	363	384	323	246	229	242	189	138	111	126	95.7	81.4	100	114	112	115	151	182	142	148	159	95.5	106	88.2	71.2	63.5	62	59.1	60.8	76.5	42.4	61.4	113	61.6	55.4	90.1	86.9	56	26.6	15.1	14.4	38.3	48.7	52.5	38	35.7	53.5	54.5	59.4	70.9	72.2	86.9	78.7	130	157	109	84.2	87.8	103	80.8	47.5	75.9	18.8	13.2	0.66	0.06	0	0	0.06	0.51	0	2.25	0	0.12	0.15	0	0.57	2.37	0	0.12	0.78	2.01	1.65	3.33	3.72	2.82	3.66	1.71	3.81	10.5
267	337	330	319	281	272	271	296	283	269	294	288	309	313	338	326	285	293	333	235	212	236	245	259	286	422	388	424	392	341	374	412	316	269	229	276	209	193	147	112	103	105	152	128	149	115	114	147	153	156	171	130	101	119	74.2	79.9	84.1	76.3	56.2	48.9	49.9	102	107	45	44.8	60.6	99.7	115	57.4	35.6	32.5	55.6	41.6	42.5	41.1	36.3	44.6	42.6	65.6	90.7	85.6	72.6	109	131	106	77.7	70.1	105	125	88.2	85.1	83.3	74.3	16.9	8.28	0.21	0.03	0.72	2.49	5.58	2.25	0	0	0	0	0	0	2.52	0.12	0	0	3.21	0	0.21	0.81	2.52	4.98	3.54	6.96	6.06
206	246	247	296	331	262	210	203	175	228	255	211	260	301	279	279	308	315	263	261	263	302	282	277	265	287	340	330	353	311	331	282	214	194	183	279	278	319	187	128	99.7	80.7	90.5	155	157	160	112	133	148	143	140	157	95.8	125	138	111	112	113	68.2	39.6	72.7	142	104	60.6	87.3	90.3	140	86.4	58.2	59.9	50.5	58.2	55.5	49.9	33.5	36.6	45.2	52.8	53.7	69.5	65.4	58.2	84.5	130	119	77.2	84.4	104	60.2	61.5	59	67.3	41.6	25.2	16.3	0	0.06	0.78	1.71	5.25	3.09	2.22	17.1	2.37	2.55	0	0	0	0	0	0	0	0.21	2.85	2.82	0	2.04	0.81	3.75	12.5
218	228	265	290	272	269	202	179	190	308	278	244	233	247	279	310	347	267	230	272	285	322	370	315	354	277	270	316	337	361	322	294	233	179	167	224	254	278	189	151	115	86.8	137	202	213	136	120	122	137	116	137	115	107	105	105	113	132	95.4	68.1	32	58.5	49.2	56.9	66.8	118	93.6	103	54.8	67.7	75.1	130	134	105	73.8	49.9	53.2	71	62.5	53	55.7	71.8	64	78.7	117	119	95.9	83.1	88.3	80.9	38.8	48.8	55.1	30.3	21	15.5	0	0	1.68	19.2	1.68	0.21	18.7	0.9	1.29	1.47	0	0	0	0	0	0.06	0	0.24	2.7	3.57	3.81	2.94	3	2.16	4.08
231	229	304	350	311	263	239	183	223	263	247	269	227	329	260	280	254	237	273	258	285	330	337	328	362	303	276	314	355	391	408	351	244	175	165	201	201	193	139	126	132	118	167	169	155	141	136	151	155	137	135	120	137	114	95.4	104	105	109	81.3	55.1	50.6	52	73.3	65.6	91.2	68.8	50.4	42.5	72.4	77.6	94.1	125	138	94.9	81.4	58.2	61.5	75.2	69.4	75.3	79	72.6	108	161	136	99.4	84.3	77.4	65.2	39.1	41.7	42	28	26.4	13.9	0.03	0	0	0.03	0	2.1	16.8	0	0	0	0	0	0	0	0	0	0	0	0	0	0	0	3.48	2.16	0
221	225	289	274	249	305	293	225	239	280	284	325	317	345	316	310	297	304	286	259	233	273	235	419	296	287	293	302	354	431	355	277	232	183	167	235	202	154	109	111	110	108	158	174	157	144	149	161	164	159	134	131	140	127	122	110	94	140	104	104	87.8	78.7	54.2	78.3	82.7	62.6	52.8	61.8	121	113	85.4	106	130	128	88.1	80.7	63.6	67.8	69.7	78.3	84.4	93.6	104	126	152	168	98.2	84.7	80	40	38.5	28.5	17.2	22.9	15.2	0.06	1.89	0.12	0	0	1.26	0.42	0	0	0	0	0	0	0.93	0	0	0	0	0	0	0	1.62	1.62	0	0
211	195	264	215	224	265	273	297	351	327	236	299	287	277	344	334	338	311	258	334	287	366	300	263	287	306	356	312	357	315	257	225	236	178	160	227	169	127	86.3	113	108	151	162	190	212	198	156	169	180	188	184	173	152	169	147	155	147	153	147	180	113	80.7	76.8	76.7	59.4	55.7	107	117	127	91.8	83.4	73.3	94.2	95.2	73.7	76.1	60.5	70.2	70.3	73.4	59	88	109	100	94.5	97.4	99.8	83.2	67.6	41.3	44.8	18.4	10.9	13.5	12.3	1.98	2.64	1.9	1.43	1.2	0.06	0	0.06	0	0	0	0	0	0	0	0	0	0	0	0	0.12	0.15	0	0	0
233	261	222	193	254	282	355	309	243	241	218	256	269	295	367	325	277	233	251	283	322	400	333	297	256	241	239	199	202	215	251	257	254	192	226	216	186	110	76.5	72.1	97.5	178	183	186	302	236	144	180	194	197	206	194	137	124	124	169	161	137	169	130	95.9	81.5	42.7	38.7	52.8	70.7	102	127	105	78.1	100	81.4	80.8	84.8	71.3	65.3	94.6	73.9	53.2	68.1	42.2	65.4	86.5	95	85.2	86	86.4	77.7	58.7	29.8	22.3	15.8	12.4	10.4	7.49	1.71	1.87	1.49	1.57	8.61	5.61	1.62	0.9	1.47	0	0	0.03	0	0	0	0	0	0	0	0	0	0	0	0	0
215	275	289	189	218	272	363	303	274	223	219	286	253	310	328	303	312	230	231	251	259	287	277	266	269	211	178	183	209	205	231	243	236	218	211	245	191	149	112	100	122	152	173	153	167	149	151	191	326	228	185	149	130	140	138	168	183	168	159	110	94.6	86.6	54.3	41.1	54.4	76.6	80.4	40.3	27.3	61.9	91	64.8	72.7	84.5	70.3	63.8	70.7	58.3	56.7	88	55.7	37.7	39.2	56.9	34.6	40.6	53.4	45.6	33.9	46.1	47.4	23.6	10.5	9.19	8.02	1.77	1.7	1.6	1.65	0.21	0	1.23	1.23	2.01	4.83	0.33	0	0	0	0	0	0	0.03	0	0	0	0	0	0	0
273	365	252	196	238	320	386	281	230	212	244	278	260	354	304	254	264	235	236	245	251	183	199	248	251	205	264	219	270	217	218	199	171	155	143	147	116	123	132	150	182	156	127	159	130	147	154	207	260	221	230	177	159	160	161	184	231	271	185	181	102	74.8	71.2	53.6	74.8	57.3	62.4	38.1	30.6	42.3	78.6	71.9	63.3	73.8	76.9	62.1	68.6	70.7	69.6	80.1	84.9	48.3	39.5	45.8	39.1	35.5	57.9	44.7	28.1	30.9	34.2	15.8	12.5	16.3	12.3	2.07	1.72	9.96	12.1	0	0	0	0	0	1.08	0.36	0.33	0.3	0	0	0	0	0	0	0	0	0	0	0	0
182	262	223	212	189	271	311	249	226	296	341	261	292	334	276	269	267	291	261	217	202	180	226	191	216	211	251	172	203	204	166	126	120	108	109	117	96.9	122	138	140	139	116	123	179	207	181	200	259	207	210	240	165	163	188	149	191	226	226	200	214	117	108	77.8	67.4	80.3	26.4	41.3	44.1	33.4	48.8	84	90.8	89	105	71.8	62.9	82	57.5	47.7	57.3	66	71.6	56.7	62.7	71.5	64.8	75	60.8	27.4	12.2	37.3	26	20.6	31.8	23.1	14.5	8.91	17.1	11.7	0	0.15	0.09	6.93	0.15	1.02	0.24	0	0.36	0.21	0	0.03	0	0	0	0	0	0	0	0	0
200	169	234	203	195	214	230	199	263	309	409	365	268	299	306	258	227	291	212	198	199	232	260	212	165	187	212	190	214	201	156	118	111	115	117	116	120	136	145	200	166	147	111	148	158	158	238	217	193	223	350	159	141	185	179	216	189	170	145	141	103	127	112	95.5	83.7	59	39.7	29.5	28.7	39	52.4	78.3	116	79.1	62.6	70.7	81.2	73.8	45.5	47.2	54.9	73	71.6	67.7	92.5	57.8	80	58.6	16	11.1	25.1	20	12.9	44.4	28.9	18.6	9.66	9.9	9.55	0	0	2.13	10.5	2.64	1.08	1.02	0	0	0	1.44	0	0	0	0	0	0.51	0.24	0	0	0
136	154	236	250	219	204	218	230	258	406	395	375	355	362	307	213	194	224	187	173	179	176	219	275	153	129	128	160	191	159	154	118	129	132	127	122	122	126	166	164	183	156	105	114	108	136	231	184	180	209	182	149	128	168	267	229	184	144	114	116	90.4	166	92.4	90.7	92.3	82.4	49.8	36.9	54.9	46.3	53.7	61.9	60.7	68.2	60.6	59	56.3	53.9	54.5	59.7	59.7	85	64.8	80.4	108	51.5	30	35.6	24	21.3	26.9	17	11.5	20.9	36.6	37.8	31.2	11.1	11.3	0	0	0.18	1.26	13.2	2.73	0.06	0	0	0.09	1.65	0.12	0.51	0	0	0	0	0.03	0	0	0
203	159	207	252	171	207	259	297	258	332	302	330	379	430	343	268	198	161	138	134	124	145	203	234	180	169	214	232	219	134	118	122	182	144	115	119	139	126	125	142	127	109	107	128	143	149	164	125	162	176	181	171	150	158	195	172	169	132	81.2	101	85.5	92.9	78.2	62	50.2	54.5	66	61.4	40.8	40.3	66.6	60.3	62.6	54.3	44	46.8	68.3	62.3	50.3	45	57.9	61.8	48.2	63	76.8	45	21	11.6	20.4	21.2	29.8	42.5	29	12.8	20.9	59.6	36.4	18.9	12	0.06	0	0.63	7.11	7.77	0.06	0	0	0	0	0.03	1.44	0.24	0	0.12	0.24	0	0	0	0.03	0
207	191	187	234	221	266	345	428	331	318	319	352	372	409	398	319	203	170	109	120	174	135	168	203	170	162	244	219	155	149	120	98.2	159	134	133	134	134	104	90.7	98.3	109	123	87.1	111	124	127	144	138	142	181	198	243	178	201	120	145	157	265	98.4	88.5	54.7	57.7	82.9	71.6	66	97.8	127	90.1	68.1	45	65.7	51.7	45.6	52.1	48.3	50.9	49.2	53.6	48.1	49	44.8	49.3	50.2	63.7	54.3	54	37.8	33.6	32	25.2	30.3	59.8	53	27.7	29	46	35.8	28.8	25.2	23.2	22.3	18.2	16.5	16.4	13.7	9.28	7.99	4.21	3.39	2.59	3.74	0	0	0	0	0	0	0.06	3.3	0
218	178	181	290	264	257	330	443	366	328	355	369	385	359	329	295	236	159	101	126	147	153	184	222	195	147	174	175	123	125	140	157	126	162	158	163	123	98.5	85.5	113	87.6	113	81	88.3	119	107	109	145	141	143	169	165	137	112	105	107	143	195	144	85.4	60.9	47.2	57.8	62.9	76.3	115	119	84.5	70	75.5	92.2	80.9	58	56.3	73.6	60.5	40.9	46.2	45.2	45.5	45.4	47.4	54.3	75.7	56	43.1	32.4	46	30.2	25.7	28.9	26	53.9	34.8	36.9	41.1	29.5	34.3	31.4	24.4	20.5	17.9	16.7	14.9	12.9	10	8.25	4.05	2.89	1.96	2.02	0.09	0.21	0	0	0	0.03	0	0.66	0.81
192	234	334	383	304	229	262	303	303	401	452	408	409	348	443	297	214	168	125	129	172	253	192	164	170	174	201	227	160	155	133	214	178	172	166	191	208	149	110	113	106	88.9	88.9	137	140	98.5	97.4	108	142	120	225	241	220	186	150	136	160	287	211	101	62.6	62.4	76.1	38.9	53.2	43.3	59.1	61.9	68	68.2	84.7	105	66.2	58.7	66	55.3	51.6	47.1	32.3	51.8	53.7	46.2	59.7	75.3	60.6	39.6	38.1	52.6	47.1	40.9	43.4	55.9	63.9	61.3	49.5	46	41.9	45.3	66.5	44.8	24	21.5	19	17.5	14.8	12.2	9.88	5.03	4.28	3.69	2.52	0	0	0	0	0	0	0	0.81	0.57
135	150	218	349	296	213	214	267	311	355	411	332	331	374	283	259	257	184	155	177	203	224	191	155	158	170	189	201	172	145	159	161	155	147	170	187	181	149	106	123	143	129	121	141	167	104	93.7	94.5	126	148	247	240	219	219	228	171	278	362	235	103	77.9	75	102	73.3	84.2	97.9	95.3	152	102	104	151	72.9	80.3	55.1	58.4	44.8	46.7	40	39.3	55.2	66.3	44.2	51.4	66.5	62.2	46.5	38.8	54.6	86.6	99.6	83.6	151	185	142	105	64.1	55.3	55.2	58.7	43.9	31.2	29.1	25.5	23.2	20.6	15.8	14.3	6.04	5.73	3.06	3.23	1.67	0.18	0	0.18	0.12	0	4.59	1.74	1.71
137	156	204	272	309	235	230	225	270	313	350	334	336	311	265	243	207	208	232	237	209	207	206	157	180	168	148	130	124	168	190	145	131	123	113	147	123	136	142	124	151	144	158	174	139	107	103	127	137	168	177	207	304	257	261	240	157	160	157	117	83	63.6	91.4	98.4	96.5	95.2	102	123	113	99.1	123	95.3	91.2	69.2	78.9	103	92.6	91.4	80.9	67.2	62.9	59.4	58.1	64.4	71.3	68.8	63.1	63.5	118	134	206	218	233	272	213	87.9	63.3	63.1	60.3	57.8	58.4	57.3	52.8	41.8	39.5	29.9	25.9	12.2	7.69	6.22	3.4	5.47	4.75	4.29	2.39	2.73	1.92	3.3	3.04	0.06
144	174	230	269	298	258	225	207	308	307	324	299	302	255	231	205	178	208	226	213	220	206	165	143	146	143	157	155	145	115	144	124	123	123	122	130	146	139	159	148	130	135	180	163	115	118	115	113	115	156	145	183	163	188	161	145	89.5	155	143	122	90.7	66.5	119	93.7	89.1	69.3	109	113	113	118	141	110	88.2	59.4	71.2	123	136	135	82.1	58.7	64.3	62.5	60.6	77.6	88.6	79.9	76.5	62	72.6	106	164	189	191	190	182	108	66.9	61.4	60.5	72	72.7	70.4	58	56.9	50.1	40.1	30.8	17.8	14.9	4.5	4.85	5.26	3.28	3.88	2.33	4.28	1.99	1.66	1.66	0
130	179	222	314	363	280	217	213	274	352	401	296	313	307	311	209	209	219	221	217	209	173	165	130	109	116	151	154	133	145	130	130	143	106	121	114	139	153	122	134	122	97.8	147	137	116	118	116	125	120	145	172	215	143	160	141	87.7	134	151	139	104	109	145	163	97.7	90.7	104	136	195	147	111	102	75.7	66.3	56.7	55.8	101	138	121	79.4	73.3	69.1	74.2	61.6	68.8	72.8	74.8	95.5	70.7	65.6	78.4	89.9	89.1	105	110	118	136	65.7	58.2	51.6	86.5	68.8	80.9	73.3	56.2	52.5	45.6	37.1	19.9	14.1	12	6.06	4.3	3.21	2.63	2.31	1.99	3.42	1.6	1.57	0
134	178	196	274	285	292	216	197	275	340	419	347	348	395	304	230	298	249	212	207	214	266	203	138	122	119	171	152	116	138	128	109	145	160	148	111	110	119	111	130	155	126	115	125	112	119	116	105	130	196	209	220	171	142	129	157	134	147	95	122	142	181	130	120	128	129	116	119	86.8	67.6	40.7	44.7	43	50.1	55.1	116	97.2	77.2	87.1	85.9	90.6	79.3	64.1	97.2	97.9	82.9	106	92.9	76.4	80.6	80.6	68.8	63.6	67.3	105	72.3	72.9	82.3	80.1	105	99	86.8	76.5	64.4	61.6	53.5	37.1	23.3	20.3	27.3	18.5	4.8	3.26	2.67	2.14	2.11	1.62	1.51	1.52	0
182	200	207	220	200	222	191	178	211	322	358	388	365	438	261	284	270	270	253	253	280	260	230	150	151	170	165	135	155	133	148	152	162	150	138	113	113	99.8	99	109	147	146	116	133	137	107	97	135	147	152	171	197	147	108	89.4	118	99.6	98.5	87	69.7	60.1	92.4	104	99.8	90	73.8	57.1	63.2	45.5	31.1	25.7	31.7	29.7	51.1	54.6	70.8	61	76.7	99.6	83.9	94.9	85.2	69.2	70.9	78	95	73.5	92.6	75.8	86.3	92.5	91.6	69	52	61.8	70.3	72.2	82.6	82.1	104	138	116	77.2	67.3	69.6	52.4	41	25.5	23.2	37.7	14.9	3.9	4.54	1.84	1.59	5.57	1.23	1.15	1.2	1.37
190	188	187	189	173	189	186	183	185	256	320	349	338	322	285	305	363	267	306	333	268	231	247	169	153	136	115	142	159	169	164	161	162	125	133	146	152	125	131	130	134	137	126	141	172	152	124	143	167	164	137	123	128	117	134	136	92.5	120	109	69.4	55.5	54	60.8	70.3	62.8	52	38.8	39.3	30.5	41.2	51.9	46.3	49	54.1	83.5	88.7	50.3	57.4	69.4	80.2	85	79.4	66.8	76.9	86	103	86.6	72.3	84.5	88.4	91.8	93.4	102	84.3	57.2	81.4	80.1	82.6	72.8	101	139	134	85.9	65.7	60.9	44.3	32.7	27.9	30.7	24.7	22	4.78	2.92	6.6	3.86	4.09	1.14	2.85	1.14	2.19
206	198	186	193	188	181	197	209	191	245	250	256	310	307	305	298	441	318	297	273	213	180	132	124	117	104	93.2	101	123	145	158	163	143	130	142	182	177	160	146	130	118	128	138	176	170	147	126	131	130	159	147	89.6	91.1	115	119	164	146	83.8	69	61.8	85	64.5	46.3	48	35	43.1	33.2	29	39.8	55.5	50.6	58.2	49.3	39.3	55.1	67.4	54.1	69.4	74.6	88.5	89.7	73.3	80.7	72.2	79.9	85.1	76.7	68.1	71.9	63.1	61	109	118	98.7	52.4	77.4	89.3	80.4	82.9	89	99.7	110	94.3	71.5	52.2	41.1	32.4	33.9	25.4	18.8	13.6	6.66	4.49	5.5	4.75	5.2	1.35	1.19	1.26	1.49
224	202	214	192	179	190	202	194	228	309	229	221	292	313	336	342	420	283	243	215	210	180	140	132	120	130	112	105	133	139	159	154	135	116	112	134	171	186	148	151	166	157	166	189	148	134	128	170	170	173	173	113	127	189	132	162	137	105	82.7	76.3	110	72.8	23.3	35.6	47	61.5	46.6	53.6	79.6	71.7	82.3	63	44.8	45.6	47.1	60.7	65.3	60.4	81.4	94.3	88.7	74.6	69.7	74.5	74.3	70.8	73.5	98.4	89.5	70.1	74.8	152	126	83	44.6	52.7	73.3	72.1	72.5	73.4	89.5	95.9	98.5	81.8	48	38	40	25	24.9	25.4	11.7	11	6.04	5.83	6.58	6.05	3.3	1.81	6.55	1.79
287	241	179	191	219	170	157	178	198	202	203	239	247	271	301	343	260	210	226	222	199	137	140	136	141	131	146	159	154	187	165	164	137	119	102	118	125	151	162	166	167	147	163	187	166	158	167	186	193	194	171	92.9	84.7	112	108	82.8	59.3	58.6	49.2	45.9	25.5	19.2	18.8	33.6	35.8	48.8	47.2	56.9	58.5	72.4	71.4	53	55.2	53.1	58.4	53.4	60.6	61.5	76.7	90.9	84	73.4	66.6	54	52.9	65.5	51.9	56.2	49.9	37.4	38.2	68	54.3	37	26.1	41.8	63	115	71.3	87.3	107	176	152	78.6	42.7	12.5	36.2	16.7	17.9	21.1	19	7.92	9.47	9.68	8.2	6.21	10.8	9.82	8.15	7.22
257	225	173	174	186	204	214	171	184	193	199	241	271	275	243	287	271	222	228	237	221	154	157	153	167	175	185	158	164	171	144	138	140	139	172	153	113	120	137	147	136	135	165	197	192	206	198	186	177	161	178	102	84	98.1	121	131	61.1	48	49.7	25.1	17.2	28.7	24.6	42.7	50.8	68.2	46.4	53.7	58.5	78.1	66.4	52	56.1	51.1	70.8	60.2	52.2	73.7	70.2	92	80.8	72.4	75.2	84.9	64.5	66.4	71.4	44.1	36.1	27.9	24.6	28.6	35	23	24.2	38.4	44.7	93.7	102	116	133	167	131	68.1	42.5	26.4	27.5	7.54	4.49	16	1.17	4.59	11.4	15.8	8.11	8.56	14.8	20.3	12.3	10
209	181	168	195	202	197	190	186	161	163	181	229	208	258	277	244	236	297	284	263	225	177	213	194	167	186	181	160	163	130	132	156	152	135	182	180	145	124	139	139	114	125	156	226	202	188	201	189	187	161	174	157	134	114	115	103	64.4	58.5	55.2	39.7	38.8	39.8	39.8	38.8	48.4	53.4	53.2	56.7	52.6	57.4	48	67.5	58.7	67.5	82.3	76.4	62.6	67.1	68.9	95.9	89.7	90.6	93.2	114	101	81.6	74.9	58.2	44.1	35.5	26.6	27	23.1	52.1	63.9	47	41.8	51.8	71.8	115	119	121	103	78.4	51.5	35.4	3.98	4.78	1.55	1.07	1.27	4.04	3.14	6.89	9.24	9.92	12.9	26.6	10.2	4.46
195	156	154	182	194	187	188	208	226	157	194	199	203	222	240	231	245	267	278	244	262	160	218	190	166	165	147	218	184	161	167	146	138	126	132	163	166	139	158	156	119	131	184	228	220	210	196	197	201	188	203	188	150	108	115	160	103	93.5	71.6	53.6	81.2	65.2	51.3	57.8	67.5	71.8	77.6	77.9	58.4	58.4	66.3	75.9	72.3	73.9	81.2	89.5	81.3	73.1	77.6	84.8	92.2	97.4	98.3	92.9	101	81.9	91.6	63.4	57.5	44.7	37.6	24.8	37.2	63.6	78.5	39.1	34.6	35.9	51.2	81.5	90.2	83.6	83.5	53.3	62.6	17.4	3.92	5.09	3.95	3	0.992	4.45	3.64	3.16	3.12	5.9	18.9	7.66	4.36	4.22
206	163	158	187	159	144	158	175	182	174	159	170	172	178	179	175	187	218	214	236	185	182	172	152	169	175	140	211	206	187	194	174	131	113	141	170	160	159	148	124	134	137	164	186	201	218	201	247	238	205	179	171	158	127	183	276	193	111	78.1	77.2	106	110	96	136	134	91.2	86.7	91	75	75.8	97.9	98.4	65.1	73.6	104	139	133	100	84	47.3	52.6	73.8	76.8	55	60.6	52.9	58.9	50.3	44.2	36.5	28.1	30.9	28.8	25.1	23.3	16.6	15.3	19	22.8	44.7	59.3	58	45.1	53.8	46.6	25.7	7.22	6.69	8.8	5.25	3.14	4.36	3.87	8.12	8.15	3.9	10.2	4.24	4.46	4.44
213	194	206	180	149	135	169	183	168	164	144	152	160	187	170	173	173	205	228	249	250	260	237	188	185	162	185	192	252	234	184	180	172	142	166	188	137	131	119	130	142	162	172	190	233	208	178	212	209	205	220	176	160	136	144	151	166	90.1	89.4	140	93.1	95.8	99.3	211	184	86	61.3	92.4	96.1	94.1	110	118	102	99.2	126	131	126	87	54.6	41.2	48.5	63.7	73.5	58.6	51.3	72.2	74.2	52.3	38.3	30.3	33.6	38.7	30.4	22.2	21.2	21.1	22.5	20.5	22.6	40.7	40.4	58.3	53.2	49.5	46.7	24.7	8.01	18.9	9.58	3.85	3.43	4.77	5.29	8.2	3.53	4.33	4.17	4.45	4.14	4.97
202	213	199	201	192	166	191	175	151	153	145	146	147	163	158	179	201	226	243	257	266	282	256	268	186	234	257	210	197	222	189	199	173	162	183	167	172	153	139	161	158	178	180	190	202	191	204	195	195	199	195	147	124	156	130	110	109	68.8	70.7	79.2	59.6	94.5	125	173	154	135	113	92.9	92.5	104	137	147	185	144	191	192	142	87.4	51.8	51.1	62.4	71.6	72	61.9	59	69.7	70	62.7	46.5	44.1	53	58.1	40.8	28.3	28.7	30	23.2	17.9	23.8	42.9	47.1	52.8	59	65.8	64.7	67.8	27	9.28	5.64	4.5	12.6	13.2	9.25	4.12	3.95	4.86	4.8	4.69	5.06	7.2
211	211	180	164	149	179	188	169	134	181	178	173	160	149	142	190	200	233	246	260	248	281	277	287	227	224	224	231	196	185	149	149	155	161	156	165	208	165	173	202	190	170	166	204	205	175	175	172	184	176	174	135	131	137	101	86.3	85.7	67.6	80.7	55.2	39.3	51.9	107	234	203	123	115	89.7	93.7	134	184	169	153	162	189	175	129	70.2	57.3	40	61.4	77.2	63.8	59.2	74.8	68.1	61.9	59.8	60.7	63.9	81.2	62.3	53.9	42.5	41.9	61.5	31	33.6	45	40.4	48.1	57.8	61.8	112	96.7	68.8	26.2	14.5	16.6	16.1	16.1	39.1	17.6	14	8.05	9.99	8.53	5.01	13.3	15.2
182	209	178	145	181	154	139	123	115	138	140	160	169	149	141	158	169	171	192	223	224	226	226	241	208	202	174	196	168	193	165	171	166	181	174	204	182	179	218	208	189	194	198	229	227	204	151	135	135	132	168	131	126	119	108	96.1	97.7	58.2	80.7	83.4	61	65.6	147	174	142	96.7	117	76.2	106	113	108	117	107	132	170	161	105	74.2	57.5	37.9	35.4	46	32.8	68.6	83.7	78.1	81.2	73.6	75.1	83.2	88	61.5	62.2	49.2	48.2	47.1	47.3	36.7	36.9	40.8	28	26.5	31.8	29.8	45.6	34.8	14.2	17.4	19.5	27.6	22.9	22.4	24.3	36.7	34.5	12.2	15.7	10	15.9	30.5
196	177	246	131	139	157	117	101	99.8	109	118	145	150	159	153	157	155	156	159	176	167	173	174	207	193	150	157	163	159	188	203	181	188	202	219	196	217	194	184	195	166	182	203	234	240	251	200	167	145	136	155	162	143	123	107	60.6	67.7	114	88.9	84.4	56.1	62.9	114	138	130	119	85.8	106	146	104	149	178	158	144	206	144	81.3	57.9	55.3	36.8	48.2	49.5	35.1	78.5	106	114	88.2	89.2	95.4	126	102	104	79	51.8	68.2	52.1	64.9	53.7	44.1	38.3	41.5	32.1	30.8	73	47.1	45.1	35.2	26.7	25	31.3	19.3	8.12	12.8	7.89	17.9	25.1	11.8	6.27	12.2	15.3
185	157	145	136	148	156	110	99	103	99.7	116	137	131	149	140	157	153	132	162	157	145	158	156	160	205	165	170	191	175	172	214	158	159	167	205	216	206	166	163	171	170	216	250	223	220	259	258	197	162	153	171	207	163	146	119	58.6	59	83.1	86.5	68.7	84.8	130	113	119	103	113	123	140	189	107	150	180	215	140	136	99.3	65.7	61.7	56.5	41.2	50.8	63.6	53	125	185	147	89.1	107	85.1	118	114	130	117	91.7	92.5	60.4	68.2	76.4	53.6	43.7	52.6	38.1	37.6	58	58.6	36	46.8	53.6	46.1	34.6	25.4	14.2	14.4	9.64	5.83	13.8	12.6	6.99	7.08	12.2
149	161	143	117	151	155	144	120	104	102	105	116	115	125	141	140	144	124	133	143	129	129	134	124	168	166	162	153	150	165	196	183	174	148	190	170	174	185	277	223	177	206	252	250	240	258	206	214	187	178	203	216	168	176	128	98	84.7	87.3	88.5	85.3	80	111	143	192	137	124	199	216	165	117	155	146	204	135	126	117	86.5	75.6	69.2	55.2	50.9	53.3	81.8	89.4	111	102	87.7	77.9	116	144	156	120	103	93.6	106	80.6	70.5	64.9	63.2	52.3	97.4	74.8	108	66.3	41.1	39.2	39.4	49	45.2	39.8	18.8	31.9	41.7	33.1	7.52	17.2	28.3	27.1	18.3	10.1
118	127	106	109	152	151	129	102	96.8	102	96.5	99.4	82	79.8	99.1	132	122	83.1	132	143	131	121	105	99.2	154	156	149	143	143	176	224	217	204	181	169	179	209	210	233	212	185	211	239	243	227	242	189	202	176	166	167	158	137	140	111	98.8	94.5	97.4	126	163	170	167	222	168	175	137	128	146	119	96	127	129	139	113	154	106	89.5	65.3	65.6	53.7	79.4	75.2	92.5	75.9	105	130	103	102	136	175	186	134	93.5	97.3	119	89.6	94.8	97.4	126	84.6	79.1	86.3	92.7	80.5	63.6	45.1	49.7	55.7	44.1	35.4	26.2	26.4	22.5	10.6	12.3	22.9	38.4	39.4	31.3	17.1
107	118	109	121	142	155	130	107	95.1	97.8	112	95.1	84.1	88.2	93.5	130	114	80.3	83.9	112	103	109	118	96.1	138	149	138	146	173	215	206	249	242	214	191	182	187	184	195	170	184	230	206	197	233	238	198	192	195	188	210	177	138	143	168	132	115	99.7	160	242	217	187	184	137	153	158	185	144	107	108	161	167	186	141	200	134	104	77.9	91	77.5	91.6	126	163	126	136	149	126	136	210	208	195	120	131	121	115	97.4	124	107	180	92.3	81	76.3	108	112	62.5	54.6	42.6	65.9	48.4	33.1	28.2	34.2	19.4	12.9	19.4	30.3	29.2	16.7	21.1	21.6
86.7	84.2	101	94.1	111	155	123	81.3	87.6	94	102	84	71.4	77.6	76.2	103	101	99.3	122	112	90.4	103	105	131	193	153	174	189	213	204	209	250	247	249	247	259	240	196	210	170	179	202	201	197	215	216	224	196	215	304	330	239	154	153	155	191	146	118	204	243	162	158	117	104	118	158	196	163	142	130	140	156	253	158	167	164	176	151	176	126	104	121	149	150	150	161	138	139	175	217	198	146	122	106	101	104	126	121	106	97.8	103	107	112	101	71.6	57.4	53.4	65.5	54.1	43.2	33.2	31.1	20.7	17.5	23.1	55.8	52	31.1	29.6	37.5
89.7	74.9	88.5	74	109	119	107	79.7	82.9	92.2	96	83.9	81.7	86.7	81.4	106	120	163	153	129	102	107	111	117	196	164	153	184	175	167	206	182	171	211	306	300	257	216	264	211	189	199	194	183	192	211	218	238	237	249	242	297	180	149	153	179	200	171	222	200	170	175	207	164	139	157	222	170	153	164	132	158	210	174	160	175	179	192	161	129	107	123	154	151	175	176	114	141	182	198	186	144	142	146	140	124	116	95.3	95	101	124	113	86.9	83.1	90.1	65	62.3	71.6	61.8	48.9	44.1	49.2	46.7	34	26.1	46.1	53.5	63.6	83.5	59.8
75.3	75.2	72.6	102	105	112	103	103	106	117	131	127	118	120	138	138	136	190	220	166	151	154	107	91.9	132	166	150	156	157	167	184	207	147	152	182	236	241	227	227	189	213	212	208	191	202	225	256	372	332	210	220	350	254	185	179	230	246	223	180	176	185	207	268	252	240	210	249	199	196	213	176	129	135	155	129	121	134	181	126	141	140	173	150	148	149	150	120	146	265	243	265	206	174	182	173	129	120	115	111	114	123	106	97.7	81.9	83.3	82.4	65.7	61.8	53	38.1	34.4	17.4	32.4	16.3	23	27.4	43.3	61.2	48.6	51.6
56.5	55.2	72.7	69.5	86.2	87.9	108	108	102	122	111	112	115	114	152	144	139	158	166	182	180	157	132	122	123	104	128	152	155	151	182	213	168	147	180	234	230	225	228	211	199	243	220	211	208	221	274	300	245	202	260	335	242	197	183	223	248	268	197	191	230	267	307	316	311	269	269	215	232	216	228	176	196	166	190	212	184	165	195	191	169	204	178	194	160	155	167	161	216	182	280	243	229	227	211	150	130	131	142	143	151	119	97.9	89.2	85.9	94.8	105	71.7	62.7	49.5	39.7	25	26.6	29.7	36.6	41.5	41.4	57.7	39.5	37.3
55	50.2	58	69.4	81	78.5	106	90.2	95.8	104	108	121	140	120	142	166	153	154	142	149	153	138	164	153	114	95.3	122	123	143	173	180	210	214	159	177	194	208	235	251	198	211	224	205	170	195	216	214	205	188	185	230	270	212	286	195	200	218	344	220	204	261	256	290	337	406	349	375	284	264	283	259	210	199	236	227	228	206	166	179	246	177	180	173	159	166	192	210	169	170	184	183	199	188	194	185	147	149	142	133	132	148	118	104	98.7	93.7	95.5	105	71.5	57.2	44	42.3	40	41.5	39.9	29.1	41.9	52.1	60	38.5	36.6
66.5	61.8	65.3	69.9	72.3	84.2	90.1	82	96.5	89.6	108	98.1	131	131	137	158	166	163	157	184	151	156	154	140	164	136	122	112	105	145	161	159	157	184	176	193	216	229	234	208	226	199	208	199	220	216	200	230	243	280	240	266	255	247	251	281	185	205	232	199	204	245	322	279	280	312	431	354	255	266	248	221	214	184	178	263	264	183	181	260	211	192	184	199	207	215	207	219	201	157	164	188	198	169	157	142	153	147	112	151	134	121	104	90.1	103	95.2	91.3	79.7	53.6	48	41.4	70.4	67	82.6	33.1	54.2	60.2	66.9	41.6	34.2
66	73.7	73.8	56.9	68.3	81.6	88.7	90.6	105	86.6	91.7	74.2	124	178	175	186	198	209	225	202	197	246	172	139	115	112	132	126	99.6	115	172	190	162	166	137	160	172	198	226	245	262	204	207	223	231	211	190	183	245	261	214	306	302	197	272	298	267	215	271	230	229	262	266	264	237	293	388	369	309	270	255	229	254	209	209	239	212	222	246	249	206	197	161	122	190	208	199	227	178	133	170	235	239	185	141	143	171	136	106	112	124	121	102	88.7	105	92.5	83.6	73.8	66.4	58.1	52.9	59.5	51.1	47.1	29	65.6	41.9	20.8	15.2	19.3
45.5	55.8	60.8	55.4	58.6	66.8	74.6	76.5	70.6	77.4	74.5	79.9	84.9	145	143	183	186	192	178	154	167	180	171	147	131	99.5	106	107	95.8	104	152	219	161	131	132	138	142	188	197	266	276	263	239	241	259	263	206	207	227	223	216	276	227	178	229	287	215	208	246	306	243	291	292	274	255	321	364	382	307	274	257	213	249	264	211	242	214	197	249	235	209	219	171	124	174	211	242	216	206	145	155	255	240	163	133	164	187	127	94.6	98.7	92.6	99.6	112	95.3	113	88.8	80.9	81.6	80.5	68.4	56.5	37.8	46.4	40.3	33.1	43.4	43.9	17.8	32.9	21.4
48.3	50.5	60.7	53.8	49.5	54.1	85.6	92.8	68.3	72.9	77.4	88.9	118	126	133	183	164	174	132	105	112	141	159	141	143	102	95.8	82.2	75	101	144	186	127	146	142	169	171	168	184	239	262	238	265	260	234	244	192	177	215	271	234	225	253	174	200	193	206	248	250	207	202	215	266	286	320	305	299	339	352	297	287	232	275	287	309	250	220	272	269	285	214	203	179	143	167	190	223	245	197	180	150	183	178	149	137	126	136	113	128	117	87.3	90.1	95.3	94.2	86.1	75.8	76	92.6	92.9	89.7	67.8	55.3	59.5	42.5	36.6	45	64.6	40.4	52.8	39.8
40.4	40.7	58.7	68.7	66.1	49.3	78.6	79.2	71	83.5	88.4	119	116	121	120	137	120	144	135	100	116	127	124	137	124	126	118	85.1	86.7	112	157	125	130	152	161	161	167	170	186	199	201	190	232	245	242	219	176	154	146	182	308	314	301	179	198	186	196	270	262	220	238	268	207	272	300	284	299	268	318	308	291	294	317	295	350	292	271	236	279	313	217	309	229	219	216	239	232	236	179	171	134	133	114	124	114	105	127	171	138	114	99.4	88.2	91.3	107	91.1	70.3	68.4	51.3	63.9	60.6	56.1	61.7	61	45.4	36.6	52	62.9	42.9	31	19.5
48.9	43.4	48.5	67.2	79.1	60.5	68.9	90.5	91.9	115	90.5	95.5	103	118	135	139	126	158	156	147	142	135	126	111	108	107	125	91.1	104	134	127	112	114	142	144	139	138	166	179	146	138	171	173	174	190	189	159	125	124	138	313	375	288	179	191	225	226	229	378	285	345	284	239	269	272	258	306	286	290	274	289	296	341	321	336	322	282	249	266	233	228	260	261	175	233	230	195	223	153	152	141	135	122	123	120	128	120	145	160	128	112	118	103	92.3	80.7	63.1	60.1	45.3	55.7	53	36.9	46	32.9	29.9	31.2	47.2	36	27.9	21.3	9.01
56.7	51.1	43.4	41.2	73.8	98.8	91.2	92.2	115	101	86	101	106	113	120	147	131	143	162	147	127	140	121	117	127	115	105	108	102	92.9	123	143	130	171	169	128	146	161	173	171	135	172	179	170	202	170	165	107	110	165	175	407	387	212	258	278	239	215	278	291	393	344	285	304	306	283	354	348	292	267	373	359	387	374	386	337	299	283	258	198	198	202	219	217	188	184	183	181	182	161	144	159	188	155	138	142	119	110	122	113	106	101	99.5	92.1	83.7	72.9	71	69.3	51.7	40.7	55.5	63.5	45.1	27	19.4	44.4	39.9	19.3	14.7	5.45
56.6	48.2	60.2	61.3	82	111	85.4	84.2	140	135	108	123	96.6	93.7	102	128	120	140	159	131	131	133	113	111	131	116	122	103	99.9	88.7	132	157	115	151	150	139	140	133	139	160	148	149	152	173	181	180	137	107	111	178	193	253	322	258	289	325	249	215	335	322	338	307	392	343	360	337	341	351	330	298	314	337	358	414	397	312	258	261	239	210	205	210	212	242	220	199	216	222	184	183	138	160	171	177	144	120	135	110	81.3	97.2	93.7	98.2	89.1	86.8	82.1	79.2	76.4	80.8	56.2	37.7	47.8	61.7	43.1	26.1	24.6	33.6	28.1	14.9	10.1	6.46
63.7	66.2	93.3	98	121	104	86	88.6	125	137	158	155	125	128	109	122	122	134	126	132	137	135	120	111	102	119	115	83.2	88.4	95.5	110	104	114	106	135	152	140	124	128	126	147	154	186	194	175	180	126	91.1	116	146	158	185	212	318	383	250	216	189	229	308	318	303	389	366	319	297	279	325	370	323	289	332	358	409	339	280	228	226	257	241	242	231	199	164	273	221	253	219	162	136	133	173	203	180	117	102	121	90	81.4	74.3	74.9	93.8	77.2	82.2	70.9	81	70.9	91.8	49.7	28.2	31.6	32.4	31.8	41	23.4	23.6	18	15.1	8.87	5.3
61.5	70.9	83.3	94.9	95.8	107	88.3	100	143	162	200	137	138	134	128	136	114	125	116	151	128	128	123	119	120	126	116	98.4	93.7	104	111	110	113	140	207	124	163	120	113	81.7	127	151	149	173	152	198	110	110	121	131	158	200	192	211	197	247	237	242	243	242	289	304	275	275	226	248	249	287	336	291	302	365	389	407	334	286	243	295	290	287	260	244	233	181	192	227	266	216	186	141	114	140	185	168	116	110	77	105	89.8	86.2	87.2	106	91.5	75.2	60.5	64.9	56.6	56.9	31.5	33.3	27.5	20.9	32.4	31.1	15.2	19.3	17.7	15.6	8.38	7.35
63.3	50.7	75.4	93.6	118	89.9	88	98.4	115	134	194	167	167	143	122	151	117	126	123	141	132	127	127	116	122	127	113	97	99.2	111	122	103	118	149	143	128	157	128	157	145	91.9	79.3	140	152	105	141	135	101	118	129	143	204	179	162	176	216	172	222	216	209	238	249	223	227	205	239	244	233	299	330	372	348	352	375	366	332	297	256	287	272	281	258	268	256	274	234	178	149	156	138	128	214	225	160	105	91.5	81.9	73	79.3	96.6	70.8	70.7	86.2	68.5	59.7	54.8	50.8	41.4	23.6	30.1	29.7	28.7	18.5	22.4	17.1	31.1	22.6	17.1	13	11.4
62.4	52.5	67	92.3	82.2	68.9	87.6	111	127	167	223	193	201	168	149	148	133	147	130	162	162	147	147	119	120	129	112	104	107	102	101	99.2	105	107	155	168	119	116	160	105	84.6	87.9	92.6	129	102	131	177	114	101	81.6	92.9	148	166	162	158	207	209	294	218	171	171	159	149	165	210	270	238	224	314	303	311	278	298	324	321	311	316	340	309	302	295	243	277	255	231	236	200	147	160	139	113	121	153	133	110	98.8	101	97.2	87.3	90.2	65.4	63.6	75	78.5	62.4	65.4	45.7	44.1	29.2	28.2	38.8	33.1	19.1	23.8	28.4	30.6	24	17.5	19.7	12.4
65.8	58.5	84.6	81.1	88.3	96.3	110	121	157	209	235	195	239	207	190	181	170	148	137	163	164	165	150	139	135	130	121	112	107	98.7	90.5	97	98.5	96.8	138	142	111	104	138	105	77.3	90.3	129	70.7	73.7	158	146	172	121	95.9	88	132	168	190	167	202	183	256	253	200	139	128	153	177	196	213	217	234	269	261	257	254	275	299	314	393	353	293	366	329	260	218	255	247	222	192	188	180	161	120	99.2	128	102	87.5	90.6	92	89.2	85.9	76.5	82.5	73.1	72	71.3	68.9	67.8	62.6	48.8	38.7	41.5	32.4	36.6	30	26.4	20.1	27.2	34	36.2	25.5	20.6	13
91.3	72.6	83.3	94.3	133	118	137	157	155	171	192	176	177	187	169	212	206	186	154	164	171	179	160	153	157	143	143	137	126	124	104	118	106	123	136	105	83.2	96.3	145	184	137	118	132	82.4	68.1	106	111	173	171	127	117	142	166	200	158	159	130	179	222	223	206	143	128	166	165	187	217	215	249	307	248	242	269	279	293	318	263	286	292	311	201	189	204	264	229	192	179	197	190	166	143	154	128	119	130	91.4	75.4	83.4	89.1	84.1	72.8	72.7	63	69.8	66.9	68.1	62.3	55.3	59.9	48.1	35.8	46.3	43.3	35.4	33.1	42.9	42.3	27.1	27.1	15.6
97.6	99.2	119	136	166	165	218	210	192	203	201	187	187	191	181	178	192	187	162	175	188	190	181	170	169	158	146	122	113	129	118	119	113	107	95.7	84	86.2	89.8	171	213	176	99.2	91.9	102	89.6	103	136	130	127	122	115	142	137	153	170	164	143	181	223	237	239	174	113	164	165	158	163	183	251	262	250	270	276	307	277	259	336	277	252	227	203	187	182	182	206	186	203	206	192	157	132	136	128	111	124	99.1	78.7	68.4	67.9	67.4	47.9	49.3	55.8	70.5	57.2	63.8	67.8	50.8	62	51.8	37.6	53.7	48.8	47.6	40.3	28.6	19.8	16.5	31.8	16.1
66.7	109	145	156	186	257	238	253	225	223	219	189	193	201	190	185	188	185	176	200	203	187	182	169	169	151	153	127	117	146	128	128	128	110	100	89.2	87.2	95.5	96.4	91	125	108	78.1	78.7	72.9	86	95.1	140	128	120	171	124	109	126	138	188	178	186	216	247	227	165	147	204	187	176	177	213	203	267	293	254	272	283	250	271	264	291	275	247	209	198	188	237	214	159	139	148	147	167	151	166	111	98.7	94.8	87.3	75.8	61.3	59.3	70.1	45.2	48.6	59.4	59	48.7	67.8	64.7	42.7	47.3	39.5	35	45.7	41.5	43.3	37	30.7	32.8	27.1	22.2	15.5
50.7	108	164	199	258	243	201	232	211	201	240	203	201	221	227	209	208	204	204	213	215	201	186	177	165	145	144	127	111	129	123	123	141	153	117	119	126	121	116	124	170	123	87.8	81	90.2	72	101	95.2	109	145	159	115	108	114	122	163	191	171	193	257	181	144	237	242	206	184	179	180	181	207	260	255	239	210	209	274	360	356	302	247	220	174	161	170	185	108	128	118	108	104	112	125	118	108	108	88.7	77.4	68.4	75.2	75.3	50.9	45.8	55.7	54.7	47.8	54.2	63.7	52.6	48.2	36.9	35.8	27.8	26.4	35.8	37.7	39.4	44.2	31.7	22.1	16.6
41.7	71.1	117	142	128	124	124	174	177	176	203	205	229	225	234	242	247	250	248	233	218	218	186	170	168	152	142	131	127	154	150	154	155	168	146	163	145	145	147	151	160	157	159	101	84.1	80.8	114	107	90.2	103	157	126	107	102	119	134	127	176	181	206	179	180	165	219	215	223	177	177	219	220	250	236	219	206	223	247	481	425	392	302	262	173	145	134	209	196	130	100	123	128	119	151	146	102	116	114	101	103	90.7	71.3	55.8	49.7	50.9	63.7	55.2	59	59.9	62.6	52.4	41.9	33.5	38.1	38.5	43.6	41.4	43.2	40.6	33.9	25.3	22.9
39.4	48	75.5	78.5	85.4	80.1	89.5	119	155	188	188	203	230	259	279	306	280	274	267	257	217	181	183	174	178	177	135	126	139	154	150	151	149	166	151	135	117	114	125	140	160	121	125	85.3	90.5	118	128	121	114	103	84.6	112	133	123	139	139	148	159	126	125	173	151	181	249	205	188	168	169	182	214	253	263	260	255	272	337	334	313	283	293	205	162	140	132	122	101	98.8	99.2	103	104	144	155	125	97.2	117	144	95.1	73.7	69.6	60.5	59.6	53.2	58.3	71.6	75.6	58.7	52.2	53.8	56	44	39.1	37.9	47.7	40.8	38.7	67.6	55.5	36.8	31.7	28.6
30.9	44.8	46.7	46.1	48.7	55.1	68.9	94.3	167	207	209	220	249	257	258	288	260	258	248	247	190	168	173	161	164	170	145	124	122	132	129	141	140	140	143	173	147	120	131	121	135	148	126	92.6	106	159	184	145	161	138	94.6	109	113	121	131	126	129	166	111	111	152	167	146	183	179	162	143	142	173	188	207	227	247	250	233	204	253	249	254	232	185	241	196	113	99.7	93.6	89.1	95.7	83.9	91.2	101	85.5	109	95.3	118	106	85.1	79.6	78	73.6	82.4	87.2	76.2	68.8	63.2	54.4	40.3	42.3	39.2	29.5	29	30	37.5	44.3	46.2	57	56.6	36.3	28.3	26.7
30.3	42.2	43.1	39.3	38.9	46.2	54.6	72.6	123	185	195	220	285	312	309	282	275	262	228	191	192	167	158	161	147	152	133	121	121	115	135	138	135	127	155	137	128	140	154	119	144	152	141	73.8	84.5	139	193	174	155	147	102	108	111	113	139	133	140	165	125	127	123	118	109	185	192	147	150	137	165	178	154	177	210	189	206	160	179	216	257	180	186	148	148	189	114	115	196	104	86.1	102	107	113	128	160	122	94.4	119	116	78.9	82.7	114	106	81.7	72	52	49.6	40.2	41.8	39.5	36.5	32.2	34.8	36.4	39.4	45	44.8	46.2	37.3	30.9	22
30.7	33	40.4	54.5	44.9	44.9	42.9	46.9	71.3	110	151	178	263	292	286	269	257	234	219	201	184	179	172	162	148	137	125	120	107	109	116	107	112	102	113	121	119	138	143	133	132	147	162	95.1	92.8	125	161	135	137	139	131	112	112	119	147	170	167	153	142	140	153	141	108	215	234	189	184	196	206	215	198	215	187	192	206	161	179	155	165	155	249	144	117	113	104	127	165	110	111	106	110	154	174	181	132	105	108	115	115	115	112	105	95.8	64.1	49.5	46.3	45.5	45.7	49.9	40.4	32.5	37.1	36.1	38.3	39.1	44.2	44.7	33.4	29.7	27.2
29.3	35.2	40	58.7	66.9	38.4	32.4	33.3	45.3	71.4	102	154	200	231	244	243	224	199	218	200	189	183	170	133	132	125	120	108	107	96.1	90.9	103	100	95.7	92.8	109	115	140	146	135	134	152	200	181	137	109	165	171	162	182	149	136	148	141	152	243	217	155	155	153	275	201	104	177	237	223	193	213	249	289	263	193	182	193	220	143	152	157	155	187	208	145	118	105	100	123	108	138	152	116	124	204	189	174	128	113	89.1	98.5	103	105	109	102	89.1	65	50.6	51.6	48.8	54.5	53.5	45.8	37.7	37.5	39.6	35.9	37.1	39.2	46.8	39.8	31.9	27
33	37.7	39.8	34.7	41.6	43	37.6	37	40.1	58	79.8	99.7	115	126	137	182	201	194	223	198	192	169	163	144	133	116	106	93.8	97.1	93.1	105	100	92.6	101	99.7	105	113	138	145	128	131	168	170	162	126	140	147	175	203	200	167	171	178	187	208	245	247	191	179	173	166	174	124	177	212	240	238	230	259	267	282	226	169	169	169	133	149	168	198	152	165	137	133	127	115	119	118	148	161	165	164	206	165	144	129	113	120	111	87.4	92.4	123	88.2	65.8	56.9	53.9	45.1	42.1	50.4	44.5	41	39.4	40	37.4	39.2	37.9	42.4	41.9	38.6	29.1	23.8
35.2	41.9	40.6	30.2	32.8	36.6	34.9	33.3	28.9	48.8	80.6	84.2	77.3	101	87.1	118	142	135	157	152	148	142	141	125	130	115	108	96.1	109	106	124	105	87.4	95.2	101	105	111	133	126	119	129	163	173	163	125	143	153	187	192	207	167	156	203	157	167	215	241	228	190	259	212	188	151	208	229	250	291	263	271	263	243	199	215	199	174	174	171	141	122	123	140	135	133	134	125	153	137	150	162	163	159	164	150	126	87.4	110	93	73	74.6	99.5	106	74.4	73.4	50.6	47.9	46.2	43.1	48	37.9	38	36.1	34.9	37.8	36.3	32.6	30.1	29.1	27	25.1	18.9
29.9	34.8	35.3	29.2	25.5	26.4	27.9	27.1	24.6	25.6	32.1	55.5	45.9	58.3	62.2	89.4	89.9	90.7	98	123	122	123	140	153	157	137	111	108	116	113	116	109	102	103	107	113	120	124	126	119	136	173	168	149	130	147	164	170	159	186	158	161	156	180	125	143	140	186	195	244	215	200	175	209	226	232	235	262	249	238	198	195	205	198	181	162	205	170	148	139	139	153	137	132	110	119	137	140	137	130	125	120	129	89.9	69.7	78.2	88.5	73.6	79.2	89.2	78.1	60.1	59	56.7	53.4	47.4	43.7	39.3	32	28.4	27	31.2	32.9	30.9	27.1	25	22.4	27.3	24.4	13.2
28.9	31.8	30.6	24.9	25.3	23.4	20.9	19.5	23.7	21.2	30.9	37.2	35.9	42.4	58.4	82.2	73.1	80.8	86.4	98.5	119	111	115	125	123	114	119	112	106	105	103	102	105	119	125	115	119	136	144	137	149	171	167	133	122	150	147	156	147	158	123	155	163	118	119	127	124	143	182	212	208	209	195	217	233	232	247	260	218	225	198	184	187	191	163	143	165	169	164	166	153	129	122	110	102	108	118	131	131	117	120	135	197	108	77.7	64.8	65.7	70.8	78.5	81.1	71.3	51.9	57.7	61.6	53.7	44.6	43.3	46	39.1	34.2	29.7	33.6	30.6	26.7	26	28.1	24.6	19.2	19.4	13.1
25.1	27.3	27.2	25.3	26.9	24.8	22.9	17.8	19.7	22	23.7	27.1	24.7	29.3	53.5	67.4	71.7	101	120	96.2	106	120	125	121	126	115	112	109	108	106	105	107	112	116	121	130	134	152	181	155	165	177	168	129	151	163	174	190	182	110	95.8	140	148	129	114	115	89.1	110	136	145	221	234	209	239	242	222	225	219	215	212	206	191	190	167	162	157	151	118	153	170	152	136	120	113	106	123	119	124	115	101	116	122	119	87.3	72.6	59.6	65	74.7	74	81.5	63.2	53.7	57.3	60.2	50.7	47.2	42.6	42.8	34.6	30.3	30.4	33.6	28.4	24.3	22.4	26.3	37.2	25.6	18	13.4
21.3	24.3	24.8	20.5	20.5	18.9	18.2	16.1	16.1	15	16.7	19.1	21.2	20.3	31.8	59.9	55.1	73.3	102	84.2	115	155	135	110	113	108	111	100	98.8	105	104	113	118	132	142	172	149	149	186	167	164	167	156	138	166	176	157	173	155	93.7	80.4	101	125	101	91.5	89.6	76.1	97	184	192	205	226	264	238	234	198	199	193	210	222	207	192	180	161	169	165	145	134	129	138	124	156	146	129	121	125	131	126	131	100	103	99.4	85.9	74.6	75.9	70.5	78.2	80.3	85.6	70.7	59.3	59.1	59.8	60.7	48.8	46.1	42.6	39.7	30.3	25.2	24.5	34.9	33.3	21.9	21.1	25	25.3	26.9	22.8	16.3
8.36	10.7	12.8	9.79	10.1	9.92	10.1	8.94	9.12	10.9	10.6	11.8	15.5	14.7	18.2	33.4	42.6	49.8	61.4	73.3	94.7	127	113	104	105	102	113	95.5	90	92	99.2	142	148	161	137	168	155	138	150	178	180	146	132	142	163	197	187	152	143	143	128	97.6	113	107	117	148	140	131	103	142	169	166	190	202	179	154	153	170	167	172	166	164	154	145	151	142	162	145	114	111	111	150	158	125	123	127	123	123	122	122	112	108	96.2	83.9	81.2	72.1	79.9	99.3	92.1	82.8	69	63.5	68.6	57.6	53.9	50.2	43.7	36.5	30.5	25.3	23.3	25.8	24.2	19.1	12.6	18.2	17.8	22.7	17.3	16.9
7.25	8.38	7.7	14	13.7	7.26	7.15	6.79	6.77	6.56	8.13	9.66	10.8	11.6	13.9	25.7	32.7	38.2	41.6	57.3	66.3	91.6	100	93.9	91.7	89.1	93.8	89.9	87.1	83.6	101	118	139	181	127	137	140	149	167	148	148	147	150	143	158	155	146	129	118	125	137	161	178	175	158	161	150	148	90.1	130	154	186	168	154	149	146	141	154	156	160	160	131	135	149	149	158	151	124	113	134	126	162	165	129	136	137	115	112	102	101	105	98.9	90.5	98.5	96.3	80.6	91	94.7	101	91.1	74.9	73.6	81.2	62.8	57.4	46.8	40.9	32.4	28.4	24.2	22.7	19.7	18.3	15.8	15.9	20.1	18.9	23.4	17.3	14
7.64	5.47	5.67	8.31	27.2	6.39	5.61	5.55	5.05	6.1	6.61	8.4	8.58	10.7	11.3	22.1	26.7	32.5	35.8	47.8	71	74.8	96.6	95.7	110	84.3	86	82.3	76.8	90.5	104	107	146	159	128	119	127	165	181	164	171	166	171	152	180	169	141	122	104	103	106	76.7	107	115	97.2	123	117	133	102	130	155	162	176	135	156	154	153	152	149	142	133	139	165	158	150	140	152	171	148	139	125	135	136	130	137	140	103	92.9	90.2	76.6	86.4	86	86.1	100	90.5	88.3	87.8	85.4	73.7	81.8	77.6	83.3	67.3	62.8	58.9	50.2	41.4	32.7	29.9	26	26.7	23	18.9	18.6	21.5	22.5	24.1	26.2	19.3	17.8
11.2	9.46	4.34	3.94	3.82	3.67	4.52	4.18	4.08	5.47	7.04	15.9	6.22	7.97	10.4	19.4	22.9	27.7	30.9	42.2	90.4	102	61.3	87.7	83.1	67.4	66.5	75	80.5	111	156	153	119	176	177	131	132	165	182	172	172	153	150	152	163	155	134	117	109	109	97.6	75.4	78.3	73.3	83.7	117	112	121	113	139	136	146	149	145	146	137	146	150	151	142	150	163	154	158	165	162	199	185	174	154	144	155	149	116	105	97.9	87	84.7	76	79.5	95.5	85.9	87.3	89	84.2	82.9	80.6	90.5	75.9	77.2	87.6	89.5	56.8	67.1	61.2	60.5	48	31.7	26.6	23	24.1	24.1	23.5	26.2	24.3	28.7	30.2	32.4	28.6	24
1.21	4.37	7.1	11.9	1.57	1.27	1.27	1.53	1.65	2.05	3.27	9.19	10.6	10.5	13.5	17.2	22.5	19.9	21.7	25.9	30	60.8	57	55.7	65.9	46.8	45.6	74.5	79.6	114	150	190	185	196	217	187	176	165	189	169	174	186	183	190	196	180	160	132	127	120	105	84.5	101	105	125	129	118	131	121	131	137	145	143	139	127	120	120	131	153	172	198	188	174	153	158	182	180	180	158	150	150	156	162	117	81.8	67	61.3	81.4	80.4	84.3	82.7	97.9	99	97.4	88.1	86.7	94.2	87.9	92.7	108	100	81.6	63.3	69.7	61.8	56.3	53.4	52.9	40	34.7	31.5	29.5	30	32.7	37.7	43.1	39.4	34	31.9	34
0.743	0.616	0.515	1.97	2.49	1.61	0.774	0.75	0.709	1.49	3.44	5.56	6.89	8.94	8.11	12.6	16.2	16.8	18.2	21.4	26.4	27.9	44.3	69.7	43.6	36	41.4	53.8	70.8	78	109	156	124	139	126	130	132	146	165	154	172	191	197	184	194	189	172	136	125	112	103	79.8	76	92.4	116	132	124	125	115	120	127	137	136	128	114	118	129	125	130	145	199	220	192	150	199	187	163	154	162	147	142	151	133	100	73.8	69.8	64.3	82	81.4	79.3	93.9	97.5	94.6	85.4	80.1	84.2	83.3	93.3	103	90.1	82.8	76.8	89.4	83.6	73	58.7	60.8	71.7	49.4	39.6	40.5	40.7	39	42.5	39.7	46.7	42.8	40.3	45.7	41.9
0.323	0.281	0.427	0.442	0.344	0.399	1.05	1.38	0.773	0.707	1.43	6.83	7.88	8.24	9.81	14.2	13.9	14.6	15.2	21.3	22.8	25.6	29.1	71.1	43.7	37.8	33.6	47	61.5	72.6	73	161	185	118	131	134	103	119	129	148	163	174	181	179	192	204	192	143	125	116	120	112	73.9	67.6	71.8	98.5	104	121	114	136	156	123	160	129	117	120	122	108	141	169	192	206	180	138	158	159	146	188	166	132	134	140	130	114	107	105	82.5	91.5	84.1	89.6	93.8	90.4	91.1	77.8	80.9	82.5	85.2	87.4	98.9	92	82.1	71	83.3	91.4	80.5	70.4	67.9	75	60.8	50.1	46.1	54.8	47.9	44.6	44.2	44.8	51.8	52.3	47.6	45.9
0.323	0.267	0.198	0.358	0.316	0.262	0.561	1.72	0.333	0.341	0.845	2.14	6.26	5.06	10.4	13.1	10.5	11.4	15.5	18.2	19.5	24.2	30.7	29.1	34.2	127	40.6	48.7	49.3	52.4	64.5	93.3	124	124	142	160	123	101	131	143	157	182	179	186	200	198	208	157	115	112	120	116	83	64.8	98.6	116	143	144	107	160	183	128	128	165	104	112	126	110	114	164	158	136	130	123	140	136	139	142	162	132	139	130	120	120	113	106	87	110	103	105	110	118	110	106	94.4	93.4	82.6	92.1	86.8	84.2	80.7	76.2	80	89.7	86.7	81.5	72	81.2	76.7	62.8	56.1	55.6	53.4	49.4	48.5	52.6	64.4	68.2	62.3	57.5
0	0	0	0.0688	0.0437	0.126	0.336	0.293	0.291	0.5	1.38	1.27	1.76	2.88	6.82	8.77	10.2	12.1	14.7	18.7	19.1	20.2	20.1	23.1	24.6	52.7	32.9	38.3	47	54.3	44	59.2	53.4	107	164	184	176	140	164	173	192	191	175	182	181	182	187	163	129	119	132	123	95.2	82.6	96.4	107	123	147	135	146	155	134	136	147	107	139	137	93	89	104	110	98.4	115	130	118	99.3	110	142	176	157	167	143	121	106	95.3	78.4	82.5	127	104	125	141	146	137	119	102	94.6	86.5	101	91.5	92.8	88.1	85.4	89.5	91.7	85.8	86.8	88.9	90.6	89.1	78.3	66.3	66.7	61.8	62.7	53.5	60.4	72.8	81	73.8	68.9
0	0.03	0.09	0.0472	0.0238	0.0972	0.0172	0.191	0.218	0.438	0.503	0.611	0.808	1.49	3.35	7.95	8.27	11.2	13.8	15.9	17.3	19.8	16.3	18.2	21.7	24.2	26.6	31.1	36.1	35	34.5	33.9	45.1	45.5	56.5	133	215	213	172	145	156	162	145	168	157	153	144	139	128	119	126	105	134	133	142	113	147	141	155	157	156	130	124	128	111	115	118	117	108	104	145	126	119	137	113	100	103	128	143	160	204	181	152	103	84.4	87.1	81.3	106	113	118	119	122	135	146	148	121	98.6	99.3	100	98.1	83.2	82.3	83.7	79.9	79.8	85	76.1	74.3	72.5	74.8	77.9	80.2	69.4	88	67.1	69.2	77.1	88.7	76.9	74.4
0	0.48	0.3	0.00248	0.00248	0.0814	0.0287	0.112	0.144	0.581	0.336	0.382	0.505	0.891	1.93	4.98	6.08	7.54	9.93	13.9	14	15.1	16.2	16.9	17.8	20.3	21.4	23.8	24.8	30.1	35.3	36.8	45.7	38.9	39.3	59.3	73.3	97.9	100	120	128	129	134	135	125	126	120	120	120	128	122	101	77.7	103	145	131	129	152	128	128	129	120	123	122	111	105	113	131	140	118	135	143	128	104	147	130	154	160	187	163	150	171	179	116	107	120	113	109	139	164	141	129	125	144	148	126	92	95.2	110	108	90.9	85.6	87.5	91.2	87.1	81.1	70.2	68.2	67.3	70.1	71.4	71	73.8	70.2	77.8	84.3	83.8	85	73.4	74
0	0.96	0.51	0.0214	0.0972	0.00743	0.0482	0.107	0.13	0.289	0.487	0.305	0.35	0.657	1.22	3.27	5.72	7.28	8.15	12.6	16.2	15.1	14.1	15.6	15.4	16.3	18.1	18.7	19	29.1	35.3	52.1	60.4	37.6	36.4	47.3	61.8	62.5	68.8	83.1	102	99.2	115	118	117	106	106	94.3	90.4	105	119	89.3	75.3	83.3	78.3	79.8	80.8	104	99.5	102	98.1	109	105	97.1	89.5	105	116	140	159	152	155	166	150	130	155	189	161	144	137	145	145	171	148	133	98.6	111	113	141	127	157	199	162	135	131	125	119	90.3	96.7	120	126	94.6	84.3	95.6	106	96	73.7	64.6	64.6	62.6	62.1	65.3	63.9	66.6	68.8	76.5	87.3	89.1	95.4	90.5	85.2
