62.1	72	97.7	175	129	153	170	130	151	155	154	183	211	304	274	204	188	223	233	337	229	182	329	253	220	200	151	155	187	256	232	193	166	210	243	241	254	278	265	253	248	302	270	235	254	191	144	141	104	56.6	38.3	46.1	62.4	50.6	39.7	32	29.2	29.6	41.2	93.9	63.7	30.9	38.5	50.2	47.8	43.7	50.5	63.6	63.4	79.8	98.3	78.2	83.3	79.4	70.6	74.6	101	93	84.8	81.8	61.5	136	106	40.1	19.7	22.9	34.5	28.4	13.9	25.2	15	7.71	3.99	5.25	8.82	6.12	11.2	18	10	3.78	6.33	7.98	14.5	6.96	6.12	7.11	9.06	13.3	10.4	34.8	36.4	37	41.4	67.6	60.8	80.8	72	85.2	76.4	61.6
89.8	98.3	117	102	127	110	92	104	132	144	189	273	312	198	212	172	215	238	303	335	212	212	300	225	302	257	129	140	170	169	175	228	247	197	220	247	226	240	225	234	293	257	225	230	222	145	130	119	117	68.7	28.7	42.3	32	35.9	25.6	27.1	29.4	26.3	53.5	112	142	78.5	45.5	49.1	43	38.9	36.3	51.6	33.4	57.3	57.4	77.6	80.2	75.4	70.6	65.5	75.6	53.5	60.2	59	83.6	107	115	74.1	33.4	25.3	23.7	20	16.4	23.9	15.3	3.59	4.54	8.41	6.77	6.9	6.09	7.02	4.8	1.29	7.38	7.8	8.58	1.35	2.85	4.17	6.48	22.5	31.2	56.6	52.7	41.8	37.1	66.2	56.5	61.3	69.7	90.2	59.2	81.3
104	118	113	104	115	91.5	97.5	125	176	173	182	318	225	162	162	170	282	326	218	215	164	234	224	266	245	211	114	184	183	160	185	276	294	233	189	135	155	152	171	178	214	177	179	178	159	93.1	60.1	63.2	63.6	41.3	24.2	30.1	22.2	48.2	20.3	32.7	31.6	51.5	90.6	77.3	82.9	73.6	54.3	30.7	25.6	32.9	29.2	41.6	21.6	35.7	54.5	64.4	84.9	78.9	79.1	69.7	53.4	40.3	39.1	52.4	70.6	76.9	87.8	69.2	25.8	27.6	19	18	14.7	15.5	13.3	4.15	5.4	4.52	3.97	7.68	7.8	1.92	0.75	2.13	5.85	3.18	7.11	7.44	21.5	8.52	3.87	16.4	24.3	21.9	31.1	35.3	26.3	45.2	46.2	37.4	48.7	68.2	58.3	73.8
109	127	115	109	109	96.8	135	152	199	199	202	166	136	122	131	122	151	151	191	168	186	204	235	189	161	159	225	236	169	181	201	290	283	243	233	184	133	140	162	130	119	110	119	104	72.3	54.6	57.1	63.6	59	49.7	35.3	33.4	39.7	29.3	42.9	61.5	79.4	127	120	95.7	76.4	69.8	67.9	26.6	41.1	34.5	32.5	38.3	31.4	43.1	55.1	44.5	54.8	74.8	118	73.1	56.6	47.5	40.5	50.2	46	56.1	49.4	31.5	31.2	26.6	22.2	16.9	13.5	12.7	12.8	5.99	3.07	8.2	7.5	10.6	8.13	2.25	0.3	0.15	2.4	3.24	7.95	12.5	23.9	16.3	3.03	3.96	7.44	16.1	25.2	18.3	15.4	20.7	17.5	22.2	44.8	28.9	14.5	33.5
107	94.1	105	105	113	108	135	139	166	193	171	150	122	122	150	192	248	133	184	158	164	195	203	193	162	252	233	256	188	204	221	315	229	202	188	119	119	106	137	86.9	91.7	78.5	79.5	63.7	51.4	51.7	48.9	71.6	70.8	76.4	53.8	53.7	67.8	68.1	49.1	88.6	144	140	133	100	88.6	85.7	79.8	39.6	80.4	64.7	47.7	39.1	42	48.2	53.7	37.4	48.1	58.8	125	81.2	61.7	46.7	41.6	35.3	59.6	56.7	46.6	32.9	28.2	27.4	19.4	17.7	12.3	12.9	11.6	7.11	5.63	1.33	3.98	5.22	4.83	2.67	1.89	0.15	0	6.51	9.81	1.62	5.07	13.2	4.35	1.38	4.59	7.92	11.7	16.4	19.5	21.8	8.46	35.3	24	11.6	7.38	12
80.6	83.1	102	103	91.3	99.3	159	198	172	176	153	96.1	100	83.3	108	123	118	116	123	226	177	171	179	142	153	218	237	246	213	221	229	190	164	144	123	124	88.8	82.2	73.2	97	83.8	63.8	72.7	49.6	44.3	71.1	46.7	77.8	78.8	55.3	49.2	77.7	73.6	102	83.2	146	127	112	140	178	126	116	115	67.1	52.6	50.6	47.2	50	47.2	36.7	38.7	25.9	31.5	50	66.3	71.9	51.9	38.3	33	33.4	37.8	39.6	71.5	67.2	18.9	57.3	12.9	16.8	11.9	11.2	10.1	5.36	6.67	3.17	8.02	0.09	0	0	1.08	2.79	3.63	5.28	1.32	0.57	0.03	9.99	6.72	4.71	7.59	6.66	9.03	14.1	15.1	12.2	8.13	9.54	7.59	9.54	4.5	4.2
70.4	83.9	111	110	219	274	229	133	146	142	130	102	96.4	65.4	77.1	127	94.7	113	164	364	242	205	276	211	210	210	194	207	219	260	211	130	115	114	114	155	115	85.8	55.1	65.9	63.9	60.3	51	45.3	69.5	77.8	44.7	74.2	75	42.7	42.8	47.4	57.6	69.6	118	198	105	105	134	196	231	180	160	77.8	78.3	68.2	60.3	49.7	65.7	40.4	44.1	45.8	45.4	40.9	33.4	50.6	38.5	26.7	24.4	51.8	59.9	85.4	83.3	54	12.8	17.2	8.87	7.87	7.56	7.33	7.91	2.78	2.79	2.83	6.61	1.56	0	0	1.92	4.59	4.35	2.7	2.52	0.45	0.39	4.62	3.27	4.77	5.34	12.8	15.5	9.93	5.01	12	26.2	21.5	4.68	2.37	0.69	6.39
78	97.4	118	138	161	159	120	101	95.5	122	118	69.7	68.8	56.7	78.9	133	171	152	187	205	184	228	251	230	182	168	169	225	212	217	232	212	131	163	139	131	98.8	85.2	47.2	64.8	76.1	73.7	59.3	56.7	68.7	73.2	39.4	53.5	59.8	55.8	51	56.7	56.8	86.3	157	184	134	92.5	94.1	121	206	144	118	49.4	90.9	74.4	60.7	48.3	48.3	47	56.4	54.2	26.2	20.8	36.4	37.3	25.8	24.5	18.3	26.4	43.6	47.6	48.5	28.2	22.7	22.4	8.32	8.3	8.52	8.4	6.58	2.58	2.59	2.49	5.62	3.42	0	0	3.84	5.55	0.15	0	0	0	1.83	0	0.03	0	8.73	9.18	4.35	2.79	5.52	15.9	9.84	1.56	2.1	3.84	2.4	8.7
95.9	101	130	109	67.3	77.2	77.4	112	118	109	103	54.9	48.4	66.2	172	207	184	161	200	175	147	209	193	234	217	191	122	235	218	269	300	310	231	144	116	118	115	106	32.2	60.6	82.9	133	101	78.2	65.5	84.2	73.1	65.9	76.4	64.6	61.5	76.7	83.3	106	181	140	139	72.1	66.6	94.8	180	223	130	66.5	66.3	38.8	37.5	48.6	29.5	33.9	46.9	47.5	17.6	31.9	30.1	30.9	33.5	23.6	18.3	39.1	29.4	31.1	33.3	32.9	95.1	18.7	59.8	11.8	11.5	9.73	6.2	2.39	2.37	2.55	2.12	0	0	0	3.27	0.81	2.4	8.22	0.93	0.03	0.78	5.73	0.78	4.41	6.96	4.89	13.1	10.8	10.7	12.1	16.1	10.5	6.72	2.25	2.19	8.4
92.3	91.4	131	93.2	74.5	47.4	62.1	150	164	85.6	62.4	71.9	114	101	120	217	169	227	328	195	230	258	216	212	218	205	187	193	232	232	204	189	164	146	142	156	179	124	40.9	52.3	49.8	137	134	127	85.5	107	89.6	75.9	79.9	83.2	86.4	160	129	119	130	120	115	80.8	105	71.8	141	155	117	66.5	45.7	37.3	38.7	51	42.4	37.2	38.2	28.6	27	34.2	28.4	28.2	31	17.4	9.09	9.2	14.9	33.7	32.3	69.7	70.1	19.9	54.4	22.5	13.2	3.09	3.02	2.29	2.2	3.4	1.93	1.65	1.49	1.16	1.16	0	12.7	6.78	0	0.51	3.21	3.27	0	3.99	7.68	0.78	0.27	3.57	5.76	2.97	2.34	1.83	2.19	1.56	3.21	7.17
73.8	94.4	116	95.4	65.7	46	46	51.7	79.8	102	138	78.6	107	118	115	178	188	198	250	193	308	333	254	236	226	254	203	234	210	210	148	214	182	150	157	229	166	147	80.9	91.7	78.7	118	138	133	105	76.7	58.4	82.8	82.1	94	106	144	171	177	155	129	109	127	151	92.9	101	81	83.8	72.1	56.5	46.6	84.1	60.5	47.5	45.6	29.2	21.7	23.1	32	38.4	39.5	28.6	12.4	8.21	15.5	13.9	33.3	24.6	40.2	75.2	6.31	13.3	18.7	3.31	2.93	12.1	2.08	2.09	2.54	1.72	1.47	2.31	1.16	1.17	0	15.9	2.61	0	0.51	1.8	0	0	2.73	5.49	1.5	1.56	2.82	0.42	0.27	2.58	2.25	2.28	3.99	2.28	8.94
64.4	94.9	152	97.6	68.1	50	43.5	66.3	121	198	79.6	116	94	98.3	111	250	242	165	229	244	299	273	209	195	296	327	255	185	199	151	135	239	197	187	179	182	128	142	96.3	117	87.1	93.2	110	118	119	97.8	85.5	95.6	93.4	101	108	163	188	184	154	127	145	126	106	86.3	114	126	106	50.9	72.8	120	176	61.2	55.6	37.2	29	25	37	41.3	30	13.4	22.5	20.7	8.74	11.8	24.8	27.5	39.6	28.3	42	39.9	23.1	17	3.01	2.66	2.5	1.88	3.21	8.25	1.51	1.3	5.49	5.41	1.07	0	0.63	0	0	0	1.29	0	0.24	4.65	2.91	0	1.53	0.15	1.59	2.25	6.48	4.11	3.09	6.93	9.18	9.72
75.8	86.4	122	56.9	51.3	47.2	71	79.7	223	128	146	122	90	120	142	158	243	191	210	318	284	301	261	337	378	450	277	229	262	213	210	259	226	196	152	144	181	154	134	121	112	146	143	141	93	94.1	120	101	91.7	99.5	95	158	211	201	161	121	118	123	95.4	77.5	80.4	131	100	70.8	117	200	221	78.2	58.9	48.3	30.9	28.2	53.3	42.3	31	24.6	24	15.9	11.6	16.7	11	18.3	36.4	103	66	52.9	11.8	49.8	11.1	6.09	7.8	1.51	6.16	7.14	1.64	1.18	1.27	1.03	1.02	0	0	0	0	0	0	0	0.3	1.53	0	0	6.51	0	0	2.34	8.91	5.43	5.07	9.9	11.6	10.3
96.2	92.6	99.6	103	96.2	59.5	61.8	82.5	138	148	134	127	124	154	176	200	197	287	205	321	225	214	286	321	379	338	301	318	313	296	259	353	190	209	218	186	190	167	160	137	148	216	202	187	129	110	117	122	109	99.3	103	116	160	132	96	82.6	89.1	191	116	78.4	73.4	126	77.8	61.9	55.2	92.1	107	77.3	58.6	50.5	28	24.4	37.2	28	20.8	13.4	13.4	16.9	10.4	13.2	16.3	12.7	20.3	94.3	118	26.4	11.2	1.69	6.64	15	6.48	0.982	1.24	2.22	0.876	3.63	1.1	0.933	0.939	0.21	0.12	0	0	0	0	0.03	0.24	0	0	0.48	7.95	0	3.93	8.94	14.9	13.6	16.5	18.7	24.6	13.3
122	104	95.6	94.2	91.9	81.2	82.7	66.2	88	143	140	137	117	136	184	349	394	261	170	190	143	141	266	370	389	514	473	387	385	366	371	372	254	202	140	167	149	180	194	156	173	213	216	200	208	220	181	133	125	105	110	153	153	117	88.8	75	104	109	125	85.3	96.7	72.6	78.2	66.6	59.9	53.1	71.6	65.9	36.6	25.1	26.3	28.9	27.2	27	22.2	20.2	25.9	22	15.1	27.9	23.1	21.3	47.2	81	140	58.4	17.5	1.27	6.49	1.03	6.17	31.9	0.755	0.621	0.664	0.752	0.796	0.878	0.887	0.12	0.12	0.3	0.21	0	0	0	0	0	0	3.15	5.91	3.6	5.04	9.84	19	22.6	27.9	22.9	17.9	10.6
85	85.1	112	118	125	112	98.6	102	86.1	203	108	87	142	183	177	232	298	238	191	127	142	194	263	311	358	354	369	321	324	282	284	340	225	152	122	198	238	217	230	174	209	292	320	227	224	214	217	186	161	140	131	207	180	171	107	123	111	124	123	98.3	71.4	68.3	78.4	50.2	49.6	59.5	58.5	42.4	30.4	25.8	30.1	31.3	24	21.5	26.2	26	28.2	30.9	30.4	28.6	22.1	27.1	21	63.6	107	35	26	47.6	9.41	0.813	0.703	3.41	0.476	0.516	0.637	0.799	0.925	1.21	1.6	0	0	0.12	0.06	0.03	0	0	0	0.03	0	3.15	5.34	4.35	5.04	13.3	23.4	22.8	15.3	10.4	5.13	0
85.3	105	130	120	154	164	156	159	110	159	90.3	89	150	260	189	173	145	203	230	189	162	211	248	287	300	300	219	234	245	263	240	295	214	143	151	265	245	266	270	245	223	284	324	254	232	240	253	194	156	139	128	174	232	158	128	111	172	151	122	122	94.3	86.6	64.7	44.2	49.7	45.2	26.9	35	28.8	24.6	33.5	46.1	23.2	25.5	19.3	23.7	22.5	41.8	49.7	45.4	15	23.4	39.1	61.2	102	109	71.5	38.6	11.1	32.8	16.4	0.528	0.489	0.614	0.796	1.07	1.33	1.57	2.09	0.6	0	0	0	0.33	0	0	0	0	0	0.33	3.99	4.53	8.4	11.9	16.5	8.94	3.81	0.12	0.36	0.6
171	204	253	179	151	190	190	153	121	148	140	135	235	268	203	169	231	230	167	221	301	180	182	316	360	351	235	208	192	227	199	179	174	203	241	198	241	260	206	240	210	246	225	175	183	295	261	147	120	83.8	108	95.4	138	102	82.5	98.6	177	129	93.5	77.2	74.1	72.8	55.4	79.4	68.6	37.1	35.3	21.1	22.3	26	34.6	24.9	17	16.9	20	24.4	43.9	47	49.3	50.1	39.1	66.6	55.5	57.1	100	85.8	52.1	15.4	16.5	3.85	1.16	6.44	7.19	4.58	1.57	2.18	2.6	3.25	4.02	4.09	4.34	5.25	5.22	4.73	4.44	3.95	3.95	0	0.09	0	0	0	2.64	3.84	2.97	1.65	0.12	0	0	0
240	226	212	121	144	159	152	96.8	110	130	115	171	190	203	168	149	186	169	135	179	256	166	160	253	268	265	180	208	232	222	185	178	192	181	184	242	240	279	199	234	187	239	225	143	183	263	255	132	107	106	118	107	128	100	91.5	96.2	97	86.7	90.7	66	58.6	41	39	25.1	89.5	147	55.1	42.1	23.5	59.5	68.2	32.5	20.8	16.8	16	29.1	25	38.4	33.5	41.1	48.5	60.8	51.5	33.9	73.5	122	65.4	18.9	18.6	26.3	3.01	2.2	0.938	1.2	1.83	2.5	10	3.7	4.22	4.33	4.9	5.26	5.26	3.95	3.95	3.95	4.21	0	0	0.66	0	0	0	0	0.09	0	0	0	0	0
204	183	232	145	125	142	134	82.8	92	155	165	196	285	175	111	124	198	232	256	174	226	196	139	206	224	198	198	223	186	189	179	245	257	237	207	255	250	249	206	250	193	202	177	168	206	186	152	80.8	71.5	69.3	104	108	93.4	95.7	95.5	100	136	78.8	53.5	35.9	35	26.8	21.2	20.8	120	76.1	43.5	37.9	37.8	52.7	72.8	59.1	32	16.8	20.1	33	33.2	41.8	20.2	35.3	55.4	49.1	60.9	58.9	62.3	82.2	56.1	22.5	14.1	18.4	6.34	3.15	3.36	2.88	2.35	3.52	55.5	4.44	4.87	4.8	5.23	5.75	6.9	4.01	3.96	3.83	3.49	0	0	0.09	0	0	0	0.09	12.6	2.79	0	0	0	0
172	182	182	145	141	153	148	135	185	189	162	193	290	218	115	150	150	212	193	211	183	154	152	189	154	178	175	220	189	142	136	202	277	217	185	211	198	176	124	189	203	153	173	208	268	185	104	87.2	79.2	82.9	79.9	91.5	71.4	74.3	57	94.9	126	83.8	41.2	20.8	40.7	33.6	18.8	31.7	75.3	92.7	63.6	45.5	52.1	74.8	91.8	81.2	26.6	27.8	29.4	48	41.2	35.8	27.4	31.4	60.2	64.5	50.4	33.5	43.9	48.9	38.3	20.1	17.2	19.8	19.5	9.4	6.57	2.85	3.2	3.97	4.99	5.57	5.8	5.43	5.6	5.61	5.49	4.28	4.07	3.75	3.29	0	0	0	0	0	0	0.96	3.06	0	0	0	0	0
147	172	196	199	209	177	133	144	173	154	222	148	177	150	132	145	155	160	136	169	179	137	166	192	168	180	178	213	208	154	141	170	194	170	140	134	158	104	79.4	106	115	108	113	158	183	152	117	104	72.1	65.2	85.9	74	109	105	60.6	68.9	66.3	44.8	31.7	30	43.4	30.5	21.4	25.7	46	63.6	58.5	67.9	66.6	84.9	108	59.6	42.9	28.3	31.2	45.6	50.5	32.3	25.1	39.4	55.3	71.6	46.3	38.9	49.7	37.3	14.5	19.1	30.5	24	26.6	13	16.8	5.37	19	38	23.1	13.7	12.2	14.4	14.6	14.5	14.1	16.6	14.6	13.3	11.1	3.72	2.78	0.732	0.607	0.188	0.214	0.0559	0.46	0.224	0.127	0.134	0.159	0
161	161	216	253	214	179	164	158	154	147	272	161	228	150	180	210	134	192	138	299	283	163	169	184	197	190	201	195	183	179	168	162	154	138	114	120	114	93.9	75.8	95.9	119	141	117	169	137	136	137	115	69.3	63.9	53	100	93.7	114	86.8	49.5	47.2	55.1	62.3	51.9	39.5	46.9	27.4	27	25.4	33.8	51.6	89.7	65	90.2	70	57.4	60.6	32.1	22.5	37.1	54.8	28.2	35	50.2	43.1	59.7	34.2	42.4	43.9	46.2	36.7	26.5	47.8	57.6	72.5	69.3	46.3	44.7	40.4	39.4	17	15.7	13.6	17.4	15.5	15.1	14.5	15.8	15.8	13.1	10.5	3.22	2.03	0.806	0.634	0.177	0.108	0.231	0.0576	0.124	0.129	0.134	0.159	0
158	175	246	191	190	209	227	175	190	169	300	202	195	219	165	154	148	130	125	220	215	237	166	168	190	186	253	204	192	177	186	143	132	169	185	177	136	92.6	77.1	96.6	104	116	126	114	95.8	119	181	165	113	112	69.8	94.3	67.2	77.5	63.6	56.4	44.5	48.4	75.9	75.5	42.9	31.7	24.3	27.6	25.3	48	49.4	85.9	64.6	77.4	79.5	70.8	38	47.7	27.1	27.5	29.4	21.8	19.7	31.8	35.6	32.9	41.6	33.5	34.7	21.3	34.1	64.6	79.7	75	54.2	43.9	64	98.8	106	75.3	84.3	31.8	20.5	21.4	21	19.3	23.7	23.3	17.8	19	18.1	10.4	10	6.22	0.65	0.175	0.0959	0.0569	0.0588	0.125	0.129	0.125	0.112	0
169	216	185	203	238	217	209	231	180	146	212	143	132	142	137	219	143	140	130	203	193	138	175	184	208	177	270	178	145	159	169	168	186	201	186	146	130	102	71.1	85.8	98.2	128	160	136	103	101	183	147	170	110	77.5	74.3	48.2	40.7	39.8	57.5	57.6	53.5	82.9	47.3	37.5	34.6	37.1	50.5	39.5	46.4	62.8	74.6	88.4	110	83.5	93.2	41.9	52.4	30.2	29.3	16.8	8.09	9.03	30.3	36.9	28.3	21.6	25.2	19.1	27.2	55.8	90	106	106	122	100	120	137	82.7	127	123	36.8	30.3	60.2	57.2	49.2	32.6	28.2	21.1	18.2	15	10.2	8.84	5.57	5.64	7.22	0.303	0.0621	0.112	0.127	0.126	0.118	0.102	0
119	136	139	159	189	163	192	186	177	157	150	100	140	98.1	91.6	116	157	135	141	167	152	164	177	153	264	175	273	169	146	144	186	168	145	169	164	161	157	101	75.6	107	106	135	123	127	103	81.5	101	117	121	68.5	52.9	121	61.9	37.7	44.3	64.7	61.8	62.7	102	79.1	53.4	46.5	70.1	89.6	56	54.4	53.7	59.8	84.9	83.3	100	91.8	91.9	103	45.7	26.6	25.5	32.9	14.9	26.5	27.9	20.6	18.2	35.7	55.8	39.9	53.1	55.2	81.2	133	132	168	123	184	86.6	134	70.1	53.6	66.6	85.6	126	94.4	152	80.2	41.1	26.8	17.6	6.54	4.94	4.37	4.44	4.78	6.45	1.12	0.222	0.399	0.334	0.301	0.248	0.0469
128	135	146	191	158	175	218	152	173	209	190	153	156	125	111	146	105	155	176	152	133	173	177	152	187	218	158	125	151	124	151	162	130	109	133	126	130	113	94.1	120	140	149	97	126	124	107	87.8	63.5	75	105	45.7	112	87.5	61.8	79.8	62.5	68.9	74	99.3	131	79.3	44.5	38.2	64.1	38.6	25.5	38.7	51.6	97	84.6	87	92.5	101	101	92	73.7	54.9	36.1	8.7	12.7	17.4	15.1	18.1	38	70	66.5	55.5	65.6	90	106	85.4	147	114	121	63.4	83.9	77.2	52.7	61.1	153	144	101	184	131	88.4	53.8	73.8	20.8	9.31	3.53	3.61	4.06	4.5	2.52	5.28	0.352	0.326	0.284	0.222	0.0382
154	147	142	164	175	177	168	141	177	187	210	214	183	165	112	103	121	155	113	139	176	170	217	168	254	158	110	97.7	107	126	130	207	133	90.3	127	100	127	132	105	112	150	156	135	140	127	134	93.6	61.7	72.2	109	80.6	94.1	81.3	112	93.7	58.9	43.8	56.8	81.1	94.5	75.5	55.1	33.1	34.5	45.3	33.7	43.3	59.4	80.4	115	57.5	44.1	70.5	97.2	95.4	56.2	36.9	15.9	9.44	10.4	11.4	15.1	21.1	34.2	38	52.7	74.4	68.3	103	83.2	79.2	72.4	77.7	91.8	61.9	51.7	51.5	67.7	84.5	141	194	169	204	121	90.2	41	61.7	30.3	15	10.1	6.64	3.33	2.58	2.02	2.17	2.16	1.48	0.251	0.19	0.0309
163	169	151	147	155	175	188	151	164	181	209	189	182	170	134	107	116	167	158	86.7	120	190	243	149	155	163	126	134	118	112	150	205	126	99.6	149	115	131	124	107	138	169	151	148	129	140	162	113	85.2	67.5	75.3	66	76.2	70.1	81	74.3	52.2	55.6	48.4	56.9	44.8	39	43.9	49.2	48	55.8	51.2	50.2	44.7	49.8	63.8	48.4	42.1	27.5	33	31.5	23.3	14.9	5.41	6.79	11.3	12	15.1	20.7	26.7	37.6	53.3	47.3	68.1	94.6	53.2	42.2	29	29.6	23.1	24.5	36	43.5	58.2	93.8	227	210	158	169	79.2	44.7	47.1	49.1	21.7	45.8	27.1	2.35	2.77	2.02	1.48	1.61	1.61	0.942	0.642	0.218	0.0249
154	143	147	173	158	172	196	148	160	168	193	191	170	151	129	118	143	139	87.4	139	249	299	134	109	213	225	219	157	144	131	167	137	116	124	138	132	168	113	116	126	146	148	154	172	181	242	134	101	88	72.9	50.3	60.4	79.6	80.8	94.5	68.5	67.2	48.9	48.5	40.9	28.4	34.6	48.3	41.7	26.8	21.9	25.9	25.1	30.2	32.7	16.7	12.3	13.6	9.9	9.71	7.79	5.63	5.86	9.45	8.92	8.79	13	13.5	25.2	35.3	39.5	38.3	57.6	62.1	35.4	31.9	59.5	36.9	17.2	23.3	29.5	28	53.9	112	134	94.8	64.6	72.9	34	34.7	40.6	42.5	25.1	16.6	31	17.9	3.44	1.43	0.952	1.09	0.954	0.5	0.32	0.11	0.0356
124	138	150	177	183	164	158	139	214	195	209	178	154	199	104	93.5	126	159	139	265	236	202	158	158	136	162	127	90.8	119	149	159	130	107	105	119	116	139	129	134	144	147	196	167	159	176	165	116	101	102	105	94.4	65.6	75.5	66.4	64.6	57.4	52.6	40.1	42.4	35	26.3	26.4	31.5	26	27.9	20.6	18.1	23.7	34.2	21.7	22.6	10.9	10.5	7.74	7.95	7.25	6.04	8.61	11.9	8.59	10.6	13.1	15.9	27.2	28.2	29	29.2	43.9	38.1	26.6	25.4	32.1	20.5	9.92	22	23.5	44.7	98.5	92.7	88	59.8	54.3	26.1	24.3	18	15.5	21.5	16.3	53.4	29.4	20.6	4.89	1.16	0.669	0.835	0.725	0.301	1.19	2.17	3.75
114	140	128	181	188	163	154	140	150	165	181	237	167	141	111	95.6	106	95.3	105	206	169	152	169	167	111	222	172	98.3	92.1	153	145	121	109	95.4	110	119	134	133	133	155	144	146	173	175	143	161	118	73.7	88	106	97.6	88.4	112	122	39.7	37.2	45.7	42.2	40.3	38	28.9	21.2	23.4	20.4	18.3	19.8	22.4	34.4	30.2	21.6	24.2	11.9	9.43	9.33	12.5	10.5	8.36	9.41	13.2	11.2	11.1	12.4	15.1	30.2	24.3	23.7	25.7	25.2	27.3	24.5	24.8	33.2	34.8	13.9	8.82	45.9	72.3	55.5	95.3	87.2	44.3	36.1	43	18.4	17.6	15.4	12.4	37.1	24.1	0.805	12.2	2.64	0.781	1.92	0.532	0.476	0.102	1.09	0.0519	0.727
138	143	125	155	166	170	169	133	140	131	155	197	143	112	113	111	88.8	77.4	80.1	115	138	132	170	159	126	153	148	122	146	151	120	109	110	106	129	143	140	139	153	156	130	137	174	204	153	129	112	79.9	57.6	78.2	92.9	65.1	53.4	77.9	46.6	33.3	37.8	40.9	48	25.8	24.9	19.1	20.9	21.3	18.5	22.7	18.7	18.3	27.2	26.4	17.6	16.3	18.5	28.7	23.1	17.5	17.8	13	16.1	9.88	9.57	11.7	18.6	25.3	23.4	22.3	17.7	17.8	18.7	20.6	19.9	10.4	16.2	20.6	32.8	67	101	40.3	37.5	40	73.5	29.9	37.9	21.4	24	23.2	15.2	29.3	12.9	3.83	0.573	0.746	1.18	0.0947	5.51	1.25	0.075	0.0494	0.037	0.0118
198	153	150	159	162	167	157	142	104	101	101	137	138	118	102	81.1	81.6	100	93	115	110	126	133	125	117	102	134	205	235	161	166	143	167	137	145	161	191	219	231	177	191	166	157	141	102	102	93.4	74.2	52.8	97	108	92.4	86.1	77.4	29.9	28	35.5	54.3	50	36.2	27.6	31.1	23	24.7	27.5	29.8	29.3	28.9	36.8	40.1	25.4	24.6	29.9	37.9	26.3	23.6	21.5	15.2	13.6	20.7	77.1	18.8	19.2	28.3	20.4	23.3	11.7	8.46	8.63	8.93	8.5	6.41	23.4	24.4	33.6	16.6	49.5	39.9	15.5	44.3	81.4	24.9	21.1	24.2	16.4	23.5	21.6	10.5	11.4	7.78	0.607	0.196	0.264	0.0314	9.04	0	0.717	0.211	0	0.0376
218	142	139	160	178	170	147	142	126	91.4	78.7	102	102	98	102	67	86.7	103	86.5	87.7	73.2	95.6	102	104	98.5	124	109	165	250	176	158	160	148	141	125	138	165	177	164	139	158	181	145	109	86.8	93.7	91.4	87.8	63.9	62	44.6	57	64.7	62.9	40.5	29.1	52.1	53.6	35.5	21.1	38.1	24.9	26.4	28.2	40.2	50.8	51.8	48.9	42.4	45.5	32.2	28	34.7	41	43.1	32.6	29.4	29.8	25.6	27.8	85.5	40.6	21.1	20.6	26	13.9	7.14	8.79	7.39	7.19	7.63	15.1	20.8	21.6	31.1	16.1	13.1	15.7	10.8	22.6	36.3	25.9	20.8	22.8	19.6	12.8	9.63	11.4	32.7	0.185	0.136	0.129	9.63	6.23	31.2	11	7.28	0.353	0.0359	0
151	142	135	179	175	209	173	149	124	99.9	109	91.4	67.6	74.1	79.9	78	74.4	84.5	70.9	79	91.1	143	152	129	147	164	111	179	205	164	133	126	135	136	128	132	149	155	164	130	97.3	136	144	109	124	101	87.1	116	54.6	48.5	23.6	28.1	35.7	57.2	99.1	57.3	37.1	43.9	43.5	46.3	57	60.8	65.3	60.6	56.3	56.5	54.9	51.9	42.1	52	42.7	39.2	53.1	67.2	58.3	43.4	38.4	37.9	33.2	25.3	22	16.6	22.5	15	14.8	8.49	5.75	8.1	5.85	10.8	7.42	20.2	18.3	11.6	8.19	9.32	6.65	5.7	8.38	8.57	6.62	24	20.7	18.3	13.1	11.8	8.91	1.46	6.39	0.177	0.108	0.0993	2.16	10.2	14.3	5.17	6.98	0	0	0
143	137	157	149	175	152	184	172	110	82.9	110	98.8	69.4	54.8	62.2	72	62.3	59.6	57.6	91.1	122	118	122	122	126	151	122	166	204	185	186	130	141	144	129	144	121	128	148	129	100	149	124	130	93.4	67.2	84.6	44.1	25.4	65	56.8	64.8	47.6	45.3	88	36.9	29.8	43.8	60	34.2	55.6	67.4	78.7	59.5	65.9	78.9	50.2	42.8	49.2	69	64.6	89.6	126	81.8	64.2	58.7	55.5	35.1	25.1	15.2	13.1	11.7	20.4	21.7	13.9	6.18	4.87	7.61	12.2	15.3	16.6	15.6	21.9	11.2	6.89	5.81	9.6	10.4	11.4	14.6	8.88	15.6	30.6	12.7	13.1	11.8	14.4	4.13	0.631	0.166	0.12	0.11	0.0417	5.16	3.49	3.18	8.98	0	0	0
133	129	146	152	147	138	133	129	106	93.9	70.3	62.6	58.1	38.7	42.8	58	65.8	61.7	63	87.5	99.5	86.7	75.6	88.9	96.8	110	86.1	134	141	135	158	154	140	151	157	144	120	117	179	177	150	143	105	111	123	102	81.5	46	83.7	102	74.3	82.7	68	145	158	56.7	35.5	70	77.8	78.5	65.4	57.9	74.1	76.6	97.7	106	62.7	53.6	65.3	60.2	57.8	60.3	119	89.5	73.5	84.5	51.7	20.7	12.9	9.89	15.6	12.9	16.6	14.1	9.02	4.85	1.9	4.52	18	25.7	33	33.6	23.9	35.2	18.2	16.4	21.7	19.5	19.1	25.9	29.4	27	24.8	30.8	32.3	14.5	7.22	2.2	1.01	0.287	0.208	0	0	1.31	0	0	0	0.736	0	1.21
136	115	141	141	130	135	112	182	74.4	42.6	32.7	50.8	42.9	32.9	33.4	32.8	46	52.6	56.3	80.7	92.3	110	94	67.1	70.4	67.7	98.5	131	142	123	103	114	105	136	138	107	129	126	201	206	144	135	172	140	155	144	117	126	135	92.7	52.9	93.5	81.9	136	118	90	90.6	105	144	92.4	92.8	58	77.8	89.9	124	97.9	98.9	79.1	69.3	66.2	53.8	66.7	97.7	75	90.3	128	63	26.9	14.9	8.87	12.7	12.8	20	6.93	2.59	3.38	3.15	6.62	28	22.8	29	32.3	24.1	46.2	29.4	26.8	24.4	25.8	23.7	47.9	52.2	56.4	44.1	103	28.7	38.8	34.7	12.4	1.08	1.74	0.227	0	2.28	2.75	0	0	0	0	0	0
135	165	213	127	121	99.6	102	110	73.9	45.4	44.3	44.8	43.4	35.9	48.5	39.7	34.3	40	47.1	51.5	64	43.9	73	49.9	84.6	85.1	131	157	131	123	89.3	87.9	99.5	93.3	116	105	119	145	186	160	139	155	188	149	168	140	123	149	137	133	77.4	112	85	107	71	106	91.6	91.4	159	90.4	92.6	109	100	69.9	89	69.3	58.8	57.8	62.3	70.6	74.7	76.7	94.7	110	156	91.5	73.2	36.9	22.4	13.1	20.5	29.7	19.3	12	6.16	18.8	3.78	5.43	13	18.8	32	43.3	34.6	38.3	40	30.3	34	30.3	47.6	56.9	49.8	66	45.7	72.5	59.6	38.1	41	14.8	8.97	1.5	2.66	1.17	2.13	2.21	0	0.95	0	0	0	0
137	157	168	135	107	99.9	97.7	124	76.8	39.3	47.5	49.4	42.6	34.7	36.1	36.4	35	41.5	48.1	36.4	32.4	40	58.1	66.5	101	111	176	154	137	98.3	79.7	71.3	90.4	69.9	78.5	87.1	94.2	114	131	130	126	176	178	184	172	146	131	125	93	156	70.4	87.5	79.3	63.5	85.3	72.1	53.3	74.7	106	74.3	84.7	114	77.2	70.3	72.9	57.1	55.5	49	67.2	105	138	146	99.9	83.8	79.1	69.5	76.1	48.7	24.7	16.1	34.2	37.7	30.2	21.2	16	19.4	6.78	4.36	6.08	22.5	36.9	41.5	28.6	30.2	34.2	44.7	49.5	54.4	46.3	56.1	45.3	37.3	28.7	59	33.1	27.9	21.1	13.4	3.35	4.15	14.7	6.84	6.19	11.9	21.2	1.55	0	0.547	0.392	0
111	151	140	144	130	158	128	71	51.8	53	55.2	74.4	43.7	48.3	38.3	72.3	52.7	54.7	68.8	45.2	51.6	56.3	59.5	73.3	121	154	216	148	152	114	76.1	64.7	64.3	61.2	64.5	55	65.8	84.9	123	140	155	169	179	179	183	156	109	106	107	151	117	65.1	41.1	37.7	41.2	27.4	44.2	83.3	76.7	55	53.2	65.6	76.5	105	67.6	44.2	40.5	38.1	58.9	81.7	93.9	161	78.4	80.9	84.1	62.9	41.7	43.9	46.2	30.2	23.1	22.1	27.3	13.5	8.95	7.47	6.7	6.26	6.34	15.2	19.2	28.5	17.4	20.3	36	55.8	62.6	61.3	62.3	49.2	39.6	33	29.5	33.2	28.1	25.6	10.4	8.31	11.3	3.42	14.3	14	14.9	17.8	26.4	5.48	0.461	0	0	0
97.2	129	203	168	115	172	119	75.1	57.3	45	50.3	66.7	28.4	63	72.7	81.7	68.4	49.6	40.5	52.4	61.6	78.1	77	61.7	83.4	97.1	154	150	148	89.7	64.6	59.5	56	45.6	47	47.4	68.5	108	147	110	126	127	158	106	102	100	122	128	127	123	65.2	60.4	56.2	46.6	40.2	47.5	67.2	90	72.9	52.9	59.8	70.2	77.7	89.9	78	63.6	51.6	40.3	50.9	54.7	79.6	144	150	111	71.7	46	77.5	40.3	33.4	39.1	61.3	29.3	19.5	13.4	8.41	13.3	15.4	17.3	17.3	18.6	36.9	38.7	29.8	33.4	39.5	63.3	58.6	58	53.7	53.5	42.9	39.6	40.5	45.9	26.7	20.6	12.7	17	5.27	3.87	4.76	12.4	10.5	8.66	17.9	1.96	2.7	3.92	3.24	1.17
92.2	95.5	122	178	118	87.1	95.6	124	64.5	47.6	51.3	95.9	72.8	74.7	88.6	85.4	74.1	43.7	40.8	73.3	58.4	63.3	97.1	69.9	74.4	64.2	87.5	109	99.4	96.2	45.4	76.3	65.8	70	55.1	74.6	77	85.8	121	119	134	106	108	94.8	67	104	91.2	88.4	62.9	47.2	59.5	86.9	73.9	76.3	64.5	62.9	70.3	82.2	56.1	50.3	64.3	61.3	62.9	76.8	82.9	79.9	100	81.6	66.7	55.8	69	116	157	88.6	61.7	60	47.9	36.6	39	60.3	58.2	51.2	57.4	26	31.9	18.6	12.2	18.9	19.6	16.8	22.6	27.6	31.2	30.2	42.4	46.8	49.8	52.8	48.7	48.5	55.5	52	51.1	51.8	21.8	15.1	17.1	14	4.74	4.02	8.56	5.61	3.17	0.398	1.87	1.33	0.933	0.222	0.107	1.67
115	112	149	246	115	81.7	70.9	55.2	67.1	74.5	42.5	63.3	101	117	110	80.8	72.4	30.3	28.4	43.1	40.8	51.2	51.8	36.9	38.7	45.9	45.5	85.1	83.6	83.6	60.2	85	76.8	74.8	66.7	71.3	79.3	78.4	101	139	178	93.6	73.9	110	113	111	88.9	45.5	28.4	26.2	43.9	75.5	65.7	66.9	67	62.9	118	56.9	60.1	66.8	68.4	68.7	84.8	62	68	81.6	95.5	76.8	72.4	61.9	54.3	88	115	74.8	66.6	55.6	48	68.2	80.3	69.4	69.8	60.2	80.3	36.8	50.3	35.9	14.2	14	20	18.7	24.7	27.9	36	36.8	51.4	42.4	51.8	50.7	38.4	49.1	39.4	42.7	36.5	27	17.4	15.3	25.3	18.5	7.6	5.48	5.9	1.52	1.2	1.5	1.27	0.581	0.0305	5.83	3.28	0
94.7	131	120	95.1	104	81.7	51	35.1	41.1	47.6	36.4	47.8	62.1	64.5	77	61.4	59.9	47.9	50.3	62.3	56.2	49.3	55.8	49.4	79.7	80.7	80.5	104	140	124	86.8	94.8	99.4	115	98.2	88.2	84.2	77.8	101	97.1	91.8	83.1	116	91.5	84.4	39.3	65	59.1	65.3	61.4	64	80.1	63.1	74.9	73.7	66.6	60.7	67	68.7	50.7	49.7	66.5	79.1	51.6	43	45.9	47.5	62.4	60.4	63.6	56.1	71.1	90.2	60.5	66.6	54.6	69.3	57.5	89.2	59.2	54.9	62.4	67.5	37.9	55	38.8	20.4	23.6	45.9	27.9	20.7	39	39.2	76.1	68.2	39	44.6	79.5	36.7	38.6	31.9	30.4	23.8	27.1	21.7	22.5	18.8	14	15.5	13.6	11.5	14.8	6.86	3.45	1.66	0	0	0	0	6.57
94	106	82.7	130	110	68.1	35.2	25.6	31.5	97.3	37.8	33.1	25.7	33.7	43.4	64.1	56.5	49.3	67.3	113	90.9	70.3	68.6	73.2	63.8	95.5	88.7	75.5	109	100	116	126	124	157	140	98.2	82.8	84.9	93.8	103	133	110	110	85.1	133	141	82.9	97.1	73.9	92.1	105	125	125	117	77.8	57.3	44.9	49.7	49.2	50.6	48.5	82.3	79.2	68.5	51.5	43.2	37.5	36.8	38.6	71.2	68.3	116	104	75.4	76.6	82.5	69	47.8	67.9	42.6	46.5	61.3	51.5	39	39.7	51.7	32.8	40.1	44.9	32.1	42.3	46.1	45.5	85.9	62.9	37.2	47.7	52.1	47.2	59.8	69.5	46	34.1	36.2	28.5	20	14.4	13.7	13	9.35	7.65	23.7	19.1	3.89	1.65	0	0	0	3.55	10.2
84.4	70.5	81.2	118	87.3	62.1	47.5	32.4	37.6	31.6	30.8	30.6	31.3	32.4	41.1	91.4	89.7	90.8	103	91	107	87.2	70.3	88.9	116	133	125	82.8	75.8	89.5	117	97.8	91.7	124	162	109	85.7	88.5	89.4	53.7	80.8	134	163	105	110	128	114	110	114	115	120	118	114	110	119	61.7	47.6	38.1	42.1	43.8	76	75.5	72.3	70.8	47.9	40.1	70.2	41	29.3	40.1	81.9	132	87.6	76.9	113	90.3	87.2	49.2	56.2	49.3	46.4	72.3	68.6	62	70.7	56.4	49.2	52.6	39	51.2	85.6	68.6	79.4	65.8	51.4	40.7	46.3	44.4	46.8	50.8	45.2	42.1	41.8	36.6	40.5	24.1	19.5	15.5	15.4	13.2	10.3	13.4	9.1	3.49	1.99	1.16	1.4	0.503	12.5	11.3
52.5	49.4	57.8	66.4	67.2	55.1	43.8	27.1	26.4	27.4	46.9	42	47.3	41.5	41	63.9	77.5	79.6	81.8	136	130	104	104	123	131	130	151	136	78.7	86.2	84.5	85.5	94.1	105	117	87	89.1	91.6	90.2	36.4	50.3	71.2	108	125	119	115	153	165	128	173	142	113	105	110	114	77.2	44.8	35.5	40.2	31.1	41.8	80.2	49.7	55.6	58.9	39.9	37.5	43.2	40.1	41.3	57.2	94.3	56.7	71.9	95.6	83.6	74.3	48.2	49.1	46.7	48.1	68.1	52.7	55.5	66.5	81.4	54.5	61.2	43.6	57.5	70.8	89.1	81.2	78	51.7	41.9	44.1	38.3	36.8	52.7	54	41.2	43.6	36.7	35	23	19.9	17.3	17.7	18.5	24.2	27.8	16	4.98	2.37	2.38	3.4	0.766	8.75	3.92
55.7	34.6	41.7	67.7	45.3	32.6	27.5	24.3	41.4	54.5	41.8	52.8	56.2	55.3	32.7	42	47.5	52.8	68.1	105	137	137	92.6	118	138	117	147	115	98	122	136	107	87.7	78.6	64.4	64.3	72.7	76.5	86	56.5	41.7	60.8	59.3	107	117	95.9	128	163	132	125	113	67.1	62.9	83	102	70	57.3	31.4	34.8	28.5	26.1	35	60.6	81	45.9	31.9	23.3	64.8	67.9	52.3	38.7	66.9	57.4	71.6	95.6	104	72.5	51.7	45.8	58.2	51.9	53.4	50	36.9	45.7	42.5	44.9	48	55.5	47.1	56.3	94.6	110	67.3	53.7	41.8	39.8	37.5	49.2	65.5	67.2	63.1	67.6	76.4	43.2	45.9	31.1	27.1	29.9	28.6	33.8	36	22.1	13.5	8.28	5.57	1.24	1.58	1.85	2.14
88.8	82.5	115	49.3	55.1	27.7	23.6	24.4	45.6	63.9	49.1	42	37.1	42.1	31.1	34.9	51.9	55.3	67.3	62.9	71.5	80.6	80.6	101	106	127	124	104	110	102	128	115	82.1	72.5	75.5	66.5	66.1	64.8	94.9	66.1	55.4	108	76.5	58.5	73.7	109	80.4	139	120	67.5	54.4	39.5	52.4	65.4	54.4	42.7	51.2	54.7	65.9	37.8	36.5	100	49.8	66.2	77.5	31.2	47.2	72.5	109	94	84.8	89.5	92.6	66.5	67.3	92.5	72.7	86	51.8	56	77.7	51.1	50.8	43.8	32.9	41.1	46.5	56.4	76.7	41	69.7	82.6	88	59.2	54.5	37.4	32	33.7	43.7	73.3	70.1	95.5	67	80.5	60.8	48.7	44.9	42.2	32.4	23.6	25	28	12.7	14	9.7	7.98	4.26	6.34	7.15	2.12
83.7	89.4	99.6	92.8	47.8	34.3	28.5	25.1	47.2	78.7	45.5	45.8	38.3	40.6	37.7	52.2	65.7	60.4	58.7	48.1	40.6	31.5	57.8	82.1	77.6	88.7	81.1	83.2	93.6	103	108	92.9	80.5	85	90.9	79.5	86.9	75.7	74.2	64.6	51.6	103	116	69	55.8	56.7	62.1	129	129	76.6	45.4	37	44.2	38.3	41	37.2	40.4	53.3	101	56.8	46.7	53.7	56.2	33.3	38.7	33.6	52.5	68.2	77.7	112	90.4	125	90.4	100	85.2	69	71.1	68.7	62.1	59.1	70.4	75.5	48.6	36	39.3	49.4	51	48.8	53.7	39	44.5	80.2	78.2	52	65.9	32.9	34.8	41	39.6	65	76.6	74.1	71.8	78.5	63.6	55.3	52.4	49	33.1	31.8	19.5	15.3	14.3	19.3	28.7	11.1	6.99	3.08	1.57	1.92
74.5	78.6	102	94.8	61.8	41.2	34.9	29.2	26	32.9	33.7	33.1	33.6	35.6	32.4	55.7	44	39.3	46	61.5	46.6	39.5	54	53.6	67.5	74.7	84.4	88.9	81	107	91.5	67.6	70.5	71.8	65.3	70.5	86.3	68.7	67.6	62.2	92.9	89.2	78.6	53.1	40.1	33.5	54.3	117	144	95.3	107	44.5	60.5	62.9	44.7	58.3	51.7	57.7	61	35.6	52.5	56.5	46.5	33.1	40.4	51.3	64.2	60.9	75.7	90.2	132	112	93.5	104	109	73.6	68.1	54.3	63.5	68.6	58.8	72.2	47.1	33.5	43.7	50.8	40.5	37.8	36.9	50.8	52.3	71.5	79.8	83.3	58.8	36.9	45.4	44.3	40.9	61.6	83.8	87.6	66.5	72.4	74.9	71.4	74	53.1	38.6	36.8	22.7	22.2	22.6	26	33.9	20.9	5.77	4.86	2.98	2.05
138	137	179	134	93.5	56.6	52.5	64.8	37.5	22	24.2	39.8	53	46.1	40.3	40.7	45.8	45.3	58	58.7	51	41.6	52.8	44.2	57.8	51.4	52.6	86	91	91.5	81	60.4	59.6	51.7	53.5	56.1	46.7	43.2	50.3	44.6	68.9	72.1	74.7	51.1	46	53.9	58.2	80.5	104	103	87	75.2	72.4	45.4	44.2	64.3	71.5	70.1	78.2	58.9	47.7	68.4	54.8	44.5	48.8	54	82.4	68	54.9	89.7	109	107	88.1	89.4	106	90.7	80.9	77.3	36.8	39.3	93.3	89.1	36	47.1	78.1	42	29.9	36.7	51.4	56.5	63.6	101	81.5	69.1	54.1	55.5	62.2	39.9	42.5	122	122	108	98.4	115	118	108	148	95.6	63.5	49.8	52.6	32.9	31.8	39.1	42.8	20.3	13.5	17.2	6.57	3.28
141	156	181	114	89.5	70.2	36.6	28	22.8	17	16.3	23.9	39	42.8	43.6	49.6	38.9	38.2	53.3	48.5	60.7	50.9	36.8	39.9	45.8	40.2	46.2	64.1	56.4	76.8	55.9	44.7	51.3	56.6	36.7	44.3	28.5	32.1	52.7	40.3	38.6	35.6	67.2	60	68	70.1	86.7	98.6	64	44	56.2	66.4	67.2	37.1	42.5	53.5	81.3	62.7	55.1	51.4	67.4	76.7	63.3	60.2	42.9	44.7	77.1	103	86.8	109	105	91.5	96.3	66.3	78.8	83.4	70	49.9	40.8	35.3	40.4	50	48.8	48.4	59.4	34.3	25.9	41.5	75.7	70.4	84.1	115	99.8	64.5	46.8	59.3	69.4	42.1	37.1	94.9	104	104	101	110	112	125	104	65.1	50.9	44.5	53.6	31.2	35.3	48	41.4	11.5	8.77	5.07	8.43	3.47
63.7	112	138	104	76.1	52	35.6	23.5	16.9	17.6	19.5	28.7	29.4	41.2	29.7	28.6	35.8	24.3	33.4	47.4	73.3	50.3	49	57.1	58.8	33.7	32.3	54.6	81.1	88.6	73.6	82.3	58.6	75.4	74.5	54.6	32.9	28.3	38.2	32	43.7	43.4	60.8	57.9	71.7	76.2	87.2	113	52.8	48.6	53.1	38.8	40.9	48.9	66.9	53.4	63.5	83.6	65	70.2	67.5	57.4	57.2	46.5	61.6	53.4	42.1	80.6	85.9	92.3	99	139	132	79.7	57	51.1	54.8	65.5	51.5	35.9	47.6	73.9	64.4	43.9	93.8	53.7	33.4	47.1	52.5	78.9	81.9	73.7	70.3	66.9	48.3	55	66.7	42.4	32.6	94.7	123	129	76.6	123	107	92.3	76.2	54.1	56.6	53.2	43	46.9	44.9	47	24.3	11.4	11.3	10.1	10	4.66
99.1	95	104	80.6	68.4	57.6	51.8	27.8	26	26.3	17.5	24.2	34.6	30.4	30.4	25.1	17.7	27.8	19.7	21.5	50.5	47	43.3	32.1	40	37.3	29.4	29.5	29.4	48.6	65.4	59.8	88.8	80	88.7	82.6	62.9	47.7	24.1	55.1	55.2	50.7	57	63.2	53	65.1	51.9	70.9	45.6	49.9	51.3	44.3	43.2	63.1	63.1	42.7	59	104	203	92.4	77	50.9	35.7	71.2	77.8	57.6	33.2	54.7	94.5	83.5	90.2	113	123	87.1	65.3	54.3	50.9	62.3	63.5	41.1	56.6	56.8	60.8	40.9	63	44.8	44.7	53.8	47.2	55.2	57.3	69.2	62	51.3	46.5	51.3	60.3	44.9	44.9	101	119	107	69.9	104	99.6	79.3	72.9	46.8	53.9	53.6	49.4	47.1	50.6	21.3	20.1	7.78	9.55	15.9	17.6	5.18
130	104	72.2	66.7	64.3	58.9	51.9	29.2	17.5	12.2	20.3	37.6	19.7	26.4	36.4	32.5	33.8	29.3	22.1	17.1	20.8	23.9	27.9	26.9	29.3	21.4	35.1	33.3	27	51.1	39.9	27.6	37.2	43.4	40.9	57.6	61	50.1	46.6	51.1	48	55.1	61	78.5	75.2	71.7	53.7	45.4	37.6	28.6	26.3	37.4	28	43.9	58.5	47.8	75.1	83.5	99.6	79.7	78.2	80.3	56.1	60	71.6	58.8	65.8	74.6	87.5	70.5	88.1	114	104	96	84.2	57.1	46.8	71.7	77.7	59.9	75.2	90.6	90.5	42.6	42.8	36.7	51.7	60.7	46.7	52.8	55.4	61.2	52.9	36.8	29.8	61.4	84.7	74	53	94.9	112	72.4	75.3	61.6	89.3	70	94.7	35.7	38	57	36.4	33.2	33	17.6	24.5	11.4	10.1	30	27.2	6.95
104	106	72.4	71.5	66.3	66.2	59.3	27.9	18.4	20	17	30.7	17.9	29.1	38.1	37.6	31.5	22	17.9	18.9	22.4	25.2	32.1	34.7	36.7	30.1	23.7	22.2	25.9	31.7	53.1	37.8	36.6	30.2	29.9	35.5	40.4	54.3	67.5	68.6	43.9	47.1	43.4	46.5	69.3	66.1	80.8	49	40.9	32.5	14.9	39.8	44	51.1	56.4	57.3	49.3	50.2	59	80.9	105	107	69.5	55.5	61.4	62.1	64.3	102	88.2	78.9	74.1	92.7	97.9	117	105	87.7	69.3	110	83.1	45.3	58.8	58.8	52.8	35.5	40.1	43.1	49.3	54.6	47	50.5	45	46	28.1	19	20	61.3	57.9	53.9	56.3	59.9	58.4	46.5	52.4	38.1	60.1	61.3	57.8	55.7	48	48.3	39.5	23.3	19.6	18.1	23.9	12.2	17	18	13.1	6.22
93.3	89.7	95.2	80	77.1	81.9	49.1	32.1	36.7	33.1	26	28.2	24.7	53.3	62.6	41.2	36.5	21.8	23.6	23.4	25.6	29.4	39.9	32.4	27.7	24.5	20	19.9	33.1	32.8	31.2	28.6	44	42.7	29.7	40.4	38.4	53.6	59.3	55.6	49	37.4	39.3	53.9	55.1	52.1	80	49.1	73.8	53.8	45	46.9	55.8	52.1	62.8	61.6	60.7	55.4	45.2	57.3	77.8	70	53.5	53.8	77.9	89	106	110	72.4	85.5	88.9	97.8	102	96.7	84.4	89.5	86.3	82.2	50.4	32.8	55.3	56.6	54.9	41.5	29.2	42.3	74.1	52.1	51.2	42.9	42	23.7	32.8	13.2	12.5	38.7	55.5	64.2	58	71	54.4	39.6	47.9	44.8	68.2	52.8	52.9	49.8	55.2	35.8	35.2	32.1	19.3	21.4	23.4	14.5	11.2	14.2	7.49	4.61
95.5	114	84.1	64.9	53.7	56.3	44.4	39.6	40.1	33.6	35.7	39.3	36.3	60.1	71.4	52.1	54.1	34.6	24.8	27.3	31.9	32.4	38.3	32.2	23.3	19.6	20.5	30.2	30.5	38.3	51.5	30.8	47.1	49.7	38.4	55.1	57.5	57.9	58.9	66.2	67.2	52.7	32.1	42.7	42.1	32.4	37.4	37.7	40.3	82.2	100	74.6	63.8	44.9	57.1	67.7	58.8	44.4	45.9	46.9	48	43.6	45.2	108	73	60.9	106	104	71.8	84.9	74.7	88.6	85.2	78.6	77.4	68.9	80.3	72.2	44.1	55.9	86.1	66.1	58.9	54.1	32.6	34	46.7	26.5	47.3	51.2	38.6	26.4	21.2	19.5	16	43.6	41.7	41	48.1	71.4	72	49.9	52.2	60.2	53.5	54.2	53.3	32.2	25.3	29.3	27.1	19.1	30.5	24.9	21.2	15.9	25.3	23.3	6.35	2.78
99.2	111	79.8	65	49.3	40	41.2	54.7	42	38.8	44.2	51.6	55.3	53.8	72.1	53.7	59.8	50.2	40.8	38.5	47.2	41.8	31.8	28.7	22.2	21.1	19.6	23.2	30.6	31.5	43.9	43.9	45	52.5	67.7	86.5	96.5	85.8	124	99.4	125	80.4	59.3	46.5	47.3	36.2	49.3	40.3	59.8	64.7	78.1	73.6	77.3	60.2	46.1	73.7	61.8	56.6	53.8	83.4	89.3	54.2	71.7	92	67.4	65.4	89.2	110	80.5	83.5	79.5	78.7	68.7	81.1	92.2	89.4	59.8	50.7	36.8	49.4	72.7	66	61.9	58.3	55.4	49.3	48.3	36.7	65.9	49.3	33.5	20.2	19.5	33.2	30.3	25.4	25.2	24	27.7	43	41.8	40.9	42	40.1	30.9	33.1	23.5	22.7	24.9	24.7	23.2	19.3	33	23	18	16.7	47.4	27.2	29.8	33.2
82.4	101	70.4	56.1	47.9	37.3	38.9	59.3	37.3	40.5	46.6	68.3	75.2	55.4	52.1	50.6	60.4	56.9	54.1	43.5	39.4	57.6	36.4	32.5	34.7	35.4	33.4	28	30	34.4	34.2	41.6	44.6	48.7	51.6	98.9	105	106	122	116	108	87.3	65	62.3	63.5	39.3	54.3	58.1	68.9	60.8	50.4	56.9	64.3	34.1	46.1	61.7	46.8	30.1	35	78.1	69.9	54.2	68.1	61.2	67.7	82.9	82.7	95.6	77	82.5	109	99	87.7	89.7	95.9	80.2	68.5	45.3	37.3	60.3	73.2	59.4	66.3	62	49.5	52.5	40.9	44.7	53.6	72	42.9	34.4	28.5	23.4	25.9	27.3	22.8	24.1	24.4	33.5	30.5	26.1	26.5	30.7	26.2	22.8	20.9	25	26.2	22	27.2	34.5	25.1	15.8	15.8	27.5	32.3	20.2	33.3	38.8
55	53	47.4	54.5	49.2	39.7	32.7	35.5	40.5	41.2	39.8	55.1	54.1	56.9	60.5	53.1	61	59.7	51.8	43.2	41.9	44.4	45.6	46	39.5	49.1	56.5	46.1	42.7	46.5	46.4	54.3	54.2	53.3	55.2	110	128	92.2	129	110	107	109	61.6	48.7	54.6	54.5	63.2	56.8	41.2	43.1	46.4	52.2	57.3	41	38.9	35.8	17.4	34.5	39.6	29.7	35.9	33.7	29.8	79.4	137	114	113	79.8	75.4	96	129	124	110	102	89.5	82.9	76.4	68.6	65.7	79.7	62.6	43.2	73	75	63.7	87.6	54.9	39.3	39.8	53.6	43	29.7	34.4	23.7	16.8	22	22.5	20.5	22.5	28.4	32.9	21.7	22.3	18.2	12.6	15	17.2	21.9	19.2	19.9	22.3	33.6	15.8	14.7	12.8	23.8	26	25.9	23.9	37.1
46.9	44.7	43.4	54.4	50.5	43.7	40.9	37.8	37.8	39	42.4	51.5	49	54.7	59.3	49.1	50.2	63.6	67	49.6	62.6	63.6	44.7	78.8	45.5	52.4	60.2	69	65.2	54.7	50.5	57.4	71.4	67	73.5	141	119	90.2	104	89.9	85.9	68.4	55.9	51.1	68.1	55.9	55	43.9	39.8	29.7	27.9	31	30.2	31.3	48.9	41.2	26.6	44.5	63.3	24.9	41.5	64	40.4	56.9	85.6	98.8	102	85.1	56.4	92	131	111	94.7	79.7	79.7	71.1	73.6	63.6	59.5	39.1	39.2	44.1	36.5	40.8	45.4	58.5	65.5	50.3	56.6	48.4	38.9	57.9	42	21	11.4	21.7	20.7	19.8	19.9	21.6	19.4	21.8	22.1	15.9	13.1	18.3	19.1	29	22.3	22.9	20	19.4	15.4	12.3	14.4	11.4	12.9	9.18	17.5	31.8
35.3	29.8	41.2	40.6	33.4	36.8	35.1	22.9	22	21.8	29.5	61.1	56.2	58.8	59.6	49.3	46.4	55.7	55.5	53.4	65.4	56.3	52.9	63.6	84.2	88.2	78.9	87.4	138	85.9	78.3	81.7	87.7	87.5	88.3	123	125	99.3	136	115	100	99.3	83.2	54.7	54.9	56.1	79.5	55	40.5	33.3	23	16.1	15.7	17.3	19.9	35	22.1	24.9	28.9	17.7	25.9	65.9	49.2	60	100	97.2	102	72.4	63.7	107	107	65.5	68.6	92.4	89	81.5	84.8	52	62.8	46.7	45.6	42.9	38.7	41.2	48.7	69.8	66.3	49.9	43.3	50.3	44.7	48.4	39.7	22.9	12.6	25.6	21.6	20	20.4	25.4	18.8	22.2	23.9	14.1	13.9	19.6	23.1	25.7	22.4	23.5	23.7	24	21.4	23.3	18.6	13.2	8.45	6.14	10	26.7
40.6	35	34.9	30.2	32.4	31.7	30.2	26.8	20.3	19.9	30.3	46	54.6	55.7	66.5	53.1	49.5	51.9	42.4	52.5	61.8	74.1	67.7	57.9	71.5	75.8	76.6	71.9	109	82.2	83.1	87	88.1	84.8	89.9	120	130	110	130	81.1	84.6	83.3	76.3	53.4	55.8	52.6	61.9	39.3	29.1	35.7	24.2	23.4	12.8	22.3	17	23.9	44.4	19.7	18.5	16.6	69.7	53.7	35.8	49.6	79.3	76.8	79.4	53.2	57.4	80.2	101	72.2	71.7	84.5	77.2	72.4	68.4	61.9	46.8	44.4	55.2	54.2	54.5	57.3	56.3	64.2	47	27	36.3	48.3	40.6	34.9	30.5	18.3	16	25.5	18.7	18.5	19.2	28.1	23.7	16.9	16.8	15.8	20.4	18	20.9	28.4	31.7	27.4	30	31	29.1	25	22.8	18	11.8	8	9.66	12.4
55.3	51.9	56.2	35.8	35.2	41.6	37.2	35.8	31.7	32.8	34.9	46.6	52	53.9	60.7	57.3	54.2	50.9	45.8	60	81	102	96.8	66.1	68.3	76.2	85.1	64.7	87	87.9	75.9	88.7	86.2	78.7	77.9	92.3	97.3	99.1	107	65.1	84.3	75.2	56	52.8	57.7	58.2	60.2	49.3	57.7	43.8	29.4	22.8	15.4	54.7	33.8	16.1	17.1	31.7	17.4	13.7	12.8	39	65	53.6	68	58.8	39.5	59.2	57.3	72.8	111	90	73.1	72.6	70.8	59.7	75.4	118	61.2	56.6	55.7	60.6	61.5	64.3	62.4	57.3	38.8	29.5	38.4	47.3	43.6	28.3	22.9	17.3	22.3	25.2	20.1	18.1	16.8	18	15.8	13	16	27.1	33	32	22.5	33.2	41.2	41.1	31.5	30.7	30.5	26.1	25	24.2	16.9	23.1	20.3	21.9
38	34.2	37.9	29.8	30.6	37.3	48.5	43.6	52.8	37.1	47.5	47.3	48.4	59.6	56.8	60.9	57.4	54.6	45.9	45.2	65	71.8	106	67	66.2	71.7	61.9	55.6	66.2	79.7	90.3	85.7	76.1	78.9	77.2	99.5	83.2	64.3	83.1	67.4	55.4	66.5	60.3	52.4	64.8	57.1	49.4	43.4	51.6	26.7	30.8	27.6	23.7	50.3	53.3	18	16.3	20	14.2	12.2	11.5	22.2	73.6	33.8	29.8	40.6	71.6	69.4	59	68.5	96	105	80.6	72.6	56.7	45.7	73.7	76	105	81.1	67.7	61.3	72.2	76.5	74.1	64.6	45.4	35.7	43.8	46.3	48.2	34.5	24.3	24.2	33.3	24.4	22.8	23.4	19.5	21.1	17.8	20.1	28.4	37.1	36.9	25.3	26.4	36.9	35.1	41.4	34.6	34.6	39	32.2	25.5	18.3	23.6	36.3	33.2	32.2
23.2	18.9	37.1	35.3	40.7	42.4	43.2	36.5	37.6	33.2	46.5	39.3	36.9	42	42.6	51.5	61.3	58.6	53.6	39	38.2	39.6	55.6	59.1	63.6	60.3	68.9	60.1	62.5	82.9	74.7	85.7	84.6	85.6	76.4	87.2	90.5	79.5	74.1	58.4	53.7	66.3	54.1	85.4	87.3	65.6	52.9	35.4	26.7	28.5	18.2	20.7	17.6	27.4	32.5	23.5	20.1	18.1	18.2	12.1	12.8	17.6	26.6	23.4	22.2	28.6	36.9	54.9	66.7	59.3	60.2	80.8	98.4	76.4	62.6	48.2	51.1	64.1	81.2	79.8	91.6	86.4	79.1	70.8	59.2	47.7	48.3	45.2	38	34.6	42	31.5	29.1	25.7	23.6	39.6	24.9	52.8	37.2	31.5	42.2	37.4	38	51.4	35.4	35.8	35.3	33.6	41.1	53.3	46.7	31.6	26.2	22.8	25.5	19.1	14.4	13.6	22.8	25.3
24.1	19.3	38.1	44.6	39.1	25.3	19.9	20.6	24.2	34.6	34.5	37.8	33.8	33.3	28.6	43.7	64.2	53.9	43.2	34.6	34.1	39.2	40.8	48.3	56.4	55.3	63.5	67.7	51.6	60.8	58.7	82.1	86.1	95.7	89.7	93.4	89.1	87.8	94.1	61.8	58.1	61.2	59.6	83.1	81.7	61.4	61.3	46.9	34.3	36.4	30.2	29.9	26.3	19.8	23.9	21.8	23.6	27.7	19.5	10.5	14	16.5	16	19.3	30.3	82.7	61.9	61.6	64.6	76.6	70.1	88.3	105	85.1	74.6	75.3	62.5	61	96.7	86.5	85.1	105	93.8	64.6	58.7	54.5	56.4	52.9	55.2	45.8	34.3	34.4	35.2	29.7	27.1	43.9	41.5	63	48.7	51.5	40.6	39.7	34.8	52.2	37.4	39.6	24.2	36.7	37	36.4	39.9	25.7	19.8	17.6	18.3	18.2	17	14.7	22.8	30.4
25.9	23.6	29.9	35.7	22.2	15.6	14	12.5	23.6	54.3	45.6	41.4	40.4	31.4	35.9	44.3	57.9	52.4	42.1	33.7	34.9	38.2	35.4	35.6	52.1	65.9	76.4	80.1	47.9	44.1	45.4	63.5	77.1	73.8	87.6	102	87.4	87.7	78.7	59.2	61.5	59.4	55.4	79.1	110	66.6	65	40.7	33.5	32.2	43.5	44.7	44.7	29.7	55.4	36.6	58.9	31.1	23.6	20.5	15.2	14.9	17.5	22	39.2	81.6	60	63.1	76.5	81.2	98	89.5	95.1	98.3	77.5	93.1	62.7	59.1	76.5	112	98	103	88.7	60.1	59.7	69.6	62.4	58.8	54.7	48.5	42.3	36.6	37.3	28.2	36.3	76.2	49.4	51.8	31.6	39.3	38.7	39.6	29.8	31.7	27	28.8	32.9	35.4	39.6	37.5	53.6	34.3	22.4	21	23.4	16.4	15.1	23.6	26.3	22.4
12.5	22	25.3	25.1	16.3	20.7	19.3	5.54	8.23	45.8	81	72	54.6	43.5	43.2	47	46	38.2	43.2	38.4	32.1	35.6	28.8	31.4	30.5	56.1	79.7	89.4	52.9	51.8	44.4	54.3	59.3	62.2	77.5	92.2	94.2	82.3	81.6	58.3	57.9	66.1	59.1	85.2	73.4	56	57.1	44.3	35.8	31.5	32	39.8	50.9	46.7	85.9	83.8	51.5	63.3	34.1	50.8	24.4	23.3	29.8	39.3	49.1	44.8	39.7	57.4	80.6	101	92.3	82	88.9	88	71	78.2	88.1	68.7	82.3	112	121	76.2	69.6	47.4	39.9	56.4	61.2	63.1	58	40.2	37.1	39.4	32.6	27.7	31.4	72.4	74.4	64.9	44.4	42.6	40.9	28.7	25.1	23.6	20.8	13.6	24.4	29.5	42.1	49.6	40.7	41.9	21.3	23	21	10.3	11.7	33.3	30.3	34.4
10	12.4	30.1	45.2	20.6	29.8	19.7	9.01	6.25	20.8	33.8	53.4	59.5	54.6	54	57.5	49.5	42.2	43.8	46.4	42.4	36.1	43.4	41	33.1	43.1	65.6	76.1	76.3	62.4	66.1	50.4	50.7	50.5	55	80.3	69.3	69.6	66.4	58.2	53.3	50.7	50.3	51.2	51.5	49.5	52.1	42.6	31.5	29.6	43.7	44.4	51.3	55.1	52.8	83.9	47.9	61.2	40.9	43.7	48.2	35.6	58.2	61.5	53.1	55.5	45	63.3	86.2	82.9	75	77.3	91.5	92	82.7	86.7	72.1	69.3	62.4	112	164	74.3	57.5	41.4	35.7	52.3	68.7	61.2	57.8	42.1	36.6	36.2	29.9	37.7	39.4	47.9	65.7	63.5	35	37	29.2	18.9	21.4	23.7	24.5	11.2	12.6	23.4	32.8	39.3	33.6	25.6	25.8	19.7	17.7	12.3	6.3	35	9.52	13.1
7.37	10.6	21.7	33.6	37.6	19.1	9.77	5.75	6.66	13.7	28	40.5	45.9	47.8	48.6	44.7	63.5	47.9	48.4	55.4	60.9	43.5	38.9	27.8	33.6	48.3	61.5	58.3	70.5	74.3	55	51.6	40.2	39.6	50.9	64.3	58	59.8	65.3	60.4	54.9	48.2	44.5	43.6	44.9	50.6	51.3	37.9	52.3	42.1	40.4	57	51.8	46.7	51.4	45.1	51.2	56.2	63.8	82.1	87.6	58.2	90.4	135	108	80.5	58.7	93.1	79.9	66.5	57.5	76.4	99.4	95.6	107	85.4	71.5	59.7	50.8	60.7	113	59.5	47.3	30.6	36.3	41.9	38.7	35.3	34.3	42.9	37	29.7	26.5	24.9	30.9	32.4	32.7	66	43.8	44.9	34	24.4	20.7	40.8	21.6	25.2	14.7	24	27.2	54.8	35.3	49.5	27.8	22.8	19.6	11.4	22.5	48.2	31.4	18.7
8.98	7.22	8.11	7.93	6.39	4.54	4.49	4.69	4.26	9.66	20.7	33.9	22.7	18.8	31.5	43.1	51	44.5	40	47.4	48.1	45.1	35.2	28.6	27.6	24.2	36.6	39.1	46.9	67.4	57.4	43.5	44.6	34.8	39.3	60.2	60.1	60.6	75.8	60.7	67.6	75.7	62.9	50.8	51.1	47.9	44.6	36.9	38.7	40.8	50.8	39.1	33.3	40.8	38.4	34.6	50.1	71	73.5	87.4	61.2	74.6	119	129	123	71.1	60.2	92.6	82.5	76.2	70.9	86.2	112	88.4	79.4	76.8	77.4	58.6	54.7	57.9	57.9	40.5	29.8	23.5	22	29.9	41.1	30	41.7	33.7	34.7	29.4	38.8	34	31.5	27.2	36.9	41.8	41.5	50.3	62.9	35.4	31.5	26.6	24.6	57.2	48.4	40.3	29.7	54	50.3	60.6	46.5	34.2	31.2	15.4	24.6	52.3	56.5	15
18.1	9.03	6.94	4.75	3.29	3.76	4	3.64	3.07	5.48	13.4	36.2	18.1	23.3	16.8	25.7	37.5	40.4	23.4	31.9	42	51.4	43.8	33.8	24.5	22.8	27.7	30.7	36.8	50.5	47.5	33.4	40.5	43.4	37.6	47	65.9	68.1	57.2	55.6	67.2	61.1	49.6	64	69.1	62.3	43.4	36.9	29.9	33.4	49.9	41	30	35.7	35.1	39.9	42.3	51.9	72.3	75.6	70.4	72	76.5	78.5	75.4	57	74.9	87	85.3	91.3	65.6	84.2	67.3	76.4	63.6	56.4	70.7	59.1	60.7	59	51.4	44.7	44.7	25.8	32.9	36.1	49.3	22.4	48.4	36.2	40.9	27.9	40.6	36.3	39.5	28.5	31.3	41.4	36.7	65.3	47.3	35.8	46.7	22.8	26.5	39.2	25.9	33.5	47.9	73.4	50	50.5	51.2	47.2	36.3	30.3	35.1	54.1	44.2	16.7
6.22	6.3	4.02	4.11	3.31	3.06	3.61	3.6	3.34	3.54	4.87	12.5	13.9	13.4	13.9	17.8	22.5	25.1	20.1	27.6	26.2	33.9	31.2	37.1	29.5	29	25	19.8	27	27.5	30.8	31.5	30.7	30.5	35.3	32.5	46.9	58.7	64.8	74.5	73.7	67.7	51	66.3	73.4	65.9	54.8	37	35.2	44.6	45.1	43.5	34.8	51.3	48.5	33.3	36.1	45.2	71.9	62.6	53.1	53.3	49.8	56.4	60	54.7	64.7	93.9	95.1	94.1	78.2	86.1	88.6	81.6	69.3	63.2	87.4	83.6	80.5	96	104	89.1	76.9	43.3	45.4	65.1	42.8	26.7	31.6	35.5	32.1	16.7	21.1	21.3	24.6	25.6	30.5	26.3	29.7	33.7	26.9	25.8	24.1	24.5	42.6	47.7	29.8	27.8	35.6	53.3	61.6	79.9	73.3	68.3	58.6	34	41.2	58.8	55.9	21.2
8.32	7.31	5.31	4.33	3.74	4.45	3.43	3.77	3.56	3.98	5.6	15	10.9	12.8	13	22.2	14.4	25.9	29.6	26.8	26.3	22.7	22.4	35.4	32.3	28.1	23.3	17.3	17	20.5	26.3	27.5	33.7	28.6	37	28.1	37.6	41.6	90.1	110	92.9	95.6	79.7	61.9	63.3	55.9	55.4	49.6	44.8	41.3	44.6	41.2	43.4	67.6	88.7	40	34.1	46.1	51.5	43.5	50.9	50.2	57.5	74.6	58.6	54.5	60.9	84.9	75.1	80	94.9	117	112	103	69.8	49.3	66.2	74.7	86.4	113	121	120	103	48.9	25.2	38.9	62.1	33.1	36.1	39.1	25.2	16.4	18.4	22.2	26.5	32.8	34.4	28.8	30.1	33.6	22.6	32	29.5	54	59	43	19.6	25.4	25.3	28.5	44.7	65.2	62.3	57.1	63.5	39	40.4	56.5	34	31.8
5.23	8.7	8.35	5.98	4.39	3.5	3.09	3.18	3.43	4	5.27	8.51	9.95	11.8	15.3	26.8	16.1	38.3	43.4	23	24.1	20.6	17.6	25.6	27.8	33.6	25.9	15.6	16.1	15.8	19.8	25.1	28	30.9	35.3	32.8	46	49.3	46.4	66.1	85.2	92.3	84.6	70.9	71.9	61.6	61.3	44.7	47.5	39	49.2	42.3	43.7	57.8	66.9	27.8	29.9	74.4	93.9	59.4	60.6	65.7	78.9	86.4	66.8	56.7	54.5	74	77.3	79.7	97	108	115	83.2	58.5	40.9	71.6	80.3	73.8	101	121	140	83.4	47.8	34.1	25.1	31.2	31.1	42.8	51.7	51.5	22.6	18.8	25.1	46.4	40.8	48.2	40.7	28.1	32.3	28.9	28.6	27.5	64.4	84.2	42.8	22.8	28.8	28.3	30.4	37.9	39.3	42.5	46	42.2	38.6	41.7	38.9	32.4	26.2
3.46	7.17	9.41	6.33	3.85	3.79	4.77	3.63	3.39	4.02	5.13	7.29	10.4	15.6	15.6	17.5	15.8	24.7	45.2	22.5	36	27.2	23.2	37.1	27.4	22.1	22.8	17.5	13.2	13.6	20.7	28.2	30.1	34	35.6	25.9	35.2	44.4	59.9	48.6	125	102	81.7	81	73.4	79.1	64	37.6	41.8	36.5	40.4	34	43.2	71.3	97.1	41.1	37.1	40.7	45.8	51.7	68.7	101	113	101	79	51	54.8	71.4	71.7	81.4	78	73.2	65.5	69.5	59.5	38	53	71.9	101	120	113	119	86.2	49.7	33.8	26.5	21.7	23.3	29.6	40.4	45.8	29.4	24.1	28.3	27.4	55.6	51.1	46.5	40.2	44.9	27	25.5	30.1	69.5	81.4	52.2	39.1	49.1	48.9	36.3	31	49.8	59.3	39.8	37.1	34.4	29.8	23.9	34.2	27.3
3	4.9	12	5.04	3.56	2.5	4.82	6.59	5.06	6.19	5.9	10.3	12.3	13.9	13	15.9	14.9	18.2	19.8	16.1	40	42	29.5	34.1	27.8	20.7	25.3	18.6	12.8	9.11	12.6	26.9	30.1	33.6	36.1	30	29.8	35.3	43.6	37	66.2	72.3	91.4	73	72.5	68.7	67.9	61.2	58.4	55	53.9	48.7	54.9	57.5	76.6	57.1	44.7	77.1	89.6	61.5	86.5	110	99.4	88.1	71.9	68.2	60	54.8	106	102	109	62.7	47.1	40.4	38.9	42.9	45.2	54.6	133	135	115	125	105	95	81.3	38.2	30.4	29.1	29.7	31.1	33	33.4	29.8	32.5	40	49.2	50.2	48.6	51.9	46.6	40	32.2	32.6	43.3	51.2	39.6	35.8	51.9	55.8	41.8	30.8	39.6	43.7	35.5	48.6	23	27.1	19.3	23.4	19.3
3.08	5.19	3.58	6.23	5.78	2.66	3.5	8.73	8.74	9.64	9.56	13	14.1	16.2	13.4	14.1	18	17.8	17.1	19.9	27.6	23.6	22.7	26.1	30.7	47.8	27.2	26.1	20.1	15	13	18.9	24.1	27.8	28.4	36.9	39.8	35.4	32.4	38.7	42.6	44.2	69.5	59.2	73	74.8	71.9	69.9	63.5	61.5	56.4	49.8	51.9	58.6	66	57	50.5	55.6	78.8	62.9	75.4	115	114	87.4	72	72.5	66.7	55.8	77.1	84.5	79.7	67.5	42.3	40.6	39.8	38	38.7	65	102	133	96.6	126	109	96.2	95.2	37.2	25.9	21.6	22.1	26.6	29.5	32.5	32.5	33.3	36.3	48.6	72.9	53.6	55.7	43.9	47.7	39.1	40	39.2	40.6	35.2	36.9	43	40.1	39.3	46.8	42.5	35.7	36	35.7	26.3	22.9	29.2	32.4	25.3
1.36	1.4	1.75	3.41	10.6	2.57	2.56	8.91	9.3	10.7	9.9	11.7	11.2	13.6	13.3	13.5	13.8	17.2	15.8	16.9	29.8	28.4	28	27	27.5	32.1	23	17.5	23.4	23.9	10.9	23.5	26.9	29.3	30.1	31.5	35	39.1	38.3	30.7	40.9	41.9	49.6	51.8	58.9	76.9	78.8	80.7	71.9	74.6	61.7	60.2	43.1	58.5	58.4	41.4	49.8	37.8	56.3	59.8	56.6	84.9	106	72.3	63.9	61.7	63.4	80.7	86.5	96.4	75	67.1	34.2	38.8	46.1	44.2	50.7	64.2	90.6	94.5	78.7	72.3	68.1	62.5	43.3	25.5	23.1	20	22.7	28.4	32.4	38.5	32.9	33	33.3	41.7	65.1	66.2	70.7	52.8	42.8	42.1	48.9	43.3	30.9	28.7	24.8	24	24.8	40.1	49.1	48	43.4	54.8	76.4	48.2	36.8	37.6	36	30.7
1.66	1.05	1.12	2.09	2.13	1.83	2.46	6.75	5.61	6.79	10.8	11.8	9.91	12	12.7	15.9	11.8	13.3	15.2	16.5	46.4	52.9	42.7	54.3	61.4	46.4	28	14.2	15	18.1	15.4	27.5	31.5	29.6	32.3	34.2	40	53.1	68.8	42.1	67.8	57.2	46	49.8	54.3	64.2	78.8	79.1	69.6	67.1	63.7	59.8	52	55.9	59.3	43.1	41.8	41.7	51.6	48.7	42.7	56.3	65.5	71.3	61.4	53.1	54.4	45.8	70.8	87.5	66.1	55.8	36.5	39	46.5	39.6	42.2	53.2	57.5	69.3	68.1	70.4	61.7	48.6	43.7	27.7	24	17.1	22.2	31	32.9	31.5	32	37.7	32.7	34	41.4	62.6	75.4	60.4	44.2	40	47.4	45.2	35.8	33.9	26.6	37.7	36.5	37.3	37.1	30.7	30.1	43.1	56.9	38.2	33.9	37.8	54	35.7
1.11	1.9	1.86	1.52	1.2	1.99	1.74	1.64	6.1	3.3	4.38	6.21	5.54	6.02	8.65	9.06	10.4	9.34	15.3	20.2	21	30.2	38.5	71	113	65.1	46.5	33.6	19.7	32	20.1	15.4	15.5	14.5	19.3	28.1	47.6	52.7	52.3	69	102	69.6	48.8	55.6	63.1	66.4	78.1	79.2	58.2	61.8	62.8	59.4	63.2	72.5	87	62.8	56.5	59.2	79.1	78.3	57.1	57.5	68.5	53.7	61	58.4	63.8	52.8	53.8	76	57.4	42	41.5	34	34.9	39.6	42.5	44.8	46.5	58.5	54	52.5	66.3	46.1	43.1	31.2	32.7	22	17.9	20.8	32.7	41.1	38.5	41.7	48.2	42.9	40	52.3	54.3	50.1	49.6	56	43.7	52.2	46.3	33.4	29.1	39.5	36	32.3	41.5	50.2	45.6	48.2	53.3	33.2	32.5	38.8	35.2	29.5
0.629	0.808	0.787	1.28	1.38	1.07	1.17	1.25	1.56	2.81	7.04	6.77	5.67	6.01	6.12	9.4	8.66	12.2	12.7	19.6	22.9	22.9	33	51.4	57.1	51.8	71.7	78	59.7	37.2	36.3	31.5	25.8	24.3	18	28.9	39.6	51.4	55.8	64.7	78.3	61.9	57.9	69.7	76	75	77.6	77.2	59.1	58.4	64.5	71.4	60.5	66.1	85.1	70.9	81.4	65.4	86.9	64.7	48.4	52	55.3	46.8	50.6	61.6	93.2	63.8	65.9	74.4	59.6	57.6	52.2	35.4	45.2	83	42.6	44.9	45.9	64.7	68.3	70.5	63.4	49.6	41.7	39.6	30.1	31.8	27	18.7	27.9	43.9	47	51.7	47.7	47.3	47.3	47.1	49	46.8	43.7	49.1	41.4	41.5	58.5	42.9	28.5	33.6	34.7	27.4	28.4	47.6	34.5	24.2	32.9	31.2	34.3	35.9	35	31
0.494	0.542	0.578	1.31	1.15	1.29	1.77	1.42	1.01	1.59	3.39	5.69	7.01	5.28	5.21	7.28	10.8	12.4	12.2	19	19.5	21.7	24.4	58.8	38.2	48	53.9	43.9	59.2	47.1	37.6	30.1	22.5	20.2	32.9	39.4	65.2	119	72.8	80.7	87.2	91.7	70.8	67.4	68.2	74.8	72	72	64.1	67.2	81.6	75.6	65.8	75.3	83.8	75.6	96.2	85.4	87.1	66.4	57.2	84.4	60.2	39.5	46.8	67.8	74.4	69.1	80.6	71.7	63.8	59.4	64.7	45.3	41.3	71.9	41.1	43.7	36.3	43.1	61.7	58.1	85.4	50.1	35	34.8	44.1	38.7	37.1	34.7	36.7	45.5	47	51.1	51.6	52	46.9	50.1	60.5	52.5	45	47	38.1	39.3	41.4	42.2	42.2	29.9	29.2	32.5	25.5	30.4	36.1	24.4	22.5	24.2	27.5	29.9	30.8	26.5
0.475	0.446	0.489	0.935	0.835	1.68	1.26	2.27	0.98	1.24	1.95	2.28	15.9	3.85	4.52	4.67	8.55	29.6	35	21.7	19.3	22.2	23.3	23.5	31.4	93.1	36.1	32	65.6	43.6	32.9	34.3	27.5	34.5	44.7	53.4	47.4	39.1	50.6	78.3	98.9	102	94.2	76.6	73.8	76	71.4	86	75.2	70	65.7	54.7	69.3	81.8	106	94.3	99.4	99.6	78.2	64.8	69.9	69.5	77.3	46	56	72.7	76	57.4	79.6	66.4	56.2	57.2	53.7	47.5	51.1	59	42.4	50.9	36.4	48.8	49.9	66.1	48.2	36	54.8	40.1	47.8	56.5	73.1	52.3	37.3	39.5	41.6	40.1	46	52.4	49.9	55	49.6	42.7	43.5	47.1	39	36.6	37.4	44.7	42.5	41.8	32.5	25.7	23	32.1	37.4	33.6	34.7	30.7	35.2	32	40.6	48.6
0.358	0.338	0.332	0.432	0.485	0.519	0.671	1	0.769	0.973	0.918	0.987	2.35	1.92	1.91	3.1	3.63	7.4	11.8	26.9	18.3	20.8	22.5	34.3	29.4	37.9	23.5	22.7	33.5	25.2	18.8	26.1	28	33.5	43.9	30.3	30.3	41.2	41.8	94.5	96.5	100	95.4	75.9	70.8	81.5	75.8	86.8	89.3	74.9	68.8	74	80.3	80.6	103	97.5	111	98.7	101	116	91.3	71.8	64.6	44.2	56.5	106	103	97.8	91.4	99.5	79.2	62.2	62.1	50.2	59.4	76	25.9	32.7	40.2	41.8	41.1	48.8	83.6	67.7	71.1	50.8	57.8	44.7	54.7	37.7	33.7	65.5	51.6	46.2	37.6	60	63.7	55.6	50.7	62.8	64.9	75.2	69.1	46.5	43.7	41.1	38	29.4	26.8	18.8	17.1	28.4	45.5	37	28.9	36.3	37.9	36	40.5	48.2
0.345	0.326	0.343	0.411	0.403	0.407	0.581	0.273	1.19	1.03	2.83	0.969	1.26	1.21	1.43	7.53	3.99	2.63	5.88	28.2	34.7	33.4	26.4	28	31.5	23.6	22.6	17	19.1	22.9	16.7	26.1	35.3	24	35.5	48.1	58.8	66.7	86.8	87.4	114	105	88.5	65.5	72.4	78.2	81.7	93.2	76.5	66.2	70.4	84.9	72.9	70.4	94.5	77.4	85.6	96.7	85.5	186	167	111	79.2	50.9	63.3	107	138	98.5	136	132	108	99.6	125	66	55.5	71.6	72.6	69.1	61.6	67.8	88.1	60.2	83.4	87.8	61.4	40.7	47.9	47.1	50.9	46.1	47.5	48.3	38.6	63.4	58.9	55.1	39.1	38.6	41.8	49.5	51.3	76.4	66.1	56.1	40.4	37.8	38.7	26.4	20	15.5	21.6	32.5	44.9	36.3	30.2	43.6	41.9	37.2	41.9	47
0.324	0.318	0.411	0.449	0.393	0.371	0.313	0.245	0.194	0.327	2.35	1.28	1.19	1.16	1.31	40	4.14	1.71	3.69	13.7	31.9	38.1	38	32.1	30.6	30.1	22.2	17.9	17.3	13.1	13.5	9.23	12.7	17.6	25.4	53.6	64.3	77	151	98.2	111	123	107	79.9	84.2	86.4	97.5	110	84.6	82.2	66.3	72.9	78.9	94.1	106	87.1	74	77.5	84	161	188	108	61	41.4	60.7	111	102	102	132	150	120	106	118	74.3	72	86.2	74.6	79	59.6	71.3	76.3	65.4	63.7	65.6	70.5	41.9	45.9	44.7	38.9	51.1	49.1	65.8	58.6	70.4	41.2	45	47.8	34.2	36.8	42.7	47.4	45.2	83.6	62.2	54.9	36.6	34.4	31.3	28.1	21.5	24.7	44.1	44.8	48.2	30.7	39	39.7	36.7	33.6	50.1
0.325	0.316	0.336	0.402	0.42	0.307	0.268	0.184	0.152	1.14	1.26	1.03	1.23	1.3	1.18	5.01	4.77	4.2	4.03	9.33	18.6	40.9	41.6	55.7	42	31.5	30.3	24.5	21.4	18.6	21.8	17.3	15.4	10.6	20.1	32.9	45.1	74.7	89.7	94.8	96.2	95.2	85.4	75.3	78.1	84.4	85.8	83.6	68.7	75	78	78.8	95	111	101	94.3	86	94.8	82.3	149	190	111	56.1	34	42.5	94.7	83.5	99.8	58.9	121	120	108	153	97	84.7	90.8	79.3	80	58.7	63.1	76.3	57.2	53.3	55.6	54.9	85	54.1	53.2	70.3	70	58.2	73.5	71.4	43.1	46.5	53.3	48.3	43.4	40.6	46.8	47.4	52.3	71.2	56.2	54.2	60.4	49.3	50.1	45.2	34	29.8	48.1	43.3	34.9	52	41.7	46	44.9	39.1	29
