164	181	220	225	223	217	215	233	202	193	196	182	219	242	229	282	277	271	302	336	257	222	211	179	160	175	151	156	167	154	149	169	169	173	188	250	293	311	369	424	417	506	575	408	293	278	327	365	310	258	225	202	202	177	158	114	114	124	120	124	123	128	118	122	124	125	129	133	138	135	132	119	112	111	117	101	87.3	89.2	89	88.1	60.2	60.5	57.9	33.7	38.5	35.7	26.5	12.7	8.46	12.7	18.1	32.3	30.5	32.2	42.3	40.7	37.2	34.6	51.6	37.1	28.7	19.6	19.4	20.7	23	22.1	41.4	38.5	30.2	26.7	23.4	26.1	30.5	29.7	28	20.2	31.6	34.7	35.2	32.1
211	243	256	233	212	187	185	184	201	193	173	210	290	265	252	314	281	249	236	287	235	208	173	209	181	164	169	195	199	166	179	220	165	206	210	282	303	334	380	382	389	432	453	305	249	207	238	288	233	219	266	278	197	182	162	92.4	103	145	129	150	153	155	133	126	123	125	140	118	126	113	117	123	101	99.7	104	107	92.9	89.1	92.2	96.4	101	94.2	96.8	93.5	75.3	48.4	44.9	41.9	40.5	39	36.1	12.4	11	9.48	11	11.2	10.1	10.6	17.7	27.2	10.7	6.66	5.04	7.62	7.95	7.65	9.42	16.4	10.6	13.1	9.48	8.52	7.71	8.88	9.57	8.61	13.7	12.9	15.2	15.2
238	262	257	211	189	177	194	198	181	176	194	215	246	242	243	318	293	269	230	247	226	179	168	198	162	131	138	193	203	179	167	176	170	284	231	237	243	259	307	293	262	268	224	240	225	216	219	272	273	218	259	231	237	175	175	134	103	148	147	145	161	155	139	112	118	110	110	110	111	94.6	108	108	102	87.2	81	94.2	104	97.1	85.3	104	93.1	88	103	99.6	55.1	49.5	44.2	42.4	37.1	34.6	42.8	13	16.8	15.9	10	7.29	5.76	9.75	4.11	12.2	6.03	9.33	4.44	10.5	7.74	6.45	4.47	8.43	5.79	8.01	3.24	3.93	5.76	4.92	7.98	8.19	10.8	19.4	22.4	11.4
312	276	264	223	184	180	186	193	184	187	210	260	267	253	264	290	274	276	231	206	200	165	176	217	184	179	161	188	159	193	210	171	177	192	207	209	205	228	240	202	188	176	195	206	219	225	246	290	259	254	267	217	183	202	220	126	125	175	175	147	145	141	156	125	121	128	119	100	104	96.7	112	107	99.1	87.3	81.5	102	120	90	73.1	101	96.5	116	89.1	75.7	59.9	50.9	63.6	54.9	38.8	39.5	35.4	9.09	7.68	8.25	11	7.59	7.11	4.29	3.18	3.57	4.32	5.64	1.35	2.28	2.61	2.61	3	3.03	4.32	1.83	1.86	4.74	7.29	7.92	6.03	4.86	8.52	19.9	18.4	12
257	270	282	213	193	190	193	198	205	234	249	246	280	339	307	291	266	257	254	200	209	201	197	243	193	201	178	185	161	164	174	153	173	201	203	205	191	193	229	201	183	174	182	198	206	213	243	261	258	266	273	195	184	179	160	106	97.9	113	121	132	125	125	151	129	125	115	121	98.5	98.6	99.9	98.8	99.8	96.6	94	78.3	94	93.9	87.7	75.8	107	110	110	100	105	91.7	70.6	72.8	60.3	49.7	54.9	32.7	3.6	2.04	1.14	3.78	4.74	5.25	2.37	2.67	0.72	0.51	0.57	1.23	1.8	1.83	2.1	2.61	1.11	1.23	1.11	5.04	4.68	13	13.1	8.22	3.45	5.34	5.55	14.2	18.3
266	270	266	233	233	233	241	239	232	257	259	258	238	246	257	288	248	235	236	208	207	185	241	226	176	148	151	138	139	198	158	153	131	148	150	159	155	134	147	109	120	121	137	170	172	197	261	250	230	271	235	219	186	191	191	217	191	168	155	117	115	106	112	149	140	134	131	90	89.9	89	82	99.6	95.4	96.1	89.6	80.6	81.9	91	98	115	116	104	112	73.9	72.5	68.6	58.7	55.4	52.8	35.3	33.2	0.24	5.01	4.77	2.13	2.37	2.64	2.67	0.6	0.48	0.21	0.42	0.87	3.39	3.9	3	2.88	1.44	1.02	1.86	1.32	4.41	6.51	3.54	7.89	4.62	4.29	4.41	9.81	12.1
312	281	262	238	233	248	252	226	228	239	267	239	217	223	225	245	221	222	233	219	200	188	214	236	177	154	208	204	147	159	146	118	115	206	167	133	146	125	129	128	133	148	139	159	180	205	270	251	233	244	221	185	179	183	184	190	206	210	192	155	131	134	141	135	129	132	115	85.1	84.7	88.2	77.9	95.1	92.5	88.2	84	65.5	62.9	68.4	78.5	109	98.1	85.7	104	71.8	57.1	68.3	55.1	38.7	37.1	37.1	37	22.2	3.66	0.84	1.77	2.46	5.64	1.8	0	0.21	0.45	0.36	0.57	1.8	1.8	3.87	3.63	3.15	2.94	0.81	6.87	3.45	0.96	3.45	6.24	4.86	8.7	3.54	4.08	11.5
270	271	281	279	280	286	270	243	248	251	239	230	212	235	198	231	210	226	219	204	182	184	222	236	248	232	211	199	220	184	202	138	108	108	106	110	100	111	122	124	142	165	166	200	190	212	278	244	237	233	232	198	183	171	171	182	214	207	214	154	159	167	138	127	116	114	105	81.6	81.9	75.2	84.9	114	95.7	85.5	83.6	59.6	57.6	66.1	67.7	94	88	77.1	86.7	63.7	53.1	51	41.7	31.8	33.2	31	31.1	10.3	5.1	3.6	1.98	2.91	0	0	0	0.18	0.36	0.39	0.72	1.14	1.14	3.36	1.59	0.69	0.39	0.27	0.39	0.33	0.9	4.02	4.53	3.57	2.43	0.51	0.63	6.12
264	282	305	296	301	296	290	256	257	232	225	231	217	211	205	236	225	225	218	212	196	197	234	247	219	190	206	204	203	212	257	160	123	104	99.4	122	88.6	110	97.7	119	139	187	170	209	219	233	244	237	248	240	235	210	225	167	174	181	217	199	192	176	194	189	163	149	123	116	134	84.6	90.2	84.1	107	102	90	85.7	87.1	67.1	64.1	66.2	55.4	75.7	75.4	71.2	71.1	54.4	55.9	51.2	44.5	33.9	35.6	31.2	29.9	0.243	0.0351	0	0	0.81	1.05	0	0	0.18	1.98	0.57	1.59	1.65	1.14	0.81	1.14	0.78	0.63	0.51	0.45	0.78	2.91	2.55	3.18	0.39	0.66	0.39	3.99	0.99
237	229	235	269	266	259	244	183	172	158	159	200	202	194	220	227	233	222	221	259	243	219	220	174	163	130	112	150	143	143	120	107	158	112	112	125	107	135	98.9	133	140	158	143	196	206	284	227	200	236	216	190	202	174	189	187	178	198	202	201	282	239	195	182	184	157	154	116	133	135	139	118	110	103	96.2	92.2	82.7	73.5	67.3	68.4	52.7	62.9	69.7	69.8	35.4	32.4	39.2	31.1	26.4	24.6	22	20.7	22.1	20.8	19.8	20	1.05	0.6	1.17	0.12	0.3	0.12	0.09	2.49	3.39	2.04	2.25	2.64	4.2	3.63	3.09	10.3	2.91	0.57	0	2.76	0.78	1.5	2.37	7.35	4.35
234	203	221	228	237	241	238	164	163	182	159	181	189	176	197	234	234	232	237	230	192	193	198	149	134	116	99.3	184	114	112	128	102	90.9	103	108	130	151	137	108	136	145	135	146	192	207	253	204	186	188	179	171	177	181	186	208	196	177	179	208	303	245	171	202	185	166	139	123	162	230	157	110	111	97.5	99.3	93.6	88.6	93.1	82.9	66.7	53.4	74.2	71.2	82.3	44.6	35.2	33.1	30.1	25.5	23.3	22.7	22.1	21.2	20.6	20	25.6	4.23	0.6	0.21	0	0	0	0	0	3.96	4.2	2.37	2.58	4.05	4.8	7.14	6.75	0.24	0.18	0.33	0.93	1.95	1.53	1.11	2.04	4.05
192	204	237	207	209	235	213	143	149	150	148	174	160	175	178	212	241	240	232	274	185	163	200	148	190	125	123	247	176	111	108	105	86.7	97.8	112	148	137	124	121	151	133	146	162	188	235	224	210	185	178	173	161	174	191	193	188	198	182	185	198	234	194	196	175	196	172	172	148	160	243	130	105	112	110	120	99.6	87.5	87.7	86.3	71.7	50.4	54.7	55.2	55	45.7	34.5	28.7	33.4	26.2	23.9	21	22.5	23.3	20.1	19.5	20.8	0.87	0.33	0.6	0	0	0	0.63	0	2.19	4.2	2.58	3.03	3.78	6.18	2.49	2.55	0.48	0.63	0.39	0.9	0.27	0.42	3.48	3.06	5.37
191	211	226	187	176	200	223	166	129	150	210	183	174	201	207	237	253	238	245	221	180	177	211	156	154	158	156	224	193	136	115	96.3	96.6	110	137	170	176	152	163	160	139	168	173	183	181	194	228	180	177	176	167	176	186	204	173	194	173	176	191	182	202	187	161	237	224	182	171	162	135	126	98.3	112	113	112	102	92.9	89.7	89	83.7	54.7	51.6	49.1	56.2	47.9	38.7	40.9	33.7	27.1	22.9	23.7	25.4	28.3	20.7	20.8	18.5	0.93	2.82	0.51	0.12	0.72	0	0.24	1.11	2.7	2.85	4.2	5.85	7.38	4.89	4.05	3.99	0.33	0.27	0.36	0.21	0.24	0.51	1.47	1.44	3.42
159	156	158	179	166	154	180	181	148	156	132	161	156	169	205	260	237	216	231	200	173	176	208	140	144	160	122	134	126	116	102	105	94.6	93.9	99.4	125	127	131	145	165	137	171	161	160	170	201	261	183	180	176	160	178	171	161	154	171	149	169	140	123	161	118	111	162	178	151	179	193	140	106	96.3	92.3	91.8	93.5	98.9	99.9	95.7	98.1	107	59.8	39.1	38.5	49.3	81.1	77.8	78	54.5	31.7	29.3	32.6	24	21.9	18	17	18.3	15.5	4.37	4	3.96	0	0	0	0.21	6.21	3.78	6.78	5.55	0.57	2.1	0.09	0.3	0.54	0.78	0.24	0.15	0	0	2.82	0.03	0.6
149	139	157	173	153	150	169	154	158	166	138	168	164	180	220	220	216	225	207	189	161	183	195	125	148	138	125	125	93.5	76.1	94.8	131	120	110	120	131	142	150	173	185	178	189	184	168	217	231	244	218	193	173	158	147	147	170	180	162	159	166	141	107	115	93.7	113	173	165	172	154	152	125	110	98.8	91.7	95.1	99.5	98.8	97.5	96.7	102	111	73.1	44.2	43.8	54.3	83.1	64.1	56.4	45.5	31.4	33.8	30	24.9	26.3	18.6	16.5	16.2	6.8	3.98	3.96	3.95	0	0	0	0.18	3.72	2.19	2.31	2.43	0.18	0.33	0.09	0	0.48	0.39	0.24	0	0	0	5.46	2.73	0.3
136	150	160	150	135	151	161	169	175	156	170	182	167	207	216	228	270	233	247	217	185	203	213	118	139	126	148	122	115	109	106	150	143	118	118	148	163	216	215	214	192	243	197	197	262	221	245	241	221	179	176	145	159	177	181	183	205	175	144	124	114	118	126	178	179	177	152	139	124	102	102	85.5	95.5	94.3	100	105	105	115	110	58.5	41	36.5	58.8	69.4	59.7	49.8	50.8	47.8	39.5	36	29.4	23.7	21.7	16.8	17.7	4.33	4.28	4.45	4.95	0.3	0	0	0.21	2.13	2.19	2.31	2.43	0.42	0.15	0.09	0	0.48	0.33	0.33	0	0	0	0	0	0.15
123	142	179	142	148	173	189	185	196	154	155	171	192	235	243	253	251	250	285	348	228	247	232	119	116	123	125	108	100	100	101	144	167	130	146	181	214	239	261	308	285	261	238	231	284	287	275	268	266	211	195	167	147	161	148	157	198	174	143	157	145	117	134	197	210	189	171	125	118	117	111	90.8	105	107	106	103	98.3	113	117	75.7	53.7	42.2	56.3	87.9	70.4	55.5	59.6	49.8	40.6	33.4	32.3	28.1	20.4	17.4	18.2	7.18	5.66	8.98	5.16	0	0	0	0.36	2.19	2.46	2.55	3.33	0.93	0.45	0.09	0	0.39	0.24	0.15	0	0.33	0	0	0	0
171	187	163	149	155	171	181	181	173	160	176	244	288	269	298	297	269	249	272	266	221	208	208	157	144	171	176	134	126	117	113	149	125	104	119	195	176	200	276	235	243	231	179	176	238	248	207	244	240	213	168	140	148	162	149	84.3	124	95.7	91.7	147	144	130	176	238	270	207	172	153	162	155	98.1	77.5	84.6	76.1	65.2	64.6	69.1	85.7	106	97.4	94.3	68.8	98.3	94.1	78.9	77.3	89.1	68.9	58.2	51.1	38.1	18.2	14.9	15.4	17.6	27.5	27.7	27.5	26.5	0.03	0	0	0	0.06	0	0	0.03	0	0	0	0	0.24	0.24	0.24	0.24	0.21	0	0.33	0	0.15
156	165	160	133	150	168	158	160	161	160	180	272	283	247	280	303	241	249	275	228	263	215	203	150	146	147	162	140	140	138	120	150	118	113	130	185	179	202	217	234	217	223	191	185	177	186	194	219	203	221	167	136	171	174	176	90.4	71.2	78.9	80.7	161	147	152	165	230	230	199	204	162	145	147	106	81.6	82.1	77.4	67.8	53.5	63.8	79.6	94.9	106	93.6	70.8	82.7	79.9	75.9	82.3	95.6	80.7	71.3	53.9	33.4	15.6	16.8	16.4	19.4	29.5	31.6	32	29.5	0.06	3.06	2.58	0	0	0	0	0	0.09	0.06	0.06	0	0.33	0.33	0.24	0.24	0.21	0	0	0	0.3
186	188	188	170	155	155	158	182	166	182	214	272	254	239	308	294	248	238	273	212	188	190	182	158	163	156	180	155	161	146	147	162	141	151	152	170	158	184	208	203	210	194	192	163	155	159	180	209	189	199	188	151	144	140	169	104	68.1	60.5	90	148	173	185	177	227	234	191	181	145	104	94.9	81.1	61.4	71.5	94.3	79.1	50	59.6	83.8	77.9	125	118	93.3	79.7	79.3	77.7	85	91.4	88.3	73.4	55.3	39.1	24.4	17.2	18.6	22.7	34.5	48.4	37.1	42.9	7.59	0.6	0.51	0	0	0	0	0	0.21	0.15	0.09	0.06	0.33	0.33	0.33	0.33	0.21	0	0.03	1.2	1.32
255	227	230	216	172	172	183	163	159	181	197	242	250	248	272	284	255	281	288	225	201	189	176	169	156	163	217	204	197	189	165	164	141	147	154	166	166	192	187	150	177	204	195	186	161	157	184	240	268	173	172	178	161	177	193	141	91.1	93	166	159	161	164	197	213	240	182	163	136	106	101	70.4	49.5	67.6	145	72.4	59.2	60.7	83.7	84.2	107	104	86.6	88.3	94	84	81.8	87.7	86.6	72.1	53.3	45.3	37.9	22.7	23.3	25.8	40.9	42.1	44.7	43.1	4.17	0	0	0	0	0	0.3	0.06	0.27	0.21	0.21	0.54	0.63	0.33	4.44	4.44	2.43	0	0.09	2.07	0.15
189	176	225	225	183	192	190	180	130	128	142	193	168	160	195	183	181	184	165	170	172	188	189	182	157	150	159	216	224	200	159	193	168	150	170	174	154	149	142	133	134	145	169	193	185	186	260	192	194	157	144	111	105	133	151	139	81.1	83.4	129	192	144	146	150	203	193	207	155	118	108	88.6	69.6	47	46	58.2	57.8	57	41.3	52.6	59.6	63.9	49.6	52.8	76.5	94.6	82.4	83.5	79.2	58.2	48.8	42.1	59.8	72.3	66.2	57.4	61.5	61.6	65	65.6	63.8	61.4	60.4	54	49.2	48	41.5	30	26.8	18.2	15.8	11.7	11.7	0	0	0.21	1.53	0.27	1.14	0.27	0.3	0.81
169	188	221	204	306	195	221	183	155	129	150	165	140	127	142	174	184	159	158	177	178	206	211	196	175	179	171	170	169	167	176	170	137	147	154	169	147	132	107	137	166	167	163	173	177	174	205	167	174	171	141	124	91.7	100	100	120	57.2	57	80.8	137	141	145	132	170	192	207	147	126	103	117	74.9	61.3	44.8	58.7	51.4	39.2	33.5	33.1	35.2	45.7	60.5	55.8	70.8	80.3	82.4	77	71.9	44.4	39.8	43	60.1	93.9	104	99.4	93.9	76.8	73.5	71.5	68.7	63.6	61.9	57.3	52.2	47	41.6	31.8	27.5	17.7	14.3	11.6	11.7	0.03	0	0.06	0.15	0.18	0.27	0.3	0.36	0.93
199	227	236	214	324	237	272	231	193	149	143	117	96.4	111	146	209	226	248	237	200	202	215	239	213	196	181	189	183	172	155	153	157	126	146	183	213	145	115	104	111	140	125	138	176	155	147	169	143	128	131	143	110	101	118	92.8	91	81.9	74.7	59.6	100	106	161	148	151	149	158	134	114	109	114	94.6	123	49.8	55.4	48	40.7	40.6	33	30.3	37.2	63.2	67.8	65.9	104	131	72.4	68.8	48	52.8	52.6	56.9	149	217	147	140	87.6	91.5	94.1	81	69.9	66.3	63.9	62.3	51.6	43.8	36.4	30.2	18.3	13.9	11.3	10.5	0.12	0.36	0.09	0.06	0.15	0.15	0.15	0.57	0.75
238	269	265	297	301	279	370	282	348	192	159	137	93.5	91	123	191	244	225	234	236	241	243	270	231	197	195	209	172	159	167	148	139	142	148	182	197	140	122	116	110	103	142	122	158	147	137	160	159	133	186	183	153	141	122	89.4	150	94.6	99.6	73.1	105	119	173	175	137	111	142	153	131	126	118	103	93.4	61.5	60.8	56.3	64.4	57.9	44.7	34.5	45	63.5	70	71.6	93	128	72.2	78	73.9	79.7	76.2	108	214	210	173	159	121	117	117	95.6	92.2	100	95.8	87.3	60.8	52	42.9	33.3	19.9	14.5	11.2	13.5	0	0	0.03	0	0	0.15	0.24	0.15	0.75
258	244	236	330	307	281	279	276	224	176	289	200	120	97.7	118	174	214	155	187	189	201	211	209	226	210	181	186	168	174	198	186	171	197	183	160	182	137	130	114	100	83.4	75.7	71.3	105	110	138	153	132	139	155	221	161	116	101	98.9	91.5	84.1	70.1	62.9	77.3	86.7	97.6	120	138	119	140	153	125	119	97.7	94	85.9	83.6	78.7	80.6	85.3	78.4	47.9	43.5	52.3	49.8	55.9	65.4	58.8	81.3	76.4	88.7	88.9	133	123	164	262	228	182	183	115	113	110	105	113	122	131	111	93.7	82.7	73.5	61.3	38.8	24.8	17	11.2	7.74	6.7	2.14	1.87	1.95	1.21	0.742	0.741	0
223	209	191	271	416	397	400	234	201	308	267	112	102	93.6	106	142	157	154	223	183	197	205	206	237	198	192	186	173	169	167	174	172	172	177	161	158	131	121	118	81.8	80.9	71.3	74.3	101	103	126	130	116	105	125	181	119	129	86.8	84	68.6	60.4	67.9	56.2	70.4	77.9	106	97	141	129	145	143	109	105	91.9	78	74.7	77.1	70.5	75.5	90.3	82.5	59.5	42.8	48.9	48.4	62.8	76.6	62.5	54.5	51	53.3	76.3	144	122	147	186	187	169	166	110	116	118	138	131	138	137	119	107	100	88.5	78.2	48.8	41.3	24.1	16.4	7.32	4.41	2.31	2.72	1.42	1.08	0.854	0.742	0
224	210	232	308	261	260	294	227	229	459	179	101	100	109	134	163	131	152	214	178	181	199	270	258	209	200	205	175	160	157	166	199	165	161	164	151	130	155	132	93.9	79.3	80.6	86.9	104	132	123	114	123	101	113	154	101	129	101	93.1	62	64.8	109	71.1	82.8	98.7	90.1	112	146	146	140	140	114	98.1	82.5	68.3	71.9	72.6	64.3	69.8	113	83.8	68.3	42.6	45.4	44.6	55.3	53.8	46.7	43.7	40.1	52.1	99.7	99.9	106	121	152	157	186	155	103	109	125	148	138	139	149	124	116	115	104	90.6	66.7	35.2	40.5	20.2	6.71	6.38	2.51	1.92	1.42	1.4	0.984	0.964	0
196	220	242	293	269	282	295	278	233	188	179	131	115	121	133	218	161	145	184	165	174	193	263	265	264	291	226	173	164	167	161	179	188	175	185	185	154	162	153	111	113	118	92.8	113	127	109	127	124	130	119	147	126	105	139	129	119	106	84.7	95.2	120	100	141	129	170	145	155	141	104	94.6	78.1	68.5	72	68.4	57.8	59.6	62.7	62.4	64.1	39.4	37.6	36.7	37.7	42.1	42.4	42.4	38.4	45	101	97.2	104	127	165	179	214	148	105	118	116	151	138	129	134	130	126	113	107	89	70.8	47.3	28.1	21	8.25	4.74	2.96	1.86	2.35	1.08	1.31	1.06	0
206	240	295	319	270	265	258	240	253	201	189	115	126	164	153	239	216	197	178	223	335	257	375	294	311	339	240	159	137	144	147	181	204	185	183	193	164	129	128	116	148	123	121	125	140	150	145	125	134	107	120	147	135	156	155	115	126	95.1	82.4	87.7	99.9	104	96.6	122	120	112	105	100	89.4	82.1	72	62.2	57.5	46.2	42.7	37	38.3	38.9	34	27.6	27	25.9	29.3	47.1	49	46.9	47.7	68.4	73.8	75	91.3	74.5	76.9	84.1	70.1	68.2	84	86.6	102	115	120	126	123	132	118	82.4	63.1	65.9	67.9	63	40.4	12.1	4.76	2.31	1.92	1.4	0.965	0.903	1.07	1.21
203	232	293	291	262	261	238	226	269	198	185	136	131	141	185	188	195	195	189	199	260	274	257	269	251	211	203	150	138	134	145	187	178	167	176	171	155	135	132	149	135	123	121	139	128	146	137	124	120	105	103	138	141	134	142	96.1	98.2	83.5	72.2	78.8	86.9	88.6	83.7	87.8	97.1	107	107	103	98.3	86	71.3	85	59.1	49.9	39.5	33.1	31.4	29.5	37.8	29.1	24.7	26.9	24.5	38	38.5	39.6	41.7	51.7	57.1	60.2	72.2	58	66.6	61	58.8	59.9	73.6	73.3	89.3	101	114	115	113	108	102	95.4	69.3	65.2	70.6	54.2	37.8	14	6.63	2.32	1.86	1.32	0.997	1.7	1.17	3
213	230	271	266	248	242	229	237	237	238	200	163	167	173	215	158	146	142	166	199	193	227	221	235	208	173	184	170	155	143	150	150	155	151	155	229	153	133	122	129	126	107	130	186	126	133	130	117	128	113	96.2	115	127	137	128	93	84.4	81	82.6	83	85	76.3	72.9	81.5	100	97.8	106	110	101	84.2	81	72.8	61.3	51.2	43.7	39.5	35.5	32.2	34.7	31.1	26.8	24.9	22.1	34.8	34	35.7	37.5	46.6	45.7	49.1	57.3	49	55.3	53.3	49.4	56.9	62	73.1	75.7	93.8	104	105	105	96.5	86.4	87.9	66.8	61.2	65.1	42.1	40.1	9.99	7.02	2.44	2.2	1.58	1.33	1.41	1.76	2.2
228	263	301	258	246	232	240	266	220	224	222	212	187	213	248	219	197	201	241	178	165	176	189	188	184	168	175	235	156	143	159	154	133	132	142	205	176	153	131	147	147	125	117	154	188	151	147	109	131	122	113	110	99.1	128	157	106	86.1	76	91.2	100	110	81.5	79.7	94.4	93	95.2	103	112	126	96.3	79.5	70.8	60.5	53.4	47	60.4	54.5	52.6	41.6	33.2	28.8	29.6	22.7	32.2	31	32.7	39.3	43.7	38.4	41.8	50.2	43.2	41.7	45.2	51.6	50.8	53	59.4	64.8	87.4	92.5	95	93.4	92.4	80	71.8	57.4	83.6	49.3	47.6	35.7	11.1	15.8	10.9	3.63	2.29	5.4	2.32	2.94	4.64
214	241	305	284	275	277	320	266	264	240	231	234	240	244	259	265	262	272	257	178	176	183	206	187	210	175	206	240	162	135	137	152	127	121	142	169	168	200	178	160	156	148	143	154	193	184	166	118	131	132	133	97.2	89.2	78.3	78.1	76.4	69.3	65.7	78.2	108	97.8	90.4	92.2	111	114	110	111	112	107	93.9	81.2	78	63.8	60	51.6	45.2	42.8	40.2	38.4	30.4	26	22.5	20	21.9	21.7	20.4	19.2	21.4	19.4	14.6	21.4	31.2	33.9	38.1	49.1	41	39.7	41.4	43	52.1	61.3	56.9	52.1	35.2	33	34.8	39.7	35.2	17.1	12.2	11.6	8.87	12.5	15.3	25.4	7.11	4.97	4.99	6.22	10.2
187	202	235	260	258	284	301	250	268	237	224	230	253	215	234	354	255	270	251	171	151	167	239	180	172	181	225	166	185	159	141	160	132	132	124	150	129	160	152	152	141	132	125	158	171	193	193	188	147	144	143	104	95.6	86.6	93.6	80.2	73.6	81	81.8	104	101	85.5	92.9	105	114	104	117	132	115	103	96.2	83.8	70.1	62.8	56	56.8	47.8	43	45.5	37.6	30.7	22.3	20.5	29.6	40	32.2	19	15.7	15.7	15.7	20.3	30.5	34.1	38.5	41.6	41.1	47.2	45.6	40.6	43.3	51.7	50.9	44.8	23.5	20.4	19.7	20.6	14.6	9.21	9.16	7.02	10.3	9.92	13.2	16.8	7.07	6.03	7.84	7.61	12
192	201	225	263	271	285	294	234	229	222	213	240	244	222	219	278	226	211	235	177	151	167	185	154	177	182	190	161	171	142	143	140	112	128	124	130	123	115	133	136	139	127	120	154	148	182	194	194	158	153	201	139	126	125	122	99.4	65.9	88.1	76.2	109	101	94.4	115	127	106	108	117	147	131	120	103	84.6	72.9	66.9	65.1	61.1	56.3	50.3	47.4	38.9	31.8	29.9	22.6	31.2	45.5	35.8	23.1	18.8	13.7	16	22.5	34.3	40.2	39.7	41.1	37.6	44.1	47.4	43.8	40.7	44.5	42.5	39.5	17.7	15.1	12.8	12.3	13.4	5.56	3.66	7.58	13.2	16.8	11.3	9.12	11.1	8.06	7.59	9.67	15.3
180	201	227	269	285	300	301	224	195	198	216	233	242	247	215	253	247	251	224	173	151	186	187	151	181	169	167	177	155	139	147	143	127	122	145	147	122	113	127	151	128	132	113	144	156	170	178	168	195	189	225	187	179	184	192	86.2	66.3	71.2	84.1	123	108	105	133	157	119	118	164	175	161	143	129	100	81.6	73.1	65.8	65.1	63.5	55.8	50.3	39.5	46.3	31.1	24.1	35.2	30	31.1	20.1	22.8	33.2	16.2	32.1	42.6	43.8	44.9	42	38.5	47.2	46.1	53.9	40.1	36.3	37.3	34	16	15.2	10.9	8.71	9.63	4.68	3.26	6.88	8.38	7.75	8.73	7.68	11.6	12.2	10.9	12.3	19.4
153	170	208	169	175	206	229	183	156	159	187	304	260	304	164	196	208	209	201	198	191	186	180	135	141	157	148	131	134	128	180	177	182	159	139	134	123	125	137	139	138	128	156	183	168	173	165	155	194	217	208	163	148	143	151	96.4	77.4	70.3	84.8	97	91.3	99.9	131	140	122	110	129	115	111	111	126	100	67.5	58.2	57.9	64.4	72.3	59.4	56.9	49.3	45.3	43.7	49.8	50.3	40.8	30.2	30.6	41.7	42.3	30.4	37.6	43.3	47.1	44.3	44.4	38.5	39.9	38.6	41	42.6	35.5	35.9	31	14.3	14.4	11	9.78	12.6	8.55	7.97	6.74	9.33	7.47	7.82	9.27	10	11.3	13.3	16.2	24.3
164	169	206	163	172	188	203	170	147	163	191	277	262	168	159	176	173	177	184	218	208	189	177	121	119	159	150	121	105	110	158	158	144	133	128	118	135	144	163	140	133	144	147	174	158	146	152	145	170	182	226	172	152	174	148	116	91.1	92	102	89.6	105	113	119	126	112	114	119	106	105	108	111	102	75.5	71.2	78.1	69.8	70.6	72.8	72.6	64.6	49.6	47.7	54.3	47.6	44.4	27.9	30.9	57.5	42.8	34.9	36.5	46.2	47.2	44.3	44.7	42.5	46.3	37.6	56.8	44.7	32.3	30.4	31.2	19.2	12.9	20.1	15.7	13.4	8.26	7.17	7.92	7.99	8.22	10.5	9.6	10.7	11.7	14.1	18.3	29.1
172	185	170	171	187	206	221	158	156	180	221	211	209	157	170	181	179	183	199	271	243	229	191	136	137	134	133	115	138	165	180	172	124	105	107	111	118	140	179	180	141	149	146	162	148	151	144	145	152	160	174	141	167	126	125	114	106	96.2	108	143	127	155	140	124	118	123	140	112	113	109	120	111	111	86.1	87.2	104	90.6	74.4	98.6	78	67.8	69.4	51.9	56.7	50.4	35.7	37.8	59	44.6	46.2	49.7	39.5	44	43.2	42.6	36.7	38.3	45.9	45.2	38.3	30.3	30	29	26.2	22.7	19.9	20.6	14.8	9.75	8.06	9.21	13.4	12	16	10.9	12.8	15.6	17.5	20.7	31.4
209	196	178	170	170	209	197	168	152	187	193	198	168	161	183	195	189	193	220	316	331	303	210	157	137	128	143	159	193	191	167	176	140	121	129	131	152	147	161	174	172	148	147	168	156	164	141	149	152	151	164	142	133	119	139	121	115	100	109	129	236	161	121	135	131	135	131	141	124	106	93	111	126	87.5	76	81	80	92.5	87.3	70.9	70	69.8	53.3	88.1	58.5	41.6	42	72	55.9	59.5	57.4	39.7	46.2	42.6	43.7	32.6	42.7	48.2	42.8	34.3	31.7	33.2	27.9	19.6	28.9	19.5	17.6	15.6	12.2	11.6	12.5	11.7	13.2	13.8	13.4	15.9	17.4	20.7	23.7	33.1
139	124	128	168	178	173	147	141	157	170	178	194	185	176	179	213	202	238	284	302	285	249	219	176	158	141	171	106	140	156	147	156	150	136	161	147	148	206	196	129	146	115	132	144	127	125	123	126	140	216	187	163	160	154	180	200	185	176	195	184	149	132	168	164	176	177	168	151	169	189	133	133	125	98.8	101	88.4	94.6	103	112	83.1	44.6	40.5	35.1	79.9	72.5	79.2	78.6	46.3	59.1	41.3	34.4	37.3	42.8	40.9	30.9	31.6	33.4	38	26	32.8	40.5	67.9	33.9	31.2	38.5	43.4	22.2	19.8	15.9	23.5	11.8	19.7	22.2	22.7	23.5	23.1	24.7	30.9	33.2	38.4
125	114	132	135	123	137	112	148	153	184	166	185	190	173	199	213	199	277	272	312	249	239	227	157	154	117	137	84	102	147	148	154	125	124	165	176	173	140	121	95.4	159	125	159	172	149	141	138	114	133	143	144	145	141	124	148	186	197	139	189	136	60.3	96	145	113	115	114	91.1	169	191	179	172	138	115	102	102	90.3	91	98.7	106	58.4	48.1	42.4	44.4	50.2	73.6	74.9	84.7	41.5	52.3	51.1	51.8	42.1	41.9	47.8	33.6	34.6	31.8	25.3	22.3	28.9	47.3	51.5	35.9	24.9	32.2	34.5	22.5	25.8	18.8	16.1	13	25.6	26.5	28.3	37.3	32.4	33.4	36.5	41.2	40.2
141	131	140	127	123	128	166	174	158	195	193	203	208	175	220	224	213	253	265	294	274	261	248	217	200	134	121	104	116	126	189	174	189	178	203	161	129	118	123	135	108	128	134	153	131	121	120	118	131	158	170	168	160	151	143	198	177	131	133	88.2	61.7	74.6	86.5	154	150	103	89.1	203	214	226	217	171	141	120	121	96.7	101	105	120	56.2	63.8	62.6	54.4	51	90.6	115	93.1	72.8	97.5	92.4	65.3	44.2	49.8	45.7	40.3	41.5	31.8	24.1	18.6	29.1	50.5	34.4	27.3	27.5	24.7	23	21	24.6	16.7	31	17.1	33.3	34.5	44.3	61.7	38.2	36.3	40.9	42	41.5
138	159	186	160	156	150	121	168	190	175	186	228	186	212	243	241	221	257	255	278	281	266	244	228	198	235	183	125	148	152	181	181	188	159	198	175	175	138	115	136	144	143	144	155	145	157	123	122	151	160	199	228	147	157	151	156	210	135	129	117	74.7	75.7	66.7	104	153	110	89.8	238	230	248	257	209	168	142	118	112	107	129	129	115	111	85.9	90	55.4	92.1	96.1	97.2	100	138	123	120	51.1	38.5	37.7	45.5	41.7	32.9	25.1	28.9	34.4	36.1	31.8	29.1	25.2	25.5	22.5	30.7	37.2	30.1	29	28.5	47.4	43.8	50.4	53.5	38.2	38.7	40.9	42.7	42.7
147	156	163	149	151	160	220	197	214	266	239	261	241	168	191	238	212	212	212	224	221	206	189	228	208	245	209	147	153	182	239	196	187	191	185	138	159	145	117	172	219	166	156	138	132	143	110	135	159	197	238	237	172	171	179	154	151	123	146	218	129	163	82.7	128	207	248	180	213	265	280	313	309	285	207	212	75.6	61.4	57.6	113	127	124	172	156	76.6	101	150	126	87.8	111	109	70.6	52.9	46.6	42.7	33.6	47.5	39.5	39.8	45	51.7	58	62.2	40.5	47.5	40.9	39.5	44.6	57.5	53.9	54.7	55.6	67.9	54.9	58.4	61.4	44.6	43.1	41.8	39.9	34
134	137	146	141	135	127	151	220	231	308	265	315	248	192	170	233	188	175	184	203	185	174	167	160	224	242	204	172	131	141	186	182	178	164	176	187	179	145	148	149	167	155	143	150	111	120	108	147	159	188	245	252	192	200	197	122	118	116	109	235	121	94	64.9	113	128	302	235	310	251	239	255	294	281	177	178	65.7	55.6	51.8	83.7	157	100	87.1	121	89.3	142	131	150	105	113	152	78.9	66.6	61.5	55.3	47.5	52.4	43.4	48.7	56.5	66.4	60.6	63.8	49.3	59.9	50	49.6	51.6	56.6	61.7	52.1	52.2	61.1	56.8	52.1	56	36.7	37.2	38.6	34.3	29.8
122	129	128	137	145	159	154	164	200	195	324	289	211	205	174	213	182	164	165	188	181	188	172	142	166	146	143	114	110	122	149	170	164	158	160	173	177	174	163	149	149	143	136	133	115	107	99.4	171	178	189	196	235	189	192	149	84.1	97.8	94.4	82.1	126	233	64.1	49.4	104	120	174	323	371	247	186	232	308	239	169	155	51.2	49.4	54.5	85.8	102	111	93.8	97.7	118	125	216	199	158	132	139	99.3	63.8	62.6	72.9	47.8	68.6	62.2	53.7	50.1	58.4	72.3	65.2	55.3	69.6	59.2	61	53.2	59	57.6	50.2	47.5	50	46.3	45.1	49.2	38.2	38.9	38.5	30	27.6
126	136	136	174	208	177	155	176	161	165	184	303	234	233	233	238	191	181	184	183	170	197	196	154	149	155	165	121	139	136	169	167	162	176	166	155	166	173	164	140	135	135	143	158	141	111	108	160	205	243	190	220	248	221	156	76.3	137	140	148	132	57.5	50.5	53.6	91.2	119	148	223	240	160	140	176	259	218	189	209	52.7	50	64.5	67.4	98.5	102	89.9	101	138	187	172	247	242	172	161	108	79.6	77.9	96.9	56.7	80.7	79.7	67.6	73.2	70.4	65.2	66	65.2	80.2	69.5	65.3	66.7	69.6	59.9	54	49.2	49	46.5	48.2	49	34.9	32.5	31.2	32.1	27
154	155	191	185	187	190	195	186	204	207	227	245	231	222	209	222	198	187	185	191	195	175	189	134	106	136	155	123	119	147	157	153	168	239	192	149	142	137	138	125	126	127	131	143	136	148	140	153	153	180	151	205	244	227	208	129	128	118	122	109	74	70.9	74.3	96.9	108	143	197	227	222	241	301	201	302	242	200	81.7	83.6	122	78	112	98.3	82.8	106	115	173	155	179	150	141	119	106	75.3	83.9	68.9	59.2	77	64.2	64.5	57	67.4	62.6	66.4	70.3	80.9	73.4	67.3	69.9	93.5	76.4	72.3	64	74.3	79.1	71.2	70.9	40.2	40.1	41.1	36.1	32.7
152	151	178	169	156	137	146	151	164	183	197	226	204	220	219	230	201	191	184	181	159	154	160	97.5	77.2	101	113	153	144	132	148	156	172	226	186	156	161	157	156	129	138	135	140	137	139	153	144	147	151	151	180	208	237	179	172	134	129	135	105	109	72	84.7	126	97	93.9	95.5	209	244	247	216	250	177	205	252	235	131	102	101	87.8	109	122	96.9	110	105	109	123	137	127	124	108	95.4	69.8	61.7	60.3	71.2	85.9	72.6	69.3	62.4	69.3	65.4	67.6	68	85.9	80.9	74.7	72.6	93.4	88.3	82.5	77.8	96.2	86.2	79.2	81.9	46.5	44	43.8	35.8	31.7
142	141	160	149	134	131	150	172	148	162	195	211	196	217	212	228	206	194	185	169	156	152	163	94.9	76.9	98	114	156	155	151	157	205	195	340	212	167	160	159	161	136	165	141	133	122	132	127	136	146	135	160	214	183	231	163	158	216	167	150	137	145	68.9	78.8	81	89.1	93.1	90.9	207	224	180	153	185	207	220	263	259	156	156	145	122	147	147	126	113	87.6	93	122	130	112	105	102	92.5	67.8	61.2	61.9	78.5	86.2	94.4	87.4	63.3	72.5	68.1	70	73	96.7	94.8	86.2	71.4	96.7	100	92	90.3	110	86.2	91.6	98.8	55.7	46.1	41.1	36.5	30.6
153	153	152	138	126	121	146	168	148	168	187	214	195	201	218	246	225	197	191	183	171	146	159	74.1	57.5	62.5	119	150	179	218	194	234	222	279	187	192	187	170	183	142	149	138	141	122	138	141	153	223	158	187	232	238	215	179	169	247	200	164	145	75.3	71.7	87.1	75.5	162	137	154	155	252	200	143	180	245	218	196	184	188	161	185	182	177	183	167	139	76.9	88.1	137	127	108	98.1	96.7	81.8	76.4	72.8	71.8	76	88.6	82.2	72.9	70.4	75.2	71.6	71.3	76.5	97.5	78.3	74.4	72.3	109	114	105	96.7	114	109	119	115	60.7	57.5	45.8	42	34.4
168	186	186	121	125	118	143	131	113	125	122	173	138	152	153	192	190	170	173	176	155	142	141	122	117	132	173	207	272	283	250	253	221	254	259	190	200	229	248	161	169	144	143	133	138	167	144	110	80.9	90.7	180	144	118	134	145	201	154	120	102	77	70.9	62.8	67.5	131	171	232	252	212	203	189	226	247	190	163	167	136	100	139	240	157	143	198	144	81.9	72.8	92.6	88.6	55	45.2	59.3	57.9	86.8	88.9	81.9	79.8	98	72.7	69.3	68.3	63.2	60.2	56.6	56	64.7	61.8	61.6	65.1	86.3	85.3	77.4	81.7	84.2	81.1	96.3	96.8	64.6	57.3	46	41	35.8
161	164	165	145	136	131	132	136	116	121	115	136	137	125	164	187	166	174	181	198	168	158	160	150	131	143	174	221	252	191	194	236	221	207	237	197	213	211	237	163	150	147	138	131	148	139	140	69.5	74.2	61.5	99.8	122	101	112	150	170	113	99.4	116	114	138	68.5	68.9	126	147	204	219	218	216	224	284	261	255	191	164	109	105	135	173	238	219	194	157	99.8	83.1	66.6	73.9	63	42.8	55.9	55.3	91.5	94.3	76.6	112	72	65.7	63.4	62.8	58	57.1	55.8	52.5	61	56.2	56.6	55.5	69.2	67.5	63.8	65.3	81	79.1	79	67.9	48.8	45.4	42.3	37.2	30.1
175	177	167	170	176	158	142	126	118	112	115	117	119	118	147	165	174	195	160	184	161	152	147	171	181	156	164	167	174	174	162	250	226	222	246	203	212	249	234	177	158	150	145	131	139	136	135	75.6	62.9	57.4	59.1	107	111	127	151	130	108	109	124	133	194	109	105	152	171	176	220	248	258	303	275	323	264	201	199	136	111	122	135	153	177	198	172	97.8	84.4	78.9	79.7	120	46.9	43.4	58.6	85.3	66.4	69.1	59.1	82.7	60.2	56.6	57.1	54.3	51.7	52.2	48.2	52.6	52.6	49.2	49.8	57.9	55.9	62.1	56.6	71.6	76.1	63.4	57.7	43.7	44.5	34	32.1	25.5
168	154	147	155	153	212	217	153	126	132	135	119	105	110	127	178	147	132	139	202	174	159	154	192	191	158	175	127	129	137	143	253	237	230	272	232	240	254	282	204	169	161	147	137	132	148	141	62.3	69.7	88.5	67.9	115	115	143	145	138	131	161	148	154	133	127	155	190	203	197	235	303	325	367	346	410	340	303	309	179	118	124	160	179	153	161	156	112	88.9	83.8	73.7	70.4	58.7	62.4	87	57.7	57.9	60.3	66	62.5	56.1	56.2	52.3	49.7	48	46.9	44.1	48.4	51.5	49.5	46.9	53.2	54.4	57	53.1	65.5	65.4	60.9	58.8	40.4	37.9	36.4	29.7	23.6
164	161	160	109	160	171	185	182	142	120	129	156	122	116	113	134	136	154	115	202	208	192	199	251	230	215	204	130	112	110	119	145	161	194	232	187	210	220	254	221	179	167	185	149	152	162	169	47.8	41.8	92.2	66.3	46.4	56	79.1	60.9	62.3	62.8	117	105	171	177	123	141	177	155	166	168	176	211	238	308	300	287	263	313	232	155	181	209	134	156	131	132	111	82.8	90.6	56.5	60.9	89.1	89.2	61.8	46.2	47.3	58.5	56.3	47.1	47.4	45.6	45.7	49	49.6	48.5	44.7	46.7	45.8	43.8	41.1	57.5	52.4	49	41.7	55.3	56.2	62.4	68.2	42.2	35.3	35.4	33.5	25.6
165	169	180	137	120	113	99.1	126	121	124	142	153	136	114	109	116	112	106	116	200	207	189	201	275	244	227	218	153	122	109	110	128	140	165	194	171	177	175	224	203	162	150	159	142	148	152	169	40.5	34.8	47.2	49.2	47.9	81.6	88.3	65.2	50.8	82.4	83.1	99.3	178	181	158	130	175	196	167	184	366	298	307	240	287	277	261	272	229	228	196	248	140	138	133	141	107	67.9	57.6	71.3	55.5	47.8	48.5	54.6	45.9	42.9	71.1	53.7	43.3	40.8	38.7	38.1	46.6	42.8	40.5	38.8	37.7	36.2	36.9	38.9	47.7	45.9	41	42.8	53.2	58	62.2	65.1	41.4	38.1	35.6	32.9	26.7
158	167	162	135	81.7	67.2	78.4	94.2	119	143	142	148	120	111	102	106	108	114	114	179	185	213	205	299	278	259	237	230	174	140	121	113	124	142	158	162	169	162	182	202	183	162	148	148	156	157	157	38.9	55.3	49.2	50.5	54.3	132	94.3	60	48.7	65.9	82.4	97.1	199	212	184	175	172	167	169	183	250	296	293	242	269	220	242	268	248	241	192	166	127	113	113	109	77	76.7	60.5	55.8	60.5	55.4	51.8	90.1	69.8	78.2	59.5	74.6	42.7	35.9	33.9	31.8	38	36	35.7	32.3	31.1	33.7	35.6	34.4	48.9	43.1	41.8	42.8	56.4	56	58	59.9	47.1	44.1	39	39	30.1
153	149	147	85.1	60.6	71.9	73.1	88.3	129	146	128	128	123	118	112	128	119	125	134	207	233	213	197	305	285	275	263	303	201	151	161	113	116	157	148	142	178	171	176	238	208	226	156	172	165	174	185	49.7	57.5	49.5	40.2	62.5	133	77.3	63	76.7	89.6	77.3	83.5	202	135	139	159	181	152	163	198	295	235	245	313	276	216	212	268	264	185	166	130	108	111	117	122	77	60.4	50.9	59.2	94.6	81	61.6	68.4	87.5	53.4	50.1	51.2	38.6	33.5	29.8	27.9	32.1	38.2	31.6	29.1	24.9	29.3	33.5	34.9	55.9	49	43.8	44.7	53.3	57.5	57.5	62.1	56.6	54.1	47	40.4	32.1
106	121	134	79.1	77.7	73.6	81.3	65.4	68.5	76.8	83.9	79	83.6	80	103	111	113	107	140	173	182	177	189	237	223	233	230	241	155	110	105	75.9	75.7	97.2	97.8	94.2	84.9	119	142	135	144	173	157	151	135	162	149	69.6	69.8	67.7	88.8	77.2	94.8	150	90.7	76.4	82.2	87.8	129	104	107	89.5	113	168	212	231	154	196	224	288	289	290	234	224	272	269	196	205	161	162	139	124	122	82.7	55.8	71.4	41.8	42.3	79.7	59.7	38	28.1	45.3	34.4	56.5	38.5	27.8	25.1	23.3	25.4	21.6	17.3	16.9	25.1	26.6	29.8	32.4	55.1	57.1	55.1	47.8	50.6	58.8	62.8	61.3	57.6	56.9	52.6	50.3	45
95.3	99.2	108	71.1	84.4	75.2	74	58.7	56.5	61.8	74.1	67.4	95.3	86.6	96.6	93.3	83.2	93.7	131	148	150	165	174	219	203	197	185	150	117	98.3	91.3	72.4	76.3	74.9	82.6	88.9	86.2	112	101	112	161	128	145	155	119	112	166	97.1	102	121	148	154	77.9	89.4	88.2	70.7	65.9	55.6	71.4	155	111	96.4	138	122	139	143	147	185	172	266	293	272	219	193	209	160	163	135	161	143	126	101	117	80.3	83.4	76.5	43	32.8	35.6	35.6	41.6	42.3	30.7	32.1	52	30.3	25.3	21.4	19.9	19.6	18.2	15.4	17.4	23.1	20	23.2	26.3	55.2	52.7	52.5	47.9	49.2	56.6	55.6	68.1	60	62.8	57.6	58.5	51.6
97.3	99.5	114	94.9	77.3	73.5	68.4	59.6	56.3	76.4	87.8	75.4	93	99.1	78	84	79.9	87	126	154	155	148	148	195	177	167	159	125	105	106	105	69.5	76.7	65.8	82.4	114	86.4	102	128	106	131	122	160	213	120	106	113	83.7	95.1	101	112	243	177	115	119	99.7	61.5	58.2	84.4	92.6	113	110	151	161	145	104	149	131	149	166	175	200	180	169	166	175	131	118	166	155	160	114	115	61.1	101	90.3	49.6	45.3	35.8	34.4	32.9	26.8	30.7	30.4	45.2	26.2	26.1	17.6	16.9	17.9	19	10.9	12.9	19.9	16.6	18.6	21.1	46.5	71.5	55.7	58.1	51.9	56.2	53	63.5	59.5	62.4	60.8	66.2	57.2
123	126	209	165	118	86.9	72.6	93.9	72.1	66.7	83.3	91.1	111	110	83.8	96.6	102	92	115	134	152	146	139	177	161	145	136	110	83.9	92.3	71.6	58	62.3	78.4	98.6	105	77.3	112	117	85.7	101	92.1	102	108	85.8	100	83.8	79.9	106	119	99.7	110	197	150	166	103	57.9	94.1	106	127	162	163	178	111	124	111	92.7	136	149	201	223	173	177	163	152	158	119	123	102	139	140	123	129	77.6	86.6	75.5	73.8	78.3	41.9	35.5	28.9	29.2	23	25.6	32.6	22.5	19.5	19.9	29.3	19.4	16.2	15.2	14.8	14.6	14.1	14.6	18.1	53.1	44.3	46.6	55.5	47.2	45.5	47.5	53.4	57.4	59.3	61	65	61.3
135	206	174	104	141	125	203	249	121	101	98.4	113	129	142	155	136	127	117	118	117	113	106	105	103	103	98.3	87	65.3	61.3	61.1	55.5	55	62.9	72.2	75.8	74.6	74.9	80.1	86.5	110	95.4	84.5	101	120	126	115	113	141	292	278	354	349	231	244	162	125	131	178	169	169	121	148	193	148	187	136	111	179	208	240	294	167	191	177	139	147	138	152	108	110	130	113	148	152	123	132	139	150	66.5	83.7	44.1	47.1	36.5	30.5	29.4	27.1	23.5	22.7	20.8	19.7	17.6	15.5	14.5	13.1	12.8	13.1	15	38.9	42.5	50.2	55	43.5	38.7	37.7	38.8	38.8	45.4	48.3	49	48.7
115	145	146	92.6	157	203	147	110	100	106	102	103	119	131	138	187	185	134	138	114	107	105	99.2	98.9	95.5	92.5	82	64.6	98.8	60.1	52.3	50.2	50.6	60.9	64.2	72.7	71.9	72.3	77.8	96.2	81.9	78.1	94.4	101	176	121	93.5	114	148	195	204	219	186	147	294	126	97.9	96.1	119	110	115	106	120	161	219	172	111	183	211	137	155	110	155	144	111	97.5	129	129	115	88.5	97.8	122	136	112	94.8	103	142	93.6	66.7	50.5	44.9	35.2	26.2	28.4	27.1	26.5	46	24.3	19.6	19.1	17.1	16.2	14.1	13.6	13.1	13.4	14.8	33.6	37.1	41.3	48.4	39.1	37.2	36.6	36.6	38.4	41.2	46.2	48.8	48
99.1	126	171	93.3	99.9	201	113	104	131	134	112	126	142	124	131	138	137	142	151	127	116	115	105	101	94.1	88.1	79.6	78.1	73.6	70	58.7	49	50.4	54.7	60.6	68.3	68.4	66	68.2	92.6	82.3	77.2	74.7	72.1	79.2	83.3	90.8	99.7	107	131	145	156	177	130	315	186	101	93.6	90.4	75.3	86.2	82.2	87.2	153	123	135	119	170	208	148	155	105	127	125	106	92.9	92.8	104	134	76.4	109	111	125	125	109	128	97.6	121	72.3	51.4	45.2	40.1	35.1	25.5	26.1	28.8	38.7	18.8	16.2	17.5	16	16.3	14.2	16.8	14.1	12.8	12.6	33.1	38.8	37.7	42.3	29.5	29.6	33.6	34.8	34.6	39.9	43.2	46.4	45.1
116	116	147	92.6	126	146	93.9	96.4	123	127	145	190	178	134	120	141	144	153	157	161	147	143	127	115	103	95.5	91.3	104	87.1	108	75	60.9	53.2	52.6	60.2	69.5	72.8	66.2	90.6	139	102	74.5	72.1	65.2	74	104	117	105	105	109	149	119	123	136	127	139	117	136	131	80.5	74.1	82.4	87.6	130	119	141	144	200	173	185	150	136	124	112	117	97	95.3	114	113	115	111	114	132	137	124	120	132	186	103	60	54.3	42.1	36.1	26.5	23.8	23.4	19.9	16.4	14.8	16.6	13.9	13.9	13.3	19.2	14.2	12.7	13.9	35.3	33.9	37	43.1	25.6	26.9	27.4	30.7	31	34.9	36.8	38.7	41.2
91.2	84.5	90.9	102	96.9	95.5	115	126	120	137	161	183	204	161	157	164	180	202	225	196	180	174	160	136	122	120	135	92.7	69.8	65.2	72	73.4	72.4	71.2	72	82.4	87.7	96.7	113	113	125	110	100	72.6	68.7	75	73.4	91.1	106	119	243	156	167	187	148	170	166	166	145	148	129	82.9	100	143	138	125	138	145	140	152	132	107	82.7	104	114	121	121	136	155	99.6	115	115	118	166	150	143	161	186	132	114	97.1	83	83	62.2	57	33.3	26.7	22.7	19.9	24.8	18.7	16	11.4	17.6	12.5	11.3	13.4	32.1	31.6	24.6	25.3	18.2	17	20.1	24.2	24.6	25.7	28.9	31.1	32.2
90.3	76	80.6	112	91.6	89.7	93.7	117	130	116	140	136	152	155	167	175	176	195	227	199	188	174	155	133	149	169	159	103	78.9	61.7	76.5	78.8	76.9	67	72.7	76.5	78.3	84.2	92.2	108	104	105	111	135	57.8	95	69.2	92.7	103	109	170	165	157	169	166	201	151	139	125	97.3	114	83.4	99.6	131	113	102	100	110	98.2	78.7	121	163	117	78.6	76.8	71.9	85	92.1	109	91.6	99.9	101	114	149	157	130	144	139	118	105	98.5	87.2	76.6	58.8	38.7	43.6	34.8	22.7	24	30.3	23.8	16.4	11.3	11.7	10.3	10.7	11.4	23.5	27.5	22.2	23.4	21.1	16.1	17.9	20	20.6	22.1	24	27.6	27.7
74.7	76.2	76.8	84.5	78	93.9	96.2	121	132	108	144	147	144	146	169	163	172	197	224	205	186	171	164	140	171	215	170	117	72.1	75	78.1	75.3	75	61.9	69.5	78.1	81.5	85	93	114	117	109	103	91.8	67.1	90.6	69.8	90.4	96	111	214	160	119	121	146	173	148	133	135	97.8	104	131	150	142	101	77.8	76.7	83.8	83.7	79.6	83.5	64.7	69.8	65.7	56.6	76	71.5	72.9	117	102	145	117	125	117	115	105	119	116	125	106	86.9	66.1	72.5	69.1	82.3	66.9	49.4	26.3	36.3	43.3	23.2	17.4	15.8	14.1	10.3	11.4	18.8	28	21.8	16.9	15.3	13.1	12.7	14	18.1	17.8	19.6	22.4	25.1	25.6
69.7	75	76.9	77.1	76.7	85.4	100	123	122	101	108	133	141	140	154	159	176	201	224	207	187	170	176	171	220	217	145	98.8	79.4	64.6	63.3	73.5	77.9	64.8	69.5	77.3	82.2	90.4	85.2	100	109	105	95.8	121	80.3	78.3	62	94.7	110	108	134	149	115	106	115	138	115	118	120	102	102	110	143	100	77.8	69.3	95.3	71.1	86.8	113	86.6	51.3	50.3	59.4	56.4	103	75	78	94.2	90.1	94.5	108	101	116	104	87.6	106	123	120	95.9	85.2	70.3	40.9	50.6	100	61.1	48.9	28.3	45.6	38.2	25.1	24.9	26.7	16.7	14	13.9	12.4	23.9	19.8	12.9	14.8	11	12.1	12.7	15.2	18.3	20.1	21.7	23.9	25.2
70.3	65.2	69.2	88	60.1	67.9	63.3	73.8	58	81	103	121	130	149	171	160	167	185	191	199	200	187	197	156	193	179	146	116	113	96.6	91.2	95.2	86.7	79.5	79.6	83.7	81.2	81.7	80	92.3	86.4	90.2	86	127	81.8	72.1	77.5	143	183	151	150	117	96.4	93.2	88.5	99.4	96.3	114	125	116	95.2	93.4	84.9	100	110	93.4	105	129	153	142	110	79.1	94.3	80.8	85	97.4	55.3	62.7	52.9	93.8	103	98.5	142	112	75.3	62	74.2	81.9	72.1	69.8	86.5	72.4	65.6	48.4	59.2	62.1	48.2	55.1	45.8	30.3	17.7	20.3	20.7	14.8	14.2	12.2	10.4	14.6	13.3	9.19	12	13.6	14.6	16.4	18.4	18.2	20.8	22.8	24.5	26.1
70.7	64.6	60.7	83.8	77.2	48.9	45.6	49.8	44.1	64.2	92.9	86.7	116	142	172	157	134	152	169	165	164	161	161	140	144	128	125	109	107	98.3	92.9	93.4	86.2	85	83.9	81.4	74.6	74.9	78.3	94.8	84.6	94.7	81.8	70.2	60.2	56.8	71.5	112	117	127	131	96.8	89.1	86.7	76.9	99	100	95.7	100	116	89.9	97.6	89.7	97.6	83.9	86	88.6	116	121	95.9	109	77	77.2	87.2	84.1	53.3	53.5	43.3	72.6	72.1	64.6	61.9	86.9	64.7	58.5	55.1	53.5	78.2	66.1	74.3	84.1	81.2	60.8	60.9	61.6	70.9	52.8	43.1	44.1	39.6	19.7	13.4	12.9	14.6	13.1	10.8	9.57	14.1	15	11.5	12.8	17.6	20	18.2	20.9	22.1	20.8	22.3	25.2	26.3
69.1	63.6	56.9	46.5	42.2	45.3	45.2	38.3	38.6	56	85.2	92	96.5	109	137	146	142	133	151	153	148	148	147	141	137	119	111	108	103	99.4	106	98.9	94.9	91.4	91.5	81.4	75.2	73.4	75.2	83.9	77.4	79.9	86	51.7	44.1	33.4	44	99.2	96.6	93.8	110	88.6	90.8	107	86	88	104	85.9	92.2	90.3	125	110	85.6	96.3	93	95.5	90.3	136	102	109	109	70.5	64.3	72	62.6	28.2	35.9	31.3	56.7	96.6	71.3	62.9	65.5	63.9	58	55.1	55.4	69.1	64.8	67.1	73	87.5	77.6	65.8	57	69.3	51.9	44.5	41.8	26.6	20.3	16.6	17.2	15.7	16.2	11.6	10.7	16.4	15.3	15.1	11.7	16.9	17.5	17.8	20.1	21.3	20	21.9	22.9	24.9
57.2	59.7	56.2	47.2	39.5	39.7	40.7	35.1	38.9	47.5	98.5	96.3	87.3	101	97.2	105	110	113	110	129	142	139	136	138	137	117	108	103	101	104	135	116	101	98.9	93.2	85.5	77.7	72.9	72.9	86.6	83.4	90.7	73.4	54.6	70.9	48.2	32.4	89.6	80.6	92.2	100	72	140	101	85.7	84.2	78.5	89.6	84.9	102	108	96.4	90.5	101	117	85.4	92.7	173	111	90.9	88.2	63.1	78.9	65.3	57.3	53	37.8	31.9	33.4	62.7	72.8	70.7	73.9	54.3	44.6	49.2	52.7	68.5	68.2	56.5	52.9	47	61.1	43.1	54.1	68.9	70.2	52.4	71.3	35.1	26.7	20.5	19.9	22.1	19.1	14	12.6	16.9	15	13.7	13.9	14.7	16.2	16.8	19.9	18.9	20.2	22.1	25.1	25.7
49	51.9	49.6	42.7	38.1	37.6	36.5	36.5	35.6	38.4	43.2	61.9	57.8	58.1	54.9	75.5	84.4	88.3	107	87.6	87.6	90	98.4	110	120	120	116	89.2	90.2	94.9	108	116	99	96.1	92.1	86.4	84.6	84	82.1	89.3	91.4	98.5	90.7	77.9	80.7	79.7	67.4	75.4	68.2	84.8	81.1	83	101	117	156	74.6	57.2	89.1	122	97.3	110	125	112	86.7	93.1	75.4	79.3	86.4	77.8	73.3	65.6	58.1	76.5	64.5	72.6	112	106	98.9	104	79.7	71.9	82	80.3	87.3	62.9	59.1	57.1	66.9	68.6	60.3	57.3	56.6	55.4	53.9	56.2	58.6	56.9	48.9	43.8	42.6	41.3	39.9	38.8	32.2	26.9	21.1	17.6	15.6	12.9	11.5	11.5	14.6	14.5	16.2	19	19.1	20.3	23.7	25.1	24.2
45.7	48.1	46.8	41.6	41.4	39.3	35.7	37.2	32.2	31.3	40.3	46	42.5	43.4	43.6	59.4	59.2	67.1	76.7	73.2	68.9	73.9	85.8	89.3	96.9	114	131	94.6	94.7	94.9	101	102	94.1	89	84.4	85.4	83.6	82	80.7	91.1	90.1	88.2	84.2	94.9	88.6	86.8	70.4	59.9	55.8	75.9	66.3	92.7	123	123	211	92.9	68.7	72.9	113	172	109	124	108	85.9	78.5	69	63.9	60.8	59.7	56.9	56.1	44.7	50.6	52.3	74.5	113	107	100	104	73.6	66.7	60.2	57.2	55.7	55.8	52.3	49.9	58.7	58.7	56.2	50.8	51.5	57.3	67.3	71.4	55.1	46.3	49.1	47.2	47.7	50.1	48.8	45	35.4	29.3	23.8	20	15.7	10.5	11	10.7	13.2	14.4	17	19.5	20.1	19.5	20.8	21.3	22
39.8	42.4	42.9	37.6	38.2	35.8	33.9	32.2	31	28.9	34.6	33	31.1	32.3	42.3	42.9	46.6	70.6	73.3	75.6	64.9	65.3	72	80.9	86	104	155	106	96.8	113	102	91.6	86	84.7	82.9	85.7	86.5	89.1	85.8	94.7	92.4	82.5	81.4	101	98.8	80.5	73.6	64.6	59	76.1	82.2	97.6	137	101	122	105	92.5	86.6	72.2	87.5	79.9	95.6	96.3	77.5	69.1	72.1	62.3	54.8	53.4	52.3	48.9	40.8	42.9	48.7	76.1	104	107	96.6	99.8	75.6	75.7	90.4	58.1	49	48.3	50.4	55.6	49.3	51.6	49	44.1	47.8	53	70	73.6	63.4	62.3	67.2	54.6	61.9	56	50.9	45.9	43.2	33.8	28.4	23.1	16.2	11.7	9.92	9.06	11.5	13.6	17.5	19.5	21.1	20.7	21.2	21.9	20.5
33.8	37.4	37.8	34.8	33.2	33	32.4	30.6	27.5	31.9	31.4	26.3	29	30.1	32.1	33	36.5	40.4	70.6	64.2	63.9	60.4	56.8	69.3	76.9	81.1	98.9	88.9	87.3	84.6	85.8	84.6	82.7	81.8	83.1	87.3	93.4	94.6	96.4	94.5	91.1	83.2	83.7	93.1	89.7	80.9	81.6	78	69	96.6	80.6	124	133	119	136	96.4	111	73.8	58.9	67	79.6	88.6	89.8	77.4	69.4	70.2	71	57.9	47.3	54.5	56.8	46.8	44.7	48.9	50.5	92.4	98.4	89	111	74.3	64.4	86.3	52.1	49.1	43.8	47.2	48.6	46	45.7	48.5	43.8	44.1	60.9	78.8	82.5	53.1	47.7	51.6	60.3	63.4	62	58.3	51.6	48.4	39.1	31.4	26.3	19.8	16.9	10.3	11.5	11.6	12.3	14.9	18.4	20.7	21.2	21.5	19.9	18.2
19.1	21.7	23.3	29	32	32	32.4	33	31.8	34.7	36.4	29.6	30.4	31	30.4	37.9	38.4	42	49.3	49.2	50.9	54	62.7	71.7	80.1	93.6	98.9	82	84.3	86.3	92.9	79.3	84.3	77.5	78.2	92.4	101	106	107	91.7	82.3	80	75.7	65.2	68.1	71.9	82.1	82.1	75.2	71.6	69.2	80.8	88.7	73.8	85.9	68.9	66	70.3	63.7	58.6	65	70.5	92.2	74.3	67.6	71.2	65.9	55.3	46.1	45	49.5	47.4	55.4	53.1	50.4	69.2	65.1	54.6	54.7	43.8	43.1	39	33.7	32.8	35.6	35.4	32.7	43.5	41.8	41	42.6	46.8	48.2	57.6	63.5	56.7	56	55.3	59.1	62.3	62.7	64.4	56.7	51.9	46.4	39.6	32.6	19.6	14.1	11.4	11.1	12.4	10.6	12.3	14.1	15.4	16.7	17.1	18.9	16.2
16.1	18.4	18.9	25.1	26.1	25.2	26.7	32.1	29	31.5	34	30.6	33.4	31	29.1	32.6	33.6	36	38.7	42	45.2	48.4	57	73.1	77.6	77.8	86.3	77	78.6	81.2	82.6	75.6	80.9	77.5	75.8	87.2	92.8	94.5	91.3	84	77.5	71.1	63.7	61.1	63.2	65.6	73.3	82	72.2	59.2	55.5	65.9	74.2	63	58.8	62.6	49.2	56.3	55.6	46.3	43.9	49.1	66.4	56.3	56.4	56.1	49.6	47.4	48.3	38.5	40.6	44.7	50	47.3	45.7	61.1	56.1	54	51.2	40.1	38.8	36.8	36.2	33.1	32.9	38.9	32.4	44.9	40.8	40.6	40.5	51	53.2	52.7	51.3	54.6	56.5	55.9	58.6	60.8	64.3	61.6	59.7	57	50.7	44.5	37	21.6	14.5	10.5	10.4	9.63	9.08	11.1	11.5	11.2	13.9	14.3	14.2	12.7
13.4	15.1	14.9	15.9	30.6	19.8	21.1	27.6	25.1	26.8	30	28.4	27.2	27.1	26.6	29.1	29.1	30.2	32.7	36	48.7	54.9	78.2	89.4	73.9	75.5	80.5	72.1	79.3	76.2	71.8	66.8	68.4	71.3	75.2	86.8	86.6	90	93.5	81.9	77.4	66.7	59.3	58.1	59.5	63.3	76.4	73.3	84.1	72.5	57	62.7	77.1	67.2	58.4	55.4	40	38.5	41.3	34.8	33.7	36	38.4	44.6	44.7	43.4	42.6	44.1	41.1	40.9	46.4	44.9	45.6	47	48	63.8	61	68.6	61.8	47	36.6	32	29.5	33.1	30.1	30.2	30.5	47.5	43.7	44.3	44.1	54.1	52.8	52.1	53.1	57.5	62.7	61.2	62.7	66.6	63.3	62.5	61.9	61.1	54.6	47.2	38.8	22.7	16.9	12.8	11.2	9.92	10.1	9.7	9.88	9.24	9.85	10	11.4	11.3
13.5	14.6	12.5	11.6	11.5	13.6	14.5	23.1	22.2	24.2	29.6	32.3	27.1	26.3	24.5	27	26.7	27.8	30.3	32.4	63	61.7	65.6	88.5	96.8	76.8	82.7	71.7	67.1	67	64.3	59.6	59.6	64.2	79.5	103	91.3	100	101	82.7	74.8	66.1	58.8	57.9	56.4	57.7	63.6	71.8	77.2	71.4	59	64.6	63.2	68.5	69.8	51.8	46.2	45.6	43.4	30.3	31.9	31.6	32.3	37.9	40.1	39.9	42.1	41.3	37.5	39.7	46.4	46.9	45.9	45.2	45	64.1	61.4	60.9	64.4	47.8	47.2	38.9	32.3	32.2	30.7	33.3	33.8	57.9	53.3	45.9	48.4	55.2	59	57.3	50.7	62.1	63.2	61.9	67.8	70.7	63.9	63.5	62.7	58.9	53.9	46.8	40.9	23.2	17	14.1	13.5	11.5	10.5	10.2	9.58	9.16	8.64	9.07	9.81	8.74
3.87	5.33	7.29	17.9	5.5	5.1	5.26	7.85	9.92	12.1	17.5	26.8	26.2	31.1	29.6	20.2	21.2	22.9	25.8	31.5	33.8	53.8	53.6	55.3	61.1	64	61	63.6	62.3	68.7	72.5	65.7	73.9	88	90.7	101	100	98.6	110	86.5	74.3	65	62.9	46.6	44.4	44.5	43.8	52.7	51	47.6	48.7	68.8	67.8	68.9	71.6	44.3	38	35.7	32.8	27.5	25.8	26.6	28.9	27.5	28.4	33.1	32.7	37.8	32.9	37.1	44.8	47.4	45.2	48	54.5	55.7	56.5	53.3	59.8	53	61.8	55.8	45.7	41.9	40.4	41.4	42	48.4	48.5	45.9	48.6	50.6	52.3	51.6	58.6	63.4	65.3	66.3	67.9	71	72.3	69.2	63.1	54.5	48.3	42.9	35.7	24.8	18	13.7	13.9	11.1	11.9	8.42	7.99	5.36	5.26	6.49	6.57	6.76
2.43	2.99	3.1	4.51	4.6	9.06	3.5	3.29	5.36	7.87	12.5	23	22.6	23.6	25.3	21.2	18.5	19.9	22.9	28.7	32.7	33.8	51.4	49.1	44.4	45.5	46.4	43.3	44.7	61.7	66	74.9	75.9	95.5	121	99.1	86.6	84.9	99.9	80.1	68.6	59.6	58.9	43.3	43.6	52.8	46.5	46.5	45.4	42	47.3	67.5	64.3	73	75.1	41.6	36.3	33.4	29.2	28.2	21.7	20.1	22.3	22	22.9	24	25	32	32.3	33.2	38.3	38.5	39.7	46	49.3	65	52.2	51.6	55.2	57.2	56.8	80.8	46.4	41.9	39.7	38.9	42.3	53	48.7	49	49.6	51.6	53.7	51.5	56.1	65.8	63.4	63.5	70	77.5	75.9	69.9	64.6	54.6	48.4	43	36	26.3	19.9	15.9	13.9	11.5	9.64	7.96	7.58	5.5	4.95	5.73	5.23	6.05
1.66	1.95	2.45	2.08	1.79	3.29	2.7	4.22	3.18	3.27	7.58	21.4	19.2	21	22.8	17.3	16.2	19.1	21.5	28.5	29.3	31.7	35.5	47.6	37.7	41.6	44.8	44	39.2	36	51.8	68.7	95.8	97.9	110	84.4	87	78.1	75.3	68.1	63.5	59.1	55.2	44.5	41.4	47.4	53.8	47	43.5	42	48.8	80.2	69.4	63.5	56.6	45.3	36.4	32.5	31.9	28.4	26.4	24.5	20.1	20.1	20.8	21.4	20.6	24.1	30.1	33.1	38.3	43.7	42.9	47.2	47.1	75.3	77.1	60.8	58.5	58.4	63.8	72.1	59.3	41.9	39	36.4	42.3	51.7	54.2	53.9	53.6	57.2	58.5	58.3	63.3	68	64.7	66	65.8	84.3	75.6	68	64.7	56.5	50.3	43.4	36.7	26.6	19.6	17.6	15	12.1	9.32	8.06	7.86	6.49	5.05	5.07	5.39	6.22
1.43	1.52	1.73	1.63	1.37	1.27	1.88	3.4	3.82	3.62	3.74	15.3	17.3	18.6	18.4	17.4	17.2	18.5	21.3	24.1	26.9	29.6	31.5	29	34.2	64.1	36.1	39.5	41.9	40	42.9	53.3	61.9	76.3	70.6	76.9	62.2	59.4	69	62	60.2	59.5	58.6	47.9	43.3	41.7	50.9	48.6	47.2	43.4	52.3	78.4	76.6	70.6	65.3	53	40.2	39.4	35.2	29.9	25.8	24.8	23.9	20.2	21	21.6	19.1	18.3	19.9	26.9	30.5	38.4	43.8	45	47.9	75.9	78.8	66.7	74	64.4	58.7	69.3	54.8	47.3	41	39.9	48.3	56.1	55.7	58.2	59.4	62.5	59.2	65.6	66	64.6	65.2	64.9	67	76.3	75.5	69.5	65.8	60.1	55.4	43.4	36.7	26.7	20.2	18.1	16.5	13.1	10.9	9	9.32	6.52	5.89	5.98	6.24	7.41
0.787	1.24	2.06	1.56	1.21	1.13	1.2	1.59	2.22	3.59	3.94	5.15	7.28	8.76	12.1	15.7	13.2	16.2	17.6	19.4	21.5	23.9	26.3	28.1	30.3	37.5	29.2	24.9	32.3	34.3	32	53.3	33.2	43.5	38.6	42.8	41.6	45.4	49.5	58	59.8	63.7	70.2	63.1	62.9	58.9	68.6	77.5	71.6	64.5	64.1	84.8	83.3	78.5	78.6	68.7	49	43.1	49	45.2	34.2	30	28.1	20.6	20.9	19.6	18.2	14.5	11.9	14.6	15.7	21.1	30.1	34.7	52.2	62.4	77.3	64.4	63.7	61.9	63.5	66.8	55	50.5	50.1	49.6	60	59.5	62.4	66	65.6	57.5	53.1	55.3	55.4	58.8	58.4	60	61.6	70.8	70.5	68.8	65.4	67.8	62.9	43.6	37.3	29.9	23.3	21.4	19.2	18.2	13.7	12	11.7	8.1	7.54	8.39	8.17	11
0.575	0.484	0.635	1.09	0.825	0.688	0.782	1.14	1.36	2.63	3.61	3.46	4.13	5.18	7.65	14.4	11.1	17.3	20	20	23.5	20.8	22.9	24.2	25.7	26.1	26.2	20.6	24.3	25.9	24.4	19.5	22.4	23.1	30.9	50.5	71.9	59.3	49.3	55.7	59.8	62.3	65.6	64.2	65.3	66	72.3	87.3	86.2	70.2	67.5	86	83.3	76.3	70.3	57.7	51.8	43	42	40.2	31.7	28.3	23.9	15.9	16.1	15.7	17.6	13.5	13.5	18.1	17.7	26.6	27.1	40.1	37.4	55.3	76.7	75.3	82.9	56.6	69	59.1	54.2	57	77.9	60.9	62.1	65.5	61.7	66.2	63.7	56.5	56.5	58.4	58.6	60.2	60.6	62.9	64.1	64.6	68.1	67.8	63	57.8	51.5	44.4	36.3	29.7	25.3	21.1	19	18.6	16.4	14.2	12.2	8.77	9.39	9.26	9.06	12.3
0.363	0.363	0.333	0.538	0.514	0.554	0.604	0.76	0.998	1.47	2.52	3.03	3.5	3.74	4.83	16.3	9.42	11.3	14.3	20	19.2	19.7	20.9	23	24.2	24.6	24	19.7	16.9	15.7	19.3	15.7	18.9	17	20.1	37.6	43.9	44.4	45.8	51.6	56.2	58.6	58.9	61.3	65.8	66	72.3	74.6	80.4	76	74.2	90.5	86.7	73.6	68.5	57.8	46.5	42.4	36.6	36.5	30.5	25.9	20.4	15.1	14.5	15.4	15.7	12.2	12.5	13.5	15.2	23.4	28.1	28.6	34.8	66.9	86.8	59.5	61.2	72.5	61.5	58.7	51.9	47.5	61.1	64.4	48.4	45.9	49	59	64.8	64.9	63.2	60.8	60.9	62.9	64.2	62.7	67.6	65.2	64.5	62.9	59.4	51	54.6	43.2	37.2	29.9	26.1	24.3	21.1	19.6	16.6	15	13.3	10.1	10.2	12.5	12.3	14.9
0.908	0.182	0.182	0.478	0.477	0.49	0.526	0.749	0.806	1.1	1.48	1.97	2.14	2.94	3.92	11.4	9.33	11.2	13.7	17.3	16.9	18.8	20.3	27.1	23.7	24.2	23.1	17.7	18.2	15.9	16.3	17.6	20.8	18.7	19.3	29.7	28.2	31.4	34.9	45.9	50.7	52	53.3	59.6	61.7	65.1	67.4	72.3	72.9	74.2	81	88.3	89.3	89	69.7	54.7	45.6	39.6	34.2	36.2	31	23.3	20.8	14.8	13.6	12.9	13.4	11.1	11.7	12.9	13.8	19.3	25.7	33.3	38.8	57.3	62.9	89.3	66.1	65.9	58.5	57.9	68.4	63.3	59.1	60.3	56.5	56.7	54.5	51.2	61.5	70.7	67.5	68.5	65.1	64.6	63.5	60.8	63.6	64.9	63.4	61.9	57.9	50.5	48.7	45.1	39.3	32.1	27.9	25.5	21.8	21.6	18.5	16.5	15.3	13.4	13.5	13	13	17.8
