121	154	208	318	346	281	270	296	256	219	218	224	222	251	253	270	210	213	226	200	176	203	253	249	188	200	214	185	180	218	163	140	185	181	204	192	201	163	171	217	247	260	192	243	240	166	151	117	91.5	103	66.1	73.4	79.2	69.1	65.7	83.1	96.2	103	90.5	109	127	110	143	111	117	108	145	205	178	158	168	132	149	173	245	200	180	119	87.2	80.4	66.6	115	55.4	26.9	19.9	13.4	15.2	0.27	0.03	5.61	4.77	5.52	10.5	19.4	23.1	16	16.3	11	10.2	14.2	16.7	34.6	12.9	20.1	22.4	39	44.7	41.9	48.8	58.9	48.5	48.8	66.2	83.8	97.7	75.9	92.8	83.5	74	72.3
167	230	279	314	380	369	306	262	230	247	260	267	278	316	347	294	292	238	207	213	188	196	219	244	188	188	197	204	232	251	184	143	205	180	171	141	140	149	168	173	130	171	159	151	151	138	103	75	64.3	73.5	62	53.2	50.1	51.1	39.9	31.1	36.3	33.1	29	43.6	61.2	71	64.5	86.9	64.5	81.1	127	77.6	66.5	60.9	74.7	105	104	98.4	184	142	112	87.8	76.2	110	61.5	44.9	48.1	45.7	55	31	37	21.1	24.2	22.5	23.2	1.56	0.24	11.7	10.6	4.38	13.3	10.5	12.3	9.09	12.1	13.4	14.6	30.6	39.5	24.9	31.7	28	21.1	21	22.8	17.4	35	56.5	59.2	71.7	78.9	60.4	53.7	51.8
211	268	303	306	414	367	326	261	251	256	256	279	322	317	283	276	321	273	230	225	260	255	221	197	211	229	197	191	205	216	156	137	172	170	143	134	90.4	80.9	97.9	144	125	112	122	120	103	97.2	91.4	62	54.2	55.6	51.8	49.9	46	37.7	40.8	26.1	17.3	22.7	51.1	48.2	55.5	65.8	50.4	59.2	39.9	67.8	76.1	72.7	72.8	72	82.5	92.5	85	96.8	90.4	148	98.7	82.5	65.6	120	120	71.5	77.6	89.7	76.5	78.4	81.3	22.7	21.8	22	22.1	0.21	6.93	8.7	3.78	7.68	5.13	1.41	5.13	8.52	6.54	11.5	13.7	12.4	22.5	26.2	18.9	12.7	2.07	2.25	6.21	5.46	12	24.7	28.8	43.6	42.6	33.7	45.4	41.5
272	293	271	277	321	303	267	259	252	244	234	235	278	255	234	255	300	290	243	217	246	257	224	205	184	200	217	195	212	179	168	179	217	196	134	113	66.4	62	86.3	74.3	90.6	77.9	90.1	84.3	78.3	89.3	69.6	55	48.6	53.8	44.3	43	36.7	33.2	39	23.4	9.43	6.72	23.7	48.3	36.3	34.2	24.5	34.4	56.4	89.2	80.2	71.7	77.6	76.3	80.4	88.7	87.3	82.6	85.3	68.6	79.1	77.4	56.3	61.7	129	115	158	107	70.9	95.5	93.7	33.5	29.9	25.3	22.4	0	1.68	5.25	0.87	3	6.21	4.47	10.3	18.1	3.66	1.77	3.93	10.5	7.89	12.4	9.48	3.33	0.66	0	1.05	0.75	5.07	14.7	20.2	42.5	37.1	24.7	23	9.36
307	298	290	318	308	263	263	274	273	235	243	266	279	287	276	304	301	313	275	224	189	235	219	186	167	154	169	188	231	200	185	187	180	141	94.2	68.1	57.3	70.9	59.9	48.3	58.3	44	60.2	64.1	57.3	66.2	48.2	46.6	61.5	38.5	33.7	39.5	38.5	40.3	35	17.1	19.4	15.6	22.9	24	18.4	22.6	27.8	54.6	68	64	48.7	62.5	73.3	78.6	97.8	97.4	88.6	80.7	82.2	82	61.6	53.2	63.6	74.8	61.7	87.5	95.7	92.2	85.7	140	71	35.4	37.2	29.5	23.1	0.09	0	0.09	0.06	0.21	0	0	1.65	7.62	5.97	3.84	10	5.49	7.11	0.75	2.4	0.03	1.02	1.47	3.9	5.28	1.8	13.3	13.5	15.7	17.6	10.8	11.7	1.8
331	330	316	315	268	254	259	229	203	244	253	251	298	265	257	312	298	301	277	238	200	264	273	185	130	107	161	216	234	222	254	212	189	101	51.7	45.8	41	46.6	61.5	54.7	52.9	55.4	48.8	58.4	59.2	50.4	37	55.5	61.7	52.6	44.1	40.5	40.8	41.1	40.9	34.2	37	51.5	37.1	27.7	22.6	32.1	23.3	76.7	91.5	52.3	53.3	60.8	65.1	62.7	64.4	63.3	59.4	55.3	48.7	59.5	51.8	27.1	31.9	27	32.1	57.7	83.2	85.9	106	121	69.5	35.5	34.9	31.7	24	3.36	0	0	0	0	0	0.03	0	0	0	0.12	9.21	0.12	1.11	1.32	1.95	0	0.48	0	1.32	1.08	2.22	4.95	4.74	4.86	11.2	7.62	4.86	2.94
299	296	297	271	284	234	207	169	224	270	262	256	240	260	271	291	298	279	257	234	239	247	235	210	176	117	136	183	206	199	198	106	95.7	133	47	39.2	43	55.1	58.4	53.7	55.5	75.7	47.6	54.1	67.9	48.5	43	53.8	61.4	54.1	42.7	41	37.6	37.9	46	32.8	49.6	51.6	36.4	33.4	40.5	50.4	41.6	78.9	59.3	51	111	66.3	44.9	46.2	51.1	51.6	63.8	70.2	47.1	69.1	69.9	40.9	26.1	51.7	59.2	75.5	65.4	80.6	83.4	59.9	46	45	47.3	31.5	24.2	18.8	0.03	0	0	0	2.22	2.07	0.03	0	0.03	0.06	0.24	0	0	1.32	1.26	0.09	1.14	1.32	0	0.48	3.06	3.39	5.37	0.48	3.18	4.56	3.39	1.47
249	267	282	239	248	254	208	178	213	293	285	284	260	279	287	274	317	290	289	271	267	234	221	244	205	187	184	193	231	191	151	104	92.3	121	73.1	69.8	59.8	55.2	55.8	59.2	46.5	70.8	47.9	37.5	62.1	58.6	48.6	61	53.8	48.3	45.5	41.1	39.2	38.5	41.3	34.3	41.2	44.2	37.6	44.9	39.8	38.1	27.6	43	31.3	29.4	58.1	50.4	54.6	41	41.7	44.4	53.8	46.8	33.3	36.5	41.9	35.2	30	67.5	76.7	69.7	70.5	77.6	51.7	41.7	50.4	41.8	38.1	33.5	25.3	13.2	0	0	0	0	2.22	1.83	0	0.03	0	0	1.08	0.42	0.15	1.29	1.56	0.15	0	0	1.05	2.73	1.44	0.33	1.14	1.86	0.24	0	1.41	0
244	259	270	224	221	254	223	181	221	265	333	375	327	302	314	268	255	261	275	226	266	247	242	237	246	243	234	252	293	239	167	128	110	103	93.8	104	86.3	64.4	54.6	73.8	56.3	73.2	85.1	59.2	61.2	47.9	51.9	66.9	52.9	48.2	49.2	43.5	42.5	44.2	40.7	44.6	51.1	42.5	43.2	42.7	28.6	36.5	22.5	23.8	23.3	21.9	27.6	36.3	37.1	71.6	62.3	53.3	67.4	78.4	26.6	23.7	22.2	30.2	50.5	40.8	53.9	46.7	57.3	63.6	60.8	50.3	41.5	26.1	31.5	45	21.5	0	0	0	0	0	0	0	0	0	0.21	0	0	0	0	0	1.14	0.3	0.27	0.18	0.06	0.33	0.27	0.15	0.33	0.09	0	0.15	0.15	1.83
245	230	287	223	204	246	208	147	172	277	315	294	322	312	262	222	278	281	264	208	218	191	211	214	232	248	241	283	276	191	160	162	124	160	115	125	141	76.7	53.9	72.7	67.6	93.5	116	110	87.3	62.4	60.9	68.8	65.2	61.7	63.3	46.9	45.3	43.8	62.1	46.7	50.1	44.1	48.7	67.3	74.1	52.4	49.4	30.8	44.5	40.4	27.8	22.2	25.9	47.1	61.8	57.3	54.5	47.3	38.9	38.4	26.9	23.8	23.2	25.5	29	26	74.1	99.6	89.9	94.5	79.3	20.4	21.2	21.4	15.7	12.7	12.1	10.7	10.7	0	0	0	0	0	0	0	0	0.09	0.24	0.3	0.87	0.87	1.62	0.03	0	0.09	2.97	7.2	2.04	0.27	0.33	0.15	0.15	1.41
280	239	248	208	239	302	260	201	232	401	350	263	295	264	258	257	287	248	227	199	207	177	165	181	198	203	237	255	242	185	199	201	131	164	150	125	130	88.4	59.3	90	68.1	101	133	135	116	116	105	104	90.2	105	59.4	56.8	55	49.6	54.5	52.9	58.8	48.4	44.5	48.4	53.1	43.2	39.9	18.3	42.3	57	40.6	27.1	25.5	35.1	31.7	30.7	30.2	31.2	32.6	30	18.3	19.5	25.7	35.2	54	61.6	57.7	64.8	87.6	78.2	51.2	43.8	14	13.7	18.8	12	11.4	10.7	10.7	0	0	0.03	0.06	0.03	0	0	0	0	0.09	0	0.12	0.06	0	1.44	1.32	0.18	4.8	2.4	2.52	1.77	0.57	0	0	4.41
332	247	260	232	221	216	200	187	265	342	349	273	258	219	229	232	234	213	225	190	228	208	186	187	199	200	214	228	208	169	142	140	152	165	155	154	118	80.2	77.4	93.9	84.8	139	131	111	161	156	135	141	93.6	85.4	65.6	61.1	54.3	46.8	47.6	60.2	66.2	49.1	44	47.7	49	77.9	77.6	43.5	70.1	60.4	69.1	25.6	32.6	39.1	20.1	21.5	23	23.7	25.9	22.5	19.9	19.4	30.7	29.3	44.2	59.6	64.7	72.6	87.7	91.5	80	43.1	14.8	14.9	13.7	10.7	10.1	9.27	8	0	0	0	0	1.77	0	0	0	0	0.03	0	0	0	0	1.38	2.22	1.98	0.9	1.02	0.9	0.81	0.63	0.42	1.56	1.56
304	249	228	167	162	241	200	193	260	298	271	250	262	246	268	272	236	209	239	226	229	218	210	178	216	168	171	133	144	115	112	128	127	125	99.1	117	121	86.4	89.4	93.8	92	152	144	137	188	177	160	136	93.2	96.7	85.2	62.4	55.5	47.6	58	54.2	49.2	38.3	47.5	51.3	81.3	55.7	88.3	65.9	60.9	46.7	44.3	34.9	35.8	24.4	18.6	17.3	23.6	20	26.7	29.1	24	28.8	22.8	19.6	20.3	34.6	67.1	79.5	55.2	60	68.8	33.2	18.1	12.3	10.8	8.72	8.2	9.42	7.1	0	0	2.52	3.18	7.95	1.86	0.03	0	0.57	0	0.09	0	0.78	0.18	0.57	11	4.56	0.45	0.42	0	1.38	1.71	2.19	4.41	3.57
234	206	189	164	170	229	249	237	268	286	308	254	279	264	293	288	273	249	252	216	223	273	211	135	164	150	139	100	94.6	86.4	140	171	115	133	134	130	84.2	77.6	80.3	90.2	76.5	110	99.5	143	189	145	132	114	104	87.4	65.3	66.7	67	70	65.7	54.4	54.3	48.8	52.3	106	80.5	65.8	52.5	116	78.2	84.5	83.6	41.9	35.7	19.6	19	12.8	18.1	21.4	21.8	23.7	18	20	15.5	11.7	16.3	50.8	66.6	57	49.2	31.3	29.9	35.5	14.6	9.99	6.08	8.24	4.71	4.28	3.77	2.82	0.635	6.02	9.57	8.22	3.51	0.09	2.16	2.7	1.56	1.08	2.79	0.69	0	1.83	10.6	5.28	1.44	1.26	0.42	2.49	2.58	3.24	3.57	0.54
228	233	217	211	205	220	259	255	256	247	237	224	238	270	251	249	271	332	332	241	255	284	198	168	167	169	185	145	110	136	192	182	152	110	128	109	78.4	50.5	57.6	75.2	85	107	84.2	149	224	131	126	116	98.4	81.8	77.9	81.8	76.4	75.9	90.9	71.4	72.2	57.7	69	106	51.7	38.1	56.2	81	87.5	123	86.9	31.2	21	31.3	26.5	14.7	14.9	23.9	15.1	16.9	13.2	15.5	12.1	1.79	10.9	22.5	40.4	40.6	38.3	46	46.3	31.3	27.5	22.2	9.12	10.6	4.53	2.91	2.57	2.25	0.382	6.65	8.05	4.68	0.24	2.97	3.48	3.6	1.26	5.43	3.15	0.27	0	0	2.01	2.28	1.95	0.9	0.24	1.47	2.67	1.8	0.54	0.3
202	261	255	191	192	200	175	229	235	201	230	228	294	270	246	210	249	349	318	223	236	224	200	233	182	185	184	168	143	201	199	122	154	105	114	92.9	79.5	102	126	103	80.8	126	156	130	146	102	94.9	92.3	93.6	96.1	92.2	82.3	84.6	90.1	86.1	79.7	70.2	54.8	64.5	126	125	61.8	39.3	43.3	37.9	148	62.3	14	16.8	33.2	24.8	13.6	12.7	17.3	11.2	3.8	10.6	13	9.75	20.6	8.12	17.6	9.25	20.5	25.8	52.7	38.9	58.5	52	46.8	38.8	30.8	6.8	2.08	2.16	0.416	0.429	6.56	7.32	0.18	1.65	2.43	2.85	1.71	2.34	4.2	2.22	0.27	0.27	0	0.03	0	0	0	0	0	1.29	1.86	0.33	0.78
234	240	197	180	183	170	190	196	190	147	159	226	223	264	261	197	249	274	262	204	201	218	229	161	135	156	148	125	109	141	152	119	113	81.3	61	103	134	155	175	158	129	142	165	162	147	103	77.9	97.5	105	107	88.4	76.9	85.4	116	93.6	104	77.8	68.1	74	91	61.5	80.6	22.7	15.7	38.6	90.5	35.1	27.8	20.7	29.9	27.7	15.3	15.8	16.7	9.6	5.06	7.38	16.3	21.1	41.3	1.51	1.4	10.4	32	39.9	45.1	44.2	43.3	78.9	77.5	48.2	35.4	2.95	1.97	2.61	1	0.713	6.61	7.61	1.08	1.05	2.16	2.31	0.87	6.12	0.51	0.36	0.45	0	0.3	0	0	0	0	0	0.72	0	0	0.06	0
218	210	183	240	231	249	224	226	217	232	220	204	214	196	252	186	212	231	253	204	177	192	161	187	182	162	138	126	118	120	112	111	102	93.8	135	149	196	175	191	153	125	157	172	199	176	112	91.3	103	94.6	82.4	67.6	54.2	84.6	144	108	96.7	73.7	56.8	62.7	96.7	96.7	69.9	62.7	27.8	31.3	44.4	60.8	14.8	21.5	21.2	17	10.5	12.9	8.66	6.05	15	13.3	20.2	19.2	21.9	6.99	18	45.2	49.6	60.1	57.9	32.6	36.4	49.2	36.1	17.2	5.9	0.416	1.52	1.04	6.32	7.95	11	11.9	0.15	0.12	1.2	1.98	0.06	1.35	0.06	0	0.45	0	0.06	0	0	0	0	0	1.56	0.72	0	0.81	0.36
225	190	230	281	240	208	239	304	263	282	258	197	165	136	138	181	179	140	196	167	143	164	191	221	198	158	149	175	167	167	179	155	149	134	167	212	222	201	175	150	116	116	127	153	130	111	115	98.7	80.3	76.8	64.3	70.7	82.3	68.9	73.1	74.1	68.5	56.1	43	39.1	31.9	18.4	18.8	21.2	25.3	17.8	105	25.4	6.95	5.55	3.62	8.89	9.37	7.4	16.6	12.9	2.44	5.58	1.97	25.5	24.4	44.9	48.5	31.5	54.6	58.3	48.4	35.9	62.7	41.3	28.3	18.3	0.258	0.577	1.93	8.33	10.1	10.9	9.87	0.54	0.84	0	1.41	0	0.63	0.87	0.45	0.03	0.45	0	0	0	0	0	0	0.06	0	0	0	0
177	192	253	279	205	173	229	286	286	277	244	184	122	125	139	144	128	138	186	175	148	154	183	201	178	131	133	219	211	249	301	237	204	172	207	290	237	207	161	138	149	126	163	167	137	98.3	94.6	78.2	69.8	81.5	78.6	90.5	70.2	48	87.4	60.2	70.2	50.3	33.3	37.9	20.5	15	21.5	23.5	31.5	31.8	88.7	47.5	38.4	11.9	1.37	7.08	15.1	6.04	5.03	2.21	5.61	2.11	1.9	6.67	11.3	16.4	37.3	22.1	33.6	35.7	16.4	24.9	60.2	36.3	45.8	10.1	0.366	1.05	1.46	9.2	28.9	13.5	14.4	0.69	0.24	0	0	0.27	0.3	0.66	0.24	0	0.75	0.12	0	0	0.03	0	0	0	0	0	0	0.03
175	245	246	282	225	207	231	272	285	226	234	202	178	152	144	133	140	171	164	162	147	154	156	223	182	161	162	232	218	239	253	250	198	179	168	226	192	160	177	154	161	139	151	155	169	115	114	73.8	72.4	80	87	63.3	53.9	66.1	73	86.8	81.7	80	43.7	36.4	39.6	21.6	15.1	29.8	22.1	17.2	65.3	50.7	89.5	32.8	32.1	22.6	7.14	5.32	1.63	2.17	6.15	5.4	1.89	28.3	1.42	24.2	46.4	8.38	8.8	7.94	17.7	24.3	38.5	21.3	20	11.9	3.02	12.8	10.5	12.2	13.8	16.7	15.2	0.27	0.03	0.15	0.18	0	0.09	0	0.84	2.55	2.55	0	0	0	0	0.06	0.09	0.93	3	0	0	0
174	219	207	250	266	218	200	193	228	175	180	172	176	150	156	138	142	162	152	169	137	132	149	208	168	150	189	210	215	217	246	290	203	225	177	163	146	130	134	140	120	120	126	127	162	136	99	80.6	60.1	69.1	79.7	47.4	38.2	66.3	68.4	98.8	89.8	87.8	56.1	64.2	44.1	22.3	10.3	27.4	24.2	13.5	31.7	85	71.9	46.1	14.4	3.56	3.64	3.8	1.8	1.76	1.75	7.61	4.84	18.4	11.4	30.3	30.2	44.9	8.59	5.63	6.18	3.24	8.79	5.2	12.4	12.4	34	44.3	30.6	24	24.9	27.6	26.7	26.8	26.4	23.2	21.1	18.9	16.8	10.8	8.98	4.09	3.1	1.35	1.35	0	0	0.09	0	8.43	3.66	0	0	0
120	171	216	265	242	223	220	202	209	217	174	139	157	166	152	107	129	123	140	159	181	142	129	139	134	134	173	138	159	171	231	230	218	207	154	106	97.6	95	110	129	122	115	118	108	107	123	110	71.3	68.2	66.9	56.9	43.7	78.6	81.2	79.9	97.8	116	83.9	63.3	54.9	19.5	13.7	31.7	38.4	13.3	17.6	52.2	50.4	59.4	47.1	16.4	14.8	7.16	5.38	1.73	1.7	4.45	15.2	8.8	7.82	32.1	45.6	21.7	15.8	8.01	8.43	8.88	10.1	6.7	10.9	17.7	46	80.5	34.9	33.3	53.6	37.6	32.3	28.2	27.7	26.9	25	21.6	18.4	15.6	11.9	9.25	3.7	2.4	1.35	1.35	0	0	0.24	0.03	3.6	0.33	0.03	0	0
127	145	184	209	195	189	181	207	236	240	194	175	154	160	159	119	124	135	165	169	191	144	118	125	127	123	124	131	125	135	187	210	177	167	142	104	105	122	139	119	125	110	109	116	106	121	156	125	115	111	60.3	61.4	136	76.1	81.2	109	100	104	102	71.3	9.59	19.3	96.5	92.7	22.2	50.2	81.8	28.9	54.4	39	12.3	15.7	12.8	1.67	3.41	7.18	1.67	7.21	4.33	10.7	28.4	25.9	14.4	13.4	8.43	7.74	13.5	11.2	14.3	49.7	51	41.1	75.4	50.7	57	64.4	63.5	58.8	38	33.9	31.4	29.7	26.1	20.6	16.9	13.7	11.4	4.12	2.43	1.55	1.51	0	0	0	0.03	0	0	0	0	0
94.8	136	169	209	203	180	165	174	243	231	178	213	235	202	116	113	90	105	133	143	153	129	141	157	165	151	142	133	128	141	181	169	146	183	190	199	178	175	191	139	114	121	111	134	101	88.7	132	172	131	112	80.9	90.2	104	69.1	99.1	64.7	63.9	70.2	80.3	64.4	35.6	50.6	72.5	76.6	36.4	42.1	57.3	31	39.4	28.6	8.56	13.2	16.1	14.4	12.3	4.13	1.68	1.66	6.88	15.9	16	28.1	15.8	14	9.23	12.5	25.1	31.7	59.6	67.4	60.6	54.4	87.8	145	129	112	104	79.4	59	49	40	34.5	31.4	25.6	25.1	18.7	13.4	5.11	4.24	1.89	1.66	0	0	0	0	0.03	0	0	0.03	0
105	136	132	187	236	160	133	149	238	221	192	209	274	218	114	101	94.5	136	126	145	117	119	138	156	177	164	148	158	117	144	150	139	153	176	210	177	148	147	171	134	118	132	120	113	81.4	72.6	83.7	101	86.2	101	130	127	99.8	89.1	63.7	32.3	36.7	59.9	58.6	82	44.9	19	44.3	37.4	26.6	17	28.4	34.4	36.6	16.6	8.76	23.5	24.9	19.1	20.3	13.8	12.8	14	11.8	14	16.7	13.9	12.9	7.39	11	15.9	26.4	41.4	90.4	132	137	137	242	219	267	196	245	113	72.4	65.3	57.3	54.8	45.4	48.9	47.9	34.2	23.4	13.2	6.61	2.92	3.15	1.15	0.81	0.286	0.168	0.0633	0.0456	0.0153	0.0153	0.06
180	133	166	212	215	195	164	179	313	270	226	233	251	204	156	137	154	116	125	160	148	139	151	135	162	138	109	132	113	140	149	127	167	162	145	119	100	101	144	136	119	125	131	139	125	112	80.1	80.3	76.4	112	145	110	98.4	105	42.2	36.1	52.7	108	102	77	27.9	20.8	23.9	24	18.9	18.5	27.1	19.6	17.4	5.09	9.55	15.7	18.5	28.3	26.3	22.3	17.6	35.9	14.1	14.3	13.9	13.7	13.5	12.3	35.7	59	43.7	31.9	39.9	97.5	137	150	212	138	184	163	162	115	64	59.9	68.9	75.3	80.2	72.3	51.9	43.5	35.3	23	10.3	3.35	2.58	1.12	0.623	0.202	0.156	1.17	1.02	0.0153	0.0154	0.39
148	144	156	235	188	203	141	176	272	305	335	265	208	169	196	221	173	130	137	151	147	128	113	106	117	109	104	130	121	130	150	142	169	169	155	119	104	89.7	129	152	150	140	126	127	106	130	112	79.3	76.4	80.6	123	130	81.6	58.7	62.4	65.1	78.2	98.6	111	82.3	28.5	23.1	13	10.3	8.33	6.23	19.6	13.3	7.03	5.02	6.85	14.1	17.5	23.5	32.5	33.2	31.3	38.1	37.5	14.4	14.1	13.9	14	19.2	36.6	44.4	33.7	27.2	134	46	76.5	37.4	29.2	27.9	35.9	75.2	79	79.8	71.5	76.5	79	86.1	99.2	68.5	57.8	59.2	62.8	60.8	24.2	7.96	2.94	1.23	0.788	0.263	0.207	0.0818	0.0514	0.0592	0.105	0.12
136	121	153	220	167	192	158	189	212	276	339	305	246	159	191	235	233	220	185	135	133	125	97.8	94.4	113	128	116	110	135	147	128	146	115	167	168	141	118	144	146	160	182	145	123	105	108	99.7	105	71	70.7	77.2	99.5	117	119	81.2	88.4	98.2	101	89.9	74.3	75.4	38.9	28.8	17	8.16	5.27	16.9	11	9.03	5.3	3.87	4.91	12.3	14.5	19	23.5	29.8	27.2	35.4	26.3	14.6	14.2	13.9	13.7	12	15.3	15.8	19.8	23.5	41.5	7.92	13.9	5.66	3.02	3.47	10.5	51.2	67.2	99	74.4	85.5	77.7	86.8	92.7	71.6	68.9	67.6	62.4	56.5	48.2	31.3	17	1.48	0.771	0.976	0.302	0.129	0.095	0.102	0.149	0
179	157	249	236	195	214	166	231	215	279	337	356	244	184	229	314	253	339	224	138	140	127	107	116	92.9	142	136	109	96.5	125	129	128	155	166	154	163	167	160	141	136	167	181	162	126	109	81.9	89.1	74.6	73.8	114	125	100	105	108	63.8	84.9	80.7	78.1	55.4	56.3	36.9	30.8	17.2	16.1	8.78	7.29	9.37	7.73	4.71	5.54	5.78	12.1	14.6	15.1	19.5	24.4	14.9	13.5	17.7	16.3	15.7	15.2	15	10.8	10.6	13.4	15.3	16.1	28.4	12.2	14.8	17.9	14.6	23.1	37.5	68	66.4	74.2	70.5	73.1	82.3	70.4	68.7	58.2	79.2	74.4	92.4	67.8	60.9	56.2	14.8	4.42	1.09	2.77	0.474	0.701	0.26	0.27	0.362	0.59
160	171	222	184	171	193	218	243	237	278	282	291	220	193	224	299	246	227	189	146	162	139	148	131	108	120	116	110	115	106	111	120	193	167	160	221	224	195	164	125	128	148	129	97.5	142	145	87.9	97.9	106	88.5	120	106	96.5	81.9	75.6	69.3	72.4	72.7	57.3	73.7	52.6	27.8	18.4	16.8	14.7	14.7	5.5	3.33	15.2	4.75	4.45	12.3	14.6	15.5	16	15.8	15.1	15.3	13.6	16.5	18.2	16.9	15.7	13.6	12.4	14.3	19.9	26.3	21.1	16.9	15.3	19.5	23.5	45.3	60.6	69.4	63.8	69.5	67.6	73.3	76.1	66.6	52.1	56	79.2	123	117	75.9	58.9	64.8	35.5	4.94	1.27	2.87	0.586	0.42	0.341	2.1	1.88	3.51
174	187	239	201	175	178	207	208	164	176	191	198	201	206	166	168	164	179	187	167	159	128	118	101	76.4	74.1	119	164	103	93.6	98.4	120	146	139	163	220	206	179	141	129	139	136	119	108	151	125	108	103	80.9	83.4	82.1	96.7	92	92.6	74.5	66.1	75.1	57.6	50.1	55.3	44.9	34.2	23.3	11.5	11.6	9.12	6.42	6.83	7.43	7.23	11.7	14.6	15.1	16.3	16.7	18.2	14.5	14.3	13.6	16.8	15.9	15.2	17.4	11.9	11.7	11.6	22	23.6	15.3	17.2	20.3	35.5	41.4	98.1	62.5	85.7	90.8	78.4	75.3	87.1	72.1	66.1	57.4	48.4	61	90.1	82.7	47.2	55.1	68.8	51.6	21	1.81	1.24	1.11	0.849	0.756	0.765	0.878	2.7
211	238	227	272	236	231	231	217	163	159	141	179	184	162	133	111	122	146	130	126	146	98.8	117	88.2	73.1	68.8	69.6	99.7	128	134	143	152	169	156	136	153	166	188	140	161	164	158	142	141	143	130	115	107	138	121	106	78.7	98.2	80.2	74.9	58.5	49.9	48.8	52.5	57.1	30.7	22.3	15.5	18.4	14.1	19.4	11.7	11.6	13.3	7.86	8.27	19.1	17.7	17.4	17.6	19.7	15	14.7	15.9	22.1	19.2	17.5	31.4	15.1	20.7	25.4	22.8	26.1	30.7	26.3	28.7	40.1	84.6	91	126	62.4	85.4	86.9	73.6	80.2	64	60.7	56.9	53.7	57.4	90.8	70.4	58.7	54.8	92.2	37.9	19.8	4.96	2.16	2.02	1.6	2.33	2.3	14.5	47.1
318	364	332	318	251	282	185	191	191	160	152	164	156	114	94.6	101	111	109	108	110	120	120	121	103	87.5	84	89.1	91.4	118	126	143	143	163	144	117	108	120	146	129	142	156	145	138	133	114	98.8	107	98.5	100	116	106	102	92.8	84.6	61.9	50.3	53.2	42.9	39.8	40	29.6	19.5	16.8	18.7	21.3	21.6	15.5	19.3	13.5	12.3	13.4	20.7	21.9	21.3	21.5	19.2	19.3	18.1	17.8	18.2	17.5	21.8	32	21.6	16	29	23.1	18.3	51.1	24.4	19.7	30.1	47	53.6	48.8	50.6	39.8	44.6	50.6	55.9	54.9	62.9	86.6	50.3	33.4	48.5	53.8	63.6	64.3	69.9	26.8	13.6	8.63	8.04	10.8	6.82	12	25.3	21.2	24.7
296	300	317	236	237	193	175	202	187	135	150	144	164	127	98.3	116	128	129	122	115	121	115	143	136	115	112	98	97.5	138	155	158	140	167	142	125	90.7	97.4	118	123	155	157	151	139	134	106	96.7	103	99.3	79.2	78.8	83.2	92.7	83.9	83.7	77.4	62.8	55.7	42	35.4	41.6	38.8	28.3	51.4	48.1	32.2	24.6	21.1	20.7	15.7	18.4	14.2	22.2	24.2	23.5	22.3	19.3	19.1	19.2	21.1	18.8	23.8	32.5	32.6	21	13.3	12.6	21.3	15.5	15.9	13.8	14.5	24	29.9	36.3	30.9	36.5	32.2	25.1	34.8	50.4	42	74.9	90.1	42	19.3	32.2	43	30.5	33.2	23.8	19.7	8.54	11.7	14.7	15.9	8.42	26.8	31.4	11.8	14.5
317	286	286	267	209	196	200	168	179	146	169	147	133	127	109	127	164	136	131	106	111	107	130	146	118	118	134	126	136	169	184	166	165	118	110	102	107	112	123	140	143	137	134	102	125	110	107	82.9	65.6	61.1	64.1	74.4	98.8	98.4	80.4	66.3	56.3	51.3	49.4	134	69.3	70.2	53.3	54.6	44.5	53.3	30.2	30	21.5	23.2	20.6	24.5	26.4	24.7	24	23.9	23.4	24.6	22.1	25.5	20.6	20.5	17.2	18.1	8.28	8.59	12.1	15.3	23.9	25.1	16.1	21.5	33.4	38.4	39.6	37.5	30.8	33	42.7	79.7	61.9	85.9	60.2	28.6	17.6	15.9	19.8	12	12.8	11.5	13.1	16.2	12.1	16.9	16.4	22.3	34.1	23.7	9.21	10.3
259	281	313	287	180	169	179	140	159	162	134	144	139	133	128	123	165	150	128	112	129	114	125	128	122	116	101	124	161	189	165	171	193	157	146	121	132	137	133	133	136	124	119	106	113	107	109	77.5	74.6	70.9	82.3	77.1	99	120	85.8	78.1	86.7	78.3	67.6	82.4	72.1	143	59.1	68.9	58.7	57.7	33.7	41.6	29.7	26.1	33.3	31.7	32.1	33	32.1	29	29	28.8	28	27.7	26.1	23	19.1	11.2	8.35	7.35	10.1	23.3	22.2	20.5	31.8	46.8	35.7	34	31.1	23.4	21.9	28.6	45.7	76.8	88.8	93.4	43.6	66.1	19.3	18.3	9.06	28	22.3	25.1	29.2	35.1	16.7	11.3	12.4	34.1	29.4	28.2	22.1	20.3
200	244	243	205	167	136	175	154	147	157	117	142	165	144	152	135	134	125	128	126	153	147	122	82	84.2	96.2	98.8	121	133	177	164	120	134	146	127	122	139	136	147	129	116	115	110	115	115	113	105	81.9	88.1	95	88.3	72.6	81.6	84.9	71.9	81.3	93.1	99.7	79.5	78.6	59.7	70.3	62.7	81.6	64.6	55.1	49.5	35.9	56.9	52.2	35	30.4	39.3	22.7	25	27.6	23.9	24.4	19.2	33.3	23.7	18	13.5	7.84	7.77	9.81	9.09	10.4	22.7	17.5	29.9	39.1	37.7	32.3	33.8	30.5	31.5	42.9	39.8	51.4	56.7	56.9	55.7	24.7	19.7	17.2	12.7	27.7	32	45.6	56.6	43.6	31.3	24.3	22.8	33.1	39.1	28.5	28	25
216	244	202	154	183	154	185	184	183	166	132	131	143	131	128	118	128	121	116	162	180	187	124	97	133	119	112	161	161	170	158	129	92.6	100	91.7	119	113	125	145	147	117	123	123	102	104	135	115	103	81	79.8	75.1	66.2	57.9	58.6	54.6	83.8	93.7	89.3	65	54.4	51.1	61.8	79.9	50.5	55.4	50.8	42.4	49.5	74.1	60.5	41.3	40.6	42	35.7	51	52.9	26.7	21.2	17.7	26.6	23.5	17	14.2	9.02	7.6	11.2	7.95	9.01	17.8	16.2	20.1	31.1	31	28.9	28.6	32.7	28.5	35.4	26.9	28.3	22.6	28.3	34.5	19.4	25.3	15.1	16.5	28.3	34.7	40.5	39	44.1	39.6	25.2	22.3	21.8	35.1	38	36.1	42.7
318	314	327	197	176	159	157	198	176	169	182	153	99.9	103	122	115	101	109	112	178	187	174	138	117	128	129	122	140	163	197	170	131	89.9	83.3	98.7	141	122	117	122	170	155	119	126	117	105	96.7	112	107	120	81.6	77.3	65.8	56.2	55.1	52.8	77.8	87.7	79.9	71.1	58.9	42.8	48.2	54.3	37.3	52.7	56.1	42	52.1	53.9	45.9	37.7	51.6	63.1	63.4	70.1	45.9	24.5	16.6	20.6	22.1	39.3	25.7	23.3	16.7	31.5	26.1	19.8	10	36.4	38.9	33.9	26.8	29	27.3	31.1	28	29.3	34.5	38.3	39.6	35.4	32.3	30.6	8.87	26	25.3	35.4	26.8	29.2	32.5	33.3	41.8	37.8	27.8	29.3	41.3	60.6	68.2	61.9	74
257	286	232	153	133	131	146	158	184	196	173	131	99.7	97.2	111	114	101	112	119	141	160	159	150	104	159	118	111	137	147	187	162	122	110	100	97	126	110	104	103	133	139	150	120	121	132	108	124	109	115	94.6	118	82.2	71.7	69.7	81.7	76.3	70.3	94.9	90.2	69.2	52.8	52.4	47.4	54.8	162	50	47	103	54.8	83.1	77.4	83.7	93.5	90.5	66.4	42.8	36.8	24.7	19.1	22.4	34.8	48.7	37.2	26.6	31.4	28.5	37.4	12.6	34.8	40.6	24.4	31.2	29.3	29.6	27.7	30.3	34.9	39.5	49.7	59.1	45	37	40.2	24.3	34	33.3	30.7	32.5	41.8	40.7	39.8	37.9	34	28.1	31.6	63.6	79.4	90.6	97.8	108
191	294	259	136	80.9	83.9	110	137	161	184	173	134	122	120	128	112	121	125	128	110	140	183	165	113	96.3	77.3	81.2	109	115	139	121	119	126	99	76.6	96.5	93.6	105	110	160	161	124	126	97.7	106	102	104	104	104	121	127	86.5	80.9	82	91.1	86	80.9	133	97.1	85.8	54	87.7	77.6	74.9	118	80.5	66.1	35.4	55.2	146	91.4	96.9	73.1	66.5	33.2	31.1	38.1	33.2	23.8	24	26.6	36.8	47.1	42.5	26.7	20.4	19.6	18.3	37.9	60.4	56.6	42.9	26.8	25.9	31.6	40.2	30.2	33.8	34.2	24.7	47.4	65.6	48.9	30.5	15.1	12.5	10.8	18.7	24.8	26.6	27.9	45.2	28	27.6	29.5	63.8	90	96.3	122	136
154	175	239	198	97.8	95.8	135	167	168	165	157	130	141	137	130	117	104	111	130	96	130	170	152	107	93.6	76.3	79.4	105	107	130	104	123	156	94.2	90.8	76.6	83.6	91.6	88.2	149	134	103	148	127	126	130	112	114	135	119	107	82.4	88.3	81	104	122	105	102	75.6	79.4	57.9	70	85.2	102	90	132	73.9	46	49.1	65.2	71.2	72.9	64	61.4	42.1	54.7	51.1	48	47.7	67.8	44.6	52.4	54.6	50	27.7	24.5	24.4	20.2	29.1	48.1	76.6	49.3	51.5	39.2	34.9	35.8	31.8	29	30.1	33.9	58.6	62.2	59.2	47.6	21.2	16.8	8.24	19.7	26.4	31.1	35.8	51.7	29.8	30.6	34.8	70	80.4	85.9	75	65
158	169	232	215	176	163	160	190	187	144	136	147	138	158	143	123	100	110	111	118	137	135	130	86.5	73.8	86.5	134	106	106	120	94.2	104	114	113	106	81	59.3	56.4	61.7	72.8	104	136	168	144	127	125	102	77.3	96.3	87.8	75.7	82.3	88.5	120	135	137	165	139	165	60.9	57.1	81.4	58.4	69.6	87.1	83.7	68.2	46.6	58.4	66.8	90.3	84.3	73.1	54	50.2	67.5	52.1	51.1	62.1	119	63.8	57.4	70.8	62.3	45.3	71.7	66	44.1	53.3	45	58.7	37.6	35.6	26.3	34.2	29.5	30.9	45.9	38.7	55.2	60.9	57.3	46.4	34.9	15.6	12.8	11.2	20.5	23.7	24.9	28.4	34.6	30	32.3	33.4	51.6	48.5	49.1	40.4	50.8
183	234	198	181	145	156	141	147	144	118	107	130	143	169	150	127	112	108	132	139	127	139	139	89.5	91.8	99	122	94.4	95.5	93.3	73.9	82	110	108	93.1	95.1	68.8	54.9	57.4	69	71	128	167	168	139	120	94.6	68.2	66.9	83.7	88.6	92	102	124	173	172	151	122	99.3	92.1	65	52.9	53.1	52.1	93.4	73.7	62.6	49.7	43	64.8	83.3	80.7	75.7	63.1	49.2	53.8	62.3	66.8	71.1	94.7	108	109	131	68.3	57.7	72.9	61.1	44.5	62.6	77.2	78.6	39.1	39.7	38.1	34.3	44	47	46.6	50.8	70.7	71.7	62.8	39.9	25.3	14.1	17.4	27.8	44.3	32.5	32	28.2	30.3	30.5	31.9	31.1	40.7	48.7	44	57.7	62
109	141	125	141	118	105	94.3	133	151	136	129	124	158	182	164	118	112	108	132	121	140	140	131	86	97.8	98	86.9	89.2	91.1	65.6	64.3	80.5	93.3	113	95	96.5	81.4	73.3	71.1	58.8	62.1	74	89.2	120	106	84.6	80.6	57.4	62.6	61.7	61.3	75.6	83	99.9	110	136	124	102	115	114	101	55.6	57.5	38	65.6	58.8	64.6	55	52.6	61.3	71.5	108	97.5	92.9	56	92.7	121	127	140	142	137	140	132	92.1	95.5	89.2	125	60.4	59.3	69.5	139	81	73.5	81.4	65.5	48.5	48.9	59.5	64	63.8	51.9	53.8	45.9	22.2	28.8	43.1	61.6	35.8	41.4	41.1	34.8	23	23.4	40.7	28	32.5	69.2	43	59	98.7
104	108	105	118	102	85.4	96.3	137	140	115	112	140	176	196	153	139	118	132	138	130	137	126	105	78.9	101	116	105	84.6	82.1	64.4	64.5	71.7	83	92.5	87.3	104	88.6	83.1	66.5	53.7	58.7	97.3	87.7	84.8	107	92.9	68.5	65.5	62.7	65.6	53.2	45.1	54.2	83.5	86.1	77.7	85.4	141	98.2	112	99.4	69.2	65.9	49.7	57.3	53.1	63.2	60.9	77.1	85.7	90.6	115	126	91.2	48.6	90.2	142	178	157	143	124	111	99.2	74.8	99.4	76.9	108	101	104	56.7	61.3	85.8	94.1	108	78.3	73.7	74.5	59.7	59.6	67.1	55.8	44.3	47.7	39.8	44.4	76.5	36.3	39.8	38.6	34	31.2	26.9	34.9	59.6	34.2	39.1	47.2	46	52.1	60.1
68.8	66.5	75.4	80.4	83.4	115	113	123	132	123	119	156	153	157	168	148	105	108	133	148	144	116	99.8	90.9	96.5	90.6	74.5	79.6	83	83.2	80	71.1	70.6	86.3	94.1	94.3	94.8	84.8	68	66.2	61.4	61.6	73.5	63.4	87.1	86.2	60.6	56	63.8	70	47.3	48.3	66.7	68.6	80	82.9	79.9	126	99.3	69.6	100	88.6	103	130	80.5	56.4	51.8	68.4	82.1	98.9	91.1	124	120	92.2	61.1	105	133	137	125	154	136	94.9	78.3	64.2	103	104	69.1	90.8	148	92	65.2	88.8	101	101	83.4	89.5	66.1	59.6	68.4	83.8	73.8	59.9	68.5	91.3	66.2	62.3	91.1	51.3	36.3	32.2	30.6	25.7	44.7	77.1	42.1	38.2	38	35.9	42	38.1
57	67.7	77.6	89.6	98.6	132	110	135	96.8	89.9	93.2	167	176	169	177	159	125	114	109	125	111	101	106	100	90	68.4	78.8	125	116	109	99.7	88.1	72.2	88.2	99.4	102	95.1	98.4	83.4	74.6	64.4	73.3	77.3	74.2	60.9	59	53.1	69.6	60.4	67.3	101	88.1	77.4	73.5	74.4	98.7	89.4	69.7	62.8	66.6	78.5	111	105	89.9	160	78.3	54.3	70.2	78	71.3	91.8	112	119	129	94	128	105	112	85.5	159	148	130	112	131	109	86.4	72.4	85.2	116	101	123	131	130	136	113	97.5	75.8	76.7	79.3	93	88.4	77.6	88.4	121	73.4	105	110	92.7	47.9	34.9	37.3	39.3	90.1	90.1	53.6	47.3	36.9	42.9	41.4	35.6
58.5	80.1	94.4	100	105	120	110	129	106	102	132	153	147	151	137	129	137	114	129	129	141	99.9	101	101	76.7	72.6	79.9	85.3	113	112	83.5	97.5	76.9	82.4	91.4	109	92.1	79.7	92.1	87.8	95.7	107	109	111	72.3	69	49.6	30.2	45.2	99.8	115	105	119	129	119	105	105	122	104	68.6	79.7	104	86.9	94.4	159	150	104	73	61.9	70	76.7	131	141	144	207	213	174	192	135	189	201	210	228	146	130	78.4	83.7	62.2	78.9	198	197	148	118	100	106	95.2	126	103	93	81	77	80.3	79.1	81.8	82.8	110	85.9	97.5	57.5	36.9	27.7	40	66.5	57.1	38	29.9	23.6	55.3	20.3	23.8
58.7	60.3	87.7	116	137	148	114	125	118	125	129	141	98.5	110	125	115	144	140	127	127	172	107	90.6	74.1	93	86	79.1	65.4	71.8	87.9	86.7	101	117	92.3	97.2	100	103	98.7	97.4	94.6	104	108	92.8	63.2	56	61.4	66.3	51.7	33.6	89.5	141	128	108	105	127	149	101	106	125	97.4	88.8	114	69.7	94.6	138	167	139	94.4	89.5	68.7	70.7	93.2	87.8	115	150	239	213	204	177	197	216	259	259	111	123	83.4	74.7	63.3	103	192	136	133	158	124	99.6	108	120	93.8	109	86.2	70.9	74.6	81.7	113	115	84.5	75.7	87.2	49.3	31.4	28.8	48.5	40.1	18.6	16.6	27	22.5	62.4	19	23.9
65.8	58.9	81.9	106	125	134	118	129	126	119	121	117	100	113	129	118	118	127	114	110	107	102	81.2	64.1	84	74.1	77.9	60.4	58.3	85.3	80.1	92.1	84.9	94.5	92.5	105	95.9	134	100	90.5	103	95.4	81.6	50.6	63	71.8	57.9	48	34.2	67	101	97.2	81.6	80.4	82.9	126	105	86.7	110	104	98.1	106	89.5	84.8	135	118	120	119	124	84.8	91.1	173	198	143	95.7	206	232	208	214	210	194	224	240	116	89	101	85.5	73	94.3	119	117	142	156	127	89.7	103	96.1	89.5	87.7	93.9	74.3	62.1	80.5	97.5	115	74.3	89.7	86.9	60.9	31.2	29.5	48.6	33.7	13.2	14.4	23.5	15.6	11	10.1	30.5
65.2	64.9	76.1	76.2	114	116	121	141	128	135	120	115	110	117	103	88.6	95.1	106	105	106	100	84.6	79.5	61.8	53.4	56.1	53.3	57.4	50.9	63.2	63.8	90.1	85	85.6	92	124	106	108	101	107	96.2	93.8	81.5	62.4	75	92.2	53	51.1	46.7	84.6	64	63	84.5	85.1	66.8	93.6	107	87.6	85.8	93.7	88.9	70.1	99.3	79.2	142	111	121	100	111	108	85.4	160	172	143	120	242	259	281	269	225	220	208	219	112	77.6	119	159	68.7	68.3	77.3	86.1	108	111	112	132	115	99.1	93.5	84.1	97.1	85.6	62.2	57.7	52.3	97.1	74.9	87.7	83.2	44.4	42.7	44.8	28.3	21.4	15.5	18.2	26.6	24.3	12.1	12.9	47.4
63.3	70.7	82.5	81.9	86.6	85.5	107	152	116	124	93.7	117	123	118	107	75.1	63.6	79.8	92.2	89.6	78.1	67.6	60.4	65.5	68.7	59.6	62.4	48.7	63	52.6	59.8	63.4	72.7	81.7	85.9	99.6	106	114	128	138	122	108	111	110	92.5	88.9	70.7	73.1	101	53.6	70.4	61.4	80	110	72.4	86.8	154	112	95.9	83.2	107	85.7	89.7	90.6	98.6	108	127	126	106	91.8	105	128	115	120	127	132	140	149	167	155	163	187	161	112	104	106	103	92.9	63.4	67.5	61.3	75.4	70.8	78	110	115	96.6	91	108	104	86.6	67.8	59	51.8	78.6	76.3	76.7	45.8	41.4	41.1	34.5	39.9	35.9	34.4	26.5	48.4	32.6	14.6	10.8	33.8
61.2	60.3	62.6	94.2	79.6	83.2	83.9	99.4	87.3	96.5	81.5	94.7	109	114	125	105	86.4	68.6	83.8	83.7	83.4	71.2	53.3	60.6	71	82.2	90.4	48	51.2	45.9	58.6	60.9	74.4	95.2	103	91	101	113	112	104	89.2	107	106	107	96.9	62.7	74.3	102	133	79.3	86.1	61.6	64.8	83.8	92.7	89.4	158	190	112	97.6	120	119	102	126	120	114	136	118	119	107	111	117	96.7	85.2	79.2	63.9	83.6	87.8	93.2	115	141	205	168	145	128	102	105	70.2	73.7	75.4	50	67.5	63.6	88.4	67.3	103	112	125	118	108	102	78.4	76	79.6	66.7	67.4	53.8	46.7	41.7	38	45.7	87.4	62.1	48.8	58.3	42.2	35.8	24.8	16.6	34.2
57.5	45.5	50.4	88.1	101	82.9	66.3	78.5	86.2	78.7	77.3	85.2	86.8	95.2	93.3	126	92	72.2	77.4	97.9	112	72.3	53.7	41.9	88.9	89.8	87.7	48.5	51.8	64	71.3	75.4	85.1	90.8	91.3	109	102	107	95.6	105	100	112	114	89.5	73.9	62	77.1	111	84.4	85.8	99.1	53.5	72.5	79	93.8	97.5	95.1	115	115	140	161	132	121	135	143	113	121	122	123	114	123	135	97.6	115	112	128	126	83.8	78.7	88	120	156	158	111	96.1	69.3	97.9	112	94	70.4	61.3	69.8	55.5	67.6	74.7	94.7	124	135	126	105	110	98.9	107	86	79	76.2	67	51.3	50.3	60.4	54.7	59.5	67	78.5	101	97.8	62.5	41.3	15.2	39.9
44.4	42.8	45.4	52.9	65.5	51.9	61.3	66.4	78.2	86	70.6	76.6	88.9	85.1	75.3	73.4	77.8	85.2	76.6	88.2	103	82.9	71	71.5	85.8	102	91.3	55.7	49.9	48.6	55.8	64.9	62.4	69.9	80.3	78.3	97	106	104	82.6	92.2	105	94	97.5	65.3	49.9	73.2	73.8	60.4	51.4	47.2	39	56.9	116	73.3	80.6	73.6	96.7	121	151	176	132	119	144	145	138	158	136	97.9	82.2	84.9	96.2	109	144	125	183	130	102	126	128	120	153	157	104	94.4	81.4	98.5	78.8	91.7	71.3	49.2	60.9	51.4	57.7	65.8	92.8	115	136	121	99.7	106	104	126	101	92.9	80	83.7	93.5	99.1	70.1	68.6	71.9	61.1	65.2	60.2	108	74.3	60	39.9	38.5
56	44	41.8	28.8	33.2	45.6	56.5	65.8	70.5	91.9	98.7	80.2	73.4	64	56.1	44	60	70.5	68.6	65	64.7	68.9	54.1	63	63.8	86	81.8	49.8	34.4	33.2	47.6	54.4	67.3	76.4	72.5	63.6	68.4	90.6	106	114	104	113	101	94.2	73	77	112	154	108	51	45.4	58.3	53.6	73.4	68.1	72.1	84.3	122	137	218	186	215	178	171	196	217	157	118	89.6	81.7	69	86	131	147	145	124	93.7	86.3	75.8	85	114	124	103	104	120	82.6	63.2	75.9	71	56	61.1	59.4	60.8	88.8	81.9	90.6	103	107	112	109	115	118	97.6	91.3	92.2	92.3	84.6	80.1	117	74.5	64	74.6	72.4	181	76.8	87.8	98.9	98.5	55.9	33.1
40.8	33.4	35.2	28.8	36.2	35	35.7	58.6	70.6	68.6	86.2	83	69.1	52.8	41.9	37.6	44.7	53	56.1	65.7	65.9	59.8	39.4	50.4	59	68.5	64.5	47.9	35.2	30.1	33.9	44.8	45.1	54.3	69.9	71.8	71.5	73.5	68.9	90.9	125	132	102	117	141	131	163	198	97.1	67.7	52.9	67.2	63.4	64.2	57.1	75.5	76.9	95.6	126	145	103	101	94.9	119	204	162	154	122	93.5	87.7	87.4	92.2	123	129	153	137	108	80.6	70.6	92.5	90.6	109	105	93.9	102	56.8	50.9	55.9	53.8	54	37.9	47.6	67.4	68.5	65.1	88.5	95.7	103	104	123	117	109	97.5	83.4	80.6	90	88.4	68	106	76	68.4	68.4	66.2	85.9	82.4	73.1	58.9	48	54.8	46.5
57.8	47.3	37.1	41.4	49	51.8	52.8	63.8	66.5	61.8	62	63.8	64.6	59.7	47.7	41.7	45	50.5	44.2	61	57.3	58.1	54.4	37.8	46.6	62.4	62.6	43.4	35.7	32.5	28.3	34.7	44.5	52.8	52.9	61	59.2	66.3	63.3	66	77.9	94.8	123	115	158	157	184	216	111	66.3	65.4	58.6	55.5	66.5	91.3	95.5	82.5	79.9	112	142	119	79.7	98	146	161	113	111	114	113	126	127	112	144	160	152	147	108	99.2	81.4	66.2	78.3	88.6	117	88.4	60.5	52.1	49.7	52.9	57.8	69.8	51.8	49.5	58.1	63.2	69.2	94.1	114	109	108	126	136	117	108	85.3	79.3	79.4	86.4	65.2	79.6	62.4	56.6	37.1	35.3	33.5	46.4	38.9	28.4	21.3	43.9	60.1
50.8	53.5	41.9	41	58.3	71.5	64.6	57.1	60.2	70.9	56	48.8	57.2	56.7	49.5	52.1	45.5	46.2	33.4	49.6	56.9	59.3	38.1	33.6	42.9	63.7	77.8	51.3	54.7	43.9	34.3	40	38.7	34.8	44.9	70	51.9	61.3	74.9	97.2	66.5	89.1	104	95.5	140	143	153	145	90	72.5	46.2	40.2	32.6	44.6	77.7	104	73.4	71.5	105	96.8	87.5	101	114	126	122	93	111	125	130	146	153	119	106	128	154	124	101	96.5	90.6	65.2	64.8	90.3	146	102	59	64.4	44.3	34.7	59.8	46.1	51	57.1	59.8	51.8	47.4	87.1	128	102	104	116	119	106	106	73.1	76.2	78	77.4	64.4	74.3	59.3	69.1	49.9	37.3	23.7	37.2	42	45.9	34.9	42.7	56.3
50.9	49.8	53.8	76.4	99.4	72.2	56.7	54.4	91.4	100	67.4	64.7	95.6	96.9	73.8	47.1	40.5	26.3	17.2	24	36.1	37.8	39.1	23.9	35.3	40.5	55	44.5	56.4	48.5	38.3	46	37.5	46.5	51.5	54.1	50	58.2	82.9	134	97.3	95.7	90	76.2	94.2	92.5	92.4	73.2	52.7	58.2	52.5	29.6	37.8	24.1	46.5	105	90.8	98.8	117	166	120	111	110	105	99.5	104	164	151	146	145	146	119	124	151	144	120	108	86.6	92.7	92.6	77.7	98.4	129	124	74.1	86.1	42	43.3	62	58.2	53.2	52.2	50.8	45.1	44.5	77.8	82	101	97	152	129	103	96.5	55.8	60.5	63.9	67.4	51.6	63.7	53	51.6	58.9	48.8	45.8	45.5	58.4	71.5	67.6	88.7	42.1
38.4	51.9	56.6	51.7	62.9	62	61.5	73.9	75.5	50.6	49.1	73.4	82.8	115	145	56.9	52	44.5	21.7	21.5	31.2	30.7	30.6	24	31.4	38.4	42.4	40.1	47	45.1	42.6	48.1	32.7	34.1	38.3	42.4	31.8	41.1	49.2	63.3	72	78.8	127	105	76.5	66.4	81.6	68	80.3	77	103	42.6	45.6	51.9	74.1	62.1	80.6	137	151	205	140	104	105	133	135	156	171	197	150	141	156	108	113	136	131	110	95.3	88.8	67.6	64.4	63.8	105	117	90.9	101	85.5	58.6	73	58.2	57.4	44.4	55.3	45	43.7	52.1	88.9	106	110	93.6	174	124	126	88.2	78.5	64	83.5	79.8	72.8	56.3	55.3	45.9	55.9	66.8	55.4	68	82.7	97.1	98.8	87.1	69.8
44.9	42.4	58.3	71.7	65.5	47.4	66.4	72.2	77.1	54.4	75.2	46.4	43.9	83	97.8	50.3	51.6	48.4	32.7	25.1	24.8	25	23.2	21.8	20.1	23.6	31.7	30.5	40.4	34.6	33.8	42.8	43.6	42.5	39.1	43.8	35.9	47.9	80	71.1	63.9	69	79.6	104	122	123	142	103	67.8	48.6	66.5	68.1	54.3	69.5	85.5	53.7	78.2	148	183	224	174	122	105	117	168	138	120	113	120	132	117	101	111	128	131	94.9	88.6	92.7	57.4	73.7	97	97	137	116	165	95.9	84.9	89.3	88.3	72	66	67.1	59	61.7	66	88.8	109	112	100	100	118	130	103	86.8	71.7	87.8	81	63.9	65.6	76.4	46.5	43.6	47.6	63.2	61.5	121	99.4	91.7	103	82.7
39.1	37.4	49.8	63	80.8	87.4	82.1	76.5	76.4	70	66.8	47.6	56.4	53.3	76.5	42.4	37	30.2	26.2	29.3	29.6	31	26.2	28.4	22.9	23.9	24.5	22.6	20.7	24.8	29.6	48.5	46	33.6	34.1	40.1	51.4	73.3	86.9	120	105	73.2	80.8	81.5	99.1	173	197	96.8	50.5	52.9	76.7	78.7	64.8	67.6	79.9	120	95.5	120	191	211	222	115	86.6	92.4	120	156	130	150	129	95.4	134	125	108	126	164	103	78.9	89	79.6	109	111	134	172	134	123	101	61.9	92.4	81.5	79.8	99.3	61.3	56.7	65.2	71.7	82.7	94.5	92	95.5	92.4	115	128	128	78.7	71.8	72.9	82.3	79.8	64.3	58.9	51.9	50.4	44.2	43.6	62.1	121	84.2	103	115	89.4
72.3	69	58.7	68.9	89.2	90.8	122	91.1	82.8	97.4	78.6	59.8	74	77.7	60	36.4	29.7	30.2	36.4	39.8	28.4	28.9	35.3	34.5	31.6	27.9	23.6	20.3	19.2	29.1	30.2	38.4	36	27.5	29.6	33	43.9	77.7	123	157	144	109	93.9	104	132	163	160	108	108	94.8	67.1	87.5	79.9	101	128	140	106	141	182	152	178	95.1	98.9	90.2	102	116	134	126	131	160	127	101	99.4	102	99.3	87.2	68.9	68.1	81.6	104	93.9	97.5	119	139	97.5	71.3	55.5	64.8	92.4	119	116	55.7	41	31.7	42.2	68.5	91.1	80.8	81.4	79.3	77.5	94.8	100	91.4	74.6	82.8	85.5	109	76.8	59.3	62.8	70.4	51.2	56.5	77	91.3	109	112	106	88.8
116	109	95.1	91.2	105	99.4	130	94.1	107	110	94.5	56.1	57.1	60.8	52.9	32.8	31.9	44.1	45.6	46.7	36.2	33.8	32.3	20.6	18.6	24	19.9	16.5	17.1	17.7	18.8	25.7	23	26.1	25	25.7	24.8	58.6	92.5	122	116	118	105	111	135	198	181	120	131	120	85.5	71.6	74.8	75.8	71.9	68.2	72.4	131	74.3	113	88.1	70.3	62.7	80.5	102	98.8	96.8	88.2	104	159	139	92.2	95.2	98.3	91.3	72.5	63.2	58	60.6	60.6	68.4	73.3	75.2	101	90.3	74.7	66.2	82.5	91	108	117	60.1	39.3	35.5	37.9	61.9	76.4	72.8	74.9	89.3	83.9	74.7	96	123	90.8	81.1	78.6	64.8	65.9	54.2	53.9	57.1	42.9	48.7	52	69.9	60	108	111	98
86.9	117	141	130	137	106	106	81.3	88.4	73.5	76.6	69.4	62.6	60.1	63.7	44.2	45.5	44.1	34.1	36.2	41.1	38.6	28.7	28	31.2	28.7	19	18.4	19.3	19.3	18.7	23.7	23.3	24.7	18.3	11.9	16.4	29.3	48.3	85.5	83.6	79.3	77.1	63.9	83.6	95.9	157	141	118	135	86.5	66.5	80.5	64.5	50.8	53.9	72.1	71.9	52.6	81.9	102	59.3	63.3	97.1	93.4	90.5	87.7	72.5	84.7	165	153	111	140	116	94.1	66.2	58.4	55.3	56.5	53.6	48.7	68.3	61.9	53.8	49.2	58.2	56.2	84.2	111	79	91.5	63	51.7	56.2	47.4	50.5	57.7	54.5	59.2	72.6	80.1	74.1	74.3	120	84.7	79.8	88.8	68.7	65.6	46	44.5	58.2	52.6	54	49.2	64	76	103	119	153
78.9	78.4	116	110	120	93.5	76	75.8	65	60.7	47	47.7	62.4	62.4	57.9	47	48	39.5	35.1	33.3	47.2	43.4	33.2	29.1	29.6	22.3	22	22.1	26.7	22.2	20.3	18.2	20.8	20.1	17.4	12.6	16	19.4	27.4	35.9	44.5	55.9	66.1	71.2	70.9	106	112	108	113	90.8	86	58.7	94.3	79.5	41.4	50.2	57	54.8	57.9	37.3	92.9	48.6	64	78.7	80.5	86.5	95	84.9	90.8	112	126	96	98.7	85.7	84.8	69.9	54.9	44.7	41.9	42.8	56.3	66.5	54.8	67.9	40	46	56.4	64.5	62.5	58	66.4	66.7	50.9	59.5	48.8	48	40.7	59.5	63.5	73.6	68	79.9	81.6	75.7	77.1	82.5	78.4	65.6	58.4	49.9	49.4	59.1	54	59.6	58.2	68.3	76.2	82.5	120	173
55.8	47.3	85.6	80.8	63.3	55.5	52	46	52.9	33	31	36.3	47.9	48	60.8	57.4	57.8	53.4	52.6	47.6	53.6	61.1	70	46.7	53.6	42.7	35.1	29.8	28.8	23.6	21.9	29.2	29.9	29.3	23.7	23.5	27.6	24.4	30.9	44.4	52.9	54.3	70.9	89	84.8	122	109	89.2	91.4	85.5	73.2	61.3	69.7	65	62.4	66.9	58.6	55.9	63.3	49.1	54.9	58.6	99	90	93.9	65.4	75.2	123	128	123	123	92.3	85.2	84	81.5	77	47.7	40.2	50.9	60.5	88.2	111	101	47.6	36.6	44.6	41.1	30.1	42.5	36.8	55.1	38.4	42.8	33.8	31.9	29.4	27.9	27.9	28.7	104	105	91.9	83.7	75.1	84	95.5	80.6	78.9	69.7	64.9	58.1	59.8	57.6	66.7	62.6	70.5	66.9	72.6	105	127
43.8	51.4	55.7	47.3	31	28.5	33.4	42	52.2	60	52.8	43.4	57.5	61.8	75.8	70.3	56.3	59.9	54.7	42.9	44.5	42.7	46.9	50.4	53.9	48.8	40.6	35	30.9	27.2	25.8	32.5	32.4	30.4	30.2	33.2	32	33.5	24.2	26.3	43.2	49.1	62.1	93.9	107	83.8	89.2	60.6	62.5	74.7	79.3	83.8	72.9	96.9	83.6	70.4	73.7	70.9	85.5	78.7	72.6	73	97.9	81.1	91.3	90.1	113	99.6	113	116	110	106	79.1	81.1	66.2	62.8	41	45.5	48.6	49	68.8	102	75.7	32.2	32.2	24.9	18.4	19	29.4	31.4	61.7	119	83.1	55.9	58.3	52.9	32.2	36.5	43.1	65.2	93.3	66.6	60.4	83.5	89.7	99.1	111	87	78.1	65.6	57.2	65.1	64.6	65.9	53.4	61.9	58	66.8	85.5	95.1
55.9	50.7	46.9	36.6	23.6	20.9	25.4	27.5	46.7	66.5	60.4	45.3	50.1	71.1	80.1	75	59.1	51.9	51.1	48.2	55.4	54.7	46.7	48.3	42.9	45	39.7	35.4	30.4	34.9	41.6	32.6	31.4	30.5	30.4	46.7	36	39.1	29	24.2	29.5	45.8	61.5	78.5	96.7	85.9	100	80.6	68.8	69.6	93.1	87.5	80.2	84.6	84	71.6	87.9	83.7	90.8	77.3	103	108	146	118	83.3	70.6	79.5	66.8	54.5	71.6	81.5	99.2	96.6	72.6	53.4	45.2	36	53.3	32.1	23.9	41	68.3	50.8	24.2	31.6	25.8	24.2	20.4	15.1	20.8	29.9	33.1	85.1	86	47.1	34.8	53.9	32.9	40.6	63.8	52.2	62.3	85.7	81.8	100	142	119	92.1	83.9	75.4	59.7	63.8	62.2	64.8	51.4	59.9	55.3	55.9	66.9	93.2
35.8	36.6	41.5	33.1	26.4	32	34	27.8	50.1	71.7	83.8	63.3	46.1	47.9	59.9	61.4	57.8	43	41	41.5	43.1	51.5	51.3	41.3	41.6	40.4	44.3	38.4	34.5	45.3	42.7	42.2	37.8	35.1	33.1	33.3	29.8	37.6	32	39.2	36.3	51.8	69.9	68	86.3	102	99.1	74.2	70.7	82.8	84.1	81	67.5	65.1	57.8	54.7	75.9	79.2	100	104	97.6	129	146	140	89.6	45.9	56.8	42.5	45.9	61.8	58.5	74.1	77.5	59.5	42.5	36.8	33.5	55.1	21.3	16.1	17.1	51.6	42.5	26.9	29	25.8	22.4	19.3	19	22.1	18.8	35	38.7	30.5	27.4	19	23.4	26.5	68.8	52.3	37.9	70	114	96.8	99.4	99.6	102	90.6	81.8	67.1	58	62.1	55.4	69.1	58.9	68.8	62.8	64.2	76.1	97.2
26.9	27.2	38.3	45.2	27.6	39.8	30.5	24.5	24.1	48.4	67.9	61.7	63.5	52.8	58.8	56.4	39.1	33.4	35.4	44.4	40.3	44.4	43.2	40.1	38	37.6	43.6	55.9	59.4	50.2	51.5	59.2	50.6	48.1	47.2	37.9	36	40.2	45.5	40	38.9	41	43.1	39.9	65.2	78.2	98.7	83.5	78.2	74	81.9	75.4	69.1	68.4	72.4	76.2	92.1	72.8	76.9	109	128	170	169	123	92	70.9	66.7	60.7	63.8	74.8	65.9	74.2	65.2	48.4	46.1	30.2	46.4	46.4	35.1	37.3	25.2	52.3	46.2	61.2	80	59.9	67.7	28.8	28.6	36.3	35.9	38.8	36.7	13.9	19	18.1	19.1	41.5	42.8	36.9	38.9	46.7	72.6	69	61.5	68.6	66.2	59.3	66.1	66.8	57.5	70.2	68.3	71.9	66.8	83.7	67.9	69.9	92	94.2
26.2	24.2	25.5	39.2	48.2	33.9	21.6	13.1	11.5	18.7	33	42.4	67.1	77.4	70.5	56.9	40.4	32.7	34.1	39.3	33.7	33.2	36.7	41	38.2	39.8	51.6	67.3	74.7	67.6	67.1	71.8	63.4	56.3	51.9	41.4	41.7	44.3	42.9	41.5	45.5	34.5	32	26.7	36.5	57.9	70.4	71.7	77.6	71.4	81.1	90.2	95.9	95.7	84.1	92.4	82.6	58	55.5	65.2	85.4	102	117	99.6	100	98.6	112	99	96	83.9	70	69.1	53.8	39.9	43.5	38.8	38.7	52.2	51.3	41.8	37.4	45.8	44.8	61.7	71.1	40.5	63.6	36.6	35.3	47.8	32.6	21.9	12.6	15.2	22.6	20.3	21.1	49.8	26.3	32.9	69.8	25.8	39.2	47.5	70.2	68.4	55.5	46	49.1	59.1	51.9	59.7	62.8	66.8	68.7	70.9	67.9	74.3	73.5	87
25.7	24.4	22.5	17.4	19.1	19	26.1	18	12.6	17	25.5	26	31.8	44.9	52.7	52.6	52.5	40.7	33.3	36	32.3	30	33.5	36.8	36.5	42	49.5	57	56.9	64.2	73.4	74.6	66.9	63	57.3	47.1	44.6	42.7	42	43.5	34.1	28.9	28.7	38.4	57.9	63	87.9	85.1	94.6	92	95.1	88.7	139	93.3	83.7	86.4	72.4	68.2	55	47	50.7	60.2	67	68.4	82.5	93.6	95.1	104	87.9	88.5	117	92	64.2	54.9	47.8	47.1	50.5	51.4	66.2	59	53.2	45.5	82.5	76.3	53.9	59.2	61.9	39.2	34.9	34.2	30.5	12.7	10.5	20.4	21	28.5	28.2	27.9	21.4	17.4	27.8	33.6	31.6	45.2	62.8	57.6	43	47.1	49.2	51.9	44.4	60.9	54.4	45.3	52	56.9	60.4	69.7	69.5	76.7
23.3	25.1	21	15.8	19.7	26.6	29.4	19.3	16.3	24.3	35.4	31.2	22.7	27.6	23.2	30	36.8	33.4	30.3	35.4	37.3	30	32	35.3	36.7	38.3	44.4	48	52.8	57.6	60.8	65	67.6	64.2	60.2	56	46.2	45.2	42.1	35.1	31.8	29	33.1	66.1	65.9	71.3	101	86.4	89.4	88.4	106	80.3	71.9	72.7	73	73	65	74	59.6	80.5	52.5	41.9	65.9	66.2	52.1	72.8	101	99.6	95.4	132	141	129	95.6	62.9	53.6	49.6	71.1	20.7	41	58.8	82.9	58	79.1	74.2	73.7	74.5	80.8	48.7	42	36.8	38.6	18.6	15.2	22.4	17.2	35.3	59.7	41.3	33.7	20.4	26.7	34.5	27	37.7	45.8	48	48.8	50.6	48.9	47.2	51.6	50.9	48.8	47.6	54.4	67.1	63.5	67.9	76.5	71.9
23.2	22.8	22.5	18.7	17.4	19.9	19.7	17.5	13.6	14.1	16.4	24.8	22.6	20.1	19.3	21.1	18.7	19.1	20.6	23.7	22.6	22.3	25.2	33.7	36.9	38.7	50.7	45.2	47.2	57.6	58.5	57.8	57.6	58.6	55.3	55.9	47.7	47.4	50.4	44	37.1	34.4	36.9	56.1	68.6	88.6	76.8	64.2	72.3	70.7	67.1	66.8	72.4	77.1	76.6	59.7	63.7	76.6	95.5	84.2	101	108	111	79.3	66.4	91.8	101	72.4	77.9	97.8	113	98.7	90.6	64.9	57	51.3	48.2	29.7	35	52.7	47.7	41.4	55.1	63.8	78.9	65	65.6	71.7	64.1	45.9	47.2	28.3	20.4	18.2	15.3	23.9	65.5	78.7	81.7	53.7	35.2	32	30.9	40.7	45.3	49.4	48.9	43.8	43	37.8	40.6	48.4	43.1	40.9	42	52.1	63.1	61.5	63.4	71
22.3	24.4	26.7	20.3	19.8	19.8	18.7	15.4	14.3	12.7	18.7	21.2	19.5	17.7	19.3	23.2	18.2	20.3	20.4	22.5	21.5	22.5	24.8	38.9	42.4	43	42.8	48.8	50.4	55.1	57.3	55.4	54.4	54.1	51.9	53.4	48.2	47	48.4	50.2	53.5	39.3	45.4	42.1	95	91.4	64.2	55.4	52.8	58.9	59.8	40	41.8	75.8	69.1	55.7	63.1	92.4	101	97.5	126	140	143	100	81.4	76.1	84.8	70.1	72.7	101	108	84	80.6	68.8	60.7	41.8	37.3	41.2	53.6	58	45.1	46	59.6	66.6	74.1	56.7	73.4	65.7	68.5	46.6	40.5	38.3	33.2	27.5	17.6	22.1	31.3	40.2	72.7	52.2	44.4	36.8	42.9	47.2	45.3	46.9	45.8	45.5	39.1	36.2	32.4	40.1	39.4	39.2	39.4	53.5	63.8	70.7	64.3	69.1
19.4	24	24.7	23.1	22.7	17	14.6	14	13	11.9	13	13.6	14.4	14.2	18.6	20	18.6	27.1	33.7	33.5	31.7	26.3	30.9	45.6	57.6	50	47.9	47.8	52	51.5	50.2	54	56.5	55.9	50.9	49	47.9	47.4	47	48.3	62	55.8	57.5	58.6	71.4	59.9	56.8	58.2	69.1	74.6	46.7	39.3	31.7	81.5	59.1	25.3	39.4	57.4	74.3	115	160	140	163	104	94.2	94.8	74.7	60.9	67	92.5	101	81.7	74.7	63.1	64.8	47.4	43.6	49.4	65	64	58.3	55	46.8	66.1	71	66.2	61	60.2	46.7	38.6	38.5	50.4	43.5	57.6	30.3	27.6	29.2	45.1	60.2	42.9	42.7	39.9	50.3	52.2	49.2	50.2	45.9	39.3	33	30	33.7	27	31.8	43.1	33.6	46.3	58.2	58.4	49.2	55.2
16.1	17.3	18.1	19.5	19.6	16.6	13.2	11.1	10.2	9.83	10.8	11.6	14.1	14.5	14	16	16.4	25.1	39.1	38.7	53.5	45.2	42.2	61.7	72.2	58.6	52.9	53.6	53.8	56.2	62.1	55.2	53.4	54.7	49.3	49.3	48.3	46.6	48.5	44.3	54.4	57.6	55.4	46.9	46.1	40	60.5	58.8	50	45.4	23.2	19.6	20.7	38.8	33.6	29.2	35.3	71.4	77.1	136	152	136	164	112	86.5	68.4	60.6	55.8	77	82.8	68.8	83.9	71.8	71.8	62.5	49.9	56.8	54.1	56.1	63.9	59.2	53.5	48.1	53.8	56.2	64.4	60.2	49.8	41.6	35.4	34.4	33	71.9	67.1	58.3	46.3	38	31.6	44.5	44.9	43.9	49.1	72.1	66	57.7	46	44.3	36.8	35	29.5	30.4	39.2	34.3	36.6	38.6	45.3	50.9	51.1	51.5	57.4
6.16	7.03	7.41	6.76	7.48	7.41	9.47	8.86	7.73	7.65	8.59	12.7	12.7	13	13.4	16	16.1	18.4	26.5	26.3	43.2	62	64	73.6	70.3	76.4	71	65.4	74.5	78.1	70.3	62.2	53.4	54.5	59.5	45.3	42.2	42	39.3	33	33.5	35.3	38.8	35.9	31.4	38.3	43.5	44.1	44.4	48.4	43.6	29.2	34.3	40.6	45.5	53.6	46.5	49.3	53.2	77.2	79.3	79	113	76.9	67.2	65.9	60.4	56.7	65.7	66.5	66.7	65.7	71.3	77.9	68.5	52.1	56.1	59.3	54.9	67.5	48.6	45.9	45	48.4	49.6	50.4	38.4	41.7	41.7	35.5	36.4	26.4	44.1	54.1	51.3	47.1	42.2	41.2	47.2	49.2	48.1	51	66.4	68.4	87.7	61.1	53	56.3	55.2	44.5	39.3	54.4	59.5	43.1	38.4	45.3	39.7	44.9	61.3	45.2
4.86	6.07	5.04	9.39	7.55	6.26	9.06	9.18	9.36	7.98	8.6	13.2	13.6	13	13.7	16.2	15.8	17.2	22.3	19.4	24.5	29.7	38.1	57.9	65	65.8	61.5	62	56.9	75.6	68	64.5	58.8	57.8	53.7	45.3	62.4	56.8	52.3	33.8	29.9	29.2	31.8	30.3	31	35.8	43.5	41.6	45.3	47.8	52.9	40.3	39.5	53.8	45	49.9	44.6	42.7	42.9	55	53.6	69.8	114	72.7	65.4	66.9	69.8	57.6	63.8	68.1	77.6	74	84.1	94.5	81.8	70.7	83.7	75.6	71.7	71.6	49.7	45.2	47.6	54.6	58.2	48.8	42.8	42.1	45.4	45.8	38.1	29.8	29	54.7	40.9	38.6	38	35.2	44.9	47	53	57.3	60	74.3	99.6	98	55.5	53	57.1	56.2	47.5	62.5	62.9	36.6	36.5	46.3	47.2	54.4	52.7	44.7
4.26	3.62	3.64	5.57	20.3	3.86	4.21	9.24	6.75	8.54	8.78	11.2	11.8	12.6	12.3	14.3	15.5	16.3	18.7	20.6	27.8	30	41.9	47.1	48.5	50.6	57.9	55.8	62.7	55.7	70.6	70.2	53.4	47.1	63.2	62.4	49	47.9	45.5	45.6	38.6	32.9	50.1	49.7	51.2	34.8	34.7	42.3	44	47.1	52.6	48.5	40.6	40.5	43.2	52.5	42.6	37.1	31.9	33	58.1	105	131	71.8	66.1	62.5	64.5	59.7	63.4	77.6	80.3	73.2	80.3	97.3	91.6	108	105	126	104	75.6	54.8	56.4	48.2	45.1	49.8	36.3	32.8	40	27.4	27	25.6	30.3	29.2	33.5	35.9	31.3	40.1	42.1	43.8	46	60.7	69.7	61.5	62.8	73.8	69.2	56.8	54.7	48.7	44.2	50.9	72.9	75.7	47.6	46.4	56.4	62.1	57.9	55.9	53.3
5.15	4.42	3.05	2.73	2.77	2.75	3.74	6.39	4.46	6.43	7.25	12.7	10.9	11.7	11.6	12.5	13.3	14.1	15.2	16.4	37.1	33.8	33.8	42.7	51.9	56.3	55.2	52	58.3	58.3	62.6	70.1	57.2	40.6	58.9	63.6	56.7	48.8	42.3	42.5	40.2	34	35.4	56.8	45.8	36.2	39.2	47.4	52	51.6	51.2	47.5	37.5	34	35.5	37.9	32.8	30.4	31.4	42.3	55.1	67.4	67.9	52.7	56.1	63.8	67.9	55.5	63.3	62.2	67.7	65.9	66.8	83.2	106	121	102	111	105	75.4	55.1	62	52.6	43.1	35.6	25.9	27.1	32	22.2	21.6	24.6	30	29.3	31.3	32.5	34.7	58.1	56.2	59.9	54.8	61.2	61.8	53.5	58.5	63.6	60.1	53.5	50.6	51.8	50.1	48.1	50.5	47.1	49.9	42.3	58.6	53.8	49.6	65.2	66.8
0.818	6.51	7.96	5.61	0.952	1.07	0.916	1.4	2.23	2.07	2.78	7.93	8.28	9.42	15.5	11.5	11.1	12	13.3	16.3	18.7	33.9	28.9	39.3	52.9	59.2	48.8	53.6	50.1	56.9	70.6	86.5	67.4	46.4	42.4	42.2	54.7	62	45.3	40.7	39.2	43.2	41.4	39.4	32.9	42	51.7	68.1	58.2	48.1	48.6	57.5	52.4	52.6	43.3	36.6	29.6	27.1	25	22.2	20.6	36.6	66.8	56.1	58.9	63.4	60	47.1	48.9	52.2	54.4	52.8	54	54.3	58.4	56.4	54.7	84.8	69.5	65.5	57.1	54.1	53.9	40.4	24.1	20.8	19.6	24.1	19.2	18.3	17.8	21.1	24.6	34.3	33.5	41	45.7	51.4	58.4	59.1	69.1	69.5	63.3	68.2	63.9	59.4	58.3	62.1	51.3	46.8	54.8	48.7	48.1	47.9	48.2	55.6	57	68	79.5	84.9
0.462	0.257	0.533	1.3	1.28	6.51	1.01	0.762	0.907	1.26	2.58	6.55	6.94	7.77	8.86	10.5	10.5	11.2	12.4	16	17.3	18.4	25.6	39.6	31.3	35.6	36.6	29.9	32.9	39.6	71.1	99.9	86.9	55.3	49.8	53.6	75.9	60.9	50.3	40.2	35.9	39.2	41.2	50.9	57	53.3	55.3	67.8	61.1	50.4	49.5	54.4	53.7	58.6	49.5	33.1	27.8	25.4	24.3	17.9	32.9	72.4	99.1	53.6	38.9	54.9	63.3	48	47.8	65.1	50	51.6	53	50.4	48.1	29.5	44.2	66	53.9	66.2	45.7	49.7	48.5	38.4	18.5	15.5	13.1	19	20.7	15.8	18.4	19.7	23	32	35.9	40	44.9	52.8	51.2	58	58.1	58.1	61.8	64.6	57.8	58.6	66.5	64.4	53.2	47.8	58	54.6	52.7	53.7	54.3	65.2	65.9	84	87.8	93.6
0.188	0.429	0.364	0.217	0.161	0.7	0.657	1.01	0.526	0.701	1.76	6.61	7.12	7.18	7.62	9.18	12.5	10.2	11.1	16.7	16.4	19.3	20.5	39.2	20.8	22.9	20.8	19.7	18.4	26.8	46	98.1	118	90.7	103	73.1	63	77.5	57.1	42.9	37.6	38.7	37.5	32.8	39.9	40.7	52.4	46.1	53.8	46.5	46.1	56.5	61.4	65.5	50.1	39.3	33.1	23.4	25.2	16.8	18.4	33	48.9	45.6	41.5	59.3	61.6	46.6	44.9	49	51.7	48.5	48.3	48.7	47.4	27.9	36.1	44.1	43.6	61	38.9	40.4	43.8	30	22.3	19.3	17.1	25.1	30.7	22.2	27.8	24.8	22.2	26.1	31	41.8	43.9	46	47.1	58.8	57	55.1	55.7	63.6	61.5	61.8	73.7	78	63.3	53.6	53.1	54.5	59	59	59.5	79.3	77.8	80.1	87.6	108
0.187	0.138	0.113	0.179	0.127	0.249	0.328	2.76	1.72	0.627	0.92	3.5	4.6	5.35	5.55	6.66	7.81	8.61	9.64	15.6	16.5	17.5	16.2	16	20.9	73.3	21	17.3	23.2	19.4	29.2	52.2	109	156	180	103	76.6	83.9	63.2	43.1	42.1	39.1	37.7	33.3	34.9	53	43.1	51.1	43.6	52	55.4	62.3	54.7	51.3	40.6	32.3	25.6	28	27.3	19.1	17.2	29.9	28.4	28.9	36.6	44.3	55.7	41.1	38.5	45.1	46.8	45	45.9	47.7	47.4	29	26.6	33.3	41.4	46	36.9	28.1	37.9	27.4	19.8	20.5	22.8	31.2	35.7	33.1	37.3	32.1	31.5	29.4	27.5	39.1	42	42.5	47.7	54	56.3	48.1	46.1	62.1	55.6	54.2	77.7	83.4	62.1	58.5	53.6	58.9	65.7	59.3	65.5	80.7	76.1	75	87.1	95.7
0	0	0	0.163	0.193	0.202	0.0975	0.407	0.486	0.98	1.26	1.41	1.99	2.6	2.95	3.28	4.22	5.49	5.66	12.7	18.6	15.6	12.2	14.3	17.3	25.4	15.2	9.06	9.23	12.6	17.7	33.1	82.3	128	158	130	148	120	74.9	58.1	50.6	52.1	46.2	42.5	48.4	48.4	41.1	43.3	53.2	54.2	60.2	43.1	34.7	30.5	30.5	28.8	26.9	30.8	23.4	24	18.9	22.9	29.3	22.3	24.3	27.1	36.2	38.6	36.6	36.2	36.5	27.7	21.6	10.7	9.96	24.3	15.2	15	18.4	22.9	18.6	20.8	19.6	42.4	28.9	18	14.4	38.5	43.6	31.7	44.9	46.1	38.5	36.5	47.5	51.1	49.4	42.2	37.2	43.8	56.6	51.2	42.8	54.6	56.3	53.8	59.6	64.4	71.7	55.4	55.7	55.8	51.8	67	69.1	73.8	77.5	66	76.6	83.3
0	0.06	0	0.0917	0.0535	0.0449	0.0657	0.291	0.36	0.689	1.14	0.777	0.99	1.21	1.43	4.86	2.34	3.56	4.29	8.02	9.65	9.75	10.2	12.8	13.8	11.8	9.73	6.94	9.35	4.53	6.34	15.7	38	58.3	115	124	173	154	100	62.2	57.4	58	57.5	50.3	46	55	47.6	43.1	46.7	43.4	42.1	37.2	36.8	30	27.8	29.9	25.6	25.2	26.1	20.9	19.4	18.8	22.9	23.4	19	17.6	27.3	36.1	36.6	33.3	39	33	24.1	12.3	8.88	11	28.7	34.3	26	19	19.5	27.1	13	34.4	36.2	13.9	11.3	35.6	39.7	31.2	51.4	39.2	42.9	56.7	54.3	69.7	64.2	55.5	46.6	54.1	71.2	77.6	72.7	64.2	56.3	58.1	59.1	56.4	50.7	53.7	55.1	50.6	54.7	71.5	73.4	75.4	71.8	69	81	97.9
0	0	0	0.113	0.0205	0.0339	0.0879	0.302	0.357	0.365	0.628	1.1	0.706	0.627	0.845	3.94	1.63	2.38	3.1	6.43	7.88	8.71	10.7	11.2	10.9	11	8.87	5.97	4.59	6.24	8.9	7.49	13.2	13.1	28.6	49	64.7	82.3	68.3	62.2	62.5	56	58.2	57.4	53.7	58.9	51.1	34.9	35.5	37.4	41.6	33.2	29.7	31	27.8	25.8	22.8	27.2	30.1	28.4	28.6	30.5	24	21.7	18.5	20.3	29.2	33.1	37.6	43.2	47	49.9	26.5	14.1	21.4	17.7	15.7	36.1	45.8	46.2	38.1	42	24.4	22.5	64.6	26.1	18.2	34.9	39	48.6	44.6	52.9	39.8	39	45.2	60.5	65.3	56.5	56.3	45.9	56.2	67.3	81.9	83.9	66.8	75	64.2	70.7	62.1	69.2	54.5	63.7	92.2	79	76.9	83.5	72.5	70.4	85.4	97.5
0	0	0	0.0205	0.0205	0.0411	0.0533	0.231	0.261	0.346	0.37	0.496	0.451	0.7	0.605	0.885	2.01	2.6	2.82	5.39	6.51	8.12	9.02	9.44	10	8.95	8.69	5.54	4.29	4.98	9.57	6.09	7.84	10.6	3.57	11.7	16.1	25.3	30	40.5	48.5	53.2	59.2	50.9	45.4	40.7	35	30.2	27.8	25.9	30.1	26.3	22.5	27.3	30.6	28.9	28.6	29.7	34.1	38.7	40.7	44.1	36.1	23	14.8	13.4	25.9	33.8	29.2	40.5	49	40.7	31.8	14.7	14	23.4	22.2	21.6	54.9	67.8	58.7	61	40.1	20.3	33.9	36.8	25	44.2	53.5	49.2	49.2	47.5	32.3	32.5	36.2	50.7	53.5	56.2	59.2	56.5	58.5	69.7	90.7	83.2	81.3	79.6	64.3	64.6	71.2	69.5	77.6	75.5	86.4	100	99.7	100	90.5	87	94.4	101
