30.3	35.9	58.4	84.7	86.1	97.1	99.3	88.3	122	124	139	98.7	195	192	159	160	157	186	201	243	208	286	263	158	215	150	132	123	171	234	201	84.4	93	85.9	97.4	113	165	134	182	176	168	193	248	231	198	132	110	110	86.8	69.3	61.1	58.7	55.2	56.9	49	71.2	68.4	67	55.1	106	141	134	128	102	85.8	79.8	110	116	99.1	108	119	104	94.3	70.2	94.7	95.5	111	126	128	126	86.1	63.4	50.7	19.2	14	13.9	13.5	10.9	12.6	10.5	9.67	1.95	1.29	0	0	2.22	17.2	16.9	20.1	25.7	19.2	8.04	11.5	24.3	21.9	16.5	9.36	13.7	25.1	29.1	21.1	24	46.1	40.9	25	24.8	32.3	34.9	41.2	37.7
53.4	84.8	116	99.9	86.5	94.4	101	81.6	86.4	145	135	108	184	162	173	141	193	230	255	162	150	156	147	152	161	147	121	150	190	193	161	146	126	111	130	115	127	150	193	184	180	183	157	169	162	139	94.4	77.5	64.5	58.5	62.7	41	47.8	31.4	19.8	38.7	47.6	39.3	39.9	68.5	163	94.9	103	90.9	71.1	71.7	78.4	113	95.7	101	82.3	70.9	50.3	75.4	46.4	63.5	87.6	112	124	142	79.9	58.7	27.7	41.6	18.7	19.9	19.2	15.1	13.2	12.9	12.1	1.22	1.24	1.11	2.11	2.94	4.44	10	10.8	13.8	16.8	16.8	24.8	27.8	24.2	13.1	14.4	27.7	31.7	44	40.5	70	61.9	58.4	64.8	53.9	45.9	49.6	47.7	35.4
83.7	131	122	89.2	97.8	111	112	86.5	117	153	166	163	131	121	121	163	168	186	193	105	140	154	130	121	173	169	167	148	155	171	156	220	196	148	103	95.5	95.8	112	131	117	114	99.6	95.4	105	104	95.3	48.4	47	41.5	41.9	42.9	38.3	37.1	28.8	21.3	35.4	46.7	40.9	40.6	90.6	120	76.6	88.1	74.3	53.7	59.8	51.5	79.4	68.4	71.6	67.5	68.8	73.6	63.7	51.3	45.8	56.4	90.7	124	91.4	73.6	49.1	29.7	37.4	27.7	21.4	21.4	21.1	12.8	12.2	11.9	1.17	1.15	10.9	9.19	5.13	0.81	16.3	8.07	11.7	16.5	16	9.87	9.33	15.2	18.7	18.1	33	44	57.1	60.2	88	91.3	58.3	53.2	44.7	34.4	42.9	32.9	21.7
132	122	108	76.3	98	132	126	126	161	125	174	163	131	121	162	187	180	166	98.1	79	76.9	117	122	117	197	199	194	163	151	157	172	161	157	130	110	79.5	77	84	83.5	91.7	82.1	53	86.2	86.1	61.9	44.2	32.7	41.2	40.9	34.1	34.8	28.7	30.4	20	27.3	59.8	55.2	47.5	74.6	109	114	68.3	53.1	47.7	52.1	50.3	40.6	53.4	29.9	27.1	29.3	53.3	43.5	68.9	78.3	47.2	54.1	51.1	50.5	68.9	26.5	20.3	14.7	22.5	18.5	40.7	36	16.3	14.5	12.6	12.9	3.81	1.12	10.4	11.4	16.6	14.5	12.1	14.5	16.6	10.1	6.24	10.3	13.7	23.8	26	22.8	35.9	48.1	61.6	41.2	39.4	28.6	31.4	29.3	21.5	18.7	33	42	27
116	105	113	81.4	121	161	157	113	126	130	150	113	106	122	135	129	155	137	87.6	66.3	84.4	96.8	124	182	190	203	239	187	166	166	181	179	143	92.8	83.2	54.1	56.6	74.3	71.1	62.1	71.3	35.6	54.6	46.7	37.5	23.7	25	37.8	35.2	35.1	33.2	21.4	13.2	15.3	28.4	66.2	61.1	72.6	54.3	99.5	65.7	62.7	42.2	52.4	37	45.5	25.6	12.9	28.2	26.3	15.4	46.4	50.4	54.5	52.8	26.9	18.8	20.9	31.6	24.5	12.8	9.6	11.7	35.5	31.1	31.9	29.7	11.4	10.6	12.5	12.3	4.31	1.95	4.21	15.1	18.5	13.4	18.4	33.4	20.8	16.9	7.89	20.8	35.3	27.3	29	33.6	26.3	27	24.6	21.4	24.9	22.5	28.9	25.7	21.8	13.7	22	33.4	21.8
82.3	98.2	121	93.1	127	166	164	162	118	120	97.1	110	108	105	101	86.2	104	110	97.1	95	123	128	162	216	179	192	239	178	217	179	143	140	122	64.2	58	55.1	49.7	72.1	65.2	49.2	56.2	52.1	38.9	31.6	75.7	23.1	29.5	25.3	38.8	39.4	34.7	23.5	14.8	18.1	26.9	44.5	63.5	58	28.3	37.9	58.5	68.4	68.8	47.2	32.8	40.1	11.6	19.4	5.8	6.52	9.04	15.5	9.14	13.8	13.5	17.3	9.31	10.4	8.34	10	6.52	13.9	13.4	26.8	18	18.4	26.8	8.04	7.64	7.57	12.9	5.57	5.24	2.74	3.56	1.74	13.5	24.8	31.8	22.5	19.8	20	40.4	74.6	51.1	21.6	17	15.6	12.9	10.9	5.97	33	37.6	48.1	43.9	42.2	35.1	37.8	42	29.6
83.2	112	133	104	120	133	142	121	127	118	111	114	143	126	101	96.7	104	99.7	122	134	141	172	226	226	184	182	236	151	177	187	115	89.2	97.6	89.5	67.6	45.1	35.3	38.6	48.1	51	47	25.7	20.1	32.8	65.6	27.8	43.6	39.2	28.9	27.8	21.7	18.3	15.6	12.4	18.8	26.5	46	47.4	34.8	40.2	59.9	80.3	74.6	41.3	16.1	17.3	12.9	12.3	4.53	5.01	7.05	8.87	9.34	7.52	10.9	8.27	6.88	9.56	4.29	4.87	9.03	13.9	11.2	15.3	9.82	18.1	17	28.1	10.4	9.46	13.9	8.4	5.8	8.22	8.05	0.21	2.37	8.76	13.6	18.5	30.5	33.5	34.8	28.6	25.5	5.55	10.1	11.4	4.2	7.59	7.59	17.3	23.6	30	29.1	33	33.7	38.1	41.2	13.4
110	132	138	134	127	163	137	117	125	110	102	120	139	154	131	114	137	138	125	157	201	193	202	210	138	196	250	158	151	127	91.7	101	91.1	75.7	63.2	52.8	28.1	44.7	47.6	47.5	50.8	47	15.4	28.8	38	26.9	23	26	23.7	23.4	19.7	15.5	16.5	13.8	17	14.8	35.4	42.4	32.6	21.9	59.8	67	69.1	48.8	8.84	5.44	7.28	4.17	4.44	3.76	3.82	3.77	3.82	3.61	3.16	3.82	3.06	4.81	7.86	7.29	4.57	9.29	12.9	22.5	20	15.4	21.1	25.4	17.5	28.3	37.3	63.3	17.2	25.8	4.92	1.2	0.21	0.75	3.87	4.35	9.78	10.1	5.94	3.33	5.61	2.01	9.39	13.4	4.8	3.39	5.64	22.5	24.6	22.6	15.7	29.9	37.1	36.4	27.4	7.86
114	142	151	147	138	159	144	109	103	121	133	151	120	117	130	130	124	138	158	179	165	185	174	195	153	169	225	179	143	111	101	77.4	89.5	57.2	71.7	45.1	37.1	69.7	51.1	42.3	31.1	30	21.5	45	29.6	21.6	23	26.4	63.7	54.7	21.4	14	14.5	16.1	17.7	8.01	32.2	38	34.8	26.1	50.1	47.8	31.9	18.7	4.04	2.24	3.7	3.3	4.08	3.22	3.27	3.21	3.24	3.1	5.06	8.86	10.3	8.09	2.67	5.34	9.08	8.04	9.33	9.08	10.8	17.9	41.2	52.8	18.5	25.5	24.8	37.6	25.5	11.4	2.19	7.74	3.09	0	0	0.96	4.02	3.72	1.83	4.17	1.95	8.61	16	12	9.24	1.83	6.12	30.2	25.7	32.8	28.4	11.7	25	26.7	19	7.86
93.2	119	146	153	149	148	143	117	118	149	155	161	187	185	167	173	173	169	197	158	143	171	175	192	179	182	204	164	131	110	77.7	97.1	77.3	92.1	93.7	70.6	74	65.4	46.5	49	66.7	49.9	31.7	19.5	20.8	22	28.3	34.3	59.4	50.7	27.1	23.5	23.5	20.2	20.3	15.3	23.1	58.9	66.9	71.6	43.9	30.4	23.2	18.3	14.7	5.61	2.69	3.87	4.04	4.13	4.18	5.13	4.53	9.91	12.7	24.1	11.5	5.37	5.76	9.23	7.81	5.11	5.91	7.18	13.5	13.8	44	21.8	23.9	2.9	13.6	8.28	2.41	2.19	1.89	1.98	3.63	1.31	1.31	0.24	5.67	6	5.04	4.11	0.66	8.85	17.3	20.8	17.7	20.7	29.3	32.8	33.4	7.68	0.69	6.6	8.19	10.6	10.9	12.4
124	139	145	116	141	175	126	124	127	151	151	192	205	180	173	171	191	187	170	142	132	159	202	201	165	167	161	157	134	116	93.6	89.1	71.3	68.4	104	149	124	72.1	65.1	65.4	53.9	44.8	29.7	26.3	56.6	55.1	19.7	41.6	36	31.1	28.9	30.2	33.9	27.7	23.7	28.9	21.2	34.1	31.8	72.2	69.1	47.9	52.4	32.5	27.7	36	10.1	6.89	7.36	7.44	8.72	5.8	7.59	8.01	8.66	5.9	3.97	1.78	2.08	2.17	1.92	11.3	17.4	12.6	2.01	13.6	21.3	21.4	7.56	2.74	11.9	2.04	2.23	1.87	1.79	1.81	1.63	1.4	1.33	4.11	3.78	0.24	0	0	0	6.84	6.99	18.6	22.9	17.7	15	7.74	9.75	4.68	0	0.09	7.02	7.53	9.96	10.7
132	171	170	150	141	140	134	124	141	160	181	197	181	148	150	144	202	179	171	142	126	156	204	199	164	145	135	120	136	126	139	131	62.9	65.9	74.8	99.6	69.2	67.3	65.9	49	41	49.6	43.8	40.7	57.9	45.9	29.6	48.2	38.6	34.8	33.1	58.4	42	45.9	43.7	80.6	49.1	20	25.1	28.4	75.1	52.6	37.1	31.6	28.2	29.6	20.2	9.19	11.6	7.59	6.62	3.7	4.3	3.03	3.66	2.63	4.76	2.09	1.93	2.05	1.93	6.19	7.92	21.3	15.5	33.2	24.9	11.5	8.96	4.73	3.25	1.81	1.75	1.63	1.46	1.52	1.56	1.23	1.07	4.11	4.11	0	0	5.31	10.6	8.13	9.96	9.45	15.1	11.3	8.43	0.99	8.13	14.4	1.05	3.21	3.24	3.24	8.49	7.92
125	185	169	132	118	146	112	122	144	189	188	177	178	161	178	157	160	163	158	127	137	156	151	174	153	142	127	138	139	115	114	123	98.4	67.7	74.2	76.2	65	79.3	40.7	35.4	40.7	57.7	74.4	50.7	72.7	71.1	36.5	45	38.9	37.1	41.6	37.3	31.7	35.5	37.6	61.6	42.4	21.4	24.6	30.5	54.6	38.1	51.8	40.2	36.1	12.6	9.44	11.1	9.98	6.57	5.97	2.89	2.89	2.86	3.48	3.93	3.94	3.45	3.76	8.34	8.02	10.1	13.2	10.3	19.8	22.2	20.4	2.16	2.27	2.32	2.31	1.49	1.46	9.25	1.19	1.31	1.05	0.955	0.928	0.15	0.03	0	0.15	2.64	5.49	10.8	10.4	16.1	7.98	16.3	4.44	0	3.75	6.36	1.02	1.29	7.11	6.54	5.25	9.03
137	154	165	136	106	105	98.2	133	154	168	164	152	166	166	161	111	113	123	138	141	133	160	149	174	147	148	150	180	146	139	138	146	83.3	78.3	84.7	82.7	53.6	67.5	43	34.2	40.5	46.8	76.5	83.3	91	81.5	46.7	45.3	52.1	36.8	50.3	45.5	35.5	44.5	51.8	46.1	46.4	23.4	10.5	19.9	38.5	63.2	39.3	14.6	11.2	17.7	20.9	32.2	13.2	6.62	3.68	3.2	3.26	3.29	3.56	4.44	1.92	1.89	4.47	8.24	10.9	8.41	10.9	20.5	29.5	34.4	6.57	9.02	3.8	3.06	7.63	13.2	7	0.94	0.91	4.14	0.504	0.475	0.493	0.3	0	0	0.24	0.57	0.75	0.75	0.57	0.39	2.01	7.65	0.39	0	0	0.39	0	0	0.57	0.57	0.78	2.73
114	152	167	150	119	110	128	147	148	137	154	187	186	166	158	112	119	130	140	126	142	125	134	156	130	134	145	163	144	159	177	175	136	100	107	54.3	41.2	68.5	67	32.8	76.9	75.9	83.6	113	98.7	96.7	60.3	62.2	58.4	37.5	52.9	83.3	67.6	52.2	46.9	39.2	48.4	29.3	15.4	15.6	31.1	79.2	44	17.4	13	23.2	12.2	10.3	7.96	3.79	3.68	3.89	3.9	3.2	4.08	2.7	1.93	2.12	1.84	7.68	21.6	16.5	23.5	44.9	39.1	17.6	12.2	4.78	12.4	1.01	1.5	4.9	0.66	0.603	0.54	0.386	1.04	0.339	0.396	0.42	0	0.15	1.53	0.63	2.49	2.28	0.18	0.39	0.18	3.75	2.22	0	0	0.18	0	0	0	0	0.39	3.48
103	128	158	168	167	147	132	142	137	164	165	133	130	186	175	121	129	125	124	133	158	133	136	119	143	162	138	175	186	167	200	145	95.8	101	89.3	59.6	58.8	106	105	47.5	111	140	141	162	109	131	92.7	76.7	60.8	64.5	60.7	76.9	90.5	57	46.4	45.4	60.8	47.8	34.5	26.8	58.7	77.6	66.8	34	28.2	18	9.88	7.16	5.75	5.11	4.4	5.44	8.92	4.75	4.96	3.05	2.36	3.25	2.2	3.68	6.07	11	18.2	15.8	17.6	8.67	17.7	27	15.9	5.98	4.37	5.06	0.467	0.423	0.393	0.293	0.434	0.285	0.334	0	0	0.09	1.23	0.18	2.79	3.96	0	0.39	0.18	0.96	0.57	0.39	0	0	0	0.18	0.75	0.96	0.57	3.51
112	124	149	145	171	156	140	140	135	144	159	137	145	167	129	117	101	90.9	110	134	176	197	123	91.9	134	157	128	117	183	169	126	146	115	115	139	112	101	106	82.5	80.1	150	167	134	127	138	208	137	105	82.9	62.1	72.2	91	86	42.9	76.1	89.4	54.1	44	33.5	36.9	52.9	48.8	36.1	18.5	34.7	25.5	9.33	5.53	4.79	6.46	6.72	3.18	4.18	3.62	7.98	9.33	2.84	7.42	4.32	4.85	4.04	7.57	3.23	20.7	19.8	25.3	48.7	29.4	10.4	2.61	0.854	0.484	0.789	0.383	0.594	0.5	0.339	0.409	0.387	0.15	0.09	0	3.69	0.57	1.47	0.39	0.18	0.18	2.49	2.55	0.18	4.62	2.91	0	0	0.96	1.98	1.83	0.57	1.14
129	124	134	139	123	129	134	164	168	157	162	166	190	146	138	106	75	63.4	104	119	154	184	145	140	120	123	127	130	160	179	112	99.6	81.9	86.3	134	135	128	136	110	108	102	87.5	79.5	91.2	109	119	97.3	83.2	58	52.4	34.8	49.8	67.3	46.9	46.2	86.9	40.9	42.1	34.6	30.1	31.2	40.8	31.3	19.1	35.9	13.8	6.63	2.14	3.57	1.71	11.2	4.5	3.98	3.69	7.6	6.61	3.95	3.99	5.36	9.79	11.7	6.47	5.86	12.5	40	36.2	25.6	16.7	3.09	4.7	2.2	0.646	0.559	0.642	0.5	0.778	0.761	0.839	0.705	0.69	0.793	0.932	1.04	0.96	0.991	1.05	1.5	0	0	0.03	0	1.92	4.05	0	0	0	0	0	0	0
133	134	140	133	113	134	137	140	174	177	162	144	137	124	144	89.8	76.9	69.1	115	152	132	128	120	157	132	118	166	199	178	224	147	88.7	81.2	113	132	108	167	127	129	107	76.1	70.6	79.7	96.7	79.4	86.8	56.5	40.7	40	56.5	54.7	103	63.5	41	74.7	92	50.4	37	48.4	35.6	40.6	35.2	33.6	22.6	19.5	5.17	7.76	5.64	23.2	12.2	8.92	12.9	2.75	2.44	3.41	7.96	3.29	3.42	7.49	8.63	14	11	15.4	19.1	41.1	34.5	38.1	18.9	9.46	9.06	0.9	0.535	0.415	0.493	0.712	0.785	0.656	0.727	0.789	0.761	0.831	0.977	0.959	0.965	1.01	1.05	1.05	0	0	0.57	0.6	0.18	0	0.36	0	0	0	0	0	0.18
131	164	170	155	127	121	124	112	147	154	153	154	117	85.9	83.4	60.3	77.7	81	104	139	130	115	129	129	123	136	166	156	187	211	137	148	182	182	144	158	171	120	110	78.7	56.1	54.9	69.7	100	86.3	75.5	62.7	46.4	43.7	54.1	67.5	59.7	36.9	29.5	52.5	63.4	41.2	29.3	55.3	39	31.4	35.9	31.6	25.7	22.9	22.8	15.4	10.5	16.4	10.3	7.05	6.69	4.2	4.26	2.69	6.53	8.77	7.18	5.68	11.9	15.1	14.8	6.09	13	30.2	23	14.9	20.2	19.2	4.07	1.25	1.12	1.12	0.523	0.843	0.78	57.4	1.03	1.49	1.16	1.18	0.997	1.01	0.988	1	0.964	0.863	0	0	0	0	0	1.17	0.69	0	0	0	0	0	1.32
155	166	166	132	140	168	155	163	143	134	143	141	117	109	107	74.7	82.4	105	107	124	125	129	142	151	125	118	113	140	146	145	159	144	165	201	172	127	102	91	72.1	105	81.5	91.7	94.2	86.2	73.6	88	66.8	67	46.6	47.4	46.3	33.2	38.3	46.5	29.1	32.8	35.9	18.4	27.2	37.5	46.5	48.2	33.7	30.5	26.5	20.2	17.6	8.1	8.13	14.9	10.7	10.8	7.77	1.58	5.04	2.59	5.45	3.08	8.33	15.5	13.4	8.18	5.4	9.34	13	12.6	6.41	5.04	4.79	2.38	4.12	6.44	6.52	2.7	1.01	1.15	3.41	3.74	1.51	1.46	1.42	1.2	1.14	1.02	0.963	0.885	1.22	0.21	0	0.03	0.21	0	0.18	0.18	0	0	0	0	0	0.75
133	161	159	125	138	166	140	140	130	125	121	130	104	120	110	85.4	76.2	146	135	190	182	132	126	138	120	119	122	119	104	107	100	109	143	92.8	78.3	80.6	89.3	82.3	65.3	105	82.1	67.2	74.2	75.5	56.8	73.7	77.4	62.3	66.6	49.5	43.4	61.2	65.8	69.9	43.2	27.7	17.9	21.6	27.2	21	30.8	42.2	27.5	18	15.9	11.5	10.2	8.66	6.86	8.57	17	8.78	6.44	1.58	1.42	1.05	0.59	1.54	1.91	3.3	4.1	6.24	6.93	12.7	10.7	10.4	9.22	10.5	8.18	5.86	6.91	4.35	7.47	4.61	4	3.01	3.46	3.62	3.52	3.95	3.83	4.36	3.22	2.63	2.47	1.94	1.62	1.09	0.614	0.238	0.247	0.162	0.167	0.169	0.167	0.16	0.156	0.149	0.148	0
118	167	138	97.1	110	114	138	116	119	129	129	129	110	97.8	125	98.3	88.4	178	250	219	144	87.3	90.9	92.4	119	129	126	101	77.5	83	113	99.8	106	80.5	65.1	60.8	82.8	82.5	57.6	99.6	84.7	85	103	91.4	75.4	82.8	82.1	90.5	102	94.4	44.6	66.4	80	56.4	35.2	30	20	29.3	27.1	25.4	18.2	21.3	29.5	17.9	18.9	9.53	4.4	11.7	5.94	10.6	7.92	4.25	5.63	4.39	1.25	1.1	0.554	0.756	1.31	3.59	5.47	6.03	8.6	14	10.7	22.8	16.1	12.2	8.69	16.1	19.7	18.2	29.8	23.4	14.1	8.75	6.1	4.77	5.26	4.72	4.63	4.12	3.54	2.73	2.18	1.73	1.38	0.647	2.62	0.22	0.232	0.163	0.17	0.171	0.167	0.159	0.155	0.15	0.149	0
113	132	133	114	110	109	110	104	108	125	158	161	117	102	213	158	133	164	240	221	179	114	81.1	117	117	128	141	164	116	144	133	104	112	85.5	61.3	57.2	98.3	119	84.4	79.8	84.8	75.3	104	98.2	92	101	95	94.9	101	96.5	55.9	62.2	84.1	80.7	55.8	39.4	25.3	33.4	34.9	31.3	21.2	26.7	21.6	22.2	13.3	10.5	9.32	6.42	8.13	11.6	15	7.91	20.3	8.57	5.03	1.46	0.482	0.704	1.31	3.68	6.91	7.5	6.35	6.04	9.67	11.1	12.4	14.7	13.8	27.9	36	56.4	64.8	47.9	20.8	14	16	5.98	5.84	6.68	6.54	6.02	5.09	3.85	2.93	2.32	3.22	0.733	2.95	0.231	0.242	0.169	0.176	0.174	0.192	0.158	0.15	0.139	0.123	0
97.2	98.1	116	106	134	130	113	97.3	106	127	160	175	134	84	111	154	161	205	169	151	205	167	99.3	102	161	146	150	163	140	155	155	130	110	80.2	78.6	68.3	83.9	105	102	80.6	77.2	74.1	81.9	87	97.9	111	98.7	79.3	88.9	93.6	99.1	89.2	99.1	88.2	58	38.8	21.2	49.3	33.1	22.8	14.3	14.9	19.3	15.5	8.8	9.31	12.8	8.07	19.6	22.8	20.6	16.4	12.4	15.4	20.9	9.81	1.98	2	2.4	4.02	6.54	5.68	8.77	9.77	9.82	12.4	12.9	16.8	22.2	52.6	62.6	112	131	79.9	43.1	41.6	18.1	11	8.75	9.74	11.4	11.8	10.2	7.54	4.54	3.38	2.6	1.08	0.533	0.258	0.876	0.178	0.182	0.202	0.167	0.155	0.17	0.155	0.112	0
95.4	102	109	128	177	219	142	116	114	130	141	160	112	107	110	115	196	182	149	168	169	119	105	85.9	142	155	172	169	145	118	113	97.7	157	134	77.2	70.5	83.7	84.9	65.7	77.8	69.8	74	72.9	78.6	104	103	77.8	69.6	77.1	58.6	72.1	61.9	62.5	64.6	39.1	23.7	20.1	36.5	20.9	16.7	22.2	11.6	16.9	15.8	12.9	9.51	15	10.3	18.5	36	20.7	23.1	18.4	11.3	26.1	16.9	7.83	5.14	1.91	5.48	7.16	9.12	12.6	24.5	23	24.9	34.8	36	47.1	78.6	115	146	124	79.2	90.1	43.8	25.3	15.3	18.3	30.4	27.6	23.5	23.1	15.9	13.2	7.82	6.3	1.15	0.542	0.231	1.35	0.479	0.479	0.921	0.494	0.434	0.366	0.353	0.279	0.0501
88.9	79.4	88.6	114	151	163	104	94.9	113	127	143	154	192	128	110	156	199	211	181	186	169	203	166	136	117	151	205	197	131	82.3	81.6	115	123	121	118	102	99	81.4	72.1	84.1	93.7	85.1	97.2	79.2	101	91.5	74.6	52.3	58.1	60.7	58.9	58.1	70.3	72.5	40.4	23.8	15.9	22.3	14.1	11.8	20.7	11.7	12.9	20.9	11.1	4.84	6.6	8.34	13.5	23.2	17.6	16	11.3	5.67	11.9	19	5.84	1.57	1.25	5.23	7.23	10.4	30.8	39.3	26.9	30.6	29.8	38.1	49.3	70	66	89.2	96.3	69.5	61.5	31.2	23.8	17.9	17.4	30.7	36.3	54.1	44	19.4	12.9	9.73	10.9	1.88	2.08	0.898	0.248	0.504	0.492	1.38	0.783	0.872	0.351	0.297	0.231	0.772
64.9	71.8	80	132	108	117	122	113	124	141	173	157	124	123	129	153	142	166	193	245	185	202	175	101	127	107	148	145	134	90	63.4	77.1	100	95.5	118	117	116	88.5	102	111	106	109	87	72.9	60.2	52.9	49.7	46.1	61.2	68.9	65.3	64.2	88.5	76.4	53.5	32.2	38.6	53.5	21.2	13	10.8	16	11.8	19.1	11	7.08	8.05	4.86	9.17	4.52	4.78	17.8	10.8	6.49	8.47	12.1	2.41	0.733	2.58	7.48	8.49	14.1	21.2	28.8	32.7	37.6	57.1	46.7	56	55.2	42.8	39.4	27.5	18.6	21.5	25.3	21.1	20.3	19.2	27.1	47.7	107	56	20.5	14	12.2	10.9	5.5	2.77	1.11	0.772	0.531	0.659	0.463	0.464	0.39	2.24	0.267	0.201	0.174
66	64.8	83	84.3	87.1	93.7	116	131	130	136	151	176	166	104	144	153	109	142	164	226	189	197	204	159	126	118	153	137	118	121	106	79.7	103	101	132	143	85.7	79	107	157	168	125	97.1	63.6	47.8	46.2	47.7	63.8	96.4	92.9	64.5	71.3	84.3	66.5	45.9	37.1	53.9	34.1	17.2	10.8	10.4	7.85	7.4	14	12.2	8.35	6.21	4.33	4.62	3.78	5.25	4.52	3.61	1.36	0.918	1.11	0.4	0.609	2.35	5.7	7.58	13.7	19.1	32	34.6	34.2	49.1	41.8	41.6	48.5	34.5	19.2	10.8	8.84	10.2	17.1	18	21.6	21	41.4	61.8	82.2	65.8	23.1	16	14.9	14.7	12.5	9.65	2.1	2.29	2.09	0.502	0.566	0.673	0.341	0.285	0.271	0.172	0.0285
79.3	75.7	149	101	117	142	121	121	136	124	127	132	169	121	124	174	102	108	143	158	170	234	169	111	109	111	140	93.4	94.1	117	114	92.3	115	109	120	144	116	79.5	84.3	126	173	150	131	97.9	53.1	60	52.5	48.7	52.7	60.9	63	61.3	59.6	57.6	37.8	43.7	29.4	26.6	11.5	8.5	7.25	5.28	6.78	9.81	21.1	22.3	17.1	7.99	10.3	15.4	14.9	4.49	4.81	3.04	7.6	4.61	1.76	0.109	3.28	3.71	5.58	10.9	14.6	23	33.2	39.7	39.9	28.5	35.2	44.7	30.2	11.4	8.54	11	6.96	11	7.45	14.9	24.4	72.6	79.6	62.8	41.5	13.8	11.5	13.1	9.22	8.6	7.34	12	5.02	0.517	0.435	0.369	0.314	0.337	0.201	0.156	0.351	0.196
93.4	82.5	98.1	131	123	93.8	111	116	96.3	106	107	118	204	119	108	171	159	104	111	132	141	94.3	130	93	104	110	89	86.1	82	85.1	98.4	105	97.5	150	121	135	166	99.3	115	157	180	136	105	75	77.9	94.7	86.7	46.8	47.1	54.7	86.5	72.8	65.3	63.6	36.4	45.3	31.4	19.4	14.5	15.6	8.75	7.26	6.39	8.94	15.5	16.5	9.73	8.74	32.2	14.9	10.6	9.06	4.15	2.91	3.76	1.4	2.55	1.33	1.71	2.97	3.74	5.8	12.1	17	24.4	32.5	21.4	22.2	31.5	32.4	30.1	21	7.12	8.13	10.6	13	11.1	10.3	23.7	50.1	47	53.6	33.7	20.9	14.8	15.2	9.66	8.02	6.64	13.3	4.64	1.04	0.437	0.354	0.294	0.226	0.169	0.954	0.918	1.98
102	90.4	99.4	94.9	94	93.9	93.9	87.3	93.3	108	102	85.6	184	189	95.3	129	142	145	121	144	122	77.2	165	82.2	91.9	88.2	68.2	81.8	80.9	93.4	111	154	122	127	128	131	160	100	124	137	123	106	105	97.3	68.2	71.5	70.7	51.1	30.8	62.8	73.8	78.4	85.2	50.7	30.5	42.8	33	26.2	11.9	13	7.95	4.86	4.12	6.85	7.93	10.2	12.5	10.6	34.6	18.4	12.9	6.66	5.27	3.89	6.82	0.512	1.37	0.471	0.218	3.51	3.26	4.4	5.86	11.9	15	20.4	25.6	22.5	21.8	23.9	25.5	17.6	19.2	7.73	8.55	20.2	19.5	19.7	29.1	43.4	38.7	34.4	31.8	23.9	13.6	12.2	8.27	8.23	8.68	4.96	5.55	2.82	0.468	0.673	1.39	0.252	0.194	7.18	0.111	0.738
113	116	108	84.9	78.4	79	89.7	85.8	102	126	126	99.8	103	126	77.2	68.1	85.3	98.6	175	89.5	75.9	83.5	150	87.8	85.4	92.4	90.9	95.2	139	133	139	173	192	172	120	129	135	154	194	134	107	82.4	87.1	95	78.1	78.5	81.8	58.3	43.9	58.3	59.3	44.4	47.3	33	24.3	37.4	72.6	28.4	8.23	10.9	8.38	5.2	3.59	9.44	18.7	23.9	21.6	14.4	27.2	21.2	11.7	6.33	5.13	4.01	5.76	0.373	0.207	0.178	0.752	4.25	6.38	8.2	7.2	10.8	12.2	20.9	23.8	20.2	15.8	16.2	15.4	22.2	16.6	7.21	11.4	12.3	10.5	17.1	26.2	23.9	15.8	12.9	21.1	13.7	8.83	9.38	14.3	7.61	6.51	6.11	7.96	2.03	0.529	0.455	1.42	2.22	6.14	5.77	0.539	0.046
119	123	124	92.2	81.5	81.3	79	74.5	94.5	124	108	109	109	121	108	95.6	83.4	96.2	98	103	104	113	138	161	183	172	198	126	152	160	170	139	130	153	121	111	99	198	110	79.1	104	52.3	44.8	55.8	62.1	84.6	65.8	50.6	46.8	45.9	39.7	36.5	27.8	21	17.8	12.2	14.6	14.3	5.05	3.84	2.18	4.99	4.78	14.1	26.8	25.5	18.2	25.1	24.9	33.3	14.9	13.3	10.8	10.3	11.1	14.4	8.73	11.6	9.91	17.3	26.6	33.8	9.14	11.8	10.1	8.05	12.4	9.77	7.78	8.19	10.5	7.18	13.3	5.69	7.04	10.8	4.99	16.6	14.2	11.8	11.5	5.09	6.67	11.9	8.43	8.51	8.36	8.74	3.83	3.45	5.11	4.77	1.86	1.55	2.45	3.54	7.55	15.6	3.06	0.159
138	136	123	94.4	79	66.7	75	83.8	90.5	105	102	112	111	116	120	111	88.5	82.1	82.4	77.4	69	97.4	137	160	215	151	181	142	161	142	143	103	147	131	109	118	126	133	69.7	86.7	81	53.9	60	46.3	45.5	63.8	58.7	52.6	46	38.5	27.1	33.8	25.3	20	18.9	16.6	14.1	10.8	8.78	6.89	6	6.7	9.99	14.4	19.7	22.1	27.5	28.5	33.2	31	23.6	16	11.6	14.1	11.2	5.89	9.95	9.96	7.73	23.1	12.4	13.7	14.6	14.5	6.67	7.42	7.45	15.7	12.4	7.2	8.41	7.91	5.35	2.42	2.47	2.37	2.37	2.69	4.62	6.23	6.62	4.7	3.17	5.66	5.89	6.89	9.94	11.9	7	9.55	4.04	1.7	1.63	3.73	3.81	13.1	10.2	3.74	3.08	0.2
125	118	119	113	95.2	81.8	94.1	81.7	84.7	108	83.8	112	115	126	145	120	102	85.3	91.3	95.3	99.8	123	141	158	130	124	130	116	116	127	139	108	81.9	91.5	117	97.9	109	102	78.3	87.5	62.9	38.7	35.5	39.2	34.3	55.2	57.3	46.6	41.6	36.2	41	43.5	27.2	22	18.5	27.4	18.2	13.2	18.2	4.03	7.96	10.7	13.1	19.3	23.1	23.7	30	29.1	36.9	53.8	34.7	26.2	14.4	15.3	10.9	9.35	20.4	6.91	3.86	13.1	26.7	9.15	15.7	12.3	8.76	8.3	11	20.4	14.3	8.63	3.25	2.68	1.95	1.81	1.8	1.72	1.72	1.93	2.33	1.91	2.85	3.05	2.43	5.69	4.44	4.12	3.33	2.87	2.43	2.28	2.67	2.23	4.44	3.71	4.01	19.7	10.9	0.74	0.575	0.234
141	128	139	137	107	110	126	95.7	110	137	114	115	99.3	107	119	127	98.3	91.8	105	107	113	146	130	103	115	117	131	131	119	126	119	121	98.2	101	90.3	87.4	96.3	130	77	56.3	37.9	38.6	56.4	48.2	32	31.3	38.6	43.7	53.4	52.3	51.1	55.3	37.9	27.1	15.9	13.5	7.83	12.7	17	11.3	12.7	20.9	18.1	20.8	26.6	37.7	24.9	40.9	29.6	36.2	33.1	25.5	26	24.1	21	20.6	17.4	15.4	9.21	12.4	11.5	7.53	9.52	11.3	11.7	13	11.5	15.4	14.6	18.6	21.9	16.4	3.81	4.61	8.11	1.7	1.73	1.83	3.39	2.75	1.84	3.52	4.29	3.62	4.47	3.5	2.77	1.03	1.16	0.393	2.22	1.7	1.42	4.6	10.1	22.2	20.2	2.19	0.637	0.258
138	140	137	144	141	134	118	105	106	87.1	106	103	110	97.6	126	137	100	118	116	85.8	103	118	115	82.6	103	97.2	106	115	146	120	119	66.9	87.5	77.7	93.9	93.7	81.4	81	56.4	40.8	36.5	49.7	61.5	50.1	40.4	30.6	39.6	55.1	59.3	59.7	54.4	57.1	42.6	19.2	15.3	16.4	8.3	7.72	8.81	13.2	11.2	19.6	25.2	21.1	27.9	46.5	43.4	35.4	40.4	47.3	57.8	56.3	67.6	31	41.2	37	42.4	29.8	22.5	27.8	15.6	7.86	3.64	1.55	3.17	4.03	4.57	16.2	23.8	28.3	42.9	23.4	10.3	5.44	2.27	7.14	7.96	2.96	5.44	5.23	3.52	3.25	4.41	1.59	2.58	1.74	1.19	1.03	0.681	0.489	0.888	1.4	2.04	7.73	14.3	12.8	5.37	1.07	0.749	0.33
143	158	141	158	174	136	132	132	98.8	89.6	113	116	112	113	96.9	107	105	132	122	96	91.6	121	117	113	122	136	139	111	159	128	147	84.2	105	95.3	110	96.5	87.1	67.3	56.1	45.7	37.9	38.3	52.1	74.6	71	49.5	31.9	45.3	72.8	63.5	61.7	44.5	42.1	21.2	24.3	39.9	12.8	17	16.1	29.1	21.5	25.9	23.7	58.8	60.8	80.3	71.2	32	40.3	66.2	72	89.2	80.6	58.1	54.9	69	43.7	46.2	36.7	32.6	15.8	11.4	2.73	3.27	4.21	6.5	13.1	17.8	26.5	39.5	66.8	44.6	21.2	11.5	6.37	3.32	7.67	2.82	3	2.66	2.66	3.31	8.88	1.98	1.59	1.12	0.936	0.861	0.659	0.522	0.493	1.47	1.57	4.23	6.08	5.8	1.61	1.06	0.816	0.357
139	148	146	179	212	171	143	134	86.2	109	132	111	89.7	92.3	99.7	111	110	144	126	107	114	128	153	131	130	114	126	108	132	145	153	117	113	101	106	114	89.5	61.5	44.5	55.2	52.5	48	65	93.7	61	46.7	40.1	40.8	65.8	71.9	68.7	45.9	35	24.5	25.7	38.4	21.5	18.1	19.2	15.7	21	29.3	53	81.3	66.1	75.2	50.5	32.1	40.7	82.5	103	101	72.2	58.3	61.4	54.8	30.1	36.6	38.6	39.8	31.1	20.5	26	12.3	4.76	2.45	11.4	16	39.1	47.9	56	31.3	11	11.4	10.4	11.7	13.3	23.6	17.3	8.43	10	6.88	5.95	2.68	2.2	1.26	1.11	1.09	0.898	0.761	0.674	1.63	1.52	2.87	3.82	2.09	1.45	1.09	0.932	0.361
120	114	133	164	174	151	136	112	96	111	133	124	125	124	110	121	112	108	121	119	126	128	131	151	132	124	107	91.7	115	146	147	130	129	111	110	92.7	76.1	54.9	38.6	44.1	48.6	40.7	68.6	70	49.6	42.6	39.5	63	84.6	56.9	50	52.4	32.4	22.1	19.5	28.6	26.1	22.7	33.5	56.9	35.7	50.3	83.9	58.8	49.8	23	33.5	24.1	58.4	82.9	128	94.1	45.5	34.9	59.2	71	51.4	47	24.5	31.3	44.6	16.6	30.5	16.3	4.39	7.22	13.2	21.2	31.8	33.9	44.8	44.3	22.8	20.1	32.4	22.4	35.8	32.4	30.9	19.1	17.3	6.08	4.72	3.66	2.53	2.76	1.68	1.68	1.42	1.19	0.998	2.2	1.62	1.28	1.27	1.34	1.58	1.24	1.56	0.47
130	114	97.6	102	130	141	184	197	178	156	142	132	144	128	131	148	94.9	96.2	139	160	149	126	130	151	140	153	136	112	151	144	198	159	120	128	137	101	79.4	73.4	53.9	58.2	36.4	36.6	53.2	86.3	105	59.4	48.5	50.4	42.1	53.9	37.7	42.1	35.7	28.3	32.7	32.2	32.9	31.5	20.1	47.4	35.2	72.9	61.5	53.7	53.8	27	28.9	42.3	89.1	91.9	128	101	55.9	70.2	89.4	66.3	54.6	31.9	16.2	52.4	62.3	28	30	11.9	3.55	7.32	7.16	19.7	20.3	28.2	30.2	49.2	19.3	13.7	14.4	21.8	37.6	24.1	17.8	18.1	11.6	4.48	5.4	3.64	4.43	4.23	3.64	3.09	2.65	2.22	1.81	1.33	0.889	0.64	0.584	0.908	0.816	0.683	0.513	0.149
158	141	133	121	144	158	185	228	186	181	170	133	171	197	192	146	110	102	133	135	125	108	129	135	135	140	126	90.2	119	131	151	119	83	79.3	93.5	52.6	51.7	64.9	59.2	39.1	30.1	39.4	66.7	102	107	53.8	38	32.1	43.8	39.6	27.8	31.2	52.4	42.6	46.2	43.9	30.1	24.2	22.4	38.4	40.9	46.9	34.9	40.9	48.5	28.9	34.8	46.6	103	134	96.7	65	40.3	127	125	59.5	48.3	28.7	18.8	55.1	73.3	44.4	36.2	16.9	7.1	4.13	13.7	24.2	24.5	38.4	43.6	41.6	27.7	26.2	20.1	38.4	19.1	15.8	14.6	15.4	9.28	18	6.11	4.52	5.14	20.2	20.2	3.83	3.33	2.76	2.22	1.59	1	0.667	0.601	0.915	0.806	0.663	0.492	0.139
127	120	129	169	135	179	194	203	181	182	177	131	123	152	122	92	85.6	103	129	116	111	119	106	119	117	146	145	105	109	103	116	64.2	90.4	82	74.9	66.9	63.2	79.1	53.2	41.6	61.2	39.6	52.8	53.6	62.6	52.6	18.8	33.5	40.5	43.3	48.7	51	58.4	54.4	50.7	44.7	40.5	26.9	18	33.5	35.1	28.5	25.1	49.4	52.3	29.2	24.1	34	95.4	95.8	54.6	35.1	30	59.2	84.3	55.2	53.1	34.9	34.3	60.6	53.5	29.6	22.4	12.3	25.5	21	38.8	34.5	31.2	51.4	38.3	28.3	38.8	44.1	15.3	18.8	19	10.8	14.1	23	24.5	15.4	6.16	6.2	6.52	6.32	16.5	4.98	4.41	3.74	3.03	2.19	1.37	0.878	0.748	1.05	2.36	2.3	2.26	0.131
144	156	137	127	132	139	147	169	170	171	170	84.4	107	142	121	87.4	71.8	61.1	73.7	100	135	131	122	111	115	121	122	112	120	135	95.8	42.4	45	75.5	77.3	53	64.2	45.2	36.1	58	47.1	47.3	66.7	54.8	61.9	38.4	26.8	31	38.6	39	44.2	65.5	50	60.8	47	51.7	48.3	33.9	32.7	24	64.3	34.4	34.3	45.3	37.1	22.6	15.9	27.8	57.5	45.8	44.7	69.6	57.4	53.4	62.7	92.1	85.5	59.2	88.7	64.7	35.9	35.5	23.1	32.7	42.2	46.6	59.3	54.1	48.8	27.7	17.8	19.7	35	35.4	30.7	34.1	16	11.3	16.5	16.7	18.1	10.9	8.63	7.18	9.55	7.97	7.37	6.5	5.88	5.11	4.13	3.07	1.97	5.69	2.46	8.08	7.62	2.93	2.61	2.01
148	158	140	131	121	122	118	175	241	197	166	97.9	82.8	85.5	88.4	81.6	115	90.3	75.4	48.1	79.9	85.4	94.3	93.7	90.8	114	96.6	119	111	124	92.8	66.1	59.3	72.4	73.8	48.5	79.3	50.4	63.8	49.7	40.2	72.9	56.1	50.4	39.4	31.8	25.6	38.5	35.4	26.1	44.4	53.3	39.4	52.6	51.7	39.9	45.5	68	46	18.1	19.3	22.3	35.8	26.1	67.3	45.4	22.2	53.6	56.8	49.1	61.5	79.5	66	48.9	37.5	56.4	61.8	91.8	84.5	57.7	52.6	65.4	32.1	30.7	44.8	53.9	48.5	55.3	48.5	27.4	20.6	14.7	27.5	41.7	43.5	38.7	24.9	19.3	27.1	30.2	18.6	8.69	8.79	15.9	17.6	17.8	16.4	14.2	14.2	11.5	9.12	6.57	9.31	18.2	28.3	32.8	27.9	20.9	12.3	5.05
128	187	138	127	127	109	116	117	159	169	146	90.4	87.8	79.8	78.3	75.3	66.1	83.4	79.8	62.2	61	88.5	84.2	93.4	86.3	103	110	118	121	113	102	65.1	86.7	88.6	75.5	45.1	56.2	56.2	82.7	45.4	41.1	61.4	83.3	50.6	41.1	36.4	42	60.4	46.7	32	35.6	33.5	38	61	63.1	44.6	42.7	76.2	51.8	35.8	46.2	26.9	42.3	27.3	42.5	43.2	37.8	56	45.1	51.4	74.4	88.2	111	68.6	43.3	31.1	55.6	87.8	62.9	59	70.7	51.2	62.5	45.9	47	55.8	58.6	69.9	47.9	47.1	25.1	18.3	25.2	62.3	41.4	33.5	34.3	26.7	61.8	40.9	17.4	22.3	11.9	28.8	26.8	22.4	24.8	20.4	15.5	13.6	11	9.73	12.3	14.9	32.3	40.1	18.1	19.4	19.1	5.22
136	147	142	131	119	143	107	102	92.7	94.2	114	114	111	79.2	64.5	52.8	50.7	119	114	71.6	69.1	98.8	101	103	99	92.5	107	104	107	106	108	75.8	67.5	90.9	107	52.7	59.7	63.7	58.7	71.1	56	64.9	109	93.2	52.1	53.7	66.4	65.9	59.2	39	43.8	45.2	63.9	56.1	47.3	24.8	24	34.1	43.2	34	48.1	60.1	54.4	33.1	49.2	57.2	30.7	69.2	31.7	42.4	37.6	90.7	180	90.4	51.2	35.6	53.5	130	89.7	66.9	76.6	72.8	96.3	69.8	70	71.5	74.8	84.9	68.9	48.7	43	36.9	46.2	44.5	31.9	64.7	35.8	30.6	21.6	21.6	24.8	25.9	16.8	47.8	39.1	42	36	22.2	17.5	19.1	22.7	15.8	25.7	26.6	37.5	38.8	11.4	9.39	7.83	6.21
129	154	146	128	136	155	120	84.1	120	113	76.2	101	98	79	78.9	64.7	66.1	109	110	97.4	87.3	93.4	116	137	123	118	99.3	95.7	99.3	112	129	77.4	67.5	78.4	104	77.3	64	58.6	66.2	63.6	77.5	76.3	86.3	60.9	56.7	72.6	56.5	75.4	59.8	61.4	71.1	73.2	96.5	76.8	62.6	43	29.7	30.8	39.8	50.2	64.6	76.4	83.9	51.3	44.6	39.5	59.2	91.1	60.2	41.9	28.1	34.1	116	115	67.9	46.3	54.6	81.8	88.7	77.8	81.6	68.4	79.6	65.8	64.5	77.1	81.4	84.2	107	80.4	43.6	84.4	68.9	37.6	27.9	63.1	38.8	25.8	19.6	24.6	30.7	50.3	37.8	59.6	58.1	61.8	48.4	24.4	33.3	24.7	23.5	22.2	50.8	34.8	43.8	39	12	11.7	2.44	0.294
125	129	146	130	136	151	122	96	94.1	85.9	77.7	93.2	103	95.1	72.2	82.6	67.7	83.6	107	117	106	84.6	101	103	120	130	112	110	108	143	148	77.8	70.9	66.2	85	97	98.6	74.6	85.5	111	173	141	75.2	57.4	57.4	144	81.4	84.7	81.8	59	112	106	111	84.5	111	94.5	45.4	35.5	36.4	29	44.3	72.6	70.6	53.4	43.4	32.1	37.1	116	68	51.6	63.4	74.9	83.1	79.3	60.4	80.7	58.4	64.5	66	121	114	65.8	60.7	60.3	68.7	76.1	89.9	74.3	65.5	72.7	65.5	96.1	59.8	63	32.8	71.6	38.6	23.1	25.5	33.7	33.2	49.6	37	57.3	73.4	64.8	56.9	36.7	45.5	32	33.9	48.1	37	34.9	29.4	18	19.9	6.04	0.609	0.0341
131	117	132	130	112	105	108	89.8	72.6	64.2	69.7	81.2	123	88	74.9	80.9	90.7	82.2	70.4	82.7	64.8	65.1	55.5	88.5	104	130	121	107	106	146	131	84.1	94.8	72.8	88.5	89.6	86.1	115	98.7	129	124	117	68.2	63.3	62.4	68.4	81.6	84.8	67.1	63.6	102	89.5	71.8	94.2	79.1	120	77.3	57.1	45.5	41.2	43.9	66.1	70	49.6	64	45.8	39.4	56	72.3	73.2	87.5	81.2	72.8	58	57	58.7	85.9	94.9	114	96.6	144	132	97.6	78	96.4	84.1	97.6	66.5	72.7	89	93.8	73.8	80.9	62.6	60.2	96.9	74.8	34.1	32.8	39.2	40.8	26.2	39.8	52.8	97.3	67	57.2	52.6	45.2	41	40	46.1	20.6	16.3	36.3	19.1	20.4	7.75	4.25	3.75
127	112	115	113	120	122	87.3	67.3	67.8	66.9	70.4	66.9	104	88.6	69.6	63.7	84.4	70.2	66.8	66.1	72.6	56.8	61.4	92.9	106	109	117	108	94	98.6	91.5	77.9	81.4	81.9	72.2	75.1	98.8	104	109	89	87.3	80.2	84.4	71.8	64.6	58	73.4	68	77.2	90.3	87.5	83.4	103	96	80.6	98.1	66.4	74.3	75.2	51.5	51.7	61	59	77.1	86.5	69.1	62.7	70.3	88.5	94.2	112	129	74.6	67.2	72.1	85.8	99.6	116	99.6	119	132	150	143	82.6	66.4	80.2	95.6	73.4	62.9	88.2	126	109	98	95.8	34.8	84.4	52.9	40.5	41.3	45.5	36.3	28.8	33.3	49	76.5	51.1	43	51	54.5	58.7	36.2	32.3	16.6	15.8	22.3	26.4	26.5	7.92	9.07	6.99
95.1	103	106	100	105	86.7	69.7	61.4	58.3	65.2	57.2	65.5	78.2	78.3	69.3	73.8	80.8	68.9	91.7	81.7	72.5	92.6	82.3	104	86.2	94	87.9	79	96.5	105	109	103	92.8	81	89.2	110	103	92.2	106	138	87.3	95.2	105	101	65.9	74.6	87.8	111	125	106	63.8	85	84.7	123	127	134	81.6	58.4	73.5	56	89.8	80.4	88.8	96.5	136	84.4	100	104	104	137	114	99.1	88.9	103	114	67.9	62.5	74.4	72.4	93.8	187	123	68	57.8	84	64.1	84	70.6	77.9	111	113	65.3	72.5	90.6	48.1	61.4	42.9	44.4	56.1	61.2	50.8	38.8	30.2	41.8	47.6	39.4	39.6	52.6	59.4	62.9	48.6	37.4	28.5	18.9	16.9	1.73	0.695	0.351	4.75	3.83
99.3	102	96.2	78.5	87.9	78.5	73.1	66.9	79.8	66	56.1	60.3	62.9	60.7	66.3	62	50.1	86.5	106	101	67	63.9	68.9	88.6	79.2	91.6	104	111	109	93.9	113	108	98	92.7	82.8	126	138	150	109	103	139	140	127	114	87.6	88.9	133	106	104	101	76.9	62.4	48.5	62.2	85.9	121	80.2	85.5	142	66.9	107	77.2	120	71.6	73.7	92.4	85.3	95.6	119	147	86.9	64.4	62.6	70.4	65.9	35.6	37.9	112	50.4	69.2	118	52.6	44.8	46.2	75.8	92.2	94.7	106	117	142	131	54.1	50.3	53.2	54.3	78.3	51.8	37.4	54.2	76.4	46.9	33.7	28.7	36.1	33.3	41.4	32.8	29.4	28.6	37.7	36.3	23.8	22.4	19.4	12.2	8.16	7	2.24	0.25	1.31
93.3	98	120	99.3	81.8	80.8	75	82.9	101	80.1	57.2	57.5	67.9	76.9	62.4	63.3	42.9	60.7	82.8	77	47	66.7	66.7	85.9	75.9	71.6	86.6	119	137	129	136	136	107	86.6	94.9	123	117	125	133	128	94.9	83.8	86.2	84	122	115	185	138	98.4	88.1	72.3	72	72.5	115	121	102	108	114	98.4	99.8	99.2	69.9	139	40.1	64.8	177	108	125	133	131	71.2	62.4	45	40.7	45.3	42.4	57.2	70.3	57.8	34.4	45	33.9	38.6	50.1	71.4	105	136	124	123	146	114	107	52.3	69.9	32.3	65.6	48.8	43.7	69.2	61.6	56.7	36.3	26.8	33.7	41.6	36.1	50.9	52.8	28	36.1	21.7	18.9	14.8	15.7	12.8	8.4	5.87	2.95	0.401	4.49
92.8	100	94.9	94	92.3	83	70.5	82.7	75.8	79.7	52.2	65.3	72.2	88.6	59.5	58.2	55.2	35.8	36.5	34.3	41.7	54.9	58.6	56.1	66.9	73.4	69.4	85.4	106	145	128	102	110	134	114	110	92.8	88.5	108	89.7	106	108	85.6	103	92.9	110	137	125	114	130	120	118	114	145	156	143	147	157	123	95.7	85.6	72.8	64.3	55.9	54.2	92.6	92	109	110	105	76	76.5	70.9	81	57	53.4	61.5	70.3	55.6	52.9	57.3	76.3	96.5	64.1	62.7	65.8	102	138	124	161	111	91.1	59.9	65.1	34	45.2	49.1	45.2	67.7	48.2	50.5	40	55.1	44.5	44.1	40	56.1	53.9	31.1	21	27.4	27.6	17.6	13	8.3	5.23	2.57	3.22	2.4	1.11
81.3	118	98.7	119	93	82.6	86.5	70.4	63.5	60.7	61.5	85.1	77.9	75.7	77.4	69.9	51	37.3	42.7	44.2	51.5	72.9	57.2	56.4	70.2	91.3	95.8	104	89.7	133	155	110	88.3	120	87.1	87.3	88.4	102	94.7	86.5	87.9	107	81	90.8	107	95.1	93.9	88.5	92	92.2	79.5	140	137	119	149	128	144	125	129	107	92.9	101	63.9	49.6	77.3	78.7	72.9	76.9	121	112	89.9	112	131	120	93.8	82.2	74	79.6	90.9	79.4	86.7	110	109	73.8	91.7	56.9	95.4	111	103	123	91	116	122	121	65.7	51.5	66.5	81.8	53	40.4	43.5	23.6	31.5	31.4	35.2	53.6	46.8	40.3	24	38.5	23.4	13.7	28.8	18.8	8.82	1.61	2.47	0.475	1.37	1.44
86	101	88	148	125	90.5	60.3	66.7	52.3	42.1	47.8	72.4	60	60.9	90.6	72.3	54.1	43.4	44.3	44.5	52.1	51.9	49.8	50.6	79.9	100	96.9	113	117	120	160	136	110	100	97.6	98.3	109	106	103	92.8	161	93.5	89.9	125	105	97.7	133	88	107	83.6	84.1	151	114	79.1	96.1	98.1	96.1	116	113	103	126	114	113	80.6	93.4	116	142	114	136	118	127	134	180	180	189	134	109	88.6	92.6	90.1	148	140	103	65.3	69.3	64.3	72.3	97.4	85.9	80.6	69.8	114	80.8	57.2	49.5	53.2	65.1	50.2	46.6	35	37.9	60.4	23	16.6	33	55.8	22	25	36.8	23.8	25.3	33.1	35.1	21.3	6.33	3.45	0.308	2.39	2.73	2.07
84.2	77.7	102	186	114	157	116	83.3	68.9	45.4	44.9	53.1	66.2	68.1	70	55.5	45.7	61.6	67.7	59	65.6	48.1	45.1	51.7	63.1	71.8	73.2	103	101	120	123	112	100	89.7	92.7	92.3	110	100	95.8	88.8	123	94.5	89.7	96	192	99.4	103	114	117	98.2	115	135	99.9	94.7	99.4	129	125	134	109	143	132	122	101	120	92.6	107	163	125	116	119	125	139	152	185	191	147	121	98	144	200	171	182	140	88.8	82.3	115	104	74.6	71.9	67.3	59.1	70.8	58.8	58.1	48.5	44.9	91.1	98	58.6	38.1	37.3	30.4	17.8	12.5	30.3	26	22.4	25	47.6	60.7	32.8	30.5	37.6	16.9	11.7	6.59	0.881	1.57	0.0218	0.149
64.8	82.8	128	146	149	137	144	116	108	72.5	61.1	62	61.4	54	48.6	53.6	47.3	74.2	93.2	78.2	87.8	74.7	71.7	79.2	76.5	82	90.1	75.9	85.4	98.3	94.5	80.1	74.4	57.7	80.7	89.5	82.2	88.9	81	74.2	98.3	145	93.1	81.4	161	109	148	125	121	105	97.4	119	116	106	118	97.8	103	114	98.5	136	124	87.7	97.7	92.6	97.5	82.8	114	143	145	124	137	186	226	169	150	132	123	159	181	204	140	195	166	115	144	80.3	57.6	74.4	87.6	87.8	47.7	74.8	33.7	42.3	32.1	45.6	76.1	51.5	48.1	42.1	28.4	39.3	22.6	18.5	21.4	28.8	25.7	32.6	31.3	41.7	38.2	54.6	45.9	11.9	5.33	3.16	0.945	0.0499	1.25	0
55.5	99.1	88.1	121	161	162	128	144	104	99.5	73.8	54.3	57.1	60	60.7	66.1	65	60.4	58.3	46.7	68.6	93.9	78.5	83.3	71.5	58.9	67.4	64.9	73.1	60.5	82.4	63.1	60.9	56.3	68.9	75.3	84.5	88.4	87.7	85.8	95	105	94.3	120	78.1	170	147	112	119	99.4	92.4	96.4	114	109	171	73.7	79.2	113	111	111	96	80.1	82.5	107	119	101	114	166	175	143	160	195	204	198	150	103	103	158	150	169	146	157	139	95	112	62.3	52.8	50.6	52.4	65.9	44.8	37.9	30.9	35.3	29.4	54.7	39.9	39.6	60.4	52.4	33.7	27.2	26.6	28.2	27.7	29.5	24.9	23.5	16.6	27.9	39.7	27	20.5	24.2	8.49	3.64	1.81	0.916	0.297	0
74.3	83.3	119	132	103	101	143	140	104	66.4	70.3	75.2	52.3	46.9	62.1	78.5	82.2	62.1	63.8	71.5	67.1	66.1	79.5	60.3	46.1	46.6	61.8	56.8	64.9	68.6	90	85.6	75.3	74.3	99	70.7	105	92	96.8	110	156	153	161	139	86.7	192	166	129	124	113	122	117	123	114	117	110	121	123	168	142	112	86.8	101	88.8	92.4	83.1	107	151	164	151	139	137	137	143	122	93.7	168	201	195	197	139	119	99.4	65.8	62.3	58.2	74.9	50.2	70.1	102	54.6	60.1	64.8	65.8	26.7	54.2	80.5	68	57.1	47	50.6	39.9	31.2	25.6	27.7	30.7	24.9	14.4	16.6	17.9	21.8	21.2	10.1	19.8	5	1.32	0.671	2.18	0.292	0.29
61.1	44.3	89.6	94.8	80.4	115	92.9	100	77	51.9	54.7	79.3	62.5	66.5	64.5	90.9	70.6	67	64.3	66.7	56.3	51.5	58.8	48.9	49.4	56.8	53	67.4	72	103	135	102	85.2	84.8	78.9	80.7	96.1	104	105	104	114	154	176	134	119	156	234	114	87.2	101	86.4	109	113	148	134	143	254	141	141	131	101	103	103	91.5	99.3	96.3	99.5	151	132	143	118	109	107	107	118	97.9	152	167	195	170	115	138	115	105	69.3	53.9	44.6	61.4	83.7	98.8	80.7	74.5	57.3	50.4	28.4	42.1	64.8	58	59.1	43.3	47.6	45.7	30.2	18.4	29.2	26.7	17.9	12.8	17.6	14.4	14.6	18.6	7.11	9.39	3.33	1.44	0.885	0.416	0.31	0.0876
80.8	79.6	91	97.6	89	128	102	91	79.4	59.1	79.1	83.8	89	79.2	94.5	98.5	78.6	70.3	60.9	67.3	61.8	59.2	49.4	54.1	64.1	69.9	67.5	87.8	103	111	96.8	113	104	90.7	90.1	127	94.8	126	97.8	91.5	156	142	129	84.3	90.7	183	145	91.7	67.5	66.4	67	80.4	106	170	131	123	208	154	119	121	102	88.5	105	112	100	98.1	105	132	129	114	105	129	126	135	113	106	124	151	204	167	141	125	84.5	107	75.4	72.9	80.9	84	84.5	66.8	60.5	73.6	52.2	61.8	69.2	45	46	51.7	68.2	41.9	46.9	52.8	34.6	21.3	18.3	12.7	9.78	16.8	15.2	12.7	12.9	10.9	11.2	5.16	3.12	1.42	0.842	0.482	0.355	0.112
53.6	68.9	56.5	110	112	92.2	70	53.4	78.5	67.6	146	112	101	93.9	107	103	90.3	62.3	75.1	73	75.3	74.7	53	48.3	66.8	66.9	71.4	92.6	99.7	93.3	101	101	94.8	88.1	89	87.7	113	128	78.5	80.1	96.7	102	104	129	133	121	69.2	67.8	67.1	59.4	43.1	57.3	68.4	98.4	109	147	201	137	122	148	109	87.1	95.2	122	89.8	77	79.2	130	109	103	96.4	110	122	131	132	123	142	149	186	132	127	107	75.7	88.5	80	94.6	117	106	105	84	76.6	69.4	62.8	62.7	49.3	36.2	39.3	41.6	51.3	42.4	55	56.6	40.9	35.7	24.6	32.7	31.9	25.1	10.4	10.3	17.4	12.5	9.47	4.76	3.24	2.41	0.935	0.568	0.427	0.14
56.1	68.1	63.9	78.2	99.2	52.8	61.7	65.1	48.7	66.8	107	118	108	76.8	72.6	76.6	66.3	61.5	78.8	112	104	92	70.6	38	48.8	71	76.9	83.6	87.5	109	121	98.7	83.2	83	72.7	56.3	84.5	75.7	89.8	81.4	59.1	62.5	77.7	61.7	153	101	64.5	79.2	89.8	126	73.4	88.5	78.5	82.7	104	165	197	262	221	162	119	99.9	112	126	93.8	78.7	83.9	151	117	116	115	125	152	161	156	171	184	165	185	116	112	152	106	114	99.1	96.5	105	92.1	104	84.8	77.8	66	93.7	88.7	41.2	46.8	53.7	50.4	56	53.1	48.8	52.9	58.8	38.9	45.7	44.2	34	29	24.9	20.5	18	14.8	10.9	9.15	7.24	3.18	2.05	1.31	1.4	0.441
62.3	39.5	40.6	59.8	53.8	41.4	51.8	72.3	82.1	84.1	70.4	92.5	121	86.5	71.7	61.3	64.8	66.2	75.4	85.6	89.4	95.4	67.7	66.9	60.5	64.2	66.3	78.5	87.7	81.9	100	84.9	80.6	75.1	67.8	56.5	73.8	77.2	60.1	95.9	51.3	44.1	66.1	55.1	66	74.6	55.1	58.6	78.1	86.5	134	96.4	68.1	60	58.1	81	187	239	161	141	109	99.8	99.5	108	126	93.4	127	143	143	123	114	111	130	119	135	122	113	97.6	133	96.3	109	145	99.3	102	102	104	109	113	135	93.6	68.9	85.3	86.9	65.9	52.2	62.1	69.2	67.3	79	63.2	56.9	55.4	68.1	37.7	45.5	60.3	36.8	32.1	32.7	26	21.1	16.3	12	8.31	6.68	4	3.66	1.5	1.14	0.514
69	52.1	45.5	29	30.5	23.4	34.6	50.8	60.3	54.6	48.4	65.9	89.6	71.7	72	70	62	78.9	75.5	99.1	88.3	93.4	93.5	94.6	100	90.1	74.9	72.2	78.3	80.5	74.1	68.6	75.5	69.2	59.5	48	76.3	78.2	87.7	101	67.8	110	61.8	64.2	80.2	117	64.4	61.3	63.6	66.5	106	87.6	83	83.1	51.7	67.1	86.7	93.1	102	124	114	125	105	122	145	138	125	145	131	154	131	99.9	94.7	108	122	107	107	103	114	92	113	119	105	109	93.7	128	117	101	93	94.3	96.5	105	82.7	110	81.8	79.1	78.2	68.8	93.9	83.9	78.2	68.5	61.5	45.9	38.1	55.3	44.7	43.7	40.2	35.3	23.5	15.9	11.9	8.53	7.05	4.14	3.25	4.11	4.17	1.74
55.3	79.6	74.3	51	46.9	37.8	34.2	37.9	44.6	63.1	68.5	77.2	76	69.5	57.2	68.6	79	85.6	107	100	93.6	93.1	109	110	97.4	88.6	85.7	64.7	62.8	69.1	61.1	58.2	70.2	60.1	53.8	43.1	44.1	74.3	75.4	51.7	133	174	81.2	58.1	90.1	119	163	93.9	65.1	71.9	88.8	91.5	103	65.1	68.3	57.8	72.3	80	83.2	87.5	107	98.9	92.5	135	99.2	114	116	90.8	98.1	115	96.8	97	107	131	142	145	133	80.8	80.6	73.1	119	115	113	90.1	115	110	114	108	96.2	115	107	120	99.5	87.2	69.1	81	108	83.4	105	101	90.1	105	88	55.6	47.6	49	36.8	36	39	37.1	23.5	17.3	15.9	11.1	11.8	10.7	3.27	2.19	2.28	1.71
34.8	51.5	67.7	66.1	46	50.8	47.9	33	47.8	69.7	54.3	71.4	88.8	74.8	74.2	90	108	117	98.1	97.4	73.8	90.2	102	108	82.3	77.6	57.9	37.5	46	48.9	43.9	42.9	47	44.7	44.5	48.4	43.5	55	92.5	56.3	77.1	107	113	66.1	73.9	104	176	149	115	114	129	123	90.1	68.6	115	105	108	135	121	110	108	85.7	137	101	85.5	86.1	89.4	73	71.4	97.7	91.8	91.8	109	122	125	109	90.7	86.2	106	112	161	174	131	128	146	138	151	120	116	115	103	74.1	90	75.8	78.8	84.7	116	99.6	82.5	80.1	99.8	99.5	81.6	73	57.1	58.9	28.4	30.6	31.1	29.3	25	18	14	14.9	17.8	10.5	5.48	2.9	1.55	2.46
38.4	40.3	47.6	53.7	42.6	42.5	48.9	56.5	41.2	26.9	31.6	51.3	56.7	82.9	73.6	89.9	90.8	87.5	73.7	108	112	107	105	97.7	75.8	85.6	77.4	67.8	63.1	42.2	43.8	40.1	55.5	46.2	47.4	48.6	40.4	46.8	69.8	75.5	85.1	74.1	147	70.7	75.8	96.7	148	198	181	142	128	133	89.4	38.4	127	149	140	126	116	118	121	112	114	99.1	121	89.1	69	73.5	78.5	98.3	126	132	104	83.8	81.7	75	126	113	106	95.7	111	118	129	128	165	158	128	135	102	103	81.9	74.6	97.4	98.1	102	91.2	131	106	87.4	81.6	83.7	91	86.9	82.8	60.2	55.8	43.9	46.3	35.2	34.8	28	18.9	21.9	12.1	13	9.18	11.9	8.41	7.06	6.02
30.2	50.8	65.4	44.2	33	26.2	26.4	41.8	28.3	35.7	43.1	67.9	55.3	64.5	81.7	97.6	86.1	76.2	53.4	96.2	114	109	112	89.2	102	104	103	92.6	90.5	60.8	52.4	51.4	52.8	57.3	57.3	50.5	46.5	39.2	41.5	71.7	95.2	67.5	68.2	135	144	88.6	85	120	147	180	156	162	118	79.3	109	91.7	118	121	115	98.5	101	142	159	110	129	88.2	99.3	81.6	67.1	119	121	145	105	82.4	97.7	69.8	109	107	110	118	116	119	146	142	136	163	136	112	110	107	88.3	82.6	113	120	98.9	100	133	137	88.1	76.3	73.7	85.3	80.9	87.7	74.1	51.3	43.4	39.6	46	45.1	40.5	23.9	26.9	23.2	13.9	25.8	23.8	26.8	12	10.1
30.4	56.9	47.1	27.9	11.8	18.7	14.4	14.8	24.2	41.4	63.3	65.1	60.7	64.5	90.4	100	80.5	64.7	41.5	84.1	77.5	98.8	82.8	73.7	90.7	104	103	75.9	60.6	53.5	36.7	36.9	59.9	50.1	53.7	38.8	37.9	36.2	40.7	57.1	57.6	85.6	61.8	52.5	107	92	88.8	140	149	116	143	138	94.6	94.3	119	103	117	122	137	85.4	89.8	113	131	101	123	112	91.2	84.7	68.4	96.8	113	107	97.2	114	109	90.4	82.4	109	100	93.8	94.4	99.2	115	143	144	146	153	109	154	135	97	93	107	153	125	123	124	112	78.7	79	70.1	68.2	84.4	78.7	57.5	40.7	35.1	40.9	34.8	33.3	30	22.2	20	17.5	15.9	28.1	26	19.9	7.45	9.17
9.76	11.1	11.2	17.6	9.84	8.97	7.59	7.77	12.7	31.6	62.1	104	118	106	117	130	87.6	62.8	48.3	64.6	64.1	65.5	80	62	59.9	87.6	94.1	59.7	56.3	54.3	47.1	34.6	30.8	28.5	40.1	37.4	42.6	39.1	38.2	41.5	50.6	67	45.4	36.6	38	52.7	49.3	76.8	148	107	108	75.4	84.7	81.5	97.2	94.6	92.7	112	99.5	116	92.6	122	121	139	114	107	83.7	79.5	80.7	103	113	98.9	107	133	116	97.3	91.5	96.2	113	147	110	109	148	161	157	156	135	90.2	109	100	119	98.7	105	138	106	128	122	91	77.9	73.7	70.2	72.2	63.3	75.2	55.7	33.1	44.3	42.8	32.7	38.5	31.5	27.5	23.3	23.1	21.6	28.4	20.2	14.8	12.5	7.06
5.86	5.07	8.76	19.4	17.2	8.29	7.51	8.44	11	15.5	27.8	68.2	115	140	122	136	113	81.8	78.2	66.6	77.5	75.9	74.7	80.6	80	91.8	83.2	54.5	48.9	52.6	43.4	31.6	30.5	27.5	32.9	40.8	78.5	58.4	64.7	74.1	68.3	40.8	43	82.5	64.6	78.3	43.1	42.8	75	89.3	104	89.2	93.1	91.5	96.9	85.5	104	85.5	112	126	105	107	128	124	101	87.7	87	90.6	90.4	101	111	102	127	140	149	94.4	90.6	106	105	113	133	126	150	138	150	124	101	78.1	97.6	112	113	94.6	91	77.3	90.9	112	95	122	146	80.9	77.9	59.9	53.3	77.6	62.2	40.6	26.7	45.1	39.8	41.4	36.2	32	28.5	26.2	20	15.2	10.6	13.8	27.9	15.5
6.07	4.27	7.44	7.93	8.93	11.9	10.3	7.8	8.69	13.1	25.6	21.1	34.3	61.7	88.3	104	128	105	101	118	93.8	80.9	86.7	105	108	97.1	84	51.5	44.5	40.6	44.3	48.6	32.4	26.6	32	57.3	86.8	84.9	60.4	85.8	83.8	44.6	45	62.3	25.7	70.3	89.9	50.9	37.3	101	103	77.6	104	79.2	58.1	108	140	98.3	102	117	138	160	120	118	105	97.1	97.8	116	124	105	95.6	123	137	160	140	123	102	101	106	106	118	142	134	126	118	108	107	84.2	96.1	115	122	103	114	85.2	70.1	89.5	98.4	119	133	82.1	48.6	56.7	60	65.8	43.1	32	40.8	51	44.1	46.4	51.2	36.7	41.2	30.7	25.8	15.5	18.8	23.8	30.9	8.3
8.35	9.24	10.8	9.2	9.98	11.6	11.7	10.5	11.6	14.9	23.8	32.7	21.9	22.7	46.2	72.7	102	79.2	78.7	97.8	106	69.2	87.1	84.3	84.9	83.6	68.5	48	44.6	41.4	52.1	68.1	43.4	32.6	37.1	52.8	66.6	70.2	50.2	69.3	93	95.4	69.9	92.3	33.4	31.8	80.2	74.7	39.4	54.7	70.7	105	107	102	70.7	69.7	134	120	137	153	180	137	116	130	115	136	122	126	124	111	100	112	117	143	157	150	125	90.1	94.1	107	105	108	93.7	94.6	116	130	141	99.4	96.4	92.7	110	106	112	101	83	87.5	78.8	66.5	59.9	42.5	60.2	57.7	38	55.2	49.8	46.7	46	53.8	62.9	46.5	59.9	51.1	36.3	31.9	24.6	26.8	30.1	25.6	29.1	20.6
4.13	6.76	10.5	7.81	8.12	8.58	9.39	14.9	13.4	10.3	13.1	26.7	24.4	19.5	24.5	50	47.7	46.3	44.1	60.6	59.9	64.2	76.3	70.8	75	95.2	67.3	58.5	54.2	55.8	47.7	57	53.6	43	53.2	35.6	34.5	41.7	47.8	103	69.7	80.6	60.3	57	37.9	42.8	61	75.9	58.5	73.7	70.1	109	181	102	80.8	69.8	92.4	119	120	104	165	134	122	129	126	146	139	133	116	124	106	105	108	117	107	142	120	67.1	55.4	84.2	84.5	107	78.2	65.4	101	98	112	107	123	116	89.1	78.1	99.3	120	112	86.4	65.3	47	47.1	44.2	47.5	48.9	50.3	96.4	70.8	69.9	45.1	61.6	56.9	56.2	51.3	48.3	40.4	41.9	30.9	18.6	12.5	27	21.7	22.6
3.72	3.64	4.39	6.15	8.61	8.18	8.66	9.22	12.6	12.7	14.2	19.3	20.1	18.7	26.8	40.9	31.8	34.1	38.9	38.2	41.2	46.6	58.3	56.8	59.8	66.4	66.5	55.9	54	47.7	47.2	51.1	56.1	51.4	53.2	42	36.8	40.4	51.5	93.3	88.4	59.4	41.4	44.4	51.2	53.2	40.4	38.3	70	66.9	61	138	119	95.9	64.5	44.4	38.3	91.2	113	94.7	109	123	110	112	152	115	105	109	118	117	97.1	91.7	94.8	114	117	108	84.5	68	57.6	64.6	67.6	68.9	51	54.3	81.7	82.7	101	96.7	108	87.2	66	54.7	78.9	89	88.3	87.2	67.6	46.7	45.7	45	48.5	41.6	42.4	78.2	67.7	63.3	39	58.2	60	45.8	50.6	53.5	48.8	48.6	44.9	25.2	19.6	19.8	26	18.1
3.45	4.28	3.14	4.44	6.43	9.7	7.04	6.04	7.53	8.11	11.7	15.7	22.9	17.1	20.1	36.2	30.9	42.1	44.1	37.8	34.8	32.4	54	60.6	80.2	58.8	54.8	56.1	53.8	55	59.6	40.6	47.1	52.4	58.1	51	40.3	50.4	79.8	63.5	74.5	61.9	53.1	50.6	37	23.7	23.2	35.6	66.2	56.2	50.4	70.9	47	38.8	44.3	28.2	42.1	83.6	83.4	84.4	96.1	123	124	151	137	114	103	106	100	88.4	84.3	88.9	99.6	100	94.5	78.6	64.6	60.2	67	84.4	57.8	58.3	57.1	62.9	52.8	65.4	64.3	66.1	77	83.1	61.3	65.9	92.7	110	91.5	84	96.3	76.9	47.8	44	55.6	47.7	40	58.7	43	29.6	23.1	38.4	46.4	65.5	56	36.3	52.8	51.8	38.8	25.8	28.3	26.7	28.9	22.5
3.85	4.44	3.41	3.74	5.36	5.45	6.29	7.39	6.34	7.7	9.55	15.3	18.4	16	18.9	24.4	29.7	28.2	42.5	29.2	60.2	36.2	41.5	60.9	83.6	54.1	52.5	55.1	53.4	52.1	66.5	51.6	42.7	48	52.8	41.4	40.8	64.4	71	80.6	78.2	69.7	57.9	62.8	40.1	28.4	20.4	32.5	43.6	51.1	44.9	53.7	58.1	91.7	74.3	55.2	62.3	55.9	72.6	123	108	153	138	145	157	133	138	118	118	107	82.1	83.9	96.3	97.2	84.6	74.2	57	54.7	69.1	61	56	60.3	63.8	57	61.8	63.3	73.2	72.8	90.3	77.9	71.5	90.4	133	119	103	108	129	113	60.7	58.4	92.1	83.3	67.5	71.8	42.6	20.2	26.6	27.1	32.2	48.5	48.2	34.9	39.2	43.2	36.3	27.5	29.9	24.7	25.5	19.1
1.73	2.53	1.61	2.16	2.44	3.53	4.92	5.01	5.44	7.18	8.64	12.1	13.7	19.4	14.6	16.5	21.7	18.8	24.8	24.1	41.8	50.2	30.7	38.8	32.2	35.1	42.4	47.3	47.7	59.4	79.7	61.2	48	51.3	55.8	45.8	46	53.8	83.6	106	93.8	81.3	61.1	59	37.5	33.8	23.1	25.4	27.4	28.7	21.5	40.1	57.9	71.4	58.1	49.2	56.9	87.2	83.2	92	115	112	98.4	81.3	108	105	106	84.8	103	92.3	71	73.8	71.9	72.9	70.4	92.9	78.7	91.6	93	67.6	61.1	67.7	69.8	49.1	50.9	46.4	49.6	57.9	67.3	67.5	74	123	126	89.2	94.1	78.2	79.8	102	76.4	86.7	74.7	71.5	55.2	48.7	43.4	35.9	31.7	34.6	33.9	40.5	37.9	41.9	30.5	29.2	21.9	24.7	26.7	24.4	21.1	23.8
2.06	2.16	0.764	3.1	4.24	2.27	2.78	4.66	7.07	7.63	9.14	13.5	14.9	15.1	14.9	14.4	14.9	15.6	22.2	20.6	37.1	69.9	46.5	47.8	39.7	38.6	30.8	49.7	52.1	74.8	90.8	59.9	69.6	67	55.4	48.7	56.4	65.5	80.9	101	83.7	70.7	56	50.8	45.8	34.3	32.4	23.5	40.4	39.5	21.8	41.1	59.8	56.8	53.3	31.9	41.6	33.3	43	65.8	75.4	77.6	121	77.1	78.8	84.7	105	89.6	90.7	72.1	70.8	78.4	71.9	72.9	88	79.9	78.5	97.5	103	72.9	83.9	88	71.9	47.7	66	61.4	48.4	58.9	58.8	70.3	56.2	86.5	83.7	75	78.8	75.2	72.6	74.1	70.3	70.8	63.5	42	40.1	45.1	51.5	44.6	33.4	33.9	41.1	48	40.4	26.6	28.3	23.6	15.7	21.2	23.8	22.2	13.6	11.9
1.08	1.04	0.611	1.1	4.76	1.54	2.46	3.66	4.29	6.83	8.08	12.4	15.2	16.6	14.7	13.9	15.4	14.6	14.9	12.3	32.6	70.1	71.4	74.7	52.6	60.2	58.4	46.9	53.9	53.1	69.6	71.9	60.9	64.2	64.2	52.3	50	55.1	67.2	68.6	62.5	57.7	56.3	48.5	46.4	30.8	27.8	45.1	72.5	42	24.7	39.4	40.3	43.9	45.7	40.1	40.7	40.7	56.4	60.4	62.3	66.4	82.3	86.8	87.1	82.8	90.4	134	116	75.8	74.1	64.4	86.1	85.8	101	93	89	86	89.3	86.2	94.8	92.2	90.8	75	89.3	79.7	51.2	41.8	55.7	67.2	62.9	87.5	102	84.5	88.2	70.3	62.4	73.7	84.1	78.1	80.5	70	51.7	39.7	44.5	49.4	35.5	39.8	38.2	40.1	33.2	22.6	26.1	15.9	15.4	27	29.8	30.3	26.7	16.6
0.734	0.427	0.454	0.652	0.661	0.897	1.71	2.79	3.58	4.83	8.34	15.9	11.4	12.6	12.5	16.7	13.1	14	14.2	14.1	61.1	75.4	59.1	91.7	57.2	51.4	55.6	48.9	41.3	43.4	52.3	65	58.8	76	66	47.3	47.6	49.1	53.1	60.1	52.6	52.6	53.8	55.9	49.6	35.8	36.6	39.5	39.8	42	28.3	33	31.3	64.2	83.1	58.6	57	43.4	51.4	63.7	65.5	56.3	61.4	70.1	95.4	87.4	106	131	126	127	90.9	65.4	80.8	79.6	89.9	94.5	95.9	93.1	112	100	92.9	86.2	80.1	56.4	51.6	49.7	47.9	48	64.3	69.4	66.8	92.2	85.6	83.8	76.5	63.2	68.9	89.8	96.8	102	85.2	63.7	53.6	54.5	46.4	45.4	39.5	47.2	54	32.9	30.7	25.7	22.2	19.6	31.5	35.1	39	31.4	21.5	22
0.337	0.84	0.454	0.219	0.182	0.247	0.389	1.76	2.99	3.35	3.07	7.79	8.82	13.2	9.57	12.5	9.41	19	12	12.8	13.7	29.8	30.8	40.6	77.7	83.8	49.9	51.2	52.9	44	48.6	43.9	55.4	80.6	62.3	58.5	68.4	65.6	72.3	80.5	65	59.1	60.2	45.5	44.9	29.1	27.4	17.5	15.9	18.8	12.5	18.3	23.2	46.4	93.8	80.7	78.9	48.2	63.7	63.8	58.2	51.5	56.2	62.5	69.4	67.2	71.1	70.2	69.6	126	79.1	72.1	71.3	89.2	89.4	102	98.5	107	95.2	88.1	91.8	86.8	66.6	45.6	53.2	46	46.5	49.9	57	80.7	78	83.1	77.5	86.8	89.2	84.9	93.6	91	100	88.7	69	61.3	56	54.6	45.7	42.4	46.3	43.6	46	41.2	36.9	31.4	31	42.7	54.3	52.5	46.8	30.3	28.8	26.8
0.101	0.525	0.107	0.382	0.148	0.134	0.218	0.543	0.796	1.57	2.31	6.54	9.12	9.71	7.14	15.1	11.7	11.7	8.03	12	11.6	17.3	27.8	25.9	28.3	36.2	38.7	52.9	49.1	58.9	72.4	44	42.7	55.7	50.5	73	71.1	76.3	67.2	84.2	86.5	60.9	58.8	53.9	72.2	32.4	35.1	29.2	13.5	12.9	21.5	77.3	29.7	40	61.5	61.7	73	52.9	52.7	65.2	87.7	59.4	52.5	65.5	66.6	67.5	70.1	69	69.4	74.9	74.9	74	82.5	72.8	85.6	101	108	125	99.5	88.4	85.5	97.5	76.8	83.1	68.6	38.1	36.2	46	56.9	78.9	97.7	81.5	71.3	77.5	102	94.1	90.8	115	103	92.7	89.4	71.3	57.5	47.1	42.2	45.2	49.7	44	43.8	34.3	30.5	29	36.1	42.6	60.7	62.9	43.9	36.6	37.6	34.3
0.0683	0.0925	0.0377	0.0787	0.0372	0.0908	0.389	0.362	0.421	0.993	1.7	5.53	6.51	11	5.91	6.45	19.4	18.1	13.3	14	17.4	10.5	14.7	35.4	17.1	26.7	17.1	28.1	26.6	35.1	44.2	44	43.9	62	64.2	104	96.3	94.7	88.2	70.7	77.8	78	81.1	59.3	59.2	32.4	34.9	31.2	20.8	23.7	12.2	34.2	29.7	56.1	56.6	127	62.8	64.4	63.8	61.3	56.3	51.3	59.4	65.9	66.1	73.2	75.2	92	94	89.9	76.3	76.5	87.9	103	85.8	86.5	105	75.2	76.1	75	82	90.8	98.9	94.1	43.5	27.5	37.7	52	82	79.5	63.6	57.5	67.1	76.6	67.5	84.5	89.8	84.5	96.8	100	97.5	73.8	67.6	56.2	47.1	44.1	50.2	58.6	44	41.4	43.7	32.3	35.8	51.5	66.8	55.5	48.9	44.9	42	42.5
0.0435	0.0289	0.0302	0.0339	0.0354	0.0581	0.15	0.96	0.332	0.628	1.14	2.26	3.4	4.05	5.78	7.25	10	12.5	14.7	20.3	21.1	11.8	12.8	12.9	13.6	63.7	13.8	16.6	28.6	23.2	28.4	41.3	80.6	98	103	104	85.4	84.8	102	84.3	74.4	67.5	104	70.4	48.7	40.9	32.6	26.7	18.1	10.3	9.51	17	18.5	21.1	51.3	160	84.7	43.9	84.4	57	45.9	49.2	58.7	54.4	72.6	89.6	89.3	90.2	71	64.2	67.8	59.5	73.7	103	111	81.3	99.7	86.4	82.6	99.8	111	91.3	98.2	59.1	45	31.4	47.6	53.2	62.9	80.3	62.8	54.5	74.8	91.1	76	92.6	76.3	81.5	102	72.2	78.7	56.4	79.8	61.1	48.2	49.8	57.7	62.4	49.5	45.9	45.2	52.3	45.5	43.9	53.9	51.2	47.6	64.4	43.9	46
0	0	0	0.0432	0.0501	0.374	0.12	0.104	0.13	0.287	0.387	0.575	0.82	1.21	1.48	10.1	8.59	11.2	7.4	10.3	12.1	20.1	21.4	18.6	14.7	17.5	13.4	10.9	10.2	10.4	10.3	18.3	48.3	79.7	84.5	139	109	107	106	68.2	68.7	67.5	74.9	65.1	45.4	46.8	42.7	22	13.9	9.07	8.91	8.65	10.5	11	14.1	42.6	44.2	41.8	43.7	33.4	34.4	25.3	45.5	50.6	78.4	64.8	80.7	79	60.4	71.3	76.9	80.3	70.2	64.1	85.9	61.4	73.8	78	68.8	58.5	77.5	72.7	75.6	65.2	40.1	80.4	56.4	66.3	67.4	97.8	83.8	74.7	79.2	106	132	100	94.7	89.7	70.1	74.6	66.2	66.5	75.5	65.9	59.4	52.5	57.4	67.2	57.3	49.6	47.8	47.9	41.7	36.7	45	47.6	43	57.7	52.8	54
0	0	0	0.0363	0.0472	0.0639	0.0863	0.069	0.0836	0.524	0.609	0.241	0.31	0.48	0.702	2.36	6.33	3.6	7.33	11.1	13.5	16.4	15.6	21	15.2	12.7	13.9	16.2	16.7	7.71	7.27	4.29	18.4	30.2	93.4	157	152	123	95.2	66.1	56.4	61.8	62.3	54.1	45.8	44.3	49.5	36.5	32.5	13.3	10.8	11.1	10.1	17.3	14.5	22.2	27.9	36.3	32.8	27.3	20.4	17.3	17.9	28	40.5	42.7	59.1	67.4	54.3	64.7	66.6	67.2	67.9	90.9	93.6	56.8	51.6	58.1	73.9	57.7	72.7	68.3	74.8	63.1	40.5	47.4	61.3	81.4	83.2	64.6	75.5	73.4	99.9	131	167	137	92.6	66.3	64.3	86.9	66.2	68.1	73.1	70.6	63.1	53.8	55.1	58.3	50.7	39.4	39.5	46.1	56.6	44.9	51.1	46.1	46.2	49.4	54.3	61.8
0	0.0251	0.0251	0.032	0.0435	0.0566	0.0649	0.0466	0.052	0.056	0.119	0.0636	0.0668	0.165	0.31	2.06	1.67	2.51	8.29	11.3	9.17	11.2	13.5	13	11.2	10.2	12.2	10.8	16.7	7.14	4.07	2.74	4.94	11.7	22.2	91	107	96.2	107	80.5	61.3	50.4	70.8	52.2	41.4	41.8	37.2	30.1	16.6	12.3	14	12.2	8.29	17.7	13.7	19.9	37.8	35.6	34.4	40.4	27.2	42.7	46.9	23.5	27.2	49.1	50.8	57.8	49.6	50.7	56.9	60.5	59.6	69	58.3	54.3	51.1	54.3	75.6	103	84	57.1	60.1	66.3	61.7	66.7	80.6	112	111	98.3	85.1	75.8	118	128	149	109	103	76.1	121	98.3	78	72.9	71.5	69.4	65.5	54.9	52	54.5	49.9	42.7	46.2	63.5	80.6	86.7	64.3	57.7	57.4	58.6	66.2	78.8
0.504	0	0	0.0304	0.0385	0.053	0.0554	0.0367	0.0382	0.0401	0.0845	0.0886	0.0478	0.119	0.198	1.04	1.3	2.55	8.35	9.32	7.02	9.94	13	12.6	13.6	14.9	12	9.11	8.21	6.3	8.5	5.47	3.54	5.46	10.8	44.4	38.5	38	58.3	43.6	45.9	52.1	51	51.3	45.1	41	43.6	44	27	18.6	15.8	13.5	16.2	13	17.3	21.8	35.1	34.6	48.1	40	55.3	62.7	61.1	37.6	31.4	28.9	41.9	48.8	47.8	36.5	42.8	45.6	48	57.9	70.5	62.6	53.8	53.2	65.9	101	106	56.7	59.7	65	84.4	71.7	95.9	110	147	128	110	99.9	152	124	125	108	93.6	96.2	98.6	95.3	94	75.9	74	68	65.6	60	50.8	51.5	54.9	47.6	43.6	63.7	78	92	74.5	61	72.4	72.8	75.7	109
