119	156	176	194	217	203	195	256	251	214	258	295	336	460	383	422	458	467	491	435	356	371	348	336	349	315	313	347	386	445	416	415	432	322	337	399	411	377	438	499	482	479	644	476	409	360	326	302	229	136	144	116	114	126	121	137	154	193	206	188	209	165	152	128	96.8	93.5	102	152	129	115	110	131	129	123	148	133	125	149	142	166	207	200	169	179	144	119	114	39.2	52.4	43.5	52.6	36.2	56.1	66.2	62.1	59.8	66.6	63.7	85.2	74.3	68	46.6	68.9	58	55.9	44.9	49.4	57.9	57.7	54.8	57.8	68.5	78.3	118	137	178	164	137	152	163
185	275	256	226	206	210	196	220	208	210	280	338	319	314	326	392	413	463	431	357	364	376	349	331	326	299	290	347	399	436	434	454	361	336	359	373	289	307	341	326	334	380	396	348	327	237	235	206	165	133	117	87.2	98.8	89.4	108	89.3	112	145	147	190	192	145	118	96.3	94.7	86.3	83.7	95	101	98.3	110	116	111	107	114	112	105	121	137	178	156	142	161	216	173	132	130	139	121	133	130	32.6	36.6	57.5	71	55.4	51.1	52.4	74.3	59.4	50.4	36.1	40.9	38.7	29.3	33.4	36.6	65.2	63.4	69.4	60.4	73.6	79.8	114	155	164	139	147	136	166
213	227	218	212	211	217	215	216	207	204	307	316	347	338	358	406	338	430	473	465	477	421	443	379	322	364	331	386	386	353	368	347	307	293	252	216	176	225	255	266	274	276	253	252	228	188	154	120	106	99.4	93.7	77	75.9	66.7	81.6	83.5	81.7	86.3	143	163	158	137	113	109	117	121	99.6	120	118	148	116	154	123	165	147	124	115	111	131	213	145	136	149	177	170	158	137	155	161	130	129	20.7	31.1	38	46.3	41.8	63	50.5	47	27.5	39	16.1	14.9	24.7	32.1	41.2	38.7	47.5	64.7	59	64.3	72.8	66	57.2	104	102	110	107	92	94.2
190	204	214	205	207	220	207	210	269	263	253	257	342	346	360	374	371	384	432	479	461	387	401	416	365	353	383	370	325	320	326	283	255	232	185	151	142	165	203	197	206	189	226	171	155	132	102	95.5	93.4	95.4	102	95.9	82.4	73.1	84.5	75.9	93.4	89.1	103	117	112	102	74	106	135	131	150	108	114	121	125	125	130	163	150	123	133	113	127	182	145	154	140	158	180	170	146	149	176	131	134	19.5	15.9	32.8	39.3	40.9	41.1	24.2	23.6	19.8	35.3	22.6	26.5	27	40.4	34.9	30.1	39.3	52.2	49	46.1	64.9	65.4	50.4	63.2	49.6	62.6	68.8	69.1	59.5
222	218	235	213	224	220	218	236	253	276	244	247	327	363	368	343	307	352	415	429	386	333	390	391	389	361	315	259	271	289	315	281	238	186	115	108	131	129	126	147	142	135	121	160	134	118	98.2	103	117	104	96.8	108	118	113	91.3	73.1	77.8	65.6	95.7	111	102	73.5	80.7	85.7	84.8	101	106	112	110	107	128	119	130	151	137	132	132	123	126	169	153	160	170	205	198	153	143	162	169	164	131	22	25.7	31.9	34.2	37	23.6	23.5	19.6	23.6	30.8	24.9	44.8	44.4	51.2	32.8	43.6	50	43.8	37.4	30.4	33.1	44.4	49.6	40.5	36.2	30.7	33.4	32.1	28.9
244	238	250	219	219	263	272	234	256	255	232	240	278	295	301	328	297	318	319	321	289	296	330	366	369	409	331	240	269	314	377	289	199	141	108	107	78.4	69.2	117	114	91.3	105	101	130	124	112	103	154	163	155	128	124	153	140	133	111	119	112	116	97.6	135	100	85.1	95.5	75.6	73.4	82.4	95.2	92.3	109	106	121	139	142	140	157	119	130	164	182	174	156	148	173	152	145	171	215	181	161	154	32.5	47	52.9	31.8	21.7	22.9	13.6	21.6	35	39.1	43	38.1	48.9	53.5	38.5	58.4	62.2	42.4	21.9	21.1	43.6	23.6	30.5	27.7	18.4	17.3	22.1	30	33.8
254	250	298	265	206	222	251	235	284	263	262	281	328	346	290	299	266	349	310	221	210	260	262	310	430	488	430	326	279	304	321	216	165	154	119	113	84.7	78.6	86.3	81.9	99.9	103	94.4	124	114	127	138	169	197	157	131	141	130	131	127	103	110	103	108	107	93.4	97.2	98.8	80.8	88.8	91.1	97.5	88.1	95.1	93.1	103	121	145	123	125	134	129	142	173	171	160	157	144	154	147	153	191	177	158	157	175	51.6	48.6	64.9	21.6	18.4	19.7	15.3	20.6	40.9	27.9	30.8	28.2	33	38.1	26.8	46.9	49.6	33.2	7.14	8.37	11.2	14.4	7.98	14	15	13.8	15.4	31.1	34.5
244	287	314	264	237	234	228	228	246	257	284	294	324	362	317	289	333	388	317	206	207	252	275	290	384	527	545	390	290	303	306	192	196	127	75.3	107	122	83.3	63.5	79	103	111	89.7	131	130	139	167	188	163	150	133	133	136	129	120	101	116	128	134	103	107	134	144	172	136	104	98.3	114	109	95.5	88.9	117	123	113	131	119	109	149	132	152	169	153	136	124	124	139	175	179	189	193	164	147	35	32.1	36	20.6	20.5	21.2	21.5	27.9	18.2	12.6	16.7	29.1	23.6	9.9	7.26	13.7	19.8	10.5	1.83	3.33	3.15	5.64	11.4	16.4	16.6	19.2	27.9	38.1
244	273	301	239	234	259	223	182	197	218	284	269	268	331	304	320	321	320	279	282	264	229	220	304	396	431	460	316	272	278	249	263	171	108	170	86.6	106	78.3	65.4	83.1	88.9	87.9	97.7	142	133	138	157	173	154	163	133	147	155	136	121	117	122	136	139	105	106	123	132	119	131	98.3	83.7	105	86.9	89.9	98.7	108	111	118	130	102	121	143	120	125	131	128	148	166	140	141	156	195	185	187	189	155	88.2	15.5	11.6	10.6	20	39.1	17	12	10.7	5.52	10.1	18.9	11.5	5.43	0.6	3.09	8.61	8.13	10.4	8.73	9.3	7.53	8.01	16	21	16.9	23.2	24.4
349	329	274	189	250	243	220	145	130	155	257	248	227	329	279	279	355	253	375	347	304	287	278	292	333	351	365	323	318	282	246	214	211	175	200	183	154	99.2	72.9	74.9	87.1	159	126	149	150	140	153	167	174	153	161	180	184	150	135	112	126	112	123	108	137	155	150	163	150	108	115	118	87.3	82	88.1	92.7	100	102	115	104	193	101	105	110	105	122	127	208	125	137	150	161	157	202	164	130	132	80.6	70.3	9.93	18.3	84.2	15.7	3.69	5.49	1.41	1.83	5.28	8.7	6.42	1.41	5.73	9.03	20.8	13	18.3	10.9	22	20.3	34.9	33.3	19.2	15.4	16.9
298	315	248	173	168	184	192	174	134	226	291	252	252	265	238	243	205	193	256	231	220	270	316	326	319	329	339	281	291	224	197	163	156	204	190	185	156	124	88.7	83.9	78.9	118	123	116	130	135	172	191	191	185	190	211	206	188	157	127	128	107	115	89.1	135	156	187	162	137	122	109	106	80.4	79.6	95.2	102	105	130	110	164	116	105	101	97.1	97.3	136	141	110	140	179	181	158	173	171	186	125	118	74.4	67.7	7.32	4.05	18.4	11.3	0.15	0.12	0	0.39	1.35	1.68	3.12	3.48	7.29	15.9	18.7	21.9	13.9	3.21	14.4	26.6	17.1	15.8	17.9	16.5	10.3
238	260	245	158	175	133	144	183	151	216	261	273	274	289	214	220	235	220	188	219	209	235	309	443	401	337	277	244	247	211	209	169	126	165	169	199	155	125	98.6	173	112	81.1	118	115	138	169	165	194	201	197	182	189	179	188	192	172	135	134	119	133	117	149	213	137	106	116	137	144	101	111	118	112	114	114	110	92.7	118	206	115	107	116	115	134	142	146	141	170	212	140	232	199	143	145	95.1	57	2.07	0.9	6.66	17.1	2.67	0.51	0	1.44	2.43	2.16	1.74	2.97	8.73	9.78	17.9	19.8	8.37	3.66	8.07	13	13.9	11.2	13.9	14.2	14.1
308	247	239	176	230	146	132	162	185	206	200	160	196	251	271	319	316	270	245	282	277	243	262	350	340	296	300	246	224	241	260	187	180	201	188	154	149	144	125	158	105	104	119	135	140	135	148	164	162	165	161	171	152	163	171	178	140	131	114	116	151	145	180	131	114	148	122	128	98	107	88.9	89.2	97.5	113	102	109	164	116	106	131	126	115	107	123	158	180	229	138	145	135	131	111	107	131	62.7	14.6	8.88	35.3	35.3	5.58	2.88	1.41	3.42	3.27	6.93	1.71	6.42	2.34	2.37	6.84	4.32	4.53	5.28	5.58	7.65	8.01	5.79	4.62	11.1	9.39
314	316	359	282	211	180	223	175	173	211	215	210	217	240	291	422	494	373	357	332	373	308	329	368	324	295	340	257	178	207	237	195	216	195	152	158	122	124	120	196	164	130	127	134	136	108	124	133	135	120	119	146	154	137	123	129	111	108	112	94.9	116	106	90.1	97.8	110	117	115	102	84.5	88.2	74.4	88.3	85.3	90.3	103	143	148	112	121	173	146	96	112	169	159	139	146	179	159	166	163	121	104	115	70.5	28.7	28.7	21.3	16.3	6.78	2.28	7.59	7.89	3.39	11	5.52	10.6	15.3	8.19	14.6	14.7	18.4	10.3	11.7	7.68	7.2	9.15	10.5	9.21	15.3
360	396	451	373	269	310	211	205	164	192	212	246	229	230	260	394	394	438	345	291	382	321	333	364	321	261	297	233	175	209	205	188	208	163	146	147	157	134	124	117	115	155	157	128	116	96.2	109	105	109	107	104	149	158	143	106	119	127	112	118	108	125	70	64.8	95	122	126	117	92.7	112	84.6	71.4	78.5	76.9	91.2	105	138	120	103	113	158	117	52.5	133	190	159	160	130	116	153	168	175	165	119	146	81.9	37.7	35.8	22.1	24.3	10.4	4.59	12.2	8.31	2.07	1.83	6.72	5.1	9.54	13.5	9.42	13.7	34.3	7.2	5.1	5.79	5.46	5.7	3.9	7.89	13
308	382	432	321	315	293	292	225	192	223	246	213	224	270	314	292	341	386	394	346	334	336	303	243	268	253	250	218	183	191	236	187	137	131	119	150	233	198	187	142	102	148	122	114	138	110	123	127	141	137	107	119	118	137	128	121	135	128	123	127	129	69.8	73.4	86.4	114	130	130	74.3	72.2	66.3	57.3	60.5	59.5	79.7	91.7	84.3	92.8	93.7	90.6	94.6	89	80.4	174	218	152	156	168	172	188	220	171	125	118	76.7	70	28.9	37.9	34.6	27.8	11.3	7.32	4.05	4.02	4.59	3.33	3.6	12.2	37.6	24.4	12.4	17.8	33.4	10.4	1.53	4.65	4.83	4.32	6.36	15.4	11.8
322	441	397	286	231	262	261	320	267	243	236	215	241	236	338	280	341	347	385	340	352	285	296	256	252	237	231	185	202	200	184	141	106	114	139	144	165	143	224	185	154	143	124	136	159	122	122	142	153	129	106	116	144	141	123	108	121	122	134	154	129	110	71.6	98.7	108	98.3	111	64.8	60.2	58.7	62.8	63.8	63.2	75.7	116	69.9	77.2	71.2	58.6	80.9	44.8	64.3	108	160	170	241	185	147	146	157	136	115	87.8	84.1	78.4	51.5	91.6	59	30.7	28.5	20.7	6.09	12.1	8.1	5.46	2.1	7.44	24.4	31.2	23.8	31.4	42.3	37.1	14.6	12.4	7.23	10.2	9.33	7.8	5.52
268	262	309	246	201	209	241	249	227	233	273	241	198	243	387	330	316	347	413	265	225	210	268	247	211	248	239	193	218	195	153	128	123	145	178	164	139	158	202	137	149	119	106	90.2	156	127	105	114	95	96.6	98.3	166	186	196	113	74.5	136	86.3	106	156	86.4	85.7	55.2	102	120	89.6	78.4	78.2	71.6	84.6	90.1	88	63.4	133	131	91.1	57.5	101	47.7	136	82.4	101	179	145	205	241	222	143	99.1	101	114	106	90.3	99.1	122	142	92.4	82.3	66	36	21.7	12.4	15.3	8.85	6.57	0.57	0.99	2.88	3.81	16.8	38.7	9.09	19.6	34.7	2.97	11.9	14.5	14.4	2.91	3.99
212	225	253	178	176	217	225	215	196	182	262	232	219	299	313	315	263	297	294	268	259	242	210	173	193	212	212	184	206	164	150	164	162	170	198	194	177	180	174	142	158	114	103	115	100	91	80.1	80	77.7	76.3	92.4	158	174	145	87	65.8	101	79.7	81.2	131	102	114	76.2	79.4	99.6	78.7	71.2	84.9	109	127	100	58.9	63.3	125	100	63.2	92.9	84.4	64.9	133	74.6	103	175	114	104	113	110	133	172	149	170	151	114	173	110	137	143	85.9	75.2	61.1	80	24.4	41.3	15.5	2.82	1.14	1.26	2.52	0.96	9.42	2.31	1.65	21.8	15.9	12.6	6.03	5.01	6.42	5.07	10.7
227	270	201	159	171	174	190	238	171	177	192	195	221	253	266	236	283	303	270	259	278	222	231	185	182	215	234	181	185	170	164	193	196	175	231	238	252	192	167	158	113	91.5	94.4	188	103	96.5	108	99	87	70	76.5	88.1	124	84.6	85.2	86.9	58.9	78.1	85.4	107	88.1	97	87.6	59.2	81.4	103	96	104	131	152	50.3	62.3	48.2	63.1	57.5	57.6	55.4	69.6	54.9	78.7	105	164	190	96	111	119	111	119	90.4	127	107	104	153	206	175	142	162	156	82	69	51.9	29	7.62	6.03	2.16	3.63	1.23	3.81	0.36	1.83	0.15	0	15.9	3.54	1.86	3.27	5.34	5.07	3.93	22.7
219	205	165	139	145	138	216	194	133	206	209	201	233	337	288	274	337	333	252	211	205	196	228	162	138	151	173	159	173	190	192	230	215	192	170	203	266	212	168	138	123	105	84.4	103	87.9	91	105	103	89.2	67.8	75.2	90.5	110	79.5	104	74.2	46.3	75.6	95.3	102	71.3	102	53.8	70	83.9	85.4	85.7	133	114	110	122	78.1	54.5	32.7	37.1	37	73.9	33.3	55.2	66.3	65.7	109	200	118	140	113	161	83.7	138	130	95.4	103	175	207	123	135	139	204	252	60.2	38.5	26	6.9	5.91	0.69	10.9	3.54	0	0.15	0.12	0.09	0.36	0.3	1.83	2.46	2.73	4.2	2.31	5.34	21.7
159	192	174	116	126	156	179	178	170	172	191	216	235	333	346	280	313	365	317	232	166	203	237	156	119	132	141	141	165	155	176	196	152	139	138	135	194	203	188	143	122	104	112	129	89.4	97.7	92.9	92.6	80	71.8	78.4	117	89.8	112	123	114	80.3	98	121	143	109	104	67.2	64.6	70	78.2	129	82	101	115	141	143	92.8	43	44.7	67.7	71.5	35.7	55.1	116	79.6	78.7	128	98.6	89	120	134	129	147	147	156	105	132	89.5	116	137	157	176	155	137	95.1	72.7	63.1	53.7	51.9	45.3	42.5	40.1	40.3	40.7	40.6	0	0.3	0	0.09	1.35	0.27	0.12	4.56	6.9
147	150	170	115	141	166	200	204	211	174	201	259	206	324	319	413	409	356	324	183	167	197	239	172	146	170	176	136	145	151	168	162	150	138	119	131	147	165	184	130	102	91.5	102	103	90.4	95	86.6	122	103	83.4	98.7	146	94.5	105	79.6	78.6	84.2	103	136	88.9	71	60.9	65.9	59.2	78.3	89.4	100	65.6	110	157	176	162	101	73.9	54.6	86.4	36.8	23.8	47.6	103	113	95.4	92.9	101	92.1	148	168	183	130	138	146	161	225	134	100	135	118	111	107	95.6	81.4	71.4	64.6	55	50.5	42.2	42.4	40.2	40.5	40.6	40.9	7.29	5.85	0.93	0.63	3.42	0.18	1.08	2.91	2.82
218	165	130	138	143	135	170	201	233	164	164	183	180	229	281	370	391	373	336	228	183	202	227	147	152	162	181	166	184	162	149	172	160	123	135	143	160	162	164	94.2	71.5	82.4	88.2	76.1	63.5	75.8	79	110	113	99.4	83	96.5	73.9	65.1	42.1	54.7	63.7	79.3	97.6	104	90.5	100	67.7	63.4	80.6	76.1	88.4	95.4	92.6	119	149	156	94	79.9	72.1	76.8	40.3	39.9	47.9	94.8	134	98	108	79.9	91	153	181	112	141	178	134	163	204	119	111	140	160	127	130	99.6	89.9	87.7	75.5	68	62.5	52.7	52.8	48.1	50.2	46	41	3.75	0.03	0.96	0.51	0.33	3.42	6.81	7.35	13
253	185	182	159	162	134	159	215	229	169	151	174	187	171	245	471	370	402	418	262	273	319	241	187	169	176	193	138	154	182	147	141	149	142	136	164	160	129	121	92.4	73	70.5	69	60	52.9	59.9	84.9	81.4	84.3	81	85.8	124	94.4	77.6	57.4	96.8	90.9	69.9	68.6	71.9	88	70.4	60.4	55.3	95.2	110	85	65.1	91.3	122	129	66.3	69	79.9	110	115	79.6	68.9	79.3	114	69	54.1	82.9	108	91.4	110	104	83.5	139	184	254	306	220	125	125	194	177	167	122	110	100	107	148	92.8	93.1	78.3	64.9	54.2	49.7	46.3	46.1	11.6	8.4	17.2	0.27	0.63	5.28	6.99	4.59	12.3
304	210	220	192	159	158	161	153	154	139	213	210	209	234	301	356	476	474	403	290	484	378	288	177	153	202	170	171	174	191	156	148	171	179	113	106	99.3	96.9	63.1	67.2	79.8	61.8	91.7	98.1	67.2	62.3	64.7	49.3	78.5	84.9	73.9	63.6	68.6	52.9	83.8	122	111	105	92.4	96.1	110	65.5	48.9	43.4	97.8	106	58.2	51.9	56.7	75.8	46.3	44.6	58.4	42.5	39.8	51.8	48.4	45.6	46	49.1	47.5	57.8	71.7	96.9	77.2	91.4	95.3	75.1	113	159	310	216	182	106	88.2	141	133	160	114	136	130	131	133	149	112	90.4	92.8	114	57.3	57.8	48.4	49.1	56.7	44.1	41.6	38.4	37.2	36.7	37.6	0
253	219	273	226	171	162	138	117	178	205	216	245	219	267	315	339	378	487	436	328	386	338	242	159	148	165	154	162	133	143	136	145	169	133	131	151	112	100	53.3	60.5	77.7	75.8	72.2	95.1	106	85.4	75.6	58.6	54	56.2	48.9	45.6	72.4	85.5	82.6	103	73.3	63.5	87.1	104	101	89.3	89.9	41.2	58	56.3	33.8	34.3	45.8	68.9	51.6	48.8	47.3	42.5	39.7	54.5	28.5	18.5	21.8	28.7	40.2	38.8	46.6	43	59.4	68.2	76	74.5	90.6	112	130	111	72	70.5	62.2	115	142	178	116	152	168	138	132	135	106	115	103	100	89.1	79.9	68.4	48.9	47.6	49.8	51.9	38.6	38.4	36.6	36.7	2.01
225	202	203	176	194	173	166	180	190	217	160	217	203	242	281	395	318	401	331	305	314	291	231	179	152	145	124	123	132	167	180	161	137	156	184	222	161	79.5	69	78.6	72.4	89.8	85.1	82.4	73.7	74.5	79	58.7	45.9	41.7	47.6	64.4	65.2	86.1	115	131	75.4	74	63.4	66.6	119	91.6	55.5	44.4	41.1	37.4	28.6	33.8	37	49.8	44.5	45.9	46.6	40.5	39.9	38.8	29.9	18.8	16.1	30.7	40.1	28.9	30.5	46.8	63.6	61.6	84.6	59.4	49.8	86.1	80.8	66.4	64.6	49.5	41.8	95	113	120	121	161	189	171	181	158	108	110	114	117	102	89.3	71.3	56.1	52.4	58	53.9	43.6	41.2	37	39.3	0.69
229	229	198	168	172	176	149	197	242	195	154	163	181	280	242	345	351	440	308	248	308	364	314	201	221	162	129	127	152	161	192	125	110	164	189	187	142	107	48.7	63	67.8	90.3	88.7	88.3	115	91.3	81	65.9	39	43.8	44.2	41.7	109	86.5	86.1	143	97.6	63.5	54.2	95.5	103	49.1	41	40.2	58.4	46.9	40.4	43.4	39.7	39.1	37.7	39.5	43	34.1	27.7	29.6	22	21.6	20.9	26.9	29.8	42.4	55.4	71.1	101	106	82.6	64	45.4	54.1	73.4	76.8	116	83.7	44.6	78.9	118	144	126	114	143	158	164	170	137	113	111	117	125	97.4	76	69	74.5	62.5	51.2	48.3	42.9	41	45	8.75
212	210	233	201	202	192	158	162	177	164	134	114	158	196	218	187	263	325	395	350	303	270	244	273	193	183	145	112	146	151	146	126	115	120	157	151	141	131	87.3	85.9	90.5	100	108	141	174	161	103	72.7	61.4	74.7	69.4	66.7	86.8	84.9	75.1	88.1	86.8	77.1	76.7	105	95.7	78.9	38.4	57.1	62.6	55.9	58.4	47.5	34.9	40.4	40.1	32.8	33.3	29	28.5	34.4	32.6	25.7	25.6	36.2	34.6	30.5	41.8	60.2	65.9	91.5	70.8	50.1	56.3	83.1	77.7	113	87.1	69.3	52.4	80	111	162	98.2	102	114	151	139	123	121	121	95.2	97.9	130	95.5	69.7	60.6	63.6	58	56.9	57	48.8	56.2	47.8	53.1
233	227	212	208	171	170	172	126	131	127	125	160	178	166	213	203	190	243	377	377	315	279	202	252	219	169	136	104	121	125	127	127	134	130	154	149	157	167	180	117	115	139	138	179	182	155	94.3	115	89.6	73.5	77.4	84.7	102	108	95.7	88.6	77.5	56.7	67.7	113	71.7	54.3	37.6	64.8	62.3	57.7	56.6	45.2	55.9	46.1	36.6	36.5	40.8	33.4	28.6	27.2	27.2	30.5	29.1	42.7	35.1	26.9	28.2	38.8	38.9	61.4	62.4	53	61.3	74.3	66.6	71.1	85.7	64.4	66.8	81.4	93.4	90.9	91.7	107	105	142	155	148	96.1	96.1	96.6	102	128	76.6	68	55.2	57.9	55.6	50.5	48.5	59.9	89.4	48.2	48.6
268	240	251	232	179	212	214	128	139	129	131	186	197	240	214	228	163	236	297	273	239	227	166	164	171	142	118	111	99.3	112	135	148	142	117	126	132	133	160	162	116	110	131	131	157	127	89.1	87.8	111	93.5	86.3	86.2	92.7	105	113	110	106	81.4	58.3	76.8	90.8	66.1	38.1	30.2	67.9	55.7	60.5	77.6	53.4	46.6	48.7	50.2	44.4	44.3	38.5	33.3	25.2	22.6	29.9	36.5	41.3	30.4	25.9	27	47.5	48.2	47.3	46	38.9	42.1	47.4	57.3	58.5	66.3	42.5	53.8	60.4	79.1	84	102	96.8	99.9	99	115	104	101	98.1	111	118	114	67.6	45.3	58	66.5	68.2	58.9	54.2	57	63	54.1	55.7
262	263	270	223	183	210	220	184	180	154	149	189	254	285	282	165	173	272	238	183	202	192	132	137	149	159	151	117	162	174	159	148	147	107	109	123	121	102	106	118	80.4	114	104	119	97.7	69.3	75.9	91.4	105	84.8	82.8	91.1	99	96.6	128	98.9	77.9	71.7	90.3	59.1	77.1	49.6	49.6	121	112	95.5	59	65.9	90.3	79.9	59.4	52.7	50.5	41.4	35.7	42.8	36.3	36.7	27.5	47	40.1	34.3	34.7	64.5	62	58.7	41.9	23.1	22.7	32	37.8	45.2	40.5	38	41.5	51.9	54.5	83.7	68.9	71.4	83.6	88.8	89.7	82.2	90.8	71.2	80.3	102	77.8	49.8	45.7	57.7	79.3	107	72.3	53.8	46.5	80.1	69.6	62.7
236	256	229	198	217	224	242	207	198	183	159	143	148	171	197	165	165	145	124	117	134	125	183	161	96.6	106	116	145	154	159	154	147	124	116	112	114	109	104	84.7	83	92	99.2	97.9	106	95.3	84.2	78.9	78	89.4	86.6	77.6	70.7	62.2	75.8	91.3	58.9	49.4	53	84	57.4	48.5	54	47.3	81.8	102	70.7	68.5	63.6	83	71	57.1	54.9	47.3	63.3	44.4	62.6	41.2	34.7	30.2	45.2	35.3	33.4	29.1	44.3	56.1	44.5	33.2	23.7	14.1	18.1	34.1	43.4	36.1	29.1	33	52.6	47.5	48	52.7	63.9	51.7	67.1	59.7	37.4	57.5	77.9	112	85.9	41.9	32.7	40.7	49.6	70.4	98.1	74.1	54.2	50.5	48.1	42.8	41
240	248	243	206	219	248	237	181	175	177	148	201	212	165	179	169	151	117	109	112	152	139	231	120	113	119	159	171	154	142	133	154	151	151	138	131	102	93.7	78.5	82.2	62.4	74.5	94.1	78.5	68.2	82.3	79.2	77.3	74.5	72.7	58.1	71.6	100	85.8	73	88.1	55	67.7	66.8	66.3	48.3	46.8	68.9	69	91.3	102	116	89.2	80.2	76.5	73.2	73.5	69.6	58.3	53.4	49.1	49.6	41	29.9	42.6	40.2	26	24.1	22.8	22.6	26.4	41.4	30.3	16.2	39	19.9	29.3	26.4	27.5	25.6	30.7	28	33.4	34.5	35.2	36.2	47	51.4	19.5	30.1	61.6	63.4	57.6	55.3	38.2	29.6	45.2	56.2	63.3	52.1	45.9	54.6	42.6	44	34.5
333	289	240	228	230	222	264	156	164	180	168	183	204	174	199	175	183	137	118	137	160	160	170	111	112	103	175	196	167	126	164	154	160	138	114	111	105	90.5	73.8	71.4	73.1	68.7	68.5	77.4	70.3	87.7	109	110	89.5	80.6	81.8	105	118	121	103	81.2	65.6	57.5	58.5	77.4	71.1	74.5	75.6	79.7	94.2	124	134	108	108	75.7	72.5	68.7	67.9	55.8	53.2	39.4	37.5	34.2	28.3	32.4	28.9	32.4	21.8	33	24.4	25.2	31.4	21.1	35.8	27.9	19.2	17.6	16.2	19.8	28.2	25.7	20.9	19.8	19.4	26.5	29.1	30.8	30.8	16.5	36.8	15.8	22.2	25.6	19.9	37.1	50.4	45.8	50.7	45.7	37.9	35.9	39.6	61.7	56.5	33.4
325	322	242	201	234	224	207	175	168	160	154	145	124	124	157	153	160	156	106	141	144	114	125	93.5	111	119	157	162	144	128	140	168	162	127	106	104	111	81.2	72.3	74.2	57.3	67.4	68.4	72.4	70.4	83	105	128	125	94.7	107	121	129	106	81.5	66.7	62.1	57.1	71	66.7	61.7	70	67.5	91.1	108	92.1	98.2	104	112	93.8	78.1	78	69.4	54.9	50.6	40.5	36.3	33.4	31.2	26.4	20.5	24.2	32.2	33.3	32.8	34.4	25.3	22.9	27	49	18.5	16.7	15.5	20.7	20.7	16.4	15.1	17.5	16.6	22.2	24.1	20.3	29.6	18.9	38.3	43.6	31.6	27.4	23.3	42.7	54.2	48.6	48.8	41.8	49	32.9	35.4	47.1	31.7	30.5
244	248	251	183	158	181	160	181	124	104	113	106	92.1	79.8	97	110	125	129	117	86.5	89.6	82.1	89.8	132	104	89.7	85.9	118	98.4	79.4	85	110	147	119	104	103	116	111	85.2	70.1	65.2	68.2	87.6	108	82.1	78.4	76.2	92.8	166	156	115	94.4	121	95.4	73.8	57.1	61	63.5	60	62.3	61.2	53.6	53.1	71.3	84	53.2	51.8	67.9	68.9	77.1	77.6	79.5	64.9	45.5	60.3	58	29.8	25.2	22.8	17	15.5	17.8	26.1	18	26.7	20.8	28.9	55.8	27.7	12.9	16.3	17	15.4	23.3	12.3	11.4	14.8	34.7	32.1	24.6	18.1	15.1	16.9	18.6	41.5	57.7	16.9	46.6	30.4	49.9	58.2	59.8	63.8	42	45.3	25	26.9	38.2	26.7	22.8
200	243	263	229	187	172	149	136	127	120	90.6	103	109	90	85.2	79.5	81.5	94.9	85	87.8	74.5	75.8	79.3	94.5	82.8	104	75.5	120	95.5	64.3	81.4	103	99.5	89.3	124	126	121	120	103	73.3	86.8	111	91.1	93	79.8	104	83.4	93.5	133	202	157	102	139	110	88.1	69.1	81.7	67.6	57.1	59.6	58.5	54.7	63.1	78.2	111	67.3	82.7	68.1	77	86.3	96.2	111	71.9	54.2	56.2	37.3	30.1	25.8	24.9	20.1	13	17.4	20.9	12.6	19.3	15.3	19	34.3	30.8	46.4	32.6	18	19.3	16.7	11.8	12.7	11.9	31.9	56.9	24.1	26.2	17.4	10.9	6.75	9.65	20.8	12.9	15.6	18.1	22.8	27.2	28.3	40.1	37	59.4	58.9	56.8	91.9	27.9	20.1
233	215	239	207	229	262	163	143	145	133	113	101	127	111	97.4	100	103	103	92.1	77.8	80.7	71.6	73.8	85.3	83.5	116	64.5	91.5	90.8	55.1	56.2	105	94.3	130	109	140	118	124	102	73.3	73.4	90	99.8	80.2	85.6	88.6	98.4	119	141	154	144	119	125	94.8	89.6	80.3	92.2	70.6	67.3	58.2	58.1	63.6	62.8	74.7	65.4	81.9	83.7	67.9	75.2	84.9	95.4	108	74.7	44	41.4	37.4	29.1	23.7	22.3	25.7	34.7	24.9	31.3	18.1	20	24	31.2	27.3	19.8	18.1	17.3	14.5	10.2	8.48	15.8	15.4	21	20.5	40.7	18.4	13.7	24.1	14.6	4.77	11.5	2.99	4.14	13.3	16.2	18.7	50.3	25.8	25.3	33.1	75.4	62.7	40.6	77.8	35.2	22.3
217	217	202	221	255	246	203	152	138	139	144	128	126	128	157	120	120	118	125	143	110	97.2	98	95	78	96.2	91.1	94.2	83.1	52.4	57.2	84.4	102	110	120	130	106	81.1	76.3	61.6	66.9	65	62.2	61.1	72.5	84	110	102	102	96.2	139	111	118	103	93.8	86.6	82	92.3	97.2	99.7	69.8	86.3	112	98.1	85.7	106	96.4	107	121	109	87.4	81.8	61.7	57.7	43.5	36.2	34.2	28.4	25	25.1	27.2	21.4	54.3	37.5	24	15	13.8	9.4	9.83	20.7	18.9	17.4	9.52	6.99	13.1	25.3	18.8	8.48	22.1	23.6	15	7.8	6.46	2.06	2.21	8.96	4.29	12.5	15.4	21.7	27.3	21.2	28.5	41.3	35.8	16	14.7	24.5	32.7	27.4
152	140	141	163	199	190	176	138	109	87.2	103	97.2	125	106	140	135	117	115	108	138	150	138	129	123	90.1	125	116	104	95.7	84.9	65.4	86.4	127	119	146	126	92.7	69	48.2	57.5	57	46	61.7	58.8	71.3	94.2	137	121	102	122	111	116	110	81.4	77.8	72	89.2	135	127	77.7	65.7	69.4	140	119	87.2	93	84.9	117	138	99.5	63.5	58.4	46.8	42.6	39.1	32.3	32.8	28.2	31.1	27.2	19.4	32.7	36.8	42.6	46.1	47.2	33.6	13.6	17	23.2	29.9	16	14.6	3.8	3.38	21.2	26.9	31.5	13.7	18.5	10.3	5.24	2.07	1.35	3.01	7.13	4.22	9.89	14.9	16	18.5	35.3	47.7	52.6	36	33.7	37.3	38.9	54.4	34.9
176	147	160	148	132	170	140	132	128	104	105	130	144	117	141	122	131	143	125	164	186	148	131	136	121	122	113	92.6	86.1	95.3	103	95.4	133	110	117	108	56.2	45.9	58.7	68.7	64.2	47.4	40.3	55	63.8	77.6	102	104	86.6	118	132	151	135	98.3	74.6	73.7	120	99.5	107	118	97.1	74.8	94.5	101	96.6	183	78.4	96.4	115	82.3	70.2	58.5	47.3	39.8	38.6	38.2	36.9	31.8	36.6	26.2	25.2	30.1	21.9	54.7	82.8	80.1	53.9	72.8	28.5	17.2	13.6	11.4	24.6	10.3	9.68	13.1	9.12	12.7	12.1	7.78	8.73	1.87	1.38	1.76	5.38	3.72	3.9	9.19	12.7	15.6	18.7	46.8	52.5	55.4	71.7	64	71.7	70.3	56.7	33.2
127	145	124	113	121	192	161	127	107	102	119	114	114	146	154	146	159	138	149	189	188	154	123	134	137	128	111	91	77.5	82.4	107	117	67.5	71.2	159	79.5	52.3	44.1	49.7	55.3	51.1	36.2	53.9	67.6	66.6	74.4	72.7	98.6	81.5	98.3	105	129	169	121	86.8	54.6	66.4	79.6	92.2	101	89.7	62.6	80	69.7	67.4	88.1	65.2	66.4	90.4	97.7	81	64.8	83.9	52.7	48.6	39.5	39.9	53.6	70.5	41.7	27.3	37.2	50.5	72.5	87.5	79.8	121	107	31	20.4	9.53	4.86	16.2	35.2	11.4	5.49	4.29	2.1	4.47	2.29	1.77	1.34	1.46	1.94	4.28	3.64	2.77	9.32	11.1	13.5	17.7	35.2	42.3	70.4	81.3	64.9	54.3	43.6	37.7	21.1
178	137	115	110	114	108	143	138	108	102	157	157	118	127	140	156	153	166	150	164	171	149	126	88.9	131	118	100	88.1	80.5	66.7	72.7	67.5	60.3	31.5	48.6	77.3	44.2	37.6	42.1	43.7	54.7	80.2	69.6	77.2	67.2	71.8	96.8	91.9	85	75.9	76	83.6	114	120	94.1	57.2	61.9	75.7	88.7	61.5	46.1	55.9	58.7	62.4	54.3	57.2	69.7	69.3	72.7	95.9	96.3	120	79.3	73.5	60.9	61	55.4	51.8	53.9	73.4	65.8	108	134	131	151	116	131	124	55.5	30.1	20.1	6.44	11.6	14.3	7.54	5.23	3.95	1.12	5.34	4.25	1.89	2.61	2.94	1.62	5.99	2.19	2.97	9.42	10.8	14.5	27.3	41.1	43.2	57.4	63.4	68.3	49.8	27.2	18.8	15
136	152	142	146	135	110	122	114	84.4	86.3	129	183	94.1	102	118	175	204	169	147	171	178	166	132	85.8	128	77.4	66.5	57.7	39.8	70	81	68	60.8	48.7	40.7	49.2	39.1	78	63.4	52.1	54	89.4	91.5	72.6	64.8	84.6	84.7	85.6	80.2	75.9	72	103	103	113	93.6	76.2	53.9	55.5	72.6	66.3	52.8	46.3	32	27.6	29.6	41.3	30.9	27.4	53	67.9	83.4	81.5	64.3	50.6	51.7	74.3	56.5	45.8	57.7	111	76.3	140	164	131	169	149	161	166	56.3	38.6	35.4	3.02	7.97	11	7.5	3.36	2.35	1.79	3.14	6.74	7.32	6.98	7.78	7.7	10.9	10.3	10	11.7	14.4	21.9	25	30.9	43.3	75.1	55.1	31.5	28.6	29.2	26.6	10.9
111	141	144	151	147	185	152	124	94.5	109	121	198	117	125	111	167	167	154	174	204	160	162	137	124	163	100	86.7	53.7	75.8	66.4	68.7	49.1	50.5	49.6	38.7	35.3	42.8	78.1	93.1	55.3	43.4	49	69	62.4	77.8	91.6	89	81.4	102	97.7	99.3	126	116	106	120	99.2	78.9	67.1	54.5	60.2	51.2	52.6	28.2	16.1	14.2	22.8	21.1	59.3	73	51.5	63.9	77.1	42.3	27.9	19.9	28.7	38.9	62.7	52.4	156	116	93.9	130	138	191	216	146	175	114	79.9	46.3	27.1	22.3	7.74	9.26	1.56	1.63	5.46	11.1	9.9	6.13	7.54	8.55	11.7	13.7	10.4	11.6	19.1	19.5	21.1	26.5	29.5	55.9	22.6	32.3	38.4	36.9	37.6	20.5	8.39
103	138	147	127	126	145	115	112	95.3	107	123	117	96.3	118	135	146	117	149	173	186	159	163	136	128	215	152	143	100	91.9	105	61.1	44.7	51.3	47.6	36.3	34.3	34.8	39.8	67.1	46.6	45.6	43.3	68.2	60.2	72.3	117	125	104	96.3	103	114	111	104	86	143	146	86.5	55	61.3	84.4	51.3	98.9	37	20.1	12.1	17.2	11.7	60	142	57.5	50.1	127	71.6	41.8	18.6	17.5	39	32.4	20.1	56	53.8	58.2	80.1	81.1	122	109	135	143	102	86.4	83.8	29.2	27.5	11	3.64	4.04	1.73	1.98	5.31	10.4	10.3	9.65	10	17	17.1	16.9	15.7	24.9	21	27.8	35	39.2	36.9	30.9	27.4	30.6	29.5	22	17.7	7.11
100	126	143	131	130	136	104	112	92.9	111	137	108	89.3	110	127	136	162	181	139	158	157	162	119	81	140	130	143	134	110	104	77.9	121	73.6	77	58.6	36.4	42.3	69.8	61.8	44.7	61.4	50.7	65.9	66.1	81.8	98.8	110	102	89.4	85.9	81.4	95.6	108	96.4	155	127	89.5	68.1	51.6	68.4	69.2	79.7	56.7	51.1	34.4	22.8	27.5	86.7	47.6	52.4	27.5	17.7	54.6	50.6	23.9	21.7	11.3	14.9	24	5.21	12.7	27.8	37.6	44.1	70.3	91.5	93.3	83.7	69.9	77.1	73.6	44.8	30.3	19.1	7.18	1.6	3.33	2.1	2.67	7.07	9.44	9.48	14.4	21.1	24.6	26.7	18.3	24.9	27.3	24.9	20.8	31.4	28.9	17.2	11.6	16.7	23.1	10.8	9.38	6.64
103	126	156	128	154	121	116	121	79.9	111	114	105	103	149	136	156	149	119	129	137	165	216	134	102	113	120	102	95.5	114	96.1	82.3	70.3	65.6	49.9	60.2	40.3	41.2	42.2	45	42.2	64.3	71.2	58.2	70.1	82.1	90.8	96.1	83	81	78.9	82.3	68.5	96.1	122	119	107	61.7	47.6	47.2	78.8	73.6	47.9	73.6	102	77	93.8	64.7	64.2	68.2	40	33.2	44.8	92.7	40.2	48.5	42.4	14.2	11.5	11.8	13.3	4.59	2.18	15.2	17.4	26.2	58.1	82.2	54.6	61.6	49.7	43.2	35.3	27.7	9.93	10.9	6.18	3.84	4.34	4.36	6.96	8.29	13.4	16.6	23.4	25.2	28.1	20.4	40.2	26.7	14.8	7.87	5.19	4.97	3.77	3.73	4.55	6.33	4.27	3.49	3.27
95.4	113	139	117	113	112	114	102	86.2	87	80	78.8	97.8	103	116	152	153	137	128	150	138	99.5	97	86.8	69.6	85.3	85.4	72.5	75.2	46.8	66	56.5	78.5	68.1	77.6	54.1	53.4	37.5	36.7	32.1	47	63.8	58.3	58.8	82	111	131	127	109	84.1	86.3	124	122	184	110	62.2	46.3	44.3	28.5	27.4	31.6	29	56.7	94.1	73.5	81	79.1	214	89.6	45.7	30.5	83.9	95.6	42.6	49	58.8	13.4	17.3	10.9	12.1	4.4	7.22	21.8	14.5	24.5	20.3	31.6	23.7	46.2	28.8	24.2	17.7	10.8	3.56	11	11	6.62	4.21	5.49	7.68	8.92	10.3	13.2	19.3	22.7	27.5	19.5	21.1	24.2	13.3	4.98	2.52	2.31	2.22	2.22	2.76	2.77	2.57	2.17	2.03
94.1	103	99.5	84.4	85.7	116	132	104	85.7	72.6	84.6	66.3	82.1	92.2	96.6	119	134	133	118	141	121	102	119	116	81.4	66.3	72.2	57.8	49	50.2	61.4	51.8	64.9	78	66.2	55.5	46.5	37.1	35.6	30.1	38.3	45.4	54.5	81.7	115	92.5	99.1	91.3	89.6	106	60.4	82.9	120	118	102	80.9	47.3	31.6	24.8	32.3	30.5	30.9	31.6	37.2	61.1	51.9	64.1	155	86.7	69.3	55.4	65.4	47.7	32.9	41.9	31.9	11.3	7.63	13.1	5.85	7.29	22.5	20.9	22.7	31.2	31	11.1	23.7	10.2	4.71	37.9	27.7	15.8	2.36	2.01	7.17	7.32	4.52	5.75	8.11	8.76	10.9	11.1	15.9	16.5	19	18	17.7	16.3	7.4	3.78	1.74	1.4	1.25	1.27	1.61	1.64	1.54	1.31	1.24
102	97.9	96.3	80.3	95.7	107	116	85.7	76.2	71.1	76.8	74.9	63	78.8	85.5	126	110	111	126	147	124	106	99.6	90	105	94.1	61.8	86.6	81.8	66	60.4	52.7	69.8	70	78.1	80.1	61.6	51.2	53.8	41.1	41.7	36.6	42.6	55.4	100	90.2	83.7	65.2	50.9	72.9	82.4	65.7	88.8	82.4	118	85.2	41.8	6.75	19.4	38.8	31.1	31.5	30.3	41.4	67.7	68.9	76.9	71.6	75.5	135	75.8	81	50.5	65.7	38.6	26.8	45.5	31.8	16.8	36	14.3	32.9	19.9	23.2	22.2	24.2	16.2	36.6	15.5	25.8	38.3	12.5	6.7	2.31	5.5	4.25	3.02	3.13	4.48	6.63	7.66	10.9	11.3	12.6	14	13.7	16.9	11.4	5.88	3.84	3.17	3.78	2.3	2.46	0.951	1.19	3.57	1.13	0.963	0.902
108	106	108	85.3	116	128	117	108	96.7	74.4	73	82.8	73.2	63.9	73	94.6	84.6	89.7	106	146	114	101	83	72	129	73.6	66	83.3	74.4	51.4	43.4	47.7	63.1	51.2	59.5	73.3	49.7	53.6	46.6	51.6	46.8	49.5	54.3	77.1	108	130	99.7	92.2	39.4	26.5	90.9	92.8	66.2	43.4	42.1	28.3	30	32.9	51.2	38.6	24.1	40.3	31.8	41.1	46.3	62.3	85	81.7	77.2	85.2	98.7	64.6	60.5	80	62.1	73.1	79	72.5	45.5	8.78	8.44	8.35	9.95	13.4	45.5	33.1	33.9	13.5	8.75	51	56.3	12.5	5.28	5.02	2.74	3.42	3.59	2.77	3.28	4.1	4.68	5.37	6.5	9	10	9.19	7.52	5.72	4.59	3.7	3.35	2.01	1.54	2.56	1.28	0.297	0.294	1.82	0.248	0.762
86.6	98.4	112	88.9	92.2	135	106	77.7	89.2	76.5	63.3	65	67.3	70.8	62.8	63.4	61.8	86	106	153	125	106	88.8	88.5	126	86.7	76.9	41.6	41.3	61.7	53.7	27.2	47	54.5	55.6	58.3	80.2	54	43.9	44.6	42.2	41.9	49.9	85.7	87.7	106	65.7	86.8	42.9	24.2	44.8	82.1	70.1	17.3	20.1	22.2	25	59.6	46	28.8	50	52.4	70.9	42.5	39	63.7	100	80.5	57.3	43.2	50.4	72.7	74.9	78.3	74	59.7	52.6	56.8	91.2	39.8	30.3	25.6	37.6	40.7	11.8	10	14.7	15.2	12	26.1	39.3	20	8.37	3.54	3.67	2.28	2.96	2.52	3.08	4.63	3.54	3.99	5.17	7.66	8.77	7.27	5.76	4.43	4.2	2.9	2.28	0.679	0.415	0.274	0.9	0.139	0.117	0.106	0.409	0.419
92.3	86.8	94.8	88.4	106	95	79.1	71.6	79.6	74.6	67.6	62.6	60.1	49.2	37.2	45.8	46.9	64.1	89.4	166	107	79.4	88.9	85.8	91.6	70.9	61.4	37.9	45.1	70.1	68.8	29.9	33.3	47.6	53.6	56.4	64.5	52.7	37.8	41.6	48.6	38.6	50	72.4	67.4	55.3	62	66.4	59.2	30.6	36.4	29.2	24.6	20	87.3	54.4	22.5	45.5	47.9	61.8	54.3	86.1	56.3	66.8	31.6	40.2	70.6	75.8	46.7	40.7	45.5	51.8	50.5	57	41.6	36	87.3	79.2	52.8	41.6	33.4	30.2	28	43.7	18.4	6.58	5.51	9.99	7.67	17	32.9	11.4	10.3	23.9	11.3	4.18	2.75	2.41	2.35	5.62	6.21	3.45	4.08	4.74	7.17	5.33	4.4	3.4	2.81	2.24	1.7	0.469	0.24	0.113	0.091	0.517	0.0245	0.0197	0.022	0.355
83.6	90.8	95.7	91.4	82.7	90.4	87.1	71.4	72	77.3	75.7	64.3	51.3	46.9	48	53.9	60.6	64.2	63.6	88	95.4	81.3	85.2	80.9	112	107	74.1	75.6	61	80.2	62.9	34.1	35.5	35.2	48.2	47.4	50.1	53.9	45.6	53.3	42.3	36.4	44.9	67.1	71.2	57.7	76.7	51.8	39	27.9	84.8	37.3	19.2	35.4	98.8	44	22.6	15.1	21.2	80.4	52.1	38.8	49.7	57.8	30.8	31	36.4	39.2	58.3	42.9	40	49.1	31.8	25	27.8	18.3	51.2	52.3	39.4	78.6	117	31.6	36.8	27.4	32.9	11.2	7.51	54.1	20.5	14	29.4	17.8	7.64	15.9	10.6	9.07	5.69	3.12	2.66	9.41	5.05	4.37	4.51	3.73	4.48	4.76	5.94	3.47	3.46	2.93	1.3	0.468	0.18	0.0828	0.0662	0.0265	0.273	0.0141	0.0158	0.0469
85.9	97.1	92.4	109	115	80.1	85.2	79.3	70.2	71.6	81.4	103	78.9	84.1	65.6	55.7	59.6	62.9	60.1	56.4	57.4	60	56.6	63.8	67.2	98.4	66.1	68.2	84.9	80.7	65.4	42.6	43	35.6	36.1	39.7	59.7	57.7	35	47.9	38.8	39.6	56.1	68.9	69.7	57.5	59	68.7	48.1	31.2	53.6	30.8	30.1	22	20.4	7.99	12.9	21.9	40.1	38	64.2	36.5	53.3	72.1	48	41.1	29	39.9	29.9	28.4	30.5	40.3	46.1	66.5	49.4	32	44.8	37.6	45.5	56	67.8	43	29.3	38	28.6	13.8	16.5	20.3	17.2	13.2	12	15.8	8.92	5.4	13.4	10.2	5.76	2.67	2.58	6.3	3.33	5.48	10.2	7.55	2.93	9.41	11.4	9.12	1.26	2.17	0.407	0.073	0.0359	0.0156	0.766	0	0	0	0	0
72.9	63.3	63	75.1	73.1	60.5	52.1	61.9	84	84	68.8	79.7	67.1	73.5	92.9	54	53.4	58.1	68.7	45.3	33.6	45.9	53.1	67.5	58.8	47.3	44.7	54.6	62.6	67.4	48.9	31.8	36	46.9	36.6	41.3	68.3	43.7	36.1	45.7	42.7	43.6	36.8	54.7	47.8	54.7	65.6	143	35.6	12	45.7	72.8	29.5	19.2	7.29	7.4	12.6	19.7	61.9	41.2	85.8	49.2	49.5	79.3	65.3	62.4	43.4	44.2	32.7	38.9	25.3	38	74	79.4	88.5	72.1	38.2	61.1	61	48.8	40.5	43.9	48.3	38.8	35.9	15.6	17.7	18.2	27.8	13.6	9.16	7.02	4.87	4.24	5.08	6.02	8.39	6.03	3.92	3.36	3.33	6.23	6.51	8.1	4.01	2.76	5.72	3.3	1.05	0.306	0.227	0.0395	0.387	0.00655	0.0051	0	0	0.373	0	0
75.3	66.7	57.5	61.7	53.2	50.5	49.8	54.6	83.1	89.1	75.8	59	46	70	72.3	46.3	48.3	56	56.1	43.4	40.6	45.6	43.1	42.8	43.4	65.8	36.9	41.2	40.4	40.6	43.6	27	24.9	24.1	26.6	41.9	41.2	53.8	38.6	42	43.7	44.1	41.3	64.8	52.2	63.8	58.4	108	36.8	12.7	16.7	27.7	33.5	57.5	32.1	22	32.2	48.7	51	33.3	32.7	34	44.4	57.6	71	66.3	53.1	37.1	34.8	56.9	45.6	28.2	38.4	42.1	47.5	28.7	22.7	40.7	50.6	36	52	35.3	22.4	15.6	15.4	12.9	11.9	19.7	31.7	20.2	4.59	3.63	2.9	3.21	2.67	1.81	4.41	6.76	5.22	6.59	4.78	6.56	3.23	4.1	1.92	0.661	1.82	1.04	0.231	0.18	0.335	0.0232	0.0106	0.00385	1.22	1.47	0	0	0.631	0.255
47.6	44	51.5	56.7	47.2	46.1	41.7	47.3	46.2	51.3	49.5	47.2	42.7	49.7	67.1	54.5	45	47.3	41.9	46.9	47.5	48.6	62.2	38.7	46.1	49.5	53.7	47.9	39.6	40.1	47.3	48.1	28.2	23	21	33.9	33.7	39.4	42.2	56.4	60.5	56.5	50.2	69.4	63.2	59.6	44.1	32.5	16.9	18.9	15.4	29.9	26.6	33.1	43.3	23.2	38.7	39.8	53	59	56.4	50	63.4	37.6	38.9	36.7	35	45.8	34.1	42	43.7	32.1	25.7	29	35.3	24.5	32.2	27.9	35.7	24.1	18.3	9.09	8.73	2.43	5.04	7.45	16.5	17.8	15.1	11.1	4.17	5.27	2.63	1.93	1.81	2.16	2.02	2.53	3.79	4.29	3.31	5.31	2.35	1.79	1.27	1.35	1.41	0.243	0.205	0.167	0.606	0.024	0.0136	0.00747	0.00556	0	0	0	0	0.198
38.1	60.9	36	39.9	40.5	53.9	55.6	42.2	61.6	63.3	61.3	83.3	54	52.1	84	122	84.8	78.1	82.1	50.2	53.5	73.1	60.8	45.7	40.5	47.3	62.1	43.8	46.6	67.8	48.9	55.5	48.4	33.3	29.5	23	24	33.5	53.7	118	122	106	75.4	70.4	61.2	55.8	38.6	21.7	25.9	30.6	13.7	44.1	34.3	25.8	12	19.9	39	35.2	46.3	47.3	37	57.6	48.3	35.9	30.8	32.8	32	27.7	28.5	40.8	42.7	26.1	25.3	22.3	29.7	52.8	20.3	23.9	19.6	25.4	18.8	15	17.4	25.4	20.7	7.05	12.5	12.6	10.4	9.78	6.35	9.89	9.33	7.54	5.61	2.32	2.84	2.78	2.81	4.03	3.47	3.85	2.3	0.719	0.646	1.68	0.248	0.659	0.289	0.73	0.171	0.173	0.116	0.0773	0.0579	0.0191	0.0918	0.00448	0.00366	0.00102
29.2	41.9	32.6	35.4	27.2	21.1	27.1	32.3	41.8	62.8	64.1	84.3	52.9	57.3	71.9	113	109	120	89.4	51.7	47.9	61.7	55.9	45.2	46.9	60.2	55.2	53.7	62.6	63.6	47.8	34.2	42.2	36	31.2	21.5	20.9	27.1	43.7	56.6	95.4	99	99.5	95.8	61.9	40.6	36.6	26	29.1	25.8	18.4	13.5	17.5	22.7	25.5	9.59	29.6	26.8	68.7	34.1	36.9	45.6	35.6	28	39.4	34.9	26.5	16.4	34.9	49.5	36.7	25	20.8	25.9	27	21.3	19.2	27.4	31.6	56.8	24.2	9.97	13.9	35.3	14.9	9.84	14.4	10.7	8.48	14.4	5.77	6.01	14.4	12.4	9.99	3.59	3.09	4.37	3.47	3.31	1.67	2.8	1.16	0.525	0.176	2.19	3.36	0.615	0.213	2.96	1.98	0.452	0.19	0.102	0.546	0.0256	0.0722	0.00627	0.00512	0.00143
16	11.1	19.1	20.9	32.8	20.3	22.2	21.2	27.6	33.4	47.7	73.5	75.5	72.9	77.6	97.1	93.1	84.1	72	57.4	51.3	60.3	68.3	61.1	56.3	46.9	54.8	63.4	70.5	68.2	49.7	32.9	35	39.6	29.6	37.4	19.3	23.4	23.9	35.6	60.5	154	132	111	64	44.8	76.2	35.9	23.9	30.2	54.6	32.3	29.1	15.2	8.89	19.3	29	35.8	45.6	35	26.6	27.3	30.8	27.2	28.7	26.6	25.2	20	31.4	35.2	27.1	32	23.6	23.5	36	7.73	19.4	38.5	41.9	39.7	35.2	25	13.9	32.7	22.8	20.8	16.9	11.8	9.49	4.54	6.37	3.71	8.04	11.3	11.9	11.2	8.12	5.41	7.79	4.84	1.15	1.14	0.804	0.12	0.136	4.04	0.164	0.242	0.236	0.23	0.202	0.233	0.195	0.158	0.123	0.0435	0.0869	0.0165	0.0143	0.00433
44.3	13.8	16	11.4	14.9	22.8	34.7	34.5	20.9	28.9	50.2	67.9	92.5	90.9	64.8	69.9	76	67.7	60.4	57.3	43.8	41.7	54.3	56.1	54.6	77.8	53.9	52.4	60	71.3	58.1	50.1	42.6	38.9	30.4	23.5	27.5	42	36.6	30.8	38.5	67.8	80.9	113	123	73.8	104	30.6	8.64	13.7	10.5	17.6	10.9	8.05	5.55	23.6	28.6	27.6	47.3	32.1	21.8	26.4	23.1	29	23.9	28.6	26.4	20.5	18.8	24.6	22.6	27.4	29.7	43.2	28.4	14.8	19.5	35.6	51	43.9	45.4	43.7	21.2	38.7	41.5	23	14.2	7.05	6.14	8.38	7.84	0.763	1.1	2.43	9.15	8.39	3.87	2.79	7.41	2.9	3.27	2	1.54	0.128	0.154	3.45	0.205	0.283	0.316	0.315	0.282	0.341	0.29	0.244	0.196	0.0729	1.23	0.654	0.0311	0.00973
42.7	19.6	19	15.6	19.9	16.1	39.1	20.2	53.8	25.6	34.8	44.9	62.1	57.8	69.6	82.5	74.6	62	65.1	64.5	58.1	51.7	49.8	48.8	47.4	45.1	46.2	54.1	63	64.4	67.9	62.9	65.2	47.4	38.8	33.3	35.5	47.7	42.2	34.2	34.9	35.4	62	124	127	64.8	68.5	33.4	38.3	18.1	21.7	33	14.8	17.3	19.3	26.7	27.8	20.5	30	53.4	35.8	18.6	14.6	28.2	31.9	33.9	34.6	56.6	22.1	27.4	31.4	22.7	23.8	34.6	19	21.5	44.3	53.9	71.3	41.8	43.7	50.6	52.9	28.2	24.9	16.4	14.2	8.02	8.86	2.57	9.46	6.56	1.44	0.785	3.67	4.65	5.99	5.49	3.64	1.83	1.52	1.39	0.289	1.01	0.338	1.25	0.478	0.464	0.534	0.53	0.482	0.599	0.528	0.451	0.367	1.05	2.24	4.15	2.72	1.88
43.5	39.6	23.2	15.9	16.3	12.4	20.9	22.4	20.4	18.5	23.3	49.5	35.9	44.8	40.4	55.7	70.6	52.4	51.9	65.1	60	53.9	64	44.7	43.8	46.3	45.7	53.5	60.7	64.4	69	59.3	58.5	38.1	37.2	33.5	30.1	30.7	36.4	48.4	47.8	85.5	80.1	39.9	75.6	82.9	92.1	61.6	71.8	40.3	30	40.7	16.4	18	22.6	34.3	55	34.8	25.6	51.7	21.2	28.1	15.6	17.6	14.2	14.4	19.6	29.3	15.9	20	19.7	23.1	21.2	24.5	18.5	11.8	43.5	64.7	51.3	37.9	59.1	55	38	31.8	21.3	8.65	6.19	6.81	6.98	3.74	0.0923	7.14	6.57	9.94	7.35	3.36	4.45	7.63	3.3	0.858	0.0184	1.39	3.17	2.07	0.368	1.38	1.46	0.549	0.651	0.641	0.586	0.851	0.771	0.568	0.467	0.891	0.914	2.42	1.05	0.0647
24.7	35.1	41.8	60.7	17.7	10.9	13.7	50.5	17.7	16.8	21.5	31.6	28.4	28.5	34.2	56.6	58.1	60.6	89.2	53.8	50	37.8	41.7	43.1	37.8	41.1	44.4	51.8	56.8	57.1	53.2	43.4	50.5	34.4	31.8	36.3	31.9	29.5	34.6	64.8	52.3	61.8	54.7	39.1	68.1	77.6	54.8	46.4	54.2	47.2	35	30.7	33.8	18.2	27.8	30.1	32.2	38.3	40.2	36.2	26.1	15.7	4.58	11.9	20.4	20.1	18.9	14.9	14.6	13.4	26.6	19.2	20.9	17.7	14	11.4	26.7	44.7	40.5	19.3	30.4	32.7	30.4	25	19	11.2	1.92	6.64	6.69	10.8	3.9	3.36	8.16	8.82	6.14	1.31	1.32	5.02	0.354	0.713	0.024	0.0414	0.0734	2.26	1.44	0.578	1.95	0.853	1.14	0.783	0.754	0.861	0.777	0.69	0.557	0.362	0.6	3.82	3.08	0.0817
16.7	28.5	30.7	32.7	35.2	58.9	49.9	31.7	30.4	26.2	28.9	26.6	24.1	29.6	42.7	66.5	80.3	90.7	62.7	42.3	34.7	33.1	39.4	37.3	35.7	37.6	40.4	45.4	51.3	52.1	45.1	36.4	48.5	35.2	31	38	32.4	36	34	59.2	67.6	71.7	50.9	22.1	22.6	30.2	35.5	28.1	40.6	28.9	25.6	13.7	26.3	13.7	18.6	18.1	31.5	28.1	28.6	34.8	24.4	11.9	8.67	14.1	17.7	19.7	18.7	18.8	13.3	12.4	16	13.6	13.8	15.7	15	5.16	19.5	25.9	22.9	8.45	4.2	7.45	17.1	31.6	29.3	19.5	10.1	20.1	15.6	14.5	12	8.06	2.4	6.86	5.19	2.82	2.24	3.87	0.0142	0.737	0.0458	0.0651	1.92	1.55	2.1	2.55	0.803	1.05	1.07	1.07	0.825	0.989	0.866	0.746	0.615	0.991	0.293	0.231	1.17	0.0993
15.2	16.3	25.7	29	36.6	48.6	55	40.3	42	27.6	30.2	29.4	25.2	36.1	49.2	54.8	63.1	63.4	51	50.6	43.5	34	29.2	30.9	29.9	31.1	29.6	38.2	41.5	39.9	33.8	38.7	36.4	36	38.5	44.3	36.3	39.7	35.8	43.2	48.4	53	47.2	38.8	42.1	35.6	30.2	45.2	37.2	32.9	25.7	17.1	24.6	15.8	15.5	23.4	24.3	15.6	27.3	45.8	29.8	8.91	7.32	14	18.3	16.9	14.2	16	14.5	22.6	20.7	17.7	16.3	13	12.4	9.52	25.9	38.5	8.83	4.2	5.51	8.17	10.2	12.4	16.3	15.5	11.5	20.2	25.5	17.7	12.2	4.12	3.7	5.02	3.24	2.34	3.37	3.65	0.0326	1.27	0.0409	0.501	0.0786	1.7	2.3	6.09	1.35	3.3	1.98	5.22	0.807	1.1	0.965	0.83	0.683	0.511	0.37	0.294	0.283	0.138
12.3	12.3	16.7	32.1	32.3	30.1	33.6	31.9	43.7	50.4	51.9	40.6	32.2	38.7	47.1	56.7	55.9	53.4	43.6	46.3	43.9	37.4	32	32.5	37.7	30.2	27.4	30.7	35.6	33	29.7	35.7	35.7	34.2	33.1	34.8	32.3	30.3	25	33.9	30.4	37.8	42.3	51.3	46.4	36.5	55.4	41.6	31.1	30.6	21.2	30.2	26.7	15.3	19.5	26.1	28	15.3	21.4	27.1	13.8	15.9	8.34	14.5	13.2	12.4	12.2	12.5	21.2	20.6	16.6	11.2	11.7	12.8	9.91	2.52	2.02	6.06	2.29	7.39	15.3	20.6	10.9	7.54	10.4	7.01	5.56	11.4	11.8	14.6	11.8	7.61	1.95	1.87	1.76	2.68	3.62	4.79	2.35	1.59	1.74	0.0808	1.53	0.563	3.87	2.5	3.66	3.29	2.05	2.23	1.02	1.2	1.07	0.91	0.75	0.56	0.448	0.325	0.319	0.158
11.6	14.1	15.1	21.1	19	15.8	17.9	26.2	29.6	61.7	79.6	60.3	54.2	55.8	54.8	51.1	51.5	49.7	44.8	45.9	39.6	34.2	30.4	32	34.9	28.7	24.6	28.7	28.5	27.7	24.9	30.6	31.1	32.4	32.4	28.1	24.5	21.6	21.2	20.8	19.8	20.3	20.9	31.5	29.1	28.8	51	40.7	23.3	26.4	30.6	28.6	32.9	32.3	25.4	24.3	19.3	11	24	16	3.41	10.9	15.9	12	12.3	14.3	13.4	11.8	11.1	11.5	19.1	13.2	12.5	10.2	10.5	2.72	2.17	3.43	12.7	8.4	10.7	18.1	6.64	7.84	6.44	2.91	5.13	6.2	5.23	7.61	15.3	10	2.05	3.58	1.68	3.49	5.5	8.96	4.3	3.9	3.04	0.243	1.82	1.59	2.01	3.64	3.85	3.45	1.18	1.14	1.11	1.4	1.22	1.08	0.847	0.601	0.41	0.313	0.311	0.159
13.9	16.5	17.1	20.3	16.7	13.2	18.9	19.6	41.3	63.8	87.6	82.3	91.4	70.6	64.5	59.5	54.5	50.4	41.6	35.9	40.7	36.1	38.8	41.5	39.3	31.1	28.3	24.9	25.3	22.5	24.6	30.6	26.7	26	29	24	22.2	26.6	27.4	24.1	22.2	23.3	24.3	12.9	10.9	11.7	14.2	23.5	18.3	20.6	32.9	36.2	36.1	32.5	30.3	17.2	11	19.2	20.3	5.9	8.56	5.59	9.71	16	9.6	9.76	9.79	9.61	9.65	11.6	14.3	16.7	11	9.71	8.78	5.5	7.05	7	7.04	6.22	9.69	15.1	3.99	2.77	6.53	10.2	8.26	6.74	3.45	3.84	3.76	2.6	4.76	16.8	17	3.89	6.92	9.4	8.53	7.64	6.14	5.5	4.2	2.6	2.43	2.39	6.56	5.84	5.36	4.32	1.83	1.69	1.5	1.26	1.12	0.722	0.385	0.261	0.259	0.219
11	13.6	22.2	44.3	26.2	27.7	15.8	14.9	23.1	43.8	74.1	69.8	77.8	71.9	58.1	61	47.9	42.3	41.4	32.9	30	31.3	31.3	34.8	33.2	34	30.2	28.3	27.8	28.8	32.8	28.8	26.4	25.5	31	33.4	29.5	30.1	29.4	29.7	25.5	27.8	26.3	24.9	18.7	15.4	20	17	22.1	11.1	14.5	19.9	27.5	33.2	18.5	14.5	9.46	15.2	16.8	6.84	5.54	25.5	13.1	19	15.9	15.2	13.7	15.8	16	16.6	18.3	17	18.3	19.3	15.1	4.27	5.32	7.32	5.84	4.73	4.54	4.28	5.38	13.8	16.6	14.4	12.7	11.4	3.93	3	4.72	4.58	5.18	19.6	22.3	14.2	21.4	23	13.1	12.2	16.4	14.7	5.69	5.72	5.71	6.29	7.04	9.61	8.26	5.7	2.9	2.2	1.96	1.56	1.33	0.27	0.146	0.0771	0.0772	0.254
9.42	10.6	11.4	34.5	39	14.6	8.39	7.59	9.36	27.1	55.4	45.1	55.9	69.1	78.4	73.5	45	40.4	40.3	32.3	27	30.7	29	26	22.9	26	22.2	25.9	28.3	28	24.5	23.3	22.9	24.1	28.6	28.5	27.7	28.3	25.5	18.9	18.1	20.3	21	15.1	10.7	16.2	18.3	12.9	13.2	10.2	10.1	13.9	19.3	19.9	14.5	17.8	15.2	19.1	23.2	21.5	15.3	18.6	19.1	19.3	16.7	16.2	21	15.8	14.4	14.8	15.5	13.2	13.1	18.3	15.8	1.85	7.47	7.67	17.5	17.6	4.82	4.17	6.97	4.25	3.42	10.3	10.8	4.06	2.7	3	3.16	3.97	4.91	14.5	20.4	12	18	37.1	16.3	20.3	29.9	27.5	13.5	8.45	9.4	9.46	10.4	12.2	10.1	5.97	3.94	3.49	1.94	1.55	1.27	0.271	0.125	0.0575	0.0579	0.195
10.9	9.49	9.01	7.65	7.15	7.94	9.56	11.3	9.82	29.2	32.8	27.3	35	29.5	35	58.4	60.1	36.8	33.8	29.7	26.6	26.3	24.8	21.7	23.6	21.5	22.2	22.4	18.8	22.5	24.6	25.1	31.6	29.7	39.3	31.8	27.8	25.6	19.7	16.8	17	18.2	20	8.11	8.25	7.07	10.1	17.5	12.9	10.7	10.1	16.4	20.2	16.5	11.7	22.1	30.4	21.3	11.8	15.6	17.9	18.2	12.5	27.9	23.3	23	21	21.8	20.6	18.8	18.1	14.9	16.7	20.6	16.1	6.27	1.48	2.4	10.8	14.6	7.96	7.42	4.81	5.5	4.37	6.34	13.1	3.59	4.85	4.47	5.74	3.07	6.64	4.93	13.1	14.9	18.9	40.3	27.6	20.8	22.2	20.3	15.4	13.8	15.8	15.5	13.5	13.2	11.7	5.46	3.96	2.67	2.23	1.98	1.33	0.293	0.135	0.0545	0.0526	0.212
9.65	10	8.36	7.82	8.75	10.5	7.98	10.3	12	24.4	52.3	39.1	26.7	39.8	23.5	24.1	35	35	34.7	25.4	28.2	23.1	18.4	15.6	16.9	21.9	20.5	22	17.2	20.3	26.6	28.2	33.1	29.8	31.3	24.7	26.4	22.5	20.7	19.8	19.3	18.9	17.7	3.6	15.8	7.08	15.1	13.6	16	13	11.1	12.9	11.1	9.28	12.8	13.4	23.7	21	22.4	16.5	18.6	24.2	37.1	24.5	19.1	17.8	14.8	21.5	30	22	18.2	16.9	22.9	20.9	17.4	5.47	5.29	10.9	7.45	6.35	5.98	5.02	4.63	4.37	5.93	6.35	10.8	5.36	11.6	5.55	10.6	4.38	11.8	11.7	10.5	10.9	10.2	17	17.3	16.5	12.1	14.2	13.4	13.4	13.8	13.4	11.1	9.04	10.7	4.42	4.32	3.7	2.85	2.15	1.84	0.347	0.164	0.0683	0.0612	0.184
8.11	8.29	8.37	9.13	7.69	8.42	8.17	8.08	10.1	7.29	8.77	27.4	22.9	20.3	19	34.4	26.9	23.1	21	20.6	19.6	19.7	15.1	14.6	14.8	15.5	14	17.7	14.9	16	18	22.2	28.6	25.8	23	24.1	24.4	26	26.8	23.2	23.4	22.4	22.8	12.7	14.6	18.6	13.9	5.66	11.9	11.4	5.85	9.64	9.33	31	8.9	8.58	9.76	22.1	31.9	19.6	19.9	21.7	28.6	24.4	25.1	21.3	22.7	18	21.9	19.9	16.8	18.1	19	15.6	18.4	15.3	20.6	23	12.3	7.75	6.78	6.07	5.34	4.46	4.45	8.44	10.5	9.93	12.9	9.56	12.9	14.4	16.2	36.5	18.6	22.6	19.7	23.3	26.9	29.6	26.8	24.1	22.9	23.8	21.7	20.5	15.3	7.48	8.16	5.47	5.09	3.86	3.56	2.86	1.66	0.445	0.279	0.0913	0.0775	0.358
8.14	8.94	7.88	7.91	10.2	10.2	9.89	9.18	9.07	7.45	9.82	16.2	15.3	16.2	17.7	28.3	21.7	25.9	26.5	15.3	12.7	13.5	14.3	13.4	14.1	18.2	14.6	13.2	12.9	13.6	15.1	19.4	21.6	22.9	21.5	21.9	27.9	26.8	29.2	27.8	26.7	24.9	24.9	13.8	15.9	15.8	15.4	4.8	14.9	16.6	6.7	4.44	11.6	49.2	14.7	10.6	15.9	21.2	15.4	31.4	44.2	43.8	41.2	25.8	24.4	27	30.3	21.1	17.9	18.6	22.5	22.1	19.9	21	19.8	24.8	28.7	26.5	13.8	7.23	7.08	13.3	10.1	7.72	4.38	9.39	16.1	16	18.4	12.5	13.6	14.1	17.7	23.6	22.2	22.4	24.7	27.3	24.4	32.9	42.2	35.1	29.3	31.3	28.6	22.2	21	12.1	9.03	5.11	4.82	5.58	4.04	3.21	2.01	0.506	0.388	0.188	0.429	0.873
8.98	8.64	8.97	9.35	11.3	15.1	10.2	7.91	8.26	6.87	8.52	11.5	11.7	14.8	15.2	17.5	22.1	43.7	38.6	15.3	18.8	15.6	12.3	16	16.6	21.1	19.3	14.1	12	12.1	15.9	18.6	18	20.2	21.9	23.2	27.8	29.3	30.1	34.7	29.4	28.5	30.9	21.2	16.6	15.9	13.4	4.3	6.62	14.6	7.14	8	5.79	5.73	5.71	11.3	19.5	45.6	35.8	34.2	39.1	46	38.3	23.6	18	27.3	32.8	21.9	22.9	32.4	43.3	33.7	27.7	28.6	25.1	53.8	22.7	28.2	28	20.4	16.2	11.6	9.03	8.37	6.75	13.3	19.9	17.9	14.4	14.3	18.3	18.6	23.4	43.4	20.9	25.6	25.5	28.4	31.6	38.7	54.7	45	34.5	38	35	26.4	28.1	21	13	8.19	6.18	5.64	4.73	3.7	2.49	0.692	0.387	0.261	2.14	0.908
8.03	8.91	10.8	13.2	13.3	13.1	9.64	9.96	7.43	7.03	7.52	9.84	10.1	8.8	8.52	11.8	20.3	33.1	52.4	39.2	30.1	21.1	16.2	19	18.6	17	13.9	14	12.6	12.4	12.7	17.4	18.1	19.9	23.9	26.5	30.3	36.5	39.6	38	33.1	33.9	38	33.2	26.9	21.7	17.8	8.37	9.91	10.9	31.3	25.6	15.5	11.7	19.3	18.1	24	30.2	40.8	27.2	28.6	40	31.6	25.3	16.2	28	31.4	37.5	37.4	38.8	42.9	38	41.7	34.7	31.2	28.3	33.1	24.1	28.9	26.6	20.3	11.7	7.91	7.44	10.2	21.8	24.1	20	15.3	14.8	19.4	23.7	23.2	20.8	20.4	30.2	33.2	31.6	35.4	42.3	49.6	44.6	38	42.3	37.7	28	26.2	18.9	12.3	9.89	8.74	6.89	5.75	4.73	3.51	1.06	0.584	2.13	2.51	0.819
3.25	6.96	9.37	6.38	10.9	8.34	11	10.2	7.2	6.41	6.43	7.3	7.58	7.75	8.6	10.4	15.9	15.2	18.2	23.1	25.2	21.3	20.6	23	20.6	12.6	14.9	14.8	11.2	11.9	16	18.1	16.2	20.6	23.7	30.2	43.2	50.2	49.5	49.2	46.6	48.4	53	54.6	54.4	42.8	33.6	22.7	19.6	23.5	43.7	36.8	43.7	39.4	31.5	24.1	26.2	18	26.3	30.9	30.8	30	44.4	27.9	18.6	23.2	25.9	23.1	29.4	26.7	46.1	44.4	32	45.9	28.6	31.2	32.4	23.7	38.1	18.2	19	13.5	9.88	9.56	11.6	18.6	33.7	29.4	16.7	16	20.9	35.6	31.4	26	30.4	45.6	40.1	30.9	35.8	41.1	37.1	44.1	48.7	47.2	38.8	32.5	28.2	22.9	18.6	14.4	12.1	9.1	7.81	6.43	5.11	1.69	0.97	1.65	3.54	2.58
2.83	4.53	4.47	6.28	7.8	5.71	7.69	9.31	10.6	10.1	10.6	8.49	7.87	7.73	8.59	11.6	13.2	13	11.4	21	19.3	25.1	20.3	17.1	17.1	13.4	15	18.9	12.6	14.9	20.3	21.8	24.3	29.7	36.1	47.9	73.5	78.1	68.7	58.6	64.6	63.1	77	91.5	76.5	50.1	39.1	30.6	30.5	21.1	31.1	28	51.8	41.1	32.1	31.3	25.3	16	13.6	14.4	19.1	16.6	25.6	26	18.9	22.6	24.5	30.9	29.1	33.7	44.5	61.4	29.6	30.2	28	43.4	39.5	35.5	54.6	20.8	18.5	16.1	12.6	13.5	13.5	13.6	25.2	19.8	17.5	21.3	45.7	58.4	33.8	31.4	30.1	37.2	40.5	37.8	43.9	44.7	40.1	42.7	44.5	42.5	41.2	37.2	30.8	23	19.4	17.9	14.7	11.6	10.3	8.49	7.18	3.37	1.95	1.84	3.7	1.37
2.81	2.15	2.28	2.97	7.5	3.08	3.36	6.24	6.3	7.17	7.99	8.91	9.35	7.81	8.15	7.86	12.3	11.2	10.1	13.1	28.9	19.9	15.1	17.7	20.1	20.6	17.6	15.8	21	23	20	25	31	34.9	40.8	55.2	47.7	59.6	63.4	60	60.8	61.3	77.2	85.6	59.9	53.9	47.3	44.2	42.5	39.8	34.2	24.8	16	22	40.3	36.8	37.5	23.8	19.7	16.6	17.3	27.1	23.7	15.7	17.8	17.2	20.3	20.6	28.9	33.7	23.4	26.6	25.2	30.2	17.2	31.6	31.2	34.8	33.4	28.1	23.1	25.8	16.2	10	11.6	19.9	25.7	20.4	20.6	24.1	29.4	52.4	36.5	37	32	32.9	47.5	47.8	58.6	55	42.9	38.4	44.1	46	46.9	41.1	33.2	24.2	20.9	20.2	19.8	17.6	13.6	11.7	8.51	5.23	3.37	4.29	4.01	1.12
2.61	3.28	1.84	1.59	1.58	1.47	2.23	3.03	2.99	4.75	7.99	8.58	7.37	7.04	7.07	7.99	8.75	10.4	9.66	12.8	37.7	26	16.1	21.3	24	24	18.9	16.5	29.4	32.3	29.3	31	32.8	37.2	44.3	58.2	54	59.9	60.3	61.2	59.6	66.1	66	70.3	47.7	41.8	40.2	45.7	41.4	37.3	32.6	30.6	32.3	36.8	46.4	36.8	29.6	30	36.6	31.7	29	33.4	30.7	25.2	21	16.7	13.5	13.2	21	27.4	19.4	19.7	18	32.1	21.3	27.6	33.6	31.4	35.2	40.9	37.5	25.5	20.9	15.9	19.7	18.1	21.6	22.8	24	28.3	26.9	31.3	48.8	38.7	41.1	41.7	49.4	50.8	51.7	52.7	45.6	40.3	47.6	45.4	47.2	38.3	35.9	26.3	23.6	22	24	27	20.9	16.6	12.8	5.62	4.58	2.33	2.89	1.47
0.873	1.06	2.31	2.67	0.899	0.806	0.712	0.755	0.872	1.43	2.84	3.15	3.6	4.19	5.24	7.03	7.46	8.27	11.1	12.4	12.1	30.7	23.7	18.8	20.4	15.5	15.1	13.3	14.4	33.3	30.6	43.6	45.6	59.4	80.4	81.2	59.5	67.3	58.6	57.3	57	56.7	55.1	58.2	44.6	40.3	35.2	42.2	40.7	39.4	38.8	39	36.4	31.1	26.5	48.1	29.1	31.6	38.1	46.8	49.2	29	19	29.3	27	20.6	15.8	15.3	16.1	13.9	12.5	9.83	11.5	11.5	9.82	19.8	29.1	36.1	40.3	34.7	36.7	36.1	27.7	25.9	20.9	28.4	31.2	34.6	28.1	27.6	32.3	36.8	45.5	47.6	39.3	42	48.1	40.6	42	40.3	41.1	43.4	42.6	37.9	37.7	33.2	31.9	25.7	24.5	23.1	22.6	30	33.2	21.1	18.1	12.3	11.8	8.2	6.56	4.32
0.53	0.537	0.205	0.995	0.975	1.84	0.808	0.439	0.413	0.661	1.63	2.61	2.99	3.76	4.68	7.76	7.87	7.4	8.29	14.7	13.2	14.7	25.8	28.4	18.6	14.9	13.9	16.7	18.7	24.6	33.6	71.1	75.5	71.5	78	72.6	68.8	65.1	67.1	62.9	58.8	52.3	53.1	52.5	42.2	42.4	32.9	31.3	28.8	40.7	38	40.3	31.8	38.4	38.5	56.7	54.7	40.3	39.3	49.4	63	49.2	20.8	22.5	19.3	22.9	22.1	20.5	16.8	12.6	13.4	9.2	12.6	9.72	8.02	21.9	22.8	35.3	23	20.4	21.4	29.7	30.5	26.7	26.5	43.2	47.4	47	34	30.4	42.4	52.2	67.6	55.1	42.9	39.4	45	40.8	42	40.9	36.3	39.3	39.2	37.6	35.1	33.7	30.4	29.5	29.4	26.1	22.7	28.8	29.4	25.4	22.4	18.5	14.3	11.7	7.56	5.92
0.251	0.493	0.392	0.322	0.542	0.462	1.28	0.386	0.452	0.44	0.944	2.56	2.88	3.42	4.13	6.07	8.57	7.95	8.75	11.7	13.5	13.9	16.2	30.4	16.7	20.4	17.6	14.2	14.7	16	21.7	61.4	76.5	71.3	71.1	65.8	67.2	66.3	68.7	68.6	58.3	52.9	54.7	48.4	42.1	41.9	33.3	31.4	34.6	31.8	31.1	35.4	40.9	46.9	38.1	51.3	66.3	61.8	50	46.6	68.5	47.1	37	30.6	22.2	23.2	21.5	19.5	18.3	15.1	12.2	9.56	10.3	14.5	13.8	17.7	19.8	16.3	18.6	21	23.2	25.4	25.6	24.1	32.4	30.4	40.4	32.9	32.5	31.5	34.3	50.6	56.8	51.7	49.8	41	40	34.1	38	41.5	40.5	35.6	36.9	35.3	34.4	32.5	29.3	27.1	29.9	26	25.2	27.6	31	29.3	28.1	27.3	22.2	17.7	12.3	10.2
0.301	1.04	0.405	0.206	0.302	0.478	0.481	0.435	0.412	0.486	0.65	1.68	2.56	3.04	3.85	4.43	5.75	8.13	9.29	11.5	12.4	14.1	12.4	11.9	16.8	48.1	16	10.1	21.1	12.9	10.2	21.4	50.4	107	92.8	81.5	82.8	79.8	74.1	56.4	56	57	51.9	46.8	48.2	43.3	38	33.9	31.8	37.7	34.6	37.8	58.5	53.5	49.8	50.6	47.2	55	56.5	67.9	50.3	47.2	42	25.2	29.2	28.2	25.7	28.6	29.2	22.1	17.1	15.6	16.1	22.5	16.1	14.4	17.6	15.9	20.2	27.4	27.7	21.6	21.3	25.3	31	36.6	33.6	34.1	30.7	29.6	36	45.1	47.9	50	53.7	40.8	35.5	30	34.9	40.5	42.5	38.5	33.4	30.2	30.8	30.4	27.8	29.4	27.1	25	25.8	28.7	33.5	35	31.6	31.1	25.1	22.7	20.1	11.4
0.15	0.24	1.68	0.169	0.162	0.174	0.185	0.239	0.291	0.828	1.14	1.46	2.02	2.71	3.76	4.13	4.74	5.9	7.47	10.1	10.8	12.3	12.4	12.8	12.2	20.2	11.5	13.1	10.1	14.5	7.16	8.74	18.2	45.5	89.3	80.3	73.5	68.8	54.9	54.7	54.3	53.5	53.1	46.5	57.7	43.1	42.2	40.1	46.6	42.5	36.1	39.8	47	51.2	64.4	57.9	52	65.7	77.3	88.8	62.8	49.7	46.1	35.1	36.6	37.5	39.3	57.8	65.1	29.5	24	8.61	6.17	8.85	8.6	6.26	7.65	14.3	27.2	24.3	28.3	24.9	19.9	25.9	19.1	34.5	36.3	40	36.2	33.7	43.8	43.8	43.3	43.3	46.3	38.7	32.6	29.2	29.5	31.9	37.3	33.6	34.7	24.6	22.2	23.7	23.1	27.5	21.5	21.4	23.1	33.7	37.7	37.2	33.4	35.6	34.1	29.5	26.1	19
0.09	0	0.03	0.135	0.18	0.124	0.15	0.179	0.233	0.605	1.5	1.3	1.59	2.12	2.99	4.1	4.25	5.21	6.41	9.33	10.5	11.9	13.8	13.9	12.7	12.3	11.2	10.5	8.74	9.57	13.4	12.9	21.6	13.8	29.9	57.7	69.7	72.3	61	56	54.8	56.6	49.8	45.3	50.2	44.1	48.3	39.8	42.1	48	44	37.9	50.7	46	63.8	65.2	62.5	69	89.5	76.2	63.4	55.8	55.4	46.6	47.4	44.2	47.9	35	33.2	30.3	26.1	8.26	6.14	6	8.37	7.93	11.2	9.62	34	39.5	32.9	20.2	22.1	27.7	34.7	47.7	44.1	46.2	43.7	44.3	38.8	42.8	39.7	34.3	34.1	33.3	31.2	29.1	32.2	35.8	32.2	26.5	25.3	22.2	21.9	20.3	20.8	23.3	20.6	24.6	29.8	35.8	35.4	34.8	34.2	43.8	46.7	41.4	32.6	24.4
0.03	0	0.09	0.267	0.294	0.405	0.698	0.157	0.185	0.367	0.673	1.51	1.31	1.76	2.39	3.49	3.75	4.89	5.5	7	8.8	10.5	11.1	14.5	15.3	13.1	11	10.2	8.56	9.28	10.5	8.41	14	11.3	16.5	28.8	44.3	50.4	50.8	50.3	53.6	58.5	51.7	46.9	57.4	59.5	45.6	39.4	39.8	48	37.8	37.8	49.6	59.7	54.7	65	65.5	63.8	73.9	77.7	69.6	66.2	64.9	62.6	64.2	57.4	51.6	41.3	38.7	36.1	32.8	8.11	8.19	6.12	6.37	8.41	17.8	14.3	17.5	33.9	35	32.4	56.3	47.4	34.5	40.4	37.5	32.1	32.7	43.5	39.4	37.9	44.7	38.3	30.1	29.2	30.4	29.9	31.9	38.3	28.6	25.8	23.3	19.2	19.2	20.9	19.6	20.2	19.9	24.5	26.6	27.4	31.4	31.7	36.5	41.2	41.9	40.8	43.1	28.8
0	0.18	1.53	1.36	0.47	0.347	0.58	1.62	0.188	0.406	0.527	1.9	1.26	1.45	1.95	2.48	3.45	4.14	5.06	6.73	8.69	9.62	8.87	12.3	13	11.8	9.76	6.55	7.58	10.1	8.99	12.3	7.74	13.6	12.2	15.9	18.1	25.4	34.5	45.1	46	50.2	49.8	48.2	66.3	78.6	52.8	40.5	44.3	35.3	39.6	42.8	51	57.7	55.4	63	63.3	62.3	67.8	71.7	87.4	85.4	81.2	70.8	68.7	69.3	63.4	48.2	46.6	42.8	40.2	13.4	17	10.1	29.7	13.8	16	18.4	14.3	18.4	41.2	44.9	48.2	43.1	47.7	40.8	35.4	30.1	29.3	31.4	34.7	35.7	39.9	38.6	35.1	28.4	26.9	27.9	27.2	25.2	25	25.8	23.9	20	18.5	19.8	18.8	21.7	24	22.3	23.8	28.2	31.8	33.9	38.4	44.3	32.2	33.6	45.7	26.7
