79.7	109	142	187	209	168	165	192	256	352	326	348	358	313	284	250	230	207	268	332	448	439	395	400	444	430	467	425	448	453	423	435	373	311	330	391	420	453	379	302	324	379	394	449	375	251	232	217	125	100	87.5	84.2	83.4	81.4	111	164	264	178	119	138	125	81.9	112	115	91.4	115	135	131	136	145	149	154	138	123	152	162	166	140	132	98.8	112	132	139	96.8	60.3	59	49.1	21.8	61.3	48.1	42.6	17.2	45.3	46.6	41.6	66.8	75.4	98.8	116	117	72	70.2	84.4	86.9	96.3	107	107	109	113	136	116	121	127	79.3	66.8	44.6	40.4	32.8	34.6	37.4
124	197	229	191	181	175	230	183	241	292	371	327	329	325	328	285	213	207	244	310	390	377	350	343	349	355	383	416	539	565	520	421	379	374	386	389	360	508	390	352	340	362	449	435	364	296	226	187	86.2	55.3	52.7	57.3	57.2	65.1	78.8	103	88.8	85.8	91.2	98.4	79.9	62.1	93.7	113	99.4	137	144	115	129	155	161	149	133	150	223	206	157	150	138	111	93.1	109	124	133	97	61.8	44.6	57.7	47.6	52.3	49.5	22.8	19.3	37.8	50.9	66.6	71.5	75.3	74.2	88.2	39.6	51.6	87.3	93.7	99.7	104	96.6	114	107	79.9	67	52	74.2	46.9	30.5	25.3	23.7	19.5	25.6	29.3
166	198	199	172	159	195	216	189	262	280	282	223	259	309	364	275	233	270	306	337	382	411	405	445	449	358	340	391	515	546	457	330	343	355	295	290	252	357	323	285	302	293	372	312	211	237	156	99.2	67.6	68.6	65.2	62.9	69.6	101	90.7	66	102	74.5	69.9	77.7	59.8	93.6	152	139	117	114	136	112	117	108	120	134	123	172	279	206	155	164	134	137	94.6	107	98.5	105	103	96	82	62.6	61.1	41.1	49.4	23.6	26	61.8	52	35.6	28.6	34.2	48.9	84.8	74.7	89.1	110	125	98.4	73.2	74.1	80.5	81	62.9	58.8	43.4	43.1	26.5	26.8	19.9	20.1	13	17.4	24.2
186	196	211	183	169	203	241	243	231	261	214	195	227	255	275	189	279	323	356	298	331	370	418	506	545	446	422	406	455	455	444	309	314	318	263	258	171	173	177	215	283	209	227	156	107	104	81.2	80.2	102	134	116	128	88.9	95.4	80.2	85.2	111	91.5	88.4	128	88.5	120	151	144	101	103	102	109	120	94.8	107	134	165	207	184	174	146	146	116	122	102	84.9	101	87.7	107	124	98.6	101	81.9	34.4	40.3	26.7	20.6	21.7	32.8	30.5	13.1	23.9	24.4	37.8	53.3	79.2	77.9	55.8	49	47.8	51.5	55	52.2	28.3	25.3	24.9	21.9	14.8	8.4	11.5	16.2	8.58	13	9.72
167	191	206	188	215	243	296	228	255	272	299	257	247	212	197	226	284	378	378	382	415	420	505	621	554	505	451	469	472	442	424	304	307	218	183	170	149	149	142	167	182	162	107	103	95.4	99.2	72.5	80.2	123	163	133	115	99.9	110	92.8	162	118	111	129	141	107	129	141	156	133	129	102	84.9	88.8	88.8	89.6	122	186	170	135	144	160	135	122	137	120	95.8	108	85.1	77.6	82.9	69.8	66.2	73	49.5	24.5	0.87	9.39	34	32.1	15	17.5	19.2	13.7	8.76	15.3	12.6	7.14	11.6	18.7	28	26.6	25.6	11.6	10.5	5.13	10.1	12.5	11.1	6.69	10.8	13.1	2.04	0.9	0.6
200	231	240	225	243	323	254	219	292	419	392	270	236	184	197	257	286	346	394	388	413	529	535	690	531	527	449	479	492	384	379	295	254	175	182	163	112	93.4	132	106	132	112	76.3	80	127	106	103	98	107	123	109	102	102	129	126	145	130	162	109	90.7	104	230	226	113	126	108	86.7	59.4	50.2	63.6	68.3	107	164	196	201	186	186	160	176	162	112	92.2	117	107	85	88.7	62.1	57.9	34.4	44.7	48	1.44	2.67	7.62	11.2	7.89	22	16.2	7.56	25	17.2	9.72	8.31	15.8	12.4	13.5	10.5	5.52	11.4	9.12	11.6	10.3	12.9	16.8	16.3	15	13.2	10.2	9.3	7.08
231	254	262	320	288	346	277	251	256	353	317	216	176	167	202	319	292	290	339	362	344	527	540	509	459	464	436	426	493	351	284	232	206	252	190	185	113	70.8	113	119	119	115	90.8	82.1	107	100	106	131	131	113	112	109	111	115	102	113	171	194	189	122	104	223	276	135	153	101	54.1	25	37.8	60.3	70.3	89.4	128	186	200	161	167	161	123	133	123	108	137	121	94.2	77.9	57.7	39.4	39.2	36.9	27.1	9.93	9.51	8.07	7.47	8.28	5.7	17.2	13.4	5.94	10.1	14.6	9.66	13.8	11.2	5.67	2.58	5.82	12.6	16.1	26	12.8	11	51.2	59.2	29.6	17.7	6.99	12.2	6.93
245	301	321	363	343	312	289	318	333	272	242	242	174	171	223	268	261	255	277	317	336	357	426	492	493	428	342	370	393	342	241	197	259	251	255	197	123	117	114	110	127	166	142	105	117	113	111	143	153	132	137	146	119	131	115	140	159	195	274	284	251	258	275	184	136	79.1	67.6	56.5	56.7	55.2	68.5	76.4	102	175	257	186	177	146	126	159	193	194	170	132	105	102	49.9	39	58	51.8	32.8	27.7	8.88	8.01	8.55	1.89	1.2	3.27	0.96	1.92	9.69	11	9.36	7.65	2.64	0	7.68	6.78	19.5	37.7	13.4	4.11	40.1	16.1	8.19	5.76	8.97	4.86	13	9.72
238	289	301	316	287	279	281	362	340	262	233	230	249	292	298	355	365	281	252	300	408	374	392	515	485	435	383	392	564	427	277	302	264	255	214	205	216	114	106	88.4	131	146	117	122	129	94.9	115	142	166	154	171	170	132	154	153	193	236	205	210	189	310	221	304	132	87.6	101	95.1	64.4	49.8	39.9	81.4	89.4	97.4	97.9	112	154	178	192	174	213	232	199	148	110	103	70.7	87.8	77.7	60.3	38	41.9	13.3	17	0	3.15	0.54	1.89	3.69	4.77	2.04	5.04	2.82	1.11	1.14	1.74	9.27	3.99	21.2	17.6	18.4	4.2	32.5	41.8	24.9	15.1	6.48	23.6	51.5	32.7	20.7
268	285	264	281	249	215	230	249	289	294	357	295	320	351	323	337	334	206	214	228	359	384	409	405	395	405	372	418	433	401	334	244	226	318	262	273	255	121	130	113	125	116	109	127	124	111	130	160	151	170	170	157	163	175	175	169	231	207	213	254	210	172	143	84.8	73.5	91.9	76.6	82.1	75	99.5	98.2	114	72.8	98.9	110	127	130	160	167	161	167	131	134	124	111	69.1	107	76.9	52.7	24.8	27.2	25	28.2	24.9	24.5	2.88	1.98	2.97	0.87	2.07	6.87	11	1.53	1.17	3.09	26.6	1.65	8.73	39.3	9.3	39.8	62.3	34.9	39.7	35.6	50.3	54.4	85.4	75.2	35.1
259	309	260	259	239	336	350	291	347	318	383	296	326	369	331	298	269	209	180	223	263	315	360	351	539	428	362	340	327	326	297	257	287	333	325	289	231	172	192	124	141	109	149	161	192	130	125	171	167	178	159	171	192	189	177	192	195	175	203	142	158	128	117	130	162	128	131	114	93.9	78.4	93.4	112	64.6	58.7	72.3	123	116	95.5	104	117	112	188	159	144	120	74.1	83.7	114	99	44.3	33.5	28.4	22.6	24.9	29.5	7.92	3.36	0.39	0	8.25	5.13	17.3	7.02	1.26	4.32	5.49	11	5.64	10.6	15.6	79	73.7	76.6	62.5	93.8	65.6	74.6	63	45.9	15
187	239	261	233	232	256	285	268	241	274	302	235	274	335	314	246	276	211	187	202	212	240	320	542	562	462	401	381	340	354	396	315	232	201	252	229	232	162	196	197	163	110	136	157	160	147	145	171	188	199	179	226	200	203	175	217	172	177	171	126	147	155	128	142	142	114	82.9	110	102	74.7	50.3	91.9	94.3	77.2	107	113	120	111	97	103	110	160	122	107	102	65.6	79.1	118	88.8	71.8	56.6	50.3	26.3	36.1	29.8	6.66	16.5	10.4	14.8	14.4	7.71	18.3	12.8	3.99	0.69	16.9	4.8	0.18	9.78	45.8	63.7	106	79.3	85.5	87.4	73.3	69	66.4	47.9	7.23
183	159	241	203	199	239	323	255	205	260	293	311	252	255	293	294	318	246	215	195	159	176	282	456	404	327	345	377	366	434	376	279	249	183	273	251	195	165	180	210	215	189	209	167	157	166	141	188	229	218	174	197	174	197	178	224	202	212	187	186	256	182	129	133	134	88.7	111	140	160	95.8	52.7	80.7	130	152	143	98	140	115	122	126	124	133	155	182	96	61.8	91.3	86.1	67.7	91.9	79.1	79.5	40	41.5	30.8	21.9	7.29	19.4	23.4	2.82	4.8	15	9.39	2.34	13.6	7.11	1.83	6.81	11.7	38.9	71.7	61	81.6	72.9	81.4	97.7	61	27.6	21.1	6.24
180	204	209	199	199	274	273	251	270	256	272	293	322	225	243	277	322	286	225	224	252	263	344	378	485	359	370	326	298	327	286	250	223	246	191	206	193	143	164	196	252	296	258	191	168	239	194	228	257	218	198	204	212	242	222	198	231	276	234	209	241	232	193	120	111	88.4	102	133	114	127	92.2	105	115	132	121	175	158	135	145	169	188	197	181	217	172	167	146	134	117	100	108	83.2	38.9	54.5	51.7	16.9	13.9	9.28	9.64	0	2.37	17.7	6.99	12.6	7.56	8.37	11.8	5.04	27	30.4	52.5	74.4	71.6	72.8	82.7	70.8	50.2	28.9	35.8	22.8
209	253	256	291	291	247	201	217	347	287	277	210	245	217	265	343	275	298	309	299	289	327	313	288	387	407	351	304	270	305	269	261	216	252	179	179	258	190	157	204	207	208	216	231	259	276	226	244	254	238	240	242	253	233	225	247	257	243	247	220	225	203	193	174	230	99.9	95.1	69	58.4	82.9	53.4	101	137	159	122	152	124	114	247	205	149	160	183	195	150	153	141	101	78.3	88.9	129	95.9	55.4	62.9	52.5	17.6	13.8	8.65	9.36	1.53	4.62	12.5	10.6	14.9	12.9	16	10.5	12.4	25	13.1	14.3	42.7	54.1	68.5	66.4	77.2	67.3	59.9	59.3	62.7
213	209	254	247	283	205	177	243	242	216	220	206	228	244	328	348	330	396	365	426	390	330	277	249	310	378	275	276	298	299	274	205	164	155	155	186	280	270	237	256	177	215	205	270	305	229	239	250	239	267	282	287	254	260	279	273	262	251	227	226	208	157	229	235	146	104	78.7	46.3	37.3	30.8	38.3	96.3	90.3	75.9	102	125	89.1	154	239	176	143	149	140	137	172	148	135	137	114	115	140	79.7	61	75.8	60.4	38.2	21.9	13.4	9.53	6.51	19.4	20	7.35	15.8	15.4	12.5	0.63	9.06	14.4	9.66	15.1	15	36.2	43.5	37.2	66	61.3	67.6	60.5	34.2
206	215	265	231	292	257	250	242	242	204	262	239	297	288	349	387	451	456	396	453	444	363	255	257	271	355	296	254	277	253	234	189	150	173	184	247	306	307	271	281	238	203	194	246	246	234	214	272	270	252	238	236	243	261	274	336	299	300	244	141	198	184	202	174	131	56.2	61.2	83.7	64.9	59	61.5	77.7	47	58.1	93.5	120	116	126	164	151	142	168	193	121	155	139	161	151	112	145	120	102	82.7	99.8	84.4	46.5	53.2	44	25.2	22.7	12	10.9	3.93	11.9	11.2	5.73	8.07	11.8	22.3	25.7	20.3	31.2	50.9	56.1	28.6	55.7	37	27.3	34	26.8
197	282	302	212	234	240	246	235	201	261	322	187	226	314	276	332	399	470	358	406	421	349	274	321	310	335	367	271	291	247	279	206	130	152	252	340	322	297	256	274	284	200	182	223	233	260	233	259	221	248	212	230	253	296	248	303	269	281	221	137	176	189	168	239	126	90.2	60.5	93.1	107	166	146	140	74.9	72.1	97.8	71.9	117	131	111	98.9	120	182	168	108	140	140	182	169	97.4	128	109	118	138	143	83.3	94.8	87.3	72	50.6	5.13	5.19	16.6	6.96	6.72	2.97	5.25	5.13	27.1	18.8	15.4	11.6	32.2	21.8	42.6	23.4	26.1	13.3	18.8	20.9	12.9
151	270	331	210	224	280	239	226	162	287	307	204	187	231	280	249	285	268	266	367	446	393	326	305	325	350	358	333	286	290	242	174	170	190	234	332	352	321	337	285	275	186	184	263	227	219	239	222	200	200	192	222	204	241	236	277	264	200	139	153	127	151	171	174	144	130	133	124	139	102	119	135	82.8	70.2	81.3	100	85.7	66	57.5	71.2	121	153	196	171	168	142	145	177	162	126	144	125	156	176	91	117	112	87.6	75.2	21.8	20.9	7.98	12.8	12.7	18.1	11.4	11.8	28.3	13.3	4.56	17.6	34.4	17.7	31.8	12.2	15.9	34.8	19.3	9.63	9.36
151	187	253	249	196	221	203	161	179	203	287	195	138	228	188	179	228	199	218	342	408	339	275	292	290	364	356	343	326	291	270	263	240	229	284	293	333	342	365	254	201	164	315	261	186	171	185	223	224	263	239	194	216	191	279	325	220	144	105	131	145	151	167	209	195	166	136	155	144	106	98.1	124	103	111	96.3	79.7	86.9	129	128	106	162	202	241	150	149	119	148	151	154	87.3	126	123	118	120	59	105	128	48.6	50.6	22.9	27.2	11.7	7.08	6.78	15.6	7.83	5.01	7.38	2.82	5.76	27.1	10.7	5.25	6.27	10.8	5.31	7.65	5.61	8.25	9.06
163	176	253	213	193	224	181	169	221	226	146	149	157	216	179	211	227	208	193	294	375	354	271	271	299	314	392	289	311	264	364	315	223	261	255	315	313	287	345	233	202	207	211	211	149	188	201	260	304	264	188	157	168	194	228	262	161	203	148	150	159	111	133	224	188	177	148	153	200	119	90.4	84.7	128	119	75.8	68	122	129	148	103	114	141	176	153	143	98.8	84.3	77.3	82.7	98.4	114	90.9	187	112	107	103	98.7	76.3	58.6	2.76	28.1	16.7	19.1	4.47	3.51	6.24	4.47	8.19	6.75	5.49	3.57	1.35	2.88	0.18	0.63	12.1	15.6	8.85	2.16	6.15
150	154	198	204	168	151	178	183	228	177	133	127	111	150	198	211	187	176	182	310	344	362	319	237	293	294	279	314	275	248	276	281	193	226	187	231	290	222	268	209	157	161	192	216	191	262	298	277	216	245	203	173	176	243	179	167	144	161	133	138	124	118	110	112	118	152	197	216	156	143	143	94.8	80.2	96.6	61.7	30.2	65.2	72.2	83.8	80.3	69.6	107	117	146	104	82	79.7	78.3	109	106	102	114	122	106	89	106	110	95.3	91.1	80.7	80.4	78.6	82	85.8	84.1	74.7	71.4	50.3	43.5	40.5	45.2	7.5	0	0	6.24	13	17.9	2.16	0.09	2.07
172	138	147	200	209	228	221	260	270	160	124	114	108	163	166	223	198	207	202	295	327	274	242	233	249	274	263	399	234	237	283	290	226	180	137	145	214	192	156	142	144	156	192	207	203	253	328	254	202	290	290	220	330	363	283	195	182	165	139	122	107	118	155	75.1	86.1	126	119	163	147	140	130	90.7	63.7	66.1	42.4	37.8	74.4	62.3	105	81.3	86.6	138	118	166	120	115	112	149	130	110	126	152	188	299	186	175	137	110	101	89.4	84.8	75.6	77.9	86.7	86	75.3	73	51.8	41.5	40.5	44.9	4.17	0.06	0.66	2.67	10.7	5.7	2.07	6.12	1.44
215	182	188	193	195	242	224	252	302	178	153	105	121	215	162	201	232	294	243	301	276	255	249	249	240	247	246	235	240	234	249	255	213	172	166	134	215	204	149	121	156	144	159	152	137	193	211	245	219	188	220	314	296	285	261	291	238	221	171	145	120	94.3	85.1	66.6	62.9	105	105	110	116	122	190	78.4	111	87.5	64	72	73.4	63.8	54.5	68.9	92.8	70.9	99.6	105	119	145	229	290	220	149	211	185	147	225	221	218	149	134	117	116	97	82.4	102	89.3	86.6	82.9	80.9	60.3	55.5	55.9	39.3	1.56	0.39	1.71	0.27	4.2	0.09	3.96	8.13	12
224	202	183	170	204	220	196	187	155	151	136	113	110	178	171	194	239	289	229	253	253	220	231	257	216	206	246	211	226	210	235	234	216	137	126	107	169	176	130	89.9	120	141	155	134	166	196	221	188	191	154	186	223	173	161	134	197	203	219	192	120	75.2	73.1	56.5	58.5	66.8	76.4	102	94.7	91.5	136	97.1	72.8	96.4	101	48.7	66.3	74.7	83.5	60.9	50.4	57.9	67.8	95.1	107	148	168	208	350	286	244	268	243	207	232	353	218	174	146	125	109	97.1	120	145	136	105	101	93	71.4	57.2	51.9	55.1	25.6	2.7	0.12	3.15	5.46	0	16.6	15.5	5.76
157	166	148	144	251	290	213	216	140	159	138	140	135	165	164	201	239	245	175	239	247	183	185	237	189	176	178	171	207	232	238	270	209	172	140	106	150	149	111	109	128	154	153	151	172	207	175	200	146	205	177	213	174	106	97.6	134	159	147	142	106	62.8	42.5	89.4	95.9	100	81	82.1	53.9	104	68.5	118	112	70.5	85.4	111	103	91.3	65.9	47.9	60	60.1	82.1	71.3	81.5	126	151	210	265	264	248	266	249	181	283	405	272	315	245	182	131	139	153	250	209	167	120	112	73.2	59.3	60.7	56.2	66.9	65.7	50	49.3	44	41.2	41.9	42.9	5.67
164	171	196	150	189	190	182	171	114	117	105	120	145	204	244	290	271	272	181	196	274	162	162	232	217	194	176	194	184	220	207	164	190	163	152	113	126	132	175	177	129	133	126	153	157	189	166	159	139	165	189	213	162	109	93.5	104	142	113	77.8	93.6	63.5	53.2	78.9	109	108	83.8	78.1	57.2	79.3	81.4	90	83.9	75.7	156	124	73.1	63	63.4	72.2	59	71.8	79.4	73.1	82	113	123	115	142	155	175	183	171	196	254	321	276	309	337	250	190	156	198	266	203	199	161	142	106	123	105	66.7	87.2	77.1	62.3	56.1	42.7	43	40.4	40.3	6.66
161	182	127	127	154	186	223	218	141	134	138	132	140	178	218	296	259	208	190	208	204	145	172	190	196	187	192	195	141	146	152	132	167	181	155	108	88.6	148	171	164	141	119	115	156	152	141	194	223	139	128	187	192	173	163	98.6	81.7	96.8	97.9	81.3	96.1	78.1	103	103	142	79.3	54.1	71.8	92.6	103	98.2	72.5	55.2	87.7	83.4	79.9	61	47.1	63.8	73.4	74	63.6	72.2	76.6	80.8	81.7	107	73.1	67.1	81	107	100	105	125	171	202	219	184	241	266	263	239	275	317	236	206	178	197	134	138	107	90.6	104	102	75.3	56.9	49.6	49	39.3	38	0.15
157	123	133	138	159	110	146	172	166	106	87.8	87.2	105	128	188	276	223	192	223	234	299	199	209	188	189	166	182	257	212	172	232	159	150	159	215	81	75.7	138	138	158	169	132	119	161	160	120	112	146	132	130	183	191	292	172	162	137	159	92.8	92.9	101	88.3	103	95.9	112	135	79.9	80.4	61	68.1	109	94.1	60.8	68.7	57.9	79.9	46.3	52.7	60.7	55.9	60.4	59.4	62.1	71.6	67.3	89.2	91.8	66.8	88	82.4	85	121	134	105	77.8	181	182	144	155	184	237	237	300	270	198	196	170	181	232	252	129	89.5	96.3	91.4	75	66	49.8	49	46.7	44.5	18.3
186	165	197	231	176	174	201	243	161	180	168	119	150	176	303	219	213	242	224	230	223	168	143	189	202	155	140	151	158	154	186	138	105	138	134	130	115	108	94.5	127	150	149	105	100	115	131	84.2	93.1	101	115	150	164	156	118	107	104	114	86.9	72.5	92	102	123	94.5	140	140	94.7	95.4	69	56.4	48.4	54.5	92	67.9	53.2	49.2	60	44.8	74.3	97.4	54.9	62	69.8	79.3	66.9	78.1	95.4	83.1	68.8	69	76.4	80.2	79.4	108	79.9	153	113	113	114	145	209	182	194	202	182	159	135	107	158	161	144	110	87.7	95.3	89.9	74.1	71.7	49.6	56.5	45.7	38.5
205	141	173	191	202	214	180	207	183	129	153	158	183	254	245	198	188	172	180	198	175	204	164	190	236	219	168	140	130	102	118	126	107	177	161	143	110	101	114	89.2	109	103	87.4	80.6	78.8	93.8	93.1	93	90.9	97.8	109	118	147	126	96	126	129	120	90.1	148	118	92.4	79.2	73.8	57.9	63.1	47.1	62	43.8	42.2	57.8	96.5	119	71.8	41.4	59.5	83.2	94.6	47.4	52.9	54.7	56.7	70.9	81.2	61.3	60.5	57.5	86.5	66.6	83.8	52.5	71.9	83.5	95.1	103	120	111	103	118	157	178	167	181	165	100	101	85	95.7	125	178	115	75.5	102	76.8	70.1	71.7	52.2	49.1	54.7	37.9
173	164	175	180	199	207	214	214	208	140	99.2	128	182	190	170	140	176	161	144	192	175	255	194	172	183	183	146	149	165	142	126	123	146	172	181	137	148	134	95.2	90	93.6	90.1	77.7	56.2	56.2	63.1	87	137	100	87.7	95.3	105	155	118	113	135	112	114	109	134	108	71.9	54.1	41.8	34.1	39.1	32.8	53.9	58.7	57.1	48	48.1	76.5	98.4	84.8	76.5	94.1	78.1	63.8	50.1	59.8	48.9	58.9	64	51.2	75.4	59.4	74.8	57.8	52.1	53.4	93.6	65.8	62.8	85.7	86.6	96.3	106	104	127	172	171	155	132	94.4	83.6	76.1	93.7	128	188	111	91.7	117	81.3	61.9	66.1	60	56.5	79.5	53.9
202	209	207	224	194	188	220	200	183	147	142	167	139	113	134	192	138	183	133	151	157	157	129	168	153	142	144	192	199	194	161	124	92.7	93.7	121	129	144	156	93.3	76.7	94.5	95.4	82.2	47.1	55.4	57.8	80	105	79.2	85	73.9	86.6	115	79.7	88.7	108	101	90.2	75.2	128	68.2	47.9	56.5	58.2	83.4	62.6	44.4	92	128	64.8	47.2	53.8	66.2	75.3	85.9	64.7	48.5	44.6	44.4	51	52.2	47.4	61.7	57.8	67.2	46.8	54.7	65.9	64.4	44.4	38.6	57.1	45.6	25.9	33.8	65.8	85.4	82.3	83.7	90.6	107	129	108	105	84.2	69	66.2	79.5	105	127	109	100	95.5	77	63.3	60	60.4	57.3	71.4	53.1
226	248	237	213	164	178	199	227	209	236	211	200	187	164	207	194	181	149	193	200	174	127	117	104	116	119	121	147	170	135	124	114	107	83.5	79.2	104	124	144	146	105	119	83.7	71.7	65.9	77.6	78.9	87.2	101	88.5	79.9	87.9	95.8	76.6	66.8	76.4	73.2	81.7	82.6	86.5	67.2	75.4	55.9	77.7	83.2	120	102	78.7	127	118	89.7	49.1	44.2	41.6	60.9	75.4	111	56.5	56.9	66	63	84.2	91.1	106	82.7	74.3	47.6	67.1	87.4	86.9	38.7	21.4	24.1	33.9	28.8	24.5	38	69.7	59.9	44.3	35.5	44.9	66	68.5	62.4	64.6	36.9	30	31.5	94.7	75.1	106	71.3	76.7	82.9	62.5	44.6	45.8	45.5	40.8	36.6
230	310	221	195	194	226	209	235	290	219	158	158	159	190	194	162	153	136	133	147	156	133	142	115	106	146	149	133	146	145	128	107	120	105	96.4	118	103	118	116	103	92.5	88.8	86.9	69.9	64.7	79.1	82.4	96	73.3	77	75.5	84	62.2	59.6	66.6	66	83.6	78.7	75	51.2	48.7	90	141	217	171	153	131	105	93.8	54.6	42.7	48.1	67	70.3	66	78.7	68	71.5	63.1	67.5	76.2	99.7	96.2	78.8	67.1	49.4	45	74.2	53.6	50.4	32.6	39.5	45.5	38.3	54.2	46	24.9	23.3	39.3	43.1	50.7	55.2	54.7	49.9	29.1	36.5	10.8	25.9	64.5	70.9	126	66.2	76.3	91.4	61	40.3	41.9	41.2	35.9	34.2
196	211	206	199	196	284	288	312	305	217	185	146	155	189	169	139	167	147	182	148	133	131	171	151	136	176	178	145	137	115	104	112	116	102	86.9	92.2	93.5	87.3	100	85.1	83.9	97.6	101	65.3	57.5	55.1	61.7	58.1	73.3	66.1	101	98.5	65.9	81.2	103	76.7	80.7	75.1	91.4	88.5	80.4	81.8	123	197	161	190	167	142	105	81.9	48.2	71.7	108	91.2	50.5	81.7	87.8	101	75.2	76.1	68.7	84.2	81.7	45.1	57.1	47.3	47.8	70.2	59.4	48.6	59.2	39.5	43	44.2	61.8	41.1	29.5	32.7	38.1	52.4	50.7	43.2	47.4	37.7	39.8	20.9	15.7	23.6	39	55.4	58.3	55.5	80.2	59.6	60.7	74.9	56.6	47.1	33.6	29.3
184	173	231	192	200	229	263	270	280	235	222	141	124	164	179	134	164	142	146	178	151	150	153	136	151	151	153	201	167	133	127	120	134	137	110	107	111	92.2	79.7	92.7	82.2	88.6	93.8	78.4	60.8	53.5	40.6	54.7	79.9	86.5	95.7	110	86.2	119	92.9	81.3	83.5	81.2	88	102	100	69.5	77	79	116	118	119	102	117	54.2	56.9	58.1	69.9	91.6	73.1	102	84.2	69	60.1	64.5	58.8	51.6	59.1	53.8	48.3	58.9	80.2	82.9	66.9	50.3	51.5	37.8	31.6	35.8	41.1	29.2	30.5	33.1	47.5	47.3	44.2	32.1	33.4	12.6	20.7	13.6	27.2	34.7	15.4	28.6	26.5	51.2	41.5	41	40.7	85.7	74.5	33.4	30.6	26.4
168	164	198	260	299	194	213	233	216	179	216	148	134	161	153	125	138	153	136	131	136	123	158	119	127	117	104	115	145	150	128	109	119	154	142	180	159	112	87	85.3	79	72.4	88.6	135	99.3	74.9	69	80.9	88.2	86.6	103	112	71.2	106	94.2	81.7	91	95.4	111	63.2	63.3	54.2	57.1	45	108	83.3	87.1	86.6	93.1	67.7	66	40.7	47.9	65.5	65.1	59.7	48.1	42.2	41.5	41.6	26.8	30.9	34.2	31.7	54.3	84.9	86.2	94.5	92.8	90.8	81.9	63.6	43	52.9	44.6	30.2	33.8	35.3	54.3	48.4	50.9	35.9	30	6.36	13.5	11.8	17.7	22.5	27.6	20.3	19.9	32.6	25.2	33.3	23.6	53.3	42.6	37	24.6	30.3
147	175	212	226	197	185	153	189	190	174	185	212	150	167	135	113	129	194	177	123	115	115	128	136	112	86.2	87.7	94.5	99.9	125	118	107	92.6	140	76.5	103	117	96.5	86	85.1	85.6	79.9	103	118	96.6	81.1	79.6	93.5	110	100	98.2	90.3	75.4	96.5	109	98	77.6	100	106	83.1	77	68.1	58.6	45.7	95.2	104	127	61.5	45.3	65	82	64.5	62.7	65.5	63.8	51.9	36.7	28.4	29.2	43.7	53.9	52.9	49.4	53.9	60.2	65	75.8	82	62.9	106	148	114	50.3	42.7	41.4	44	33.5	38.7	62.6	48.7	49.2	38.3	40.5	26.9	12.9	12	28.2	18.4	14.1	23	13.6	17.8	26.6	21.9	49.3	64.6	47.6	51.1	28	38.9
195	275	235	185	256	278	198	212	191	167	142	156	144	187	187	156	154	154	127	125	113	120	127	99.6	112	70.3	68.9	82	96.8	137	130	99	83.8	70.6	77	107	99.8	82.7	101	119	124	103	104	109	108	90.2	88	96.3	108	110	76.9	97.9	135	134	119	112	79.3	79.8	89.8	110	122	93.3	104	94.9	108	103	91.2	53.5	85.6	62.6	69.8	95	75.8	66.8	41.5	48.4	39	44.2	59.7	77.1	72.8	60.2	74.5	81.1	88.2	84.5	49.1	43.5	47.3	84.3	70.1	73.8	56.7	49.4	63	55.2	47.6	54.6	61.7	46.4	38.6	46.1	30.2	19.3	12.5	10.1	26.8	41.1	12.6	6.73	6.64	11.4	29.9	26.6	34.4	48.9	32.6	21.9	22.5	24.3
235	193	162	159	195	223	214	228	198	245	172	181	176	218	172	147	160	145	157	129	131	104	99.7	84.3	87.9	81	71	106	108	130	159	153	126	95.9	72.7	95.2	86.9	82.6	51.7	111	118	109	121	120	113	87.5	103	91.6	101	129	101	98.6	139	131	122	146	126	112	91.9	91.1	102	78.6	91.5	91.5	81.8	101	58.8	101	115	57.5	57.9	91.5	112	55.2	47	44	39.6	46.2	66.8	76.3	73.5	69.5	61.4	68	62.9	71.6	52.4	63.6	68.1	88	73.6	75.3	80.3	52.3	84.1	75.3	48.7	50.1	68.9	45.6	50	45.8	32.7	31.5	37.2	22.9	21.3	19.4	12.1	8.36	13.6	19.7	13.3	14	10.8	19	18	17	19.4	20.3
201	181	146	122	131	119	134	208	225	195	184	181	210	238	228	183	197	185	161	140	128	154	121	62.7	93.6	88.7	81.5	79.6	106	180	187	148	119	123	71.4	67.2	78.2	61.7	37.3	49.3	52.4	51.6	64.6	87	84	81.9	103	90.6	79.6	69.5	88.7	86.7	108	119	130	141	102	105	52.3	80.5	87.8	124	83.6	59.9	52.7	55.3	26.4	78.1	51.1	58.2	45.6	45.5	70.4	54.7	44.4	38.7	62.6	45.5	69.7	95.9	145	76.8	63.7	51.5	49.7	63	54.5	62	73.2	75.8	66.8	77.4	91.8	60.1	49.2	53.2	55.3	53.9	81.6	53.9	65.7	43.4	47.3	34.6	35	25.7	19.1	18.3	7.23	6.27	12.8	13.3	9.5	5.81	6.16	11.8	13.5	15.4	13.8	17.8
188	175	141	114	81.3	120	134	153	201	211	242	212	202	255	202	177	182	202	201	162	188	146	160	106	61.2	80.1	95	96.9	71.5	72.5	101	92.7	64.9	55	56.8	58.9	42.5	45.6	60.5	52.3	48.9	54.3	55.8	77.9	82.7	92	82.7	68.5	76.8	61	80.2	90.1	108	125	127	116	70.1	74.3	65	73.1	118	114	126	141	95.8	82.8	62.6	70.8	63.9	52.8	69.4	56.1	48.3	113	78.8	45.3	57.9	50.9	55.3	109	104	60	60.5	45.9	53.3	88.2	86.9	115	83.7	75.2	77.5	65.4	75.9	78.5	54.4	46.9	47.9	84.3	52.2	41.8	65.1	83.1	52.5	26.6	72.4	29.8	20.9	10.3	7.03	9.63	11	7.36	4.7	4.39	4.96	11	13.2	10.5	9.82	12.5
151	147	166	134	110	141	134	195	163	172	199	204	204	214	198	159	180	180	166	186	222	164	160	102	98.5	113	134	125	103	78.8	89.3	53.9	38.9	26.1	60.9	77.8	61.2	68.7	84.9	57	73.6	82.5	78.7	86.2	99.2	105	101	79	97.3	90.2	82.7	87.9	82.3	156	116	128	106	99.2	93.6	104	121	120	116	84.6	48.4	47.7	62	64.2	62.3	78.3	65.9	102	42.1	104	65.6	43.7	47.7	60	86	81.4	57.1	43.2	57	55.7	56.7	155	150	186	181	92.3	87.9	41.2	45.5	57.6	35.8	34.8	59.2	55.5	36	41.1	80.6	66.7	45.1	27.4	39.9	32.3	11.7	23.5	14.5	6.24	8.07	5.64	9.86	6.31	8.51	15.6	17.8	8.87	8.24	15
164	130	111	145	121	98.9	133	188	187	163	168	205	209	206	175	162	177	135	192	177	155	139	124	87.6	130	146	117	126	105	93.1	92.4	61.2	48.9	29	47.6	73.8	76.6	91	108	86.3	83.3	81.9	76.9	101	102	95.4	87.5	86.4	105	119	115	92.1	89.5	96.2	165	151	75	103	125	66.3	104	103	77.4	43	40.2	36.8	84.9	85.6	77.1	54.5	82.1	70.8	55.3	67.5	42.5	54.1	79.7	67.7	77.5	99.5	62	42.6	60.8	106	104	158	156	218	215	92.5	68.2	59	51.4	39	30.9	47	77.3	49.4	49.7	38	38.9	41.1	63	42	16.3	65.9	23.5	13	19	13.7	9.23	11.5	11.4	10.6	16.2	19.1	15.1	14.2	14.5	21.3
129	91.6	103	158	125	123	174	138	144	203	203	186	218	199	150	143	168	161	127	114	140	112	89.7	87.3	114	131	115	110	117	74.7	74.3	53.8	69.7	43.1	47.3	65.1	80.5	89.6	118	118	112	90	58	57.2	77.1	81.4	66.6	87	95.5	105	117	99.8	81.5	62.8	101	92.1	84.6	89.8	66.8	54.5	64.7	53.1	58.4	38.4	56.2	58.8	48.2	66.6	57.7	33.1	81.2	64.1	97.1	34.1	27.2	21.4	32.2	58.3	54.7	37.4	31.1	52.9	50	104	99.9	118	95.8	86.1	80.3	66.2	55.8	72.2	52.4	36.6	43.9	63.9	47.8	48.7	38.7	32.9	42.1	34	33.9	29.4	22.4	36.1	20.3	21.9	16.7	16	11.8	8.78	15.1	16.4	14.5	15.4	21.6	9.25	21.6	31
130	96.8	84	105	104	84.9	141	143	147	169	256	255	307	187	213	207	196	177	148	149	132	127	103	76.8	120	106	82.5	88.3	106	59.9	87.1	91.3	65.6	45.6	46.8	51.7	93.3	117	91.6	106	108	88.8	68.2	60.7	73.3	80.3	70.6	94.4	116	109	111	93.2	97.8	81.7	98.4	120	120	115	39	46.9	55.4	56.4	105	64.3	50.2	60.8	71.7	98.6	66.6	57.2	51.3	63.2	55	27	20.3	30.1	41.9	21.2	31	25.4	78.8	185	142	92.9	89.4	76.8	72	55.7	72.8	80.3	90.1	69.2	50.1	45.6	37.8	27.1	30.2	27.4	31.5	31.2	31.3	31.5	31.4	30	29.8	28.2	31.2	27.3	18.3	14.9	17.4	16	13	13.7	20	23.4	25.5	24.7	13.6	20.1
154	88.7	75.3	79.2	92.3	80.8	104	148	176	192	220	212	189	209	207	223	196	145	135	144	140	173	146	84.6	87.2	110	101	73.6	80.3	66.7	56.4	93.1	75.1	73.2	85.3	68.3	97.3	81.9	84.1	72	114	73.5	60	52	52.1	59.3	61.3	87.4	81.9	82.9	96.3	97.6	116	116	107	115	112	77.9	46.6	39.9	55.9	112	119	83.9	62.5	49.7	67.8	71.8	88.2	64.8	94.3	51.6	44.9	27.3	16.7	33.3	17.5	22.7	15.9	30	79.8	116	135	146	112	89.7	97.3	60.5	76.5	125	115	62	45.8	42.2	64.7	37	25.7	27.8	30.7	28.9	31.6	37.8	35.7	70.6	59.7	35.4	22.7	25.2	22.4	17.6	17.3	12.2	14.2	15.5	8.91	11	13.8	13	12.8	9.83
119	82.3	75.6	93.4	63.6	119	126	161	138	132	147	153	205	183	185	160	146	154	147	119	126	155	152	103	96.6	97	97	80.1	63.9	54.8	55.3	68.2	77.4	73.9	93.3	99.5	90.8	85.7	59.9	59.1	75.9	73.9	37.2	47.6	62.7	58.1	68.7	74	93.2	77	74	65.6	69	102	131	122	93.8	63.7	71.5	109	113	153	92.9	36.9	30.9	59.3	67.5	72.2	75.2	74.6	80.1	82.9	53.6	32.9	15.1	24.8	37.6	7.01	21.9	18.8	65.1	84.5	141	224	142	101	72.4	39.1	61	98.7	85.7	58.6	40.8	40.5	56.4	24.8	22.5	52.7	52.9	30.5	30.5	35	37.9	54.8	56.8	31.8	19.5	25.6	31.8	23.5	15.5	13.7	9.44	6.55	4.52	10.5	7.46	12.1	23.1	8.52
118	96.7	81.8	59.2	80.6	115	143	105	118	94.1	111	113	155	160	147	136	124	162	165	153	162	113	85.3	80.5	70.9	71	95.6	87.8	46.9	43.2	38.1	69.7	87.8	82.4	74.8	87.5	86.1	66.4	50.7	51.4	63.5	60.6	36.4	38.8	55	62.8	64.4	49.4	81.3	58.3	35.5	27.2	30.6	75.9	113	85.3	58.6	61.9	56.9	57.9	99.2	89.1	105	55.3	59.7	29.1	75.4	101	75.2	46.6	47.9	47.5	60.3	19.9	6.02	47.7	46.9	6.19	19.7	32.5	53.3	85.2	138	201	86.6	51.5	41.2	28.2	47.1	49	47	38.3	27.3	25.5	19.7	20	22	28.8	31	36.5	39.6	53.3	49.5	52.8	37.1	36.4	36.5	22.7	29.2	22.6	26.4	7.3	8.4	2.22	3.25	5.88	1.83	1.2	6.66	1.19
113	107	117	165	160	134	109	88.1	100	101	100	119	254	160	147	147	139	153	156	105	131	106	97.6	101	81.7	56.9	53	65.7	65.7	52.5	65.5	79.5	87.4	93.7	97.4	94.6	65.6	52.3	49.7	43.8	54.4	57	41.1	68.4	56.7	75.1	71.8	47.2	40.3	24.3	30.9	21.3	58.1	67	50.1	62.9	57.3	62.9	32.2	34.4	82.7	110	79	80.1	94.8	61.9	71.6	56.9	45.1	66.6	56.9	40.7	32.7	36.1	6.7	8.28	2.14	10.1	22.9	39.9	141	142	168	186	119	71	90.3	54.7	52.5	124	73.8	36.1	29	38.1	32.7	23	34.5	69.8	31.6	53.8	56.5	63.7	60.2	59.5	30.8	36.3	38.9	21.7	22.1	26.6	29	21.7	2.92	4.56	4.12	5.66	4.81	1.09	0.882	3.49
99.4	126	130	103	125	114	80.2	94.6	104	87	118	119	180	122	140	151	120	146	142	103	93.5	104	124	67.1	121	57	93.7	63.6	64.7	62.3	81.2	99	88.8	110	88	66.5	55.4	53.6	53.6	72.7	63.2	80.6	73.2	58	52.7	68.1	80.9	80.5	51.5	33.6	30	41.9	56.5	68	62.5	82.1	63.5	58.4	44.5	102	146	41.9	49.8	86.7	135	91.7	33.5	21.4	41.1	79	44.4	61.4	17.3	33.4	5.43	9.6	11.4	17.9	11.5	83.8	151	136	128	129	157	73.7	74	58.3	93.3	93.4	103	40.9	24	45.8	36.4	31.9	28.8	29.2	30	54.4	52.2	47.1	39.2	39.8	37.8	43	29.9	32	34.1	33.4	20.5	6.77	27	28.9	5.83	5.96	7.14	2.07	0.864	1.99
86.2	95.9	98.2	86.5	79.9	106	81.8	97.3	89.9	82.6	110	125	140	110	93.4	106	114	131	145	113	118	81	82.7	60.7	64	51.2	59	105	96.3	64.5	61.6	59	73.9	79.7	87.1	56.9	52.4	58.4	60.2	57.8	50.8	55.7	58.1	61.9	51.6	59.2	88.3	116	101	77.6	49.7	74.3	107	107	82.5	92.5	81.7	57.4	47.5	84.9	135	73.9	112	132	97.6	59.8	71.4	37.5	48.8	67.1	91.3	72	22.6	8.14	7.06	8.95	14.1	24.7	10.8	22.7	52.2	92.5	57.9	22.2	78.2	49	104	45.1	98.2	93.9	119	38.3	31.4	60.5	30.2	31.5	54.8	32.3	29.7	39.7	41.1	36.1	34.1	33.9	46.5	35.6	26.9	24.8	32.1	26.9	18.1	45.5	37	39.1	5.82	3.38	1.89	3.6	0.764	9.2
91.5	93.9	104	119	92.4	113	102	76.7	83.8	105	101	106	114	129	106	92.1	90.2	130	148	92	90.2	73.2	78.1	82.8	72.4	71.2	73.7	61.8	85.5	54	41.7	40.1	40.7	80.7	85.2	74.1	66.3	49.8	52	48.1	76.1	50.2	51.8	42.2	53.4	50.7	83.8	115	68.4	70	51.4	70.8	87.9	63.3	64.4	121	61.5	64.7	77.6	111	100	156	194	161	106	55.8	54.2	63.8	79	79.6	92.9	89.8	40.6	53.7	33.6	9.42	8.42	7.63	12.5	12.7	13.1	23.8	22.1	7.81	19.4	95.1	68.3	49.4	57.8	80.2	69.6	68.1	40.2	32.3	28.9	25.3	22.5	26.7	30.7	43.8	35.6	30.5	33.9	60.7	37.1	29.6	28.8	24	40.8	46.1	37.3	22.2	18.8	14.2	5.31	13.7	6.42	1.73	1.42	4.78
75.1	79.1	92.3	91.7	88.6	90.7	82	96.3	87.1	109	106	153	144	102	110	95.7	87.4	115	106	52.8	98	71.9	95.5	75.3	70.6	49.1	65.7	53.4	54.4	52.2	45	60.9	36.4	48.4	60.1	70.3	63.1	47.9	48.8	51.6	65.1	46.6	41	43.1	39.6	61.8	97.4	100	57	40.5	54.7	60.1	81.3	76.3	79.9	87.3	92.2	135	122	188	114	162	202	110	51.9	37	46.8	122	104	93.5	50.1	47.4	35	59.5	57.2	11.8	8.09	10.9	22.3	9.55	27.1	30.8	10.1	12.5	57	92.4	37.9	13.1	20.9	31.1	51.4	52.3	38	31.3	25.6	19.8	21.4	16.8	23.9	30.4	35.2	39.4	35.7	53.7	39.4	28	29.8	49.4	78.1	146	50.7	32.2	16.4	10.8	6.46	5.19	8.82	5.36	0.188	3.96
70.8	88.3	109	123	101	103	92.6	105	122	124	106	117	150	129	103	116	91.4	76.1	61	52.2	76	52.7	65.9	65	50.4	44.5	55.9	44.3	43.6	91.7	74.1	51.6	48.7	58	45.8	74.8	85.5	60.9	57.5	49.3	45.7	34.2	38.1	29.2	31.1	48.4	85.2	97.9	108	55.7	43.5	60.3	99.4	66.9	80.6	121	71.4	56.5	116	205	195	127	110	94.8	54.4	48.3	45.9	87.6	87.5	55.4	36.4	35.8	27.9	31.2	57.4	51.7	19.3	28.8	88.2	34.6	22.9	35.9	64.7	25.7	101	56.3	21.7	10.4	10.4	15.6	31.6	24.4	23	22.1	19	21.2	21.7	13.3	17.1	28	54.4	61.5	40.7	33.7	31.3	25.9	23.9	57.9	161	84.5	38.8	39.2	29.5	19.9	9.32	2.54	14.7	7.87	0.207	2.63
60.2	88.2	96.1	100	105	130	119	117	115	119	119	120	125	131	97.5	163	106	74.2	71.5	75.1	61.4	62.7	73.8	81.7	58.4	65.9	68.5	39	41.3	96.3	55.2	61.6	77.3	59.9	58.7	50.4	62.9	70.6	44.1	46.2	45.8	69.3	48.7	38.9	39.2	36.6	53.5	67.4	75.4	88.3	117	96.7	63.5	65	77.1	35.3	50	74.5	112	143	111	61.3	72.1	62.1	94.9	91	71.3	61.3	85.1	63.5	50.5	53.3	48.2	58.1	82.3	82.9	22	44	81.6	102	21.3	53.3	39	19.4	22	25.7	18.3	17.4	13.1	16.1	10.8	21.3	21.9	12.3	10.8	15.1	17.5	14.7	23.3	20.7	45.2	48.8	28.2	30.5	28.1	23	27.7	38.3	85.8	29.4	27.1	18	30.9	17.9	9.84	4.9	2.85	0.169	1.64	2.14
85.7	93.2	97.2	92	115	181	204	182	165	139	129	143	126	133	110	139	95.6	71.5	81.6	71.6	72.6	69.4	84.4	92.9	80.5	59.9	49.4	48.8	44.6	62.7	57.8	94.7	66	73.2	66.9	54.6	43.7	56.1	70.8	60.6	71.6	70.9	46.8	45.1	39.6	37.6	50.3	39.4	49.1	63	60.4	62.5	118	73	108	33.4	30.4	70	83.8	61.8	52.6	55.8	68.3	97.2	185	169	119	88.2	88.4	71.2	59.4	83	92.2	66.6	50.4	59.6	42.8	33	44.5	54.2	46.2	60	41.7	14.7	13	5.76	9.44	4.06	16	21	10.8	8.92	12.2	11.7	12.8	17.3	18.2	15.6	16.3	18.8	21.6	17.7	20.7	24.6	12.8	18.5	19	36	45.3	23.1	17.7	21.4	22.1	15.4	12.2	0.229	3.66	10.9	13	0.0535
83.8	91.9	80.4	83.2	96.2	89.7	133	150	171	147	133	103	83.3	96.3	106	104	90.6	80.2	75.2	53.1	64.1	78.5	66.4	66.8	68.2	68	49.6	39.8	51.9	63.7	83.3	114	79.9	69.4	63.4	56	62.8	47.7	58.2	95.8	103	72.1	45.9	47.6	41.9	41.8	37.4	43.6	29.2	46.2	69.4	53.9	73.9	81.6	59.5	34.3	33.6	43.4	39.9	39.8	16.9	48.7	51.8	72.5	135	146	82.2	58.9	57.9	41.5	43.3	82.2	132	68.8	55.5	62.8	59.2	34.6	44.5	48	58.7	71.6	43	37.9	20.6	8.29	31	17.3	9.63	16.9	15.8	12.5	10.6	6.48	10.4	14.6	11.8	12.6	9.45	9.59	12.9	16.9	14.7	9.79	9.99	12.7	15.3	26.3	21	13.6	13.2	30.8	31.8	19.4	7.82	11.8	2.91	0.732	3.96	0.0278
78.3	92.7	68.6	120	75.8	63.2	102	155	131	119	117	99.3	90.1	82.5	100	83.6	97.4	79.4	64.2	42.6	37.4	48.5	62.4	60.4	63.4	65.4	51.3	50	51.8	59.7	77.4	101	124	81.7	82.3	65.9	60.3	51	52.4	81.7	67	62.7	41.3	42.4	44.8	35.5	32.1	27.7	15.4	22.3	58.3	58.2	51.2	64.3	66.2	59.6	62.5	44.2	41.7	60.5	16.5	34.7	29.6	45.5	75.1	139	68.4	59.7	59.8	47.5	60.3	79.6	81.6	71.2	69.2	62.4	53.9	55.8	73.1	65.7	48.9	32.8	33.3	36.6	29.7	16.6	12.2	17.6	7.65	26.4	15.2	9.18	5.16	4.58	5.97	10.4	10.9	10.3	7.95	8.53	7.24	8.86	13.3	9.4	10.8	9.15	9.45	11.4	13.1	1.54	4.28	10.4	21.4	15.5	13.6	10.2	3.01	0.0106	0.00771	0.0132
52.6	88.7	56.7	39	38.5	54.4	58.4	87.9	84	108	84.7	98.4	101	73.5	77.7	97.7	91.7	72.2	51.8	43.3	31.9	35.6	49.2	47.5	67.2	54.9	70.9	61.1	56.5	60	56.2	75.3	140	109	96.8	72	57.2	56.2	51.9	58.7	68.4	72	43.7	39.9	37.1	32.9	26.6	13.7	16.1	17.8	32.5	31.2	47.8	45.6	45.9	57.7	69.4	63.7	54.7	44.5	15.8	10.6	40.5	73.6	47.6	131	158	72.5	51.6	64.4	104	72.6	53.8	77.9	66.5	47.9	30.1	37.7	45.2	61.6	31.3	25.8	14.2	6.18	9.97	11.9	5.19	10.6	14.6	13.1	4.49	4.89	5.3	4.22	5.3	8.55	10.8	10.1	8.64	11	6.02	6.14	8.53	5.66	7.63	7.75	6.46	1.22	1.43	1.22	1.11	4.85	8.63	6.48	10.2	3.01	3.59	17.4	4.82	0.00953
60.6	86.4	72.2	47.3	50.5	99.3	59.2	91	98.7	95.4	91.2	125	124	118	109	73.5	64.3	51.6	43.2	45	39.8	42.6	43.9	41.4	59	55.4	61	49.2	39.4	40.6	49.7	58.1	88.5	75.1	63.1	55.8	52.8	80.6	54.8	93.3	57	49.8	67.5	67.5	52.4	31.8	41.4	13.9	11.9	15.9	28.8	27.7	24.2	43.2	39.5	36.4	53.7	34.1	27.9	38.3	9.83	12	21.6	79.1	48.3	72	94.3	85.7	67.5	66.1	71.4	77.4	62.5	50.7	54.2	32.6	31.6	25.4	34.7	38.2	33.3	33.6	22.6	16.9	20.5	7.67	2.91	4.96	21.4	13.2	3.25	0.96	1.92	0.886	16	4.3	5.21	5.33	5.73	6.78	4.4	2.37	2.5	2.94	3.07	6.7	3.18	3.38	5.94	5.94	2.61	3.26	5.63	3.56	0.13	0	0.384	2.53	1.52	0.00683
75.6	98	82.7	62.4	55.3	74.5	57.4	75.8	113	132	110	116	150	138	118	66.5	50.8	40.5	41.7	35.1	36.1	39.8	37.9	41.5	49.4	49.6	52.9	36.2	32.1	42.6	44	55.8	87.2	83.2	87.2	56.9	45.9	61.3	55.8	60	29.9	34.8	54.6	78.6	37.4	35.3	43.9	25	20.5	26.8	35.5	28.4	23.5	66.9	34	28.1	36.5	37.4	29.4	38	13.4	13.4	25.4	74.5	85.8	101	104	103	59.8	43.8	45.9	60.3	49.1	41.5	43.5	76.2	23.1	15.8	17.1	17.2	32.8	77.8	42.6	44.3	34.4	13.2	1.14	0.862	1.03	0.864	0.777	0.614	5.44	2.23	22.4	4.91	3.36	3.79	1.93	3.76	1.91	2.1	3.93	5.56	7.35	5.82	6.84	0.519	7.81	16	3.15	1.41	5.18	4.22	7.19	2.27	0.701	1.49	2.81	0.0026
65	83.6	99	74.7	60	48.9	57.4	69.4	89.9	85.2	94.7	109	127	121	142	64	56.9	55.8	53.5	38.3	38.6	43.6	37	37.3	48.7	51.3	51.3	42.1	29.9	34.5	47.1	59.3	72.1	77.5	66.9	47.6	47.2	50.7	43.8	55.7	21.5	23.4	43.1	55.3	67.5	44.9	34.9	24.6	23.7	58	36.8	28.2	17.5	25.6	30.4	64.6	33.5	24.2	29.8	37.9	31.9	25.6	46.9	29.8	27.9	41.1	61.4	54.7	52.4	46.1	36.9	47.7	43	44.1	44.3	31.7	19.7	16	10.8	15.7	15.8	25.9	30.9	48.3	30.6	12.6	5.6	0.76	0.575	0.455	0.697	0.367	0.615	0.295	0.669	6.18	1.55	1.53	2.6	6.8	1.31	1.33	6.27	6.74	2.81	3.42	1.63	0.359	0.332	6.2	0.224	0.0699	7.85	6.68	3.83	2.43	6.4	1.37	2.44	0.00166
63.4	42	58.8	65.8	60.8	63.4	63.4	56.8	82.1	93.2	75.1	106	77	64.5	112	58.4	48.8	56.1	47.4	47.3	47.1	37.1	34.8	35.4	44	43.8	45	34.4	28.8	27.7	32.4	41	37.8	60	54	56.4	38.6	30.2	37.2	25.8	21.6	16.2	24.8	43.9	52.3	65.2	54.5	30.6	28.6	40.4	47.2	23	27.6	14.6	6.94	18.8	19.4	19.6	23.6	56.3	33.2	35.5	23	25.3	55.7	25.5	23.4	25.8	27.9	34.2	29	31.4	35.5	28.8	36.2	26	15.5	13.3	10	10.3	10	9.51	13.9	21.1	13.2	6.08	0.522	0.647	0.488	0.385	1.63	0.31	0.271	0.251	1.44	6.79	6.03	3.11	1.27	2.51	2.07	3.06	3.09	3.01	1.44	1.41	1.3	0.281	0.256	4.51	0.17	1.35	2.23	2.15	0.188	0.918	3.44	3.86	2.19	5.49
40.6	35	56	54.1	60	51.2	48.9	49.6	65.3	92	114	71.3	84.9	97.2	77.6	55.3	69.8	59.8	59.9	43.6	45.1	39.2	30.1	33.8	43.5	32.5	29.9	21.2	16.3	15.7	19.3	26.7	30.7	44.9	51.5	38.2	35.6	25.8	26.3	12.1	34	40.1	49.1	41.2	48	50.4	64.2	32.4	25.2	28.9	32	19.7	21.5	14.2	7.8	11.2	27.9	32.5	16.5	32	54.1	28.4	28.2	12.5	18	12.3	19	19.2	31.6	26.5	23.4	32.5	23.1	22.9	35.5	33.4	20.7	10.7	10.7	9.58	9.16	8.59	7.82	1.59	0.651	0.868	0.852	1.08	2.42	1	0.27	0.236	0.208	0.191	0.514	7.7	4.78	1.78	1.9	1.45	1.42	2.52	2.06	1.63	3.71	2.09	1.43	1.64	2.94	4.52	1.75	0.083	0.0462	0.0244	0.74	1.22	1.33	3.92	2.05	2.2
40.7	41.7	44.6	55.4	49.1	52.8	29.2	34.6	50.4	70.4	86.9	65.9	73.7	89.9	73.2	71.4	71.5	65.1	54.2	39.8	40.4	52	45.6	34.2	35.7	30.7	22.1	20.1	15.3	15.8	16.5	21.5	24.5	49	53.8	32.5	36.1	34.1	30.7	25.1	38.1	48.1	32.8	25.8	14.3	18.2	26.9	25.2	19.4	28	23.2	22.9	15.4	16.4	9.7	8.43	9.51	17	16.5	29.8	7.35	5.17	21.1	8.98	11.2	15.6	31.5	23.3	20.2	15.9	19.7	21.5	14.9	14.9	16.8	17.4	17.4	17.6	10.2	8.9	8.34	7.63	6.79	2.03	0.986	1.92	1.44	1.05	1.68	0.223	0.236	0.178	0.158	0.146	0.145	1.55	1.17	1.17	1.14	1.14	1.13	4.9	4.68	3.29	3.6	4.21	6.64	18.7	11.4	3.32	1.45	2.07	0.0212	0.0103	0.155	1.11	0.0021	2.04	5.25	5.11
43.7	49.1	50.1	47.3	34.8	28.9	36.9	43.8	46.3	45.2	42.1	58	55.2	59.3	84.1	72.8	63.1	56.7	48.5	38.7	41.1	43.7	44.4	39.7	26.6	27.3	19.9	15.4	14.5	18	18.5	21.6	22.2	26.1	35.1	32.8	27.7	30.4	29.4	25	31.6	27.9	24.8	16	22.6	23.7	26.1	22.8	25.1	25.3	27	15.9	23.4	19.9	12.8	10.6	8.17	8.45	8.37	4.08	3.2	1.03	1.68	5.13	9.35	8.76	10.4	40.7	66.9	41.8	30.9	14.7	16.3	13.2	13.3	14.1	21.7	17.2	10.9	7.73	7.25	6.59	5.77	0.915	0.477	2.06	23.1	3.26	3.43	0.257	0.165	0.147	0.894	0.124	0.123	1.01	1	0.99	0.984	0.987	0.975	3.12	17.4	6.86	2.24	11.4	12.3	7.09	5.9	2.36	1.93	1.33	1.5	1.49	0.00532	1.35	0.00251	0.00399	4.48	7.77
37.5	68	53	50.1	41.7	43.3	31.8	40.3	37.4	41.3	57.6	51.3	47.3	55.1	65.6	53	61.7	64.7	64.8	42.8	38.6	45	45.8	34.2	23.6	20.3	20.5	13.1	11.3	13.8	13.5	21.3	21	20.6	23.2	15.7	16.3	21.5	26.8	30.5	23.5	22	16.5	8.2	22.5	22.9	18.2	20.3	21.2	18.9	26.6	17.5	17.6	19.1	15.3	12.4	6.05	7.51	6.44	1.85	2.31	2.18	1.39	3.33	3.14	3.13	5.26	30.2	63.1	76.1	53	38.9	15.5	12.8	10.6	11.9	12.6	13	7.06	6.41	6	5.47	5.01	0.754	0.864	3.85	43.6	13.4	0.217	0.175	0.162	0.413	0.134	0.127	0.125	1.02	1.32	0.988	0.981	0.982	0.972	0.952	2.59	3.53	2.86	11	16.5	4.91	1.89	4.58	3.38	1.41	1.11	0.0137	0.0108	0.576	0.523	0.00628	1.45	9.54
23.8	29.6	40.8	28.6	21.6	29	18.4	49.1	40.1	25.2	27.4	39.9	47.9	44.6	44.1	47.9	50.9	58.6	61.3	40.3	36.6	39.9	40.7	39.3	22.9	19.6	16.1	9.92	16.7	27.3	8.6	18.9	20.4	16.5	13.9	14.6	14.2	12.5	13.5	17	11.3	8.82	10	15.4	29.6	17.8	6.4	23.9	29.8	21.6	12.2	10.5	11.9	13.1	11.7	10.5	7.88	7.22	7.27	2.9	3.91	0.852	0.664	1.89	1.65	1.73	3.66	12.3	23	41.3	50	38.5	12.9	5.15	4.75	1.4	8.74	1.47	1.38	4.43	4.53	5.81	9.64	5.05	4.15	2.28	1.57	2.46	1.55	1.1	1.03	0.247	0.23	0.219	0.214	0.896	0.876	0.861	0.853	1.58	0.807	4.59	7.97	4.79	2.81	5.92	2.89	1.28	1.17	2.39	3.29	0.764	0.188	0.225	0.104	1.41	4.11	2.14	4.75	3.59
21	20.9	27.3	26.2	21.8	24	15	46.7	63.9	31.6	28.9	37.4	48.6	43.4	47.6	45.7	46.9	59.2	63.1	53.8	39	46.3	44.7	46.4	24.1	21.2	17.9	10.4	13.9	17.8	7.16	12.1	10.1	12.2	9.78	12	19	8.11	6.51	3.27	3.87	4.04	5.51	8.25	12	2.68	5.41	20	30.9	23.8	17.1	8.23	8.55	9.28	10.6	18.3	19.2	13.8	7.09	1.91	3.38	2.78	3.23	1.8	1.63	0.915	2.58	3.41	4.34	25.7	29	52.2	17.1	3.76	3.69	2.92	14.5	11.9	1.02	3.17	3.33	10.3	17.9	10.4	7.65	6.22	2.34	1.47	1.17	1.06	1.01	0.246	0.232	0.223	0.216	0.901	0.875	0.859	0.847	3.18	2.18	7.52	44.9	6.89	1.72	5.33	4.63	2.35	1.53	4.44	7.9	3.58	2.37	0.283	0.27	0.426	2.05	4.36	3.93	0.117
19.9	18.2	18.3	38.1	23.6	14.8	13.1	18.8	62.7	66.7	41.7	36.5	37.6	41.5	41	46.2	51.2	54	57.1	41	37.5	40.3	38.2	32	34.9	23	18.7	16	29.6	18.5	8.09	7.53	6.17	6.14	6.93	15.2	9.35	5.46	3.2	1.96	1.75	2.03	4	7.38	7.89	2.2	2.06	10.1	18	15.9	15.7	12.8	8.44	7.86	11.5	22.3	31.1	24.2	16.1	18.3	5.46	4.42	1.22	2.65	2.32	3.2	3.36	3.6	2.62	17.6	38.2	49.2	25.2	8.17	1.85	0.725	3.67	12.3	0.796	2.32	2.58	17.4	22.5	9.7	7.02	4.91	1.34	1.17	1.08	1.17	0.969	0.548	0.226	0.217	0.211	0.877	2.75	6.81	2.17	2.09	2.16	4.1	14	4.12	2.27	5.32	3.67	2.48	1.86	4.07	11.6	13.1	5.75	1.81	1.04	0.951	0.855	0.985	0.0797	0.125
12.1	19.8	22.7	24.5	22.6	24.3	19.8	9.4	16.3	69.4	71.9	62.3	52.7	56.1	44.4	47.5	44	47.3	49.4	37.9	33.8	34.1	32.2	32.2	31.4	20.1	14.6	12	24.3	23.7	15.6	10.5	5.38	10.8	7.08	6.86	3.8	5.81	2.26	1.75	1.48	1.18	1.41	2.83	3.97	2.55	0.604	4.81	6.25	7.4	10.4	7.94	8.56	10.9	9.58	18.9	46.1	23.6	19.3	16.7	7.83	6.56	18	6.68	15.1	10.4	8.71	2.66	1.9	4.98	17.2	17.6	12.3	7.88	3.97	0.612	0.664	0.667	0.627	1.91	1.76	3.17	11.9	4.18	3.85	4.17	1.33	1.44	1.83	1.65	0.909	0.313	0.211	0.204	0.628	1.51	2.42	7.33	4.52	1.66	1.72	2.44	12.5	6.03	7.05	5.04	4.39	4.27	2.84	4.29	9.17	5.27	3.83	2.2	0.949	0.174	0.105	0.076	0.0794	0.122
10.6	11.8	39.2	43.3	22.1	40.4	27	22	19.2	46.3	87.3	53.7	49.1	39.9	38	43.3	35.2	38.8	35.5	35.4	36	29	27.9	23.9	22.8	17.7	14.5	13.1	11	10.5	9.87	9.26	6.44	8.83	3.12	3.16	6.41	2.97	2.22	1.44	0.774	0.798	1.02	2.48	2.26	1.75	1.18	7.8	7.85	7.83	11.8	9.27	7.62	12.3	14.5	15.7	21.1	38	56.2	29	25.4	27.4	25.5	9.68	32.9	24.8	7.35	6.21	2.71	6.6	9.25	14.1	4.09	3.9	7.22	4.94	3.24	3.14	6.86	6.8	1.94	2.68	4.96	6.86	3.79	4.21	4.56	2.29	1.46	1.38	1.32	0.233	0.221	0.212	0.856	4.36	3.67	5.67	4.48	4.55	2.12	0.837	4.02	5.49	6.14	4.84	3.53	4.14	4.21	2.96	3.2	1.64	1.29	1.07	0.842	0.383	0.241	0.163	0.147	0.0558
9.92	12.9	18.4	29.4	51.2	25.5	9.31	7.74	7.9	32.5	45.1	41.9	53.3	68	45.7	40.2	37.9	36	36.9	31.6	35	31.6	25.8	22.4	19.1	15.9	13.4	11.3	9.76	8.26	9.11	4.68	3.12	5.91	1.97	2.56	1.62	1.65	1.38	0.497	0.51	0.563	0.797	0.754	4.22	2.5	0.822	6.5	8.28	7.91	11.2	8.44	10.5	9.15	9.92	7.85	10.1	16.3	53	34.2	34.5	40.5	24	13.2	19.6	22.8	18.9	14	2.72	4.87	9.18	13.7	3.86	4.97	3.34	2.68	3.09	17.1	42.7	18.4	3.74	2.34	1.32	1.54	1.51	4.79	5.94	1.49	1.34	1.34	1.33	0.216	0.371	0.195	0.192	0.731	2.24	6.46	6.4	5.32	3.27	1.3	5.15	3.74	3.74	3.48	3.29	3.01	3.05	2.79	1.97	1.74	1.6	1.38	1.09	0.496	0.312	0.46	0.165	0.0544
10.5	10.6	10.8	8.88	10.4	11	8.08	7.46	6.52	24	36.7	34.4	31.4	39.8	43.1	45.5	49.8	61.4	52.7	37.9	34.3	26.4	24.9	21.5	17.5	15	12.8	10.8	9.11	8.82	7.71	4.1	2.94	2.61	1.43	1.36	1.5	1.55	1.48	0.504	1.49	0.544	1.15	2.12	3.37	2.11	1	4.68	6.48	8.88	6.18	7.05	11.3	9.85	8.89	8.35	12.5	18.3	34	19.3	27.1	41.5	55.7	23.4	18.7	18.7	14.4	6.8	4.3	4.57	9.72	16	10.8	3.88	1.73	2.49	2.56	15.3	19.3	9.28	3.81	2.52	3.1	3.43	2.38	1.25	2.39	1.3	1.17	1.23	1.12	0.188	1.23	0.17	0.167	0.98	0.965	1.46	1.85	4.2	3.1	0.799	3.81	1.69	2.84	2.45	2.26	2.5	4.76	4.71	3.78	2.24	1.81	1.57	1.24	0.563	0.352	0.221	0.184	0.0525
10.3	11.2	10.5	10.8	8.89	10.9	9.44	5.76	7.55	23.9	33.8	45.3	34.8	49.8	40.7	42.3	40.5	44.6	57.8	59.5	51.5	33.3	30.2	23.2	18.6	15.1	12.8	10.9	9.64	9.72	8.91	4.84	3.21	2.95	2.16	3.49	5.57	2.63	1.95	1.21	0.645	1.42	0.855	1.98	3.48	0.994	3.36	3.86	4.04	6.53	7.2	5.91	6.53	7.79	8.48	9.25	27	27.3	27.8	20.5	25.3	24.2	31.5	14.8	9.51	11.1	5.7	6.08	7.48	6.05	8.04	15.6	14.8	11.4	2.63	3.45	7.39	1.93	9.28	3.68	2.64	3.6	0.837	5.16	5.11	1.22	1.01	0.984	1.99	0.909	1.05	0.151	0.141	0.134	0.13	0.492	0.477	0.491	0.536	1.59	1.32	0.846	1.31	1.81	2.29	2.15	2.31	2.39	2.98	3.49	3.37	2.9	2.36	2.04	1.31	0.582	0.361	0.223	0.17	0.0629
9.94	10.1	9.52	9.17	8.23	8.78	9.17	8.22	9.81	10	14	19.4	23.4	23.7	19.9	25.7	26.8	30.1	38.7	39.9	41.3	37	25.3	24.4	24.7	17.9	14.2	13.6	12.9	18	12.7	12.3	8.63	8.38	6.03	16.3	18.9	6.73	5.28	7.56	10.3	11.7	6.55	17.5	8.43	6.72	5.26	5.5	2.28	4.17	6.88	5.05	2.29	2.76	3.86	2.53	12	24.4	31.2	17.5	24	33.2	21.4	9.04	5.97	5.45	4.46	6.68	10.1	7.34	7.31	5.07	4.16	4.53	3.38	3.88	3.93	3.59	3.88	2.82	1.31	3.03	2.19	1.7	1.65	1.47	0.709	1.08	1.2	1.16	0.698	0.296	0.274	0.257	0.248	0.46	0.186	0.196	0.976	0.947	0.67	0.641	0.769	1.64	1.94	2.08	2.3	3.99	5.11	5.8	4.95	5.77	4.74	3.07	2.36	0.617	0.379	0.229	0.173	0.0246
11.1	10.5	10.1	9.22	10.3	9.64	10.1	9.76	8.41	11.5	14.5	19.4	15.7	16.4	16.5	27.4	19.1	22.3	25.2	25.6	26.8	35	24.4	23.4	21.2	17.4	16.2	16	14.3	13.2	12	12	10.4	16.7	15.1	15.3	13.3	9.03	7.29	8.95	8.87	9.37	3.38	11.1	7.69	2.01	2.56	3.69	3.88	6.71	5.82	7.38	2.15	2.19	3.08	6.29	6.12	7.32	19.6	24	24.3	36.4	33.6	10.3	10.1	5.07	8.03	10.1	20.6	8.19	5.92	3.91	2.71	2.52	2.3	3.32	1.69	0.627	0.483	1.14	2.89	1.3	1.6	2.09	0.458	0.449	0.444	0.541	1.66	1.56	1.37	0.574	1.03	0.672	1.67	0.114	0.106	0.117	0.146	0.84	2.1	2.61	2.07	1.36	1.61	1.87	2.54	3.44	4.67	5.09	4.26	3.83	3.92	3.21	2.79	0.961	0.605	0.231	0.902	1.31
10.4	11.5	10.8	12.9	15	15.6	10.3	13.9	10.4	13.2	16.7	17.9	16.6	14.3	17	19.7	23.6	33.8	43.5	17.2	20.8	20.3	22.2	20	22.3	20.3	16.7	18	15	14.4	13.9	11.4	11.7	9.83	13.6	8.55	8.53	7.91	8.39	6.59	3.45	2.56	1.98	0.97	1.79	0.856	1.4	2.63	3.48	10.8	15.6	11.6	5.37	1.51	3.89	6.33	7.53	10.7	17.6	20.4	21.2	18.1	14.6	10.6	8.11	4.84	7.09	8.36	8.39	5.55	3.39	3.5	2.51	2.9	2.38	1.75	1.45	0.794	0.472	0.711	2.8	1.75	1.75	3.28	1.83	0.657	0.293	0.362	0.363	0.346	0.308	0.184	0.516	1.04	1.5	1.8	0.231	0.0675	0.311	1.35	2.7	4.06	3.5	1.83	1.65	1.79	1.9	2.49	2.97	4.55	4.53	3.44	3.56	3.34	2.7	0.582	0.736	0.207	0.15	0.0202
9.85	10.9	11.9	8.97	9.46	9.86	11.2	18.7	10.3	12.6	18.7	19.1	17	16	14.6	17.2	18.9	26.5	39.7	18.4	20.6	18	19	19.8	20.3	22.4	18.2	18.1	18.6	15	14.2	11.7	10	12	11.2	8.71	10.3	8.88	8.15	4.81	3.55	2.52	2.52	1.22	1.25	1.01	1.34	0.733	1.86	7.87	13.8	6.55	5.37	3.75	3.14	6.55	6.94	14.7	13.6	14.7	12.3	11.9	17.8	8.56	6.1	6.61	7.05	5.18	5.15	3.51	2.33	2.28	1.96	1.88	2.1	2.17	1.41	0.639	0.365	0.799	0.935	0.793	0.767	1.29	1.65	1.19	1.81	0.268	0.292	0.256	0.228	0.0916	0.122	0.226	0.358	1.15	0.589	0.423	0.121	0.793	1	2.08	2.31	1.61	1.09	1.64	1.51	1.93	2.24	3.55	2.74	2.56	2.51	1.68	1.53	0.452	0.27	0.157	0.319	1.3
8.31	3.14	3.77	4.47	4.67	6.23	6.77	9.29	5.76	10.4	9.4	13.8	13.9	12.9	11.8	13.1	15.8	18.7	19.4	17	20.4	21.2	22	22.5	25.7	22.9	19.9	17.4	16.5	15.3	15.7	17.9	19.1	15.9	13.5	11.3	12.6	15.8	11.8	5.54	4.25	2.69	2.84	2.99	2.14	2.17	2.14	8.41	6.65	4.28	7.25	3.94	5.03	7.18	8.43	7.77	7.77	8.07	7.42	12	9.3	7.81	7.44	7.36	4.63	3.07	2.48	14.5	4.58	2.2	1.26	1.02	1.25	0.778	1.3	2.35	1.99	0.291	0.132	0.738	0.116	0.102	0.112	0.0807	0.339	0.172	1.48	0.398	0.0844	0.0799	0.0708	0.0358	0.0306	0.121	0.024	0	0.362	0.0727	0	0.324	0.0688	0.355	0.414	0.396	1.38	1.17	0.754	1.53	1.93	1.31	1.83	0.81	1.21	0.712	1.25	0.188	0.0882	0.0499	0.036	0
4.62	1.57	1.99	4.79	4.4	5.28	5.48	7.92	6.92	7.59	8.11	14.3	15.4	12.6	13.4	13.8	13.5	14.1	13.7	14.3	14	16.6	17.2	18.1	19.9	24.9	21.5	18.6	17.7	12.8	11.6	12.9	12.6	12	14.2	12.7	15.6	17.4	10	6.23	4.59	3.04	8.7	9.73	5.21	2.48	2.66	3.42	3.17	3.93	7.85	4.08	2.98	8.23	8.89	7.91	8.62	6.07	8.18	12.3	16.6	12	11	4.38	3.23	2.28	2.79	4.97	3.46	1.72	1.05	0.785	0.548	0.441	0.792	0.721	2.27	1.85	4.11	0.739	0.269	0.0493	0.0459	0.0328	0.0302	0.396	0.0526	0.0386	0.0388	0.0366	0.143	0.141	0.0132	0.204	0.00956	0	0	0	0	0.0245	0.0313	1.21	1.22	0.964	1.86	1.26	0.443	0.749	0.72	0.736	0.674	0.505	0.457	0.386	0.296	0.089	0.0495	0.0262	0.0188	0
3.75	2.58	1.84	4.73	7.47	3.38	3.74	4.81	5.88	7.23	8.34	12.1	14.2	16.1	13.4	15.1	12.5	12.5	12.6	14.6	22.3	17.7	20.5	20.2	19.7	20.1	24.7	24.2	19.7	14	11.8	11.5	9.97	9.18	8.28	7.42	9.52	11.4	8.76	6.6	5.32	4.82	8.6	8.44	7.74	3.75	5.36	9.62	10.8	8.66	4.69	9.8	3.76	5.14	8.03	7.12	10.5	9.46	7.67	10.8	17.8	19.7	15.4	4.39	2.36	1.63	2.05	2.85	1.58	1.09	0.963	0.662	0.315	0.254	0.937	1.79	1.54	2.48	2.58	0.7	0.445	0.0202	0.109	0.0127	0.0112	0.0104	0.0195	0.014	0.0141	0.013	0.0109	0.00512	0.673	0.771	0.0955	0	0.189	0.231	0.234	0.00787	0.591	2.11	1.02	0.441	1.1	0.489	0.251	0.604	0.448	0.459	0.417	0.308	0.274	0.229	0.173	0.772	0.0267	0.013	0.00959	0
7.06	7.86	1.04	2.64	3.14	2.23	2.3	3.58	3.76	5.38	7.21	13.7	11.7	15.3	16.2	14.7	21.5	15.4	13.2	15.2	30.7	25.5	15.1	21.4	24.4	22.2	20	21.9	24.1	13.9	14.3	11.8	7.07	5.62	6.47	7.74	7.49	9.59	8.89	8.3	5.02	2.74	5.72	10.8	8.27	10.6	4.32	6.21	11.8	10.1	7.8	15.5	5.88	3.13	5.77	6.49	7.18	9.89	6.82	6.07	10.4	15.6	10.9	3.92	2.26	1.78	1.41	1.17	0.727	0.651	0.45	0.574	0.262	0.207	0.633	0.402	0.0456	0.167	0.0277	0.0266	0.0189	0.0144	0.232	0.00901	0.00794	0.00745	0.304	0.139	0.01	0.00931	0.0078	0.141	0.582	1.07	0.248	0.0342	0.0602	0	0	0.00561	0.205	0.181	0.0269	0.164	0.112	0.143	0.429	0.275	0.324	0.33	0.299	0.221	0.196	0.164	0.124	0.133	0.0197	0.0216	0.655	0
1.16	7.42	11.5	10.5	1.12	0.955	0.928	1.77	2.45	3.18	3.87	11.2	8.22	13.1	12	13.8	16.3	17.7	14.1	14.3	14.1	26.7	20.6	20.9	24	20.6	17.1	16.5	11.4	19.8	17.6	15.6	6.2	4.56	5.21	8.59	5.27	5.67	6.8	6.79	4.69	4.07	3.48	9.39	6.75	8.13	8.47	4.3	8.61	8.32	6.31	10.2	9.02	4.65	5.2	6.91	7.4	6.8	6.58	6.36	8.32	10.3	7.61	3.21	2.25	1.72	1.57	0.95	0.632	0.719	0.399	0.323	0.239	0.127	0.112	0.0664	0.0177	0.0593	0.0102	0	0	0	0.246	0.0204	0	0.134	0.118	0.0179	0.177	0	0	0.0573	0.104	0.066	0.0662	0.0255	0.0035	0	0	0	0.00342	0	0	0	0	0	0	0.278	0.0248	0.496	0.0254	0	0	0	0	0.0138	0.00769	0.259	0.835	0.802
0.668	0.912	1.26	1.43	1.91	5.3	0.724	1.3	1.61	1.98	3.26	7.91	8.45	12.3	12.5	20.2	17.3	16.6	16.1	15.6	16.4	16.5	26.6	27.1	17.5	18.3	17.1	14	6.95	9.57	13.2	16.8	15.3	8.51	7.59	6.49	5.24	6.36	4.5	4.36	5.75	4.51	4.07	10.3	8.16	5.02	7.15	4.33	5.02	5.9	6.88	8.89	6.08	4.85	5.63	7.49	8.66	7.11	7.31	7.65	8.43	6.45	5.07	2.58	1.88	1.67	2.33	1.16	0.765	0.899	0.37	0.325	0.138	0.0842	0.0619	0.0492	0.00937	0.00586	0.00458	0	0.139	0.148	0	0	1.28	0	0	0.125	0.121	0.184	0	0.105	0	0	0	0	0	0	0	0	0	0	0	0.00236	0	0	0	0.437	0.00876	0.00897	0.00801	0.275	0	0	0	0.00519	0.0034	0.215	0.659	0.574
0.435	0.648	0.51	0.728	0.475	0.777	1.92	2.46	1.14	1.47	2.43	11.6	8.87	9.88	14.4	18.4	19.5	18.5	15.5	14.1	14.7	16.1	18.8	33	19.1	14.7	14.1	12	11.2	9.05	13.5	12.5	26.1	18.9	12.3	6.77	4.79	5.83	5.89	4.41	7.67	8.1	8.44	10.1	8.15	6.11	4.45	4.34	4.5	4.19	3.89	5.38	5.34	5.04	5.95	5.93	8.83	7.92	6.48	5.07	9.7	9.42	5.44	2.19	1.56	1.51	2.02	1.54	1.38	0.503	0.282	0.151	0.109	0.0694	0.068	0.0769	0.0344	0.0246	0.00153	0.123	0.25	0.517	0.0079	0.14	0	0	0	0.0476	0.524	0.661	0.145	0.114	0	0	0	0	0	0	0	0	0	0	0	0	0	0	0	0.000464	0.000649	0.00315	0.000504	0.328	0.308	0	0	0.00294	0.00404	0.00566	0.00779	0.198
0.492	0.497	0.399	0.582	0.463	1.77	0.645	1.99	0.957	1.3	1.7	3.44	7.23	7.12	21.4	25.6	20.1	17.4	15.3	17.5	15.4	16.1	12.7	15.6	18.5	41.8	15.5	12.7	27.1	15.8	8.53	9.67	10.9	16.9	13.1	10.3	6.37	9.07	5.44	3.4	4.35	5.73	6.07	5.06	5.89	4.46	3.93	7.56	4.45	3.42	3.98	6.82	3.23	4.18	5.2	4.04	5.74	6.83	7.4	7.23	11.2	11.1	6.2	2.72	1.6	1.98	2.07	1.63	0.868	0.442	0.281	0.144	0.0905	0.117	0.0547	0.0491	0.0395	0.0391	0.00109	0.44	0.603	0.476	0.076	0.0276	0.00441	0	0	0	0.0836	0	0.144	0.0968	0	0	0	0	0.323	0	0	0	0	0	0	0	0	0	0	0.000331	0.000464	0.25	0.779	1.13	0.268	0	0	0.00703	0.00963	0.294	0.0328	0.057
0	0	0.06	0.684	0.596	0.537	0.523	1.16	1.24	1.77	2.25	2.27	4.67	4.96	14.8	17.9	13.5	13.3	15.4	13.2	12	12.7	13.1	16.2	17.9	23.3	16	11.9	12.5	17	5.9	3.23	4.61	11	12.3	6.55	5.6	7.29	4.12	2.11	2.09	2.52	2.43	3.59	4	3.9	3.29	2.52	2.54	2.64	2.77	3.5	2.25	2.49	2.66	3.11	4.2	4.47	5.37	7.61	5.73	5.34	3.65	4.35	2.33	1.67	2.53	1.69	1.53	0.566	0.326	0.0545	0.0318	0.382	0.71	0.514	0.0526	0.0443	0.0333	0.633	0.411	0.0818	0	0.0504	0.0268	0.725	0	0	0	0.0635	0.0112	0	0.0171	0	0	0	0.00274	0.00275	0.16	0	0	0	0.201	0.0951	0	0	0	0	0.0557	0	0	0.00124	0.161	0.129	0.0616	0.064	0.0699	0.0938	0.123	0.194
0	0	0	0.586	0.475	0.441	0.489	1.14	1.2	1.56	2.96	2.18	2.38	2.79	5.4	14.1	14.7	19.9	13	11.8	12.6	11.4	13.8	17.1	17.2	15.5	15.4	9.99	6.91	6.87	5.5	3.52	6.56	22.3	26.6	17.8	14.5	12.4	7.3	3.78	2.5	2.1	1.56	1.93	2.63	2.84	3.09	2.75	1.87	1.97	1.88	1.51	1.58	1.84	2.75	2.91	4.1	5.48	6.13	5.21	5.41	4.99	2.63	2.01	1.99	1.22	1.67	1.99	2.19	0.588	0.217	0.0354	0.0143	0.202	0.52	0.0472	0.0157	0	0.0105	0.228	0.845	0.0742	0.0424	0	0	0	0.557	0.944	0.943	0.508	0.33	0.747	0	0	0	0	0.263	0.00548	0.0165	0.0744	0.127	0.638	0.141	0	0	0	0	0	0	0	0.00255	0.00139	0.338	0.0882	0.0155	0.0699	0.356	0.903	0.166	0.261
0	0	0.03	0.401	0.4	0.434	0.478	1.12	1.38	1.62	1.69	3.83	1.87	2.22	3.04	10.2	7.9	21.4	18.6	13.9	13.6	13.1	12.3	17.5	17.9	16.6	14.7	12.1	8.06	5.71	6.18	3.7	5.96	7	17.6	15.5	16.7	16.1	5.92	2.87	1.94	2.04	1.42	2.15	2.64	2.37	1.59	2.09	1.7	2.27	1.97	1.29	1.37	1.53	2.74	3.11	3.81	3.66	4.67	2.74	3	3.37	2.81	1.35	1.08	1.05	1.19	1.64	2.52	1.39	0.826	0.263	0.0282	0.18	0.404	0.404	0.0314	0.0891	0.0472	0.217	0.771	0.738	0	0.171	0	0	0	0.165	0.304	0.142	0	0.475	0.123	0.114	0	0	0	0.00274	0.0137	0.269	0.32	0.2	0.336	0.0886	0.00192	0	0	0	0	0	0	0.129	0.286	0.013	0.0205	0.0916	0.124	0.163	0.209	0.322
0	0	0	0.401	0.4	0.452	0.483	0.999	1.03	1.28	1.52	1.63	1.35	1.56	2.39	4.32	7.47	14.6	28.9	23.1	13.1	13.5	12.5	17.1	17.3	16.9	16.4	13.6	10.4	7.7	7.45	4.27	3.3	4	4.29	6.59	9.09	10.3	7.89	3.24	1.95	1.52	1.22	1.68	1.61	1.65	2.04	1.89	1.99	2.86	1.88	1.24	1.79	1.61	2.45	2.78	2.96	2.97	3.78	3.85	2.59	3.28	2.53	1.46	0.988	0.835	1.1	2.87	2.88	1.57	0.613	0.691	0.0737	0.0793	0.246	0.331	0.0577	0.0891	0.0105	0.101	0.0318	1.18	0.0901	0.23	0	0	0.0375	0	0.523	0.501	0.149	0	0	0.212	0.126	0	0	0	0	0.345	0.186	0.34	0.00275	0	0	0	0	0	0.00228	0.0585	0	0.0749	0.143	0.0121	0.0264	0.116	0.157	0.201	0.249	1.44
