54.9	47.5	63.8	101	31	16.1	33.3	21.8	17.4	24.7	10.6	39.7	60.7	36.7	26.3	21.7	12.6	34.5	32.6	41.9	43.6	25.2	26.9	57.8	110	207	248	180	138	109	96.3	91.4	80.2	77.9	71.4	85.8	101	110	101	165	244	326	355	301	450	397	404	446	417	349	384	441	390	341	364	376	411	360	375	390	452	489	432	433	450	440	398	402	418	364	299	253	256	208	203	303	279	265	257	354	288	253	267	245	223	251	254	166	180	173	167	79.5	110	114	111	115	105	103	116	103	122	119	131	143	164	159	177	176	162	175	178	178	192	220	226	200	204	204	147	149
48.1	50.1	61.1	32.8	20.4	14.6	26.6	22.3	21.6	28.9	35.5	47.9	78.6	64	45.1	30	26.4	61.6	53.9	44	34.6	35.4	51.8	60.6	142	210	250	116	89.8	88.3	62.1	70	63.7	67.7	64.1	80.7	98.5	86.6	107	161	187	281	374	296	393	447	423	428	414	374	355	275	260	292	255	247	325	244	222	337	413	435	446	453	457	441	427	398	395	321	297	266	299	259	193	292	311	320	333	417	376	325	252	281	261	269	259	268	199	186	172	116	143	150	156	120	108	104	91.8	89.4	99.6	137	147	141	147	154	140	152	138	154	129	146	169	160	194	187	181	164	141	148
57.7	63.3	30.9	16.9	18	20.5	31.5	29.1	25.7	42.5	48	61.5	71.6	55	65.1	53.8	39.8	33.1	42.8	72.6	40.7	23.6	59.6	81.4	116	168	210	115	81.9	71.9	66.1	61.8	44	75.5	121	104	141	151	166	168	191	271	373	456	466	460	473	467	441	408	371	347	333	299	234	169	162	155	195	307	378	390	448	405	431	390	383	349	316	286	306	325	297	290	242	307	319	321	365	344	345	280	230	288	327	311	273	251	268	169	176	133	139	134	146	107	123	107	92	106	90.7	98.8	153	122	112	119	106	110	94.9	118	140	134	138	114	130	128	160	121	127	114
96	85.8	33.3	30.5	23.5	24.7	53.3	37.6	42.7	48.4	48.1	73.5	59	74	94	80.7	62.7	97.9	92.5	59.9	55.5	95.5	89.2	86.4	123	202	196	122	115	101	75.1	88.7	91.4	68.3	109	140	180	153	158	247	280	359	448	497	500	495	493	498	483	445	438	397	350	300	196	172	144	203	215	283	256	371	409	386	370	369	395	336	291	220	299	330	287	254	259	307	295	346	318	392	379	275	316	360	320	343	369	351	287	211	189	153	182	133	97.9	111	114	93.3	74.2	86.8	80.6	78.3	78.8	84.7	76.6	100	109	122	110	107	122	114	95.8	99.6	102	108	91.9	88.3	68.7	90.4
87.3	56.6	48.9	40.1	39.2	47.9	34.8	34.1	55.7	50.8	57	77.3	75.1	82.6	139	123	92.1	103	107	97.9	111	135	120	97	121	181	193	178	164	161	128	172	220	158	167	130	136	142	158	257	343	413	462	476	481	457	497	518	485	477	459	417	347	281	242	238	221	214	209	241	224	249	334	329	342	317	332	333	220	194	223	276	244	278	282	292	270	273	319	352	331	281	312	332	300	336	369	393	357	279	194	168	159	153	108	103	80.3	75.4	63.4	92.9	84.5	87.5	64	71.5	71.5	82.7	109	119	122	117	103	91.1	87.5	83.5	76.2	89	89.4	80	68.1	72
54.6	36.7	21.1	20.6	21.7	47.9	31.8	29.3	48.8	47.7	58.9	69.4	164	119	147	151	110	90.5	79.7	56.2	85.7	168	127	93	152	175	205	229	188	177	223	237	220	206	256	150	111	140	172	255	286	306	323	383	370	395	415	438	453	479	463	403	331	279	293	283	271	251	226	249	250	255	277	299	270	257	297	292	272	279	204	228	262	312	234	271	268	268	267	224	223	263	374	291	318	334	340	288	282	218	181	112	110	75.4	67.8	59.6	66.6	51.1	35	38	40.5	52	53	52.8	60.2	48.4	44.7	69	91.4	90.7	99.5	106	85.7	73.6	78.9	81.7	97.7	75.4	94.4	65.3
41.1	23.3	34	30.7	87	31.2	23.9	31.1	90.2	76	79.5	108	104	130	114	97	96.8	99.5	113	123	108	139	150	112	141	173	210	208	216	253	261	283	254	315	268	210	121	136	221	296	185	239	349	389	386	375	441	434	428	448	445	429	386	294	308	325	305	294	293	335	313	291	339	319	312	286	332	314	275	253	205	210	239	233	214	291	258	258	242	237	264	280	359	311	322	306	300	305	316	264	212	99.8	125	88.7	80.8	53.9	70	71.1	42.4	35.3	29.5	37.1	35.9	53.9	53.3	43.7	29.6	46.1	62.3	77.4	73.8	84.8	91.9	78.8	84	82.4	81.6	84.9	116	110
35.8	38.1	40.8	42.1	65.8	43.1	58.7	36.1	68.8	66.3	77.3	93.7	60.7	117	95.4	81.8	118	127	150	130	185	198	229	185	187	259	262	234	241	318	276	217	302	400	322	226	143	131	176	204	223	265	279	317	409	345	438	432	428	420	403	415	376	287	335	328	281	296	290	305	321	277	288	321	359	309	350	303	225	222	263	271	211	175	205	228	228	280	209	222	271	218	235	271	301	293	271	271	300	234	218	227	103	75.2	99.1	76.9	66.3	68.6	47.9	42.2	20.1	19.5	35.6	56.7	60.6	40.8	43.4	59.3	53.5	53.6	49.6	70	91.9	91	70.6	80.3	90.2	80.3	75.8	71.4
58.5	58.5	57.2	38.4	57.5	60.7	36.4	42.4	76.1	66.9	72.5	76.3	56.6	70	62.3	95.7	141	143	184	122	201	177	197	242	221	283	322	274	300	269	282	259	307	428	359	228	191	162	181	274	273	288	277	290	319	339	335	351	429	431	420	383	346	331	327	328	222	205	213	217	232	282	366	344	322	322	322	329	301	227	203	227	227	205	241	177	172	201	200	233	214	239	300	281	316	308	277	320	310	263	240	217	173	104	107	81.2	71.2	50.2	33.7	28.3	27.3	28.6	34.9	44.2	41.4	23.4	41	44.8	32.7	47.3	43.3	57.1	75.1	109	116	96.7	94.7	69.7	56.5	69.8
35.4	53.1	60.8	23.5	39.7	67.8	68.7	61.4	60.5	92.4	80.3	78.1	78.4	72	79.6	78.2	128	143	169	150	174	235	194	217	197	227	283	343	277	259	268	328	347	397	373	318	292	220	181	224	266	294	306	323	375	371	362	386	409	417	394	339	352	340	315	235	222	195	156	221	261	309	431	385	338	325	373	292	262	230	214	219	235	208	207	164	150	143	128	246	167	214	221	254	253	266	185	250	239	181	230	197	194	97.6	127	122	95.9	93.5	74	23.5	23.6	39	17.7	31.5	30.4	23.8	24.6	42.1	27.5	33.2	35.5	48.7	66.9	91.5	87	107	105	126	132	96
40.9	53.5	61.8	62.4	38.6	67.9	64	65	68.4	129	89.9	86.4	137	123	103	116	153	182	234	192	144	185	172	168	269	270	309	404	415	377	351	381	352	330	331	312	371	319	210	202	277	270	264	244	338	433	468	394	406	407	343	301	279	274	268	253	221	176	178	287	282	339	393	374	301	361	433	310	222	226	241	240	226	177	191	201	154	149	166	184	253	213	215	144	158	208	180	218	287	215	178	147	199	143	143	130	94.4	88.6	73.3	37.5	50.9	35.5	11.5	18.1	23.5	21.8	16.1	45.4	37.8	28.7	28.1	39.5	56.8	76.3	70.9	138	135	122	104	78.3
92.5	76.1	47.9	42.8	49.5	93.5	69.9	68.7	70.4	114	101	121	142	234	143	171	186	249	336	298	192	255	258	251	366	384	367	425	438	405	454	412	354	300	333	423	463	404	287	262	262	273	290	240	240	284	312	354	387	350	287	305	253	257	259	196	162	160	224	292	256	315	301	265	309	388	409	334	250	278	312	245	206	216	152	192	176	213	206	207	186	186	151	141	118	162	165	191	225	176	228	168	206	239	104	90.9	81.6	83.2	74.7	40.6	38.9	32.8	21.9	16.8	24.4	24.3	17.6	36.2	42.3	24.3	32.2	37	47.5	62.5	85.2	125	105	68.4	83.1	65.5
40.8	42.7	37.2	39.8	40.4	56.3	76.9	77.6	108	122	107	153	198	286	263	246	235	330	377	390	282	342	314	366	404	437	452	417	499	505	546	469	328	332	340	369	428	393	285	274	225	269	284	239	287	333	420	357	344	346	289	331	258	252	258	209	159	189	246	279	274	335	312	272	331	397	373	311	317	323	297	269	268	220	163	127	125	163	161	149	142	155	159	137	139	190	156	176	172	187	187	205	201	214	106	90.9	121	94.3	77.5	47.4	38.3	26.1	17	18.4	38.8	33.7	18.2	34.3	33.1	31.6	34.5	34.6	37.8	55.4	75.3	88.9	81.5	41.8	69.5	61.5
27.3	31.2	23.7	32.1	37	70.8	84	75.2	91	82.8	80.6	129	141	123	136	176	315	376	309	323	300	337	359	357	391	406	421	440	453	462	536	424	253	268	250	287	281	298	252	239	263	250	271	275	375	383	384	324	395	406	326	322	268	251	229	219	184	254	302	293	283	319	309	287	294	299	296	270	290	253	215	242	239	171	167	101	97.4	124	131	187	209	152	119	114	184	239	206	208	197	221	215	261	229	209	112	92.7	94.8	87.6	68.6	38.2	29.5	17.5	11.8	10.5	13	10.4	10.5	14.7	27.4	30.4	19.6	38.8	51.6	78.4	77.6	59.6	62.1	36.2	48.3	42.8
37.9	25.9	32.3	30.2	54.2	73.3	69.5	72.4	116	92.8	86.7	120	182	167	150	248	335	291	282	315	386	461	401	365	377	483	478	488	564	610	504	432	350	269	238	298	233	195	197	216	269	343	369	343	323	315	362	318	324	428	411	377	289	293	276	280	267	318	380	365	330	309	322	303	321	308	273	246	273	332	316	270	236	220	172	152	160	163	174	277	236	222	158	149	288	344	303	252	232	225	288	209	261	161	87.2	100	103	85.8	78.4	38	32.8	29.6	18.6	25.5	24.6	20.5	28.2	46.4	43.3	43.6	33.1	82.2	80.8	82.9	72.6	44.3	63	51.5	62.8	48
24.2	23.4	34.9	64.4	104	71.8	53.1	96.3	146	148	121	146	184	222	251	225	271	315	350	422	525	506	486	420	426	504	585	576	613	569	486	456	486	376	356	277	240	214	189	333	261	349	396	360	345	325	360	323	394	443	410	361	331	313	311	300	335	286	353	373	382	320	319	312	330	264	248	251	278	301	335	297	291	233	183	187	178	183	203	215	189	202	191	214	308	292	309	319	300	254	271	318	296	200	163	130	103	103	97.6	47.4	53.5	34.3	34.1	25.9	29.2	24.2	29.8	40.1	30.6	46.1	43.7	77.8	89.4	73.5	52.9	47.1	38.6	52.8	72.8	43.3
59.6	107	101	98.7	126	60.7	70.9	105	152	111	120	166	159	250	252	204	286	258	375	435	528	506	553	498	442	504	605	585	548	537	428	423	440	369	445	378	282	237	252	330	289	335	405	408	343	398	387	304	317	352	354	341	307	297	280	278	312	247	333	300	321	309	315	267	281	222	227	216	288	292	306	262	243	236	169	235	188	161	136	216	152	150	180	296	286	282	249	223	342	386	352	364	267	205	212	120	143	136	113	50.2	47.8	33.2	38.6	41.4	37.7	21.3	17.6	38.6	36.4	32.7	45.1	52.1	48.1	38.2	33.9	59.1	53.3	44.6	68.5	32.4
46.4	67.1	69	122	87	42.9	50.6	58.6	99.2	140	172	188	228	244	240	217	289	248	341	317	409	420	487	428	394	448	472	457	449	421	358	365	341	297	391	425	279	219	254	281	344	346	367	374	305	330	359	285	314	338	429	352	332	306	259	207	244	251	234	225	214	230	210	170	177	163	183	178	228	183	176	190	207	147	134	195	179	160	167	297	190	151	227	252	244	227	201	249	337	357	408	354	237	203	224	298	201	138	135	89.6	57.5	46.7	58.3	55.5	55.6	46.7	28.4	9.54	3.93	7.35	16.6	17.3	21.8	11.9	7.47	32.8	26.1	38.5	22.9	15.6
36.7	48.4	54.2	88.4	66	51.1	49.5	78.8	135	185	244	231	188	228	244	222	258	317	356	432	422	399	451	458	408	394	433	446	472	365	363	323	261	246	280	379	339	269	273	289	308	278	281	362	379	372	452	489	366	357	379	393	414	356	288	252	249	298	297	282	256	193	179	172	189	164	193	132	161	159	166	184	177	131	128	160	163	190	178	313	218	180	192	195	191	199	210	368	331	315	340	274	182	221	227	286	308	121	128	96.6	71.4	53	71.3	52	46	33.3	27.8	8.19	2.94	0.75	0.3	14.4	13.8	7.65	17.2	19.8	23.4	34.3	23.8	19.1
42.7	62.4	49.9	62.7	47.8	40	40	62.1	137	208	234	224	232	220	221	205	267	354	462	499	498	374	407	457	420	418	419	433	470	441	385	382	356	304	302	311	319	321	259	232	308	290	279	314	349	401	427	368	343	432	413	473	473	412	325	258	290	286	271	238	222	251	267	233	237	194	186	150	175	187	179	191	149	133	152	198	227	229	235	232	192	237	179	215	190	202	245	311	366	355	367	265	256	257	255	260	378	318	153	145	104	74.3	54.3	45.6	37.5	33.2	35	18.1	7.17	0.63	5.79	7.83	4.53	11.3	4.47	13.2	17.1	20.8	16.6	9.69
62.7	136	111	99.2	58.7	50.5	53.9	73.2	134	149	204	306	232	176	209	222	268	371	425	462	401	336	400	451	429	437	428	385	386	407	400	383	300	290	345	286	243	298	284	288	295	325	338	379	399	397	474	350	293	358	460	417	413	388	344	256	208	210	240	225	212	278	298	241	229	212	238	207	212	219	228	189	160	139	155	228	301	242	320	325	294	211	197	206	182	189	215	283	381	356	269	213	294	356	307	239	314	377	318	132	92.7	105	70.9	45.5	41.4	34	44.7	28.8	17.5	7.62	5.13	6.51	4.23	13	8.82	7.62	8.55	11	15.4	15.8
74.1	109	133	179	92.9	68.4	68.7	81.8	106	156	120	179	200	203	178	180	238	313	361	320	383	413	432	371	326	369	384	348	366	361	392	374	275	239	334	259	259	267	215	281	296	359	445	413	427	442	416	293	286	321	432	378	376	350	266	210	180	191	256	233	182	238	234	208	220	254	313	210	260	268	241	218	208	124	200	219	207	207	255	300	286	252	256	242	289	259	221	285	309	290	241	224	256	237	238	246	299	238	186	227	187	139	103	92.6	91.6	82.5	71.1	53.7	46.7	28.6	21.1	5.85	4.7	9.45	11.8	9.97	17.3	8.77	12.7	6.21
67.6	108	125	177	121	87.6	88.4	141	131	157	155	160	201	244	217	215	277	311	310	332	332	392	433	338	351	319	384	365	346	369	422	382	237	193	280	212	232	233	178	253	290	336	371	405	393	391	389	259	277	261	321	337	317	290	214	184	185	187	272	242	262	229	239	199	242	235	273	203	275	292	222	245	224	144	145	193	170	171	226	277	285	329	361	284	310	294	266	280	319	316	253	266	316	263	332	337	349	258	220	255	217	215	174	145	130	83.2	67.6	51.4	47.4	29.1	29.6	11.3	4.58	9.67	2.88	2.07	11	3.16	5.25	11.8
66.5	87.6	99.7	117	126	97.2	105	128	125	151	220	203	177	192	213	220	269	322	304	283	272	339	374	358	371	321	321	376	391	387	383	330	267	193	175	235	194	287	252	312	330	311	325	364	370	355	295	255	268	287	315	302	269	289	238	198	230	216	251	243	308	242	233	234	230	230	226	236	298	310	267	326	256	186	163	183	188	206	180	252	294	292	328	329	288	261	292	229	303	354	254	266	275	335	343	408	428	369	348	274	236	209	188	141	115	95	91.9	71.4	53.5	36.3	28.4	14.3	3.79	3.06	8.32	4.23	6.1	2.63	5	8.88
76.3	78.8	111	139	129	83.1	130	140	122	136	209	219	177	238	258	276	308	360	294	287	290	325	379	359	347	386	344	377	386	405	389	365	324	302	211	216	211	283	249	304	333	367	404	373	400	343	287	284	336	312	260	266	309	285	316	243	218	264	243	268	250	224	246	298	330	223	230	275	367	348	367	418	407	245	180	221	200	212	238	261	247	278	344	349	303	346	305	257	290	293	290	284	302	366	355	366	332	325	342	239	244	221	176	174	144	149	126	88.8	62	43.2	31	17.4	22	11.8	7.36	6.06	4.2	2.21	1.91	5.67
123	118	136	158	121	111	157	191	186	206	196	249	259	281	297	270	244	338	349	326	338	334	314	325	321	379	396	350	324	355	375	361	341	377	309	271	245	251	266	300	286	352	407	389	334	271	264	243	338	337	306	320	326	263	301	221	287	323	261	346	302	235	228	257	320	228	256	256	322	334	361	358	368	290	236	266	221	229	221	258	223	236	249	241	218	225	230	233	247	240	243	265	238	230	233	265	284	254	205	198	192	184	181	206	200	162	136	84.9	54.4	37.8	25	13.6	9.82	11.9	9.16	6.98	7.43	8.21	4.44	7.42
120	120	136	141	135	145	228	246	266	281	247	314	261	262	328	282	287	317	313	338	275	277	281	279	303	352	367	296	278	247	333	355	334	342	272	286	221	250	275	296	323	367	411	371	331	278	265	231	225	306	294	348	287	224	181	162	234	283	295	330	354	267	246	213	339	226	247	206	187	224	341	302	237	218	258	240	226	246	235	260	207	222	196	189	209	236	230	229	231	217	257	289	233	216	186	234	243	190	213	232	239	205	211	199	202	157	115	89.7	81.6	46	30.2	17.1	11	9.98	10.5	16.6	7.82	13.9	5.12	5.26
107	117	122	134	145	135	202	197	227	242	233	330	271	252	299	344	262	239	243	273	280	318	319	265	316	367	349	263	211	248	299	289	353	366	359	371	240	230	240	309	336	389	395	379	377	334	296	213	183	222	298	348	310	229	168	196	205	253	355	266	262	249	240	232	260	204	216	208	211	205	225	228	209	218	239	225	188	198	217	214	214	231	220	203	232	258	225	213	239	229	269	280	229	196	178	202	174	158	205	256	221	227	235	187	178	135	119	80.9	86.8	60.8	32.8	21.1	18.6	12.4	12.2	6.63	9.14	5.81	14.2	6.64
128	136	140	152	142	147	181	227	277	263	221	285	294	288	238	277	255	255	228	220	234	266	289	299	305	277	262	237	237	241	270	296	267	340	355	359	331	291	279	327	337	358	408	372	431	380	292	245	205	275	301	361	292	268	245	190	248	276	266	280	216	220	217	232	177	198	209	200	305	252	220	228	204	217	220	230	208	162	152	195	202	212	238	230	223	241	206	219	225	203	260	241	250	190	128	162	142	159	190	199	225	210	200	193	179	154	118	84.4	85.6	73.1	46	32	35.2	23.5	19.6	19.8	9.41	8.89	8.06	8.34
180	260	238	203	156	224	192	206	220	306	296	337	338	323	349	329	252	289	271	226	249	244	253	227	203	151	190	282	285	288	304	370	309	309	296	344	397	351	331	365	328	341	366	358	367	448	303	300	271	277	282	340	320	350	297	329	336	309	293	254	224	235	327	292	218	211	215	221	252	285	296	214	216	252	260	265	226	194	197	170	175	177	208	250	246	233	242	247	229	218	220	197	215	185	125	145	147	151	183	195	243	241	250	223	212	199	136	132	128	93.7	88.4	65	42.6	32.4	22	20.3	15.9	16.1	11.9	11
188	228	259	202	182	156	166	169	207	265	332	379	357	315	414	399	281	292	268	261	301	309	264	215	240	182	188	284	251	246	239	293	294	276	281	335	355	378	375	423	368	347	370	312	282	340	364	343	359	290	283	282	310	317	283	252	274	289	305	338	247	199	333	210	206	181	192	201	255	279	300	250	258	298	312	243	203	186	205	199	196	260	270	252	281	235	228	249	259	243	230	240	204	196	199	190	198	183	188	190	282	279	255	198	192	170	174	149	136	102	71.3	56	52.6	28.7	20.9	21.2	17.8	16.2	18.4	14
140	179	233	265	231	164	191	222	227	294	330	377	364	383	408	333	345	274	354	282	379	410	369	300	331	297	249	284	289	287	290	279	268	269	284	326	323	322	345	433	486	384	374	333	378	338	403	398	391	406	376	279	272	289	305	267	277	256	267	317	257	240	225	217	181	228	209	218	232	297	285	211	273	299	218	179	194	170	170	160	186	253	288	280	268	254	248	251	241	212	222	201	205	210	212	187	321	267	249	287	344	317	268	192	216	176	143	99.9	105	92.9	88.3	77.2	57.8	37.3	37.3	31.4	50	47.7	21	16.3
159	170	206	204	230	165	207	272	267	243	247	260	332	323	316	277	310	264	333	332	303	348	331	343	326	334	342	335	330	337	343	355	361	330	338	313	316	304	300	430	430	391	345	388	441	433	379	344	341	402	387	267	264	283	250	232	235	216	232	199	253	223	212	202	186	206	239	240	237	243	214	209	229	231	230	175	232	212	168	181	220	218	266	293	257	263	256	224	243	219	193	204	217	196	186	193	299	404	382	424	291	275	267	213	202	164	134	92.5	90	104	94.6	94.9	78.1	52.7	48.6	82.1	88.5	76.7	54	39.2
173	159	170	170	148	146	176	223	269	223	243	270	322	271	268	306	313	294	281	216	206	291	343	361	370	425	436	366	342	303	282	279	323	329	347	270	266	274	283	347	364	347	327	344	424	489	380	414	398	377	442	304	297	326	254	272	207	178	156	161	189	230	226	213	185	232	210	253	239	259	201	230	234	263	263	200	184	139	190	276	291	232	252	302	264	263	248	281	271	247	205	210	239	228	206	241	278	293	329	348	270	280	235	181	164	145	157	126	140	141	148	141	122	85.6	86.3	79.6	120	118	112	68
158	224	221	149	164	172	179	206	249	227	260	342	316	257	258	285	310	303	263	215	203	272	349	346	399	436	450	426	355	285	249	248	304	326	315	260	229	278	309	323	350	436	363	344	376	445	390	434	481	392	390	360	334	313	296	279	216	214	194	171	178	241	225	188	211	216	230	243	253	255	242	275	307	357	258	231	176	175	172	289	358	263	238	289	256	234	227	233	218	207	203	204	204	252	226	238	287	272	255	237	248	232	225	191	167	168	198	187	146	149	160	164	133	124	116	114	126	141	118	74.3
150	177	193	183	245	190	253	202	227	235	262	304	304	305	315	314	305	306	318	254	253	272	310	373	499	435	502	454	392	350	309	266	296	330	286	310	283	261	234	363	379	442	384	349	312	336	367	433	427	387	377	327	292	278	279	274	262	219	199	172	176	236	231	247	200	192	225	240	268	265	314	303	324	354	273	231	219	222	194	192	278	247	232	290	255	236	228	220	219	206	228	169	172	248	246	240	309	310	278	244	238	206	220	220	219	234	215	224	158	165	160	176	154	146	124	113	140	109	106	98.4
109	127	154	250	250	236	256	255	224	250	227	279	303	330	324	347	328	292	276	202	245	259	333	372	446	407	439	413	395	354	350	336	321	320	302	311	366	348	311	366	407	364	379	377	310	300	344	320	317	344	379	371	321	291	308	308	315	284	233	171	152	244	281	191	194	210	249	264	238	246	264	298	268	281	284	263	234	236	205	195	210	178	175	238	252	235	270	230	209	200	205	184	171	192	206	247	277	318	245	256	254	239	285	291	259	265	231	219	169	192	205	169	183	166	139	124	111	121	90.3	91.6
123	128	160	246	223	215	273	222	173	212	167	242	297	322	318	313	304	287	288	215	242	248	324	373	400	424	410	490	391	363	378	379	366	322	385	335	431	386	388	444	419	350	337	340	301	321	348	336	328	337	368	377	361	312	325	289	315	311	273	205	158	207	219	186	175	257	174	212	233	253	232	262	244	287	282	346	325	281	234	247	208	186	189	254	267	320	312	299	258	245	214	198	198	215	239	267	264	277	280	286	283	289	279	293	224	194	196	209	237	249	269	154	177	170	148	131	141	128	113	91.5
144	140	142	181	185	212	226	235	179	198	218	232	267	292	315	290	276	269	270	272	235	229	264	366	437	404	445	550	474	430	406	335	321	316	340	365	409	412	368	396	371	342	348	301	296	336	393	355	299	306	339	345	318	305	250	233	261	283	240	200	215	257	270	202	172	242	288	225	234	224	194	334	268	242	229	281	249	237	241	253	236	204	255	363	303	308	301	287	310	225	159	215	245	256	271	320	315	315	321	303	309	322	274	289	273	259	244	269	274	286	272	172	199	192	186	192	224	173	156	127
157	146	151	174	205	221	211	217	194	230	178	237	258	264	277	287	268	253	262	236	207	275	278	409	443	393	404	477	461	462	495	415	304	350	310	308	358	364	387	353	342	372	382	376	330	322	369	317	260	318	427	338	303	300	295	227	239	253	280	247	309	235	254	214	180	180	218	245	242	248	206	252	208	220	199	213	242	264	259	246	297	285	317	366	394	342	361	285	222	222	210	237	289	282	311	338	354	345	314	298	293	277	270	337	292	305	311	324	299	353	281	199	172	192	227	228	220	195	199	140
176	149	155	173	166	155	166	217	230	228	203	267	277	266	289	286	283	261	293	245	264	288	329	324	382	386	420	458	327	371	418	431	373	458	344	282	267	305	254	344	412	426	359	355	316	340	354	337	321	324	478	336	269	259	232	239	242	229	325	349	296	265	256	263	241	226	229	234	203	265	201	209	211	203	200	202	216	287	292	282	298	361	290	317	398	353	298	265	257	298	278	257	307	289	323	357	387	370	332	300	264	252	265	300	292	308	281	289	262	344	363	199	196	203	249	209	202	171	175	150
156	162	171	164	168	183	177	233	264	233	224	235	231	256	280	262	267	256	273	286	258	331	371	361	412	418	334	344	334	337	383	382	429	463	373	371	281	243	275	300	462	368	309	289	325	375	367	301	298	298	342	286	276	241	238	208	222	240	299	295	349	310	296	286	286	272	239	229	251	200	185	242	198	156	142	149	219	245	195	299	214	206	287	382	356	359	283	340	300	328	298	245	294	369	385	342	394	371	363	290	237	249	234	251	248	256	272	289	256	315	331	206	236	215	255	185	164	166	161	133
142	155	175	175	174	219	266	254	268	218	206	219	243	267	295	289	281	266	299	292	325	348	379	376	387	334	285	331	341	318	344	401	359	360	351	367	351	239	262	300	392	439	369	288	232	389	318	263	273	293	328	294	271	250	264	189	214	259	362	313	331	354	325	301	312	268	252	242	261	210	204	204	202	174	137	184	265	286	251	251	226	193	307	317	331	279	315	421	354	371	275	266	348	324	364	328	375	380	347	282	225	211	220	231	303	275	306	350	287	265	239	196	239	211	203	150	161	171	135	107
202	193	195	156	168	236	183	227	207	219	222	235	251	254	289	337	322	348	326	331	388	360	355	380	336	272	288	316	312	296	344	365	386	338	325	287	332	228	238	278	352	416	463	301	256	405	479	332	324	311	341	341	336	272	307	250	243	299	360	331	374	365	327	295	264	297	333	254	262	201	222	247	225	164	167	238	211	250	299	284	234	232	300	399	376	385	449	457	427	402	240	328	393	317	299	286	335	336	300	296	278	236	281	265	287	260	279	270	251	229	202	171	173	175	173	146	154	142	127	112
167	222	163	161	199	262	217	240	198	223	251	241	267	265	288	307	337	373	367	382	447	356	348	326	328	347	363	366	341	324	367	383	323	295	331	281	263	274	246	216	311	334	287	282	339	412	458	370	339	377	381	391	326	287	305	306	267	266	301	285	305	352	293	242	231	240	301	311	264	279	225	237	224	147	188	250	195	160	190	212	225	270	381	432	312	322	397	475	429	355	305	329	354	305	269	273	283	308	299	301	270	250	296	320	209	254	277	311	232	238	199	159	164	188	204	165	137	134	120	141
197	178	164	169	192	238	201	223	241	273	240	298	323	350	362	378	349	355	384	401	428	405	404	314	339	379	390	426	402	354	406	379	350	279	303	299	303	293	266	221	210	221	261	284	397	396	288	408	386	331	344	306	274	285	330	351	317	300	291	287	307	299	297	262	238	279	313	305	272	250	237	195	183	157	174	199	230	137	158	168	187	310	348	382	241	256	276	256	306	379	337	277	264	285	288	287	286	282	284	231	180	182	242	215	180	167	192	204	139	163	146	126	148	168	129	124	124	126	126	191
185	178	175	158	162	208	247	231	252	328	301	277	281	339	386	349	370	370	378	364	413	397	344	300	302	334	361	355	365	375	368	379	307	340	344	320	345	312	281	272	277	298	265	358	255	356	254	347	374	338	326	325	306	299	352	373	374	373	356	362	319	306	287	272	243	302	314	298	351	284	248	183	183	174	190	170	181	197	237	230	191	260	214	366	301	310	326	317	360	367	292	280	293	325	363	295	269	291	267	248	193	171	187	178	165	157	147	144	181	162	130	127	145	192	134	151	147	140	181	210
154	161	165	139	191	222	259	233	303	311	290	298	323	337	382	365	374	381	367	375	366	402	367	328	350	324	344	409	407	400	411	401	369	388	413	383	327	294	307	326	372	414	282	276	196	227	266	314	345	365	361	356	320	318	368	364	390	397	381	320	300	273	252	261	316	267	275	315	343	298	282	206	174	210	186	194	198	284	303	231	201	164	201	322	293	342	230	341	322	369	375	331	304	335	346	294	292	261	291	263	200	189	175	157	168	136	124	152	154	145	116	121	183	203	175	173	178	201	201	213
122	137	116	119	173	203	227	241	259	255	259	277	318	317	338	402	413	410	417	394	403	395	370	355	332	327	342	422	401	437	445	441	410	453	431	416	347	308	341	391	403	473	378	275	236	227	270	332	300	333	369	324	347	352	356	370	371	401	406	312	231	212	231	257	307	284	271	303	313	294	288	242	200	278	233	219	278	241	244	213	194	205	255	428	368	325	224	236	219	299	371	337	345	370	384	277	262	273	235	282	227	205	203	153	155	140	138	142	187	140	120	127	175	165	161	153	161	194	183	216
140	131	152	158	192	242	254	266	295	331	294	275	287	307	342	364	374	418	436	394	366	372	367	414	401	343	335	337	354	394	408	408	445	431	374	479	474	376	379	439	443	433	318	264	238	280	293	408	362	381	338	302	340	392	396	352	381	378	344	307	252	226	228	264	341	379	311	269	273	291	261	229	216	269	221	269	295	284	172	187	160	172	229	315	236	220	198	229	260	314	370	388	300	334	309	268	284	293	311	290	248	191	208	161	153	156	166	137	204	139	113	140	147	123	120	149	139	160	204	197
160	148	192	194	202	231	273	298	298	296	260	266	279	299	294	332	354	363	384	375	361	385	359	415	422	360	343	331	357	361	396	393	490	468	527	675	582	623	499	493	447	522	428	262	234	292	321	389	426	429	344	276	305	310	344	354	404	409	359	372	357	306	290	269	291	299	351	322	304	277	286	318	292	240	213	204	268	263	241	205	224	178	210	295	280	242	204	299	284	271	364	372	313	320	257	249	262	281	355	260	247	246	226	185	135	122	144	139	147	132	132	140	133	120	113	161	150	175	174	186
154	146	182	193	215	207	251	266	291	299	267	280	328	311	283	285	294	325	323	288	317	335	411	462	425	362	364	327	345	369	413	412	387	445	465	550	604	622	497	678	655	675	601	298	259	360	337	439	527	541	428	323	318	276	297	296	339	371	352	355	353	318	304	280	240	298	348	382	315	280	272	286	298	215	245	242	221	233	173	200	296	230	238	225	286	273	272	245	278	248	343	409	350	320	297	317	384	362	355	288	273	273	229	196	160	142	137	148	168	168	153	153	155	121	127	202	185	188	153	179
140	129	167	189	194	214	231	252	276	271	269	283	300	270	268	255	262	310	308	282	294	386	468	435	411	439	422	331	353	384	411	393	446	455	480	513	605	639	630	657	651	697	557	363	315	321	332	379	439	446	415	324	339	283	369	282	294	284	328	343	344	328	297	257	226	289	317	326	299	314	301	293	275	226	237	307	331	280	156	197	291	355	329	315	308	279	313	252	290	303	344	389	320	300	281	374	347	366	348	263	310	320	274	222	197	156	160	224	173	174	191	168	142	125	132	196	227	180	138	191
131	137	166	199	240	265	237	242	272	299	332	318	374	338	299	236	256	271	287	301	307	362	400	393	419	453	435	374	374	413	405	421	517	471	426	389	400	450	425	446	440	450	443	393	334	363	342	329	323	341	279	219	249	272	283	270	244	265	284	284	316	336	306	306	284	258	231	321	323	247	250	220	215	229	264	328	365	328	220	206	260	313	288	306	304	356	379	278	289	351	334	317	317	330	291	332	297	344	363	284	306	346	328	280	225	200	245	268	171	219	202	202	154	140	159	231	236	169	146	202
145	152	146	151	199	227	219	215	247	284	325	345	330	354	326	222	203	252	327	322	330	295	346	391	451	469	449	426	444	460	435	445	436	444	379	370	402	387	349	382	382	360	359	382	355	341	395	329	276	315	327	285	256	284	277	274	268	250	242	274	282	275	305	312	313	342	289	283	362	294	250	196	191	253	270	351	434	319	268	223	229	237	255	331	430	365	378	286	282	260	334	369	392	394	369	312	306	289	321	303	280	323	337	248	203	251	286	343	231	226	225	205	161	137	158	212	226	186	178	193
113	128	125	137	198	232	231	245	264	334	330	353	353	310	271	229	237	261	331	334	303	274	327	418	451	433	446	428	432	444	425	445	426	419	379	384	384	390	349	353	306	306	313	326	341	274	313	323	348	372	413	303	291	262	274	282	227	253	229	245	249	285	277	246	323	296	350	310	314	289	283	247	216	252	239	283	317	260	309	221	195	209	249	331	459	438	359	326	319	293	297	439	437	338	365	311	294	278	284	246	275	270	325	237	208	236	260	276	272	220	218	223	250	204	175	222	249	200	208	195
115	134	147	146	173	207	208	257	268	312	362	374	381	378	350	313	359	403	403	359	306	261	309	369	483	498	401	397	397	385	356	384	375	326	299	369	378	333	331	367	336	370	375	420	368	234	252	329	381	418	368	301	251	282	283	269	225	211	222	247	251	295	286	245	257	269	287	277	273	296	305	266	212	228	212	225	230	244	209	152	180	232	287	295	331	374	350	438	349	366	365	412	420	331	337	276	258	275	312	280	248	250	253	238	245	266	267	272	282	252	236	234	252	203	158	212	229	228	225	205
143	157	162	186	177	198	212	269	273	297	338	352	389	430	470	429	453	485	457	366	344	327	351	330	376	394	372	403	384	356	335	285	309	346	328	340	341	410	320	336	339	318	365	408	355	293	276	307	323	367	396	231	248	230	325	270	258	217	238	201	273	289	269	247	249	253	260	239	251	223	239	271	263	230	230	251	241	262	247	191	176	220	219	272	340	365	362	401	328	373	417	463	345	296	321	229	210	303	336	309	286	221	194	245	254	260	329	316	293	293	266	290	274	209	200	237	264	273	254	200
136	138	162	168	183	227	213	195	244	254	301	337	416	472	421	402	483	516	494	355	334	320	378	362	368	376	384	363	369	324	339	325	359	377	326	338	320	398	389	340	314	281	311	351	338	292	275	351	374	383	425	273	227	238	278	251	221	253	269	241	240	259	280	307	227	258	270	254	233	227	216	246	268	234	254	282	256	235	248	283	274	236	235	283	315	397	293	331	388	288	347	430	373	365	420	299	317	335	287	292	282	228	208	243	290	231	234	270	244	295	298	282	256	205	219	219	251	285	224	162
142	125	144	166	198	206	220	255	249	340	363	420	479	537	420	355	451	482	412	336	298	351	412	418	346	343	351	342	379	354	340	363	376	408	414	344	331	345	387	350	313	256	240	269	323	307	325	356	385	387	351	274	249	228	278	221	218	289	289	242	229	239	251	271	263	306	302	271	240	229	244	251	241	232	246	268	274	247	282	338	297	232	239	254	239	324	325	327	350	330	336	408	400	439	389	303	368	354	310	257	245	220	245	256	286	275	209	266	221	209	197	199	199	190	207	263	263	301	230	177
162	157	171	177	243	261	273	316	314	306	283	341	404	470	439	410	427	457	389	302	302	334	363	344	335	369	367	358	371	404	381	365	406	431	442	387	340	329	339	366	331	285	267	236	275	316	370	336	379	405	397	302	321	280	272	268	216	279	268	265	267	315	317	293	307	338	293	254	253	253	246	253	236	234	241	317	263	244	258	262	268	246	266	351	295	246	316	305	308	339	321	318	402	475	365	364	370	406	333	275	246	226	223	238	246	240	213	237	226	210	243	199	189	164	201	217	232	254	200	165
200	173	181	245	257	289	327	383	359	304	283	316	348	337	337	325	359	420	396	348	346	351	334	343	344	384	365	380	408	440	412	404	424	441	441	416	439	377	365	342	363	369	272	218	220	276	334	315	324	368	388	360	408	418	425	318	248	304	279	297	321	375	398	381	343	317	300	277	287	294	291	284	281	253	263	299	256	234	240	243	272	236	288	329	315	264	305	292	289	300	310	354	426	435	384	413	358	413	388	286	248	245	275	282	224	262	258	314	232	220	231	218	224	204	225	241	231	255	231	181
216	220	210	263	283	304	351	413	382	356	326	334	420	390	332	315	310	326	271	299	323	343	367	413	429	324	380	423	448	486	537	446	436	419	422	391	418	400	404	333	308	335	290	212	211	220	248	272	280	314	318	307	306	377	413	325	312	295	298	354	390	444	469	382	296	289	298	285	324	334	299	298	325	286	297	297	258	275	247	243	268	233	243	329	296	257	277	295	287	266	324	373	403	383	378	417	392	379	359	302	281	223	251	255	268	301	256	301	226	192	220	228	217	209	212	220	206	212	197	189
251	233	217	293	308	305	350	430	410	389	353	393	401	371	339	343	297	316	273	274	283	293	346	422	464	371	354	379	429	468	472	477	495	469	440	409	370	392	391	341	312	280	233	193	201	211	276	310	303	323	331	264	285	308	424	302	319	286	344	435	522	419	439	402	357	309	333	322	364	357	320	311	318	318	313	287	311	317	275	252	250	260	280	316	305	294	289	275	275	279	285	292	320	412	416	427	413	346	336	300	340	287	289	284	290	270	249	354	285	270	231	222	199	213	202	201	200	213	199	181
212	247	250	252	298	324	335	418	446	370	356	385	374	332	313	304	290	319	292	278	285	300	330	377	409	402	377	443	451	443	460	478	485	494	452	403	356	370	370	313	331	287	251	225	198	240	280	313	313	315	361	330	292	263	318	338	312	369	366	344	404	428	457	416	393	387	350	351	363	321	308	332	336	345	325	277	255	267	284	274	248	269	328	303	280	333	321	299	293	353	317	343	325	378	456	420	363	354	379	302	328	272	299	269	270	243	269	353	262	264	258	212	206	212	200	186	228	231	209	192
223	278	274	257	308	281	287	310	318	280	263	291	245	229	232	322	286	264	279	257	271	294	309	372	386	370	380	452	444	492	468	423	405	432	404	363	359	355	389	293	329	293	241	230	235	251	278	321	336	293	290	271	305	242	229	272	333	371	320	272	353	317	272	327	328	243	298	371	428	428	368	340	366	373	352	314	279	302	292	234	227	247	356	294	256	345	333	296	308	322	305	292	339	358	446	423	400	342	332	331	337	332	322	307	323	359	264	340	302	334	332	248	250	249	210	226	230	259	271	219
233	284	270	254	273	276	306	263	259	255	281	283	270	224	236	290	292	305	291	295	271	287	305	351	334	336	363	444	423	422	401	374	386	391	367	345	372	366	338	285	299	229	282	341	310	326	326	299	302	305	302	304	298	265	240	257	290	272	277	275	326	303	274	343	315	284	301	360	387	414	389	333	319	376	330	292	286	306	260	222	200	245	288	256	291	277	307	297	311	292	307	310	402	365	427	428	386	308	287	318	328	343	339	307	276	344	334	331	354	308	256	240	223	251	201	269	259	282	258	195
177	227	233	249	293	297	268	241	233	275	306	307	223	239	234	271	299	307	350	290	272	288	334	390	353	301	332	372	366	353	384	408	415	443	399	336	359	353	370	324	339	248	263	358	368	412	364	368	296	248	272	384	322	321	278	266	294	272	281	276	329	305	281	320	312	331	357	371	356	384	392	372	312	326	324	284	243	255	263	244	214	236	289	370	291	299	313	316	347	281	262	334	407	384	425	424	413	369	347	407	394	440	387	305	326	341	392	385	360	315	247	241	207	199	234	291	280	264	260	205
134	236	261	290	358	364	319	265	237	254	312	319	291	270	227	275	287	253	296	282	247	258	294	307	300	284	310	317	350	374	399	405	460	441	390	368	351	358	416	379	353	360	352	417	431	413	320	292	233	204	214	286	359	335	291	293	284	241	260	250	314	271	301	348	310	401	331	400	374	385	412	349	294	294	360	319	235	210	255	301	251	282	277	344	315	315	291	264	298	297	282	279	357	372	435	428	406	428	389	423	422	433	400	353	339	373	315	327	346	315	271	257	218	220	222	226	255	242	246	199
125	198	201	245	283	283	237	202	193	235	248	290	245	212	184	221	230	236	252	250	245	244	269	256	254	299	304	270	287	333	346	391	413	477	390	417	424	425	440	388	358	307	313	414	390	334	343	326	325	240	257	293	285	295	297	283	266	264	278	275	286	291	356	298	281	281	317	421	439	447	398	340	363	332	324	313	296	281	308	321	277	274	272	278	318	357	337	340	304	307	308	313	259	282	441	453	418	449	383	401	412	402	377	401	328	361	306	322	320	297	302	249	226	231	217	231	219	219	233	212
101	134	153	147	147	173	173	188	217	246	293	277	313	258	197	233	212	242	271	255	217	244	248	291	305	361	376	339	283	309	330	350	379	413	440	412	407	410	438	399	370	279	294	322	364	363	406	400	367	289	303	336	294	292	292	262	267	258	260	250	240	270	332	314	335	282	297	407	449	420	367	399	413	356	298	279	300	339	357	352	295	285	375	316	289	370	329	349	343	360	338	342	283	291	439	455	438	420	397	390	410	407	381	387	325	329	317	314	333	311	258	230	190	243	243	252	309	265	268	194
102	126	123	103	103	122	151	174	227	296	319	312	308	272	235	240	240	289	287	265	282	306	316	317	391	378	336	371	370	344	311	337	385	446	377	402	403	404	441	385	341	277	298	291	304	409	494	437	427	347	336	322	306	259	285	295	291	201	207	208	277	254	275	332	276	340	297	353	381	384	354	400	431	312	280	294	288	328	325	317	282	280	343	358	311	327	321	402	392	419	403	422	310	297	403	447	411	416	389	361	388	404	370	348	361	327	357	316	277	295	231	211	199	222	243	303	306	266	242	192
108	121	102	91.8	109	123	130	168	253	320	421	400	357	322	284	278	236	283	280	296	333	384	347	348	430	468	393	397	370	343	325	375	392	421	384	408	420	393	378	332	299	266	272	300	331	418	414	330	344	301	254	301	342	281	275	274	233	179	193	182	201	211	279	248	267	384	297	288	278	274	280	334	376	319	313	322	311	362	377	413	255	275	296	325	320	350	390	362	397	438	427	419	357	307	305	413	418	427	394	368	404	357	407	397	383	370	395	353	289	258	246	206	208	232	239	283	274	267	218	214
68.6	73.3	71.6	83.9	94.1	96.3	116	125	180	221	296	328	359	347	323	335	332	325	320	353	331	345	327	288	329	353	364	383	385	367	348	338	360	346	354	397	411	390	357	286	264	247	284	342	414	402	363	325	339	362	282	266	309	273	272	247	254	237	215	194	203	224	240	241	222	218	251	240	237	220	248	251	315	291	253	299	277	328	342	317	302	268	306	322	376	408	377	380	399	394	402	372	293	283	258	394	439	488	401	375	412	359	391	383	320	351	379	280	265	256	235	190	189	269	245	242	225	225	175	203
55.4	56.1	68.5	95.8	103	95.3	121	107	121	151	200	261	324	307	281	317	350	343	351	361	318	272	271	306	347	349	373	358	336	347	338	341	359	315	304	371	384	347	337	298	291	305	322	356	442	470	395	413	452	422	362	285	276	281	269	294	252	216	189	196	174	224	224	251	219	188	174	203	189	218	216	265	268	273	241	229	255	280	361	326	298	276	327	322	346	362	327	368	391	316	343	376	327	255	250	383	372	454	400	404	380	411	398	364	314	303	378	308	301	252	201	202	219	240	211	189	214	215	177	181
58.3	59.4	71.1	75.7	88.5	93.3	113	95.6	100	117	164	194	213	225	208	280	293	313	330	332	312	287	283	325	334	357	329	347	349	317	356	359	400	303	323	355	338	366	311	263	263	303	346	428	466	463	427	405	388	358	276	251	251	253	253	260	271	183	183	170	170	220	246	252	266	192	156	205	225	220	184	265	270	254	241	218	268	295	287	279	270	268	313	332	348	344	323	338	389	320	310	328	312	249	253	430	471	424	390	414	387	428	359	347	349	329	319	299	297	249	244	237	223	236	247	228	235	281	248	201
70.8	80	73.5	74.8	88.5	95.1	105	101	111	117	130	144	135	143	114	198	243	251	234	289	268	250	284	319	311	316	282	308	314	315	385	380	350	327	333	341	342	325	291	252	274	325	292	336	380	389	405	302	250	261	242	222	233	231	239	270	293	199	194	172	210	262	334	325	280	231	179	202	308	339	237	240	249	232	239	286	265	274	248	233	292	255	315	307	308	321	313	317	302	287	325	353	231	196	223	374	460	449	415	402	355	390	372	399	338	326	374	323	307	286	299	277	269	257	271	272	256	299	253	215
43.7	51.5	70.4	73.2	81.9	89.9	93.7	85	99.6	106	115	120	109	105	87.2	112	162	200	187	230	247	273	313	260	254	294	278	267	280	305	329	344	378	375	364	346	325	295	290	268	316	314	247	250	311	278	232	226	183	166	217	178	218	216	223	238	240	217	191	180	229	212	260	290	257	221	203	210	212	222	206	245	279	231	234	217	218	264	240	246	278	263	269	280	260	301	303	256	274	302	280	287	248	248	308	328	409	452	412	375	355	313	357	385	348	345	314	293	258	268	300	279	278	222	217	247	215	232	203	211
44.2	47.7	62.6	79.2	88.3	93.9	108	95.7	105	115	111	117	107	97.1	74.2	83.4	106	123	151	212	213	278	290	240	242	252	283	265	250	270	287	299	329	356	331	341	348	290	281	308	354	310	236	242	206	210	195	155	165	158	184	206	173	178	215	214	250	247	191	200	238	266	247	279	235	183	219	237	209	202	182	193	266	279	250	247	254	276	238	274	328	285	270	287	257	266	301	248	249	236	257	256	293	367	395	401	440	451	408	392	378	345	355	367	329	337	283	275	231	258	282	279	266	217	213	235	255	234	208	244
43.4	47.3	53.5	73.9	89.5	105	111	98.8	117	117	89	95.3	91.7	88.7	87.9	77.9	78.8	110	124	207	229	251	312	260	251	246	244	256	259	266	281	286	308	322	322	373	338	306	295	352	303	275	234	216	225	179	221	201	217	188	232	190	232	223	201	214	243	230	192	198	220	232	248	247	232	183	198	194	196	220	185	181	239	291	276	314	265	268	266	278	224	258	273	284	253	293	255	261	229	229	296	300	378	394	467	462	473	453	403	433	431	392	366	401	359	307	277	226	224	234	259	304	261	257	265	312	273	281	250	257
42.6	54.2	48.5	65.1	78.5	85	84.5	68.4	80.6	87.6	79.8	88.4	89.9	94.5	78.2	89.3	95.2	82.7	107	179	296	283	268	239	276	262	255	259	260	285	292	284	314	318	330	342	296	280	278	269	261	237	216	243	260	222	280	199	231	221	254	256	247	276	238	237	245	242	226	223	216	233	243	242	215	166	153	190	180	198	187	207	260	287	258	287	283	234	184	180	184	237	279	314	300	323	307	269	261	254	290	347	384	425	447	461	444	388	372	392	379	400	348	338	271	246	289	252	285	249	244	268	320	287	322	376	322	304	265	256
26.4	44.1	46.8	39.4	50.6	51.6	49.5	55.2	58.1	55.2	54.3	97.8	81.3	84.8	72.6	63	67	69.8	82.6	144	257	258	274	290	268	295	258	276	277	294	299	317	305	328	315	259	244	237	286	231	238	230	220	212	192	178	171	145	173	185	209	203	209	243	241	246	245	248	254	208	206	236	208	184	172	169	162	165	168	172	198	226	236	241	239	282	243	218	178	206	208	258	272	290	305	280	288	273	292	294	327	382	386	416	434	445	427	423	343	328	365	349	326	247	235	243	275	279	307	264	234	265	311	252	300	359	348	330	274	241
18.4	21.9	19.7	43.7	45.2	32.1	45.7	53.4	59.3	47.2	49.4	85.8	99.8	86	78.4	64.4	58.9	54.5	71.5	101	163	231	253	261	250	287	297	316	339	339	354	327	304	298	294	241	237	227	258	248	202	208	237	199	174	168	162	145	165	141	176	195	175	215	227	235	221	265	256	200	203	218	199	194	195	195	204	190	189	171	182	224	231	288	308	326	304	260	211	226	216	227	213	288	345	272	308	287	302	316	330	356	360	429	427	434	446	443	402	340	337	309	288	237	221	257	310	281	279	281	246	287	350	314	332	336	317	338	331	270
10.3	9.63	10	26.1	55.3	23.1	23.1	49.8	37.9	31	41.9	81	83.2	70.3	76.4	48.7	50.4	54	61.2	60.6	101	179	257	255	227	265	257	310	354	399	376	315	272	275	282	239	238	226	231	215	175	164	193	168	159	182	181	153	146	128	155	173	174	188	199	223	227	223	198	190	213	216	225	206	215	219	238	216	253	221	170	198	225	296	279	350	341	274	267	258	218	198	178	246	275	263	324	292	321	323	335	343	379	418	419	422	460	458	406	349	313	319	267	229	263	295	320	318	315	269	295	353	339	369	432	381	379	341	364	265
9.16	7.42	6.9	10.7	13.3	13.7	19	38.6	28.6	30.5	36.1	56.5	59.1	87.6	91.4	62	56.7	55.5	57.4	48.7	115	125	223	251	249	240	236	252	335	355	334	302	275	264	268	253	266	222	184	170	139	172	149	154	163	167	161	140	135	131	145	149	172	209	174	174	182	199	209	198	227	206	204	205	203	212	213	256	258	235	208	206	244	250	255	275	262	274	261	295	253	208	193	239	270	284	312	271	325	355	341	340	358	386	403	410	444	433	384	334	325	326	288	281	288	342	379	355	317	282	275	349	387	419	439	425	398	366	326	275
3.83	5.16	3.95	3.15	2.14	3.52	3.94	6.16	12.7	18.2	22.1	49.5	71.5	71.6	57.4	57.8	42.4	60	42.4	68.1	76.9	103	111	200	221	221	213	203	241	293	295	279	258	246	218	196	247	222	221	159	138	121	146	190	165	162	159	129	127	130	136	169	182	166	152	139	160	164	208	197	215	218	191	193	227	205	208	247	223	222	224	228	223	231	223	274	314	256	226	288	285	248	239	284	287	302	280	263	290	349	355	385	410	421	421	414	386	383	357	285	256	274	278	255	292	344	351	323	312	322	331	376	398	392	409	399	399	378	330	323
2.54	2.12	2.82	1.58	1.05	1.09	1.76	2.44	2.81	9.74	25.9	41.7	72.7	49.5	74.8	86.5	62.8	50.9	68.4	98.3	95.3	106	101	135	147	154	182	189	221	230	275	281	304	281	182	187	215	257	246	199	150	112	146	152	151	155	154	142	143	137	149	181	202	143	141	127	159	157	172	174	198	227	202	196	232	212	231	236	226	229	243	233	230	281	289	264	253	231	246	268	317	281	283	283	281	295	265	273	292	327	412	384	369	364	352	393	359	300	320	294	275	276	259	270	295	339	382	335	327	313	326	348	342	369	350	375	409	364	316	372
1.74	1.21	1.02	0.862	0.459	0.42	0.57	1.16	1.63	3.15	16.3	56.5	42.6	29.9	42.2	80	83.5	66.9	71	96.7	117	130	112	149	124	141	136	123	137	173	247	279	303	307	240	232	211	193	164	163	167	120	130	163	171	175	144	131	136	136	159	161	190	160	141	128	165	166	168	169	172	217	205	187	220	212	192	205	244	241	265	254	295	277	278	313	265	230	269	281	281	313	317	312	319	293	284	293	309	302	343	353	296	361	335	348	347	343	316	350	270	260	268	277	321	347	375	357	337	352	334	299	289	338	371	388	384	363	332	346
1.33	0.932	0.877	0.551	0.369	0.349	0.459	1.02	1.12	1.94	5.25	14.3	54.8	28.5	48.4	83.3	129	99.6	68.4	110	122	143	92.5	85.1	98.1	147	116	99.6	107	126	160	225	266	246	225	201	169	144	115	124	122	113	90.9	113	132	119	121	122	132	141	148	155	183	158	139	124	196	168	167	165	156	204	198	176	205	209	205	183	211	239	250	235	289	249	230	288	221	234	243	262	258	274	288	317	316	298	265	282	272	234	296	315	259	268	282	314	332	386	368	331	295	278	263	273	306	326	346	388	377	381	364	337	299	326	352	381	382	337	337	329
0.484	1.05	0.273	0.749	0.529	0.437	0.489	0.65	0.57	0.775	1.8	2.91	13.6	12.4	21.9	50.5	66.1	75.3	96.4	128	148	120	93.3	87.9	85.7	93.4	79.7	105	99.7	96.1	102	139	208	217	229	216	180	145	139	116	127	120	88.5	84.3	93.5	98	123	129	145	146	135	133	121	131	121	118	133	136	130	132	123	176	166	192	233	241	241	230	226	283	226	270	267	211	255	354	273	266	279	263	207	221	208	240	276	275	303	270	204	210	259	305	259	200	226	293	302	305	304	294	326	309	310	320	346	345	364	373	397	317	345	336	302	297	325	327	329	311	332	341
0.222	0.197	0.772	0.507	0.582	0.329	0.369	0.422	0.446	0.798	1.04	1.14	2.1	3.17	11.4	39.1	46.7	50.7	83.2	148	143	89.8	82.2	86.4	75.9	68.3	69.8	86.4	106	102	101	99.5	114	127	158	217	212	178	148	128	124	106	114	100	95	96.9	107	122	132	141	133	111	109	128	126	107	110	131	119	106	123	111	124	125	170	240	246	270	237	244	289	262	249	205	222	348	288	322	284	284	252	242	215	208	275	290	245	215	189	218	240	254	202	195	212	261	313	286	301	308	323	349	364	380	372	321	358	379	370	325	335	326	279	289	285	313	340	288	302	390
0.06	0.0653	0.4	0.706	0.488	0.355	0.289	0.225	0.3	0.69	0.609	0.956	0.731	1.88	4.02	40	31.2	32.8	48.9	111	133	152	122	80.1	83.3	82.1	65.9	70.8	89.9	122	113	113	102	98.9	92.2	137	201	186	157	155	118	98.6	88	86.8	103	98.7	124	155	131	131	130	105	117	153	119	83.8	115	135	145	111	88	123	156	123	155	172	204	238	228	198	202	217	258	243	249	317	340	449	357	295	302	230	215	245	281	286	213	216	223	223	201	199	166	197	217	223	279	302	337	334	357	350	355	374	368	327	352	401	403	372	326	302	290	302	314	351	328	314	317	356
0.0601	0.0682	0.0727	0.246	0.936	0.568	0.245	0.203	0.172	0.493	0.264	0.426	0.152	0.674	1.69	16.1	22	32.6	45.3	138	153	155	164	106	92.5	77.9	62.4	68.4	89.7	117	122	115	108	104	83.7	98.1	114	118	115	130	131	120	104	87	92	99.8	109	137	115	104	102	89.5	111	137	101	88.3	95.3	127	116	110	109	111	127	125	121	131	111	126	126	145	152	171	221	198	246	475	392	368	317	230	343	275	247	296	258	223	222	231	183	198	202	210	169	164	216	239	220	258	325	334	372	351	356	353	331	319	351	375	417	408	348	322	314	288	318	339	302	344	348	363
