47.5	25.5	17.2	11.6	10.2	11.7	10.5	3.65	2.41	1.81	2.12	3.14	2.78	0.541	5.4	2.28	4.43	4.47	5.49	6.4	7.55	12	16.4	14.6	14.9	12.9	30.5	39.8	33.5	17.8	8.77	1.37	0.0104	3.85	1.39	0.34	0.286	0.462	0.394	6.97	7.59	5.91	10.6	11	22.4	28.6	25.4	34.3	27.6	20.8	17.5	20.2	20.5	7.76	6.79	9.32	9.11	9.48	9.5	11.2	11.4	12.5	14.1	15.3	16.7	25.4	28.6	35.9	44.6	44.2	45.8	70	56.4	57.6	64.4	75.9	105	121	113	123	131	123	163	190	232	158	160	81.6	79.2	71.7	59.5	51.5	45.5	47.6	50.6	47.5	35.1	28.9	44.4	67.5	56.8	53.9	44.5	38.8	35	36.7	51.9	51.5	46.1	43.7	25.3	33.4	35.2	48.4	48.9	34.4	35.5	33.3	32.7	43.3
31.8	23.7	16.5	10.2	9.3	9.56	7.89	3.82	2.68	1.66	1.57	1.92	1.83	2.66	2.89	3.77	5.74	8.65	6.81	14.2	16.2	21.1	22.6	32.1	51.3	66.8	82.4	68.4	22.8	7.34	2.45	4.76	0.348	1.77	0.208	0.252	0.444	0.881	0.778	5.67	7.49	6.51	12.9	50.5	43.7	47.6	33.5	34	34.9	31	28.6	16.5	11.3	6.81	6.59	3.49	3.08	1.43	1.43	5.74	5.99	7.08	9.22	13.6	15.5	26	24.1	46.3	41.9	49.7	52.3	68.5	70.4	77.7	89.2	113	133	134	148	132	155	160	159	152	180	176	176	136	118	123	137	39.6	44	51.3	70.5	56.2	39.3	34.5	67.7	55	47.2	47	51.7	37.5	30.1	37.6	44.8	37	40.9	32.6	35.1	30.7	33.2	44.5	53.4	38.6	37.4	36.6	45.5	61.3
26.5	21.4	16.1	11.8	11.3	10.4	9.29	4.33	3.01	4.16	2.34	2.46	3.16	5.43	5.26	7.19	6.29	11.7	26.9	21.2	15.8	23	48.8	36.1	51.6	73.2	56.9	34.9	11.4	8.53	3.4	8.36	7.76	3.39	0.482	0.779	0.38	0.843	1.33	0.748	4.07	12.8	31.2	64.9	71.3	43.9	52.6	30.5	35.8	39.3	18.8	8.16	14.7	6.3	8.48	13.7	16.1	1.69	1.48	6.08	6.57	11.3	16.5	20	24.8	57	35	51.6	55.6	52.8	56.1	82	85	101	108	130	159	156	191	173	170	182	187	173	202	195	154	137	133	118	123	51.4	56.5	77	116	87.6	47.7	59.3	58.7	52.1	47.3	53.9	47.4	39.4	29.2	39.2	40	36.6	42.1	42.6	41.2	27.8	24.9	38	42.8	45	43.9	54.4	50.2	71.1
24.8	22.2	16.4	12.1	10.6	11.2	10.2	4.53	2.72	3.55	1.65	1.35	2.42	5.1	5.54	3.79	14.7	10.4	13.8	12	13.2	32.8	40.7	33.7	39.2	62.1	48.7	22.5	9.73	6.13	20.2	15.6	28.9	6.47	0.896	0.664	4.62	2.27	5.56	5.18	4.88	13.2	23.3	49.8	45	36.7	40.7	32.3	25.6	22.8	13.6	6.29	15.5	12.3	8.88	16.2	4.36	3.74	3.08	6.24	6.3	7.59	17.8	26.5	46.7	43	35.2	62.1	57	57.5	85.5	82.2	101	113	118	133	162	178	200	178	182	193	212	248	246	193	136	133	134	116	126	66.3	79	69.4	75.8	58	42.4	55.1	60.2	59.6	48.4	62	36.9	20.7	27.8	31.3	31	32.5	48.1	43.5	32.1	35.1	40.1	39.8	51.5	48.4	45.9	51.5	55.7	88.5
24.8	21.6	19	12.4	11.4	11	9	6.55	3.99	2.32	3.02	3.36	5.94	5.32	4.01	2.46	6.94	13.5	20.8	32.2	18.2	39.2	39.3	41.7	50.9	62.6	79.8	62	35.7	36.3	59.1	36.4	21.8	21.9	23.3	8.02	9.38	19.3	15.7	9.53	15	8.23	11.7	27.1	29.6	22.6	15.3	12.3	14	16	6.7	11.3	12.2	5.21	11.6	16.8	1.48	6.37	3.7	6.31	12.5	16.4	32.2	30.1	24.6	36.5	32.8	64.4	69.5	75.4	97.1	84.1	104	128	160	167	176	190	200	177	199	190	178	193	196	187	157	138	144	148	122	41.3	108	84.4	80.1	56.5	48.1	49.9	43.4	55.7	53.7	74.7	50.9	30.4	27.4	24.8	33.3	33.8	25.8	19.6	39.6	31.5	42.1	57.5	67.7	63	57.4	58.2	58	110
37	23.7	19.8	13.7	10.5	10.7	9.33	12.8	4.6	3.7	2.3	0.602	3.61	3.32	5.44	7.73	16.7	16.8	22.9	41.2	33	42.2	44.2	25.4	35.6	49.6	72.4	54.3	47.9	36.7	42.7	44.9	25.2	29.8	33.4	24.5	22.5	17.3	6.7	13.5	25.2	12	11.5	25.8	22.8	16.3	17.3	24.5	12.9	12.4	8.82	8.07	7.56	6.97	9.6	5.04	5.65	6.3	4.03	7.99	11	37	25.3	33	40.2	43.5	54.2	72.6	73.5	79.2	115	107	134	152	163	160	166	174	171	158	142	150	188	188	190	178	170	163	157	141	156	58.7	114	79.3	90.6	72.4	59.7	54.7	53.8	57.6	46.8	47.5	38.3	33.4	28.8	29.2	31.3	22.5	20.4	29.4	34.9	37.3	38.8	51.3	70.3	91.8	106	84.6	73.2	120
29.1	22.5	19.9	14.6	11.5	9.5	9.54	14.1	11.1	6.66	6.08	2.86	3.18	2.72	9.62	8.07	12.1	9.52	19.2	52.7	60.3	63.1	40	66.1	85.6	43.7	58.4	50.9	62.5	51.6	54.1	53	47.9	61.1	60.6	50.5	50.4	31.7	30.1	36.6	38.6	33.5	24.2	27.6	18.8	9.05	19.1	14.9	11.7	11.3	10.6	10.1	8.24	6.64	8.28	5	5.84	4.41	3.44	12.9	15	25.9	27.9	45.4	50.7	55.1	82.9	95.6	109	104	155	136	169	169	167	167	171	172	191	197	163	182	203	206	210	187	174	198	179	157	151	111	135	98.4	131	126	106	84.7	91.2	73.5	55.6	47.6	37.1	40.1	33.3	41.6	33.6	27.3	32.1	41.9	41.6	47.8	47.1	63.2	80.4	100	119	105	103	120
22.3	21.6	21.3	17.7	17.7	12.3	9.5	11.7	4.38	4.92	4.91	1.87	3.06	4.33	13.7	11.9	10.5	21	16.4	44.6	52.6	53.3	37.1	66.1	91.7	66.7	52.7	67.6	70.7	63.2	70.2	68.4	76.2	66	77.8	78.1	68.9	30.6	25.4	62	49.1	28	10.7	21.6	30	16	14	15.7	15.9	11.7	10.7	8.85	13.4	16.1	13.2	7.52	9.33	9.51	17.8	31.2	35.6	38	50.6	70.9	73.8	105	126	122	137	138	145	138	151	170	176	184	185	200	213	199	185	175	192	199	215	207	228	228	213	218	191	266	155	157	168	153	120	99.1	88.5	69.1	65.6	52	52	38.2	35.5	39.5	41.7	36.8	40.8	59	56.7	72	70.8	88.2	95.4	109	146	145	142	145
22.9	21.6	19.8	16.1	19.8	13.8	19	13.8	6.51	5.45	5.8	1.69	8.08	16.6	28.9	18.1	20.4	25	34.4	47.3	46.3	77.4	75.5	77.4	87	103	59.9	86.6	119	143	135	103	108	95.6	110	66.2	49.6	27.7	20	64.3	39	14	11.6	23.5	19.8	6.94	14.1	23.1	24.1	22.2	10	15.3	14.8	18.7	18.4	26.9	29.9	25.4	37.2	61.3	84.4	103	125	112	133	165	145	121	170	163	146	139	147	157	170	193	210	198	212	214	189	207	218	219	247	235	264	242	233	248	274	221	238	250	259	182	160	129	120	89	93.1	76	68	47.1	55	50.5	50.6	54.5	59.5	91.7	78.5	68	67	100	93.1	102	127	160	164	187
7.89	5.56	3.63	13.3	13.2	2.99	13.8	30.6	14.7	5.31	10.4	16.3	19.8	29	48.3	26.7	54.3	58.8	60.1	42.8	71.4	61.8	95.1	111	89	60.8	48.6	80.5	106	101	134	181	187	177	146	105	76.8	52.4	32.6	35.5	9.42	3.93	7.03	10.3	7.34	9.21	12.1	16.1	14.5	12.6	12	11	10.9	16.7	17.6	20.6	29.3	41.3	53.9	142	180	182	155	124	173	193	121	112	134	129	142	132	128	124	163	176	194	175	191	171	180	173	183	190	208	248	241	200	210	223	235	237	206	207	228	214	173	161	129	94.4	92.5	87.8	80.4	73.5	81.9	69	65.2	92.8	89.5	114	128	92.2	84.5	107	103	110	115	144	162	155
10.7	4.45	3.35	7.24	7.25	10.7	21.4	70.9	61.7	12.4	14.7	19.3	41.1	55	37.5	53.9	104	54.7	58.1	77.9	138	118	85	129	120	66.4	67	107	111	123	188	186	153	150	133	131	122	73.2	54.6	21.9	17.7	6.4	12.6	14	16.9	15.3	11.6	15.8	16.1	12.4	12.8	13.4	19.2	24.1	29.9	31	39.3	38.8	53.2	152	170	166	138	114	139	147	105	94.7	113	110	141	123	142	131	159	174	184	173	170	173	151	151	176	209	219	240	209	217	231	295	254	247	222	203	264	261	238	212	166	132	120	104	112	102	90.3	83.2	97.4	109	124	129	124	123	124	122	127	124	126	153	152	145
15	13.4	13.9	36.6	12	24.1	31.1	42.4	51.3	51.8	36.8	60.4	81	122	120	138	54.6	69.7	66.2	93.8	104	120	164	185	135	92.7	114	136	120	129	189	168	122	113	92.8	85	79.8	59.4	67.1	59.9	44.4	12.3	8.88	12.1	16	20.4	18.3	18.9	13.5	10.9	13.7	28.4	30.4	20.5	34	46	50.9	44.3	47.4	130	132	95.4	122	109	141	110	99.7	104	137	130	159	140	158	159	159	145	156	156	162	166	160	157	184	203	239	216	205	258	246	285	297	340	333	346	256	269	265	244	232	167	146	147	138	115	117	96.1	101	118	124	104	101	127	141	128	124	131	155	143	168	144
18.3	13.4	13	30.7	21.3	24.9	47.4	43.7	48.9	59.3	48	74	96	207	175	121	61	125	116	82.6	93.2	176	171	161	130	129	131	161	142	120	156	167	135	122	67.3	68.4	59.4	53.6	49.8	44	22.5	6.16	8.79	13.1	12.2	17.4	20.2	20.8	19	19.4	17.9	25.6	22.5	27.3	36.3	55.9	53.6	48.3	43.7	68	83.2	108	94.7	135	183	131	106	104	132	146	181	140	160	173	152	142	158	147	163	175	149	168	204	199	214	222	240	323	304	318	367	360	366	375	260	236	251	241	231	190	190	161	160	122	119	119	116	138	119	98.9	125	144	153	112	132	157	160	151	137	139
15.8	14.3	39.4	67	50.9	70.1	78.1	66.1	38	27	37.2	92.2	137	179	147	48.7	66.4	86.1	88.9	88.5	120	163	175	151	119	143	146	163	199	229	199	179	152	89.6	64.9	55.3	50.7	84.2	19.7	28.6	28.2	19.9	8.24	12.2	14.4	13.1	20.5	27.5	25.4	26.9	19.7	26.6	28.7	27	20.3	23.9	39.4	28.4	24.3	32.4	25.1	55.5	76.5	146	135	119	102	113	120	154	167	137	152	132	115	129	135	113	141	142	121	164	198	221	194	198	237	302	336	382	405	387	355	382	285	267	277	299	297	217	217	226	181	146	115	95	114	142	121	107	138	163	144	104	127	171	193	199	166	160
11.7	15.4	47.3	94	71.6	108	101	80.6	95.3	47.9	80.5	119	139	138	160	109	108	94.4	107	139	209	198	247	178	131	151	130	133	216	270	219	159	116	55.3	46.5	45.4	38.4	39.1	39	57.2	54.6	28.6	16.2	17.1	12.5	13.4	33.9	29	27.8	23.8	21	23	19.6	12.1	12.3	14.9	18.1	17	21.4	35.5	46.9	88.1	145	138	134	128	123	128	166	173	170	134	117	110	117	105	101	114	141	141	149	184	201	231	226	256	282	348	395	400	383	358	369	404	371	237	248	320	276	233	251	264	240	172	157	145	146	170	131	129	133	141	141	118	138	157	180	178	135	153
17.7	26.7	35.9	73	56	53.4	58.7	87.2	110	45.9	101	131	145	165	189	150	116	125	136	204	223	254	261	208	211	161	184	191	225	244	290	227	196	164	95.4	51.2	51.8	28.7	37.7	46.6	49.5	47.3	25.3	18.7	15.1	24.1	39.4	30.3	26.3	26.5	19.6	17.7	18	15.5	14	7.08	12.4	15.8	43.9	77.8	62.3	104	179	169	194	172	152	168	189	179	155	131	126	128	133	116	132	148	148	159	197	232	212	217	231	273	299	382	357	294	336	375	366	340	363	244	273	319	325	258	250	295	268	199	185	173	172	165	164	141	153	201	195	171	152	178	186	179	136	132
31.4	35.9	71.1	60.5	55.2	44.7	45.9	75.1	48.6	43.7	78.8	75.9	99	190	157	118	153	156	196	259	279	235	213	209	249	242	242	248	295	318	349	234	173	114	97.5	99.1	52.3	32.3	41.1	59.5	67.5	50.5	36.6	20.4	16.5	32.8	32.6	32.4	25.5	25.1	21.2	19.2	16.1	14.5	16.1	15.2	24.7	36.5	64.3	97.9	75.1	71.4	111	162	202	175	179	192	208	191	162	147	156	132	143	117	148	189	191	186	177	204	254	222	269	292	308	381	343	277	336	353	320	273	400	284	308	322	342	288	285	297	274	209	184	182	199	184	164	158	150	202	218	181	152	162	168	142	157	157
13.7	19.9	25.8	25.5	27.1	32.4	42.4	84.7	63.6	61.7	97	94.1	99.5	170	151	124	151	173	227	244	269	194	183	195	248	221	230	209	221	246	196	153	103	77.2	61.2	44.1	35.4	44.9	95.9	65.8	70.7	68	45.2	36	34.8	43.3	38.3	28	27.8	24.9	19.7	15.2	16.3	9.9	15.5	24.1	27.1	35.1	36.5	59.2	64.8	100	99.8	132	159	205	170	255	231	209	212	146	157	143	157	121	166	145	151	177	168	150	187	206	238	262	315	318	311	390	415	399	337	329	395	464	402	437	422	330	317	315	325	251	221	183	180	182	172	163	141	149	156	133	122	134	139	125	136	148
12.4	16.6	24.9	28.6	28.8	52.7	61.7	109	132	107	167	170	150	181	188	151	135	161	261	227	216	161	169	187	219	203	218	216	234	209	182	113	102	88.1	77.4	65.1	47.9	53.5	62.5	69.7	80.9	108	48.6	38.9	43.2	44.9	43.3	36.2	42.8	38	28.9	26.7	26.8	15.4	17.5	24.3	24.2	26.1	37.7	55.2	56.8	75.3	89.6	109	158	250	234	279	290	295	263	185	178	171	193	140	160	156	190	189	166	162	184	208	215	247	260	299	342	390	413	367	388	431	432	588	661	527	507	355	333	312	338	267	229	179	189	218	186	190	185	198	158	125	110	125	121	151	134	136
40.2	21.7	22.6	56.6	45.6	54.9	54.3	42.3	67.9	99.3	126	145	143	210	269	195	162	231	239	204	198	193	217	205	176	185	190	209	213	195	167	130	132	167	118	96.1	61.7	66.4	87.9	81.4	113	83	41.8	42.5	48.4	55.7	48.9	45.8	53.9	51.8	39.5	32.4	22.1	15.4	24.5	15.2	9.45	37.3	33.7	47.5	58.7	81.9	82.6	123	207	268	268	306	310	321	282	210	191	190	193	154	156	217	228	234	225	203	252	239	245	251	225	287	373	411	407	390	417	554	545	561	691	699	554	422	371	344	391	282	221	238	245	267	242	262	222	244	211	183	130	135	133	154	131	144
67.5	70.5	35.9	100	65.2	75.6	53.6	62.4	109	170	137	162	228	181	253	178	230	226	269	231	220	211	197	168	160	194	208	212	180	167	173	180	130	133	113	89	121	147	146	104	102	58.8	44.2	47.3	56.4	56.2	56.3	59.7	61.8	49.1	42.7	30.3	19.9	17.4	23	23.3	37	43.2	36.5	61.6	83.5	102	102	155	273	383	300	330	377	358	288	214	199	205	231	178	194	237	275	329	270	254	289	273	256	237	216	251	333	347	394	418	469	520	574	519	583	740	685	395	371	390	384	273	267	256	277	266	240	223	201	220	214	173	162	154	140	141	121	156
29.6	46.7	30.6	46.8	40.9	70.3	70	92.4	110	114	116	155	156	159	211	185	233	298	301	235	235	286	245	180	171	194	212	217	224	163	158	161	162	179	156	76.8	188	226	172	114	77.2	58.6	48.8	45.9	51.5	59.4	69.2	77.6	64.8	54.4	58.2	32.5	11.4	42.5	60.6	74.5	65.8	55.9	58.1	65.9	97.2	130	140	208	244	316	392	347	365	339	284	224	190	256	252	231	271	276	301	302	283	276	303	276	275	237	243	240	235	288	375	419	505	488	521	516	568	623	602	515	503	491	483	495	484	463	454	362	354	338	333	190	191	158	142	164	161	174	155	156
58.3	76.8	48.6	38.3	56.8	49.7	60	114	120	116	159	176	185	194	283	202	214	265	324	294	259	242	241	210	203	221	256	267	190	161	176	151	224	178	85.4	113	138	182	158	115	87.6	68.4	58.2	75.3	59.5	85.1	121	113	110	103	88.4	42.7	34.2	72.3	97.4	99.3	82.4	65.1	47.3	84.7	97.4	155	172	214	256	320	388	374	375	350	323	266	262	286	295	271	295	322	297	257	259	268	278	297	292	258	245	213	222	287	348	486	500	466	456	456	518	500	603	568	566	570	538	559	560	488	452	371	354	343	349	214	200	195	203	213	192	195	192	190
103	133	148	81.3	46.7	45.3	81.5	123	139	161	186	242	182	230	320	245	235	277	288	269	280	267	247	194	235	251	293	284	201	169	198	202	165	125	94.1	118	110	153	125	94.5	69.3	63	104	61.2	62.5	142	162	150	151	122	77.2	78.1	68.3	74.2	138	133	100	77.4	70.1	103	151	187	225	261	320	357	440	369	407	397	389	364	339	338	349	281	268	281	260	265	249	263	247	257	284	293	223	229	259	256	345	432	460	449	438	453	436	463	467	467	513	527	554	617	641	621	554	435	413	379	317	206	192	212	210	222	203	198	225	244
105	149	160	64.8	60.8	106	129	116	196	216	275	308	244	184	260	218	199	288	281	297	334	276	207	214	233	290	319	301	242	231	260	217	224	213	160	146	140	137	141	97.3	96.7	65.3	70.5	58.1	68.2	131	199	201	130	97.5	62.6	99	89.4	63.7	165	144	116	106	127	191	199	263	298	298	363	412	453	407	420	420	421	407	405	385	333	260	240	267	263	263	282	269	216	273	281	269	237	245	307	320	333	420	431	462	435	428	400	461	455	431	481	532	591	668	692	635	569	433	405	353	350	250	170	153	165	170	150	181	227	245
133	110	94.3	81.3	76.7	87.6	95.3	111	144	167	191	229	204	188	211	220	216	288	300	289	307	255	216	243	275	285	261	281	329	288	280	209	272	279	208	137	196	134	128	126	117	105	95.1	113	129	138	218	212	175	126	86.3	80.6	63.3	65.9	87.5	101	113	129	152	211	219	265	299	270	279	302	339	357	396	420	465	410	360	333	307	272	246	278	305	311	304	291	281	312	283	261	277	245	303	335	329	324	345	392	382	382	350	403	383	405	442	489	521	487	488	468	427	369	348	357	364	343	313	296	294	272	256	266	291	192
105	102	98.1	111	115	125	150	154	145	169	216	191	217	241	271	276	274	406	385	346	308	270	298	251	279	281	258	306	295	284	255	236	234	288	247	152	145	179	165	124	126	170	133	123	134	150	157	178	177	149	112	97.1	66.9	57.3	66.4	93.9	120	146	194	246	315	258	279	273	274	313	334	346	408	482	467	395	388	345	331	300	262	275	269	347	310	286	296	330	260	263	265	269	332	354	343	316	396	414	361	359	347	362	423	436	419	470	482	486	487	467	400	355	336	362	352	390	362	331	319	266	254	262	272	176
259	126	123	92.9	117	129	132	166	134	159	142	188	266	229	221	257	307	364	339	331	275	222	233	216	190	251	288	286	307	302	273	266	271	265	272	227	186	167	110	111	115	134	119	128	144	167	167	166	147	131	132	111	84.2	81.3	112	121	123	143	243	273	301	266	234	278	309	358	348	350	423	451	433	411	371	355	333	320	337	319	330	352	346	260	270	304	307	252	310	354	409	363	373	357	346	363	372	346	305	313	433	433	452	458	483	474	480	432	393	352	370	355	373	403	371	358	346	342	324	268	263	163
293	227	176	119	122	133	148	163	160	163	181	236	266	226	221	306	387	395	385	269	251	202	212	220	220	244	288	292	296	293	320	325	278	271	319	275	197	162	173	167	199	151	143	171	179	170	170	154	167	187	170	126	112	106	131	155	129	180	191	258	278	209	236	293	310	334	360	419	411	414	405	366	350	322	319	293	299	310	326	325	297	265	296	323	370	360	355	418	418	414	423	368	333	317	300	297	306	393	428	430	434	457	500	468	475	454	385	349	379	348	349	381	361	361	358	340	341	308	297	242
261	269	206	179	163	183	190	128	165	193	247	242	341	330	334	305	298	411	288	228	222	209	209	199	229	265	282	286	289	358	368	281	281	275	270	224	198	213	188	162	174	173	171	190	177	160	193	187	209	231	184	149	141	129	106	145	143	173	167	182	199	189	223	287	303	312	319	365	349	373	389	337	338	321	296	244	273	316	315	267	250	255	293	322	370	353	374	389	367	370	389	375	329	358	290	293	293	365	407	415	439	443	452	456	465	457	404	354	374	386	371	363	362	376	372	347	378	337	342	310
255	284	235	194	188	213	220	157	205	220	265	247	388	420	425	423	360	355	268	279	258	302	321	251	226	265	317	346	339	381	411	332	298	272	247	230	213	276	221	168	180	223	215	228	200	163	164	201	210	207	183	128	135	111	149	181	150	156	157	185	184	209	242	314	294	298	297	319	383	356	340	347	365	338	313	297	334	320	324	272	285	270	281	315	318	354	368	371	344	356	385	359	385	398	296	271	316	339	348	350	432	450	452	454	460	456	443	387	377	399	390	388	379	393	384	350	376	352	332	321
203	239	252	200	180	227	233	235	310	344	309	381	337	344	385	428	334	311	251	268	315	347	337	324	280	285	388	355	335	380	423	381	308	281	262	235	204	205	225	188	202	250	246	237	199	213	243	247	204	188	196	149	157	127	177	212	184	158	171	202	217	197	261	300	295	300	311	356	383	341	371	389	371	380	373	360	377	337	345	321	282	256	281	292	339	343	351	369	350	365	360	368	343	333	313	316	364	365	352	362	427	457	481	449	451	450	441	408	409	406	421	407	364	368	339	310	323	352	345	340
264	213	216	199	232	249	236	251	360	301	246	295	309	333	350	321	282	270	275	267	295	377	384	364	291	297	370	417	404	339	367	377	336	287	327	230	214	232	262	200	237	270	271	257	230	207	236	252	272	232	215	148	145	158	176	202	193	213	218	233	232	196	238	267	259	287	335	416	433	428	394	385	388	391	377	378	352	332	315	300	260	268	282	318	349	357	382	408	415	416	388	324	348	371	353	371	412	399	394	416	453	466	493	471	437	435	413	370	383	421	420	355	329	349	304	275	344	359	358	339
355	351	256	260	281	242	237	274	315	302	295	333	348	344	332	340	328	345	370	294	292	354	389	341	269	288	327	370	352	314	350	293	235	231	224	190	175	211	210	195	215	212	247	250	263	253	281	286	287	249	227	162	133	155	142	174	168	164	166	160	165	159	158	238	253	299	321	414	430	421	330	339	381	366	385	364	315	312	279	258	229	232	257	273	367	405	401	414	408	410	345	387	372	403	401	344	391	432	465	444	446	469	455	454	439	382	383	353	334	388	320	360	329	336	302	275	294	325	373	373
275	282	287	306	291	263	253	268	278	327	360	360	376	334	316	351	346	354	373	301	338	349	380	319	277	321	358	365	366	314	347	314	233	205	226	202	197	193	200	202	200	201	233	251	261	277	295	285	288	263	240	168	183	173	147	170	150	143	141	135	151	173	174	263	269	255	331	407	393	371	293	304	354	355	369	371	322	297	270	260	242	249	268	283	350	340	359	365	358	382	337	400	410	432	398	351	382	402	444	431	428	416	376	291	270	314	375	364	342	343	294	326	327	328	337	296	286	325	363	360
250	280	285	298	289	271	225	270	309	326	416	403	372	420	366	375	401	405	383	315	338	332	331	297	294	324	398	447	392	286	295	267	233	197	221	221	210	165	182	197	199	196	224	254	233	238	288	273	286	267	262	216	205	191	199	193	164	148	150	159	183	188	229	280	268	257	349	361	331	324	283	278	297	354	377	374	327	320	314	274	278	275	312	319	337	367	363	382	341	372	421	372	370	370	358	345	354	420	434	399	400	369	332	276	269	281	356	366	320	320	307	320	316	311	330	315	309	314	356	400
201	250	270	283	248	213	215	262	290	316	428	372	358	394	435	378	385	370	362	335	371	334	291	319	374	365	377	412	481	378	324	273	228	208	200	184	183	185	205	192	168	172	206	234	235	250	265	234	247	263	271	251	236	222	171	201	202	192	181	179	195	193	239	282	274	267	272	330	342	343	307	274	298	359	383	388	369	327	317	301	291	278	327	352	320	324	387	374	340	313	363	342	365	359	354	350	346	375	399	347	327	311	299	260	341	308	304	355	333	253	235	282	303	298	297	315	308	331	339	404
210	249	277	298	273	244	237	267	345	340	346	353	354	354	371	346	349	311	326	380	374	346	341	362	342	453	414	455	568	539	383	251	219	173	209	195	191	181	184	190	179	180	204	257	257	235	272	259	263	275	274	223	233	227	203	195	247	254	222	240	193	181	218	245	238	239	204	280	315	311	273	251	313	374	412	404	371	338	285	251	239	229	259	261	266	280	297	301	267	231	248	290	305	278	347	345	361	363	389	367	347	294	281	337	402	403	389	320	271	256	259	260	298	311	284	281	294	290	320	315
238	259	272	275	263	256	232	247	307	301	296	346	338	315	342	342	353	338	365	333	357	360	328	322	358	423	458	470	511	515	378	283	251	213	263	205	211	211	242	225	207	194	217	258	271	236	257	273	288	283	269	245	220	228	208	199	245	272	260	248	191	191	216	214	217	245	287	353	372	345	337	316	404	415	410	412	343	349	306	258	287	243	240	233	299	288	272	295	276	259	279	280	297	303	358	376	409	407	419	390	366	330	326	398	379	357	349	299	276	273	245	276	257	257	276	283	263	264	320	250
206	209	227	239	234	230	236	260	260	273	281	342	367	333	362	359	351	334	318	299	348	361	329	311	413	481	508	458	460	433	409	329	284	261	236	231	231	238	272	240	220	231	238	253	263	232	231	267	323	327	299	275	253	232	252	240	246	273	265	291	244	228	224	284	257	262	256	328	333	340	365	342	408	412	346	373	325	297	279	292	289	286	287	276	294	247	268	343	288	270	266	280	293	322	361	362	386	395	429	383	364	349	353	386	382	297	292	291	281	276	231	214	224	232	215	229	234	236	247	262
206	200	223	247	247	234	228	258	258	322	320	377	356	334	349	350	335	333	300	268	314	373	360	300	413	450	491	455	537	507	398	353	341	310	302	291	273	268	276	257	254	263	281	250	247	251	254	304	359	371	344	333	276	265	293	286	295	316	264	260	241	221	232	262	304	259	198	268	336	370	360	302	369	348	324	329	318	291	248	276	291	308	316	296	265	253	253	289	297	278	272	250	277	326	372	346	387	381	381	345	348	357	350	353	360	264	226	232	235	227	218	199	192	195	205	203	218	256	270	257
192	198	230	240	249	232	231	243	250	300	301	345	333	320	328	346	352	299	295	311	292	339	340	322	471	525	513	377	535	501	470	385	398	393	421	319	303	295	286	288	301	327	309	273	289	280	279	321	388	432	397	366	338	298	297	369	320	280	278	273	226	250	250	262	330	208	186	222	265	255	264	291	319	307	260	272	274	268	277	279	290	296	267	234	203	249	247	189	189	185	175	186	222	230	267	312	383	316	308	302	356	364	372	370	359	275	253	247	238	231	238	198	178	175	166	180	175	191	212	217
162	168	201	199	219	231	241	256	243	254	239	294	300	306	328	344	317	306	304	326	308	295	330	420	488	608	655	467	479	499	453	309	377	493	375	314	284	289	313	341	311	370	314	309	342	346	349	392	435	437	432	428	386	382	356	393	356	281	272	184	220	312	280	343	294	254	207	258	262	241	229	265	309	335	277	237	277	266	230	338	279	274	297	231	223	251	234	190	196	176	160	178	166	162	161	220	265	218	235	246	344	377	394	329	283	287	236	245	213	202	213	178	156	167	171	182	170	169	173	162
189	185	221	208	178	217	222	250	232	234	234	282	275	297	298	318	315	294	285	289	300	307	315	360	437	575	599	531	442	364	391	273	288	372	348	304	300	299	292	325	305	305	348	384	432	360	385	435	448	447	434	440	416	437	376	382	426	360	331	238	226	278	260	323	301	230	188	261	283	252	251	299	296	271	268	236	247	259	240	247	249	283	356	289	288	273	282	192	173	195	243	249	204	179	172	201	162	163	186	245	293	344	316	289	266	241	229	244	220	201	189	162	144	147	160	184	210	184	150	147
231	202	216	207	191	191	190	216	247	235	236	287	269	274	280	302	307	322	293	304	290	294	312	384	452	487	525	473	440	369	359	330	357	376	363	306	297	289	327	312	310	311	349	390	477	338	409	516	509	441	437	379	358	390	363	381	456	389	312	269	246	268	212	273	368	264	228	225	260	261	274	312	311	346	339	294	288	277	248	209	228	268	359	351	368	304	294	234	230	262	309	231	193	189	179	205	158	166	213	300	319	325	295	290	317	272	284	287	257	224	185	185	157	143	157	166	159	149	144	156
201	219	246	234	192	187	182	187	230	242	245	248	226	240	235	278	301	299	318	318	254	251	312	430	554	586	511	524	382	359	408	360	393	510	473	346	359	332	327	295	310	322	360	365	347	329	425	545	516	473	440	388	377	382	368	364	432	361	333	358	258	245	203	234	329	275	241	200	183	191	231	272	293	295	324	325	270	263	244	215	185	234	297	312	319	283	215	248	226	211	203	167	177	165	166	197	198	186	216	291	293	320	309	300	342	314	307	260	239	234	226	226	182	165	146	151	127	126	123	123
225	206	233	217	190	201	202	204	210	216	218	229	234	229	229	235	327	294	251	273	246	194	249	367	506	526	491	416	363	418	450	454	469	545	462	412	386	366	370	353	376	361	326	342	301	316	353	457	504	447	472	406	428	398	397	403	384	397	356	277	317	243	297	295	316	333	307	287	209	204	208	219	320	234	243	236	289	247	218	215	224	221	293	274	262	268	293	320	253	200	185	178	210	242	185	185	216	226	241	262	293	304	342	328	312	323	307	261	241	224	231	252	204	177	157	150	128	110	93.5	81.1
218	200	191	176	152	160	183	188	178	186	192	203	209	234	231	238	296	305	250	231	251	229	219	258	362	499	524	426	408	546	488	532	550	536	515	413	368	411	452	476	399	403	330	324	286	305	332	404	469	391	420	488	419	404	412	376	358	385	372	322	265	256	288	264	251	327	359	223	185	206	201	206	251	277	215	194	245	209	193	238	233	249	275	280	267	309	297	287	266	249	251	214	177	202	187	221	245	277	277	234	245	299	315	309	317	306	287	272	235	217	208	189	168	170	142	151	135	112	100	99.8
193	205	167	143	142	164	198	205	179	189	195	229	230	234	256	252	284	328	310	243	244	267	254	300	405	430	441	420	340	543	530	468	502	577	585	398	361	451	428	517	415	392	331	304	305	334	291	358	426	381	338	417	449	462	454	481	433	370	396	347	221	226	256	234	236	286	355	172	194	203	222	197	235	207	202	208	317	266	250	213	229	261	294	330	311	300	286	326	313	285	266	211	155	186	167	196	232	253	236	222	235	263	282	306	318	299	262	237	224	221	212	181	172	154	133	133	129	133	126	110
165	164	146	127	137	145	152	171	165	177	181	197	249	245	261	287	287	327	308	284	240	270	345	347	373	318	352	515	353	365	543	566	548	576	582	474	445	493	476	490	455	417	362	319	352	329	324	320	319	361	335	391	491	534	514	538	496	426	418	283	227	287	312	246	253	251	280	198	208	194	190	192	227	228	201	189	199	247	258	223	161	150	158	206	233	225	253	240	247	237	222	168	143	154	201	171	186	199	209	221	234	258	266	276	288	266	306	224	203	202	192	170	152	148	132	120	122	127	124	108
146	146	151	156	163	142	140	160	184	203	202	222	206	223	246	255	266	263	291	278	231	202	264	388	349	262	284	356	387	397	427	551	522	517	505	439	459	445	435	502	470	396	358	342	356	336	340	314	278	298	360	290	355	470	548	475	419	402	306	245	291	267	280	216	244	270	288	271	258	197	202	222	223	207	224	155	158	186	154	138	131	112	106	159	196	216	190	175	229	184	154	143	160	195	228	235	217	186	192	214	215	226	234	246	278	257	256	234	212	200	198	169	162	158	152	150	133	114	126	136
123	135	147	147	165	167	172	171	197	189	217	242	234	221	242	269	261	250	276	315	268	228	264	301	296	277	288	310	338	401	477	540	527	540	456	428	451	413	423	503	467	410	368	367	402	377	352	373	315	345	268	283	275	463	545	432	407	392	319	333	330	210	225	183	187	260	222	249	221	204	228	245	267	256	263	166	160	177	132	132	111	88.2	83.4	142	193	204	187	199	219	188	150	135	168	206	225	246	240	214	225	231	209	191	203	228	232	223	212	222	230	210	199	175	172	173	181	189	168	142	150	130
108	113	129	142	156	163	159	171	199	194	198	239	240	277	260	255	311	264	267	283	300	241	278	238	288	269	284	289	315	385	416	537	577	509	531	444	436	424	445	463	434	435	405	398	399	379	354	372	328	270	292	348	345	522	480	386	398	388	396	392	289	162	163	161	156	175	261	259	233	220	224	264	250	210	252	222	196	182	140	125	128	117	127	158	170	181	165	175	176	165	127	139	166	168	169	212	234	213	208	228	197	173	195	202	180	189	196	198	208	192	183	177	176	196	205	217	192	169	151	144
109	99	121	129	141	158	192	182	183	219	236	247	254	237	217	216	219	247	235	236	246	239	236	239	252	280	316	323	335	388	389	432	506	489	490	468	419	422	456	454	436	443	421	393	377	355	344	377	333	298	264	301	373	464	445	378	394	361	398	339	206	188	176	141	131	139	199	206	213	196	202	211	179	156	181	198	175	143	120	141	133	146	166	151	136	134	174	120	103	112	137	168	173	160	126	165	174	173	171	193	171	156	177	175	161	155	174	182	193	191	166	159	179	185	175	175	184	154	136	149
131	123	123	124	141	160	197	186	181	237	256	235	258	237	212	187	229	201	208	211	250	272	251	261	275	272	351	337	321	383	362	399	401	413	434	431	439	444	419	436	416	424	435	399	374	353	379	410	377	310	274	310	393	469	407	317	391	318	296	298	215	204	158	144	137	153	211	254	223	197	209	217	184	151	140	167	153	112	145	163	163	157	161	149	144	169	231	146	125	119	158	170	159	171	164	161	198	200	181	165	170	189	179	170	153	151	164	174	179	175	164	173	174	186	167	171	164	132	135	147
127	132	151	153	169	152	178	191	193	219	251	245	257	233	214	198	243	208	217	216	258	269	244	247	250	275	309	435	326	381	407	369	356	326	370	401	423	423	395	388	391	367	377	377	406	406	390	394	406	367	334	365	344	353	333	323	359	259	261	245	301	257	218	139	152	156	213	267	255	217	227	216	201	167	161	136	149	113	211	200	201	138	159	158	136	209	245	171	142	138	140	174	161	162	174	167	182	200	195	176	166	183	149	152	154	170	175	180	172	161	177	198	213	210	175	172	168	137	136	171
127	143	133	128	129	132	142	194	209	250	253	247	240	236	193	198	216	233	295	267	279	281	255	232	246	267	247	344	341	352	412	417	355	346	347	381	388	367	375	384	402	373	359	394	403	399	433	469	417	460	422	407	368	374	349	338	349	307	209	207	253	221	266	170	144	161	192	238	219	196	214	209	186	187	190	165	126	115	168	159	153	157	184	167	145	190	221	216	154	181	132	123	156	231	148	177	193	207	216	222	219	181	161	174	158	169	196	221	190	169	174	199	235	236	219	191	154	135	164	198
118	129	108	120	142	111	111	156	213	238	253	264	248	195	172	173	188	212	267	250	213	230	224	223	225	216	242	255	289	286	306	323	275	296	296	332	325	356	368	352	384	368	345	379	377	421	436	455	461	479	406	359	296	409	342	389	501	388	287	274	323	252	253	186	187	199	177	184	155	137	172	171	166	181	167	172	134	144	190	174	174	195	211	196	169	169	213	194	162	156	130	139	183	216	158	155	180	183	217	193	190	154	146	164	152	160	177	178	223	225	161	170	206	198	182	173	156	152	176	173
104	110	105	125	152	122	97.1	147	172	178	212	236	212	187	159	166	191	189	216	213	251	224	216	215	227	222	214	226	272	272	281	266	269	259	276	317	316	329	352	344	342	363	383	359	363	434	436	376	462	506	417	366	325	391	399	364	369	322	184	244	359	340	262	207	220	160	146	145	138	122	174	173	161	163	155	229	148	148	144	178	209	219	231	203	160	151	163	150	150	194	152	175	172	153	190	176	191	160	158	183	187	142	132	130	153	166	176	213	224	203	139	143	152	137	141	137	150	164	181	194
106	113	134	109	111	120	101	153	159	201	190	214	209	222	226	212	202	184	191	195	206	228	227	209	219	208	202	218	239	275	267	254	262	254	261	300	296	338	345	350	333	338	348	370	387	376	405	374	430	461	457	446	355	310	278	375	462	347	207	224	296	315	265	193	187	202	159	128	125	135	144	147	148	166	159	163	150	128	128	147	192	198	220	171	126	127	144	138	159	210	184	207	181	186	215	168	174	188	155	185	159	144	141	144	171	175	170	195	191	138	135	125	100	99.1	98.6	127	134	149	168	172
108	110	118	104	99.9	104	111	155	160	190	186	213	214	205	224	214	195	164	177	183	197	213	239	223	212	204	198	224	242	261	260	307	307	252	253	291	279	308	318	304	336	337	313	337	379	359	350	360	329	347	413	375	308	329	219	329	407	316	212	211	270	240	241	189	216	267	143	112	149	127	109	95.9	115	128	147	144	136	158	139	155	174	179	186	159	118	112	126	133	239	243	209	209	190	187	181	163	161	178	172	191	178	146	131	150	172	194	172	188	163	180	127	118	99.9	94.7	96.2	128	125	129	123	167
127	117	142	134	127	150	145	131	126	164	171	179	212	202	231	193	187	181	149	162	186	180	182	188	197	195	192	209	200	200	213	231	244	230	227	252	227	241	273	271	284	338	309	254	392	365	239	305	313	332	463	336	282	310	224	283	308	257	174	180	256	293	285	185	189	200	176	163	151	166	118	102	108	117	126	142	142	180	194	179	164	157	155	134	105	110	115	147	211	175	195	233	204	311	226	166	139	188	193	166	173	137	123	155	227	218	197	270	164	172	151	146	132	124	109	119	130	147	143	150
177	160	211	221	152	133	176	186	170	158	142	174	218	229	260	229	221	166	164	170	168	173	172	178	194	208	209	196	189	174	172	193	213	194	192	240	232	220	256	243	315	404	340	245	289	383	275	255	230	246	409	287	300	346	239	277	346	219	231	202	205	255	265	176	159	173	217	147	121	127	124	128	124	131	137	142	150	171	220	185	166	153	151	110	154	89.8	107	168	179	141	171	196	283	380	277	155	139	205	245	217	190	188	183	198	213	195	221	228	224	245	197	144	126	114	110	113	123	154	172	153
222	217	177	200	163	136	145	207	191	167	170	172	182	218	231	195	180	167	179	186	178	179	183	192	191	172	188	173	169	150	147	172	181	165	186	200	213	219	248	323	311	292	301	291	300	350	282	290	271	199	191	256	319	339	325	300	277	257	224	207	242	206	256	207	184	213	187	198	139	145	150	127	124	120	122	152	181	157	180	195	167	175	160	99.3	131	102	115	136	178	148	124	166	222	272	213	170	175	177	176	173	169	164	147	150	180	152	182	271	289	274	231	161	124	98.9	99.7	116	120	127	137	119
224	205	178	147	176	153	159	182	158	147	133	157	151	144	159	191	189	189	213	181	178	189	194	187	187	167	170	170	155	148	155	158	176	178	213	232	250	211	218	237	272	243	298	400	351	351	299	229	216	164	146	192	253	272	293	282	249	327	269	216	235	235	205	186	201	218	195	190	163	170	157	131	132	131	135	172	177	170	158	148	147	151	153	118	121	115	123	193	184	134	102	104	207	147	147	152	160	188	168	159	157	159	117	141	139	134	154	199	235	209	158	122	92.7	84.4	85.6	139	127	123	130	120
250	267	304	224	172	154	147	135	163	153	127	142	144	151	148	180	186	172	173	167	176	192	180	165	154	149	149	132	135	128	140	137	146	154	164	191	226	192	208	234	270	263	234	318	306	287	322	257	265	215	195	241	270	237	269	303	281	322	301	230	209	271	236	218	185	211	194	187	210	204	200	160	149	129	126	171	236	194	144	133	133	113	142	141	116	118	120	170	186	118	96.7	158	135	140	116	135	142	209	161	138	139	151	135	148	148	152	176	196	206	186	148	120	112	106	98.7	130	152	146	156	117
246	291	382	307	222	165	127	135	187	165	133	150	153	171	155	216	222	166	175	181	165	185	186	168	162	159	137	124	123	125	148	167	162	165	177	161	169	178	199	294	309	299	267	223	283	269	306	269	277	284	261	273	257	250	297	282	282	294	283	228	224	222	265	219	191	197	218	232	231	241	216	206	173	138	137	144	183	172	169	118	105	94.7	134	132	119	83.3	99.2	192	169	133	75.9	124	153	128	117	128	137	136	122	115	126	129	146	154	160	157	169	265	225	161	128	135	116	102	119	114	139	184	149	108
211	337	384	317	250	210	175	151	162	170	142	164	166	161	155	188	196	178	199	228	207	181	189	181	166	161	147	137	135	141	155	202	201	200	167	204	231	213	227	272	346	417	343	221	221	245	279	258	271	280	289	322	279	313	275	261	234	240	233	223	229	220	246	246	228	205	274	291	251	241	276	215	179	143	156	145	139	188	167	179	136	132	147	162	132	77.1	108	190	146	140	93.8	78.1	86.7	99.2	137	153	149	153	150	149	146	122	148	150	140	145	150	201	207	178	150	119	103	94.8	132	99.3	81.3	126	139	98.2
169	306	375	314	269	252	237	203	239	175	179	223	217	157	168	204	213	195	192	221	218	191	200	223	210	181	153	151	156	147	159	238	244	180	177	259	311	278	237	244	327	330	319	232	217	256	248	260	264	283	338	340	272	280	256	260	237	237	250	237	240	227	252	271	264	213	232	271	245	230	264	191	185	156	170	161	149	177	147	173	161	144	158	163	113	83.4	98.5	88.9	109	97.9	118	117	82.7	122	142	139	132	132	123	138	140	121	148	134	144	145	163	171	207	224	151	118	122	116	112	81.4	83.4	129	144	80.9
130	188	282	291	297	287	250	267	257	216	276	289	283	239	214	217	223	237	247	262	233	224	209	212	254	220	175	154	161	175	191	222	218	189	227	266	295	305	257	265	238	260	246	213	229	259	255	281	291	297	323	336	273	274	258	285	262	250	247	302	327	290	291	264	268	231	241	223	230	271	247	219	208	176	179	194	219	195	188	191	135	134	148	197	121	97.9	105	113	123	132	147	121	103	145	143	142	149	132	102	129	117	92.3	118	138	149	168	143	155	178	225	174	144	125	116	83.9	88.1	82.4	86.3	96.6	86.2
136	180	263	320	265	218	189	210	285	343	356	349	384	332	286	290	258	260	258	246	241	241	193	182	186	191	183	154	196	225	241	187	194	208	196	255	270	334	332	252	211	218	237	160	230	270	294	291	302	287	264	308	296	243	281	316	293	285	287	313	331	262	247	223	240	227	187	182	218	230	225	227	206	191	160	174	218	216	171	143	133	146	121	124	136	100	142	147	116	108	156	131	128	162	176	149	155	138	108	123	87.7	103	131	152	144	139	147	164	181	187	161	126	111	102	86.1	83.9	81.1	89.5	106	90.9
152	178	178	178	165	149	141	196	276	333	414	372	391	406	397	358	323	317	278	259	253	240	214	211	210	170	211	172	192	210	195	142	149	170	177	257	256	295	292	242	180	199	213	194	208	265	293	296	288	292	314	339	318	295	285	323	283	275	270	289	262	207	212	204	209	198	208	192	222	213	220	195	170	181	162	193	185	153	166	153	148	147	121	103	98.8	98.7	169	165	132	105	144	156	150	203	191	109	133	109	111	102	82.3	99.7	122	117	126	140	142	164	169	173	138	114	116	95.1	77.6	92.3	103	90.3	93.4	95.3
131	150	152	153	131	124	134	203	299	328	473	543	480	456	408	420	398	413	297	233	226	251	242	203	182	154	186	137	136	172	149	128	142	159	158	201	219	196	218	236	202	195	182	187	184	205	300	268	243	291	292	316	313	280	273	271	285	294	284	280	231	208	169	182	221	192	195	182	216	217	179	183	180	184	176	221	191	198	206	178	157	138	146	122	95	81.4	98	124	109	121	143	153	159	140	144	122	102	99.3	108	110	128	133	106	115	115	139	167	203	217	166	123	105	105	84.9	78.1	86.8	92.7	85.6	95.4	108
108	115	105	115	99.9	102	122	145	271	372	489	659	635	591	402	371	307	341	403	252	214	219	202	160	144	137	158	166	164	210	213	160	146	156	186	198	209	184	194	231	207	194	205	189	154	145	157	266	220	227	311	309	334	350	339	292	314	329	278	333	286	214	198	183	211	195	210	228	281	275	253	253	231	234	200	232	207	218	235	174	159	152	177	149	104	89.3	99.3	115	113	134	150	177	209	142	113	116	104	119	144	114	149	147	158	133	143	167	164	184	211	199	158	125	124	109	111	121	109	121	135	92.4
104	96.3	89.5	98.8	107	104	109	109	137	235	326	403	457	546	494	452	373	312	276	247	202	184	170	153	134	143	122	164	196	186	230	179	147	155	184	183	213	228	215	232	202	219	237	192	196	205	260	249	235	219	254	301	324	331	376	350	329	296	260	303	231	209	282	220	214	211	245	304	267	226	236	271	228	255	233	265	215	137	151	156	182	190	205	163	133	119	105	95.4	127	122	135	180	194	199	108	122	130	100	129	102	153	139	142	138	148	146	147	176	173	177	183	130	124	101	113	114	106	116	82.9	70.8
96.7	84.3	90.4	84.1	90.7	100	125	95.5	102	138	204	227	269	303	316	355	397	334	257	237	181	184	166	135	118	113	110	149	156	168	195	174	170	157	184	172	196	225	230	208	215	266	248	202	225	227	246	275	298	293	290	300	284	266	317	391	357	321	262	265	238	237	194	223	241	251	268	329	268	218	188	218	241	236	214	238	195	169	156	138	165	158	169	149	143	154	125	116	143	121	91.9	105	118	134	81	90.3	105	104	120	129	154	158	184	151	136	129	130	137	144	171	170	132	121	120	114	99.8	94	86.4	81.4	64.5
85.6	80.2	99.7	94.4	99.8	125	122	98.3	99	134	144	170	155	151	174	254	263	263	232	197	165	162	167	133	96	90.6	95.9	108	124	138	155	156	159	158	194	212	207	233	244	221	208	213	239	248	266	247	246	205	271	297	274	284	302	272	275	376	372	350	287	304	263	241	232	208	215	208	212	228	208	204	176	207	302	250	209	211	220	238	194	173	192	151	159	169	137	136	123	130	137	98.6	88.2	105	131	131	95.5	89.8	91.5	91.8	116	136	152	199	194	158	134	121	123	132	146	187	156	143	136	120	111	114	92.8	69.9	67.4	59.6
75.4	75.6	86.2	89.2	93.6	107	103	96.9	103	98.1	106	126	106	108	106	120	143	158	165	154	151	134	145	131	108	96.5	85.2	85.2	94.8	109	109	126	129	136	145	161	190	192	206	223	230	206	227	251	252	305	233	180	180	273	277	308	393	422	277	300	312	301	247	291	293	215	199	182	186	193	197	184	176	173	169	209	273	242	178	182	143	156	197	189	177	155	141	148	127	125	126	103	111	100	112	108	93.3	140	101	83.2	94.8	102	116	153	151	146	155	152	142	130	132	124	139	141	139	131	119	115	107	89.9	69.2	56.1	56.4	55.7
82.4	79	83.2	79.2	95	111	116	126	106	105	107	121	110	102	94.9	89.7	89.8	95.5	105	112	105	123	146	129	124	94.6	87.1	93.7	105	102	101	115	145	124	139	155	186	187	190	225	217	209	197	183	214	261	264	190	183	207	259	301	333	287	246	247	298	304	268	287	282	228	184	200	203	221	226	188	187	176	182	222	236	194	174	150	124	136	182	188	179	159	155	139	130	116	123	96.2	108	116	121	108	93.8	120	136	101	99.3	120	147	153	185	162	152	142	139	131	131	125	133	121	130	141	132	109	112	98	82.1	68.7	49.3	49.6
81.6	84.6	91.1	85.8	97.7	116	113	132	128	120	128	132	129	108	97	99.2	84.7	93.8	111	131	89.1	90.2	107	118	110	101	95.4	98.8	120	95	101	109	122	120	120	154	158	162	178	185	193	206	184	144	195	212	228	248	162	210	231	247	304	324	285	245	256	334	382	287	273	279	268	239	233	223	230	208	199	161	160	208	259	192	171	137	123	128	166	163	154	140	138	130	130	125	118	102	110	123	140	127	120	137	113	120	130	144	190	182	182	190	173	158	145	139	149	130	130	140	130	122	114	95	99.5	88.6	73.7	65.4	52.5	47.3
92.6	96	103	112	120	126	121	153	137	125	142	123	146	138	122	112	89.6	84.3	103	157	130	118	116	112	114	112	118	121	122	103	95.2	105	116	118	118	139	175	166	166	207	205	229	205	187	193	231	205	166	132	132	168	207	247	251	253	252	287	278	325	314	281	327	331	230	226	220	200	183	176	171	162	184	204	188	187	181	192	158	170	180	155	137	124	125	142	125	146	133	119	118	121	144	125	127	90.7	179	169	146	155	165	168	188	170	167	148	141	135	126	127	108	105	102	94.4	88	79	67.2	48.3	47.3	59.7	61.6
71.1	67.7	81.2	84.7	96.1	89.4	84.4	102	86.9	95.5	106	110	110	127	106	108	89.3	87.4	90.5	119	175	131	115	123	114	120	129	118	121	119	107	93.2	105	105	124	149	161	158	173	197	218	209	198	205	195	212	195	179	168	170	164	189	214	205	217	207	221	214	219	251	267	282	248	230	224	229	201	159	146	144	151	167	182	165	176	184	171	172	172	182	158	129	131	137	133	112	122	155	150	132	119	147	149	127	124	152	160	153	148	149	157	166	161	151	150	156	149	118	100	83	76.8	89.1	90.6	81.5	78.4	62.1	44.4	45.2	52	53.6
79.7	71.1	67.3	72.1	104	103	107	96.8	94.8	101	105	115	125	128	102	102	91.3	88.7	83.9	95.8	133	167	137	117	117	121	126	128	138	154	133	109	112	98	124	130	140	140	167	194	220	205	197	196	203	175	160	156	178	161	176	174	197	193	182	182	209	209	185	184	234	286	272	223	210	224	211	177	160	148	149	145	177	153	163	186	178	166	173	183	166	145	146	142	161	146	117	144	161	131	129	161	160	153	175	166	161	165	163	165	179	177	159	153	147	145	135	102	84.4	78.2	80.2	84.5	78.2	74.3	74.3	67.1	58.2	46.5	58	44.9
53.4	51.8	49.6	60.3	91.4	84.6	97.5	98.5	97.8	98.4	103	127	140	119	102	102	89.9	80.2	74.3	78.4	114	173	174	122	113	117	130	160	155	160	143	128	112	100	125	132	128	116	139	200	231	222	204	186	190	171	165	150	145	159	174	184	162	160	161	194	198	174	161	182	203	233	239	212	212	216	198	165	173	139	140	146	190	180	196	206	198	176	191	176	169	154	155	139	147	136	119	178	153	144	137	176	187	160	156	170	190	177	176	190	194	177	166	160	142	134	128	90.7	78	74	84.8	91.7	82	82.9	74.4	78.2	71.5	55	59.4	45.3
21.7	30.2	37.6	38.6	43	52.1	76	79	82.8	85.8	89.4	111	120	113	92	90.4	101	85.5	76	71.1	102	113	157	131	113	105	114	143	198	196	147	103	116	112	115	118	129	126	145	174	218	229	228	209	173	170	164	153	174	169	175	200	189	176	172	227	232	223	189	208	221	233	214	203	212	222	210	185	183	139	129	163	184	194	183	167	183	179	212	193	175	167	153	134	125	128	114	142	151	149	140	137	140	133	173	195	235	215	173	195	191	182	164	165	145	130	123	92.2	83.4	73.3	64	67.5	78.7	85.7	82.4	73.5	75.9	68.4	58.9	47.5
5.01	5.72	11.6	33.2	37.5	41.8	46	50.8	65.3	65	70.2	90.8	102	100	89.4	77	82.8	75.4	69.6	72.6	72.4	103	132	142	124	109	121	117	157	218	206	211	161	154	162	148	137	151	155	167	186	208	201	211	176	163	166	153	181	179	188	193	194	171	185	230	217	237	232	207	240	217	216	184	198	203	205	222	210	175	136	196	164	178	198	191	233	178	169	170	160	154	134	134	121	116	122	129	153	136	131	146	130	130	141	181	217	228	200	189	182	170	147	136	127	116	105	90	84.9	77.7	66.6	66.1	72.6	78.1	75.1	66.8	69	60.9	52.1	57.9
4.81	5.77	6.14	29	32.4	36	35.9	41.9	45.5	56.5	63.9	72.8	78.5	80	80.6	86.7	84.3	72.7	68.5	79.7	77.4	88.5	92	125	110	101	119	123	161	177	266	316	245	228	218	194	166	157	139	151	161	175	171	162	146	147	146	142	165	164	172	198	202	183	198	229	223	234	246	231	226	254	208	186	210	220	226	243	236	201	174	214	182	192	202	231	202	183	133	154	158	146	135	135	119	122	130	145	168	138	136	141	141	144	157	199	218	232	213	189	168	157	133	138	122	108	96.8	83.8	82.4	78.6	68.1	63.4	69.5	74.8	75.6	64.6	68.4	59.6	51	58.5
4.8	4.69	7.28	26.7	27.9	31.8	30	37.6	39.4	50.6	53.8	65.7	68	70.5	71.4	84.6	94.5	76.6	74.7	80.7	87.7	84.9	85.8	109	109	110	117	126	164	165	178	297	280	271	228	197	182	150	126	143	163	160	161	153	139	140	142	140	152	148	152	162	196	230	225	202	245	276	214	217	235	247	221	180	197	208	218	228	211	235	231	224	180	175	170	222	179	168	139	164	166	140	140	138	121	130	139	148	160	127	137	144	144	143	161	197	240	219	223	187	150	147	121	130	127	105	92.8	77.3	76.1	82.4	66	65.1	69.8	68.9	73.2	71.4	62.4	65.5	66.5	59.4
5.34	5.72	5.57	24.6	25.8	26.9	27.4	30.8	30.4	30.9	36.1	56.2	72.2	67.1	72.9	93.7	92.8	101	97	83.8	95.4	82.5	79.7	80.6	91.9	137	98	92.5	109	130	171	286	383	368	284	202	170	138	129	141	152	164	172	168	149	143	143	145	156	153	150	174	188	212	213	193	220	222	218	229	232	227	223	167	169	175	203	203	186	193	226	216	195	191	200	243	210	190	187	195	172	162	160	169	163	178	154	149	133	130	135	149	147	142	153	177	195	194	204	174	134	124	112	115	112	106	92.3	75.3	69.6	68.7	58.3	59.1	60.8	64.7	67	65.8	56.6	64.9	72.1	66.6
0.84	1.5	1.59	21.7	21.6	26.2	23.8	21.2	22.7	23.7	26.3	32.1	46.9	53	57.6	65	63.7	72.4	70.5	70.1	70.6	83.3	81.4	77.2	77.7	92.8	76.3	79.8	90.9	101	142	233	347	437	397	292	246	172	141	152	152	162	147	153	155	153	131	134	146	148	149	172	195	188	197	183	171	178	186	198	203	205	208	179	149	162	196	212	209	188	206	241	274	300	225	219	188	235	244	217	129	140	147	159	150	196	181	147	143	146	132	132	140	141	161	172	190	175	160	124	111	104	98.7	84	77.2	69.6	80.2	74.9	65.2	70.6	54.3	56.8	45.4	59.9	75.2	69	49.7	62.3	57.9	59.9
1.14	3.21	2.43	19.1	18.6	19.5	16.7	15.8	14.3	16.4	17.9	17.2	27.1	38.6	50.8	72.2	74.8	71.3	74.7	78.7	70.3	84.5	85.3	73.1	73.2	80.4	79	74.8	84.2	94.5	115	165	237	332	347	310	301	226	169	137	138	149	145	141	150	149	138	140	144	156	140	150	162	175	213	186	171	178	202	209	204	196	212	190	175	151	191	202	221	243	204	211	286	316	246	207	228	270	313	275	215	162	159	162	172	194	199	193	177	147	133	132	132	140	143	153	166	155	146	118	109	96.3	91.3	90.6	72.2	63.2	56.1	72.9	66.4	57.3	55.7	67.2	44	58.1	80.2	82.2	76.6	66.3	66.9	64.1
0.51	3.84	5.16	17.4	17	15.4	14.3	13.5	12	10.9	12.2	12.2	14.3	19.6	34.1	69.2	64.1	67.6	67.6	72.4	62.5	67.7	70.4	82.6	78.3	76.3	78.4	73	81.8	101	113	139	173	183	195	199	207	192	166	142	145	144	152	146	143	138	128	125	142	145	148	157	163	159	179	187	188	181	192	184	189	194	204	206	189	155	198	231	224	232	217	227	256	301	286	210	200	198	268	325	220	252	202	194	184	225	248	215	198	167	136	139	122	116	117	138	155	139	124	114	103	83.8	83.9	81	70.3	70.5	62.3	67.1	63.3	54.2	48.5	64.8	54.8	56	75	58.6	71.3	70.2	58.1	65.9
1.68	3.75	7.95	17.6	17.7	16.1	13.9	13.8	13.3	10.8	9.63	9.32	10.6	12.1	20.2	43.3	50.1	60.2	60.1	71.9	73.8	73.7	74.8	83.4	81	83.5	78.3	66.9	74	100	119	141	159	127	110	106	103	122	134	153	151	139	145	146	144	138	118	109	121	135	155	156	152	137	145	166	187	171	174	177	160	176	198	209	203	163	183	205	188	215	228	188	241	243	256	257	229	199	221	279	252	262	251	246	239	214	286	208	194	202	168	130	130	110	111	130	127	136	119	105	90.9	88.8	90.8	91.1	77.3	60.2	55.4	73.7	56.9	60.4	54.8	51.2	72.4	70.2	76.1	61.6	46	52.3	56.4	51.5
