8.42	7.21	6.35	5.19	4.16	2.96	2.37	1.68	1.4	1.73	1.8	1.2	0.126	0.0754	0.907	8.39	2.89	9.87	6.17	5.9	3.15	3.33	5.11	5.17	3.28	4.68	3.92	3.28	3.36	2.1	3.69	1.18	3.16	5	7.08	7.44	5.95	10.2	6.88	9.93	13	33.1	37.6	59.2	66	62.6	82.6	32.2	41.2	66.4	60.1	51.6	55.9	48.7	64	55.4	63.9	75.8	71.8	98.2	96.6	100	87.2	68.9	68.9	75	85.7	111	116	130	146	177	187	171	165	148	150	172	178	175	187	174	176	177	187	204	183	108	115	105	99.7	84.5	111	83.9	79.8	70.5	65.8	80.4	93.1	83.1	67.3	84.4	96.9	100	67.3	83.5	113	96.8	81.4	72.5	81.3	71.9	69.6	55.3	50.4	45.5	44.6	46.2	58.4	43.7
2.3	2.33	1.82	1.16	1.1	1.05	1.36	2.18	2.05	2.26	2.73	3.35	3.63	2.97	5.48	7.3	7.19	13.3	23.1	11.3	6.21	6.93	9.34	7.29	3.28	3.92	8.71	5.73	2.36	1.16	1.15	0.121	0.12	0.137	0.17	1.61	1.75	13	2.2	2.74	8.66	11.1	43.4	73.2	72.9	76.4	58.3	37.8	38.2	44.8	25.6	22.4	17.5	30	32.6	32.3	37.3	21.2	39.4	113	118	127	133	149	164	184	160	167	177	183	211	211	210	195	193	224	229	237	237	257	254	246	252	250	243	251	240	213	190	196	188	137	124	102	113	125	130	141	143	132	118	130	129	135	122	124	117	120	120	122	120	97.5	86.1	71	64.4	67.3	68.5	73.6	89.1	76.7
1.59	1.76	1.28	0.886	0.757	1.17	1.31	2.11	2.01	3	4.56	4.53	4.11	3.27	5.03	8.8	14.9	18.1	10.9	5.8	4.25	9.28	6.05	10	11.3	7.54	7.84	5.59	2.29	2.31	1.2	6.06	9.44	0.15	0.193	7.75	8.29	11.4	2.4	7.67	16.9	22.2	34.1	48.3	70.6	74.5	52.8	49.2	41.4	25.8	17.4	25.6	25.8	16	18.5	17.7	18.4	48.3	64.8	107	129	141	151	151	169	187	178	163	179	187	187	192	199	207	216	226	236	236	231	251	253	264	262	257	244	243	237	221	226	193	182	112	110	138	128	127	135	134	133	118	116	126	112	109	109	128	111	95	103	103	107	68.4	72.4	69.3	59.8	65.2	65.3	70.7	69.2	75.8
1.66	1.08	0.944	0.94	1.71	1.09	1.08	1.84	1.96	2.36	4.84	8.52	7.84	9.68	7.71	9.23	17.6	15.4	6.44	5.82	6.38	6.56	8.45	10.2	16.8	6.64	3.35	2.35	2.38	2.75	2.91	0.212	19.7	6.33	0.228	1.69	15.3	8.55	9.63	9.36	18.5	25.3	31.2	30.7	48.6	61.7	42.6	16	7.29	7.33	10.3	9.74	12.6	14.4	16.6	15.5	16.3	58	62.3	126	138	133	139	176	183	223	221	179	182	183	195	197	204	199	233	225	232	236	243	245	267	283	262	249	263	253	257	247	236	183	175	98.4	130	140	136	116	126	123	124	107	99.1	90.8	106	108	109	109	99.4	98	114	92.7	91.5	59.5	58.7	75.1	64.6	57.6	79.6	81.1	78.1	83.3
1.37	1.27	1.23	1.28	2.02	1.55	1.63	2.49	2.63	3.32	4.48	13.6	18.5	10.4	13.2	12.3	15.5	13.5	10	6.84	8.52	12.5	8.56	8.02	6.32	5.9	4.28	2.99	3.23	5.06	2.46	19.8	18.2	25.3	31.6	1.71	1.81	1.94	9.31	13.8	10.8	12.2	27.7	21.3	28.3	34.9	32.4	6.65	6.33	6.35	6.59	8.63	11.6	13.2	14.7	13.8	14.5	15.9	19.3	128	124	140	173	175	208	252	231	190	177	188	213	216	208	209	214	235	244	249	245	257	266	266	267	240	245	262	268	234	209	212	170	75.6	115	123	117	104	126	120	127	94.3	100	96.1	115	99.6	96.5	99.8	84.7	81.4	87.1	70.7	72.5	58.9	68.6	69.1	67.9	58.1	65.7	71.3	77.5	86.4
2.32	2.78	3.04	2.56	2.02	1.48	2.29	3.63	4.7	4.55	3.7	12.8	11.6	15.5	19.5	16.1	13.9	4.68	7.47	8.8	15.3	12.1	8.64	12.3	3.84	9.63	5.36	9.53	18.2	27.2	24.3	33.7	39.2	17.4	16.7	5.5	5.25	6.01	5.53	9.01	7.95	8.08	9.03	12.1	10.7	5.04	4.89	7.97	7.91	7.9	7.97	13	13.2	14.4	16.6	18.3	19.6	26.2	31.2	122	122	121	121	153	163	147	164	192	216	221	241	203	209	218	236	227	251	253	257	245	233	238	249	238	246	265	274	261	250	256	230	103	130	122	112	129	151	144	136	143	138	137	169	147	149	133	132	111	125	123	118	136	150	149	151	132	132	118	113	150
3.43	3.32	3.34	2.87	2.26	2.71	3.48	5.87	5.26	7.78	3.55	13.3	21.5	24.1	27.7	17.9	9.52	12.1	9.71	8.69	7.53	1.96	0.343	4.75	8.09	8.32	11.3	15.2	23.7	30.2	23.4	35	12.6	20.9	13.4	6.96	7.05	7.11	5.81	9.11	8.11	8.3	13	9.86	7.75	9.88	4.12	6.61	6.49	6.46	6.48	8.31	10.7	12.6	14.2	13.5	15.2	16.5	24.9	107	113	116	128	127	150	133	140	188	193	212	212	204	216	219	224	236	243	246	247	239	247	235	242	235	245	248	237	245	249	241	222	162	112	98.4	110	128	147	147	156	144	132	158	165	148	160	147	144	141	141	134	134	179	181	196	197	169	150	143	147	166
4.41	4.43	4.56	4.98	3.3	3.21	5.06	6.41	4.43	4.59	6.35	23.2	25.2	29.5	27.6	20.7	39.3	26.6	19.5	11.8	16.6	4.01	0.316	4	6.13	8.21	14.4	24.9	27.6	26.8	24.4	26.3	13.8	7.2	6.7	8.94	8.45	8.49	8.5	13.9	12.5	12.2	12.4	8.68	4.06	3.57	9.15	5.51	5.37	5.33	5.35	4.84	5.1	8.18	12	7.5	8.76	12	25.6	110	111	115	122	122	137	135	142	182	191	198	213	208	206	222	234	247	248	257	257	248	222	224	235	239	246	244	228	239	256	243	220	149	104	129	141	142	147	184	173	155	157	180	157	163	164	175	161	151	166	152	167	194	208	217	224	207	183	190	237	191
6.2	6.41	6.28	5.91	5.61	6.24	4.98	8.05	11	15.7	25.6	28.8	35.2	37.3	28.3	28.7	57.1	29.6	22.2	37	23.9	7.8	2.89	8.59	7.86	9.89	23.4	37.6	29.2	26.8	32.5	15	15	14	10.9	10.3	10.5	11.6	13	21.6	14.1	12.7	13.7	8.25	3.58	5.08	3.01	4.71	4.57	4.54	4.6	4.16	4.21	5.08	6.82	7.23	14.2	20.4	20.7	108	113	113	117	130	141	157	152	179	183	196	211	205	200	220	210	236	240	248	250	235	223	219	210	199	203	221	205	230	229	239	222	150	174	146	143	159	173	205	209	186	185	187	161	166	170	165	178	180	242	206	209	242	236	240	249	232	201	225	222	193
7.83	9.22	8.06	7.82	7.89	8.34	9.37	10.3	9.11	11.7	13.6	12.8	29.1	25.4	18.3	27.2	60.5	43.4	52.9	63.4	44.3	24.9	24.7	21.9	20.5	14.4	31.3	48.3	39.4	46.3	42.6	23	24.8	11.7	11.6	5.93	6.02	5.81	5.52	4.41	4.31	9.57	4.93	6.92	7.57	6.66	5.06	4.57	3.62	3.48	5.36	3.49	3.73	4.44	6.39	12.5	16.4	21.3	30.1	61.2	64.6	67.7	81	100	113	114	116	128	128	130	142	174	176	191	186	181	191	207	200	205	188	171	149	156	150	161	182	189	176	202	198	180	210	187	192	153	172	170	157	160	163	140	142	178	157	154	148	185	158	160	172	215	209	206	219	272	256	299	288	290
12	10.4	8.68	11.1	12.6	10.5	13.1	13.1	12.3	13.5	10.5	21.4	31.2	20.5	22.6	43.1	45.4	28	26.3	39.6	58.5	60.6	49	31.5	37.5	44.4	49.1	44.2	38.7	46.8	53.6	28.4	22.7	14.3	13.8	6.92	10.3	6.9	6.65	4.52	4.5	4.73	4.77	8.55	8.32	6.65	2.92	3.89	2.9	4.58	2.87	3.12	3.24	4.54	6.22	13	18.3	25.1	31.2	56.3	64.3	72	74.8	105	117	120	114	132	131	129	133	180	187	205	207	177	196	186	206	179	154	161	164	152	140	157	169	176	204	223	226	208	183	160	216	189	168	152	147	156	153	140	171	173	165	167	189	205	197	198	237	245	213	217	261	345	364	339	345	331
11.6	13.6	10.8	14.6	17	15.7	18.9	12	12.3	12.4	12.3	35.7	27.4	23.9	54.5	88.9	44.1	39.3	48.2	39.5	56.6	73.5	59.7	61.1	71.2	67.3	69.1	62.8	60.5	51.1	70	43.7	32.3	19.8	19.3	9.58	12.4	13.8	12.2	4.97	5.05	5.32	5.93	9.52	6.88	9.06	1.88	3.56	2.51	2.37	4.47	3.08	3.66	4.53	6.82	15.1	20.4	27	31.4	58.6	64.9	79.6	74.2	94.6	109	124	114	123	120	123	137	195	196	186	200	156	167	179	179	169	148	164	154	170	159	171	176	212	235	235	256	226	235	222	213	184	178	186	165	166	173	190	181	182	192	190	199	186	176	185	242	244	253	282	313	331	333	345	398	348
17.3	31	18.5	24.9	26	25.2	24.7	15.2	26.4	16.4	20.3	23.5	31.4	19.1	43.2	88.2	70.2	41.9	59.6	83.9	98.5	95.3	73.1	91.4	84.5	97	91.5	71.3	69.6	81.3	67.9	45.1	31.1	26.2	18.1	12.5	16	14.2	11.2	5.58	5.94	5.89	5.84	9.45	6.8	2.65	1.65	3.54	2.42	2.28	2.38	3.54	4.16	5.95	7.54	19.3	21.5	30.2	36.4	65	72.7	71.9	73	107	117	122	106	136	124	134	142	194	185	167	174	145	152	178	190	163	137	129	140	174	200	194	206	240	245	244	286	266	239	249	205	176	209	200	171	179	194	204	193	204	209	221	218	203	194	219	211	264	272	309	295	319	316	375	399	400
21.2	21.2	33.9	33	34.4	28.7	20.1	16.5	22.7	27.1	19.2	24	24.1	25	29.4	48.1	54.7	56	68.1	134	94.7	96.5	104	132	145	154	151	106	93.9	80.2	70.8	35.7	25.1	34.2	27.5	25.7	27.9	25.3	18.6	12.8	10.9	1.38	0.335	7.03	5.23	4.05	3.62	2.83	5.16	5.15	2.64	7.12	7.32	8.98	12.5	22.3	20.8	26.6	31.2	57	66.8	76.6	84.4	94.7	91.1	98.6	107	106	96	114	113	150	132	116	122	109	125	148	150	138	133	118	131	189	178	193	225	229	221	263	326	314	287	314	251	238	237	234	227	191	179	169	160	160	150	147	151	161	162	212	194	238	233	236	239	290	302	328	318	420
29.9	21.1	28.9	32.4	33.2	27.2	26.7	21.1	22	21.2	21	34.4	32.4	31.7	32.9	46.6	56	63.5	75	115	106	109	121	159	168	182	169	123	112	117	102	49.4	38.8	41.6	32.7	30.4	29.7	23.6	19.2	17.4	7.97	0.534	0.541	15.7	11	12.4	11.5	5.04	7.18	9.41	4.8	7.39	8.39	9.4	12	23.2	27.3	37.8	45.7	75.8	82.2	89.9	100	110	105	113	106	107	108	104	105	120	149	123	111	113	114	128	153	159	196	154	163	184	198	209	233	223	245	291	361	385	338	347	264	234	231	266	258	198	185	162	178	171	142	153	150	157	165	175	174	240	237	241	238	326	332	349	332	414
25.7	26.7	28.2	37.5	38.2	40.2	37.4	21.4	22.3	27.7	30.2	46.9	48	44.7	41.2	109	75.9	76.1	77.3	135	136	144	164	177	177	190	226	141	134	125	125	68.9	60.1	54.7	51.3	46.9	40.6	33.5	33.4	17.9	8.67	3.8	12.7	23.9	18.6	26.7	12.2	4.87	7.54	6.55	5.89	8.84	10.6	11.2	13.1	26.1	39.1	43.6	48.3	92	100	95.1	105	93.4	93.9	109	99.7	108	107	104	113	119	147	122	114	132	116	126	163	193	171	132	146	197	232	249	244	243	281	316	397	384	316	328	388	265	267	297	276	221	184	172	179	174	173	152	146	163	164	180	181	241	250	243	251	332	337	335	341	429
32.5	34.1	41.9	39.7	52.4	55.6	43.8	20.3	34.1	36.3	37.5	68.9	64.9	60.6	70.8	99.9	116	97.3	104	161	188	178	227	215	227	222	284	219	183	161	185	80.3	72.9	68.3	63.7	48.6	41.2	38.7	34.5	28.3	57.7	48	45	31	22.4	10.3	14	2.58	2.43	4.13	3.02	7.91	9.1	10.9	14.4	30.3	45.3	60.2	70.4	103	105	95.3	102	101	101	113	112	131	112	115	123	120	123	129	156	137	118	120	135	179	187	155	187	240	290	287	262	300	359	373	376	342	359	360	395	280	305	296	304	228	209	188	198	172	202	161	148	182	176	182	198	282	277	264	271	342	338	320	324	424
59.8	69.3	85.8	84.7	81.5	81.9	70.5	41.4	54.4	62.2	55.6	64.1	60.8	83.7	89.1	105	137	115	109	128	137	162	165	162	181	204	238	184	171	172	182	146	132	109	83.9	47.7	39.9	39.2	58.9	78.2	59.4	59.4	36.7	13.5	8.43	5.11	6.06	0.72	0.865	6.8	2.21	13.9	12.6	18	30.2	48.7	83.6	101	96.7	76.9	80.3	85.5	84.6	87.7	101	92.8	85.5	114	102	79.7	82.8	58.6	81.2	93.9	149	149	98	121	153	151	183	184	204	205	278	285	264	318	397	416	386	308	301	317	407	359	282	257	280	221	210	189	197	154	147	131	161	191	151	157	169	176	165	149	144	197	190	164	165	193
68	95.5	98.7	107	91.9	92.5	89.9	53.8	72.9	94.6	56.9	68.5	61.6	77.6	90.9	119	140	138	114	145	145	150	173	169	169	204	232	171	165	191	199	182	170	148	105	64.5	45.4	43.5	78.8	77.3	57	57.2	29.8	17.2	12	4.1	2.16	0.609	3.3	0.782	0.974	14.7	19.4	14.2	32.8	53.1	81.3	77.7	71.2	73.8	89.4	87.5	104	81.5	94.6	105	96.9	123	107	81.1	80.8	88.2	164	132	88.8	117	161	168	140	161	187	172	190	200	224	235	269	351	358	402	382	329	316	327	362	385	368	269	279	233	252	223	223	156	144	175	189	196	181	157	176	166	141	141	156	197	193	154	151	170
106	93.9	104	142	111	100	110	59.5	58.3	80.4	70.2	93.1	79.3	79.5	95.9	162	119	115	125	138	153	156	195	163	185	192	230	180	188	198	230	214	206	172	121	87.4	49.1	76.9	127	76.2	86.2	45.7	26.2	18.1	10.8	7.18	4.96	7.35	7.39	1.51	1.85	14.3	16.7	21	26.5	53.3	56.8	70.3	74.6	114	117	131	126	96.2	111	106	123	135	119	104	101	141	207	101	82.7	138	165	161	141	151	212	203	236	181	211	233	271	301	367	432	428	346	322	357	426	356	377	349	279	264	278	261	236	191	180	198	217	202	167	165	164	159	145	158	169	201	189	173	158	181
122	112	110	132	126	137	112	74.6	65.5	75.1	86.6	108	92.1	78.8	99.7	139	123	132	133	149	155	174	207	167	175	184	225	194	209	209	237	267	248	217	135	108	85.5	98.5	80	73.6	99.4	60.6	36	16.8	12.6	9.48	8.19	9.34	8.42	6.61	3.6	15.8	18.5	21.9	35.1	71.4	76	77.8	81.2	127	127	129	127	108	115	120	116	163	146	125	105	126	119	110	104	137	174	180	131	147	172	184	196	191	225	271	288	306	384	425	440	401	417	385	440	380	371	379	379	215	258	232	244	246	248	240	250	196	180	181	174	170	209	175	199	232	195	189	162	180
124	141	120	113	111	137	120	112	102	114	112	122	91.2	87.8	110	183	156	178	173	115	111	120	128	98.5	98.6	115	148	127	140	148	183	264	230	230	204	160	143	128	119	72.7	56.1	59.5	36.8	11.2	7.15	10.8	9.24	18.2	23.8	11.6	10.6	16.6	14.4	28	34.4	72.3	90.4	85.4	96.8	177	185	202	216	146	143	155	138	142	131	107	116	111	115	108	110	113	133	136	106	147	123	128	139	173	216	260	236	277	288	288	318	317	359	363	442	390	372	313	299	286	296	289	307	311	315	318	324	236	228	228	230	131	125	131	145	110	85.9	76.8	72.9	94.9
131	145	151	138	139	109	109	134	131	125	110	103	96.7	120	158	165	203	175	191	116	119	127	124	98.4	100	112	141	124	139	158	180	233	233	216	207	213	173	139	153	111	110	85.5	79.8	24.9	14.5	18.9	16.5	21.3	26.7	11.1	23.1	20.1	24.1	31.2	43	78.1	97	104	100	192	212	239	248	167	220	183	190	196	146	124	124	108	111	103	85.3	67.8	99.9	107	99.5	119	115	95.9	102	169	195	207	283	264	289	308	298	278	330	378	440	376	403	378	362	333	355	403	357	356	362	296	301	226	212	231	224	117	124	139	95.7	94.1	90.7	89.9	87.8	90.1
125	135	151	152	142	124	120	159	158	142	126	104	99.5	105	130	199	192	177	228	115	113	115	102	90.9	102	121	137	131	163	186	214	264	275	298	241	212	194	179	198	136	113	75.7	63.2	30.5	21.1	18.4	17.6	20.3	24.1	23.9	19.7	32.5	37.1	42.3	49.1	86	86.4	119	133	235	250	276	304	234	244	235	237	189	207	153	153	130	114	104	81.5	67.1	71.3	83.7	86.4	117	122	122	123	178	200	245	357	320	346	322	279	272	343	406	406	377	369	366	406	365	407	384	422	393	407	421	388	278	285	277	224	128	145	134	103	93.9	86.8	89.6	82.8	91.2
135	163	172	151	152	135	177	263	208	170	181	131	128	129	137	242	178	204	231	115	107	111	98.9	96.9	104	118	153	170	206	220	265	291	284	256	250	257	234	213	228	167	112	70.3	59.9	28.1	20.2	31.1	40.2	28.3	29.4	34.1	28.5	42.5	55.6	72.6	77.2	109	94.2	116	159	256	304	358	369	272	278	250	262	214	191	258	253	192	158	120	110	85.3	74.1	74.3	86.9	122	130	131	113	169	210	283	357	308	342	324	326	314	396	392	411	427	424	415	430	426	455	448	467	464	456	406	451	437	408	352	329	273	221	172	132	102	87.9	93.1	105	86.4
128	154	153	122	126	148	194	338	253	203	191	146	162	165	140	124	113	120	116	123	131	133	129	115	118	129	149	171	181	199	221	192	179	189	202	192	171	127	147	147	112	102	101	55.9	31.5	42.5	30.7	33.5	37.2	35.1	35.5	59.9	64.9	67.8	69.6	96.2	122	154	182	213	251	344	276	295	293	301	302	208	207	244	181	140	98.5	90.8	87.3	86.4	88.8	84.2	95.2	110	128	130	135	108	150	180	228	231	215	284	330	313	318	340	416	342	337	355	348	362	358	354	371	374	370	370	397	339	351	396	397	400	362	313	298	262	250	237	231	41
136	152	182	132	147	166	189	269	215	204	186	158	161	172	163	125	117	130	102	145	146	153	155	133	131	152	170	185	189	204	206	211	186	190	198	180	173	140	181	146	126	104	98.2	51.6	37.9	24.5	25	25.6	34.4	32.4	41	49.7	59.5	77.6	73.8	118	135	160	217	238	254	274	303	356	372	331	284	207	179	178	128	124	104	99.4	90.6	97.5	93.5	101	100	97.4	109	117	132	117	136	151	191	206	250	325	347	310	322	347	371	332	356	382	364	357	360	346	366	371	390	387	392	340	299	335	376	445	395	364	349	272	254	236	234	51.2
171	155	189	152	156	169	202	275	229	206	193	221	183	169	158	121	137	135	132	160	153	158	153	139	144	165	204	186	190	203	225	217	214	210	212	213	212	179	224	158	137	137	134	61.5	44.1	30.6	30.3	41.6	44	52	47.3	58.4	66.9	97.2	96	110	132	177	222	249	288	329	355	368	403	290	280	231	188	164	119	102	89.3	106	99.3	108	99.9	95.4	88.4	104	128	121	123	99.5	135	141	140	195	241	280	324	309	306	297	348	341	349	374	370	370	354	362	394	381	409	380	380	328	370	391	355	408	382	369	368	317	277	246	234	112
187	183	187	163	171	171	165	297	268	235	272	272	241	191	192	155	191	172	161	187	195	197	199	162	172	175	187	182	197	233	254	238	243	243	221	232	255	185	208	234	168	134	183	88.3	76.9	78.6	77	76.6	67.8	69.2	63.2	64.3	61.5	82.6	162	148	176	254	331	344	347	381	370	382	366	312	314	256	244	185	122	103	89.9	98.6	143	121	83.2	83.9	83.3	97.8	108	121	140	148	176	144	127	212	251	259	298	321	305	346	390	357	350	385	378	364	360	391	416	386	387	401	417	400	405	386	414	440	423	393	385	349	343	294	277	222
197	185	190	181	164	147	153	194	213	220	264	241	216	171	192	194	167	173	175	138	150	158	155	163	192	195	212	207	205	223	217	200	210	188	164	155	227	197	219	239	155	152	167	171	150	179	128	184	195	202	180	201	208	209	228	256	287	359	351	393	406	404	402	340	324	290	284	255	241	182	163	125	96.5	93.5	92.7	69.1	48.7	50.3	57.8	90.4	102	114	133	137	156	171	171	243	269	271	290	284	289	303	369	332	355	363	389	350	348	378	418	395	390	417	425	402	382	380	402	422	422	390	364	308	298	264	258	233
186	189	185	162	175	163	159	175	204	237	244	220	191	186	211	201	181	173	173	163	148	197	156	166	178	186	211	195	220	225	221	207	205	187	184	181	177	168	175	189	165	163	192	172	141	131	156	203	190	184	161	204	212	241	251	287	300	327	336	386	386	363	409	336	319	307	280	237	230	236	210	134	98.8	118	84.1	49.4	43.8	45.4	56.7	95.5	106	115	128	126	171	185	203	258	261	276	317	294	287	318	355	315	329	360	370	333	351	403	413	382	411	451	412	402	390	421	430	417	431	387	370	313	315	286	258	270
191	196	186	181	194	187	189	195	230	272	255	236	178	180	195	196	181	166	205	167	126	154	166	172	163	179	204	207	229	221	222	202	188	182	177	203	223	220	206	190	155	159	158	157	143	142	160	195	181	179	182	223	219	255	281	304	322	338	350	417	414	403	419	337	343	316	293	261	277	285	259	152	110	92.4	78.4	50	44.2	45.3	57.8	95	102	133	150	175	176	172	194	241	253	249	304	264	322	345	373	309	309	357	358	354	396	428	452	410	435	424	408	387	418	458	413	423	418	398	388	343	290	267	324	326
188	189	196	165	183	185	220	237	273	343	288	243	185	192	186	188	199	187	181	154	150	164	162	188	160	166	204	210	218	218	210	199	184	192	183	215	210	208	256	216	174	204	211	173	159	166	160	195	187	181	198	251	228	281	304	319	346	355	383	425	435	445	472	376	367	331	325	345	368	335	294	164	114	90.1	77.3	57.8	57.2	54	63.3	91.6	114	139	157	189	178	204	194	235	236	253	314	290	322	344	379	314	321	341	355	353	401	436	454	467	450	430	421	408	442	449	383	388	425	425	392	311	309	317	297	310
189	174	177	181	187	207	274	257	242	240	239	220	188	184	194	185	192	186	200	155	153	155	171	149	136	150	168	191	188	186	223	230	240	210	175	156	186	208	272	180	161	180	205	202	193	247	234	245	236	252	234	243	220	260	281	297	313	311	364	394	407	445	427	410	377	361	387	343	327	310	270	176	129	98.1	85.4	64.5	60.2	57.7	65.8	90.3	107	117	130	179	222	222	220	194	198	225	297	344	353	436	449	454	457	461	507	458	517	533	514	609	481	407	393	371	365	352	323	394	418	387	372	332	331	325	340	310
196	182	164	185	178	193	201	222	230	230	222	209	176	194	207	196	228	176	176	142	147	151	164	133	138	155	173	183	176	169	209	229	248	233	173	155	158	240	262	183	149	160	185	184	213	267	249	247	254	257	243	232	216	223	276	290	291	307	352	437	481	454	443	402	351	351	374	343	336	324	295	188	138	113	98	66.7	63.9	59.8	68.2	93.5	106	123	132	178	174	161	278	199	215	236	323	389	359	441	452	448	463	482	475	417	472	491	526	525	488	385	380	357	380	359	318	411	408	392	379	355	349	354	349	303
201	181	169	192	225	209	217	231	207	233	237	206	199	212	219	208	186	174	170	166	176	172	175	135	172	165	168	187	197	176	192	219	206	194	183	172	160	180	219	191	167	192	191	188	228	283	270	267	254	232	226	255	235	246	256	314	292	320	368	425	451	446	408	356	342	364	354	320	366	355	345	206	147	127	102	77.9	67.6	67	85.6	96.1	111	127	145	195	200	163	213	194	233	275	310	329	353	418	471	458	450	478	485	423	465	472	522	513	439	398	380	349	321	302	283	376	388	387	377	367	370	370	352	308
208	195	190	191	248	245	228	260	220	233	249	226	222	246	214	214	198	201	198	201	235	193	194	165	170	169	178	181	191	184	189	212	208	204	211	202	180	197	257	257	207	206	199	224	242	259	265	291	327	258	240	289	264	245	268	304	311	335	360	383	428	420	377	353	348	371	370	340	328	347	394	204	159	135	115	83.6	77.6	81.6	97.1	107	116	138	153	220	191	224	278	234	267	295	302	327	358	433	449	420	460	469	515	460	477	531	509	530	432	386	364	314	286	279	281	357	361	359	369	370	383	394	383	315
245	235	235	239	261	289	287	256	235	256	261	208	224	246	221	219	215	235	261	276	273	226	218	154	137	138	177	140	136	148	175	177	218	213	218	194	235	231	271	236	255	215	219	253	264	251	273	284	309	286	257	289	260	248	256	287	289	325	355	339	353	353	360	408	378	408	356	324	272	268	269	171	136	146	133	106	99.5	86.4	86.6	101	105	124	128	248	241	298	316	302	311	332	327	348	367	403	411	336	382	395	460	435	505	511	524	564	516	520	542	421	384	358	363	347	351	374	378	371	376	370	361	302
238	233	232	246	243	259	274	256	236	229	232	204	211	220	199	214	212	214	263	262	236	210	187	132	132	154	240	147	125	164	209	191	200	199	212	177	190	184	210	241	226	194	222	256	242	228	254	278	292	304	266	315	283	255	259	314	304	314	347	348	368	362	370	378	401	358	383	281	282	217	217	186	155	147	132	105	105	100	104	120	130	122	127	224	278	336	325	317	308	298	318	346	326	346	376	296	302	331	383	380	390	444	479	540	498	473	452	379	358	353	373	329	336	335	355	341	339	338	330	274
207	244	239	265	270	258	262	237	232	201	192	200	208	193	187	230	203	210	232	236	287	230	223	148	138	151	176	145	140	158	174	209	207	198	209	175	180	166	164	172	190	177	184	242	236	230	230	244	245	264	275	305	308	278	290	333	327	304	325	339	351	348	350	341	382	396	387	264	224	220	215	181	158	174	132	126	149	123	123	124	116	120	131	232	271	322	313	315	334	315	317	290	284	328	346	277	284	321	388	355	380	402	493	575	519	432	442	369	363	341	337	312	317	337	334	304	309	338	358	280
202	210	216	239	230	244	258	232	223	218	234	203	201	205	196	225	267	221	230	216	284	214	247	160	158	157	146	171	156	154	190	238	198	197	209	245	198	152	182	175	149	178	187	195	220	225	226	252	240	280	282	288	277	264	275	322	313	307	327	316	326	317	345	318	361	376	349	258	222	220	249	217	188	224	148	150	171	139	124	129	126	133	139	243	265	288	312	343	334	331	321	271	276	308	327	268	294	313	332	348	369	363	395	483	428	422	433	336	321	307	310	295	296	300	304	284	303	317	341	251
189	192	231	197	192	194	258	219	209	223	233	213	201	211	208	215	231	208	226	215	233	248	224	179	170	162	166	137	184	144	177	187	153	143	153	158	158	148	178	195	203	195	180	176	210	244	292	338	326	274	298	292	264	254	234	258	238	299	305	228	197	229	218	221	272	315	274	230	226	209	208	237	211	221	219	234	184	154	162	127	119	112	96.3	195	198	201	227	240	294	261	208	277	247	280	291	319	310	328	341	357	361	367	391	396	394	373	386	289	275	292	297	262	249	229	230	243	256	272	276	247
171	159	170	161	172	192	204	184	198	207	212	221	197	190	194	188	195	214	196	200	191	205	234	161	142	147	187	127	126	140	180	172	174	120	124	157	145	151	173	180	182	171	181	184	206	229	259	302	318	279	256	271	228	208	232	267	243	298	298	216	253	228	204	212	252	307	302	233	200	187	194	207	206	223	241	211	181	178	168	134	118	137	126	181	200	189	204	256	319	333	219	293	285	290	278	311	305	315	337	337	335	353	362	347	353	347	341	287	270	271	267	212	199	200	199	193	204	220	219	210
147	137	165	195	192	173	174	162	178	215	199	192	200	196	195	190	193	219	205	203	199	189	212	178	176	161	234	150	109	145	145	169	204	156	146	172	169	177	186	181	177	167	194	207	207	241	242	262	248	285	279	258	242	280	261	333	291	288	274	256	279	244	222	204	220	233	262	205	198	212	204	232	215	260	237	228	199	208	182	153	147	147	128	183	170	216	229	262	271	219	215	282	303	318	298	297	291	278	313	316	327	353	343	324	317	318	354	287	280	271	262	206	189	190	192	179	179	188	199	210
115	124	144	170	178	179	168	175	178	213	205	198	210	205	194	206	196	200	196	203	228	215	219	216	257	187	170	131	108	115	131	161	168	198	178	169	171	186	225	188	173	180	209	234	223	231	255	265	254	240	292	274	259	285	273	365	296	267	270	266	227	259	251	192	200	228	264	228	196	205	204	237	236	248	248	245	218	205	216	190	167	152	143	196	214	247	247	275	294	247	250	341	329	318	343	291	286	294	323	311	332	312	323	308	314	331	397	287	281	276	249	189	188	184	175	165	177	174	191	207
129	135	132	136	145	155	148	162	173	179	179	176	171	189	176	194	217	196	235	188	226	240	251	255	283	292	263	198	183	179	214	199	197	211	237	189	163	170	196	195	175	180	202	244	213	217	245	248	216	221	250	275	270	265	255	220	240	275	222	194	202	206	196	211	204	229	292	282	209	197	184	184	207	222	191	219	202	189	201	178	189	177	193	222	200	209	203	165	173	194	205	257	262	257	251	265	252	248	266	307	294	310	333	404	394	417	441	316	294	281	259	204	195	186	161	165	158	140	142	167
128	146	130	122	123	137	150	171	163	163	183	188	174	178	160	180	167	186	224	195	210	225	224	257	266	308	277	179	177	178	224	195	188	182	221	183	178	164	165	145	154	188	176	184	172	186	242	248	207	207	224	225	238	288	229	175	205	230	196	182	203	216	238	190	187	209	261	291	205	203	175	174	213	162	161	185	191	172	183	179	220	193	166	214	203	221	211	165	189	187	191	240	246	248	254	248	246	248	263	298	328	374	381	442	445	408	433	356	308	292	276	193	169	157	144	142	143	138	137	162
138	147	133	114	125	124	133	165	159	166	170	176	166	165	161	174	165	164	187	194	212	197	207	242	228	258	271	188	208	215	241	214	210	187	218	194	187	170	161	128	144	170	174	159	166	195	234	218	198	196	222	227	214	240	210	142	141	195	261	218	212	262	282	186	185	217	251	290	279	194	180	165	211	162	175	192	160	161	164	158	198	209	177	209	212	212	221	186	178	182	192	255	252	253	258	255	271	277	276	334	392	384	384	417	434	444	406	307	283	278	270	202	164	145	140	138	131	138	145	151
132	141	137	114	117	126	140	160	151	173	179	162	178	190	179	179	166	157	174	210	201	172	191	212	226	248	266	213	239	233	269	230	231	189	205	206	188	205	169	143	136	167	184	162	176	207	213	214	193	202	204	227	198	226	250	181	125	177	200	226	246	242	280	206	222	247	293	274	272	250	191	216	247	186	190	206	182	182	165	182	192	195	211	229	224	210	236	212	207	214	252	268	275	282	296	287	312	297	319	361	358	393	368	411	382	428	352	278	262	257	276	212	195	158	147	140	142	152	154	147
133	143	144	117	116	123	155	170	169	190	218	178	169	185	171	152	155	143	151	167	184	185	190	234	262	247	299	227	255	331	339	270	250	229	253	230	214	221	219	196	191	208	216	210	206	219	216	158	137	144	182	221	171	180	208	163	132	178	188	170	162	157	183	226	188	195	232	307	297	289	277	321	287	232	229	272	294	265	233	240	251	249	241	180	156	179	233	191	191	228	236	268	248	261	306	284	275	293	313	354	393	392	362	385	352	351	299	235	221	211	220	173	182	185	160	147	141	179	152	156
135	134	138	122	121	129	142	162	168	191	237	223	173	169	171	184	160	151	166	172	176	199	191	227	276	261	270	232	274	325	300	277	253	226	252	229	229	217	232	222	206	216	224	231	211	205	213	183	131	123	170	214	169	162	149	130	140	129	168	155	167	173	194	206	179	195	252	324	284	259	245	223	206	204	225	293	292	282	287	314	280	216	243	182	191	205	190	175	244	244	226	281	262	264	277	287	281	345	324	344	406	387	396	406	345	298	299	256	226	202	186	171	172	148	162	146	136	143	142	155
137	132	133	131	136	133	153	167	172	185	205	186	172	158	175	170	171	173	186	209	200	187	187	236	313	264	244	194	224	255	314	290	269	255	266	239	237	239	253	238	233	238	240	239	228	208	197	149	141	121	168	182	163	149	141	179	162	152	154	171	201	213	188	198	184	215	224	282	213	244	224	213	194	219	211	261	268	257	284	322	294	252	238	180	157	190	195	190	212	226	205	261	262	278	300	289	349	349	309	359	373	394	395	398	342	294	370	269	226	194	180	175	177	174	201	159	146	143	148	159
127	123	122	126	138	145	164	176	183	197	212	198	189	179	171	170	166	177	206	237	222	219	209	230	276	256	258	223	194	215	260	260	285	282	281	254	240	268	284	260	264	250	264	248	228	211	194	152	153	145	207	134	151	163	159	180	217	184	170	206	210	205	197	179	213	239	222	254	193	216	214	225	217	216	263	272	244	268	287	335	327	327	290	201	199	250	227	205	238	221	225	257	258	281	328	356	332	343	330	347	362	434	436	419	354	337	385	279	251	207	207	203	212	230	266	202	176	162	174	170
132	149	158	173	187	154	168	178	185	215	226	219	207	204	189	160	185	188	196	204	210	207	215	226	234	225	237	248	243	228	247	232	262	266	280	288	285	294	313	316	331	317	338	324	258	244	251	244	206	217	314	159	138	149	179	215	223	196	176	185	181	190	166	155	170	183	186	217	205	213	234	232	217	169	268	296	239	262	282	307	325	331	332	253	231	233	236	219	239	202	184	195	213	265	290	289	281	298	322	336	389	389	390	326	275	252	252	213	204	188	194	191	220	217	223	217	183	163	172	182
124	144	165	180	171	164	165	191	197	217	247	225	194	210	216	181	182	191	214	230	242	214	219	217	238	204	214	254	256	250	252	215	227	247	264	276	271	273	290	307	303	302	335	321	240	286	340	254	202	203	218	159	170	197	183	223	244	192	192	179	147	162	160	149	141	164	153	183	190	187	192	180	172	194	252	275	227	248	275	287	308	300	339	259	243	254	243	231	212	198	165	207	205	273	277	264	298	327	370	367	370	335	370	298	306	276	252	217	206	197	208	178	171	174	171	160	159	173	153	167
127	142	169	194	180	173	207	224	218	233	258	246	213	199	232	212	199	185	205	246	226	196	211	223	211	193	213	288	265	243	238	216	225	220	232	265	263	261	278	293	287	282	288	271	286	293	312	244	256	294	243	183	202	192	191	228	202	192	199	182	161	133	151	136	132	126	139	164	167	211	216	187	174	233	262	214	207	231	251	277	264	269	297	262	254	252	237	207	193	181	160	185	225	249	277	287	336	371	333	363	330	355	365	374	380	319	288	238	210	208	203	152	150	162	185	157	158	145	150	182
135	141	172	223	210	197	202	218	236	249	280	266	232	220	232	225	221	200	210	251	232	222	232	215	205	183	203	260	288	283	264	201	247	208	233	252	257	262	267	286	281	273	261	297	291	235	260	209	285	285	302	233	234	230	218	280	220	179	191	180	146	123	115	135	138	127	142	167	170	262	189	187	173	175	206	175	205	215	235	237	229	235	258	267	268	286	275	182	170	179	171	194	239	270	304	326	293	391	293	342	325	320	344	354	356	339	346	326	224	220	212	165	180	192	213	171	149	155	171	190
110	99.3	106	114	131	160	180	206	207	218	232	230	233	233	242	244	247	247	256	244	267	247	251	221	212	204	216	214	223	246	240	198	220	210	245	237	233	252	246	267	278	275	275	271	306	281	289	269	321	329	377	302	277	287	283	278	269	188	200	224	180	170	130	140	150	143	144	176	175	206	189	170	166	180	191	189	195	199	213	197	183	225	188	206	258	268	251	176	173	200	194	223	229	269	271	314	256	304	259	263	239	240	228	226	249	228	241	196	165	142	143	122	144	140	164	172	162	164	173	182
141	119	112	117	147	163	189	208	205	240	257	235	236	226	223	222	250	257	245	250	239	234	231	214	207	205	215	225	203	202	207	213	196	205	243	243	208	217	241	249	256	266	262	248	275	291	307	215	230	311	427	304	255	258	234	205	222	211	189	223	183	162	123	126	143	167	154	163	162	194	173	180	180	187	192	211	180	179	209	182	154	167	192	197	241	217	213	177	191	201	193	241	226	228	234	220	269	293	261	262	233	243	224	201	199	208	197	194	160	143	135	112	123	127	137	172	157	165	169	175
121	138	123	138	163	148	172	225	220	238	269	263	235	234	214	221	226	256	271	273	243	225	232	210	209	197	210	200	183	177	174	185	169	251	239	224	197	199	222	239	251	268	260	298	274	293	336	194	191	259	337	308	260	248	219	179	170	158	246	230	229	155	139	123	138	154	170	161	145	165	169	168	170	191	205	215	199	177	199	214	168	214	212	249	197	166	188	171	207	205	211	228	236	218	216	226	252	274	227	223	235	253	199	179	202	217	236	212	180	147	124	102	100	120	125	160	158	161	194	168
120	144	123	117	150	167	185	253	222	238	264	259	243	233	222	235	238	274	253	267	245	223	233	215	206	209	196	180	172	162	161	166	160	199	215	221	202	178	195	221	261	271	253	317	286	309	344	257	254	274	278	262	215	226	258	203	184	165	209	219	204	161	129	126	140	158	159	173	159	153	156	165	178	202	201	232	197	181	212	202	187	219	182	215	195	183	190	191	187	226	237	254	243	220	199	227	246	280	255	219	225	241	220	207	251	242	249	250	166	126	120	94.9	90.9	129	124	153	152	160	173	170
144	161	149	155	168	173	177	208	190	181	195	253	212	222	192	202	197	257	247	240	238	229	238	221	223	211	194	161	151	147	137	129	112	126	151	178	171	186	216	172	198	176	177	238	252	268	278	220	184	184	250	235	241	262	279	258	224	228	277	212	194	159	140	152	151	146	128	153	164	160	160	196	205	208	205	216	184	167	169	194	188	198	187	218	215	240	220	219	231	274	318	293	249	224	209	284	268	267	249	262	251	245	233	176	192	203	189	184	151	154	164	172	166	172	177	169	155	157	174	181
140	166	167	168	152	147	153	199	191	187	200	231	188	174	173	205	212	223	249	223	221	209	212	208	212	203	195	159	143	142	136	125	115	97.9	118	176	159	162	175	141	147	170	144	208	236	234	217	162	178	196	239	235	233	256	271	242	205	226	237	185	194	169	145	145	146	140	127	149	155	155	189	201	205	210	202	189	161	161	187	189	190	203	203	223	230	229	227	214	225	292	295	297	270	254	266	272	268	276	263	278	255	217	235	163	185	218	190	176	162	152	173	192	164	170	169	155	155	149	180	180
165	176	176	190	176	163	149	175	186	173	191	233	194	184	179	197	222	243	213	212	202	198	204	196	193	196	198	159	134	127	125	143	119	86.3	97.3	120	124	127	128	120	112	153	121	189	212	198	224	193	192	214	203	243	219	200	258	246	202	204	226	177	173	131	152	152	148	145	150	163	150	165	204	206	216	220	217	164	145	162	174	211	178	200	190	217	244	236	235	241	251	278	348	310	283	282	297	287	303	310	328	274	255	232	227	210	208	208	218	202	183	173	191	210	195	165	163	160	190	152	152	168
175	160	183	190	171	176	169	166	166	187	181	235	192	194	181	207	224	235	209	200	212	195	199	191	188	179	175	147	131	122	115	111	105	86.1	84.9	116	122	125	125	134	112	113	107	186	214	199	277	260	185	175	164	288	262	221	257	235	205	212	236	178	149	150	179	184	160	165	153	172	165	174	214	207	206	222	224	160	157	173	191	238	218	215	229	246	275	293	239	252	275	307	330	350	346	333	320	311	315	344	368	297	252	265	266	245	265	229	215	240	213	216	202	207	184	194	195	172	182	159	168	180
210	180	191	159	148	136	145	139	135	165	184	189	185	189	181	196	186	183	175	186	201	194	178	157	156	153	144	130	120	118	113	92.1	82.8	76.8	77	106	84.5	86.9	101	102	126	137	103	100	107	120	117	226	233	225	212	297	307	290	335	273	261	247	244	211	201	174	172	132	163	149	183	156	157	157	192	190	179	185	182	174	179	193	198	190	204	208	200	268	328	355	296	253	299	306	374	396	398	371	388	309	317	312	332	324	292	298	317	330	311	308	292	316	290	276	248	205	180	191	201	218	210	209	225	224
206	185	182	161	175	147	142	126	133	146	179	191	184	173	186	193	204	196	167	184	183	186	192	148	146	142	148	123	115	112	116	89.9	76.9	69	79.9	112	89.1	80.6	78.8	104	132	158	111	89.6	103	132	104	180	208	212	228	283	291	262	286	270	266	252	289	268	212	190	164	129	146	155	197	160	148	142	148	174	167	163	158	181	168	185	208	201	194	176	168	223	285	282	332	269	293	299	330	369	347	347	365	301	310	286	309	317	284	280	313	310	297	303	307	333	282	248	236	201	179	183	186	199	184	191	216	216
244	222	207	174	186	169	147	142	126	140	161	208	199	184	173	174	174	170	180	180	182	185	194	157	148	145	140	128	115	106	106	87.1	75.6	70.7	83.1	146	116	93	83.2	126	115	139	148	110	104	105	99.4	178	203	221	236	289	279	265	295	285	313	271	283	236	218	216	197	145	154	175	183	156	166	173	157	179	154	151	146	164	178	176	187	184	174	162	153	203	253	252	307	280	293	377	322	313	357	354	345	301	306	281	325	302	292	288	321	313	291	302	329	303	251	256	255	209	173	154	169	229	190	169	200	218
237	242	255	207	196	190	158	141	137	150	172	217	213	216	210	200	186	181	187	194	184	183	190	165	162	148	135	127	109	104	95.6	75.6	75.4	73.1	71.9	85.8	94	78.2	79.9	131	140	129	198	131	112	119	122	210	204	240	247	296	342	336	333	305	328	347	319	324	273	270	250	163	177	202	189	178	175	163	164	180	162	149	160	164	187	190	185	183	160	167	182	189	219	229	304	301	281	283	279	304	329	370	328	307	301	290	326	276	298	321	373	346	304	316	340	304	252	253	233	198	184	166	175	221	187	166	174	222
211	232	249	200	172	176	160	199	198	195	234	224	223	230	248	207	205	198	186	164	160	154	156	138	139	125	121	93.9	82.3	80.8	87.8	84.2	79.2	79.1	80.5	79.3	76	77.1	82.7	84.9	98.6	106	122	137	146	166	182	196	241	238	234	257	308	300	311	280	304	298	334	298	257	278	254	221	226	221	226	187	174	156	155	197	170	181	198	164	201	232	204	210	198	207	211	178	169	167	195	253	240	218	235	240	240	255	276	315	293	300	314	286	289	322	356	337	361	364	341	270	248	232	215	177	178	153	139	141	139	134	146	154
188	199	215	191	165	164	174	211	221	216	243	231	212	228	255	226	216	203	198	171	166	151	147	135	127	116	110	88.4	78.9	77.3	85	80.1	76.4	74.3	77.3	79.6	78.8	77.9	82.9	83.1	98.2	105	119	146	222	178	175	202	236	218	231	261	272	257	278	284	294	293	354	270	305	301	276	239	232	209	199	168	168	154	164	174	167	166	205	172	183	220	200	226	209	223	225	208	214	195	243	219	240	244	232	249	255	229	244	290	271	265	270	281	264	305	349	322	306	310	289	238	233	211	201	175	163	139	128	135	137	136	149	148
181	204	204	164	151	152	153	225	244	253	252	242	216	259	262	247	227	224	203	173	169	158	154	127	119	109	106	82.7	77.8	86.4	79.3	77.9	70.9	71.8	73.8	78.1	82.3	98.6	87.1	87.2	112	114	129	153	206	150	202	234	213	211	240	285	264	273	299	296	321	334	375	326	303	294	290	231	248	206	196	185	165	158	182	211	185	177	205	200	199	229	225	225	235	277	256	207	244	272	298	233	214	214	221	231	218	206	208	261	254	234	246	231	264	306	356	315	276	261	260	228	218	202	202	171	161	133	139	151	141	157	139	136
173	194	182	157	154	157	148	239	313	293	281	293	265	271	246	241	225	218	208	169	156	151	138	123	109	101	91	89.1	78.8	73.2	78	73.4	78.6	74.7	75.1	78.1	79.7	85	90.8	90.7	105	107	114	135	130	129	160	223	240	218	226	257	266	293	295	307	342	379	376	313	310	284	289	236	228	229	200	206	188	182	173	216	196	196	200	225	212	243	229	254	253	245	255	233	242	290	301	256	227	199	212	238	220	198	223	229	224	225	230	234	256	256	306	298	287	259	263	234	216	214	198	161	146	149	149	149	135	130	127	138
121	121	115	124	121	108	102	145	182	190	220	297	265	289	274	235	230	213	203	161	144	142	135	104	89.8	82.6	76.7	82.8	79.7	71	69.6	74.4	78.6	73.9	76.8	79.3	85.9	89.1	99.8	123	121	129	135	138	127	152	267	212	221	232	207	225	243	270	267	258	290	321	311	318	294	251	249	206	202	225	208	202	202	205	183	201	191	200	221	299	237	240	287	283	294	258	266	275	278	257	259	225	233	216	226	314	293	261	291	240	236	251	244	288	303	261	307	280	230	227	220	203	188	192	178	174	161	163	153	154	154	145	140	128
122	113	103	122	130	118	122	119	124	148	186	227	282	274	264	231	211	214	201	157	136	129	116	92.1	76.5	83.2	70.8	70	74.1	73.4	70.5	69	71	69.7	76.6	82.6	86.2	97.8	107	137	127	143	141	137	146	147	206	231	249	236	208	194	218	240	248	241	253	286	311	254	294	260	277	209	201	208	193	195	184	184	194	202	203	209	225	271	263	246	304	318	347	283	283	255	234	242	263	221	202	200	221	314	284	261	239	223	215	240	248	267	269	253	261	256	224	202	195	178	169	186	173	179	159	161	155	157	156	143	142	137
126	108	112	113	119	144	151	113	107	120	173	180	187	221	240	227	232	200	205	148	130	121	106	78.3	70.2	67.4	77.9	80.1	72.5	69.2	68.3	72.7	75.2	70.1	80.2	102	95.4	98.7	113	141	126	141	141	147	144	141	143	206	247	205	198	198	207	230	221	226	253	255	281	236	243	229	240	214	195	191	191	197	191	195	202	209	209	203	221	274	287	255	291	301	319	302	305	271	249	252	312	242	194	192	217	265	250	223	216	213	217	212	214	234	264	248	258	231	226	190	201	177	164	167	169	176	165	157	152	151	157	142	131	123
127	123	137	135	130	146	153	121	114	103	138	164	149	158	163	178	184	179	168	142	131	114	109	78.8	67.4	67.5	79.8	80	68.6	63.2	67.9	87.5	78.1	99.8	97.3	99.7	118	121	112	152	130	161	140	151	147	139	163	215	243	192	178	182	186	190	216	223	247	255	236	225	217	224	206	202	209	213	200	222	202	214	230	217	197	209	223	248	276	297	321	326	333	315	325	301	277	264	276	235	204	184	211	243	215	191	210	205	212	217	213	235	240	253	260	209	206	179	174	166	179	160	166	165	155	152	144	158	171	134	120	109
125	134	148	137	129	134	118	114	99.9	88.3	110	98.4	98.9	93.9	95	96.7	95.7	108	110	97.8	93.2	85.8	87.6	81.2	67.3	62.9	63.4	63.7	55.2	55.5	60.6	76.2	74.7	90.3	81.7	101	118	118	125	135	108	118	124	137	122	111	118	144	198	219	151	144	166	166	206	210	212	238	233	189	182	180	179	183	192	193	194	211	214	209	235	209	202	202	207	207	190	257	284	276	298	302	308	326	297	285	299	248	219	214	229	215	168	158	165	182	192	202	219	254	254	255	250	206	189	174	161	140	140	143	141	145	144	140	134	121	125	112	97.7	97.7
126	123	137	124	124	116	114	106	102	97.8	100	100	99.2	93.3	89	79.2	70.8	74	84.3	83	74.5	70.4	76.3	73.9	66.5	58	55.7	54.8	57.8	51.9	53.1	67.5	65.7	86.6	79	97.8	110	115	127	122	105	107	114	131	100	93	106	108	147	190	127	122	147	166	182	181	180	184	188	162	153	168	154	175	186	177	182	196	213	200	213	210	207	204	239	287	224	232	300	299	311	326	296	326	272	296	303	240	220	216	212	184	188	168	154	179	186	186	200	252	260	267	243	200	185	169	154	128	123	123	132	130	139	133	121	113	106	98.7	89.2	88.4
131	134	137	125	124	121	124	115	105	109	106	104	93.6	93	105	72.2	62.7	64.1	83.7	78.3	73.7	72.9	96.8	75.6	57.2	54	58.1	63.2	55.4	45.4	49.2	72.6	61.4	62.2	69.7	89.2	102	114	121	101	97.3	93.9	91.2	123	92.6	88.7	88.2	90.3	101	150	122	112	133	176	185	175	159	159	159	145	162	162	178	184	179	180	173	184	189	196	210	214	217	232	239	236	246	261	239	286	287	295	293	283	276	267	271	241	232	222	209	189	185	176	159	181	181	180	188	256	262	253	236	202	189	168	156	125	121	114	116	122	123	130	113	109	104	89.6	90.1	85.1
149	152	147	131	135	130	130	128	120	123	115	119	102	89.1	86.2	75	64.5	69.4	72.7	82.1	87.2	75.2	90.8	86.1	64.7	56.9	60.4	57.2	57	44.4	47.6	52.9	59.6	58.4	65.5	89.7	98.6	104	100	91.3	91.3	91.9	84.6	97.1	104	91.9	88.2	80.7	91.2	133	154	110	124	170	185	156	156	152	149	149	147	168	180	194	174	176	172	182	186	193	206	212	217	229	218	209	262	218	224	276	274	279	296	288	270	254	271	249	233	216	209	194	187	173	147	187	182	173	197	245	265	255	240	200	184	174	164	134	111	105	111	142	125	121	115	107	91.5	88.8	94.4	96.9
125	134	148	94.5	102	103	126	92.8	92.4	94.9	98.8	93.3	80.7	73.9	68.8	63.8	59.3	54.2	55.3	73.2	85.2	75.2	89.4	99.9	83.9	72.7	84.8	78.1	71.4	60	60.3	55.5	67.7	61.3	61.9	94.8	107	109	103	89.8	83.9	97.6	95.9	83.1	84.2	75.4	74.1	72.5	69.9	83.4	100	116	94.6	117	145	125	123	131	137	143	151	157	159	165	166	160	168	166	169	175	184	186	192	193	200	227	217	234	263	289	287	284	272	283	283	277	312	243	233	227	218	250	228	201	196	210	196	191	205	230	246	238	218	199	187	169	159	130	111	103	107	143	136	136	131	120	103	104	107	135
62.5	85.9	117	75.1	77.7	77.5	88.9	73.6	78.9	81.7	85.9	86.7	78.5	75.1	61.8	61.4	53.1	52.5	50.2	68.2	73.2	75.8	74.9	77	76.6	69.1	76.2	76	66.6	62.5	64.1	55.5	52.2	55.4	60.5	86.9	98.2	99.3	95.1	88.5	81	70.8	81.5	74.6	66.1	73.5	73.8	65.6	64.1	64.2	70.1	96.2	114	94.4	128	125	120	125	134	139	152	150	154	157	162	159	158	154	165	171	183	180	181	185	196	224	231	224	242	287	305	289	269	274	277	270	272	230	229	229	214	226	209	206	191	197	196	194	213	239	234	244	224	195	192	183	157	114	99.6	94.8	96.9	134	128	129	138	107	104	105	110	125
40.7	54.6	73	59.1	88.1	59	74	73	65.5	67.1	75.5	93.7	81.4	71.2	62.8	55.6	51.1	50.5	50.3	63.1	73.9	78.8	73.3	74.7	69.7	68.1	71.3	85.1	76.5	65.7	63	59.9	54.6	50.7	59.3	84.9	93.3	90.2	96.8	86.3	85.3	67.1	62.2	65.6	62.4	75.8	79.1	73	70.8	71.7	67.9	78.1	112	84.1	98	104	109	116	123	133	151	165	167	159	148	151	150	148	162	174	185	168	171	183	198	215	223	226	220	278	312	306	275	295	275	279	262	228	225	223	212	211	201	190	186	190	203	195	223	260	251	236	241	206	189	184	168	114	102	91.6	90.3	129	129	140	126	108	116	137	142	119
26.1	29.7	43.3	34.4	33	35.2	44.6	61.8	54.4	52.7	62.9	99.8	82.3	75.9	59.8	54.9	50.2	50.4	50.4	62.2	82.2	79.3	76.9	81.2	78.8	79.2	74.8	87.6	80.7	70.5	68.9	59.9	56.8	52.8	57.7	71	78.1	85	82.2	79.7	73	70.7	66.4	80.8	78.5	65.8	70.7	60.2	61.8	68.9	68	85.1	73.6	88.6	99.5	95.5	106	107	119	137	148	170	168	161	148	151	154	152	155	172	175	174	172	197	203	222	241	242	248	297	291	283	275	298	277	264	256	235	217	214	199	202	186	181	180	193	187	197	229	260	248	241	231	220	203	185	166	124	110	94.1	95.3	123	135	138	135	129	151	145	130	130
3.54	3.12	2.88	12.9	12.5	12.8	16.9	27.7	37.5	38.8	63.9	66.8	68.8	73.2	79.1	52.2	51	50.2	51.7	61.5	69.2	73.9	81.6	80.2	81.4	75.6	70.8	77.2	76.4	91.8	109	112	105	81.7	78.5	70.1	71.3	73.1	71.7	73.5	70.1	68.1	67.6	79.7	70.5	69.5	82.3	56.6	58.2	64.3	94.1	88.2	68.3	70.3	90.9	101	105	123	137	127	142	162	170	148	147	137	145	150	149	163	179	167	158	162	197	198	213	212	210	272	273	253	243	255	240	211	204	232	220	206	219	198	184	181	197	207	209	220	226	258	259	252	253	223	213	181	167	145	125	113	114	138	141	146	139	160	143	122	133	118
2.67	2.59	2.27	9.88	9.75	9.39	10.1	17.6	21.5	35.6	44.5	53.9	57.8	60	61.4	56.7	52.3	51.2	54.4	68	65.6	70.4	72.8	71.5	68.7	63.5	63.9	66.2	68.4	79.3	107	112	94	83.8	75	67	74.2	79.4	71.6	72.5	71	64.2	64	68.5	66.3	61	78.5	62.2	55.8	65.1	95.6	111	84.8	74.4	86.8	91.4	99.4	115	138	128	148	160	169	148	137	139	151	158	156	163	172	166	169	180	185	207	218	210	237	310	287	281	249	232	233	251	213	230	215	196	193	187	171	170	205	215	204	225	241	260	265	259	263	227	207	183	171	156	136	121	120	140	139	145	139	151	148	127	128	115
2.38	2.14	2.19	8.64	8.53	8.16	9.05	14.6	15.7	24.2	33.7	50.8	54.2	45.4	50.6	56.6	56.6	56.2	55.3	65.5	69	68.7	69	74	60.3	57.7	56.2	60.6	61.8	64.4	83.5	113	101	96.5	89.8	75.5	80.6	80.6	72	72.9	70.5	66.8	66.1	83.8	79.5	69.5	67	68.4	65.1	66.7	73.6	94.6	98.2	95.5	90.1	92.7	108	113	132	126	146	161	183	160	143	148	164	156	164	168	175	183	173	177	185	199	209	222	237	269	261	304	244	237	238	255	229	220	197	192	184	182	176	175	202	224	218	250	234	267	254	283	276	235	217	190	174	161	160	139	132	149	146	140	148	153	146	137	129	120
2.63	2.47	2.83	8.78	7.66	7.53	7.7	12.3	13.3	15.8	22	48.7	48.7	43.5	43.9	54.8	55.1	53.6	54.5	67.8	69.6	69.3	62.6	58.4	55.4	68.3	48.4	56	57.6	65.5	84.5	117	107	120	120	93.2	88	82.3	78.9	78.7	75.4	72.4	70.5	81.4	88.3	75.8	86	76.6	84.7	77.3	76.6	94.3	97.4	116	103	97.2	109	121	138	122	138	157	168	178	174	164	168	155	162	174	185	191	182	194	221	252	236	247	262	279	262	293	323	283	244	231	227	204	195	183	188	183	198	182	198	220	236	254	239	261	256	282	273	239	217	198	191	175	182	157	144	149	151	147	152	156	150	147	146	130
0.39	0.36	0.57	9.07	8.88	8.27	8.58	14.6	14.7	15.7	20.8	24.2	35.2	33.9	46.7	54.7	62.2	71.6	83.3	70.6	67.9	65.2	61.1	43.4	41.8	41.5	34.7	40.2	41	47.7	59.9	81.7	87.1	112	112	126	101	92.9	93.5	93	95.1	98.9	101	82	79.5	74.6	75	76.3	79.7	97.7	97	102	120	93.8	92.5	83.7	80.6	97.3	105	115	126	137	152	171	164	162	176	174	181	187	222	248	197	249	251	281	281	261	293	362	280	302	280	223	196	240	248	205	199	171	179	179	185	187	197	222	246	259	255	287	300	292	286	255	223	210	202	200	206	196	176	171	155	153	165	148	151	152	148	144
0.45	0	0.06	8.44	8.13	8.05	8.61	13.7	13.9	14.7	15.9	20	22.7	27.4	35	52	54.2	64.4	75.3	70	72.1	62.3	55.8	41.1	37.3	34.8	32.3	35.6	38.1	39.9	45.8	61.8	64.3	82.8	91.4	96.5	94.9	85.7	87.8	97.1	94.1	97.5	90	90.5	87.2	79.4	77.7	82.4	84	88.3	102	113	115	106	104	78.5	83.5	86.4	101	109	118	125	139	145	148	159	173	173	175	196	231	263	238	251	322	291	284	261	288	345	338	334	256	227	205	258	288	243	196	180	183	202	186	177	183	219	231	236	257	293	310	289	284	259	231	220	207	209	221	186	182	164	151	153	166	149	141	147	144	153
0.06	0	0.36	8.11	7.77	7.81	7.94	13.7	13.5	13.8	14.3	16.9	17.8	22.9	26.3	53.9	53.1	58.9	65.2	72.6	68.8	68.5	60.8	43.2	36.4	32.6	30.4	39.8	39.8	39.9	45	61.8	60.5	62.6	71.4	74.6	74.3	72.8	79.4	101	95.1	97	90.2	90.6	90	91.5	80.4	84.1	87.2	91.8	103	105	108	120	125	92	86.2	92.1	94.1	98.8	112	119	133	140	146	158	163	187	205	204	231	279	269	248	298	303	304	287	326	325	418	326	301	256	215	245	238	233	190	203	215	199	191	179	183	206	218	231	235	289	304	293	297	272	233	235	225	219	212	198	187	186	174	165	178	159	150	156	149	155
0	0.09	0.42	8.08	7.78	7.87	7.89	13.5	13.5	13	13.1	14.7	15.9	16.8	19.4	39.2	44	53.9	63	77.7	66	63.5	60.7	48.2	39.9	33.4	29.1	49.2	41.5	40	50.1	67.1	67.9	62.3	63.8	60.5	57.9	56.9	74.3	91.4	92.2	95.2	91.9	94.5	91.8	88.5	81.9	84.4	87	93.4	97.1	110	123	151	131	92	90.4	87.3	99.8	100	108	117	128	143	151	149	159	200	209	219	254	294	301	302	274	283	287	350	325	305	327	311	332	358	210	193	196	196	211	221	237	212	188	178	194	206	225	236	246	284	300	298	301	269	247	235	222	233	233	219	216	198	205	186	188	170	156	166	171	180
