116	134	135	167	174	208	243	238	236	258	301	302	343	392	474	433	411	408	406	350	345	353	358	360	371	405	428	396	399	385	388	434	494	628	651	572	587	595	688	581	542	503	517	417	442	331	256	281	251	227	226	230	246	259	288	406	425	488	525	432	420	444	421	390	310	266	270	220	244	234	229	253	256	253	235	227	237	231	218	215	195	188	185	191	230	172	155	132	133	158	224	218	197	189	197	199	188	177	166	111	101	105	136	122	132	136	146	124	141	132	143	167	169	175	170	155	169	190	192	197
133	156	168	200	208	240	240	193	188	208	246	297	328	340	423	481	377	362	432	431	394	368	382	401	370	381	384	488	468	444	430	546	555	617	621	492	490	527	547	499	488	449	432	417	395	306	281	253	244	236	231	238	216	228	219	247	205	295	350	296	294	304	298	289	291	285	282	187	205	216	207	223	253	232	241	261	248	251	249	211	206	211	181	183	209	239	158	162	143	151	155	179	190	170	145	152	119	123	120	89.1	72.4	78.8	77.9	75.9	90.4	83.8	79.2	85.8	82	97.1	93.9	107	103	112	111	120	122	164	168	167
132	148	165	186	195	231	233	188	207	250	247	275	301	309	355	419	396	410	388	377	366	366	366	374	372	375	397	470	446	418	423	450	446	534	522	387	354	375	388	399	390	323	322	336	306	279	267	263	236	226	257	307	283	220	217	216	177	206	247	308	263	262	249	251	234	229	267	187	208	240	216	218	227	239	238	248	248	261	275	225	236	227	188	187	175	193	170	189	177	145	147	171	149	128	135	125	97.3	88.1	99.4	69.5	61.3	55.3	55.5	42.7	44	39.4	46	60.4	59.3	76.4	56.8	72.6	86.4	73	79	93.6	105	107	137	146
143	144	160	180	190	205	216	173	200	224	249	265	266	293	345	388	341	365	357	360	359	372	388	410	377	395	423	423	403	411	415	403	440	452	451	327	347	320	322	302	288	255	250	285	276	283	268	266	270	253	251	247	243	235	265	159	207	187	206	260	236	247	235	228	235	241	254	214	220	222	209	218	213	242	246	250	247	260	260	249	227	213	194	197	184	165	173	190	200	139	145	163	116	129	128	102	80.4	68.6	78.4	70.2	46.4	43.4	39.6	36	32.4	36.3	39.9	42	59.9	54.6	53.9	50.8	76.9	59.5	68.8	106	106	104	122	137
150	150	176	172	185	206	225	163	176	195	230	250	271	322	367	361	331	322	337	366	363	374	424	461	400	398	414	422	421	445	442	387	454	443	377	292	273	274	310	254	236	228	205	267	268	273	279	281	276	244	209	213	219	215	205	147	155	251	192	246	247	246	262	251	242	250	277	239	237	216	217	229	219	221	222	246	247	250	240	257	201	205	194	199	169	161	195	171	211	218	148	162	113	113	125	94.7	63.8	87.7	80.3	56.9	45.6	48.5	55.5	40.6	41.3	42.8	39.5	39.1	50.5	65.4	53.4	46.9	47.6	70.2	96.4	102	91.4	94.8	103	137
171	195	212	182	180	203	232	179	191	188	207	245	269	301	318	323	325	333	365	393	407	422	436	503	458	454	446	451	416	395	395	314	288	269	205	240	191	181	207	186	176	165	140	212	231	260	298	326	310	302	291	317	301	296	285	239	225	258	242	258	249	316	314	239	218	217	222	227	233	204	217	222	216	221	226	261	236	231	237	213	190	195	192	169	151	148	144	138	150	194	140	96.4	79.2	81.1	77.8	61	53.4	67.9	77.9	62.6	42.4	33.8	39.9	34.7	34.2	34	33.8	35.8	36.2	26.2	25.4	46.1	38.3	37.6	57.8	52.7	50.9	77	80.3	114
182	202	218	179	185	194	229	174	167	178	200	220	270	288	294	315	330	321	328	363	391	397	408	442	428	423	476	496	433	468	349	255	279	264	208	176	164	154	188	190	163	135	160	205	224	258	277	321	316	304	334	345	286	297	306	244	271	251	240	271	296	340	320	276	233	231	231	208	202	195	201	222	212	210	224	246	236	269	303	204	190	194	195	188	166	143	144	165	180	154	115	99.2	98.8	49	53.6	48	49	63.7	49.6	35.4	44.9	38.8	27.1	35.2	43	47.8	38.9	37.7	38.9	33.4	33.2	43.5	32.1	28.4	46.4	38.7	47.5	67.9	73.4	81.2
186	206	221	195	193	209	226	177	170	172	204	259	277	308	283	262	263	284	361	379	340	364	387	436	442	470	491	431	423	398	419	283	259	257	231	153	134	134	146	163	158	151	153	207	206	223	257	315	319	311	332	335	314	289	301	229	226	257	263	268	303	315	361	237	222	236	261	232	203	218	250	252	235	224	217	226	226	268	255	196	182	178	209	195	152	135	149	158	166	142	132	134	49.2	48.1	74	60.7	49.9	49.3	47.1	38.9	55	43.2	28.5	38.6	43.1	35.1	48.3	32.9	43.7	42.6	33.3	44	45.5	37.3	43.9	74.4	40.9	58.1	58.2	64.8
189	210	245	212	196	211	227	173	167	192	231	268	254	296	255	256	262	278	306	326	336	402	438	437	459	521	536	463	469	436	473	312	290	296	258	150	117	110	131	156	184	155	155	224	209	243	263	306	313	304	319	337	358	316	281	216	227	238	240	270	276	311	312	228	212	232	253	214	213	220	233	248	235	232	231	241	236	237	236	201	187	175	194	183	166	141	172	180	166	132	150	103	87	58.9	68.1	60.2	50.9	39.2	40.6	27.4	46.8	39.5	25.6	40.9	46.9	38.9	34.2	29.7	43.6	37.5	30.2	37.2	60.7	57.7	37.6	43.3	37.8	51.5	67.3	107
261	261	331	245	259	240	247	256	230	234	287	266	252	295	285	276	249	258	285	308	309	360	434	389	399	449	447	506	468	437	502	394	355	299	233	131	113	118	156	141	162	152	114	180	197	227	212	259	279	289	281	303	309	308	274	258	257	233	241	300	295	306	288	269	249	250	223	228	236	225	220	226	215	228	233	241	237	232	208	148	158	154	159	186	176	149	157	166	174	181	192	209	133	93.7	88.9	49.4	33.3	18.7	33.6	17.7	24	16.3	16.2	25.1	32.1	41.1	44.1	30.9	44.4	38.3	44	26.1	16.3	14.8	10.6	22.3	29.9	29.7	40.3	76.7
271	249	312	237	263	227	222	224	215	243	259	240	247	264	273	248	277	302	315	344	328	327	359	326	358	422	451	519	490	458	504	415	336	255	238	151	147	126	146	173	153	153	132	170	192	207	194	249	263	307	295	312	335	303	275	253	235	232	242	274	281	302	362	285	270	241	212	230	214	202	202	209	205	220	230	208	200	242	191	182	147	152	160	201	165	151	145	160	133	161	156	251	137	80.6	85.9	35.2	22.1	31.3	33.8	10.4	18.4	13.2	15.8	25.8	32.6	33.3	39.6	37.6	45.7	56.7	50.4	22.5	24.8	10.3	5.61	14.6	19.6	24.7	27.1	66.1
251	297	328	252	215	204	211	213	202	213	235	240	261	243	266	233	279	335	324	402	357	348	383	329	349	404	421	549	480	446	482	370	302	244	217	173	153	141	147	159	165	146	159	181	204	226	214	247	263	304	299	329	336	314	281	282	246	254	279	314	316	320	425	292	234	240	236	216	197	186	187	185	195	195	216	203	189	185	177	225	147	216	219	232	168	150	131	136	122	138	178	219	158	106	83.9	36.2	23.1	23.8	15.2	8.04	9.24	10.7	9.75	21	30.2	27.8	29.9	23.7	29.2	27.4	28.4	21.7	24.6	7.56	5.37	12.4	14.8	19.7	24.5	31.5
266	333	337	281	244	235	256	254	218	230	233	232	227	228	270	246	307	392	340	403	459	428	396	370	399	435	469	576	501	448	484	363	288	245	230	169	156	142	150	160	143	148	136	206	216	207	234	266	273	329	349	334	306	326	278	272	272	258	272	318	334	390	441	287	259	246	268	232	187	171	171	186	179	181	195	180	160	164	175	157	132	171	175	207	184	167	147	144	133	169	179	166	225	141	88.2	44.9	30.2	23.6	13.7	7.44	5.88	4.77	3.45	13.3	20.8	21.7	29.7	22	19	17.9	14.2	20.9	23.6	16.8	7.83	13.9	19.4	18.2	17.5	18.4
215	254	256	246	240	260	277	256	263	229	241	193	196	227	213	236	295	327	338	382	401	426	448	455	483	480	400	483	399	384	392	256	251	216	207	166	145	138	150	159	163	192	216	225	235	242	249	298	320	348	358	348	328	323	321	250	253	247	227	309	290	321	352	246	196	213	239	241	188	170	167	180	156	151	163	226	139	142	155	132	118	130	129	179	180	189	189	207	189	176	170	182	169	146	120	52.5	48.1	29.2	24.1	8.67	4.05	3.12	3.72	6.54	9.15	9	12.9	10.6	6.33	7.08	9.93	7.56	5.67	1.68	1.68	5.67	8.43	9.57	15.4	33.7
209	227	262	234	244	260	265	230	253	241	239	192	238	299	307	247	247	300	314	335	334	379	441	423	429	384	353	359	383	355	331	246	240	158	140	154	141	140	162	172	169	167	165	222	230	251	287	329	351	360	362	351	339	327	324	248	256	236	228	287	299	306	370	275	219	225	248	254	188	185	165	158	154	138	157	154	129	124	131	111	108	91.1	110	175	149	194	172	199	173	171	211	186	172	169	129	61	46.9	40.6	35.5	8.61	6.06	4.65	5.28	5.25	6.06	6.45	7.5	7.68	7.35	6.75	8.01	5.28	3.09	1.11	3.45	8.13	5.82	5.52	13.1	26.8
217	212	250	230	235	244	224	221	229	246	252	215	322	331	337	273	258	255	276	310	339	340	478	439	339	368	413	366	379	309	278	252	220	156	171	165	180	187	190	193	175	216	199	245	238	273	322	352	353	380	336	364	382	346	330	264	260	227	239	250	257	262	306	235	206	187	239	269	184	187	171	137	139	141	137	128	126	111	121	100	80.7	95.7	97.5	165	136	156	172	199	193	185	178	164	174	171	176	71.3	60.9	51.8	45.1	16.2	12.5	12.6	4.02	4.11	4.26	4.47	6.18	5.85	6.27	5.31	4.35	4.83	2.58	1.11	3.48	5.28	3.18	3.48	4.56	5.76
229	232	232	204	206	194	206	246	235	223	252	260	392	368	366	292	264	277	284	309	359	310	392	393	336	337	396	331	319	264	243	213	233	217	179	186	156	175	218	200	199	235	231	252	262	259	267	339	343	351	340	388	360	346	386	308	311	270	284	246	231	219	284	196	189	179	214	232	206	203	167	126	123	128	141	125	128	115	115	96.2	91.1	90.7	101	180	147	141	147	211	175	159	171	198	160	184	200	86.1	78.1	73.6	60.5	23.8	14.9	21.3	19.5	6.3	10.9	7.92	4.47	5.28	4.32	4.35	3.75	2.64	1.41	1.44	1.5	2.94	3.15	3.45	5.28	6.51
235	263	242	221	251	187	183	146	150	138	176	223	275	277	225	239	206	220	246	327	327	302	317	324	316	307	336	288	257	228	211	188	223	227	211	284	270	260	305	214	206	240	208	231	237	250	270	359	340	346	345	402	364	374	448	348	297	220	258	171	145	120	165	227	200	208	243	257	229	174	132	107	88.8	94.2	113	90	96.9	86.1	139	230	109	118	200	183	160	155	159	134	130	150	136	159	182	221	173	134	108	96.3	85.3	40.4	32.9	31	26	26.8	37	20.6	7.26	2.64	2.64	2.19	1.8	0	1.38	0.09	0.03	3.51	0	0.09	0.12	3.27
232	222	229	224	234	218	224	156	155	150	190	208	214	259	246	234	190	231	328	326	290	278	274	306	315	297	304	281	256	226	226	229	267	249	208	278	258	259	283	196	184	187	175	227	224	211	256	331	320	317	328	365	367	387	388	262	247	217	246	172	107	110	144	201	180	194	196	188	211	155	147	122	71.4	81.7	90.2	92.2	67.1	60	63.6	83.2	106	156	132	184	158	147	144	143	147	152	143	154	201	242	196	151	132	92	88.4	44.8	38.1	35.8	38.7	20.9	13.9	5.88	1.17	9.6	8.73	3.48	0.99	7.2	3.63	0.45	0.24	0	0.03	0.09	0.3	0.75
220	231	282	248	231	247	219	145	156	167	206	220	236	260	214	217	208	297	328	289	265	273	261	313	297	300	331	307	281	239	247	299	283	242	224	257	256	248	290	207	204	173	197	227	219	227	252	318	334	320	340	367	348	383	344	250	239	168	219	132	96.7	106	141	150	187	182	170	170	177	134	163	128	96.1	95.5	73.8	105	63.6	50.7	47.1	72.8	97.1	145	122	171	180	155	194	129	182	155	124	160	270	209	234	154	153	116	99.9	83.2	58.3	60.7	46.6	23.2	12.8	8.52	2.94	28	12.7	6.27	11.2	15.4	7.68	0.03	0.06	0	0	3.09	0.27	2.16
241	271	295	297	271	274	222	155	176	175	203	251	282	287	245	206	214	346	342	284	273	242	277	300	310	289	373	303	237	294	260	247	232	227	242	257	256	268	303	217	226	199	206	229	212	221	280	327	337	328	342	360	352	345	307	265	185	133	155	119	75.2	77.2	102	118	133	149	148	146	120	107	134	102	102	90.4	72.8	55.2	47.1	46.9	37.2	61.4	67.3	128	105	166	161	156	166	170	203	165	144	183	178	182	177	157	151	138	113	91.7	68.6	52.1	42.5	25.4	18.9	6.3	1.86	9.33	9.87	8.16	9.48	4.17	3.57	0.18	0.12	0	0	2.91	0.51	3.48
213	223	270	239	227	250	226	207	208	215	225	222	271	267	277	215	214	196	231	265	229	258	239	356	299	280	303	291	327	398	288	240	196	192	205	251	196	223	211	165	162	157	169	191	199	180	219	256	283	250	225	262	284	219	172	167	164	103	98.1	139	80.4	72.2	87	86.4	69.4	66.6	55.1	84.5	85.1	96.1	115	63.8	64.6	58.6	71	50.4	34.1	38.2	50.5	79.7	68	90	106	113	139	148	147	244	191	199	209	232	189	160	167	142	142	134	136	120	111	85.7	86.7	67	62.8	57.6	56.1	46.3	49.1	50.5	49	2.31	4.86	6.99	1.68	2.97	1.26	0.36	1.38	16.2
186	225	259	217	229	255	240	187	206	272	212	246	250	253	228	257	247	220	215	247	220	250	286	323	332	303	297	318	347	351	303	220	184	218	244	208	199	254	185	173	168	142	223	250	197	178	190	272	245	213	211	342	265	249	189	160	182	83.7	80.4	91.1	61.9	63.9	68.5	62.6	56.2	46	50.6	74.6	73.7	89	94.9	59	45.5	38.4	48.4	33.8	57.3	40.1	56.8	58	91.2	95.3	83.6	94	128	135	144	201	178	191	187	247	204	158	159	140	128	137	151	121	106	96.3	87.7	70.7	69.8	56.2	56.8	49.2	52.5	51.9	50.1	11.5	10.7	21	10.4	11.5	31.6	14.7	14.3	15.9
190	205	260	191	227	231	242	215	216	264	259	234	260	224	235	278	334	295	267	230	222	249	304	320	320	273	327	312	306	298	282	214	188	221	213	180	205	244	230	163	152	147	170	204	199	182	188	225	205	199	225	256	251	177	173	121	118	80.8	90.8	68.3	64.1	67.9	75.4	89.9	57.7	42.6	43.7	69.1	58.4	74.3	87.4	84.7	40.1	33	39.2	28.6	32.6	42.8	40.9	56.1	84.5	85.6	76	98.6	98.9	142	167	195	166	181	167	232	231	164	164	134	133	158	136	103	95.7	94	90	72.3	109	65.9	70.7	66.4	69.8	57.9	62.6	9.33	17.2	29.5	23.5	27.6	23.1	27.8	26.5	16.6
188	212	230	198	233	257	262	240	196	213	219	205	206	231	251	247	261	414	391	230	294	266	295	313	374	302	340	304	310	334	321	270	276	313	240	193	190	220	216	195	185	162	157	165	165	163	166	174	195	188	199	159	143	159	166	117	86.8	118	111	72.4	75.8	72.3	107	103	51.3	58.4	41.1	72	57.2	53.4	67.1	49.3	40.5	38.8	45.7	32.1	30.8	51.1	31.9	56.4	50.3	45.7	60.4	111	113	170	145	179	160	151	151	184	206	152	176	141	126	129	126	103	96.4	92.7	87.5	77.4	78.6	81.1	86.5	77	67.8	83.5	75.1	30.6	50	36.3	23.1	51.5	38.8	31.1	31	14
161	187	168	151	185	231	279	237	182	188	182	161	182	205	229	221	271	285	285	294	271	280	283	252	264	271	286	264	328	322	280	331	368	331	313	233	210	219	222	184	140	132	166	153	127	96	93.6	101	107	117	107	116	101	100	108	83.2	68.5	67.2	72.4	50.4	42.5	46.8	77.4	113	73	68	49.4	52.9	58.8	61.5	78.9	74.9	69.7	64.2	69.9	69.3	64.5	54.6	60.8	72.2	58.7	70.5	82.9	123	129	154	160	110	104	106	98.9	89	93.3	95.2	124	146	126	136	140	105	95.5	108	78.4	75.4	69.8	88.1	106	139	121	140	141	180	198	173	156	155	144	132	127	9.03
154	170	179	192	180	237	259	210	220	207	185	154	166	207	219	231	243	226	238	268	251	248	265	243	252	258	284	288	287	251	260	313	347	317	308	273	245	223	254	173	134	132	160	155	146	106	106	93.1	81.8	88	109	95.8	83.3	86.8	85.3	55.8	54.4	59	85	47.4	31.6	40.2	71.8	111	81.9	63.2	45.5	48.9	52.8	59	71.3	74.7	72.1	77.7	76.2	70.6	65.4	66	70.9	79	63.5	59.3	66.7	106	117	117	143	107	89.9	96.1	88.4	85.4	90.6	85.3	94.7	127	130	145	180	129	120	87.5	88.7	81.8	81.6	85.8	124	138	129	151	196	218	210	212	199	156	142	130	126	4.17
193	214	203	183	196	205	250	209	199	218	207	204	199	188	215	222	238	232	248	241	238	288	269	230	230	255	287	237	257	263	240	301	295	343	324	319	260	195	230	162	124	120	143	144	150	118	114	93.8	77.4	93	110	104	86	90.7	68.8	61.8	53.5	64.7	64.5	43.6	29.5	92.8	92.3	110	71.4	64	53.6	52.4	53.6	61	65.8	60.8	63.2	69.3	77.9	74.8	87.4	70.7	66.5	66.3	60.5	59.1	56.9	89.1	128	116	130	95	89.8	95.3	115	78.2	86.2	92.5	111	143	145	157	210	173	178	98.7	85.6	82.9	86.4	103	99.8	132	130	147	178	253	255	227	197	190	172	123	112	9.51
175	204	202	165	173	170	202	201	201	214	234	205	177	195	225	228	208	203	226	247	262	258	286	233	235	239	242	246	250	241	265	303	303	337	343	350	257	185	185	141	141	144	131	146	147	154	125	88.5	79.9	92.8	103	186	89.6	77.1	74.9	107	67.8	59.4	66.8	30.7	36.5	60.6	74.1	98.9	99.6	71	59.6	60.1	67.6	56	63.5	66.8	64.9	62.4	66.5	77.9	78	76.7	66.8	70.3	60.4	53.9	59.4	87.4	96.9	109	134	105	101	101	104	84.3	89.4	103	134	184	182	194	170	176	112	93.1	92.3	79.4	75.6	93.6	82	121	134	147	172	248	261	266	230	249	216	136	136	46.5
188	211	229	194	180	162	180	176	143	175	231	188	139	161	168	139	120	133	194	244	234	242	264	223	254	230	210	281	230	233	269	272	260	260	222	162	126	119	113	115	114	117	142	194	128	149	91.1	84.6	76.2	65.1	55.1	80.1	65.4	50.9	54.9	66	66.5	61.4	74.8	50.8	50.6	57.6	65.1	104	114	88	83.9	110	118	129	157	138	117	96.3	92.8	77.3	62.1	68.5	88.8	75.9	78.8	72.2	72.6	74.7	81.6	91.9	119	132	127	125	134	158	162	166	200	189	196	192	173	110	97.9	90.9	103	69.5	70	75	70.8	106	106	116	116	171	189	191	191	227	178	156	146	107
191	205	253	207	202	205	224	215	143	174	194	162	127	135	147	128	161	132	165	225	230	232	243	218	249	240	252	228	202	213	233	282	258	234	198	143	122	104	95.7	109	124	119	117	118	114	94.5	89.4	82.8	74.1	47.3	43.8	37.1	46.2	56	50.2	49.7	52.1	55	51.3	59.6	66.2	52.7	53.7	94	86.2	84.6	89.4	104	130	123	136	156	125	106	93.6	61.2	71.5	63.1	75.8	68.4	73.9	81	70.4	69.6	71.9	80.5	102	116	105	108	112	143	153	164	169	149	174	178	146	106	99.8	90.5	86.6	58.5	60.2	55.9	58.5	82.1	97.7	125	120	176	187	196	215	221	171	165	171	125
184	200	226	209	220	258	240	205	186	172	164	146	138	149	148	139	166	177	149	233	214	255	271	224	226	225	217	217	202	212	258	254	237	219	176	117	103	86	82.6	94.6	113	118	110	93.3	74.6	73.5	74.3	83	69.5	55.3	38.7	36.7	35.4	44.1	60.4	44.2	48.6	52.8	51.1	63	59.6	58.2	55	98.2	97.7	97.9	84.2	110	108	102	130	138	131	106	83.1	59.2	83.4	66.5	59.6	60.5	58.3	62.7	58.7	65.6	62.8	70.4	92.4	92.8	86.2	87.9	96	142	136	148	148	135	144	140	135	102	86.8	87.2	77.2	58.7	56.2	56.6	53.8	62.7	76.5	84.7	87.8	141	184	186	188	162	133	147	129	142
205	217	210	202	195	192	205	199	166	147	157	156	151	182	142	113	137	141	184	231	212	283	288	222	256	224	213	235	213	210	249	229	209	196	171	99	102	104	88.7	89.3	97.6	97	101	75.1	65.1	50.8	53.1	77.4	71	46.3	44	66.3	53.9	52.8	68.7	44.7	46.4	51.9	54	89.1	67.5	55.2	62	113	100	96.4	124	130	122	99.3	117	129	133	97.7	87.2	43.1	58.6	54.9	51.9	58	56.1	51.7	52.2	47.4	62.9	69.6	92.7	84	82.3	79.9	84.7	118	118	122	132	114	115	118	112	85.6	95.7	73	72.3	54.9	51.3	49.5	49.9	56.3	67.5	67.1	70.2	111	153	145	134	121	173	126	107	121
205	213	217	162	185	177	197	161	158	147	201	152	151	153	160	159	157	166	169	203	209	240	253	256	263	259	268	214	202	205	216	162	195	151	145	145	108	154	95.3	91.6	84.8	90.6	97.9	64.8	54.9	49.8	45.6	51.7	65.4	56.6	50.5	87.9	64.6	56.4	57.6	75.8	66.2	63.5	66.7	118	109	102	174	119	102	103	126	130	110	81.9	71	83.5	78.2	69.2	66.4	36.1	35.2	44.7	41.8	31.9	35.6	32.8	34.2	55.2	51.9	48.3	59.5	44	51	40.1	36.9	45.8	49.9	56.1	67.9	68.3	79.1	78.9	81.1	63.2	59	56.3	73	75.4	40.7	31.1	21.7	28.6	31.2	39	44.8	67.9	87	92.7	100	129	162	131	97.1	89.3
203	227	211	150	152	186	175	138	135	126	145	141	137	140	141	152	148	151	159	182	187	207	207	239	248	218	256	228	193	172	184	140	183	151	118	127	120	98.1	117	96.6	85.8	86.1	84.4	57.3	51	46.8	43.7	49	60.8	47.9	43.1	63.4	56.4	53.2	44.4	71.9	59.7	56.9	55	126	124	108	119	108	90.8	88.8	92.2	98.4	82.8	77.5	62.7	73.7	63.1	55.8	53.2	59.4	34.6	42.2	36.7	28.1	28.1	26.5	28.7	38.3	39.4	47.3	44	50	34.4	29	25.7	35.1	38.2	42.6	48.1	49.5	55.7	57.5	64	46.4	44.8	42.4	51.3	49.5	20.2	15	12.5	21	23.3	30.7	32.2	48	55.6	64	74.5	110	111	83.7	105	72.5
204	212	204	147	138	152	163	122	127	113	132	147	131	137	138	149	141	150	161	191	175	181	199	208	193	209	236	190	217	162	180	135	140	134	120	132	97.8	131	152	132	110	82.3	78.6	54.2	49.7	49.7	44.3	45.9	50	45.7	56.1	55.6	50.9	42.8	46.1	69.8	71.2	55.8	67	119	102	110	101	78.2	71.4	65.9	68.8	67.9	71.8	67.2	52.8	59.4	56.5	54	52	33.1	33.9	45.7	28.4	29.3	26.2	26.1	23.4	26.1	30.5	33.5	40.7	25.3	24.2	24.5	20.9	28.6	30.1	32.5	35.5	40.3	43.6	55	52.3	39.9	37.8	34.7	35	18.4	13.7	9.34	8.71	16.4	19.9	20.8	25.9	36.9	41.7	49.2	54.3	90.5	79.1	71	65.5	53.5
220	215	192	164	150	143	141	121	105	103	127	135	114	124	131	146	150	155	164	165	170	164	178	192	172	187	203	160	153	141	145	127	146	119	120	193	127	106	114	103	95.3	95	99.4	66.8	59.6	69.9	52.8	46.3	47.8	51.6	57.8	54.7	52.5	42.9	49.1	66.8	66.2	106	84	119	115	117	108	81.7	77	63	64	54.2	55	51.1	45.4	59.7	55.7	51.7	49.9	30.1	28.6	27	28.2	27	25.7	22.1	21.5	21.7	21.8	22.3	22.4	18.5	16.5	14.2	14.9	22.8	24.4	26.5	28.3	33.7	34.7	45.3	49.4	37.4	32.3	29.4	27	12.1	11.5	7.2	5.9	13.6	16.1	29.6	29.8	29.3	28.4	35.5	40.3	76.3	52.2	47.4	46.3	42.1
196	180	185	199	195	182	147	96	84.7	91.5	127	130	114	103	103	139	137	137	150	138	144	150	162	157	157	173	207	197	200	212	239	190	173	180	191	136	185	181	177	128	97.1	97.3	101	80.9	84.3	67.1	54.6	56.1	61.4	56.1	50.4	58.8	47.8	40.9	41.4	73.7	78.5	80.4	64.6	115	106	93.1	76.9	56.7	117	29.9	43.2	28.6	33.4	27	29.6	31.5	40.5	27.3	26.5	16.9	16.4	15.7	19.1	16.4	15.7	15.6	16.9	18.5	17.8	18.5	22	22.6	21	17.6	17.4	18.7	20.7	21.8	23.3	26.1	28	31	38.4	37.9	32.3	30.4	28.8	8.33	7.4	7.44	7.81	15.1	19.2	23.5	28.1	21.1	16	16.8	17.9	15.4	15.9	16.4	16.9	23
170	178	203	202	169	139	158	88.2	78.4	90	113	120	112	105	87.5	115	115	126	149	136	155	157	148	154	179	194	214	199	177	179	197	180	167	171	169	131	115	154	256	143	101	89.9	98.3	84.6	84.8	58.4	54.1	60.1	71.6	65.8	54.6	59.2	40.7	36.5	41.7	65.8	77.5	72.4	52.6	80.3	110	76.2	41.3	37.6	32.6	27.1	35	25.3	19.6	18.5	18	18.8	27.3	26.3	21.9	16.9	20.2	15.7	14.8	16.5	16	16	16.5	19.5	18.7	19.5	21.8	21	18.9	17.8	16.7	16	17.1	19.7	20.2	20.2	21.1	23.3	25.2	25.9	25.5	22	19.9	5.07	4.5	5.38	4.89	10.4	11.5	17.1	14.9	13.2	10.9	11.2	11.7	9.95	10	10.4	11.1	15.3
182	179	175	177	152	128	136	86.6	77.8	83.4	105	108	105	100	81.7	106	108	114	134	147	134	141	135	175	183	188	191	199	206	199	199	171	159	181	166	103	101	133	165	123	124	99.2	95.2	92.6	74.9	57.1	64.7	54.9	62.3	61.8	54	57	38	35.9	38.7	43.8	59.7	55.6	49.9	61	63	52.1	43.3	21.3	23.1	19.7	26.4	23.8	17.6	23.5	22.3	22	17.6	25.7	24.9	19.4	29	18.6	22.6	17	17	17.3	17.9	21.6	20.7	21.8	24.3	23	19.9	17.7	16.1	13.8	14.4	16.7	16	16.1	16.6	16.8	18.5	19.8	18.2	15.9	14.2	3.03	2.65	2.69	3.14	7.23	8.12	8.47	8.36	7.52	7.44	7.45	7.85	6.6	6.56	6.97	7.71	10.8
174	173	164	151	145	124	116	97.3	77.2	76.8	84.5	94.9	93.6	90.3	75	96	114	108	101	132	144	170	120	176	233	200	203	215	217	212	201	157	153	247	186	102	97	102	133	139	118	94.6	94.9	110	70	63.6	60.1	56	76.2	53.5	51.4	68.8	50.3	44.7	41.2	44.4	47.8	72.1	45.4	51.5	40.3	42.6	33.5	19.6	19.1	19.2	18.8	19.1	19	18.7	23	26	21.5	20.4	19.3	16.5	16.8	16	15.8	17.8	18	18.4	19.2	26.3	23.7	24.8	27.4	24.9	20.9	18	18.9	13.3	13	12.2	12.5	13.1	12.9	13.1	13.3	15.9	13.2	11.4	4.84	2.29	2.01	2.04	2.41	5.57	6.3	6.59	6.48	5.83	5.71	5.68	6.25	5.43	5.52	5.99	6.67	9.43
156	169	161	132	136	133	137	97.3	93.9	87.4	77.6	95.5	99.3	101	105	102	108	92.1	87.5	94.8	108	138	148	138	126	149	179	170	186	155	148	153	191	177	160	75.9	72.7	87	64.9	68.3	62.2	66.6	81.4	114	68.6	66.5	56.1	67.3	81.7	48.1	25	50.5	55.9	48.8	35.8	29.9	30.6	25	11.5	5.03	3.09	4.79	15.2	3.76	25	26.3	3.83	17.7	17.9	17.1	20.4	17.1	16.9	16.8	16.8	16.8	16.8	16.4	15.4	15.7	15.8	18.6	25.9	24.6	23.5	22.9	24	20	18.1	16.5	15.2	15.6	8.56	5.76	7.1	6.24	6.36	6.73	8.93	6.81	6.13	3.11	2.73	0.816	0.712	0.739	0.896	2.78	3.18	3.33	3.25	2.38	2.31	2.51	3.34	5.7	5.96	6.62	7.52	10.5
137	133	150	140	123	134	147	78.7	96.7	79.8	71.3	84.3	85.1	138	104	91.5	80	87.5	85.9	88.1	93.4	124	113	151	109	111	121	151	156	146	128	129	146	162	113	61	52.8	67.6	51.8	44.6	44.3	48.6	59.5	57.8	60.9	64.7	60.8	80.5	44.2	40.8	25.3	43.7	58.1	32.7	35.5	24.2	16.3	20.2	7.66	2.68	2.74	2.69	2.76	3.33	34.2	34.5	3.4	18.8	17.9	16.8	16.5	17.1	16.8	16.8	19.2	22.5	17	16.9	15.6	14.8	14.7	15.2	24.6	21.9	20.6	20.6	20.7	17.6	16	14.7	16.3	9.72	6.02	4.27	4	4.52	4.48	4.39	4.67	4.34	2.47	2.09	1.81	0.379	0.332	0.362	0.471	1.53	1.81	1.92	1.83	1.31	1.25	1.95	2.72	4.31	4.78	5.52	6.35	8.88
118	114	114	131	136	166	137	63.5	69.8	68.2	68.1	83.6	78.9	92.2	97	78.9	66.9	77.7	79.2	76.9	97.1	98.9	85.8	130	93.5	79.7	90.9	153	135	126	107	113	117	175	79.6	42.4	46.5	52.9	36.1	36.3	36.5	39.3	42	44.7	44.3	43.1	47.5	44.7	29.6	34.2	21.4	43.4	35.5	26.8	33.6	65	24.2	12.1	3.02	2.39	2.53	3.17	2.63	3.42	3.3	7.92	10.8	16.6	16.4	16.3	16.1	16.7	16.5	16.5	16.8	20.8	16.7	16.4	19.2	14.1	14	14.5	17.5	20.1	19.3	18.7	12.3	16.5	15.1	13.8	12.9	4.97	3.7	3.16	2.65	3.34	3.12	3.15	3.35	2.11	1.77	1.47	1.28	0.138	0.123	0.151	0.224	0.808	0.977	1.04	0.977	0.684	1.27	1.98	2.6	3.56	4.13	4.82	5.52	7.57
109	114	123	165	149	159	123	56.1	59.2	61	74.3	70.3	72.8	86.8	89.3	69.5	63.6	85.8	81.6	69.7	106	90.1	78.4	88.5	70.6	70.1	77.8	125	104	105	100	97.6	102	107	90.7	32.3	34	36.5	43.4	39.2	35.9	47.6	55.5	39.5	35.9	29.3	32	30.1	31.1	19.9	19.8	27.2	21.1	32.5	40.4	21.9	14.1	2.31	2.38	2.27	2.56	2.47	2.46	3.39	3.15	3.43	5.54	16	15.7	15.8	19.4	16.2	16.2	16	15.8	16.1	16.1	15.9	15	6.14	14.8	15.4	18.5	20.8	13.3	11.1	11.3	13.5	16.6	14.1	13.2	4.66	3.47	2.43	2.03	1.22	1.53	2.61	2.79	1.83	1.52	1.29	1.08	0.102	0.0897	2.65	0.165	0.582	0.72	0.77	0.732	0.516	0.998	1.51	1.99	2.84	3.31	3.85	4.38	6
84.9	99.8	92.8	86.3	87.7	93.3	86.2	59	62.1	67.9	84.2	55.2	53.1	61.8	71.3	55	43.1	62.1	56.1	61.3	64.9	68.2	52.9	57.9	63.4	79.4	116	129	120	113	118	79.2	75.4	74	61.5	63.1	56.9	65.2	73.5	44.3	40.1	45.9	67.3	36.8	29.6	18.6	27.7	40.6	31	32.3	41.6	22	18.6	23.2	34.4	50.7	9.12	14.9	4.43	2.78	2.62	2.92	4.62	13.3	13.3	12.8	13.2	2.62	2.57	12.3	2.27	7.83	8.84	14	2.53	1.59	1.59	1.57	1.5	8.13	9.89	18.7	18.8	38.6	36.1	34.8	32.4	4.61	0.538	4.1	4.13	1.45	1.18	0.965	2.04	4.45	0.454	0.341	0.278	0.41	0.336	0.295	0.283	0.0421	0.0365	0.0449	0.0675	0.341	0.403	0.327	0.316	0.491	0.985	1.44	1.84	2.59	2.95	3.47	3.73	3.78
70.7	95.1	72.7	80.6	73.9	75.8	79.6	71.4	75.6	66.9	60.3	51.4	43.9	48.2	74	50.9	48.5	46.6	31.7	42.2	91.8	71.2	41.1	68	84.2	67.8	94	111	93.5	78.5	82.6	58.8	89.5	70.5	42.5	67.1	48.7	52.7	63.3	32.1	32	32.8	39.3	45.1	37.6	19.5	17.6	38.5	35.5	33.3	45.4	26.6	13.3	12	12	2.55	32.4	72.3	31.9	2.42	2.44	2.49	6.36	11.5	17.4	11.4	11.4	2.68	2.85	12.2	2.68	2.82	2.77	2.73	3.37	3.18	3.64	4.06	4.15	11.2	12.9	25.3	22.7	46.7	45.5	54.8	77.4	5.66	0.394	0.309	0.263	0.878	0.662	0.509	2.68	4.33	0.235	0.176	0.143	0.132	0.0889	0.0635	0.0552	0.0186	0.0152	0.0187	0.0288	0.105	0.133	0.148	0.304	0.73	1.08	1.38	1.65	1.99	2.41	2.66	2.97	2.86
65.3	70.7	59.2	72.5	71.7	74.8	93.4	84.3	65.5	67.6	55.7	44.1	65	52.5	65.6	52.2	95.3	63.3	27.6	40.2	43.7	60.2	49.5	83	45.7	68.8	156	81.5	69.3	62.2	67	50	66.6	71	43	44.1	40.3	41.3	42.4	33.2	28.3	25.6	34	28.9	23	18.9	17.8	26.1	46.8	29.9	24.2	19.2	11.6	22.4	16.7	2.6	22.5	110	43.7	36.2	33.1	20.5	3.01	17.2	21.1	21.2	13.2	4.92	5.1	4.78	4.95	5.38	5.55	13.7	6.34	6.3	23.4	46.8	84	51.4	25.9	29	29.5	50.7	48.9	76.7	74.3	7.9	1.81	0.68	0.166	0.516	0.347	0.241	0.198	3.89	2.55	0.0812	0.0647	0.0585	0.0378	0.0443	0.02	0.033	0.049	0.159	0.254	0.288	0.334	0.356	0.482	0.984	1.21	1.38	1.56	1.65	1.84	2.16	2.24	2.15
56.4	85.3	65	66.7	72.2	89.2	110	93.9	58.4	66.2	62.1	44.8	66.5	42.5	81.6	51.6	49.6	51.6	33.7	39.4	30.6	27	40	62	49.3	44.8	59	60.2	62.1	54.5	58.1	71.1	47	36.3	45.6	37.2	39.7	39.9	44.5	45.1	24.4	25.8	22	17.5	16.7	20.7	12.6	24.3	23.5	24.1	29.3	18.4	13.4	14.5	12.4	9	5.32	18.6	67.3	43.5	43	33.4	23.3	23	32.4	25.9	15.1	7.06	7.16	6.87	6.99	8.24	21.1	25.2	12.1	14.3	22.9	53	76.4	37.9	27	30.1	27.8	52.7	50.8	49.2	46.1	8.23	2.15	1.64	1.07	0.642	0.306	0.172	0.141	0.108	0.0785	0.0581	0.0462	0.0417	0.133	0.218	0.242	0.339	0.344	0.437	0.514	0.467	0.492	0.48	2.8	3.22	1.22	1.35	1.51	1.51	1.65	1.77	1.95	1.81
46.1	52.7	56.4	67.1	71.1	83.3	92.4	62.5	69	70.4	64.5	65.6	59.6	46.4	57.8	46.2	41.8	40	39.4	41.8	38.9	45.1	53.5	109	79.3	79	107	80.4	59.2	104	145	64.4	44.7	30.8	47.6	39.5	35	29.7	32.7	23	20.7	24.2	22.4	15.8	32.4	28.9	22.2	7.57	8.47	8.14	20.7	16.4	22.1	13.1	4.08	15.5	16.9	12.7	14.8	17.8	24.2	29.3	31.9	13.5	24.5	11.9	16.5	8.21	8.24	7.95	8	9.97	24.4	17.5	19.4	21.1	53.9	43.3	31.3	35.4	12.7	8.24	7.44	15.7	10.9	9.95	9.19	2.91	2.35	1.9	1.29	0.479	0.231	0.0504	0	0	0	0	0	0	0.0937	0.201	0.236	0.337	0.849	1.06	0.506	0.708	0.702	0.636	4.38	6.13	1.44	1.64	1.81	1.57	1.67	1.72	1.91	1.55
46.3	60.3	53.8	75.6	75.8	82.7	76.4	76.8	84.9	67.5	65.6	61.6	62.7	72.6	55.2	39.9	42.2	39.4	42.4	31.9	32.7	38.5	52.6	83	66.3	73.1	84.4	66.3	88.2	144	121	57	29.8	27.5	73.3	41.9	31.3	28.7	33	15.4	17.3	20	24.1	31	31.1	27.8	15.4	5.15	5.5	5.35	7.64	4.64	42.9	15	7.78	19.7	15.1	3.89	4.9	10.8	18	32.2	19.2	14.2	10.1	9.03	14.2	8.98	8.95	8.63	8.6	8.5	8.61	9.45	9.69	17.9	16.2	17.6	12.1	13	8.66	8.09	7.33	6.31	5.41	4.49	3.71	2.94	2.35	1.85	1.26	0.461	0.177	0	0	0	0	0	0	0	0.013	0.131	0.182	0.277	0.335	0.501	0.431	0.543	0.516	0.427	0.497	0.856	0.987	1.17	1.36	1.06	1.37	1.44	1.43	1.23
39.1	42.2	47	80.3	86	85	99.2	77.8	73.1	64.1	68.5	65.9	54.8	63.6	74	45.7	53.4	42.7	44.8	31.6	28.7	36.3	31.9	76.1	58.4	55.3	52.9	59.4	67.8	135	94.6	34.5	30.1	22.8	66.2	39.6	30.1	27	28	13.9	13.7	24.5	24.7	22.7	16.8	10.7	11.3	2.66	3.28	3.61	6.48	4.81	4.7	4.81	4.33	3.18	3.95	5.05	6.17	8.18	32	11.2	40.5	24.9	11.7	9.38	9.71	9.98	9.82	9.45	9.37	9.12	9.04	8.87	9.77	16	23.9	15.9	8.67	8.51	8.09	7.52	6.79	7.84	5.08	4.21	3.41	2.63	2	1.47	0.908	0.26	0	0	0	0	0	0	0	0	0	0.0503	0.108	0.19	0.229	0.286	0.347	0.579	0.35	0.248	0.295	0.527	0.611	0.755	0.962	0.802	0.944	1.23	1.25	1.12
43.9	44.1	51.9	88	111	99.1	96.8	62.3	55.1	58.5	61.6	66.8	57.8	63.7	64.7	46.5	81.4	49.4	50.3	33.4	31.1	27	29.9	73.7	90.8	54.6	50.5	61.3	52.9	53	51.9	18.8	19	15.3	22.8	35.7	29.7	20.5	30.5	21.2	12.4	20.6	15.6	8.03	12.9	9.06	12.3	1.64	1.84	1.94	1.96	4.66	10.4	2.23	3.46	3.89	4.68	6.57	6.97	8.96	11.5	12	31.9	12	10.8	10	10.2	10.4	10.2	9.77	9.49	9.16	8.95	8.7	9.43	15.5	11.4	11.2	7.94	7.63	7.25	9.14	11.4	13.6	4.53	3.78	3.05	2.32	1.76	1.25	0.73	0.175	0	0	0	0	0	0	0	0	0	0.0174	0.0672	0.13	0.167	0.218	0.229	0.287	0.242	0.147	4.77	3.46	0.408	0.517	0.668	0.586	0.714	0.797	1.05	0.82
56	54.4	61.7	81	95.9	87.3	52	46.6	48.6	68.8	66.9	75.6	67.3	59.9	53.1	62.4	68.5	77.7	56	22.8	18.6	20.1	38.8	50.4	39	31.3	30	28.8	26	16.1	16.5	14.4	15.7	10.2	14.4	18.4	12.7	13.5	8.82	12.2	13.4	15.4	24.8	45.1	59.5	30.3	19.9	1.39	10.2	1.59	1.58	6.29	6.29	6.56	20.3	8.54	6.57	7.62	7.04	6	7.15	9.73	11.3	14.6	23.8	14.6	10.5	8.98	7.63	7.29	6.97	5.63	5.42	5.22	5.07	7.65	7.41	7.23	6.92	6.7	6.38	9.63	10	20.8	3.97	3.31	2.68	2	1.5	1.01	0.537	0.0776	0	0.03	0	0	0	0	0	0	0	0	0.0314	0.0827	0.119	0.168	0.184	0.227	0.192	0.173	9.93	0.265	0.32	0.38	0.466	0.441	0.532	0.598	0.669	0.476
74.7	48	65.4	62.7	47.1	64.6	44.1	46.8	49	57.3	72.3	61.8	57.6	55.1	43.3	64.1	62.4	56.9	58.9	23	22	24.8	23.5	37.4	30.2	28.2	37.3	36.7	29.8	18.3	16.3	14.6	11.7	10.6	14.5	8.44	10.4	8.03	6.59	8.21	11.5	11.5	14.5	38.8	28.3	42.8	33.9	1.39	2.33	2.31	1.75	7.64	6.71	7.69	6.92	5.94	5.58	5.68	6.05	8.43	5.79	7	10.4	19.3	20.4	21.3	17	8.66	7.35	6.91	6.58	5.19	4.97	4.7	4.53	6.85	6.57	6.37	6.09	5.91	5.65	5.21	4.67	4.05	3.5	2.93	2.38	1.78	1.34	0.882	0.499	0.0304	0	0	0	0	0	0	0.21	0	0	0	0.00375	0.0439	0.0793	0.127	0.148	0.186	0.163	0.177	0.23	8.47	8.33	0.374	0.451	0.427	0.515	0.594	0.685	0.503
51.7	44.4	43.9	42.1	42	48.7	55.3	49.3	53	57.8	58.9	53.8	58.5	66.5	48.9	57.4	64.1	53.6	55.3	24.1	20.7	17.6	19.1	37.7	31.4	31.2	37.7	33.1	30.1	16.8	15.5	8.52	7.5	7.81	8.01	7.05	6.03	5.94	5.94	6.83	7.34	8.47	12.1	14.9	14.8	24.1	32	1.44	1.78	2.8	2.03	7.08	7.5	8.23	7.37	7.43	4.89	5.13	5.5	5.29	5.59	5.82	7.05	6.14	6.39	7.81	7.57	7.07	6.83	6.43	6.09	4.67	4.37	4.14	3.96	6.02	5.75	5.54	5.31	5.18	5.03	4.59	4.17	3.56	3.08	2.59	2.1	1.58	1.17	0.803	0.414	0.00726	0	0	0	0	0	0	0	0	0	0	0	0.0095	0.0401	0.0782	0.0979	0.135	0.131	0.157	0.213	0.256	9.67	0.38	0.453	0.427	0.518	0.616	0.723	0.543
77.6	42.8	41.8	39.2	44.4	44.1	65.9	65.3	51.9	58.3	55.5	46	54.2	47.2	46.5	54.9	58.3	63.6	66.7	23.8	21	19.3	18.4	34.2	33.2	37.5	39.4	34.7	35.7	21.7	16.1	12.9	6.61	10.4	6.24	7.39	7.02	9.5	5.53	5.69	6.37	8.91	7.74	13.7	13.8	19.2	23	10.8	28.7	2.52	2.58	6.26	7.2	8	8.44	7.27	4.94	4.73	5.05	5.01	5.28	5.5	5.68	4.83	4.81	4.75	7.08	6.42	6.15	5.81	6.54	4.52	3.69	3.5	3.35	5.14	4.93	4.77	4.59	4.47	4.28	3.97	3.84	3.07	2.67	2.24	1.83	1.38	1.02	0.655	0.32	0.0496	0	0	0	0	0	0	0	0	0	0	0	0.00882	0.0308	0.0586	0.0626	0.0961	0.107	0.139	0.198	0.253	0.322	0.39	0.468	0.44	0.545	0.659	0.786	0.595
54.5	47	45.8	37.7	31	26.8	36.1	55.8	42.6	45.6	45.9	60.6	57.1	74.3	70.4	71.8	70	59.4	62.4	39.9	32.8	33.6	33.5	36.6	30.2	27.9	25.9	30.2	23.4	19.5	15.9	5.47	9.19	8.31	8.56	5.47	5.21	5.46	5.93	3.94	4.15	4.31	4.44	11.2	15.5	19.6	23.7	46.9	45.1	40.8	31.8	6.56	7.02	8.09	8.94	3.25	3.38	3.84	4.29	9.43	18.2	5.04	5.14	3.81	3.77	3.71	3.61	4.64	4.35	3.97	3.65	2.42	2.21	2.08	2	2.67	2.58	2.52	2.43	2.36	2.23	2.06	1.83	2.6	2.25	1.89	1.53	1.12	0.826	0.56	0.212	0	0	0.204	0.0265	0	0	0	0	0	0	0	0	0.00797	0.02	0.0365	0.0418	0.0923	0.11	0.163	0.251	0.346	0.446	0.528	0.601	0.589	0.695	0.813	0.944	0.734
35.3	38.1	30.8	32.3	24.8	23.2	24.5	42.4	40.4	41.2	42.6	55.6	56.6	63.3	71.3	81.7	97.3	54.7	52.1	39	35.5	30.5	29.7	32.6	30.2	27.1	24.6	28	25.2	19.4	17	7.62	3.5	3.33	6.88	6.87	10.5	6.09	5.61	3.48	3.73	3.91	4.04	7.82	14.6	29.4	19.9	35.1	33.1	28.5	33.3	1.76	1.84	2.77	3.64	2.6	3.06	3.59	4.09	9.64	20.8	22.4	9.67	3.42	3.34	3.29	3.14	3.99	3.69	3.3	2.96	5.27	1.7	1.59	1.52	2.07	2.01	1.97	1.91	1.87	1.77	1.64	1.44	2.04	1.75	1.45	1.15	0.819	0.575	0.301	0.0514	0	0.0296	0	0	0	0	0	0	0	0	0	0	0.00781	0.0146	0.0257	0.0333	0.0661	0.087	0.149	0.29	0.772	4.76	0.889	2.74	0.844	0.799	0.932	1.08	0.856
26	23.8	29.1	28.8	23.8	24.7	27.8	43.9	51.1	39.9	40.8	46.4	57.8	49.6	54.1	91.1	81.5	56.8	57	39.3	36.3	33.9	36.8	31	31.8	25.7	24.9	24.2	23.8	20.3	20.6	12.5	3.06	2.36	2.14	6.95	20.1	12.7	5.62	3.12	5.72	5.22	3.77	14.7	22	28.5	21.9	33.7	30.6	32.5	30.4	1.66	0.156	0.246	1.12	2.69	2.97	3.26	3.78	17.2	17.4	13.7	15	6.11	2.92	2.86	2.69	3.37	3.06	2.65	2.3	1.41	1.22	1.12	1.08	1.49	1.46	1.44	1.41	1.39	1.32	1.22	1.06	1.53	1.24	0.981	0.729	0.472	0.274	0.0456	0	0	0.0266	0	0	0	0	0	0	0	0	0.00169	0.00738	0.0117	0.0132	0.0193	0.0292	0.0494	0.0749	0.786	0.793	0.466	2.76	0.721	0.828	0.827	0.976	1.13	1.3	1.04
31.4	27.2	27.1	23.3	28	26.2	21.9	34.6	41	38.5	38.3	39.5	41.8	37.8	42.8	53.3	68.3	52.3	49.2	40.2	39	34.7	33	31.2	29.1	24.1	22.4	25.3	18.4	14.5	12.1	8.09	2.64	2.01	3.31	8.01	11	12.4	5.81	4.56	7.77	6.06	3.62	4.97	12.5	14.9	19.5	34.1	30.8	26.3	24	4.3	1.77	0.187	0.855	3.34	3.74	3.94	4.42	20.9	20.9	21.1	19.4	7.34	7	3.99	2.3	2.89	2.53	2.11	1.75	1.03	0.865	0.777	0.744	1.04	1.03	1.02	1.01	1	0.961	0.881	0.753	1.03	0.827	0.615	0.401	0.197	0.0274	0	0	0	0	0	0	0	0	0	0	0	0	0	0.00258	0.00886	0.0103	0.0172	0.0307	0.0467	0.0769	0.155	0.266	0.563	0.73	0.88	1.03	2.64	1.23	1.41	1.59	1.28
39.1	45.5	35.7	40.7	29.3	34.3	30.2	19	25.2	19	15.4	19.6	18.1	27.4	23.2	24.1	25.9	24.2	26.2	45.5	51.7	49.1	50.7	38.8	33.6	27.3	22.6	15.2	11.6	9.45	7.7	6.8	2.17	1.61	1.5	2.05	3.72	5.45	7.06	11	10.4	10.2	10.1	0.753	0.801	0.88	0.971	1.12	1.21	1.21	1.11	0.998	1.29	1.85	2.65	3.52	4.27	4.9	5.8	6.3	6.39	6.53	6.1	3.07	2.5	2.18	1.96	2.38	2.07	1.71	1.35	0.752	0.596	0.499	0.473	0.675	0.676	0.689	0.683	0.692	0.671	0.618	0.516	0.683	0.511	0.341	0.17	0.0195	0	2.75	0	0	0	0	0	0	0	0	0	0	0	0	0	0.00856	0.0124	0.0249	0.0472	0.0708	0.111	0.202	0.327	0.877	1.1	1.28	1.41	1.65	1.81	1.88	1.87	1.51
41.3	37.2	44.1	45.1	35.5	27	30.2	19.4	21.5	15.2	10.5	15.6	16	25.6	26.6	20.2	22.1	20.7	20.6	42.1	51.6	48	47.7	37.9	32.8	27.8	21.8	12.4	11.9	8.07	6.49	2.63	1.71	1.23	1.19	1.42	2.88	8.27	7.35	13.6	14.2	12.9	13.4	11.5	3.95	0.897	1.03	1.21	3.3	1.36	1.28	1.09	1.39	1.72	2.75	4.22	4.71	5.2	5.79	6.26	6.1	6.19	6.04	3.16	2.68	2.11	1.87	2.27	1.95	1.58	1.29	0.74	0.56	0.449	0.413	0.579	0.581	0.605	0.608	0.62	0.604	0.571	0.492	0.677	0.537	0.399	0.258	0.131	0.0219	0	0	0	0	0	0	0	0	0	0	0	0	0	0	0.00939	0.0148	0.0307	0.0583	0.0904	0.135	0.239	0.372	1.03	1.29	1.51	1.71	2	2.97	2.28	2.25	1.79
39.3	33.8	37.1	48.3	37.4	26.8	23.7	14.8	15.3	14.1	14.6	13.9	14.6	15.2	20.1	22.5	16.7	17.4	18.7	43.6	51.8	45.7	46.8	34	27	26.7	17.6	11	9.53	7.72	5.58	2.26	1.7	1.09	1.32	1.27	3.45	9.2	6.11	17.5	16.1	15	17.7	16.5	4.05	4.4	1.1	1.3	1.46	1.5	1.44	0.923	1.48	1.8	2.68	5.01	5.09	5.51	6.22	6.9	6.68	6	5.8	3.3	2.85	2.24	1.86	2.25	1.93	1.6	1.34	0.801	0.639	0.504	0.453	0.621	0.616	0.642	0.644	0.648	0.631	0.608	0.542	0.778	0.658	0.54	0.419	0.286	0.177	0.0814	0.022	0.0117	0	0	0	0	0	0	0	0	0	0	0	0.0115	0.0186	0.0358	0.0645	0.154	0.149	0.237	0.38	1.05	1.33	1.57	1.79	2.14	2.39	2.5	2.49	2
31.2	35.3	47.1	52.6	37.1	28.9	20	16.7	28.9	18.6	11.5	12.5	12.8	22.1	15	20.2	16	15.5	16.1	41.8	44.8	43.2	44	29.5	26.4	22.4	18.6	10.8	18.3	13.2	5.25	2.11	1.5	1.22	1.22	1.4	2.79	4.72	6.33	38.7	20.4	18.6	19.4	27.2	0.858	0.995	1.17	1.41	1.58	1.63	1.57	0.997	1.25	2.16	3.01	5.81	10.4	9.92	6.92	7.24	6.94	6.52	6.09	3.6	3.12	2.64	1.97	2.38	2.05	1.74	1.48	0.901	0.747	0.61	0.557	0.75	0.735	0.748	0.745	0.737	0.716	0.686	0.619	0.906	0.788	0.673	0.553	0.398	0.283	0.182	0.118	0.0691	0.0256	0	0	0	0	0	0	0	0	0	0.00523	0.0199	0.0284	0.0447	0.069	0.122	0.169	0.259	0.406	0.977	1.24	1.5	1.75	2.1	2.39	2.56	6.82	2.16
35.4	41.5	48.3	42.1	32.3	27.9	24.6	15	29.1	32.6	28.4	25.8	24.7	24.9	22.9	25.7	19.4	27.7	27.9	26.8	30.3	26.9	25.4	18.8	18.2	17.8	14.9	6.04	4.97	4.36	3.38	2.4	1.76	1.52	1.59	1.71	1.76	1.95	3.63	31.7	29.7	23.2	23.4	27.1	4.53	17.9	3.23	6.16	6.98	7.23	7.05	6.1	5.94	5.95	5.96	6.03	10.3	9.61	6.21	5.35	5.57	5.82	5.39	3.84	3.53	3.25	2.94	2.41	2.08	1.78	1.52	0.937	0.79	0.66	0.605	0.797	0.769	0.776	0.772	0.76	0.735	0.698	0.631	0.918	0.796	0.677	0.554	0.396	0.277	0.175	0.103	0.0505	0.0011	0	0	0	0	0	0	0	0.0139	0	0.00298	0.0151	0.0223	0.0409	0.0706	0.144	0.199	0.297	0.447	0.827	1.06	1.3	1.55	2.02	2.39	2.67	2.87	6.2
37.4	36.8	37.2	33.1	29.6	22.3	28.1	13.8	23.3	28.3	31.9	28.9	24.1	22.7	23.9	19.6	17	17.9	18.4	24.2	24.7	24.9	23.2	18.3	15.1	14.6	12.5	5.14	3.66	2.83	3.32	2.4	1.77	1.65	1.73	1.89	1.97	2.08	2.62	20.4	20.7	20	20	26.2	4.8	3.23	3.22	6.57	7.44	7.85	13.4	6.66	6.53	6.5	6.59	6.74	6.78	9.04	6.85	5.68	5.9	6.16	6.03	3.78	3.44	3.15	2.83	2.47	2.16	1.87	1.62	1.02	0.879	0.751	0.695	0.905	0.878	0.869	0.85	0.839	0.806	0.767	0.728	1.01	0.872	0.742	0.609	0.439	0.311	0.203	0.119	0.0479	0	0	0	0	0	0	0.00822	0	0	0	0.0231	0.0313	0.0234	0.0393	0.0622	0.127	0.177	0.27	0.417	0.736	0.962	1.21	1.51	1.99	2.41	2.75	3.02	2.87
34.4	43.4	43.6	40.7	26.1	23.4	28.9	14.2	15.9	22.5	31.9	29.1	25.5	33.3	24.9	23.7	17.4	16.9	16.6	23.5	24.3	26.2	21.8	18.1	16.7	13	15.9	10.1	4.05	9.78	2.97	3.89	4.54	2.21	2.23	2.33	2.34	9.61	5.16	17.7	17.1	16.9	17	11.1	4.62	3.13	3.13	6.7	7.62	12.9	8.05	7.05	6.92	6.7	6.64	7.05	7.21	7.36	7.53	5.89	6.41	6.4	6.28	3.88	3.51	3.19	2.87	2.46	2.16	1.89	1.65	1.09	0.953	0.826	0.773	0.984	0.965	0.95	0.932	0.915	0.88	0.842	0.767	1.11	0.963	0.819	0.672	0.487	0.348	0.23	0.135	0.0592	0	0	0	0	0	0	0	0	0	0	0.00863	0.019	0.0267	0.0402	0.0579	0.121	0.165	0.252	0.391	0.642	0.853	1.1	1.39	1.88	2.32	2.73	3.09	3.05
27.9	39.1	55.4	41.9	32.3	37.6	33.7	24.4	20.4	21.7	26	30.7	29.8	28.7	28	26.4	28.9	20.9	20.8	25.3	23	25.3	21.9	16.9	18	14	15.5	12.1	11.4	9.99	10.7	5.9	5.66	3.17	3.05	3.01	3.34	6.39	2.58	15.4	15	14.8	14.9	11.3	13.3	3.4	3.04	6.61	15	17.4	7.97	7.12	7.13	6.98	6.99	7.56	7.97	8.21	8.36	6.54	7	7.23	6.78	4.17	3.78	3.44	3.12	2.59	2.31	2.04	1.8	1.29	1.16	1.03	0.972	1.19	1.17	1.15	1.12	1.07	1.02	0.968	0.882	1.27	1.11	0.943	0.78	0.576	0.42	0.288	0.184	0.102	0.036	0	0	0	0.12	0	0	0	0	0.00629	0.0152	0.0235	0.0309	0.0421	0.054	0.111	0.151	0.231	0.359	0.539	0.726	0.959	1.23	1.69	2.13	2.59	3.07	3.21
14.3	15	26.7	40.9	40.4	42.7	44.2	33.6	34	33.1	39.7	45.4	48.4	50.6	46.1	24.3	23.7	22.1	20.5	21.1	23	16.7	14.9	15.4	18.2	15.2	15.3	14.5	14.5	14.1	18	17.7	10.6	7.27	11.8	6.9	5.9	6	4.85	4.19	3.82	4.44	8.06	1.57	2.84	1.81	2.02	7.25	11.4	7.44	7.44	7.04	7.13	7.09	7.46	8.79	11.8	10.4	10.7	11.2	10.3	9.94	9.33	5.23	4.54	4.03	3.66	3.24	2.86	2.57	2.35	2.22	2.06	1.91	1.79	2.06	2.03	2	1.92	1.2	1.11	1.17	0.934	0.862	0.742	0.628	0.519	0.392	0.282	0.192	0.121	0.101	0.0336	0	0	0	0.0401	0	0	0	0.0101	0.0229	0.038	0.0399	0.0495	0.0561	0.0558	0.0841	0.114	1.14	0.27	0.282	0.396	0.552	0.75	0.947	1.24	1.6	2.03	2.52
15.2	12.6	16.5	36.4	36.4	34.3	39	25.4	35	46.9	44.3	47.6	49.9	50.1	50	27	19.7	18.2	16.6	18.4	16.9	14.2	16.2	18.5	17.6	17.4	21.1	14.2	16.6	17.8	15.3	18.8	9.87	9.29	13.4	8.04	6.84	6.01	5.41	5.72	7.63	8.87	9.56	13.4	8.7	15.9	8.5	7.35	8.02	7.82	7.48	7.15	7.32	7.47	7.62	8.84	9.97	10.9	11.1	10.4	10.1	9.25	8.68	5.62	4.88	4.35	3.95	3.49	3.09	2.79	2.58	2.51	2.37	2.17	2.04	2.25	2.23	2.2	2.12	1.32	1.23	1.14	1.41	0.946	0.809	0.677	0.554	0.414	0.294	0.193	0.117	0.0895	0.0171	0	0	0	0	0	0	0	0.00514	0.0188	0.0336	0.0368	0.0449	0.0519	0.052	0.0712	0.0941	0.764	0.244	0.227	0.332	0.481	0.678	0.867	1.15	1.56	2.06	2.64
11.6	12.6	13.7	32.1	33	32	32.3	22.5	28.2	42.7	57.7	63.7	56.6	47.5	47.1	25.3	22.3	21.1	17.9	16.8	21.5	15.7	17	19.3	20.8	19.2	18.5	23.1	17.8	18.1	23	14	12.4	10.8	15.3	9.92	7.47	6.46	5.65	7.52	10.1	10.1	10.7	9.21	9.02	9.07	9.16	7.97	8.62	9.82	9.26	7.17	7.38	7.4	7.89	9.04	10	10.8	11.3	9.73	9.6	9.16	8.26	6.1	5.45	4.9	4.48	7.37	3.61	3.31	3.09	3.11	2.97	2.74	2.56	2.54	2.5	2.46	2.35	1.48	1.36	1.25	1.13	1.04	0.88	0.732	0.595	0.442	0.312	0.203	0.121	0.0879	0.0103	0	0	0	0	0	0	0	0.00478	0.0225	0.0374	0.0396	0.0478	0.055	0.0555	0.0732	0.0924	0.165	0.219	0.188	0.287	0.437	0.635	0.806	1.11	1.55	2.12	2.76
12.5	15	14.2	28.5	26.9	33.6	32.5	20.2	25.7	36.2	49.2	73.9	65.2	53.4	63.1	34.6	30.1	28.1	20.4	15	14.6	17.5	18.2	21.9	23	21.8	20.8	24.6	22	15.9	19.2	19	16.1	12.7	11.2	10.9	7.87	7	5.77	7.82	7.26	12.8	7.68	10.3	16.9	28.6	10.2	9.3	9.94	10.4	10.5	7.11	7.32	7.37	7.56	9.08	9.96	10.8	11.1	9.65	9.15	8.82	8.26	6.61	5.94	5.47	5.11	4.62	4.27	3.97	3.75	3.91	3.79	3.54	3.27	2.84	2.78	2.72	2.58	1.64	1.49	1.36	1.23	1.12	0.949	0.788	0.639	0.472	0.333	0.213	0.126	0.089	0.00606	0	0	0	0	0.0144	0	0	0.00495	0.0266	0.171	0.0418	0.05	0.057	0.0579	0.0766	0.0972	0.134	0.213	0.183	0.295	0.438	0.648	0.836	1.16	1.63	2.23	2.92
5.34	5.73	11.3	23.2	9.84	12.4	9.3	8.22	13.8	16.1	30.5	86.9	101	108	123	73.8	62	53.6	43.2	22.9	24.9	26	29.6	33.2	34.9	33.2	30.9	31.4	29.2	26.5	24.9	22.1	19.9	16.7	15	9.13	7.17	5.61	4.77	7.59	7.42	7.67	8.53	14.6	25.4	19.7	12.8	10	10.4	11	11.3	7.63	7.74	7.81	8.09	9.56	10.4	11	10.9	7.4	7.63	7.62	7.35	8.7	7.76	7.16	6.87	6.71	6.41	6.16	5.98	6.17	6.08	5.71	5.17	3.76	3.56	3.45	5.89	2.17	1.82	1.6	1.47	1.23	0.749	0.616	0.497	0.37	0.259	0.166	0.122	0.0921	0.00484	0	0	0.0135	0	0	0	0	0.0147	0.0403	0.0538	0.0412	0.782	0.0531	0.054	0.0664	0.0827	0.219	0.157	0.189	0.287	0.457	0.684	1.03	1.44	2.02	2.8	3.28
4.59	4.71	6.04	16.6	17.2	5.52	4.91	5.26	7.12	18.6	27.2	58.4	91.5	105	126	76.4	64.6	60.4	48.4	26.5	27.3	27.6	30.7	36.4	37.6	36.2	34.3	34.7	33.2	30.9	27.8	28.6	24.7	22.6	17.4	11.5	9.26	7.1	6.14	7.56	7.37	7.56	8.55	13	12.9	12.2	12	9.87	10.8	11.1	11.8	7.78	7.67	7.82	8.26	9.67	10.6	11.2	11.2	7.77	7.99	7.97	7.67	9.47	8.64	8.11	7.88	9.3	9.05	7.33	7.14	7.37	7.28	6.85	6.2	4.03	3.88	3.75	3.51	2.36	1.96	1.7	2.26	0.947	0.8	0.657	0.53	0.396	0.278	0.177	0.105	0.102	0.00809	0	0	0	0	0	0	0	0.0225	0.0518	0.0649	0.0473	0.0532	0.059	0.0601	0.0742	0.091	0.108	0.157	0.187	0.286	0.464	0.702	1.07	1.52	2.13	2.96	3.47
4.02	4.05	4.32	3.98	3.5	3.28	3.92	4.34	5.87	17.5	21.4	45.9	64.4	84	107	73.8	67.9	69.7	51.9	28.5	28.3	29	31.1	34.2	37.5	38.2	38.2	37.5	35.5	33.6	31.3	34	25.6	27.8	22.8	16.3	11.6	10.1	8.98	9.89	8.16	8.17	8.93	12.2	11.6	11.5	11.3	10.3	11	11.6	12.1	7.88	7.46	7.55	8.14	9.52	10.5	11.1	11.1	7.97	8.18	8.15	7.84	9.82	9.17	8.76	8.62	8.65	8.49	8.29	8.07	8.34	8.24	7.76	7.01	4.28	4.17	4.02	3.75	2.56	2.1	1.81	1.65	1.01	0.856	0.702	0.569	0.452	0.3	0.216	0.134	0.0981	0	0	0	0	0	0	0	0	0	0.0176	0.03	0.0269	0.0328	0.0382	0.0385	0.0472	0.0646	0.0831	0.132	0.176	0.283	0.477	0.738	1.14	1.6	2.27	3.16	3.73
3.4	3.42	3.64	3.52	3.43	3.29	3.21	3.62	4.28	9.49	14.2	47.8	55.4	80.5	95.3	71.9	62.7	51.8	48.8	30.3	31.4	32.9	35.3	35.4	38.7	39.8	39	39.4	37.1	35	34.2	31.5	29.2	27.3	24.8	22.4	15.1	13.6	12.5	11	9.65	9.43	9.92	11.3	10.8	10.4	10.5	10.3	11.1	11.4	12.5	7.72	7.32	7.07	7.4	8.75	9.7	10.2	10.3	7.6	7.82	7.83	7.57	9.66	9.27	9.05	9.01	9.18	9.12	8.95	8.71	9.02	8.88	8.37	7.52	4.33	4.27	4.11	3.83	2.67	2.18	1.86	1.68	1.01	0.85	0.705	0.608	0.459	0.323	0.228	0.116	0.0951	0	0	0	0	0	0	0	0	0	0.278	0	0.00367	0.00761	0.0123	0.0115	0.0133	0.0306	0.0508	0.104	0.171	0.288	0.498	0.787	1.23	1.73	2.45	3.42	4.01
2.19	2.76	3.34	2.65	2.74	2.92	2.94	1.52	1.92	2.06	2.74	13.6	12	17.6	25	28.6	27.9	29.8	34.1	27.1	32.5	34	35.1	41.3	43.9	45	42.9	39.2	37	35.1	33	40.4	46.3	40.7	38.8	57.9	50.2	46.4	43.4	17.9	11.4	10.4	10.4	5.96	8.29	6.3	6.36	4.98	5.46	5.97	6.72	2.75	2.43	1.97	2.32	4.6	6.14	7.44	8.24	10.4	15.2	15	14.5	11.5	11.2	11.2	13.5	11	11.2	11	10.7	11.5	11.3	10.6	9.48	6.31	5.78	5.2	4.43	2.88	2.02	1.48	1.27	0.87	0.702	0.576	0.523	0.315	0.237	0.218	0.0736	0.046	0	0	0	0	0	0	0	0	0	0	0	0.00822	0	0	0.00895	0	0	0	0.0426	0.161	0.295	0.514	0.839	1.48	2.06	2.91	4	4.31
1.94	2.26	2.65	2.36	2.73	2.71	2.46	1.37	1.41	1.74	3.15	9.13	7.98	11	16.1	22.5	22.6	29.2	33.1	24.7	28.5	28.2	32.8	41	46.4	47.7	44.8	40.3	38.1	37.3	34.3	42.8	43.7	52.4	50.8	62.4	56.3	50.8	47.5	21.7	19.1	12.8	12.4	6.93	6.78	8.3	6.79	4.13	4.42	5.11	5.7	2.64	2.28	1.81	2.1	4.1	5.88	7.13	7.65	10.1	10.4	15	14.9	11.6	11.7	11.8	11.9	11.7	12	11.8	11.6	12.4	12.2	11.5	10.2	6.67	6.12	5.45	4.67	3.09	2.17	1.59	1.35	0.89	0.714	0.585	0.519	0.333	0.234	0.241	0.0753	0.0402	0	0.519	0	0	0	0	0	0.00849	0	0	0	0	0	0	0	0	0	0.0107	0	0.15	0.279	0.528	0.884	1.58	2.21	3.11	4.23	4.52
1.58	1.91	2.25	2.48	2.39	2.51	2.14	1.36	1.41	1.7	2.43	4.68	5.51	7.84	12	16	18.1	23.3	29.9	21.3	24.9	26.1	29.7	39.6	47.1	47.7	45.2	40.5	37.7	35.9	35	46	45.5	57.9	57.6	73.3	67.6	64.6	58.9	27.1	26.4	20.8	14.8	7.64	7.42	7.23	7.08	3.7	3.87	4.13	4.54	2.32	1.91	1.64	4.39	9.51	5.9	6.84	7.57	10.4	10.7	15.3	14.9	15.5	11.6	11.9	12.3	12.1	12.4	12.4	12.2	13	12.8	12	10.6	6.91	6.27	5.57	4.78	3.98	2.26	1.68	1.43	0.943	0.761	0.628	0.562	0.363	0.26	0.166	0.0951	0.0741	0.0294	0	0	0	0	0	0.0567	0	0	0.0993	0.501	0	0	0	0.0078	0	0.58	0	0.00974	0.161	0.293	0.544	0.903	1.6	2.24	3.16	4.32	4.6
1.28	1.63	1.92	2.43	2.37	2.33	2.08	1.41	1.51	1.81	2.41	3.29	4.44	6.3	9.27	13.3	15.8	19.7	32.2	22.6	21.6	24.7	27.1	36.4	41.8	44.7	42.8	39.1	36.6	35.1	34.2	44.7	45.2	47	65.5	94.1	80.2	71.1	76.7	39	31.7	29	20.2	8.16	10.2	7.55	8.87	4.21	3.18	3.31	3.81	2.19	1.57	1.46	2.36	4.21	5.6	12.6	11.4	12.9	10.6	15.8	15.3	14.4	13.5	11.7	12.2	12	12.5	12.7	12.4	13.3	13	12.1	10.7	6.92	6.18	5.46	4.73	3.15	2.29	2.56	1.51	0.998	0.816	0.683	0.614	0.396	0.291	0.194	0.119	0.118	0.00415	0	0	0	0	0	0	0	0	0	0.158	0.0613	0	0	0	0	0	0	0.0118	0.147	0.274	0.504	0.825	1.47	2.07	2.98	4.12	4.41
0.43	0.884	0.963	0.775	0.71	0.818	0.849	0.617	0.663	0.837	0.948	1.27	1.41	1.65	2.09	5.34	6.48	8.18	11.3	15.7	17.8	20.4	24.4	32.6	37.4	39.2	39.2	36.3	35.3	35.4	35.2	42.7	42	48.5	44.8	105	96.3	70.5	93.9	78.7	69.5	57.2	38.9	13.3	12.9	14.9	13.5	11.6	9.12	8.52	8.05	5.21	4.99	4.82	4.5	5.18	5.57	5.85	7.3	15.4	17.5	18.6	19.4	11.6	11.9	12.1	13	14.1	14.3	14.6	13.6	13.4	13.2	12.2	10.6	6.15	5.47	4.85	4.28	4.22	3.39	2.87	1.57	1.37	1.12	0.939	0.846	0.546	0.411	0.287	0.188	0.127	0.0359	0.0033	0.00236	0	0	0	0	0.000582	0.000816	0.000816	0.000584	0	0	0	0	0	0	0	0.0159	0.117	0.241	0.436	0.711	1.27	1.86	2.78	3.92	3.78
0.532	0.598	0.556	1.03	0.833	0.686	1.01	0.612	0.536	0.563	0.75	1.07	1.24	1.32	1.7	4.33	5.34	6.82	9.06	13.8	15.6	18.5	22	29.4	33.6	35.8	36	33.9	34	34.5	34.8	38.5	41.8	41.2	50.1	59	99.3	91.7	67.8	79.2	73.2	67	43.7	14.3	13.5	12.7	11.6	10.3	8.71	7.84	7.18	4.72	3.73	3.43	3.86	4.42	4.77	5.05	6.64	15.4	17.6	13	17.7	10.1	10.8	11.4	12.7	13.9	14.4	14.8	13.9	14.8	15.6	12.4	10.6	6.2	5.43	4.8	4.27	3.13	2.43	1.97	1.66	1.46	1.21	1.03	0.931	0.609	0.468	0.339	0.236	0.179	0.0833	0.00476	0.00329	0	0	0	0	0.000814	0.00114	0.00114	0.000816	0.00871	0	0	0	0	0	0	0.013	0.105	0.226	0.404	0.643	1.19	1.77	2.68	3.83	3.64
0.384	0.341	0.375	0.457	1.04	0.411	0.519	0.643	0.395	0.51	0.656	0.987	0.93	1.08	1.36	3.51	4.46	5.63	7.53	11.7	16.7	18.8	19.2	25.7	29.2	31.2	31.7	30.5	30.8	31.4	33.4	40.1	37.1	44.7	44.9	52.1	78.9	105	87	76.5	67.7	56.5	43.2	19.5	14.5	13.5	12.1	9.89	8.56	7.49	6.73	3.68	3.22	2.87	3.5	4.07	6.66	6.41	6.15	14	14	12.7	13.5	9.55	9.99	11	12.2	13.7	14.3	14.9	13.9	15.4	14.8	12.5	10.7	6.3	5.51	4.87	4.37	3.18	2.52	2.05	1.77	1.58	1.33	1.7	1.56	0.713	0.571	0.443	0.337	0.304	0.182	0.0949	0.0374	0	1.66	0	0.764	0.00734	0.00903	0.0094	0.331	0	0	0	0	0	0	0	0.0164	0.112	0.231	0.4	0.627	1.14	1.72	2.63	3.78	3.59
0.758	0.489	0.334	0.294	0.318	0.339	0.366	0.382	0.4	0.471	0.77	1.26	0.881	1.07	1.31	2.92	3.92	4.64	6.28	9.89	19.4	19.3	16.4	21.4	24.2	25.7	26.2	25.4	25.8	26.3	28.5	33.7	37.9	33.5	41.6	48.1	47.5	83.2	74.7	62.2	53.6	47.8	44.9	21.9	15.8	14.6	12.8	10.2	8.57	7.32	6.53	3.55	3.03	2.67	3.41	4.01	18.2	17.9	4.86	13.3	11.4	12.6	13	9.69	11.5	10.4	11.8	13.4	14.1	14	13.8	14.7	13.5	12.5	10.7	6.45	5.68	5.04	4.54	3.29	2.63	2.18	1.88	2.23	1.97	1.81	1.71	0.843	0.709	0.58	0.473	0.408	1.48	0.213	0.144	0.0381	1.78	0	1.45	1.46	1.37	0.0331	0.355	5.37e-05	0	0	0	0	0	0.0052	0.0391	0.15	0.269	0.451	0.656	1.17	1.74	2.65	5.33	3.64
0.195	0.338	0.516	0.498	0.221	0.183	0.156	0.154	0.177	0.204	0.335	0.431	0.36	0.679	1.11	1.86	2.04	2.96	4.01	6.34	8.04	17.2	12.5	12.2	13.8	14.9	15.6	13.5	13.2	13.6	14.3	26.6	40.5	30.7	32.3	31.1	34.6	47	35.4	37.7	33.8	33.9	33.4	39.4	33.6	29.5	23.8	11.8	9.79	8.31	7.55	6.37	5.74	4	3.66	4.51	8.31	12.9	5	5.62	10.5	5.87	6.17	5.79	8.13	7.01	9.55	11.3	12.7	13.3	13.1	12.9	12.8	11.9	10.3	6.59	5.8	5.17	4.61	3.63	3.01	2.57	2.28	4.9	4.61	4.45	4.32	1.02	0.923	0.825	0.733	0.62	0.549	0.454	0.353	0.161	0.103	0.0884	0.108	0.201	0.231	0.238	0.217	0.195	0.176	0.148	0.107	0.0214	0.018	0.0273	0.0659	0.221	0.341	0.609	0.71	1.28	1.86	2.8	4.03	3.85
0.0434	0.0518	0.0604	0.143	0.204	0.323	0.187	0.124	0.131	0.183	0.359	0.351	0.461	0.571	1.09	1.95	1.5	2.28	2.96	4.91	6.01	7.3	10.2	12.2	10.6	11.1	11.3	9.95	10.1	10.1	10.5	18.9	20.7	22.7	31.7	36.8	30.1	28.1	26.9	35	32.9	37.7	38.2	37.7	34.8	30.4	25.8	12.5	9.83	8.19	7.34	6.29	5.64	4.05	3.95	14.1	20.5	21.3	14.7	5.46	5.47	5.62	10.6	5.43	5.8	8.3	9.18	11	12.5	14	13	12.8	12.8	11.9	10.3	6.75	5.97	5.33	4.8	3.79	3.17	2.73	2.44	5.09	4.81	4.61	4.52	1.21	1.12	1.03	0.942	0.815	0.742	0.632	0.501	0.242	0.168	0.144	0.165	0.292	0.333	0.34	0.31	0.278	0.252	0.213	0.157	0.105	0.0279	0.0315	0.0669	0.272	0.432	0.543	0.733	1.26	2.34	2.75	4.05	3.86
0.037	0.066	0.0591	0.0448	0.0465	0.0885	0.243	0.202	0.111	0.14	0.244	0.818	0.836	0.538	0.738	0.933	1.16	2.44	2.33	4	4.78	5.6	6.91	11	8.12	8.83	8.37	7.59	7.57	7.83	7.83	17.4	18.9	21.1	26.2	29.7	25.9	25.2	25.2	28	32.5	47.7	38.4	39.1	35.4	31.7	26	13.1	10	8.27	7.44	6.5	5.85	5.61	4.62	4.96	15	16.9	5.66	5.42	5.37	5.46	6.52	5.37	5.65	7	7.65	10.6	12	12.7	13.5	12.5	12.5	11.8	10.3	6.84	6.13	5.51	4.98	3.92	3.3	2.87	2.59	5.26	5	4.79	4.72	1.39	1.34	1.27	1.2	1.08	1.03	0.911	0.747	0.377	0.284	0.254	0.286	0.496	0.557	0.564	0.512	0.456	0.41	0.347	0.322	0.172	0.0506	0.0448	0.0725	0.293	0.433	0.561	0.752	1.23	1.78	2.69	3.98	3.78
0.119	0.141	0.0577	0.0387	0.0407	0.0411	0.106	0.0834	0.151	0.157	0.209	0.267	0.447	0.52	0.683	0.836	1.01	1.47	1.95	3.89	4.09	4.66	5.2	6.11	6.83	14.3	6.75	6.59	8.35	6.98	6.21	16.1	18.1	23.5	28.1	30.7	32.4	28.6	27	22.3	26.4	26.1	33.1	39.5	36.6	32.6	26.2	13.6	10.7	8.61	7.71	6.78	6.11	6.1	6.7	6.53	6.98	9.18	6.99	19.3	45.9	20.2	20	5.54	5.7	6.3	7.42	10	11.2	11.9	11.9	12	12.1	11.5	10.2	6.87	6.25	5.67	5.15	4.06	3.42	2.99	2.71	5.41	5.14	4.96	4.92	1.58	1.56	1.53	1.52	1.42	1.4	1.29	1.09	0.558	0.435	0.394	0.44	0.783	0.876	0.881	0.797	0.712	0.632	0.537	0.64	0.0981	0.145	0.055	0.0689	0.338	0.44	0.579	0.76	1.19	1.75	2.59	3.73	3.63
0	0	0	0.0342	0.0381	0.0441	0.0524	0.0662	0.0722	0.17	0.234	0.423	0.553	0.721	0.929	0.646	0.862	1.2	1.82	2.65	3.25	3.67	3.97	3.92	4.59	5.87	4.07	1.9	2.36	3.46	2.03	2.73	3.01	6.44	15.1	36.4	38.4	41.9	50.4	44.4	31	32.2	30.8	32.5	29	27.2	23.7	14.2	11.2	9.12	8.18	6.74	7.72	8.38	9.46	13.7	14.4	14.6	14.6	6.59	32.1	38.6	14.8	9.42	6.07	6.79	7.37	8.42	11	9.64	9.79	9.46	6.72	6.61	6.31	6.08	6.05	5.91	5.68	5.28	6.98	4.85	10.3	7.01	6.74	2.63	2.55	2.18	2.12	2.06	2.03	2.17	2.24	2.13	1.82	1.17	0.939	0.874	0.992	1.53	1.61	1.62	1.46	3.15	3.02	2.87	2.75	3.44	3.31	3.22	3.23	0.332	0.404	0.545	1.64	1.17	1.66	2.5	3.6	3.6
0	0	0	0.0296	0.0722	0.0245	0.0468	0.0568	0.0713	0.148	0.329	0.438	0.536	0.656	0.791	0.743	0.689	0.95	1.52	2.06	2.48	2.73	2.85	2.67	2.69	2.65	2.62	1.26	1.07	1.67	1.38	1.84	2.36	4.78	12.4	37.7	43.9	39.6	59.3	46	46.5	49.5	36.8	29.6	29.4	27.5	24	14.6	11.6	10.7	8.35	6.47	6.85	8.35	9.6	14.3	15.1	15.3	15	7.16	25.8	31	12.8	6.33	6.04	6.36	7	13.6	11.7	9.02	22.2	86.1	8.9	6.44	6.51	6.04	6.09	5.99	5.78	5.39	5.24	10.9	10.6	8.57	2.94	2.79	2.71	2.36	2.34	2.34	2.33	2.57	2.71	2.59	2.23	1.44	1.16	1.09	2.24	1.79	2.01	2.01	3.6	3.39	3.22	3.04	2.8	3.32	3.17	3.68	3.03	0.401	0.477	0.509	1.25	1.07	1.55	2.34	3.38	3.39
0	0	0	0.0198	0.0198	0.0243	0.0299	0.0493	0.0697	0.124	0.278	0.492	0.514	0.584	0.671	1.14	0.65	0.838	1.26	1.78	2.04	2.19	2.28	1.95	1.96	1.85	1.88	1.27	0.999	0.66	0.784	1.33	9.9	3.48	7.59	27.8	37.4	39.9	57	38.8	57.3	52.3	37.6	30	28.8	27.1	23.7	14	11.6	11	8.56	5.75	6.45	8.77	10.4	15	16	16	15.6	7.69	7.34	18	17.1	6.18	6	6.24	6.63	10.6	13.7	14.3	24.7	21.7	7.85	7.06	6.1	6.06	6.15	6.12	11.9	22.8	22.8	13.1	4.91	3.3	3.06	2.9	2.8	2.46	2.44	2.43	2.44	2.72	2.87	2.75	2.37	1.52	1.23	1.17	1.32	1.93	2.16	2.21	2.08	3.62	3.5	3.24	2.97	4.64	7.76	5.85	4.57	0.628	0.63	2	4.2	2.69	2.75	2.18	3.17	3.19
0	0	0	0.0198	0.0198	0.0268	0.0308	0.0702	0.0546	0.127	0.17	0.383	0.464	0.525	0.585	0.457	0.729	0.868	1.5	1.7	1.81	2	2	1.77	1.76	1.71	1.49	1.1	0.947	0.962	0.951	0.911	1.19	3.48	7.34	26.2	31.4	39.7	42.8	42.4	38.4	31.4	30.5	31.1	27.5	26	22.8	14.1	12.4	9.42	9.01	6.08	6.51	7.26	13	23.4	18.2	16.7	16.1	8.15	7.74	17.7	7.25	6.54	6.13	5.95	6.31	6.93	11	13.4	12	37.3	35.2	10.6	6.01	5.98	6.2	6.22	6.06	23.1	15.9	5.32	5.05	3.46	3.2	3.02	2.88	2.55	2.49	2.45	2.43	2.68	2.8	2.66	2.3	1.48	1.2	1.14	1.29	1.89	2.13	3.87	5.51	3.82	3.77	3.6	5.27	3.35	4.92	5.23	4.44	0.975	0.924	0.814	3.04	4.43	1.27	1.97	2.93	2.96
