179	201	228	287	300	307	296	319	365	397	483	435	420	410	450	467	493	503	520	736	690	689	648	566	587	536	549	640	727	694	657	633	739	613	527	494	486	493	486	587	595	594	608	466	438	379	352	268	249	239	207	250	245	247	234	334	364	396	405	412	413	405	401	367	356	339	332	294	305	290	293	294	308	320	319	344	393	353	374	396	372	389	368	357	391	339	339	241	266	244	231	209	241	259	236	170	170	183	152	159	164	171	174	233	239	238	263	253	239	230	255	318	340	345	337	338	386	406	441	461
243	302	331	308	324	314	353	345	394	437	450	491	444	404	439	485	500	498	541	565	619	574	646	616	620	615	535	698	758	632	637	842	793	769	566	473	436	468	411	492	489	562	528	455	445	406	367	257	264	267	254	299	248	223	229	232	261	339	325	391	340	347	347	378	331	323	338	322	324	327	318	307	284	303	317	341	331	335	357	343	308	307	304	366	354	349	360	370	282	284	287	173	173	174	164	164	156	155	169	171	154	161	163	176	197	188	224	267	244	241	253	268	270	281	262	328	326	396	399	458
271	323	367	320	304	328	347	338	363	366	435	514	481	455	457	493	488	514	521	572	543	620	715	649	596	628	567	701	650	635	642	694	643	615	558	489	396	358	347	424	400	440	425	430	381	327	314	288	263	271	299	274	256	236	247	233	257	296	376	395	345	320	357	344	325	294	365	325	352	329	322	285	279	315	350	325	319	330	338	326	297	293	300	365	369	364	344	349	341	267	277	168	184	174	166	138	118	146	170	197	155	133	128	160	183	178	196	239	222	223	224	257	259	234	222	303	328	356	399	460
311	368	371	311	345	337	371	325	366	401	439	486	428	426	468	508	504	504	508	521	545	560	706	795	628	544	638	676	622	556	597	618	533	516	495	391	330	314	318	361	325	362	332	376	353	348	333	341	344	312	310	283	244	235	281	255	276	306	348	351	349	330	416	325	297	336	309	311	321	291	279	263	273	298	302	316	339	340	346	350	286	275	309	363	363	348	379	354	360	279	260	143	152	144	124	113	119	122	142	164	131	115	141	165	183	184	195	224	201	199	207	218	234	212	220	289	292	328	374	420
295	352	377	346	329	329	365	351	406	454	404	398	403	405	459	506	515	507	506	536	553	545	598	733	670	637	610	578	592	612	615	523	490	465	427	284	294	303	304	311	301	282	284	358	366	423	425	424	449	353	314	280	261	248	275	257	303	383	300	341	380	334	403	367	306	316	298	289	306	301	283	247	251	296	309	308	347	334	330	316	285	279	301	357	346	358	380	389	379	383	302	149	136	134	119	118	118	110	107	115	121	129	152	170	169	157	160	190	185	192	230	204	193	205	209	249	301	337	329	372
338	371	405	366	309	344	405	370	412	342	320	439	417	435	448	489	472	477	501	499	523	589	751	728	700	680	734	632	536	543	543	427	390	317	270	211	214	263	263	196	174	178	195	280	324	448	468	465	480	463	467	390	380	347	347	363	372	391	406	469	403	438	371	378	430	396	397	260	237	255	256	240	232	238	254	250	258	289	309	318	310	280	303	314	336	345	355	391	375	372	378	187	154	169	145	151	129	109	96.3	111	122	140	130	148	150	154	156	178	178	164	164	167	176	186	181	328	414	382	372	364
321	362	396	339	313	319	385	337	358	298	371	470	447	453	460	509	495	503	495	515	507	542	639	660	617	649	684	678	521	495	517	372	379	366	269	219	194	187	205	208	145	142	163	271	311	401	472	497	470	468	468	419	368	372	354	332	356	381	429	476	431	412	388	407	361	340	384	215	210	177	181	199	200	203	223	235	228	230	261	286	281	263	318	312	305	325	306	373	372	372	350	171	159	163	151	119	94.4	90.1	84.7	100	93.4	93.2	100	147	160	156	141	147	142	152	154	135	147	168	181	331	340	302	316	312
306	361	415	362	342	332	332	332	347	343	445	431	414	438	440	503	500	506	504	526	535	598	610	532	529	572	616	497	491	494	482	367	389	369	284	198	194	193	187	182	161	193	176	302	322	414	450	520	507	484	486	424	404	397	381	349	376	395	402	480	448	453	427	406	348	351	364	206	176	163	163	178	192	190	215	241	207	215	241	267	259	283	325	310	307	315	297	369	388	381	334	279	131	143	117	130	91.3	93.8	94	68.8	61.1	81.2	97.6	170	156	136	136	145	148	153	137	125	155	137	161	272	261	262	302	266
313	350	408	356	316	339	317	311	345	349	358	385	374	392	425	489	490	475	490	571	559	634	568	518	504	532	623	532	511	498	509	452	392	362	289	197	221	194	200	200	190	219	242	319	336	400	445	518	491	495	548	445	419	407	396	365	378	408	421	478	471	471	475	417	352	368	447	242	193	175	161	169	174	187	173	219	206	207	222	266	269	279	294	261	299	302	306	355	393	378	341	223	255	157	141	133	110	126	98.9	68	55.8	72.1	80.4	116	115	109	121	117	114	130	124	131	129	133	127	237	257	271	269	228
372	370	459	257	248	217	214	230	289	268	262	338	337	350	395	465	480	486	489	561	539	508	495	455	459	476	463	489	490	478	495	441	365	322	307	248	271	205	225	275	249	233	211	320	373	398	473	477	468	459	499	469	446	435	404	390	405	443	468	479	478	476	465	437	414	429	444	343	349	264	231	149	149	142	154	153	168	160	174	196	226	248	259	263	251	238	227	342	405	392	342	269	307	215	233	129	86.6	78.9	68.6	38.1	36.2	45.5	53	71.1	58	64.2	78.1	79.7	73.8	82.4	84.4	140	141	147	174	297	276	291	242	172
289	339	392	247	293	329	290	239	234	245	255	347	308	351	362	421	446	464	488	500	491	553	543	450	409	425	467	482	433	427	442	379	298	296	315	209	230	225	222	280	231	215	260	311	347	395	454	476	472	482	531	490	476	449	407	377	393	448	428	426	379	404	446	440	436	398	421	325	291	232	207	125	121	122	154	154	142	154	161	202	212	216	206	250	240	228	212	336	368	354	348	320	285	192	188	101	93.7	49.7	47.7	36	37	35.3	47	63.8	57.4	56.3	64.1	62	52.2	53.5	55.5	105	135	158	182	267	228	203	186	133
287	344	374	245	257	336	338	228	200	196	219	303	296	329	334	445	443	474	486	492	497	602	495	455	428	452	475	449	414	460	463	442	356	292	318	254	265	294	244	273	255	268	276	290	321	353	464	488	478	505	527	496	492	424	407	383	388	404	403	390	341	356	360	421	449	380	415	260	211	202	185	121	110	113	140	141	150	146	151	217	208	202	193	238	226	207	210	329	371	336	308	263	241	237	165	63	46.3	42.2	47	36.5	20.7	22.1	35.5	55	47	55.6	56.6	44.5	54.9	51.1	62.9	113	133	164	193	261	221	174	170	116
271	381	385	311	318	327	380	259	210	212	198	291	287	327	399	458	455	477	524	492	481	494	478	469	493	478	490	464	438	434	430	411	337	245	285	254	225	264	284	289	305	300	299	322	322	371	467	509	493	509	512	488	475	458	418	400	395	390	389	346	357	351	327	377	337	340	369	256	207	195	174	101	104	107	127	126	131	137	140	176	166	191	214	270	257	216	223	285	331	260	269	273	206	202	144	52.2	47	30	25.8	23.6	20.6	23	29.2	44.6	48.8	51.5	56.4	33.1	43.2	57.3	68.8	128	142	172	195	213	184	176	152	101
248	259	281	302	291	341	366	284	298	315	270	341	368	424	426	466	428	441	481	445	404	422	347	410	453	474	489	426	364	319	316	232	212	171	171	150	149	169	228	348	338	312	354	440	420	467	474	463	457	507	496	519	495	507	473	402	419	380	352	255	298	264	266	366	355	327	320	193	177	169	163	140	130	99.6	101	117	137	153	171	174	167	235	247	311	367	281	273	343	357	292	260	186	140	144	105	63.8	58.5	56.1	52.5	26.2	21.8	27.1	25.7	40.2	37.4	43.2	46	46.9	44.5	57.3	78.4	106	103	111	110	103	92.3	87.8	78.8	66.4
234	256	257	297	335	366	359	323	299	340	324	410	372	411	437	405	364	374	461	406	350	307	342	399	409	459	441	333	344	328	251	186	190	187	177	187	170	189	243	341	277	277	398	406	362	448	459	439	440	448	449	483	477	478	477	416	375	362	335	264	225	211	249	310	270	277	275	186	168	155	136	140	103	87.8	89.6	101	156	183	174	145	135	174	246	299	308	315	263	291	284	274	222	152	118	120	110	86.3	62.8	58.6	50.9	29.6	24.1	19.9	17.9	28.1	24.2	27.6	35.5	44.3	44	56.4	58	82.9	83.9	86.4	87.4	85.3	65.6	63.7	65.6	45.2
218	241	240	297	313	298	330	274	323	346	351	398	373	411	398	371	347	332	437	351	303	373	294	338	349	402	380	314	311	273	226	209	172	177	173	189	203	192	245	366	304	267	362	384	425	423	467	432	428	426	438	485	456	466	464	391	368	355	333	222	247	228	230	262	216	229	251	169	167	162	129	125	104	83.8	80.1	123	154	153	154	116	179	169	173	271	259	385	278	315	278	237	194	139	149	138	129	76.3	57.8	71.7	74.6	30.4	19.1	16.8	15.4	21.5	24.4	22.8	23.8	39.2	40.6	41.4	46.6	68.7	61.5	65.9	66.6	68.4	63.5	49.5	45.7	34.8
242	263	257	235	260	280	312	262	271	303	394	384	379	446	447	329	295	349	435	313	276	325	326	341	310	337	357	268	285	241	210	174	159	175	171	211	252	255	270	384	375	312	447	438	451	483	500	423	412	417	443	495	453	463	461	375	359	343	316	230	197	196	184	229	241	250	233	163	149	123	118	108	84.3	71.9	62.8	107	128	166	184	140	148	161	156	275	296	401	288	272	224	187	196	154	148	134	165	93.5	94.2	104	80.3	32.6	27.5	23.9	15.7	20.1	19.4	21.9	22.9	27.8	27.2	31.4	34.4	53.5	48.1	41.9	63.2	49.1	42.7	37.3	31.3	24.5
337	311	312	294	280	299	310	283	302	298	302	376	431	435	449	302	346	407	462	420	386	378	368	429	377	351	343	322	269	238	266	211	196	229	276	322	351	337	343	351	335	336	422	410	421	428	452	443	439	445	449	450	408	439	420	284	340	296	329	288	247	245	249	309	310	294	296	280	255	165	123	93.7	125	90	65.3	138	157	162	176	215	213	197	177	257	223	239	196	169	156	166	190	222	278	281	243	220	154	151	135	54.2	46.5	32.5	37	17.5	12.6	15.4	34.4	19.5	9.45	8.01	6.66	13.6	13	18.7	21.2	26.7	30.9	37.6	34.9	30.4
297	311	306	275	259	253	274	272	280	285	272	358	393	419	457	379	353	423	454	401	362	334	404	428	348	330	349	313	248	248	265	199	204	221	276	285	311	329	386	344	340	350	382	386	373	397	428	444	457	442	444	437	343	357	423	287	267	309	305	265	244	208	232	275	270	273	263	229	188	138	117	75.4	77.3	57.8	87.2	154	141	126	148	171	178	156	229	284	243	223	209	166	195	159	194	287	306	311	259	244	251	169	141	68.4	42.9	36.8	28.2	14.2	18.4	13.9	22.8	16.3	11.6	4.98	3.06	13.4	7.59	11.7	7.89	23.7	28.3	43.7	35.8	35.5
276	293	286	258	248	249	269	243	265	250	258	382	442	415	413	339	339	378	449	421	366	343	376	399	351	320	330	298	271	256	256	201	215	267	252	319	333	367	388	365	388	429	406	388	386	344	417	414	393	427	415	428	352	342	404	249	304	284	260	216	198	234	238	250	219	216	223	208	172	129	103	59.6	47.2	49.2	65.3	105	91.8	109	157	179	173	122	173	231	233	239	219	235	215	200	205	332	263	263	267	253	264	242	150	57.3	31.3	34.6	37.9	23.6	15.5	29.9	37.1	30.8	14.7	8.01	6.51	13	9.09	1.38	5.91	19.7	26.6	34.9	29.8	30.2
276	282	275	215	231	224	257	299	258	239	234	353	396	393	374	314	352	414	433	401	374	361	401	435	369	327	315	294	256	252	261	199	207	273	318	373	375	415	368	329	379	429	417	332	378	392	391	356	334	378	393	425	422	316	291	194	235	218	239	224	205	253	214	236	235	232	223	178	169	140	114	56.9	67.1	51.3	74.3	91.2	78.4	106	148	189	200	147	145	216	219	260	217	197	199	192	161	265	257	277	254	256	243	225	197	41.6	27.6	80.4	64	45.4	39	49.1	50.4	32.4	11.3	4.8	0.45	0.78	1.38	0.36	5.19	22.6	24.1	22.5	19.1	25.7
248	266	264	198	224	228	270	312	262	261	294	313	419	352	382	386	368	353	383	408	427	417	436	455	448	437	394	330	325	372	339	201	239	312	307	317	316	334	353	351	380	399	431	345	384	377	346	335	313	331	378	310	241	177	160	170	177	164	202	173	197	174	185	148	160	171	166	143	135	143	122	74.7	76.6	67.6	88.4	73.1	77.2	127	135	169	162	180	170	226	226	250	253	245	234	212	227	426	316	370	404	348	289	264	253	168	182	156	145	158	147	135	130	89.6	90.6	84	82.6	0.452	3.46	4.82	0.0301	15.5	11.2	9.67	12.2	26.5
241	258	249	202	244	240	254	284	244	301	300	279	344	291	340	396	377	306	341	387	418	377	392	427	417	382	424	354	305	385	340	237	257	302	331	316	318	343	353	368	335	342	358	334	345	395	346	282	300	311	299	269	205	243	173	137	139	145	209	173	221	188	178	155	120	137	122	129	123	103	99.7	71.6	79.6	72.5	86.9	87.2	92.6	107	123	178	172	130	136	206	205	236	306	297	234	226	236	245	293	327	409	345	323	306	318	194	233	154	147	160	156	138	128	87.6	85.8	85.5	82.5	0.512	0.0904	0.452	0.181	5.06	2.32	4.25	8.86	25.9
236	255	249	198	203	238	242	257	274	307	287	249	266	292	314	346	348	327	335	394	359	354	371	387	383	381	362	330	352	361	381	293	270	309	272	279	334	348	412	374	348	323	349	342	320	369	382	302	330	260	260	252	276	248	156	142	133	146	180	173	159	164	129	147	121	127	118	140	126	135	116	92.1	66.4	65.8	86.1	84.7	113	101	128	182	158	140	184	247	238	270	333	339	249	230	272	256	260	398	424	376	326	318	311	200	192	176	192	179	168	153	139	91.2	91.2	94.9	88.5	4.34	0.0904	2.86	0.904	11.7	14.3	6.21	12.8	26.4
286	284	248	191	198	221	261	210	264	284	326	283	296	288	316	367	353	338	336	381	345	356	413	408	376	354	364	313	355	411	456	407	373	354	328	334	361	389	374	369	326	333	349	338	320	380	362	310	288	278	318	318	249	199	140	112	116	140	162	177	172	130	124	116	91	103	126	150	117	136	108	92.9	67.5	58.3	71.7	73.8	92	112	120	147	159	164	207	228	235	309	285	356	293	293	312	276	276	376	421	395	338	322	299	192	215	267	291	220	195	174	161	106	97	91.7	102	19.2	5.75	13.2	8.13	14.7	10.9	8.37	8.47	18.6
234	245	234	178	152	173	196	197	241	253	250	260	292	320	388	311	418	314	379	322	298	306	321	382	347	374	377	357	364	409	435	410	431	375	388	367	370	417	504	403	387	416	396	344	315	356	369	323	304	327	458	192	194	163	168	154	151	171	217	164	142	127	125	165	126	114	131	104	88.4	98.5	125	114	99.4	98.2	109	121	123	113	132	151	188	184	236	317	305	307	405	284	370	354	359	232	263	370	390	305	277	298	332	261	304	333	331	266	245	236	240	260	223	189	189	174	169	153	145	119	115	114	115	2.91
201	233	219	180	165	166	181	174	228	283	251	290	261	277	421	360	404	377	313	328	305	285	305	338	341	375	377	369	354	366	395	391	354	340	347	373	345	343	392	425	380	396	377	321	303	320	324	309	270	331	343	155	135	163	143	169	207	196	175	130	138	161	96.7	153	121	116	127	126	121	110	137	119	104	102	113	120	113	117	130	151	198	168	199	263	249	252	326	254	285	282	331	224	232	248	270	247	250	283	341	348	319	338	302	263	243	247	241	302	260	237	189	181	174	171	159	120	114	113	116	5.64
188	225	230	177	155	164	179	179	209	278	310	287	231	310	350	333	339	318	287	310	297	292	286	335	323	350	385	359	361	352	386	353	387	337	341	333	332	289	277	393	371	338	357	334	303	274	315	328	266	253	280	156	122	123	133	206	182	220	182	159	109	140	139	145	166	125	122	142	141	127	141	115	102	103	108	103	111	119	122	131	143	151	179	240	245	252	328	277	265	277	308	240	245	243	273	299	268	342	351	315	278	314	271	268	262	249	264	316	272	243	218	196	181	171	157	144	121	107	102	11.4
181	210	227	167	148	157	171	173	200	223	246	283	261	272	300	350	350	344	324	336	294	274	294	330	333	345	369	356	367	354	366	313	345	303	367	344	314	327	348	331	322	338	370	373	307	268	284	298	277	263	339	185	172	107	111	224	211	212	216	178	148	153	170	140	151	116	119	128	127	138	121	120	119	116	106	101	112	120	125	133	141	155	187	254	295	254	283	293	382	291	384	253	281	375	340	311	283	356	341	284	287	284	310	258	237	253	256	305	266	253	227	193	186	178	180	162	122	108	102	46
144	155	172	172	164	161	177	168	136	155	195	190	200	230	174	303	316	285	328	292	249	213	202	268	272	277	299	327	326	357	365	368	384	397	397	333	334	328	313	242	239	243	297	310	299	297	334	223	216	201	218	131	151	127	133	145	142	149	172	174	162	178	205	174	152	137	129	121	106	156	137	128	132	120	117	124	123	125	155	122	130	145	159	192	263	228	226	173	211	233	274	260	371	379	294	260	283	348	352	215	218	229	244	221	217	234	223	200	191	171	179	163	173	189	175	191	178	136	115	118
136	148	173	169	146	163	167	156	136	151	150	151	135	192	179	272	232	227	263	241	248	207	209	266	260	261	285	305	308	329	369	338	351	342	372	368	301	336	256	207	214	199	202	252	306	318	333	226	197	179	163	116	125	118	116	145	134	131	143	160	170	170	201	197	169	145	131	120	115	112	136	131	114	111	120	133	140	145	136	120	121	146	152	164	180	184	235	154	184	212	231	212	234	277	409	269	265	322	316	214	209	208	193	183	209	228	201	187	195	161	161	159	161	166	195	190	182	169	134	129
143	141	152	158	160	149	163	145	128	149	156	138	148	153	128	192	207	177	199	200	225	221	237	260	261	259	283	314	317	317	342	342	340	349	372	351	298	281	256	222	206	196	185	207	240	289	311	251	193	185	161	120	136	114	117	137	125	119	130	154	161	177	187	203	163	151	145	126	123	137	144	139	119	109	108	119	126	130	131	118	119	124	136	135	182	211	183	137	177	189	178	184	179	173	243	231	251	270	272	218	217	192	162	171	180	185	175	147	177	195	161	163	165	165	161	153	155	144	134	117
169	145	137	146	167	153	161	135	132	132	138	137	134	145	122	130	154	180	160	187	189	236	259	249	260	271	295	327	324	379	347	332	322	317	323	367	366	286	276	234	236	192	186	197	236	271	323	230	227	209	169	123	120	112	115	128	127	123	114	174	169	186	179	185	191	180	151	126	140	148	137	131	118	111	110	128	137	137	134	134	128	126	127	130	167	138	141	129	132	128	139	160	172	153	161	236	233	239	256	222	203	168	157	156	158	151	149	142	164	158	126	165	171	145	134	117	124	147	103	67.4
155	146	146	138	149	145	130	123	119	132	158	160	144	169	164	143	116	129	129	144	118	138	179	216	225	235	258	358	344	320	348	303	302	279	275	280	313	348	239	229	201	222	176	175	196	209	287	215	217	208	206	164	158	121	102	115	121	151	126	146	140	136	151	194	199	216	227	210	172	149	164	119	117	110	115	128	143	145	154	150	134	129	115	110	103	91.2	104	72.4	103	101	93.9	84.9	100	114	117	146	124	130	135	139	150	164	104	69.2	63.6	69.7	54.5	97.6	115	111	108	159	152	163	135	103	110	106	111	88.5
142	148	147	144	143	141	116	121	122	130	163	152	148	191	182	154	115	112	116	122	118	121	156	196	195	213	233	309	308	341	296	266	343	282	275	297	309	269	265	184	208	241	212	175	192	187	209	232	186	203	222	172	141	121	113	127	127	140	135	115	122	133	143	184	184	214	225	194	162	140	141	116	109	115	116	140	140	147	167	145	126	114	111	101	84.8	82.3	86.6	70.1	63	83.1	75.5	82.8	93.1	94.8	124	159	226	113	98.2	113	105	105	94.8	60.2	49.9	73.8	48.3	81.5	76.3	88.5	175	176	173	127	102	100	96.9	93.4	90.6	92
130	141	142	156	137	130	120	126	124	138	153	126	137	170	194	144	130	118	132	120	124	130	133	178	191	210	230	304	273	302	275	252	294	337	309	278	306	258	250	219	288	219	191	188	180	192	185	178	175	229	228	161	145	114	122	131	135	134	137	123	111	138	132	188	222	224	210	185	158	138	122	117	107	111	115	133	143	140	149	145	121	110	94.6	103	85.2	80.6	77.1	123	125	55.9	54.8	67.2	84.5	83.9	145	127	157	110	104	93	82.3	72	111	55	28.5	32.6	38	93.4	65.8	80.7	156	151	115	88.9	90.9	84.2	73.4	80.3	81.8	64.5
129	133	136	118	126	150	137	134	146	157	157	125	125	153	176	163	188	147	147	125	115	139	137	195	205	199	204	280	275	264	251	245	245	253	240	249	289	226	274	282	249	246	161	145	157	169	185	178	181	170	177	168	169	117	103	122	134	161	146	127	126	127	128	197	200	203	224	186	174	137	118	112	112	106	113	128	123	133	160	194	126	110	91.9	90.5	78	80.4	72.5	51.8	121	57.8	47.8	51.4	58.6	67.4	59.9	68.8	89.5	82.6	85.9	71.6	68.5	75.9	68.2	13.5	29.6	20	24.8	91.7	62.7	74.1	89.4	88.2	84.1	72.3	67.7	67.1	62.6	69.9	70.9	46.3
119	119	119	109	128	141	122	138	133	143	140	148	142	147	168	166	177	139	139	130	130	144	184	181	156	157	122	164	163	143	173	247	265	257	243	271	296	296	313	202	217	220	211	141	142	155	175	147	143	153	148	127	130	122	103	98.9	92.5	106	116	141	136	122	115	93.3	91.2	85.7	90.3	92.1	100	90.5	89	74	65.5	68.2	67.2	63.8	53.2	52.8	68.1	72.2	73.7	56.6	46	46.6	44.8	40.5	40.1	40.2	69.5	60	37.8	29.2	58	33.8	37.4	33.7	50	95.8	72.5	59.8	48.6	96	68	34.8	36.7	39.3	39.1	53.3	55.6	56.8	53.2	65.9	54.1	51.2	45.9	43	39.4	45.6	41	28.9
113	112	111	113	124	138	117	116	125	129	130	149	145	149	164	172	153	149	123	117	135	152	174	158	162	139	121	130	155	173	135	179	204	200	208	212	215	238	226	187	150	155	158	123	127	192	189	130	129	127	129	111	132	123	97.6	109	99.5	89.5	99.8	115	122	115	110	89	92.1	75	72.4	83.3	96	88.1	94.3	65	56.8	50	49.9	52.7	53	58.2	53.2	48.3	59.9	55.1	61.2	48.1	45.7	43.9	37.1	32.2	53.5	45.3	42.1	24.5	29	29.7	24.4	25.3	29.2	33.9	60.5	46	32.6	70.8	53.3	25.9	18.5	23.7	24.5	35.9	47.3	49.1	40.6	41.6	42	41.3	41.9	50.5	60.3	61.8	42	27.1
112	115	131	115	121	123	108	108	110	117	135	147	142	146	158	159	148	134	123	141	155	181	185	174	154	103	119	138	176	173	112	147	145	161	164	173	175	168	201	191	164	142	151	119	128	159	143	123	110	107	113	107	103	91.3	83.4	103	93	84.5	90.6	111	122	111	102	81.4	88.9	84.7	77	90.3	113	81.7	88.2	70.5	67.3	69.6	71.5	63.9	51.1	43.4	41.3	44.3	56.5	60	55.2	52.8	48.7	45.3	42.9	29.1	36	52.6	40.8	24.3	32.4	43.7	46.9	22.7	35.2	20	22.5	35.7	23.2	37.7	37	29.1	20.7	15.1	16.6	28.7	31.8	36.8	33.5	36.3	37.5	37.1	35.2	45.8	55	55.7	43.3	28.2
109	112	124	117	113	110	115	102	108	112	133	145	148	144	152	145	132	133	113	150	148	188	224	185	144	113	134	142	184	177	103	144	125	119	137	148	132	141	164	184	148	123	121	105	113	131	114	102	97	93.2	90.7	96	102	69.9	83.7	107	80.7	78.8	87.5	89.9	99.7	99.3	90.9	73.6	76.5	84.8	74.3	83.8	77.5	78.1	76.8	82	80.7	85.3	74.5	79.2	64.7	52.6	44.3	42.5	42.3	56	45.5	62.2	53.8	46.7	44.9	28.2	29.4	32.8	34.1	33.5	22.4	50.4	46.4	23.9	34.8	19.4	18.4	26.8	42.7	37.6	36.4	19.6	18.1	18.8	15	24.5	28.6	28	27.5	38.6	34.7	31.8	30.5	22.7	34.6	33.4	28.7	15.8
112	120	127	105	103	108	104	113	109	112	122	124	130	132	124	130	131	148	134	167	180	218	207	212	186	136	148	176	153	198	132	79.7	45.8	28.8	35.8	67.8	64.3	73.6	76.2	78.5	140	86.5	99.1	111	93.7	120	112	82.8	58.1	45.4	39	49.2	63.6	71.4	88.3	185	156	163	196	141	94.5	92	90.2	65	56.7	77.5	72.3	90.1	77.3	86.2	84.5	65.2	75.9	86.6	73.9	60.9	65.7	71.5	68.6	56	44.1	47.2	51.8	24.3	26	29.3	30.5	31.1	19	14.9	17.3	23.9	19.9	43.2	37.2	20.8	31	19.6	14.1	16.5	17.1	15	15.2	9.96	8.78	11.1	9.8	30.7	31.1	31	27.7	67.2	69.1	40.6	41.1	36.1	33.6	31.6	30.3	19.1
106	113	137	113	107	117	108	114	105	109	105	114	119	120	119	128	131	134	141	153	171	181	181	237	140	133	115	166	136	118	119	44.3	36.4	27.3	33.8	49.1	49.3	53.4	55.2	58.8	58.2	78.7	82.8	71.9	70.9	81	119	54.5	39.5	32.7	27.9	39.8	37.5	45.6	73.8	167	138	149	184	183	128	118	92.7	55.4	58	62.3	82.2	89.4	77	75	101	59	54.1	63	65.4	56.7	63	67.9	75.6	64.2	51.7	50.4	43.2	26.1	29.3	29.4	35.3	36.6	27.1	14.3	12.9	19.9	20.1	35	67.1	49.7	40.4	15.4	17.9	13.8	13.5	13.4	12.6	9.66	8.52	10.8	8.33	28.4	26	25.2	24	57.3	70.3	41.8	41.9	31.5	29.7	28.8	27.5	16.4
114	124	136	117	103	106	121	115	118	104	103	116	115	109	117	155	127	143	134	158	172	166	165	250	197	163	105	134	130	117	94.8	46.4	33.3	55.6	42.9	39.3	42.5	47.7	47.7	48.3	46.5	62.6	59.1	57.3	54	52.7	49.1	33.1	25.2	22.1	20.6	34.4	34.8	35.7	55.6	172	152	129	196	134	150	160	157	77.9	73.7	57	54.1	84.5	75.9	77.9	83.7	61.4	49.6	53.6	61.4	83.2	68.5	66.1	91.3	71	50.8	70.4	59.5	33.2	33.1	38.5	45.9	50.2	41.2	27.6	19.1	24.2	45.8	20.9	17.2	38.8	34.4	15.7	18.1	10.9	10.8	11.1	10.8	10.8	10.6	9.51	9.76	30.5	25.9	26.4	26.2	31.2	39.2	39.5	50.7	36	31	26.5	25.8	15.9
126	141	134	114	102	113	114	107	103	98.7	102	111	105	106	109	129	132	128	125	176	179	169	173	182	149	132	79.7	105	107	113	73.2	44.8	38.7	34.9	32.1	41.6	41.9	41.1	37.8	34.6	40.8	125	60.1	47.1	43.3	42.1	36	21.8	19.6	18.4	16.5	28.8	31.1	32.1	41	125	118	183	231	136	163	158	136	113	84.5	76.2	63.3	81.7	77.1	79.8	92	61.7	52.5	57.7	57.2	72.9	61	57.1	81.9	80.2	53.3	125	70.2	34.6	35.5	35.3	53.6	97.9	61.9	46.5	15	13.3	34.7	23.2	16.6	18.1	44.3	42.9	17.9	12	12.3	12.7	12.6	18.9	17.1	13.7	13.5	49.2	39.8	33.7	36.5	21.8	17.7	21.6	29.4	31.2	26	25	24.3	14.4
95.1	109	139	151	123	124	134	110	97.7	90.9	92.9	71.9	73.3	99.3	103	102	112	138	133	164	158	146	138	109	88.8	76.7	73.4	60.7	72.3	76.1	57.9	36	37.9	42.5	42.2	37.8	34.2	24.4	35.8	28.6	20.6	47.1	38	22.5	29.7	29.6	23.4	16.3	30.2	31.2	12.5	20	12.1	14.2	16.7	37.2	46.9	60.9	64.9	67.3	96.4	115	157	136	179	154	97.2	54.3	50.5	61.1	66	35.1	30.6	34.2	42.2	36.1	35.5	22.4	16.3	25.1	15.2	49.7	41.3	39.8	42.7	54.2	72.8	36.4	42.8	45.1	21.8	10.2	12.3	15.8	14.8	20.2	28.2	37.4	38.3	21.4	18.7	22.9	20.8	17.1	17.1	17	16.5	54.3	45.9	38.2	32.9	35.3	43.1	43.9	43.4	12.8	13.5	11.1	11.4	29
80.7	83.9	102	122	127	145	126	93.2	86.1	81.6	74.9	60.5	72.2	67.1	72.6	83.4	99.9	122	111	160	184	133	102	140	74.3	66.7	62.8	54.7	46	34.5	90.4	33.5	21.2	33.6	40.9	33.6	20.9	24.7	31.7	30.3	23.8	23	30.6	26.5	17.5	26.6	17.1	31.6	51.3	35.4	10.1	9.68	10.3	13.3	14	25.6	11.7	34.7	38.8	68.4	87.6	148	132	106	187	155	117	58	56	55.4	59.7	34.4	23.5	22.7	29	18.8	36.6	28.4	21.9	30.4	25.9	37.3	74.8	63.8	45.8	45.4	77.7	31.5	36	31.8	28.2	13.6	11.2	8.97	16.3	18.4	28.8	30.2	27.5	22.7	20.3	21.6	23.6	19.4	18.7	18.6	17.8	48.6	44.4	37.1	38.2	87.8	43.9	40.3	52.8	9.61	32.8	14.9	11	27
77	77.5	84.8	107	110	129	111	90.6	84.8	81.8	67.7	47.5	79.3	69.4	67	53.1	93.4	116	112	145	183	123	76.2	101	75.8	64.1	69.4	41.2	39.1	33.2	69.3	38.3	19.9	13.4	18.4	29.2	17.5	14.8	14.6	23.2	47.1	21.5	29.7	29.4	18.7	22.3	26	19.8	38.9	31.5	11.5	7.86	7.54	21.8	14.1	23.2	22.2	18.2	38.8	52.2	60	78	81.6	79.8	84.3	141	91.1	46.2	73.1	46.9	49.6	33.8	26.1	31.5	21.5	14.3	27.4	29.8	22.3	41.9	32.4	16.9	45.6	64.2	46.3	37.7	40.5	28.6	26.2	28.2	25.5	13.1	16.9	14	17.9	21.6	16.4	19.5	16.9	24.2	26.5	23.8	26.5	23.8	20	20	19.2	51.4	46.4	42.1	39.8	60.7	49.6	41.1	48.1	13.9	27.5	11.3	13.8	33.2
76.4	82.4	87.3	106	116	122	123	94.4	91.5	88.9	61.2	58.5	76.5	71.9	52.2	49.5	69.6	86.4	91.8	90.2	92.3	86.4	56.9	78.6	69.9	60.2	54.8	34.1	24.8	21.6	25.8	18	19.5	15.2	19.8	24.9	31	24.5	16.1	14.5	19.3	32.7	18.9	13.3	22.2	39.5	39	36.2	21.7	9.54	9.21	8.13	12.2	36.4	31.6	17.8	6.5	8.53	18	36.9	32	38	46.8	37.9	46.1	44.7	34.3	43.7	39.8	55.1	57.6	44.6	41.3	36.3	28.7	20.8	19.1	20.8	24	35.6	36.3	27.3	23.8	47.9	40.8	38.9	41	22.7	19.9	17.8	16.9	7.66	11.5	20	58.2	60.6	34.5	16.2	17.6	19.4	25.8	25.1	29.9	29.6	24.9	20.7	19.9	53.6	49	44.6	40.7	58	54.7	50.1	51.4	17	61.6	61.9	67.9	46
77.7	87.9	93.4	103	108	114	116	91.4	86.6	93.5	91.7	55.1	79.3	73.2	49.4	55.2	57.4	65.4	67.8	48.3	48.3	35.1	31	20.1	27	25.3	17.3	17.8	14.3	11.7	11	8.84	8.98	14.8	9.08	29.9	38.8	36.7	40.2	33.2	27	25.1	31.5	41	65.7	85.7	96.7	90.8	64.5	57.2	53.9	3.65	1.32	17	43.1	10.2	4.21	0.801	0.816	1.06	1.07	1.11	1.41	8.44	8.9	16.9	32.1	14.1	20.4	37	43.7	33.7	34.5	45	31.2	19.1	11.9	7.5	13.2	14.6	3.35	3.63	4.36	28.7	19.7	12.8	13.4	5.76	5.13	13.1	5.06	5.41	5.33	5.12	8.46	35.9	26.7	15	12.2	13.7	17.2	20.2	35.3	99	88.8	81.9	71.1	32.6	30.1	25.9	23.3	48.5	55	44.9	48.7	25.4	61.3	80.7	68.3	26.1
81.3	95.3	93.3	106	109	113	103	89.8	79.7	82.3	77.4	69.3	49.1	47.2	48.9	69.3	57	57.3	57.9	33.3	37.9	28.2	25.8	13.9	12.3	10.8	10.1	15.1	12.5	9.98	8.76	8.15	13.9	17.1	36	21.2	20.5	41	32.5	23.9	18.2	24.7	28.4	60.4	87.1	113	78.8	96.5	88.4	69.7	64.8	5.02	1.37	6.48	33.5	15	5.95	0.754	0.732	0.9	0.865	0.853	0.857	8.22	9.68	18.5	17.6	17.2	49.2	52.5	31.2	41.5	37.8	27.9	32.8	25.7	11.1	7.88	15.2	5.1	4.66	5.25	8.58	35.4	28.8	21.9	14.3	5.84	5.18	4.75	4.55	4.17	7.56	4.56	6.27	7.76	48.6	25.2	6.1	14.7	19.2	18.5	22.6	87.5	78.3	72.1	62.3	28.5	26.6	28.1	21.6	41.3	40.3	29.3	36.3	16	106	54.1	42.6	18.6
78.7	85.4	84.8	99.3	95.2	101	108	100	84.3	74	67.3	47.1	44.8	42	52.4	62.5	50.1	47.1	46.5	29.3	23.6	27.8	20.5	9.79	8.02	7.03	6.63	13.4	11.4	8.73	15.1	16.7	7.92	13.9	38.2	19.3	29.7	32.7	30.9	25.4	17.3	24.2	32.7	55.2	85.1	72.5	83.1	109	104	95.8	72.3	5.55	1.41	1.42	16.1	9.87	3.01	0.705	0.654	0.77	0.7	0.653	0.639	8.95	10.2	12.7	23.2	19.5	46	77.3	32.8	21.8	29.8	18.3	24.1	17.3	10.4	10.9	11.3	7.73	7.54	7.52	7.25	46.8	34.8	24.4	16	7.95	5.85	4.91	4.34	3.46	3.4	3.2	5.69	3.52	18.7	11.5	7.87	9.55	12	15.7	19.5	75.5	70	60.9	51.8	23.7	21.4	20.6	19.5	31.7	30.9	21.9	21.1	11.6	13.9	22.3	15.7	14.7
76.4	89.9	91.4	106	97.1	110	124	116	98.9	71.6	61.4	45.9	39.6	36.2	42	52.7	42.1	42.9	41.7	33.6	26	16.6	19.7	19.6	9.87	7.47	4.03	12.7	9.15	7.81	7.56	7.42	26.5	32.9	51.7	37.8	32	31.8	23.3	29.2	31.2	35.7	23.7	52.5	58	65.2	78	124	112	114	86.2	7.39	1.41	1.4	1.39	6.19	0.695	0.656	0.589	0.672	0.586	0.526	0.506	8.74	10.9	13	24.1	30	22.9	102	83.2	38.9	18.8	17.4	15.4	19.2	12.2	11.7	10.5	7.58	6.92	6.99	6.79	54.2	40.9	30.3	19.7	9.68	6.87	4.66	3.75	2.58	2.46	2.36	2.41	3.44	7.55	6.01	3.76	8.01	13.9	16.3	16.3	62.1	57.1	49.6	42.1	22.4	21.6	14.7	12.5	20.6	12.5	14.1	10.8	4.19	0.9	5.75	8.84	5.46
72.8	82.4	95.2	114	106	111	140	116	121	104	77.7	67.9	55.5	48.2	38.2	43.4	26.9	30.5	27.5	25.1	20.2	14.3	11.6	18.5	19.1	10.5	21.2	25.6	19.2	17.7	16.1	10.1	11.9	18.9	29.5	33	25.4	27	23.7	22.6	20.5	17	18.2	13.8	13.9	13.9	24.2	13.8	13.7	15.4	15.4	1.16	1.18	1.17	1.13	0.717	2.06	0.63	0.546	0.288	0.235	0.2	0.186	7.34	15.4	10.4	14.6	13.9	14.8	25.1	50.6	21.3	15.8	16.7	16.7	6.94	6.09	4.65	3.81	0.126	0.124	0.122	0.351	53.3	57.2	61.4	65.2	68.5	55.6	48.1	41.7	21.2	16.3	11.6	8.59	1.67	1.09	4.2	1.29	5.82	11.1	12.7	11.2	12.6	14.6	16.1	16.3	15.5	15	13.9	11.6	7.41	5.58	4.07	3.06	0.909	0.62	0.684	6.86	3.51
65.4	72.5	85.4	105	98.4	115	132	101	106	81.3	75	59.5	52	44	42.8	43.2	21.8	22.7	19.7	15.8	13.5	13.6	15.4	11.3	10.6	6.61	16.7	31.8	22.3	16.8	15.5	7.25	7.85	8.35	18.8	26.5	23	24.4	37.2	27.5	19.6	16.4	16.3	13.2	21	17	13.4	1.78	1.79	1.81	5.69	1.15	1.18	1.16	1.11	0.69	4.08	0.578	0.479	0.235	0.171	0.126	0.108	5.17	6.94	10.3	8.07	12.1	11.5	19.6	25.1	17.8	16.2	26.2	16.8	2.62	2.57	1.8	2.11	0.0592	0.0582	0.0576	0.112	44.3	48.9	53.7	57.5	65.5	54.6	45.4	39.1	20.6	15.7	11	8.04	0.447	0.43	0.76	1.85	4.85	9.34	11.5	10.1	10.8	12.6	13.5	20.1	14.4	14.3	13.2	10.9	6.86	4.97	3.53	2.62	0.795	0.551	0.574	2.43	2.16
61.5	66.2	70	100	91.7	109	126	100	92.1	77.6	66.7	61	53.4	44.1	32.6	23.8	31.9	17.7	15.2	13.4	17.3	10.7	9.05	6.35	5.34	5.79	5.81	28.6	19.4	15.7	13.1	6.72	7.43	14.6	15.1	21.6	23	23.8	29	17.7	15.3	29.2	19.8	12.9	15.6	20.6	13.1	1.24	1.25	1.27	1.3	1.09	1.12	1.09	1.02	0.627	0.576	0.502	0.408	0.191	0.122	0.0771	9.05	7.67	4.4	5.37	6.7	7.23	7.71	20.5	26.2	18.5	13.5	15.9	14.9	2.2	0.894	1.11	1.25	0.0529	0.0525	0.0523	0.103	36.9	40.9	49.2	53.3	65.6	53.1	45	40.4	19.7	13.7	10.2	7.4	0.348	0.431	2.21	1.67	4.32	5.54	7.1	9.03	9.75	11.4	12.2	15.1	13	13	11.9	9.75	6.06	4.24	2.94	2.17	0.682	0.491	0.541	2.36	0.785
62.3	60.9	67.1	85.1	86.2	98.5	130	89.2	81	75.8	69.3	59.2	43.6	36.3	35.2	18.5	27.7	16.2	15.2	12.5	9.84	8.79	9.98	5.09	4.65	4.42	5.06	18.3	12.4	11	10.1	6.14	6.7	13.5	7.37	20.5	21.8	22.8	23.9	13.9	18.5	28.3	22.6	16.5	15.2	15.8	13	2.06	1.65	1.61	1.35	0.989	0.99	0.945	0.864	0.527	0.473	0.408	0.33	0.15	0.0942	0.0575	0.0431	4.54	1.76	4.26	4.93	10.8	13.2	28.5	15.8	20.5	13.5	11.8	10.3	1.98	0.449	0.498	0.836	0.0497	0.0495	0.0492	0.0971	33.4	37.3	41.4	43.6	61.9	49.8	40.8	34.3	17.9	12.5	9.36	6.8	0.455	0.516	0.729	1.01	4.31	5.27	6.54	10.3	8.65	9.98	10.6	10.5	11.2	11.1	10.1	8.2	5.01	3.4	2.29	1.71	0.581	0.458	0.549	2.45	1.52
83.2	87.9	81.8	78.7	72.7	71.7	99.4	63.9	59.2	63.9	62.8	52.2	37.6	34.8	32.9	20.2	18.4	16.8	18.2	10.5	8.84	5.78	8.61	13.8	8.71	9.79	10.4	10.4	14	11.3	12.1	5.24	5.73	6.25	7.31	10.7	11.1	11.6	12.2	10.5	21.4	23.7	22.9	12.4	12.8	13.1	13	2.46	2.11	2.08	1.84	1.22	1.08	0.875	0.631	0.405	0.348	0.287	0.23	0.053	2.46	0.0181	0.0133	0.0202	0.00933	3.43	0.0094	3.31	11.2	11.4	4.99	5.56	5.19	3.15	3.06	0.525	0.0269	0	0	0	0.0271	0	0	0.41	0.376	0.428	0.471	90.8	81.6	81	61.3	25.4	16	11.2	10.3	4.07	3.4	3.65	4.56	5.08	5.91	10.7	8.48	9.22	10.5	11.1	10.9	2.74	2.68	2.43	1.95	2.13	1.35	0.854	0.621	0.0674	0.0258	0.00438	0.0964	0.17
90.1	87.6	86.8	70.5	61.9	55.6	54	42.4	50.8	51	42.6	37.9	33.2	33.3	28.9	18.9	16.2	14.4	12.6	7.9	5.53	6.76	6.89	5.79	6.8	5.42	11.9	9.3	9.84	15.2	11.1	4.67	5.14	5.5	5.75	9.71	10.1	10.6	11	9.67	22.4	10.3	10.9	22	12.3	12.6	12.6	2.72	2.47	2.45	2.25	1.7	1.53	1.37	0.814	0.297	0.233	0.18	0.138	0.0302	0.016	0.0078	0.00576	0.00858	0.00385	0.00207	24.8	6.8	3.04	13.5	13.1	1.87	2.47	1.85	1.77	0	0	0	0	0	0	0	0	0.339	0.306	0.305	0.851	78.3	64.5	68.4	78.7	39.2	21.6	10.3	9.74	4.95	4.23	4.35	4.92	5.08	5.61	6.37	12.5	10.8	8.65	8.98	8.69	2.19	2.11	1.88	1.5	1.5	0.877	1.55	0.356	0.038	0.0142	0.00192	0.103	0.188
86.2	89.3	84.4	59.5	50.1	49.9	46	32.5	42	44.4	33.8	32.7	31	27	22.3	16.6	14.6	13.1	11.6	6.89	5.1	4.2	5.73	7.33	6.47	9.92	13	14	11.1	15.9	15.5	4.28	4.71	5.03	5.23	8.91	16.3	9.8	10.2	9.07	9.45	9.78	10.4	11.4	12	12.4	12.2	3.38	3.22	3.28	3.08	2.57	2.39	2.29	1.81	0.83	0.158	0.113	0.0853	0.0173	0.00814	0.00305	0.0121	0.308	0.53	0.575	0.441	5.29	5.27	5.1	2.96	1.72	1.2	1.2	1.14	1.14	0	0	0	0	0	0.0469	0.0462	0.593	0.779	5.02	1.66	45.2	56.1	41.3	55.8	42.7	23.1	14.9	9.97	5.8	5.11	5.18	5.44	5.35	5.66	6.13	11	12.2	7.41	7.52	7.15	1.79	1.7	1.49	1.17	1.11	1.99	1.62	0.203	0.0214	0.00774	0.000793	0.11	0.205
87.2	83	86.4	49.2	46.8	40.6	40.6	26.9	25.6	25.3	25.8	30.6	22	18.4	18.2	15.5	15.5	15.1	13.9	6.88	5.52	4.5	5.3	4.8	6.53	20.3	19.8	10.7	9.13	9.61	13.9	7.75	4.37	11	4.92	8.38	16	9.27	9.73	8.7	9.12	9.43	10.1	11	11.6	11.7	11.3	3.27	3.22	3.34	3.27	2.92	2.8	2.69	2.23	1.33	0.452	0.0964	0.0732	0.0154	0.00801	0.00384	0.292	0.422	0.576	0.595	0.412	5.86	2.97	3.7	2.81	1.52	1.03	1.04	0.985	0	0	0	0	0	0	0	0	0.0681	0.107	0	0.103	23.5	24.4	25.3	36.5	25	14	10.5	10.2	6.79	6.66	6.01	6.15	5.9	6.09	6.34	6.64	6.52	6.8	6.74	6.32	1.57	1.47	1.28	0.99	0.917	0.481	0.227	0.164	0.0175	0.00659	0.000981	0.12	0.229
80.4	76.4	78.6	45.8	36.7	17.5	14.8	5.1	8.62	5.8	7.54	3.24	6.44	2.93	3.1	14.2	14	13.9	13	15.1	10.5	8.8	9.68	7.9	6.37	9.33	6.57	5.82	4.7	4.94	5.53	10.4	13.1	11.2	6.27	4.92	15.9	5.51	5.82	17.3	30.7	32.6	33.2	22.4	23.1	4.26	4.23	3.75	3.74	3.82	3.86	3.37	3.35	3.25	2.81	2.02	1.79	1.57	1.99	2.02	1.64	1.49	1.74	2.13	2.21	5.66	5.91	5.56	5.41	12.6	20.9	2.06	1.75	1.45	0.419	0	0	0	0	0	0	0	0	2.63	2.54	1.63	1.6	0.262	0.361	0.469	0.583	0.72	0.983	0.965	1.26	9.39	7.69	7.1	6.66	6.54	6.63	6.68	6.68	6.17	6.16	5.93	5.47	1.33	1.22	1.03	0.791	0.979	0.548	0.209	0.152	0.0831	0.033	0.0071	0.02	0.0551
75.9	70.3	71.3	37	28.8	19.4	16.6	5.3	5.35	7.68	5.95	4.58	6.31	2.71	2.59	12.4	13.1	9.7	13.1	15.5	10.7	9.6	8.43	8.72	9.47	7.6	5.24	6.8	5.36	4.7	5.03	11.6	16.7	12.2	5.83	4.58	4.87	32.6	5.52	5.46	13.4	19.4	33.2	22.7	4.13	4.3	4.18	3.77	3.78	3.85	3.91	3.7	3.75	3.69	3.29	2.45	2.24	1.98	2.38	1.91	1.88	1.63	1.41	0.542	2.11	5.77	6.03	5.37	5.46	4.88	25.8	12.3	1.49	1.18	0.334	0	0	0	0	0	0	0	0	2.12	1.95	1.85	1.87	0.429	0.435	0.556	0.69	0.841	0.969	1.1	4.89	11.4	8.5	7.87	7.32	7.09	7.07	6.94	6.97	5.87	5.54	5.12	4.59	1.1	0.953	0.788	0.598	0.752	0.426	0.144	0.106	0.0595	0.983	0.0372	0.181	0.272
79.8	60.2	55.2	26.1	30.3	21.3	20.9	16.8	8.34	4.11	3.52	2.92	2.7	2.48	3.74	10.4	12.9	9.48	8.89	12.5	11.3	10.2	9.06	8.29	7.57	6.12	5.66	5.21	4.74	8.03	4.89	8.96	11.1	6.51	12.5	15.7	4.67	4.97	5.33	3.66	7.15	9.51	16.1	3.86	24.2	3.88	3.73	3.3	3.31	3.36	3.48	3.42	3.55	3.61	8.59	2.52	2.33	2.09	2.43	1.97	1.45	1.51	1.17	0.359	5.1	5.51	5.77	5.24	4.85	4.18	3.56	1.52	1.21	0.918	0.741	0	0	0	0	0	0	0	0.804	1.5	1.65	1.59	1.73	0.339	0.437	0.562	0.706	0.873	1	4.04	5.16	8.54	11.6	8.08	7.47	7.16	7.07	6.79	6.36	7.05	5.09	4.6	4.03	0.931	0.78	0.624	0.473	0.619	0.363	0.113	0.0866	0.0701	0.252	0.365	0.525	0.583
80.2	56.2	60.6	42.6	48.9	37.8	33.4	16.7	4.64	3.98	3.18	2.51	2.39	2.36	2.21	9.74	9.56	9.25	9.01	13.6	12.8	11.1	10	13.4	10.4	11.1	12.5	7.16	11.7	14.8	4.87	14.7	10.3	16.9	21.3	15.8	4.55	4.89	5.48	3.88	3.95	6.35	12.1	3.53	24.2	3.97	3.8	3.41	3.41	3.51	3.7	3.76	3.99	4.14	3.87	3.15	2.74	2.8	2.67	2.49	1.75	1.16	0.711	1.77	5.1	5.48	5.47	4.61	4.16	3.65	3.02	1.17	0.909	0.666	0.527	0	0	0	0	0	0	0	0	1.45	1.63	1.47	1.52	0.387	0.369	5.56	7.62	4.2	6.09	1.08	1.3	8.14	10.4	7.72	7.11	6.79	6.67	6.44	6.08	8.41	5.18	6.06	3.76	0.855	0.693	0.55	0.417	0.575	0.357	0.115	0.176	0.354	0.557	0.68	0.825	0.824
35.3	33.3	53.3	60	54.8	48.5	54.6	16.9	11.8	5.33	2.83	9.01	11.6	11.4	10	18.2	17.7	15.1	14.8	16.7	14.3	15.3	17.4	20.7	20.2	21.8	22.3	11.1	11.4	25.4	9.28	11.6	13.1	8.64	9.1	4.36	4.6	16.8	5.37	4.21	2.17	4.03	5.09	14.2	7.82	7.91	3.73	4.42	3.98	3.67	3.66	3.82	3.78	3.81	3.68	3.9	3.79	3.64	3.65	7.14	6.94	6.96	7.59	2.51	1.84	1.07	0.299	0.0257	0	0	0	0	0	0	0	0	0	0	0	0	0	0	0	0	0	0.0739	0.169	1.38	1.46	0.324	2.05	3.69	2.11	3.82	3.46	7.53	8.39	7.75	7.59	7.36	7.21	6.92	6.49	6.87	7.33	5.68	4.83	2.03	1.59	1.23	0.935	0.73	0.397	0.238	0.492	0.826	1.06	1.22	1.38	1.44
25.5	36.5	55.6	64.2	44.3	43.5	44.9	25.2	35	11.6	4.4	9.28	11.6	13.2	13.4	19	19.1	17.5	16.8	20.8	22.8	20.5	18.3	21.6	20.4	19.4	20.8	8.79	5.15	12.6	10.2	8.22	8.26	8.81	9.3	4.29	4.52	4.88	5.28	2.02	2.14	4.69	2.91	14	14.1	7.4	3.27	3.89	3.49	3.23	3.4	3.71	3.88	4.12	4.28	4.14	4.06	4.1	3.83	7.13	7.23	7.46	7.41	2.87	1.86	1.23	0.454	0	0	0	0	0	0	0	0	0	0	0	0	0	0	0	0	0	0	0.0696	0.16	1.74	1.82	0.456	0.854	2.23	2.9	2.57	2.31	7.08	9.33	7.9	7.16	6.93	6.77	6.5	6.1	6.46	5.98	5.32	4.43	1.82	1.37	1.02	0.786	0.625	0.391	0.309	0.582	0.95	2.24	1.39	1.54	2.88
26.9	36.4	47.1	55.5	41.8	28.4	33.1	24.1	21.5	5.22	5.4	13.9	16	17.4	18.9	20.9	20.7	21.6	20.7	23.5	22.8	24.6	21.3	23.1	21.9	21.3	23	10.1	6.45	5.88	7	8.72	9.19	9.85	10.4	5.56	4.55	4.93	5.36	20.8	2.44	3.12	3.39	14.5	14.6	7.84	22	16.3	9.32	3.5	3.72	4.16	4.38	4.88	4.78	4.79	4.45	4.5	4.36	8.15	7.62	7.3	7.07	3.42	2.28	1.29	0.61	0	0	0	0	0	0	0	0	0	0	0	0	0.0234	0	0	0	0	0	0.0666	0.153	1.43	1.49	0.58	0.537	2.58	2.36	2.06	0.814	7.59	8.93	6.71	6.54	6.29	6.1	5.83	5.49	8.91	5.37	4.75	3.91	1.58	1.13	0.822	0.647	0.529	1.02	0.63	0.588	0.978	1.27	1.47	1.62	1.63
10.1	30.4	47.8	50.4	41.1	32.4	32.5	19.7	15.5	16.3	19.1	25.4	21.4	23.1	31.2	26.7	26.9	26.5	27	23.5	27.3	27.4	25.8	27.7	27.2	27.3	26.5	13.7	8.23	7.67	13.1	20.1	23.2	11.4	12.1	8.95	18.7	21.1	21.5	31.5	33.4	2.75	2.99	14	14	7.32	3.21	3.88	3.51	3.32	3.57	4.07	4.45	5.22	4.87	4.94	4.7	4.37	4.21	8.18	7.65	7.24	6.97	3.86	2.7	1.63	0.844	0	0	0	0	0	0	0	0	0	0	0	0	0.026	0.0297	0.0337	0	0	0	0	0.162	2.79	2.67	2.82	1.77	4.13	3.93	4.75	2.56	6.37	6.11	6.02	5.74	5.42	5.21	4.94	4.64	4.89	4.53	3.98	3.23	1.31	0.904	0.643	0.516	0.44	0.494	0.43	0.474	0.876	1.18	1.42	1.6	1.61
6.11	8.67	16.2	10.6	4.93	6.31	5.94	18.4	22.1	31.1	41.7	45.5	46.3	52	58.4	61.3	55.6	48.8	45.1	24.2	23.3	20.1	18.4	23.2	23.1	22.1	19.5	10.3	9.27	11.2	13.6	14.9	13.3	11.3	9.26	12.8	14.6	19.7	18.6	10.7	21.9	15.5	11.6	2.15	2.42	2.46	2.46	3.73	3.34	3.18	3.45	3.9	4.28	4.78	4.94	5	4.83	4.56	4.02	4.3	5.3	2.69	2.02	1.1	0.677	0.28	0.0779	1.4	0.00938	0.00372	0.00372	0.00491	0.00491	0.0046	0.00401	0.000871	0.000717	0.000561	0.000401	0	0	0	0	0.131	0.148	0.309	0.418	1.47	1.75	2.26	2.78	5.25	5.86	6.17	13.3	13.1	8.41	8.15	7.84	45.6	45.2	23	2.12	2.94	2.73	2.41	1.97	0.56	0.373	0.563	0.396	0.582	0.443	0.369	0.483	0.713	0.934	1.13	1.3	1.24
5.34	5.46	11.5	7.43	4.03	3.97	4.14	19.6	22.6	32.1	43.3	49.3	51	55.5	64.2	67.7	58.9	51.9	47.3	23.9	21.2	19.8	16.6	23.3	23.5	21.4	23.6	12.3	9.63	9.06	12.8	12.5	15.9	9.83	8.93	17.3	12.7	16.3	14.3	15.6	12.2	12.5	12.2	2.15	2.08	1.89	1.57	3.23	2.86	12.6	3.12	3.71	4.17	4.72	5.01	5.19	5.08	4.84	4.69	4.95	4.07	3.08	2.33	1.31	0.825	0.44	0.168	0.589	1.3	0.0052	0.0052	0.00688	0.00687	0.00643	0.0056	0.00121	0.001	0.0614	0.000561	0	0.0256	0	0.127	0.0467	0.115	0.216	0.276	1.05	1.6	1.92	2.33	4.87	5.2	5.66	5.86	7.62	7.68	7.82	7.25	64.5	43.6	22.7	2.18	2.28	2.1	1.84	1.47	0.392	0.238	0.153	0.141	0.434	0.392	0.371	0.4	0.656	0.894	1.11	1.32	1.25
5.39	5.58	5.83	5.26	6.75	4.29	4.42	17.5	24.8	32.6	46	58.6	63.9	60.7	68.8	73.7	64.5	56.7	50.8	26.9	21	20	18.7	27.7	27.7	27.1	39.5	16.9	13.1	13.3	12	10.6	9.33	8.08	14.3	19.5	19.5	13.2	16.1	19.2	13	13.3	13	16	22.6	2.05	1.71	3.39	17.4	2.87	3.17	3.76	4.23	4.81	5.17	5.44	5.38	5.19	5	5.4	4.19	3.4	2.68	1.56	1.05	0.678	0.351	0.0633	0.0202	0.0124	0.0138	0.0202	0.022	0.0218	0.0194	0.00438	0.00381	0.00311	0.00228	0	0.114	0.0587	0	0	0.0589	0.125	0.177	0.85	1.05	1.28	1.73	4.8	4.85	5.24	5.45	6.94	7.13	6.59	6.13	63.1	62.6	61.7	21.1	1.86	1.69	1.45	1.14	0.286	0.156	0.11	0.0938	0.324	0.331	0.335	0.338	0.569	0.813	1.05	1.28	1.24
5.73	5.3	6.06	5.55	4.57	5.26	4.9	17.1	26.2	33.6	44.5	72.1	73.1	77.5	78.9	79.1	69.6	62.1	55.6	25.8	28.3	23.8	24.8	27.7	25.2	27.2	29.1	16.9	13.8	14.1	12	9.7	8.27	8.26	15.5	19.4	20.1	13.5	17.5	20.3	13.8	14.3	14	2.48	2.45	2.27	1.92	3.77	3.29	3.15	3.36	5.33	4.38	4.94	5.36	5.71	5.64	5.44	4.91	5.32	4.46	3.67	2.95	1.79	1.26	0.827	0.506	0.17	0.0333	0.0252	0.0294	0.0446	0.0501	0.0506	0.0456	0.0103	0.00911	0.00752	0.00554	0	0.143	0	0	0	0	0.061	0.0586	0.742	0.923	1.12	1.76	6.28	5.47	4.78	5.1	6.45	6.38	6.36	6.65	63.6	66	64.5	41.9	1.72	1.49	1.25	0.984	0.24	0.128	0.0883	0.0738	0.254	0.259	0.262	0.262	0.441	0.698	0.92	1.15	1.17
7.63	5.36	6.87	16.5	5.91	5.63	5.73	6.62	10.3	11	15.9	48.8	58.5	61.3	55.7	44.9	41.9	42	43.2	29.5	32.9	33.7	28.4	32.2	33.6	32.4	32	19.9	16	14.9	11.3	8.32	8.31	8.46	12	11.9	13.5	15.4	19.4	17.8	15.9	16.5	16.5	3.15	3.14	2.92	2.5	4.73	8.13	3.52	3.62	3.74	3.69	4.05	4.37	5.02	4.99	10.2	10.5	13.3	7.89	3.5	2.86	1.95	1.43	1.01	0.706	0.361	0.157	0.108	0.128	0.229	0.26	0.264	0.238	0.0506	1.46	0.0368	0.0271	0.0265	0.0119	0.00394	0.00282	0	0	0	0	0.0135	0.0188	0.0543	0.129	5.07	12.3	2.97	0.447	3.08	4.03	4.21	4.71	5.27	5.25	6.58	5.2	1.9	1.73	1.57	1.51	1.25	1.1	1.02	0.991	0.817	0.649	0.651	0.712	2.57	2.91	3.19	4.41	1.07
11	8.92	5.47	14.6	15.3	4.2	3.43	5.55	6	11	20.8	25.8	35	41.6	47.1	43.9	37.2	35.5	36.7	29.4	31.2	33.5	29.7	34.8	40.9	35.7	31.5	22.4	19.7	14.8	12.7	9.23	9.6	10.8	10.3	13.8	16.5	19.7	21.6	22.7	20.9	17.6	17.6	3.4	3.39	3.18	2.74	5.29	4.22	3.57	3.59	3.58	3.72	4.08	4.4	5.1	5.07	4.92	9.79	12	18.6	3.66	3.04	2.12	1.6	1.17	0.851	0.459	0.232	0.144	0.171	0.323	0.352	0.358	0.323	2.01	0.0606	1.75	2.94	0.0363	0.0164	0.00551	0.00393	0	0	0	0	0.00786	0.011	0.0358	0.0821	0.296	3.62	0.767	6.39	2.84	2.65	3.14	3.89	4.14	4.35	5.12	4.97	1.71	1.49	1.33	1.28	1.17	1.03	0.948	0.831	0.773	0.614	0.625	0.635	2.51	2.84	3.15	3.42	1.05
6.72	7.52	4.56	5.53	3.48	3.1	2.97	5.93	5.64	11.7	20	33.1	25.5	27.1	36.8	38.8	40.8	42.8	35.6	29.1	31.1	35.2	32.8	36.3	40	37.7	33.1	23.7	19.2	17.6	13.4	9.68	7.54	8.97	10.5	17	18.6	21.3	25.3	22.2	22.7	23.1	22.3	4	3.72	3.58	3.16	6.29	5.29	4.68	4.59	7.19	7.16	4.62	4.83	9.9	11.2	9.5	4.67	4.83	4.32	3.81	3.2	2.27	1.76	1.34	1.01	0.594	0.356	0.204	0.243	0.432	0.492	0.497	0.447	0.0935	0.0825	0.0679	2.3	0.0501	0.0233	0.0087	0.00631	0	0	0	0	0.00616	0.0547	0.105	0.104	0.084	0.379	7.89	8.96	3.05	2.83	2.55	2.61	3.61	4.05	4.14	5.89	1.68	1.45	1.28	1.14	1.1	0.96	1.38	0.765	0.701	0.602	0.604	0.638	2.43	2.79	4.49	4.32	1.05
4.74	5.04	4.69	5.69	3.14	2.78	2.7	5.93	6.09	9.6	18.9	46	23	31.6	28.2	27.1	35.1	46	40	27.5	31.8	32.1	34.1	40.4	39.1	37.9	33.1	24	19.3	15.8	13.6	9.91	7.85	9.33	9.35	18.7	21.2	23.5	26.7	26	26.6	26.5	26.7	5.86	4.66	4.06	3.7	7.77	9.81	6.52	6.3	5.98	5.69	5.67	5.69	6.38	10.2	8.73	4.96	5.08	4.96	4.44	3.83	2.44	6.44	1.51	1.2	0.751	0.515	0.352	0.339	0.6	0.677	0.679	0.607	0.125	2.77	2.88	4.34	0.0678	0.0328	0.0135	0.00987	0	0.0125	0	0	0.00835	0.0115	0.111	0.128	0.0808	0.108	0.15	0.205	4.84	3.12	3.28	2.46	3.03	3.53	4.09	3.7	2.93	2.22	1.39	1.25	1.05	0.838	0.751	0.716	1.1	0.594	0.557	0.655	2.39	2.75	3.08	3.37	1.05
4.46	4.5	4.22	3.1	2.78	2.63	2.62	2.99	3.1	4.06	5.16	15	13	13.7	16.3	17.5	17.7	23.3	22.1	20.4	23	28.7	30.4	38.2	38.3	37.3	32	24.8	18.7	15.9	14.9	11.2	9.55	10	13.4	28	32.4	37.1	43.3	36.4	33.9	32.4	31.4	14	14.8	18.8	20.8	3.13	3.26	4.07	4.84	7.88	19.7	20	18	7.28	6.78	6.3	5.62	5.35	4.74	8.22	3.59	2.62	2.12	1.72	1.43	1.01	0.787	0.743	0.675	1.08	1.2	1.2	1.07	0.568	0.489	0.399	4.52	0.179	0.0885	0.0382	0.0282	0.0075	0.00338	0.00385	0.00891	0.0568	0.0489	0.144	0.206	0.249	0.329	0.46	1.09	6.28	6.18	3.4	3.67	3.08	3.29	3.25	2.84	2.6	2.24	1.83	1.45	1.22	0.272	0.131	0.0996	0.284	0.325	0.399	0.618	3.56	3.92	4.88	4.61	0.923
4.4	4.33	3.98	2.96	2.67	2.52	2.39	2.39	2.4	3.08	4.5	9.94	8.96	10.2	13.1	17.3	15.8	20.5	20	20.1	21.7	24.5	27.7	38.8	40.4	40.2	34	29.4	18.7	18	17.7	13.9	11.7	14.7	16.5	31.9	36.9	43.1	49.8	42.5	39.9	37	35.5	15.7	16	15.7	14.8	3.59	4.29	5.08	5.79	9.28	17.7	28.4	8.68	8.02	7.34	6.73	6	5.69	5.04	4.46	3.85	2.81	2.32	1.92	1.64	1.2	0.98	4.19	1.15	1.38	1.52	1.49	1.31	0.695	0.585	0.479	0.362	0.216	0.108	0.0482	0.0358	0.00957	0.00443	0.00485	0.0109	0.0432	0.0585	0.207	0.202	0.237	0.309	0.431	0.605	5.27	2.62	2.89	3.4	3.06	3.39	3.34	3.05	2.93	2.6	2.18	1.66	0.629	0.335	0.165	0.121	0.211	0.249	0.311	0.492	3.51	3.91	4.9	4.81	0.905
4.3	4.18	3.8	2.94	2.5	2.26	2.15	2.03	2.04	2.67	3.96	7.28	8.09	9.46	12	14.9	17.3	26.1	32.5	19.5	21.5	23.8	26.6	39.9	40.8	38.9	32.2	24.5	18.8	18.5	27.3	23.8	26.3	36.4	20.5	37.9	47.8	54.9	58.9	55.8	46.1	43.6	41.2	18.6	17.5	17.1	16.1	11.2	5.01	5.76	6.49	10.6	10.3	10.1	9.73	8.81	11.7	11.9	6.36	5.98	5.26	4.64	4.03	2.91	2.44	2.08	1.85	1.44	1.27	1.17	1.19	1.73	1.86	1.79	1.57	0.96	0.771	0.555	0.375	0.225	0.113	0.051	0.0379	0.0102	0.00483	0.00571	0.0129	0.0517	0.0701	0.122	0.206	0.237	0.305	0.417	0.576	1.79	3.41	2.76	3.89	3.1	3.5	3.53	3.57	3.55	3.03	2.6	1.98	0.757	0.411	0.432	0.15	0.0213	0.18	0.231	0.387	3.47	3.86	4.11	4.3	0.869
4.12	4.01	3.69	2.66	2.3	2.06	1.87	1.81	1.83	2.19	3.54	7.01	7.7	9.17	11.9	15.6	15.9	17.1	32.2	19.4	21.7	22.7	24.5	36.7	38.2	33.7	29.4	21.5	17.5	19.1	18.8	21.9	18.1	35	28.8	45.8	51.3	65.1	73.6	58.1	53.8	50.4	46.8	21.4	20.4	18.2	17	4.82	5.59	6.41	7.18	12	11.7	11.5	10.9	9.75	15.8	10.6	11.1	14	5.43	4.76	4.17	2.92	2.49	2.2	2.07	1.73	1.63	1.56	1.53	2.11	2.18	2.05	1.76	1.16	0.914	0.67	0.43	0.206	0.104	0.0466	0.0348	0.00946	0.00456	0.00645	0.0152	0.0612	0.0834	0.255	0.221	0.247	3.12	2.17	0.555	1.34	1.86	2.39	4.88	3.8	4.34	3.71	3.53	3.71	3.66	3.08	2.63	0.907	0.5	0.26	0.187	0.0264	0.00956	0.191	0.321	3.29	3.74	4.06	4.22	0.824
0.964	2.73	2.55	1.61	1.47	1.56	1.85	1.2	0.993	1.01	1.16	1.1	1.36	1.97	3.97	9.02	11.1	13.7	16.9	19.8	22.3	31.1	25.9	28.1	29.1	28.4	25.9	19.4	15.7	13.2	12.9	18.8	25.2	36.8	48.9	43.4	49	47.9	57.9	39.2	38.8	39.4	41	31.5	32.2	30.6	29.4	25.2	24.5	22.1	20.5	15	14.7	14.2	13.1	10.4	9.02	7.94	6.98	9.2	4.33	3.75	3.32	2.53	2.19	2.02	2	2.62	2.72	2.73	2.68	4.29	3.34	3.14	2.75	1.9	1.31	0.907	0.687	0.228	0.0868	0.0326	0.0244	0.00591	0.00293	0.0049	0.0118	0.181	0.124	0.195	0.546	2.34	2.98	3.25	3.15	1.38	1.56	1.86	3.46	4.54	5.07	5.35	5.31	4.78	4.73	4.22	3.25	1.3	0.766	0.384	0.276	0.0214	0.00765	0.000724	0.000602	0	0.24	0.548	0.813	1.81
0.816	1.34	1.68	1.95	2.68	1.3	1.53	1.14	1.05	1.06	1.08	0.784	0.794	1.37	2.3	8.14	9.97	12.1	14.9	18.1	20.5	25.6	28.2	27.6	26.8	25.1	22.6	20	16	13.7	11.4	15.3	20.1	34.2	45.3	39.8	54	54	62.2	45.2	46.2	43.2	41.6	31.6	32.7	32.5	31.5	24.9	24.6	23.8	22.4	16.5	16.3	17.6	14.4	11.2	9.64	8.41	7.37	5.38	8.16	6.13	3.43	2.55	2.25	2.14	2.22	3.02	3.37	3.28	3.18	3.75	3.7	3.44	2.98	2.57	1.73	1.26	0.864	0.319	0.174	0.0484	0.022	0.00538	0.00275	0.00541	0.0133	0.103	0.141	0.213	0.319	2.05	1.61	1.97	1.98	1.29	1.42	1.73	2.82	5.12	4.69	5.22	5.05	5.53	5.35	4.81	3.69	1.48	0.837	0.447	0.322	0.0248	0.00881	0.000707	0.000533	0.0139	0.172	0.477	0.738	0.712
0.647	0.709	0.82	1.48	2.65	1.22	1.37	1.14	1.03	1.16	1.34	0.641	0.69	1.05	1.87	7.04	9.06	10.9	13	16.9	21	21.3	22.6	28	30.1	26.1	22.5	24.1	17.9	14.7	14.6	17	18.8	32.3	46.1	42	72.4	63.1	62.8	56.9	53.4	56.5	48.5	34.7	34.9	35.2	33.9	26	25.7	24.9	23.7	17.6	17.4	16.8	15.3	11.8	10	8.71	7.58	6.47	7.55	4.43	3.45	2.54	2.27	2.17	2.29	3.24	3.9	3.45	3.31	3.85	3.76	3.65	3.03	2.35	1.88	1.41	1.18	0.397	0.251	0.123	0.0476	0.00516	0.0028	0.00572	0.0139	0.107	0.147	0.217	0.317	0.883	0.956	1.17	1.75	1.06	1.88	2.23	2.78	3.79	4.43	4.9	5.1	5.68	5.88	4.99	4.09	1.57	0.866	0.462	0.332	0.0256	0.00901	0.000611	0.000437	0	0.127	3.68	0.681	0.671
0.738	0.837	0.658	1.11	0.905	0.971	1.3	1.17	1.08	1.25	1.57	1.3	0.645	1.02	1.65	6.06	7.65	9.88	12	16.5	20.7	24.1	19.6	25.7	29.1	25.5	28.6	31.5	24.1	16.4	14.7	20.7	19.1	26.3	57.4	65.9	113	74.2	73.2	78.9	75.4	57.5	52.2	37.7	38	37.8	35.9	27.2	26.4	25.6	24.5	18.2	18.3	17.7	16	12.2	10.4	8.96	7.75	7.32	5.95	3.8	3.43	2.52	5.72	2.6	2.82	3	3.35	3.37	3.09	3.64	3.54	3.29	2.9	2.39	1.97	1.74	1.32	0.479	0.34	0.22	0.156	0.104	0.00307	0.00584	0.0136	0.617	0.61	0.644	0.711	1.48	1.49	1.5	1.5	0.747	0.873	1.28	2.17	4.05	4.33	4.92	5.11	5.19	5.7	4.94	3.68	1.5	0.816	0.429	0.308	0.0237	0.00823	0.000437	0.000312	0	0.0769	4.56	0.622	0.629
0.549	1.25	1.28	1.03	0.71	1.06	1.02	0.383	0.743	0.999	1.31	0.767	0.906	1.44	2.56	6.55	6.26	6.98	8.08	7.52	8.84	11.9	11.7	12.7	16.8	17.8	25.4	41.4	18.5	20.8	18.9	10.8	4.07	3.48	24.3	33.2	73.1	88.9	71.6	68	67.8	71.9	59.6	46.3	46.5	43.2	46.1	31	27.2	26.1	24.9	9.7	11	12	12.1	11.5	10.9	10.2	9.11	7.05	7.56	4.9	4.3	2.66	2.24	2.08	2.04	3.41	3.46	3.26	3.2	2.44	2.36	2.21	1.63	1.48	1.32	1.34	1.16	1.14	0.851	0.728	0.666	0.861	0.127	0.00567	0.0126	0.609	0.655	0.682	0.794	1.17	1.2	1.18	1.19	0.645	0.684	0.862	1.5	2.92	3.76	4.2	4.75	5.25	5.45	4.99	3.83	1.33	0.732	0.378	0.271	0	0	0	0	0.655	0.97	1.27	2.18	0.589
0.264	0.193	0.524	0.794	0.602	1.89	0.85	0.279	0.44	0.738	1.63	0.796	0.801	1.44	2.32	6.53	7.4	8.48	8.47	6.94	8.54	9.72	12.7	17.4	13.9	13.5	15.6	48.2	44.1	40.4	45.4	46.6	17.2	5.87	6.27	25	57.3	70.2	83.8	67.2	71.4	66.6	58.8	49	55.3	62.2	54	43.9	37.4	29.6	28	11.6	11.1	12	12	11.5	10.8	10.1	8.92	6.81	5.39	4.57	4.15	2.55	2.16	2.6	2.6	3.39	3.5	3.27	3.12	8.52	2.17	2.02	1.48	1.4	1.26	1.09	1.12	1.11	0.983	0.711	0.676	1.52	0.202	0.00582	0.0123	0.752	0.799	0.803	0.906	1.38	1.31	1.28	1.18	0.454	0.695	2.57	2.53	3.15	3.24	3.91	4.59	4.97	5.19	4.76	3.66	1.26	0.684	0.346	0.248	0	0	0	0	0.737	0.998	1.3	3.58	2.64
0.179	0.135	0.112	0.326	0.316	0.536	0.864	0.513	0.402	0.598	1.18	1.23	1.31	1.71	2.42	8.28	8.09	8.63	9.99	6.57	8.02	9.35	10.1	16.3	11.1	12.1	13.1	40.5	55.4	42.9	44.7	61.6	67.8	8.82	12.5	45.2	52.7	107	90.6	53.2	61.6	67.4	69.9	57.1	71.7	78.1	91.9	50.7	41.9	46.6	32	17.6	11.9	11.8	11.8	11.3	10.6	9.86	8.6	7.77	5.14	4.34	3.84	2.62	2.2	2.03	1.93	3.57	4.62	3.18	8.18	7.77	4.38	1.89	1.73	1.1	0.979	0.81	0.624	0.855	0.744	0.622	0.435	1.19	0.556	0.528	0.526	1.34	0.884	0.881	0.896	1.5	1.45	1.34	1.2	0.342	0.389	0.546	3.01	2.96	2.79	3.23	3.96	4.31	4.49	4.13	3.16	1.08	0.583	0.293	0.21	0	0	0	0	0.809	1.03	1.25	3.79	0.48
0.365	0.248	0.0692	0.249	0.246	0.312	0.632	0.63	0.467	0.525	0.794	0.597	1.17	1.43	2.15	10.4	11.4	11.1	11.5	6.97	8.24	9.11	9.51	9.77	10.8	36.7	9.56	16.6	45.1	25.7	14	33.9	77.1	43.3	54.1	25.6	59.6	175	103	56	50.4	58	65.5	53.2	61.2	97.6	82	64.1	46.4	53.4	52.2	38.2	18.5	13.3	11.5	11	10.5	11.6	8.39	6.04	5.02	4.21	5.01	2.97	2.52	4.16	2.91	3.87	3.63	6.49	3.46	7.92	6.49	1.97	1.84	0.88	0.731	0.556	0.348	0.673	0.619	0.564	0.53	1.31	0.506	0.448	0.478	1.16	0.777	0.784	0.799	1.43	1.31	1.26	1.13	0.345	0.347	0.416	0.685	1.66	2.07	2.45	2.57	3.45	3.36	3.07	2.35	0.796	0.45	0.238	0.182	0	0	0	0	0.892	1.11	1.35	1.61	1.05
2.65	3.1	3.04	0.0848	0	0.0139	0.031	0.0673	0.107	0.369	0.745	0.614	0.94	1.42	3.18	6.23	7.78	9.64	11.7	9.8	8.92	8.73	8.55	7.97	8.09	9.89	10.5	2.99	20.9	24.2	13.5	17.2	17.1	62.7	71	67.4	25	39.1	13.7	29.4	32.7	42	49.9	43.9	45.5	60.6	67.4	58.2	53.1	52.7	53.6	47.3	37.3	25.1	23	16.5	13.8	19.5	11.9	13.3	6.19	5.26	4.68	4.68	3.99	4.08	3.33	4	2.81	2.99	2.37	1.55	1.9	1.51	1.15	0.346	0.324	0.289	0.246	0.153	0.12	0.0925	0.0684	0.0109	0.00479	0.00189	0.0022	0.0211	0.0237	0.0297	0.998	0.179	0.255	0.308	0.401	0.296	0.258	0.313	0.459	0.951	0.721	0.946	0.979	0.688	0.698	0.64	0.498	0.162	0.0977	0.0884	0.0857	0.0715	0.06	0.00978	0.0102	0.316	0.471	0.754	1.1	0.477
2.38	2.11	2.11	0.0849	0.0169	0	0	0.0296	0.0608	0.173	0.331	0.477	0.654	0.935	1.8	5.29	6.38	8.25	10.4	12.3	11.7	10	9.68	7.23	7.72	7.95	12.7	4.63	4.56	14.5	9.58	9.37	26.8	9.12	78	63.5	50.6	12.1	9.93	29	31	32.4	38.3	35.9	37	42.3	51	49.1	46.5	40.8	47	50	33.3	38	35.2	24.2	28.7	36.3	26.3	14.2	12.3	5.68	5.24	4.99	4.43	3.96	3.58	3.17	2.87	2.86	2.65	1.54	1.6	1.38	1.47	0.429	0.41	0.376	0.321	0.202	0.162	0.126	0.093	0.0147	0.00639	0.00217	0.00209	0.017	0.0163	0.0185	0.0236	0.0683	0.134	0.19	0.274	0.236	0.198	0.22	0.299	0.866	0.471	0.438	0.579	0.348	0.335	0.307	0.244	0.0845	0.0588	0.0707	0.0744	0.0959	0.0595	0.0649	0.0143	0.249	0.402	0.655	0.984	0.448
2.11	2.11	2.12	0.171	0.0511	0	0	0.0255	0.0465	0.0984	0.24	0.508	0.504	0.725	1.35	4.19	5.42	7.25	8.89	12.6	12.4	12.1	11.5	7.31	7.48	7.94	10.1	7.13	4.17	3.67	3.72	9.02	24.4	7.54	13.6	30.4	31.1	17.4	16.2	28.3	28.2	30	31.4	31.7	33	33.5	35.8	34.4	35.3	37.2	34.6	36.6	34.5	36.9	42.1	41.7	29.3	32.1	25.9	9.74	8.05	6.42	7.21	5.58	4.95	4.4	3.91	3.78	3.29	3.3	3.35	2.35	2.61	2.2	2.13	0.664	0.678	0.653	0.586	0.396	0.348	0.288	0.22	0.0373	0.0191	0.0089	0.00676	0.0391	0.0212	0.0133	0.0153	0.0413	0.0951	0.143	0.221	0.193	0.158	0.166	0.205	0.722	0.291	0.223	0.369	0.169	0.146	0.136	0.118	0.0502	0.0433	0.07	0.0799	0.148	0.133	0.0986	0.11	0.223	0.353	0.615	0.897	0.427
2.11	2.14	1.88	0.342	0.136	0.0509	0	0.107	0.0462	0.0763	0.17	0.363	0.459	0.609	0.928	3.56	4.52	6.03	7.62	13	12.9	12.8	12.9	10.2	8.55	8.62	10.9	6.41	5.17	5.08	4.82	30.3	15.8	12.4	8.6	9.03	10.9	32	31.2	24.7	25.2	26.3	26.6	26.8	27.8	29.2	30.4	30.4	32.8	28.1	27	23.6	31.8	30.9	27.7	31.5	34.4	21	17.9	18	7.16	6.22	11.4	6.43	5.45	4.81	4.34	4.27	3.81	3.77	4.23	5.39	4.21	2.98	3.15	1.03	1.11	1.1	1.02	0.716	0.66	0.567	0.442	0.247	0.204	0.176	0.167	0.0872	0.0382	0.0141	0.0144	0.035	0.0357	0.0808	0.163	0.176	0.142	0.142	0.18	0.69	0.328	0.264	0.187	0.131	0.132	0.127	0.0912	0.0538	0.0502	0.0839	0.0994	0.195	0.231	0.218	0.173	0.295	0.454	0.704	0.965	0.432
