144	171	213	222	210	227	227	222	232	232	243	263	301	321	343	379	390	438	433	328	308	311	266	259	273	308	287	296	366	351	331	356	395	542	590	351	301	280	326	437	493	615	435	335	332	317	253	184	172	210	168	154	154	180	198	192	200	223	238	217	202	214	251	243	221	213	249	274	264	247	317	331	350	342	333	259	247	269	248	325	280	223	190	178	152	167	195	79.6	140	158	152	139	155	168	168	140	96.1	124	99.2	119	157	159	181	180	174	159	162	181	192	235	218	269	309	352	364	285	241	239	258	240
216	297	323	255	261	267	252	231	244	290	389	335	367	360	342	345	350	376	363	295	330	304	256	246	313	288	280	402	397	335	290	333	368	437	468	375	319	278	328	392	407	423	383	332	263	261	231	202	187	220	206	164	138	148	162	147	175	221	307	311	303	231	264	251	246	226	256	264	265	302	323	311	352	404	394	301	266	255	253	288	304	252	227	206	252	230	221	225	168	183	192	145	140	146	142	127	119	99	117	149	157	182	203	192	167	188	209	201	197	239	199	198	250	264	255	263	244	225	234	185
281	344	333	250	242	267	284	263	275	319	362	350	360	346	351	380	374	341	355	335	321	305	284	291	293	301	360	498	413	313	290	338	366	462	445	372	279	219	255	322	300	264	294	257	222	202	199	201	189	201	207	159	165	137	151	141	185	289	352	300	302	251	231	233	247	258	219	289	300	339	324	327	356	367	392	325	272	263	263	236	252	341	287	278	307	272	233	225	224	169	196	136	134	138	143	127	132	121	157	180	187	204	203	197	178	212	222	183	207	214	166	147	196	212	243	218	253	249	228	157
323	344	325	265	285	288	291	273	317	317	336	357	372	343	344	409	417	372	364	320	287	304	298	317	342	387	443	438	315	287	270	361	351	382	330	287	255	226	243	252	237	236	202	197	190	180	184	220	229	219	219	219	187	154	164	123	176	253	318	302	274	227	215	219	221	236	205	295	287	282	295	300	309	341	298	285	273	271	300	283	289	285	289	297	264	306	278	231	265	166	199	163	149	137	142	162	117	98.9	124	167	189	179	196	184	186	194	199	176	163	141	150	166	179	190	231	261	257	237	199	161
287	330	317	272	318	313	332	305	348	363	415	358	387	346	381	371	325	328	314	320	306	356	379	349	336	392	395	399	409	359	297	354	341	276	232	217	236	269	227	212	251	198	150	168	182	182	197	272	246	232	203	176	160	161	198	141	140	203	258	250	255	234	203	204	230	230	186	237	259	226	229	244	278	263	293	273	263	267	289	287	274	248	242	255	254	296	302	310	278	239	169	109	110	106	124	136	134	113	140	162	178	133	158	152	166	160	161	169	150	146	137	130	137	174	206	258	295	273	185	149
302	334	332	296	333	345	407	356	383	432	409	340	316	317	368	276	275	282	263	264	337	274	337	328	311	366	360	331	334	347	322	306	275	307	226	202	216	224	218	188	188	173	158	164	173	208	214	232	239	236	202	175	183	183	190	172	164	231	235	289	292	219	243	219	206	184	183	226	248	232	222	218	229	232	275	251	245	232	225	208	210	218	246	222	206	285	295	348	272	205	214	81.5	95.2	89.8	70.6	73.7	95.8	97	115	97.1	120	105	113	107	121	140	156	156	111	129	137	132	151	140	166	228	275	218	158	131
285	310	339	318	375	378	375	334	382	374	426	346	297	289	315	274	276	263	238	233	271	258	199	284	342	337	344	339	338	366	278	232	260	292	281	192	195	211	191	160	162	151	167	195	196	197	207	230	204	220	204	186	200	177	169	166	197	251	250	226	238	213	241	268	229	185	184	201	199	224	205	202	204	225	224	224	233	204	231	197	189	215	270	252	208	237	278	276	259	244	230	103	93.2	82.6	71.7	76.9	93.2	118	63.9	52.6	63.9	67.6	82	83.1	75.4	108	133	134	98.6	104	117	134	123	127	132	187	183	140	127	126
264	293	316	333	382	369	344	327	315	328	366	286	294	273	245	257	292	277	261	230	217	166	154	271	381	301	239	367	380	314	249	244	242	232	223	179	178	183	197	163	155	171	196	191	171	193	214	203	191	207	217	222	239	204	196	220	235	273	252	251	243	240	246	224	257	218	196	176	173	214	211	171	188	196	192	190	206	210	237	201	190	224	246	285	228	230	242	235	229	241	235	254	63.3	84.8	61.8	54.5	58.5	67.4	32.8	32.4	56	60.8	56.8	52.8	58.7	83.8	106	93.1	94.1	101	120	127	101	122	121	137	131	108	108	102
253	308	355	307	347	336	349	315	300	311	298	255	248	230	252	259	268	231	203	159	151	158	203	344	316	297	312	380	418	373	309	260	218	248	227	188	182	162	177	152	157	156	155	161	153	186	210	200	184	193	196	192	212	226	243	269	252	234	193	241	252	258	195	208	202	176	185	192	200	208	176	148	174	161	175	172	196	187	195	200	191	186	208	234	209	208	208	213	220	251	243	245	228	89.2	86.7	49.6	62.8	50.9	32	28.9	55.5	64.5	41.2	37.8	43.9	59.8	82	110	104	108	132	126	120	129	135	113	119	113	103	98.7
189	220	229	256	273	284	290	202	216	281	283	217	213	219	279	229	214	204	209	147	170	191	227	320	293	307	298	462	458	401	344	302	291	273	207	224	204	181	161	151	153	136	159	169	180	208	226	203	202	218	226	195	206	253	276	298	259	199	191	236	243	214	196	189	151	162	187	191	211	193	150	130	115	139	162	145	209	176	167	168	168	177	232	185	161	166	144	173	231	253	273	286	238	139	99.7	41.9	49	39.2	39.6	30.1	42.3	55.3	35.2	30.7	43.8	54.3	63.2	82	87.2	103	118	130	149	123	109	101	88.1	83.9	96.9	94.5
231	191	195	243	288	325	307	235	247	282	303	254	228	241	261	189	195	253	267	151	144	149	215	207	273	296	281	430	478	368	298	308	301	262	172	234	225	192	167	168	171	162	175	190	181	191	202	212	203	211	240	210	223	242	284	278	283	201	175	230	227	172	184	184	163	190	199	182	207	162	137	127	123	144	173	158	168	158	170	158	139	146	195	155	159	139	144	165	212	222	239	294	180	100	92.1	46.9	45.6	20.7	23.4	14.5	25.7	36.9	37.2	50.2	71.2	67.5	79.8	72	69.4	69.4	64.9	83.6	113	104	99.8	86.3	74	80.4	105	98.5
215	191	209	255	303	308	294	265	262	264	339	283	259	303	260	202	194	265	195	151	135	144	173	209	299	271	241	397	347	362	339	329	362	323	236	276	209	221	225	151	134	189	185	167	191	207	188	196	201	219	231	213	213	228	234	229	231	212	240	247	186	185	230	205	179	179	175	179	183	173	139	122	141	117	126	159	132	156	176	169	165	171	195	180	139	125	115	138	175	200	192	245	160	105	91.4	45.4	31	16.5	13.9	27.2	24.4	32.8	37.4	50.4	89.7	89.1	114	107	79.2	68.6	63.7	44.5	50.9	61.9	73.4	63.3	56.7	73	78.1	74.1
245	288	292	275	306	339	328	304	301	317	316	295	285	282	240	200	195	214	201	166	141	152	175	247	310	320	265	324	277	302	302	346	424	270	258	282	263	226	177	150	116	158	178	164	207	223	200	200	204	213	207	222	214	206	215	217	244	237	235	237	170	176	217	212	204	172	183	182	174	136	106	95.3	108	110	120	143	149	142	156	147	139	137	176	179	174	144	121	132	158	188	191	197	156	115	76.9	28.1	19.1	27.8	23.5	26	15.1	18.8	26.9	35.6	49.6	59.6	72.1	85.9	89.2	53.8	33.2	28.9	33.5	59.6	62.3	41.3	45.7	50.8	40.8	38.2
213	243	250	277	300	279	351	347	307	321	332	321	314	477	306	233	201	241	225	211	175	185	189	229	267	236	281	305	380	323	325	327	331	233	196	214	138	83.6	95.9	93.2	107	169	154	150	192	206	164	189	220	207	226	225	221	224	214	202	221	232	226	240	200	181	195	234	204	199	207	158	144	113	105	82.7	106	118	135	151	141	119	143	110	99.6	117	138	133	167	137	131	141	158	199	217	220	172	121	72.7	43.6	32.7	40.1	39.6	47.2	42.8	45.9	51.4	52.2	46.9	58.6	72.3	74	59.2	50.5	37.3	16.6	21.9	33.6	44.3	32.8	40.4	42.6	28.3	22
178	231	239	239	272	295	308	262	243	307	416	420	303	346	468	291	235	195	183	186	156	221	215	238	280	277	316	337	356	305	282	270	232	192	153	114	63.3	83.3	117	147	234	191	181	180	211	207	163	193	190	201	223	223	219	212	193	193	207	214	194	196	197	192	201	211	184	173	163	139	118	111	90.8	81.6	102	108	117	107	123	154	155	105	114	131	133	137	151	130	113	147	204	197	179	176	142	98.6	68	50.3	46.7	64.2	44.9	52	37.9	38.1	55.9	47.2	35	34.6	48	23.6	21.3	19.3	24.5	13.9	22.5	31.7	27.3	34.7	39.7	26.5	24.3	33.3
183	225	231	197	242	282	285	264	246	310	388	409	284	299	358	266	234	195	166	149	153	191	199	264	370	254	243	311	330	281	215	202	167	157	136	104	114	145	167	204	246	226	250	219	202	175	189	236	236	220	234	250	236	196	179	200	211	195	169	142	157	165	164	162	160	156	134	121	121	98.5	74.6	80.8	89.6	92	113	104	98.6	136	177	136	143	131	84.1	122	131	142	142	158	196	188	207	186	117	95.5	104	54.1	58	79.2	60.7	46.9	17.7	36.2	59.8	41	27.8	22.9	37.7	23.2	18.3	22.5	18.7	7.89	10.5	15.4	24.7	27.1	28.9	22.4	26.8	29.8
255	251	242	201	254	291	284	265	274	377	509	313	319	389	409	270	223	205	236	170	161	145	168	242	258	237	241	276	267	222	169	170	144	157	179	127	163	201	262	226	238	238	338	271	217	198	233	244	230	207	199	206	208	187	178	195	225	194	163	131	112	131	161	189	169	175	149	156	140	109	88.1	74.3	77.8	79.3	93.9	87.9	105	124	131	129	146	106	58.9	99.8	95.6	106	130	149	180	171	160	177	155	158	111	38	49.8	73.1	55.2	36.4	27.9	15.8	35.6	17.8	24.3	26.5	31	20.6	17.3	19	15.7	10.9	9.42	11.4	25.3	17.1	23	18.2	25	37.4
288	286	249	226	278	323	310	315	343	326	424	282	271	277	323	284	236	229	211	189	216	181	181	272	265	258	269	265	205	179	167	145	133	148	156	134	177	198	277	197	207	275	299	243	224	242	221	225	241	209	189	176	175	189	204	242	254	208	163	166	125	158	180	204	176	164	135	144	123	85.4	81.4	70.2	47.3	55.5	61.4	76.7	80.8	67.5	92	90.9	129	132	102	97	107	102	118	154	130	150	123	154	180	213	189	141	70.6	73.3	85.8	97.4	57	50.5	60.7	44.7	50.8	71	70	33.8	22.3	14.4	8.19	7.62	5.85	12	12.6	19.2	12	14.8	16.7	16.1
242	287	289	261	256	297	416	321	352	356	403	257	256	278	313	255	242	224	209	219	237	259	250	249	281	239	257	273	259	193	178	147	116	161	157	188	213	215	281	214	163	214	226	271	271	282	224	254	240	228	216	219	215	225	253	315	293	208	137	130	190	174	158	131	111	128	133	104	70.8	73.6	72.4	66.1	62.3	42.7	56.6	66.9	76.9	84.8	92.2	90.7	92.3	122	137	128	115	103	98.1	133	153	124	140	189	220	311	235	183	158	101	98.3	69.4	46.7	71.2	72.1	94.3	89.8	137	131	53.4	25.9	19.4	4.44	9.57	6.84	16	13.5	14.6	8.64	8.88	21.5	46.2
229	258	308	258	266	329	485	399	339	352	383	239	255	244	265	217	236	227	185	186	232	276	246	225	324	304	276	250	211	199	150	101	117	170	217	205	185	235	259	206	157	164	212	268	275	209	167	202	228	222	261	227	207	215	260	313	250	182	118	146	146	152	144	144	124	97.2	125	123	98.7	91.6	71.1	37.1	40.8	49.8	54.6	73.8	65.3	63.2	87.1	76.7	63	121	168	125	81	93	76.1	104	111	109	144	196	198	257	237	228	235	196	91.3	67.7	64.9	93.2	85	76.1	100	101	57.2	29.2	12.8	9.72	6.3	6.81	8.85	5.43	4.71	6.21	7.5	6.63	8.88	30
216	221	284	290	256	262	370	300	377	407	239	229	204	198	220	177	186	203	187	187	203	192	166	190	214	210	197	211	177	151	120	107	188	170	231	163	166	220	247	186	188	140	157	197	231	200	190	192	204	222	229	207	180	195	237	346	244	149	153	174	204	136	132	133	82.7	82.2	110	121	111	86.4	56.1	49.7	38.6	64.7	35.8	44.9	59.7	88.7	98	83	66.8	93.2	62.4	125	66.2	118	168	144	118	105	114	145	154	139	173	170	205	213	229	113	85.7	75.4	73.2	43.4	73.8	81.4	33.9	14.3	4.32	1.77	0.3	4.47	7.86	2.13	3.57	6.45	2.4	1.17	4.53	4.02
223	222	239	282	357	341	307	309	282	282	198	150	163	201	225	195	185	207	227	207	216	198	163	197	195	192	182	208	184	154	137	164	160	147	274	211	174	179	192	202	155	110	138	174	191	175	180	176	166	199	198	206	152	175	201	250	194	131	168	192	182	188	175	109	95.4	84.4	109	102	97.3	88.7	73.2	56.5	44.9	45.9	35.1	57.2	85.9	104	113	91	77.6	91.2	78	106	106	151	238	167	146	158	116	152	201	192	145	175	235	236	183	169	196	125	118	122	132	132	129	87.1	85.2	80.9	82	4.47	0	0	5.7	10.9	2.37	2.91	14.2	4.71
199	184	224	309	351	350	299	243	253	261	205	169	144	139	173	200	301	254	244	256	220	191	175	188	165	185	245	201	169	164	159	139	193	177	209	221	195	190	173	166	151	132	230	171	179	189	147	134	147	217	176	163	161	200	166	185	164	145	168	193	159	143	142	96.2	135	139	91.7	94.8	100	90.8	76.4	65.3	63.4	48.8	63.3	102	98.1	110	105	77.8	92.8	117	97.9	109	125	146	172	173	175	130	110	190	275	208	210	250	271	286	206	141	202	190	143	130	139	122	122	88.2	83	81.4	81.6	0.9	0.06	2.55	4.89	6.36	4.14	0	12.2	19.9
200	269	268	282	303	293	272	233	254	263	252	182	173	172	192	188	267	214	196	215	262	241	197	188	166	241	215	191	170	226	156	138	249	213	185	190	233	199	239	213	182	125	138	141	169	160	181	128	157	223	180	151	122	139	161	159	142	173	198	159	146	149	103	116	147	134	111	100	118	81.4	86.8	104	117	87.5	79.7	130	93.3	98	129	106	148	173	130	127	146	167	166	189	209	152	168	250	243	271	276	299	276	294	251	183	207	132	130	156	162	152	145	109	104	104	80	3.12	0.18	0.18	6.72	6.81	16	4.14	2.76	5.55
217	272	272	245	283	269	256	238	218	229	225	163	184	184	171	187	215	198	206	219	188	198	205	197	220	185	172	174	178	213	190	156	167	171	194	192	217	244	316	224	124	86.7	94	102	120	141	144	131	135	171	164	101	93.2	109	122	120	128	163	151	145	115	121	120	102	106	99.5	107	70.5	101	78.6	93.5	141	121	90.9	75.3	96.1	113	83.3	95.3	127	169	151	180	148	157	160	207	251	241	247	236	271	327	323	331	302	282	288	295	271	234	274	187	258	244	183	179	134	151	107	105	77.2	0	1.41	0.93	1.11	2.58	0	7.08	3.78
208	202	225	228	286	260	235	211	213	246	223	145	152	185	202	200	158	171	201	217	177	187	213	206	191	180	174	188	198	221	239	233	181	214	215	229	269	224	245	158	125	135	117	95.8	98.7	115	108	91.1	105	145	163	130	78.4	80.2	88.8	104	94.7	99.1	96.8	121	106	113	77.5	84.3	61.4	73.5	89.8	51.2	62.3	61.8	85.1	103	96.3	79.3	82	97	114	101	111	92.8	90.8	110	156	180	155	232	244	188	182	260	201	238	280	358	345	308	301	266	247	288	286	246	272	296	286	248	221	183	164	154	137	126	125	101	98.2	80.5	77.3	77.2	78.5	11.2
216	220	207	226	306	281	263	241	226	229	231	139	148	157	191	160	128	197	209	191	143	149	171	206	195	171	161	216	237	233	231	261	273	244	205	183	250	216	216	151	157	145	128	103	107	140	118	83.8	85	129	142	107	88.4	102	109	149	105	147	108	93	112	160	87.4	76.6	56.2	50	64	53.1	50.8	47.5	57	98	73.3	73.1	89.7	101	107	75.1	77.9	90.5	92	119	159	132	106	127	169	153	138	137	186	192	175	180	200	235	276	299	278	271	354	348	387	325	306	287	276	262	239	201	184	186	166	133	127	81.4	78.8	76	78.7	0.69
205	223	238	268	348	326	276	264	240	208	214	167	123	127	165	157	123	150	172	183	160	139	150	185	198	199	179	218	241	224	231	229	274	237	222	224	199	244	210	176	223	213	164	119	173	162	148	103	93.1	103	114	109	129	95.6	69.4	109	84.3	127	96.9	91.5	129	116	76.9	76.2	80.6	52.8	52	48.6	51.7	52.7	45.5	59.4	43.2	42.1	57.4	85.7	59.1	43.8	90.3	110	83.7	89.3	88	87.9	102	98.7	123	138	115	91.8	175	147	121	78	121	180	269	291	299	280	344	417	340	343	298	281	256	230	227	205	194	219	200	174	133	111	93.5	75.4	72.9	3.72
180	204	249	245	276	301	226	186	200	199	191	124	115	134	144	124	143	155	125	146	158	135	149	180	231	187	204	278	241	229	202	214	201	283	305	276	247	237	203	258	227	181	172	112	130	136	165	133	95.7	82.4	85.5	101	103	100	97.6	101	78.4	68.3	120	110	99.4	107	77.4	75.1	50.1	72.5	60.2	46.7	45	36.6	33.7	47.1	40.9	30.5	28.2	43.2	35.8	33.4	50.1	52.7	53.6	87.2	95.6	125	121	86.1	126	97.1	95.1	78.7	133	151	105	112	116	177	233	265	218	228	308	350	348	357	316	261	231	195	205	169	172	208	176	151	146	114	94	90.2	90	40.7
145	164	166	196	175	186	206	169	159	143	164	140	103	117	140	154	171	174	135	141	150	137	162	151	157	181	184	210	195	183	180	212	160	208	265	258	238	224	178	155	176	170	168	140	150	147	151	138	121	104	97.1	91.3	94.7	100	79.5	80.3	77.2	82.2	83.5	92.1	74.9	96.6	88	97.5	64.9	86.9	72.3	60.1	46.4	43.6	45.2	57.6	56.6	42.5	48.9	56.7	33.6	39.2	63.9	55.1	62.3	103	104	126	92.4	100	96.4	101	98.2	102	130	128	119	117	127	139	151	175	170	196	232	289	256	248	311	254	229	209	185	175	164	171	160	149	135	129	125	105	99.6	64.7
154	151	152	172	155	195	212	193	150	124	132	121	122	116	129	120	125	167	171	147	147	120	143	153	181	158	159	158	149	131	171	156	134	177	216	218	218	206	226	169	166	178	188	158	147	163	140	116	90.1	84.5	98	100	74.3	76	61	87.2	96	98.6	117	96.1	76.2	72	72.4	68.5	65.9	67.3	68.2	72	84.2	72.9	68.5	59.1	61.9	58.6	60.9	68.4	51.7	53.7	65.9	72.9	116	99.7	81.2	108	158	163	149	146	148	135	136	129	126	113	136	111	124	147	178	177	179	205	232	241	307	245	211	207	200	180	145	141	146	153	142	163	132	143	129	96.7
159	172	187	184	219	240	217	203	205	159	122	119	104	103	113	111	132	140	164	138	135	100	108	139	161	142	160	162	140	134	147	133	148	163	181	146	146	160	196	197	184	181	164	131	141	203	161	115	100	88.5	76	71.3	68.5	81.8	85.3	98.1	111	105	104	85	75.7	53.5	48.4	64.5	52.8	60	63.9	70.3	76.4	58.8	60.7	62.3	64.6	72.4	74.3	61.3	53.9	74.1	65.9	51	77.3	86.8	101	70.3	112	226	137	128	147	124	125	130	119	93.6	134	120	113	153	173	243	213	190	242	260	227	192	188	152	181	150	165	175	170	168	148	200	164	160	168	183
156	157	178	195	191	203	191	194	227	198	164	121	108	90.1	125	125	141	156	158	141	119	75.8	86.1	118	132	126	170	212	206	174	152	146	168	152	149	160	141	174	156	152	191	182	149	145	150	147	148	140	104	98.5	78.1	59.4	58.7	75.8	72.9	70.2	76.8	71.6	104	63.4	63.3	49	53.7	66.8	63	87.8	92.5	82.7	88	74.5	68	80.3	94.8	70.5	72.1	72	66.6	76.4	83.8	54.3	53.9	59.9	59.6	56.9	69.3	123	95.7	115	119	138	143	104	93.6	72	83.1	91.7	89.8	96	156	198	147	148	210	204	140	134	134	108	108	111	128	159	179	147	126	110	126	158	132	129
120	115	163	156	156	156	177	158	246	225	193	165	148	157	163	166	165	185	191	146	116	111	108	106	112	113	146	146	154	130	140	133	169	99.8	129	126	112	128	125	138	136	121	132	152	185	207	145	132	112	92.7	80.2	45.8	39.6	39.8	38.7	49	50.9	45.2	75.2	61.6	48.3	61.9	55.3	59.7	83	115	97.4	103	113	107	101	94.6	80.1	92.8	81.1	53.1	40.3	54	58.5	39.9	42.8	44.2	56.3	65.4	81.8	111	112	186	157	113	147	82.3	84.9	92	88.6	95	55.3	71.4	98.9	125	92.4	89.8	109	87.9	98.2	37.3	42.1	53.4	62.4	63	62.4	103	123	111	92.1	113	153	156	119	163
127	110	105	134	160	166	173	170	174	170	219	242	210	160	161	157	144	139	160	149	136	135	133	139	132	99.2	138	152	164	165	134	144	123	87.3	77.2	141	92.8	104	111	116	98.9	101	113	121	131	132	166	139	108	84.9	84.7	42.4	45.5	65.3	40.6	44.1	38.7	44.6	56.6	63.4	66	67.4	66.8	88.5	115	122	107	138	100	92.4	99	85.5	82.6	70.2	91	61.7	54.9	56.5	44.4	42.2	48.5	52.4	76.9	61.3	69.3	69.4	96.5	115	92.5	87.2	60.5	61.9	51	52.9	44.3	54.7	56.7	60.6	62.1	62.3	63	59.3	82.7	93.3	43.6	28.9	25.8	49.6	54.4	43.5	53.1	69.3	83.9	74.3	67.7	88.6	87	102	118	82.7
115	133	128	132	169	194	187	158	150	158	214	217	199	188	170	163	148	147	142	154	164	140	127	133	121	115	122	150	166	142	129	121	110	92.7	110	138	183	112	103	102	98.2	110	107	114	108	126	170	124	115	88.6	88.7	71	81.4	115	67	57.3	50.1	53.4	52.5	76.2	122	91.1	97.4	129	156	123	105	131	125	120	98.7	92.6	91.1	79.8	71.3	75.2	56.1	56.7	46.7	33.7	37.8	50.1	69.5	50.9	29.7	40.2	60.6	54.8	38.3	24.3	33.9	50.4	48.5	37.7	38.3	37.4	47.2	43.9	61.5	51	50.5	46.5	53	27.3	18.8	29.7	34.7	53.2	39.6	52.3	47.1	56.1	57.2	48.1	51.2	56.3	58	52.7	55.6	64.1
129	120	138	143	157	191	180	197	176	179	197	174	175	180	177	154	186	190	161	136	162	151	147	147	135	150	131	154	150	145	141	111	114	123	151	154	177	116	101	96.3	113	111	99.1	116	150	118	125	154	145	111	106	127	113	89.1	75.6	90	71.5	63.4	59.2	72.1	87.5	77.8	97.9	118	112	110	86.5	92.9	104	92.4	91.4	113	112	81.4	68.7	64.2	58.2	58	46	33	30.8	31.4	39.9	35.6	36	35.6	26.8	18.5	20.1	16.5	11.9	41.1	40.6	39.4	45.7	30.7	31.6	36	41.5	57.5	44.4	41.6	39.4	16.1	17.9	29.5	23.4	35.4	37	42.6	38.7	35.9	35	35.3	35.8	42.1	43	41.1	38.8	42.1
124	112	129	130	143	149	151	222	177	162	159	171	181	184	164	170	209	216	176	146	161	136	121	123	136	147	133	140	130	133	135	91.1	91.8	110	142	141	146	110	118	102	101	104	102	116	132	127	115	131	166	128	113	141	121	103	111	96.2	86.8	82.5	75.3	70.5	81.8	84.3	96.9	74.8	77.5	94.4	70.8	58.7	96.5	75.5	71.2	135	69.8	65.1	66.5	53.3	58.5	40.1	36.2	8.48	18.3	7.68	7.14	15.2	24.6	29.8	21.8	32	45.8	46.9	61.2	57.7	43.5	47.8	52.5	53.8	36.8	35.3	30.1	49	45.1	47.9	27	12.5	14.1	32.7	13.4	28.6	62.8	31.3	35.1	43.3	47.3	25.2	28	25.9	23.4	21.9	23.2	28.1
132	127	124	115	121	130	139	189	177	157	158	165	184	183	155	172	186	189	200	155	143	169	144	119	123	114	129	150	147	104	67.8	83.2	99.5	117	118	144	144	133	154	118	110	107	120	131	136	140	128	129	159	149	115	133	123	119	132	107	103	111	99.6	101	97	112	115	91.6	74.8	70.2	71.1	66	75.9	64.5	98.5	139	98.5	86.5	78.5	97.9	66	60.6	56.2	30	26	22.8	14.2	26.4	37.3	33.4	25.7	29.9	26.8	30.2	52	40	41.1	49.5	56.4	59.8	45.6	48.3	44.8	38.3	27	31.1	24.6	15.7	7.94	8.4	8.99	21.9	35.8	18	18.4	30.8	37.8	21.9	30.7	24.4	15.8	15.3	14.4	18.8
113	123	114	111	131	145	145	152	155	156	149	153	177	214	194	186	190	185	170	147	169	164	172	176	176	175	165	169	162	89.5	63.4	82.2	106	153	116	126	196	162	176	153	156	142	134	156	148	160	159	151	153	155	131	140	110	114	134	123	117	128	122	108	74	66.5	84.2	78.3	67.1	69.8	63	78.3	82.7	82.1	96.3	102	76	76.5	53.6	61.7	66.7	55.1	58.6	41.5	45.6	37.2	38.9	64.7	46.7	30.6	21.6	12	18.3	39.2	29.8	47.3	41.7	37.6	73.8	50.2	46	48.7	61.2	52.2	35.3	24.6	24.1	20.1	6.05	6.54	47.9	22.4	14.6	13.9	17.2	19.3	18.7	24.3	22.1	16.1	10.2	12.2	10.6	13
105	112	110	119	135	161	163	161	165	196	204	154	163	197	221	208	194	172	161	155	174	185	173	190	213	214	202	208	185	108	68.9	85.2	155	172	144	141	174	211	179	159	160	137	146	161	162	147	172	146	143	127	146	133	115	113	132	103	95.5	109	111	103	91.8	76.6	77.1	73.9	78	83.1	83	95.4	83.1	76	89	96.5	70	90	49.8	65.8	76	51.4	55.5	38.4	31.2	45.3	59.5	92.2	47.1	29.9	23.2	9.06	22.7	28.1	19.2	34.3	43.5	53.5	97	56.1	50.2	42.9	49.6	39.5	47.8	18.7	23.8	17.2	5.21	5.66	29.9	21.3	11.5	11	16.2	13.5	16.9	16.1	28.6	17.7	20.5	12.5	8.71	13.4
84	93.5	85.7	104	138	191	192	163	163	179	155	145	152	169	180	206	173	140	155	155	154	162	178	143	132	162	206	168	208	99	93.9	89.9	130	183	169	147	159	138	137	137	131	131	151	178	154	146	138	181	161	117	105	88	118	113	95.1	95.7	100	121	127	106	70.9	64.7	82.7	52	55.7	55.5	50.8	75.5	76.1	77.2	59.4	74.2	60.3	57.1	50.5	56.4	63.3	49	64.9	54.7	27.8	17.2	60.2	45.6	22.4	11.3	16.7	7.89	9.75	14.4	2.13	11.7	42.7	41.2	58	43	52.3	35	29	35.2	25.6	20.4	5.9	5.33	6.28	5.86	6.31	12.9	8.03	17.9	7.75	8.66	12.4	23.6	26.4	18.5	16.8	11.2	20.4	19.5
66.4	72.3	80.3	101	129	197	166	145	128	135	128	111	131	134	148	137	118	121	149	162	152	146	153	129	108	111	123	147	121	80.1	64.3	76.8	107	135	148	162	162	126	97.5	107	94.7	127	136	159	144	134	112	144	152	118	104	79.7	92.9	76.9	78.2	89.3	123	119	112	93.7	58.7	79.2	56	47.1	39.3	44.7	52	75	65.3	71.3	63.7	60.2	63.2	56.7	55	41.2	47	48.6	46.4	35.5	25.3	19.3	20.4	37.4	53.1	32.4	22.9	5.33	5.41	7.64	16.4	15.3	8.23	14.4	7.6	8.69	46.5	41.1	22.8	18.1	22.7	12.7	10.8	10.4	5.18	5.31	5.64	6.07	6.18	6.23	8.57	12.7	24.5	45.7	41	22.5	16.3	47.6	50.9	13.6
92.8	64.3	81.4	72.5	124	161	185	135	104	140	144	130	133	134	131	126	108	114	107	109	122	97.5	115	102	118	140	110	107	120	73	87.6	82.2	97.7	148	149	118	141	140	118	86.5	83.4	108	149	136	159	154	146	169	152	137	119	110	96.2	81.4	73.2	101	107	142	123	76.2	59.7	56.5	46.6	40.7	29.6	38.3	49.3	73.1	91.2	88	92.5	76.6	63.1	62.5	57.8	65.1	139	65.9	46.2	26.6	23.1	18.5	52.1	30.2	85	65	53.5	9.79	4.01	55.9	99.6	12.7	8.76	8.92	4.97	5.75	10.8	50.4	58.8	34.2	23.5	14.9	17	13.8	4.27	4.65	4.88	4.93	4.95	8.22	8.99	13.1	28.6	37.6	29	12.1	21.9	32.4	25.1	12.2
99.9	97.2	112	105	110	136	144	123	99.7	113	132	129	118	117	117	115	111	121	105	83.4	81.2	69.3	69	58	88.5	129	99.5	94.4	130	92.9	68.2	82.6	89.2	125	131	116	134	102	83.3	82.1	91	129	157	154	154	128	118	144	140	109	96.7	119	119	100	107	97.2	93.8	144	133	88.7	79.4	54	50.7	40.2	52.8	55.4	48.9	81.2	75.7	98.2	92.1	72.8	72.2	58	59.1	176	204	105	52.5	89.9	94.2	48.5	64.9	68	59.9	113	96.2	76.3	33.8	98.9	33.9	12.2	18.5	10.9	10.3	13	34.6	65.9	117	81	45.5	18.1	17.1	14.2	3.14	3.38	3.44	3.53	3.45	6.11	5.48	5.44	10.6	25.1	30	9.07	5.87	11.9	24.7	10.7
104	111	114	148	147	159	145	163	121	105	128	131	122	129	209	143	129	113	119	91.3	65.3	74.9	67.8	41.6	61.6	78.3	73.4	81.3	94	89.3	93.8	106	105	128	125	119	119	122	104	78.9	85.2	102	121	163	153	125	124	145	141	103	104	92.4	89.2	75.8	81.9	47.8	84.9	79.1	101	73.7	73.5	34.5	41.4	39.7	48.3	38.8	69.3	78.1	54.4	112	81.5	77.7	63.2	59.1	88.5	215	267	155	65.2	37.1	38.2	40.7	82.8	74	49.4	105	99.6	68.7	71.5	85.1	13.1	49.1	60.3	10.9	18.9	5.64	11.2	42.2	83.4	64.5	49.8	33.5	11.8	6.99	2.76	5.59	2.7	2.43	3.53	3.4	5.66	5.43	7.51	7.99	16.7	3.54	3.36	3.22	9.69	6.56
110	107	117	134	129	141	123	106	85.4	88.3	87.5	87.9	103	122	175	115	104	100	109	72.3	63.8	63.3	79	65.2	55.5	61.1	74.2	74.4	101	99.8	120	140	134	146	134	120	116	93.4	80.3	84.4	91.3	109	119	97.9	103	114	124	124	112	111	111	80	81.1	68.6	56.3	27.9	56.4	57.9	88.4	103	60.7	40.2	45.7	38.3	36.9	43.3	38.7	41.8	28	44.8	43	56.4	49.5	37.4	65.5	88.2	93.5	73.2	43.2	73.2	47.7	46.2	60	43.1	74.2	78.7	66.9	68.8	98.5	41.8	16.9	10.3	7.72	6.05	2.54	2.57	15.2	11.2	18.6	31.8	42.2	25	11.6	9.89	4.75	2.41	4.62	4.81	2.53	3.32	3.41	3.28	2.2	4.28	4.51	2.33	1.54	2.56	4.93	5.19
107	115	107	126	122	135	144	123	99	92.9	104	118	103	106	90	69.7	66.8	91.9	80	54.9	49.7	60.7	88.4	89.7	87.9	136	93.5	93.4	107	130	131	126	125	142	136	130	113	99.4	88	89.7	92	98.9	126	76	84.5	106	125	132	110	139	108	78.5	81.2	61.5	54.6	70.2	64.3	80.1	82	69.6	34.5	40.1	69.9	53.5	32.1	19.6	16.9	92.4	38.1	25.7	38.4	53.2	41.3	42.9	52.6	33.6	65.7	47.3	20.4	45	74.9	71.9	40.1	46.2	26.2	40	27.3	67.1	55.8	57.4	40.2	25.9	4.34	4.45	2.19	7.34	21.6	9.94	5.72	8.59	15.5	12.4	11.6	11.9	6.44	2.65	5.44	2.46	4.68	7.86	1.49	0.572	1.92	1.08	2	1.67	1.09	2.28	3.76	1.24
106	108	119	142	136	150	143	179	152	133	102	76.2	83.4	87.9	91.9	60.4	73.5	79.7	70.6	49.3	50.1	53.8	65	67.5	81	78.3	85	105	91.2	96.9	88	98.1	117	129	102	110	97.5	104	94.4	90.5	113	119	111	78	82.9	96.8	105	139	126	150	113	107	87.8	90	72.7	75.8	71.5	46.2	51	45	38.3	50.7	82.8	57.7	33.1	18.9	19.3	30.9	11.6	14.3	25.7	30.8	20.6	20.8	35.4	31.6	26.3	36.1	38.8	76.7	32.5	39.3	43.8	39.3	8.51	12.5	31.2	82.9	60.3	63.7	68.5	27.4	6.49	3.08	4.71	6.99	6.83	5.92	9.25	8.15	10.8	8.13	5.81	7.07	5.85	4.53	1.39	0.942	1.61	2.79	0.665	1.97	0.408	0.522	1.92	1.62	1.66	2.28	2.03	0.915
104	130	155	163	159	179	166	140	134	106	83.8	63.9	74.3	79.4	77.6	71.9	62.5	57.8	73.3	69.7	61.9	54.6	64.7	59.4	72.9	65.1	71.2	82.8	89	94.2	102	120	131	147	141	142	143	133	127	132	122	113	128	117	99.7	96	98.5	93.3	109	76.9	42.7	71.9	80.8	36	52.6	48.7	27.1	21.6	25.3	45.2	45.5	45.6	50.1	49.5	37.2	15.3	13	4.16	7.24	7.59	30.9	19.1	25.3	31.1	54.6	37.6	19.9	30.1	61	30.3	12.4	14.3	15.8	26	24.3	10.3	6.34	42.1	76.6	94.7	69.8	23.6	6.97	2.94	2.44	4.96	5.54	6.42	13.5	4.83	4.28	4.08	2.7	3.02	1.95	0.886	0.779	0.493	0.416	2.35	1.33	6.11	0.148	0.152	0.346	0.168	0.187	4.05	10.2	1.89
106	132	146	172	157	164	143	108	113	110	84	70.1	69.5	95.1	71.2	55.9	51.4	53	51	51.6	55	53.8	51	65.2	87.5	61.1	49.3	82.8	107	98.6	112	139	121	119	122	129	143	158	150	147	134	120	107	96.8	106	107	111	68	55.8	63.1	52.8	92.3	66.2	38.1	58.6	40	29.4	40	29	52.9	50.6	26.1	50.7	42.3	21.4	32.3	33.2	16.7	9.11	4.64	25.7	7.88	18.4	21.9	44.1	31.9	39.9	81.2	50.5	19	10.3	14.7	9.94	22	74.8	8.06	4.78	21.9	51.8	28.4	37.3	28.6	14.4	2.27	2.18	3.83	5.92	2.91	8	3.81	2.8	3.72	13.2	1.39	0.889	0.702	1.31	0.361	1.19	1.04	0.561	0.0965	0.0813	0.0776	0.0853	0.0783	0.0846	0.0876	3.79	2.44
119	131	131	125	140	164	140	108	107	113	89.5	67.8	84.6	90.2	71.4	55	46.6	56.2	63.1	52.2	45.1	40.8	38.7	67.9	75.1	52.5	35.2	56.8	95.1	90.5	92.6	116	99.5	116	122	129	154	153	148	151	138	120	127	98.1	91.9	99.8	97.7	85.5	57.4	51.9	52	64.3	64.1	74.7	83.9	49.1	39.3	126	44.4	75.1	43.9	36.9	43.8	41.6	35.6	22.6	21.9	16.8	11.1	15.3	79.2	38.2	22.3	5.66	5.59	9.37	116	117	57	22.4	25.3	12.2	48.2	25.9	59.6	44	13	60.4	28.1	17.4	23.5	18.8	10.2	2.4	4.26	10.1	3.05	2.92	5.1	3.46	2.64	1.83	1.52	1.03	0.761	1.05	1.14	3.82	4.76	0.607	0.909	0.0565	2.13	0.0357	0.0354	0.0294	0.0522	0.0284	0.0269	0.0208
121	123	126	115	127	122	120	108	107	112	108	85.7	74.6	69.9	87.1	62.1	70.3	63.5	61.4	59.6	52.3	55.9	47.8	46.2	75.9	38.7	28.6	43.7	62.8	57.7	67.7	110	85	107	119	134	127	128	131	120	113	113	114	93.6	84.5	116	133	184	105	81.1	65.3	39	42.2	59.9	69.4	62.9	68.5	100	50.5	79.7	54.6	45.8	46.6	69.1	65.9	55.3	39.5	25.3	11.3	14.6	21.3	23.9	23.8	0.595	15.4	41.5	122	106	97.5	76.6	63.2	16.3	46.8	46.5	61.6	26.6	12.2	34	38.6	26.8	20.7	11	2.25	11	14.7	4.74	3.02	4.3	4.39	2.44	2.06	1.71	1.41	0.941	0.678	0.501	1.13	3.63	7.09	2.02	0.104	1.06	2.74	1.4	0.0262	0.0215	0.021	0.0206	0.0202	0.0162
119	127	125	106	127	139	106	105	88.3	91.8	94.1	84.4	71.1	77.4	67.5	50.9	61.6	65.2	55.9	59.7	57.7	48.6	49.2	39.8	44.7	48	60.2	111	94.9	67.1	64.7	82.4	89.4	126	129	149	141	147	128	107	92	97.7	107	82.2	79.6	103	102	73.3	77	85.1	90	35.7	33.1	67.5	46.9	41.1	40.6	41.4	49.3	54.4	29.3	40	33	73.5	46.6	104	64.9	49.7	32.3	18.5	17.6	14.1	8.51	15.5	41.9	93.9	58.1	47.1	57.9	34	13.4	5.12	5.5	9.64	12.8	8.84	6.17	8.11	5.97	10.3	5.06	2.63	5.02	2.27	2.21	3.3	3.2	4.01	4.43	2.59	1.95	1.59	1.3	1.69	0.688	0.407	0.861	2.77	4.21	3.51	0.104	0.038	0.0259	0.0194	0.0186	0.0102	0	0	0	0.0279
117	113	114	101	115	116	110	99	83.4	90.9	96.3	90	85.7	70.7	81.2	49.5	50.4	67.2	55.1	65.2	81	68.8	53.9	41.1	53.3	68.6	68.8	121	104	53.6	57.4	64.3	76	137	151	142	145	135	122	109	96.7	101	95.9	91.3	111	122	119	71.3	61.6	51.7	48.5	29.7	28.7	45.9	45.1	27.3	28.6	35.8	32.3	30.1	27.5	30.9	43.6	108	44.8	89.3	89.1	56	59.1	57	41.9	51.1	20.2	23.6	32.5	28.5	16.2	9.03	20.9	12.7	8.52	9.02	7.87	3.61	12.4	3.81	2.03	3.45	1.69	0.989	0.382	2.66	2.68	2.25	2.2	3.25	3.17	2.94	2.54	2.26	1.83	1.48	1.59	2.27	0.486	0.336	0.272	0.648	0.414	1.79	0.327	0.0257	0.0358	0.00946	0.00834	0.199	0	0.0793	0	0.017
94.4	103	110	101	116	118	125	118	104	97.3	79.3	80.6	68.1	77.5	81.5	56.9	58.9	83.8	101	89.5	102	77.1	56.1	40.8	53.9	62.1	63.9	128	110	51.5	65.1	86.9	90.9	100	94.5	120	130	142	129	108	102	99.7	105	129	160	153	137	98.5	68.5	60.8	49.4	39.8	39.5	43.9	38.3	25	24.1	27.7	50.1	31	30.1	35.4	18.6	16.5	14.4	39.1	31.9	38.9	50.1	65.6	27.3	16.9	29.2	43.2	28.4	27.4	10.1	9.17	21	11.1	4.49	8.19	7.22	4.69	2.7	0.608	0.423	1.62	0.377	0.371	0.369	2.21	2.19	2.15	2.09	3.78	2.97	2.73	2.34	2.06	1.63	1.29	1.03	1.5	1.44	0.272	0.218	0.161	0.107	0.728	0.0543	0.0177	0.00911	0.00425	0.00314	1.03	1.26	0	0	0.0127
105	110	90.5	100	81.3	112	131	116	101	86.8	73	86.4	88.8	78.3	88.9	70.2	78.3	76.3	67.4	72.4	74	69.2	70.9	74.8	60.5	62.5	60.3	128	110	76.8	80.3	83.6	83.3	96.5	94.1	104	116	140	121	109	102	108	114	109	115	133	131	114	54.1	58	54.6	33.6	46.5	50.5	41.9	35.6	37.5	31.9	47.6	21.4	18.8	22.2	26	34.5	24.4	13.3	16.8	21.9	53.2	90	70.7	54.6	76.8	61.8	51.3	14.7	2.2	10.9	28.7	11.2	4.77	4.64	3.86	1.6	3.46	37.2	4.21	1.13	0.794	0.372	0.343	2.03	2.02	1.97	1.88	2.73	2.61	2.37	2.01	1.74	1.36	1.06	0.841	0.511	1.19	0.493	0.335	0.126	0.0835	0.0555	0.0422	0.674	0.00741	0.00377	0.00296	0	1.26	0	0	0.0393
130	108	101	82.4	82	108	110	105	81.9	64.9	68.6	62.9	67.5	64.6	55.7	47.6	53.7	69.5	79.6	55.7	57.4	57.1	56.9	61.6	70.1	127	150	159	161	105	106	125	108	108	110	96.7	108	115	118	85.7	73.2	70.6	84.7	95	104	104	104	69.1	57.9	58.2	49	37.5	51.3	54.4	34.2	21.3	19.1	58.4	17.3	7.71	7.72	11.2	39.4	19	12.7	7.64	7.54	53.6	145	159	95.1	30.6	51.6	67.9	58.6	11.8	3.5	9.15	13.8	3.32	3.19	2.74	3.07	2.51	2.15	17.9	4.4	0.786	0.673	0.41	0.341	1.85	3.65	6.25	1.67	2.55	2.39	2.14	1.8	1.11	0.842	0.639	0.506	0.242	0.154	0.0994	0.389	0.0354	0.023	0.015	0.0116	0.437	0.0052	0.00298	0.00254	0.00279	0.0022	0.00428	0.0913	0.231
149	143	105	72.7	77	71.3	84.2	63	67.7	64	74.4	53	65.5	63.6	52	43.6	59.1	59.1	70.9	58.5	50.4	48.1	53.4	69.6	75.4	75.9	130	174	184	132	118	187	131	120	111	80.9	84.2	87.1	99.7	77	80.9	73.7	93.1	120	110	90.7	92.8	64.7	59.7	56.1	56.3	43.9	35.7	41.5	19.8	14.6	21.7	41.9	24.2	13.8	12.9	8.29	15.4	18.7	14	6.77	4.35	14.7	70.9	113	61.4	24.6	22.9	60.7	65.8	17.4	5.57	1.06	0.9	0.73	2.4	2.45	1.79	0.0271	2.43	11.7	0.0695	0.247	0.299	0.319	0.315	1.69	1.65	1.92	1.45	2.57	1.99	1.74	1.44	0.866	0.627	0.457	0.358	0.168	0.103	0.0637	0.05	0.0221	0.0138	0.00875	0.00693	0.00579	0.00367	0.00254	0.00239	0.00297	0.00277	0.063	0.26	0.371
105	121	100	67.2	66.1	56.7	58.3	52.1	59.6	62.7	65.1	58.2	58.7	59.4	40.5	31.9	37.7	33.2	44.9	52.2	37.8	37.9	54.8	75.1	80.1	72.3	77.4	125	140	119	121	154	178	142	103	83	78.7	72.9	77.9	76.6	71.2	106	119	123	92.3	79.7	84.3	52.3	48.3	46.6	53.8	30.5	21	18.5	11	8.56	24.5	32.3	23.5	23.3	42.1	18.4	14.5	28.5	21.3	10.3	4.09	10.7	53.2	55.3	31.8	14.4	16.8	22.3	30.7	18.4	7.27	0.87	0.74	0.605	1.38	4.43	1.31	0.736	14.4	14.1	0.818	0.25	0.261	0.281	0.275	1.46	1.42	1.34	1.23	1.8	1.61	1.39	1.13	0.668	0.465	0.327	0.254	0.117	0.0696	0.0414	0.033	0.0149	0.0097	0.00682	0.0062	0.00633	1.12	0.00499	0.00446	0.00523	0.00943	0.165	0.356	0.461
104	107	116	82.7	64.2	48.8	42.4	47	55.8	61.7	58.7	58.1	45.6	39.4	39.9	20.8	28.9	35.1	38.8	39.9	43.9	36.6	47.1	71.8	68.9	77.6	64.6	96.6	86.7	99.7	117	141	178	178	166	95.5	88	86.8	83.2	75.4	65.2	73.4	71.7	90.7	81.8	82.6	81.5	47.3	47.9	35	42	19.9	20.3	14.5	9.3	17.3	57.5	84.9	39.5	37	30.2	42.1	26.1	42.8	21.6	8.93	7.12	10.8	9.75	13.8	15.8	12.7	22.3	15.7	8.11	5.59	7.17	7.82	0.6	0.617	1.86	2.52	2.91	0.197	5.02	4.71	0.403	0.247	0.21	0.227	0.222	1.17	1.14	1.08	0.981	1.42	1.26	1.08	0.881	0.516	0.358	0.251	0.195	0.09	0.301	0.0329	0.0278	0.0138	0.0107	0.00928	0.00943	0.0108	0.011	0.0103	0.00875	0.00953	0.0764	0.227	0.418	0.522
105	104	115	67.9	58.4	47.9	38.1	28.6	36.2	47.7	42.2	64.1	32.8	36.8	28.1	15.4	13.7	21.2	27.4	30.8	32.8	30.5	40.3	54.9	55.8	49.4	46.8	86.2	103	112	122	109	156	206	219	64.7	58.1	49.5	50.6	37.1	66.4	97.8	32	33	36.9	40.5	43.4	54.5	50.8	45.2	41	33.7	16.6	19.2	21.5	41.2	85.6	57	42.4	31	35.9	49.8	46	32.2	11.3	7.54	7.45	8.29	10.8	16.2	14.1	19.5	10.4	7	3.79	3.09	5.41	5.71	3.39	2.6	1.72	0.561	0.519	0.654	0.368	1.94	1.3	0.29	0.144	0.156	0.153	0.142	0.138	0.13	0.117	0.449	0.393	0.334	0.271	0.156	0.107	0.0742	0.0578	0.0361	0.0218	0.0141	0.0131	0.025	0.0231	0.023	0.0248	0.0413	0.0441	0.042	0.519	0.0148	0.607	0.188	0.322	0.465
78.7	67.4	73.9	61	54.4	37.1	39	30.8	25.3	26.5	31.2	37.1	38.7	46.5	49.7	23.6	15.9	15.8	19.9	24.5	30.8	37.5	37	47.9	51.3	40.1	58.8	81.1	74.2	94.7	104	74.7	121	174	194	95.9	70.2	72	52.5	43.2	52.3	78.3	55.8	46.3	44	38.4	65.4	60.1	37.3	31.4	61.5	39.6	13.8	18.4	15.6	21.4	35.2	50.6	53.9	40.7	35.6	30.6	14.4	21.7	20.3	22.8	11.6	8.93	11.2	13.7	12.1	8.47	6.25	4.09	2.2	1.33	1.98	3.48	2.2	0.31	0.475	1.68	2.02	5.44	2.56	1.98	0.121	0.0719	0.0925	0.118	0.0999	0.0932	0.0911	0.0856	0.0755	0.281	0.237	0.198	0.159	0.0901	0.0604	0.0412	0.0322	0.0204	0.0126	0.00914	0.0101	0.023	0.0251	0.0278	0.0311	0.0534	0.0586	0.0563	0.0645	0.769	0.157	0.185	0.31	0.453
77	43	42.4	49	41.1	39.5	40.2	28	21.5	27.1	21.8	17.8	26.3	26.1	39.1	43	24.3	14	15.9	24.7	26.2	26.9	38.7	50.2	44.5	45.3	39.6	49.3	68.6	84.2	80.2	72.2	74.6	81.7	92.4	73.1	91.1	75	47	41.8	40.5	58.3	37.9	61.7	47.5	53.1	29.2	103	47.7	32.7	32.2	27.4	11.6	19.4	15.3	19.4	29.6	58.2	71.8	65.5	44.8	25.6	12	6.45	8.45	18.3	15.7	10.8	10.6	8.06	19.8	16.7	6.36	4.31	2.38	0.47	0.266	0.155	0.142	0.236	0.212	0.628	2.81	11.7	3.42	0.534	0.471	0.483	0.0583	0.0649	0.0642	0.0604	0.0591	0.0555	0.048	0.173	0.14	0.112	0.0897	0.0501	0.0326	0.0216	0.0173	0.0114	0.00759	0.00693	0.0328	0.742	0.0301	0.0361	0.043	0.0777	0.0887	0.0886	0.0778	0.0353	0.101	0.189	0.316	0.466
69.4	50.9	48.9	39.1	50.6	42.8	35.7	22.3	27.4	22.5	16.8	31.7	40	30.4	29	35.9	21.3	14.4	11.2	20.1	21.5	24.1	26.3	35.2	33.8	40.1	36.2	38.3	34.4	55.5	77.7	81.1	73.9	79.8	77.5	69.5	56.9	55.7	47.9	30.2	32.9	56.7	43.7	64.9	49.2	37.8	21.8	43.6	46.9	36.2	37.1	17.9	11.4	14.4	16.5	24.2	27	47.8	56.3	28.8	16.5	34.8	8.69	7.6	6.34	5.86	16.1	11.4	10.4	4.47	4.94	9.12	3.99	4.45	1.98	0.414	0.248	0.154	0.135	0.212	0.177	0.293	0.411	1.69	0.649	0.117	0.723	1.15	0.042	0.0468	0.0462	0.0435	0.0427	0.0399	0.0347	0.124	0.101	0.081	0.0643	0.036	0.0234	0.0157	0.0131	0.00919	0.00683	1.23	2.96	4.1	3.78	0.048	0.0606	0.114	0.134	0.139	0.129	0.0625	0.532	0.22	0.355	0.516
76.5	65.5	70.4	56.3	53.8	42.3	30.3	21.8	25.4	26.8	20	36.6	41	33.4	26.6	26.6	20.8	14.8	14.7	20.7	27.1	29.7	20.5	23.8	25.1	28.3	23.9	24.4	23.7	25.8	38.1	44.1	50.5	42.4	48.8	35.5	48.6	46.9	45.2	40.4	48.5	48.1	51.9	46.6	40.4	39.9	45.2	45.9	26.8	22.7	24.5	39.9	19.3	17.9	13.2	23.3	34.9	32.7	37.8	24.8	21.2	19.4	12.1	12	6.7	3.83	9.33	8.52	6.54	2.31	2.59	2.23	3.19	2.76	1.38	0.685	0.443	0.294	0.247	0.132	0.0992	0.0809	0.0563	0.956	2.2	0	1.25	0	0.159	0	0	0.0025	0.00247	0.0023	0.00199	0.0188	0.0153	0.0123	0.00974	0.908	0	0	0	0.00993	0.00875	0.0116	0.0183	1.42	3.16	0.0582	0.0758	0.188	0.224	0.236	0.225	0.163	0.269	0.404	0.617	0.774
60.1	60.7	80.7	57	42.4	43.7	55.7	45.3	36.2	24.9	13.8	24.3	28.9	26	24.5	24	24.8	19.8	18	21.1	26.3	28.3	25.2	32.4	28.5	29.7	24.8	26.1	24.5	21.8	31	36.7	47.4	31.5	36.2	30	47	41.8	50.4	46	50.8	45.4	53.8	37	45	40.4	53	42.9	24	21	24.7	21.9	18.8	20	17.8	26.5	29.7	20.2	17.1	15	5.41	5.19	9.01	7.3	2.73	4.77	5.49	4.44	3.29	1.97	1.5	1.65	1.8	1.86	1.23	0.852	0.701	0.582	0.503	0.134	0.112	0.111	0.0731	0.49	0	0	0	0	0	0	0	0.000862	0.000866	0.000812	0.000702	0.00672	0.00556	0.0045	0.00353	0	0	0	0	0.00672	0.00766	0.0123	0.0207	1.25	0.052	0.0696	0.0929	0.234	0.281	0.299	0.288	0.212	0.596	0.489	0.743	2.1
64.9	78.3	92	88	59.6	77.9	72.5	63.7	50.2	35	36.1	24.7	25.3	26.7	26.8	22	31.1	19.1	18.1	22.9	24.5	24.4	25	29.3	30.8	32.6	31.2	27	26	25.9	34.8	32.8	31.3	28.3	33.6	33.6	31.4	36	33.6	28.3	29.6	25	27.1	35	45.6	39.3	43	30.9	9.94	10.9	12	14.7	18.9	19.9	19.4	25	18.1	31.1	19.5	13.7	4.32	5.2	6.55	2.6	1.45	0.926	1.74	2.91	5.68	3.65	1.91	2.16	1.23	1.48	1.16	1.38	1.25	0.981	1.1	0.286	0.243	0.356	0.0592	1.05	0	0	0	0.423	1.15	0.157	0	1.64	2.83	6.76e-05	7.5e-05	0.000919	0.001	0.00104	0.00104	0	0	0	0	0.0123	0.0156	0.0215	0.0299	0.0532	0.0652	0.0845	0.111	0.276	0.33	0.356	0.351	0.286	0.433	0.602	0.862	4.73
47.7	68.5	80.3	93.2	85.2	84.1	76	47.2	50.8	33.9	31.5	30.6	33	31.1	31.5	30.1	31.4	23.9	20.9	20.2	22.3	25.8	30	32.3	44.3	38.8	36.6	30.9	31.6	36	36.8	29.7	32	34.7	31.2	48.5	27	31.7	46.3	21	13.4	15.3	27.2	36.1	47.5	37	27.3	27.7	16.2	7.24	9.85	10.1	13	15.9	16	13.1	13.3	23.3	11	8.15	2.28	4.9	3.73	1.44	1.53	1.56	1.01	1.98	4.26	5.97	5.27	4.91	1.69	0.769	0.875	1.35	0.984	0.902	0.647	0.194	0.691	0.594	0.016	0.00974	0.0222	0	0	0	0.289	0	0	3.99e-05	5.61e-05	7.52e-05	9.83e-05	0.00136	0.00162	0.00192	0.00227	0	0.0126	0	0	0.0267	0.0325	0.0389	0.0459	0.0737	0.0837	0.246	0.13	0.316	0.372	0.405	0.415	0.392	2.35	2.27	1.12	3.52
35.8	28.3	39.1	46.6	53.4	52.5	47.3	41	55.6	60.6	47.6	46.3	46.7	48.7	56.5	49.6	36.1	30.2	29.4	22.9	29.3	36	47.4	41.9	40.9	50.4	45	35.4	28.5	27.1	25.1	33.2	38.3	41.9	41.8	37.7	39.3	44.2	45.3	45.1	36.9	31.8	31.9	20.9	33.7	37.6	40.6	50.9	27.2	22.5	9.69	11.5	15.9	19.7	16.3	13.4	14.6	18.2	30.2	6.86	4.73	8.55	5.52	2.95	1.63	1.63	0.876	0.893	1.61	7.23	4.35	2.67	0.769	0.279	0.372	1.12	1.01	1.27	0.799	0.337	0.716	0.00406	0.00291	0	0.0909	0.975	0.812	0.174	0	0	0	7.56e-05	0.000107	0.0366	0.000233	0.00199	0.253	0.00309	0.00387	0.00742	0.00866	0.0112	0.015	0.0535	0.0644	0.0931	0.081	0.0722	0.0789	0.093	0.115	0.33	0.384	0.422	0.444	0.513	1.03	0.853	1.48	1.8
30.7	26.4	34.8	38	43	43.5	42.2	55.5	52.4	59.9	80.5	56.7	44.6	52.4	49.6	53.8	46.4	38.9	38.8	29.2	37.4	40.2	44.8	59.7	54.2	60.2	49.4	35.3	30.2	33.8	34.3	40.9	40.8	44.9	40.7	43.6	42.9	45.9	41.6	43.9	38.5	32	27	11.1	14.7	55.7	32.5	58	42.8	37.5	17.2	15.2	15.1	17.5	20.8	16.2	16.1	9.33	16	17.7	17.7	11.8	4.68	3.32	1.79	0.972	0.31	0.119	1.39	1.9	1.15	1.41	0.127	0.118	0.101	0.0232	0.0181	0.076	0.132	0.0079	0.00399	0.304	0.615	0.791	1.72	2.26	0.792	1.86	0.0651	0	0	7.54e-05	0.000106	0.000173	0.000277	0.00247	0.00316	0.00407	0.00524	0.0102	0.0121	0.0155	0.0205	0.072	0.0865	0.0963	0.102	0.0879	0.0928	0.107	0.13	0.367	0.422	0.468	0.503	0.583	1.08	1.3	1.38	1.73
22.7	23.4	24.6	26.5	20.8	24.4	32.3	40.2	43.7	43	106	67.3	66.3	69.2	77	79.2	75.8	67.1	50.2	42	46.3	38.8	33.6	39.3	51.7	54.3	57.2	44.7	32.7	46.4	55.2	47	41.4	41.1	40.1	37.8	41.7	46.9	41.1	40.2	29.6	30.1	30.9	16.7	8.56	11.4	15.6	39.8	43.3	33.4	19.7	17.6	22	17.9	21.7	23.8	23.7	22.4	15.3	25.5	17.3	12.2	10.1	5.99	2.63	3.01	0.261	1.51	1.21	3.14	4.27	1.18	0.302	0.74	0.683	1.14	0.567	0.524	0.254	0.057	0.394	0.0526	0.775	0.211	0.09	0.0473	0.828	0.467	0.134	0	0	0.000588	0.000818	0.00126	0.0019	0.0165	0.0208	0.0241	0.0268	0.0467	0.0507	0.0542	0.0865	0.173	0.184	0.19	0.193	0.16	0.163	0.171	1.39	0.474	0.503	0.533	0.56	0.635	0.784	1.07	1.55	2.71
24.3	26.1	24.4	23.3	21.7	21.9	27.5	28	31.5	37.4	81.3	81.3	86.9	97.1	110	111	95.8	80.1	73.3	66.6	56.1	44.9	38.1	39.5	42.2	43.2	44.8	46.3	40.8	45.8	36.1	38.1	35.7	35.3	45.7	40.8	41.2	42	55.9	40.1	32.5	30.6	32.3	14.7	6.34	6.18	9.25	27.4	28.2	20.2	22.3	21.7	17	11.7	12.6	19.7	23.3	16.5	10.7	9.46	5.76	7.37	9.85	3.58	3.09	2.53	0.866	0.347	6.07	3.07	3.7	0.565	0.519	1.14	1.1	0.16	0.089	0.0554	0.0137	0.0099	0.00437	0.00142	0.00102	0	0.875	0.581	0	0	0	0	0	0.00161	0.00224	0.00343	0.00513	0.0441	0.0551	0.0633	1.29	2.92	3.76	3.92	1.77	0.356	0.826	0.353	0.353	0.288	0.288	0.965	0.965	1.17	0.628	0.617	0.822	0.632	0.751	1.5	1.64	2.49
22.3	22.8	39.4	45.3	29	45.5	36.7	33	22.8	24.1	43.1	65.1	85.2	103	92.2	93.2	100	93	89.6	88.6	81.7	58.4	61.6	67.5	71.3	60.8	57.4	55.2	52.3	51.3	62.4	46	42.5	38.2	36.4	46.2	46	47.8	48.5	53.5	46.9	41.6	40.9	18.5	12.2	11.9	19.8	56.2	41.7	34.3	25.3	21.3	24.1	12	11	11.7	14.1	17.9	14.6	7.32	12.3	5.54	2.41	2.53	2.17	3.41	3.35	1.98	10.6	5.46	1.58	0.387	0.571	0.548	0.623	0.0607	0.0543	0.155	0.14	0.104	0.0973	0.07	0.0458	0.309	1.22	0.559	0	0.000223	0.000312	0.00287	0.0079	0.0202	0.0281	0.0425	0.0637	0.384	0.477	0.543	0.581	1.33	3.43	3.09	2.58	2.46	2.13	1.9	1.12	0.913	1.41	0.994	0.813	0.858	0.785	0.731	0.698	0.439	0.563	0.871	1.95	2.59
18.6	19.3	30.1	39.6	42.4	26.4	19.4	18.9	18.9	37.6	39.8	34.6	55.6	85.7	87.5	77.7	89.6	111	113	113	103	87.3	91.2	87.6	96.3	74.5	65.3	59.8	58.6	57.4	61.1	52.9	58.9	45.9	48.1	57.4	52.6	50.6	59.3	65.6	50.8	47.8	44.1	37.1	25.4	12.5	16.9	28.9	30.5	23.7	29.3	30.8	23.3	13.5	8.64	8.57	11.1	24.2	30.2	29.2	21.3	6.2	3.32	6.32	2.59	1.68	1.72	0.908	2.33	4.74	2.8	0.719	0.815	0.957	0.375	0.0751	0.115	0.0566	0.0418	0.0606	0.123	0.21	0.0045	0.0189	0	0.0495	0	0.000311	0.000437	0.004	0.549	0.0282	0.0389	0.0589	0.088	2.12	0.656	0.746	0.794	0.786	0.833	0.844	1.18	2.76	1.99	1.16	1.3	2.84	1.87	1.94	1.01	4.22	0.913	0.819	0.754	0.447	0.546	0.887	1.52	3.16
23.8	18.9	18.5	22.7	21.1	16.5	16.2	16.4	20.2	40.4	53.9	38.6	42.5	39.3	45	74.3	89.6	131	126	108	91.9	114	111	85.6	89.1	83	73.4	67.5	73.9	63.7	61.6	63.9	67	64.7	70.4	59.5	61.9	67.2	75.9	68.6	62.6	55.4	57	41.9	32.9	11.2	16.9	28.7	25.9	29.6	37.5	29	12.9	15.1	10.8	11.3	10.5	23.7	34.6	35.6	19.1	8.72	18.9	7.32	7.24	5.23	3.95	1.89	0.283	4.96	6.45	3.49	2.45	1.48	1.08	4.7	2.81	1.05	1.6	1.36	0.0279	0.01	0.00716	0	0.00542	0	0	1.14	0.00112	0.00617	0.0159	0.337	0.0552	0.0829	0.123	0.731	0.907	1.04	1.12	1.12	1.18	1.2	1.16	1.7	1.61	1.54	1.47	3.01	5.18	4.77	1.16	2.94	3.12	2.56	0.796	0.752	1.21	0.887	1.56	3.39
25.1	20.7	18.4	21.3	24.5	18.2	15.4	11.8	15.3	34	75.4	54.1	46.6	49.8	44.3	40.3	50.3	68.2	90.9	78.4	111	98.2	98.9	94.8	104	84.4	83.1	73.6	77.2	71.6	76.3	56.7	57.2	64.7	66.5	58.2	61.9	72.1	74.6	81.5	69.1	79.7	63.1	38.9	33.2	36.1	33.1	42.6	25.7	25.4	25.7	24.1	21.4	17.8	10	18.7	14	17	10.7	20.1	10.8	10.4	20.3	13.1	10.3	7.34	3.44	1.66	0.555	1.37	3.06	1.18	2.91	1.41	3.02	4.32	3.99	1.23	4.3	2.31	0.7	0.0321	0.0115	0	0	0	0	0.00169	0.00236	0.00936	0.66	0.0562	0.0765	2.28	2.19	0.998	1.24	1.42	1.54	1.55	1.66	1.8	1.56	2.32	2.16	2	1.83	1.76	1.57	1.62	5.69	1.94	6.76	10.3	7.21	1.47	9.41	1.77	8.9	10.3
16.9	18.7	17.8	18.1	16.6	15.7	15.4	15	14.8	17.7	22.1	41.9	40.1	37.3	46	48.6	46.5	46	54.8	55.7	96.8	85.7	87.2	99.6	109	109	89.1	80.6	86.3	84.8	95.3	61.4	54.1	58.1	58.7	54.3	60.5	60.2	58.6	73.4	73.8	66.1	53.9	81.4	71.6	89.4	66	102	59.9	43.3	34.8	40.2	70.4	32.1	10.3	21.6	19.4	20.2	13.9	17.7	21.8	21.3	29.7	10.8	6.4	4.13	4.72	1.97	1.18	1.32	1.07	2.6	3.41	2.68	2.18	2.88	3.8	1.61	1.38	0.832	0.853	0.807	0.119	0	0	0	0	0.0127	0.674	1.13	0.701	0.309	0.418	0.622	0.919	2	2.47	3.08	3.11	3.97	4.27	4.28	3.99	4.23	3.88	3.53	3.15	2.61	2.2	2.6	7.45	7.57	8.29	10.2	18.5	10.9	8.38	5.68	1.56	2.51
15.2	16.7	18.1	17.5	18.6	16.5	15.3	14.8	14.3	15.1	16.7	27	22.2	30.4	28.8	51.1	47.5	43.3	42.4	39.9	51.3	58.5	66.5	89.4	104	115	110	99.3	92.9	108	96.8	64.6	56	51.5	53.5	52.7	57.7	58.4	60.1	70	73	63.8	48.8	75.2	103	72.2	62.1	82.6	107	47.2	21	34.2	49.3	32.3	13.5	16	20.5	19.1	19.7	34.6	47.2	50.5	25.7	12.1	7.38	6.82	6.25	2.84	1.57	1.52	1.68	2.47	2.89	3.81	3.35	3.66	5.05	2.36	1.38	1.32	0.836	0.209	0.0466	0	0.782	0.293	0.332	0.0171	0.347	0.84	0.445	0.8	2.53	3.67	1.11	2.41	2.98	3.42	3.74	5.1	5.2	5.22	4.86	5.11	4.67	5.83	4.1	3.13	2.42	2.06	4.47	3.99	3.64	9.91	25.6	21.9	15	4	1.48	2.36
13.9	16.2	17.2	18.7	20.5	20	17.2	16	15.4	15.2	14.7	16.7	15.3	14.8	18.5	30.2	39.8	61.3	58	31.3	39.2	45.5	57	82.5	102	132	124	106	104	97.6	95.6	64.3	56.7	48	46.7	50.9	52.8	49.5	53	61.3	53.2	49.5	45.5	88.5	92.1	80	52.5	66.2	92.4	70.2	84	52	37.6	16.2	22.1	14.9	12.7	20.7	21.9	47.6	56.7	84.1	35.9	18.3	8.92	5.45	7.32	4.51	2.7	2.41	1.77	2.77	4.06	4.68	3.67	2.95	2.16	2.13	3.22	1.05	0.638	0.0751	0.0518	0	0.453	0.564	0.491	0.431	0.283	0.436	0.849	0.395	2.68	4.41	4.05	2.61	3.24	3.73	4.12	5.37	5.76	5.77	5.35	6.8	5.13	4.56	3.94	3.02	3.33	2.11	1.83	2.16	2.69	2.63	13.3	17.8	9.66	0.77	2.04	3.6
9.98	11.6	15.2	20.3	23.5	23	20.8	22	19	15.6	16.3	14.9	14.4	15.5	15.9	19.9	21.8	39.2	68.2	41.7	33.4	37.9	51.4	74.2	82.5	88.8	102	126	115	105	102	70.1	64.3	47.7	40.2	44.4	43.3	43	45.1	48.5	49.2	46.2	48	74.5	91.5	121	77.5	90.1	113	73.5	61.1	60.7	32	24.2	36.9	21.3	18.3	14.8	24.6	42	49.4	37.4	38.2	18.1	11.3	7.74	7.96	13.8	7.69	2.27	3.2	3.74	3.6	3.96	3.84	8.34	11.4	5.38	4.84	1.12	0.7	0.0741	0.172	0.476	0.0493	0.259	0.159	0.616	0.893	1.59	0.98	0.385	0.484	2.95	5.42	2.59	3.24	3.78	4.23	5.73	9.21	6.2	5.54	6.69	6.31	4.66	3.93	2.92	6.61	6.15	4.92	2.05	1.39	0.872	2.02	3.34	3.51	5.77	7.59	4.8
4.35	6.85	8.57	7.26	10.5	8.34	8.56	12.2	12.2	11.6	8.34	7.25	5.23	5.17	7.34	10.2	12.2	15.7	24.5	27.8	29.6	36.9	47.1	66.3	77.7	84	83.9	96.2	105	119	105	70	68.8	66.9	55.6	52.6	51.8	67.7	52.2	69.4	55.6	64.2	62.9	72.9	76	89.5	83.8	76.1	62.4	53.5	40.9	29.8	24.6	32.1	23	11.5	12.7	15.9	22.2	20.6	22.2	23.5	20.4	17	14	10.7	12.1	13.9	10.9	8.69	4.3	4.23	3.65	3.88	5.51	11.7	12.6	5.73	2.22	0.342	1.13	1.29	0.462	1.12	1.12	1.2	0.0114	0.281	0.259	0.125	0.222	0.327	1.22	0.689	3.75	5.19	4.03	4.97	4.94	6.53	6.92	6.96	6.41	6.42	8.86	5.06	4.43	2.28	3.18	1.72	1.48	0.936	1.31	0.378	0.325	1.78	4.59	3.66	7.14	3.38
3.92	5.1	4.96	9.6	10.7	5.89	8.11	10.7	11.4	11.4	10.4	12	6.9	5.88	6.85	9.49	10.8	11.7	18.5	24.9	25	31.3	39.4	60.7	71.6	74.9	75	75.6	108	104	89	69.7	61.7	50.1	38.1	42.6	53.2	63.4	58.5	69.5	60.5	60.7	54.1	51.8	62.5	54.1	46.7	66.6	57.9	50.6	43.1	22.7	18.9	27.3	17.5	19.5	20.7	23.7	29.1	31.4	31.5	26.8	14.9	14.4	13.9	16.5	19.7	22	20.4	10.1	6.23	4.73	4.13	8.27	6.25	11.2	10.3	4.16	1.16	0.179	0.944	1.26	1.69	1.21	2.35	1.73	1.44	0.0632	0.0816	0.131	0.21	0.298	0.378	0.644	1.09	4.22	4.17	5.28	6.85	6.48	7.34	7.22	7.04	6.88	7.06	5.47	5.62	3.86	2.52	1.04	0.842	0.49	0.343	1.35	0.219	0.127	0.104	0.277	2.51	2.96
3.46	2.68	2.85	5.4	10.8	4.01	4.52	5.52	6.76	7.75	11.3	9.21	7.05	5.94	4.76	5.73	6.97	10.8	15	16.9	30.5	28.1	34.7	54.9	64.7	69.2	69.8	67.3	65.6	67.2	58.6	58.7	54.4	38.1	26.1	27.4	37.3	51.4	53.3	55.4	58.2	50.4	50.5	58.4	60	42.9	36.1	42.6	42.6	47.1	39.8	25.2	14.7	16.9	22.1	26.3	25	28	33.8	42.7	37.6	25.2	22.5	18.6	19.1	15.4	17.2	16.2	21.1	12.5	9.64	7.23	5.18	5.83	5.51	8.88	4.97	2.15	0.986	0.627	0.67	0.983	1.51	0.0284	0.0278	0.0303	0.5	0.131	0.149	0.343	0.236	0.297	0.351	0.59	1.01	2.74	5.52	5.08	4.98	6.26	7.18	7.25	6.54	7.48	5.77	5.35	3.95	9.26	3.54	1.65	2.81	0.632	1.1	0.199	0.182	0.113	0.101	1.69	2.13	0.876
4.82	6.41	2.26	2.78	4.9	5.33	4.34	3.91	3.36	8.13	11.2	16.1	8.02	6.03	5.02	4.89	5.31	7.37	11.4	16.3	29.9	30.7	29.1	42.3	51.3	56	58.5	54.2	53.2	53.1	48.7	31.8	26	22.8	22.6	26.9	35.2	33.8	40.9	46.9	65.6	68.7	58.2	67.7	62.7	36.8	29.2	30.9	26.5	50.9	38.8	24.7	12.9	16.3	15.1	20.3	32.3	29.3	48.1	51.8	36	27	25.3	23	21.6	17.6	20.7	20.7	16.7	12.5	9.75	7.05	6.13	5.44	5.29	10.4	5.64	2.32	1.06	1.58	1.93	3.25	0.761	1.06	0.291	0.4	0.0764	1.26	0.27	0.285	0.301	0.342	0.342	0.528	0.876	2.34	3.89	4.89	6.15	5.98	6.35	6.46	5.96	7.01	5.71	4.41	3.49	2.75	4.31	4.83	0.608	0.363	1.07	0.217	0.214	0.143	0.142	1.64	0.534	2.09
1.38	3.6	8.01	11.5	4.6	2.84	2.36	0.719	0.859	1.98	3.58	3.99	2.26	1.91	1.53	2.05	12.4	3.27	4.82	9.68	11.7	15.4	16.8	20.6	24	26	28.7	30.2	30.2	26.9	25.5	21.6	28.3	28.5	33.8	37.5	33.2	27.6	37.8	47.8	53.3	75.6	69.6	35.5	37.3	28.2	29.9	23.2	22.2	18.9	22.2	15	11.2	12.5	19.2	18.4	22	29.8	35.4	37.3	26.6	21.6	24.6	23.8	19.8	19.8	21.6	34.3	35.2	30.6	15.2	7.77	5	3.45	3.68	2.74	2.09	1.9	0.847	1.15	0.945	1.58	2.69	0.738	0.982	0.449	1.7	1.25	0.7	0.871	0.655	0.417	0.391	0.544	0.871	1.61	2.05	3.21	4.81	5.17	5.32	5.41	4.91	4.7	4.19	3.22	2.63	1.64	1.44	2.49	1.05	0.505	0.359	0.323	0.404	0.373	0.39	0.431	0.511	0.934
0.201	0.939	1.38	2.14	3.32	4.95	0.894	0.378	0.373	0.439	2.25	2.88	2.9	2.92	5.62	7.18	8.78	2.39	3.35	6.31	7.97	8.89	17.4	19.8	17	18.5	20.6	23.4	24.6	20.8	21.4	34	25.6	30.8	43.6	30.1	25.9	29.6	37.5	39.1	45.6	47.9	60.2	29.3	26.2	32.5	28.9	23.1	19.7	20.4	20.2	10.9	11.7	13.4	19.3	21.3	18.3	27.3	29.5	27.2	24.3	21.5	17.8	24.4	26.6	24	37.4	37.2	35.3	37.2	17.3	12.1	9.56	8.1	7.46	2.19	2.19	2.56	0.556	0.752	1.43	1.93	2.64	1.61	1.65	2.03	0.619	0.903	0.914	0.871	0.77	0.461	0.382	0.469	0.73	1.28	1.61	2.04	2.86	4.37	4.73	4.83	4.51	4.4	3.75	2.73	2.12	0.832	1.55	2.85	4.47	0.395	1.42	1.6	1.19	0.438	0.489	0.535	0.573	0.77
0.124	0.111	0.0966	0.342	0.337	0.615	3.18	1.27	0.551	0.339	0.495	2.25	3.01	3.22	4.81	5.64	1.24	1.48	2.23	5.11	6.42	8.47	7.54	28.7	13.4	15.1	13.1	14.2	18.5	16.5	20.1	30.2	32.8	36	41.7	25	24.3	26.8	24.3	31.9	41.7	40	35.1	27.3	26.6	32.6	30.6	23.2	24	24	19.6	11.3	16.4	24.4	20.9	21.1	19.9	22.3	37.9	25.5	25.6	23.7	18.6	21	20.3	21.1	36.8	36.8	48.3	36.2	17.8	23.2	20.8	6.28	3.04	2.61	2.36	1.92	2.21	4.65	2.72	1.75	1.93	2.94	1.7	3.09	1.04	1.31	1.39	1.18	0.985	1.31	0.416	0.595	0.637	1.12	1.39	1.83	2.69	4.38	4.73	4.89	4.55	3.84	3.19	2.65	2.05	0.803	1.08	3.7	4.1	1.29	1.27	0.643	0.441	0.507	0.551	0.598	0.652	1.3
0.124	0.416	0.0805	0.381	0.316	0.107	0.746	0.958	0.701	0.366	0.348	0.371	2.89	5.26	4.87	2.97	2.43	1.39	1.9	4.24	9.26	9.79	6.58	11.8	13	29.5	10.9	10.3	45.4	24.8	14.1	46.2	21.2	26.6	20.5	25.4	30.4	30.1	47.8	39.4	44.9	41.9	41.4	28.1	29.2	31.7	29.5	27.6	22.8	19.8	13	14.7	17.4	19.3	15.5	12.6	18.1	18.6	25.8	36.5	34.4	33.9	17.8	17	16.6	23.7	35.2	26.5	37.6	32.7	16.6	13.3	10.7	10.6	6.01	7.76	10.6	4.07	5.19	6.34	5.55	2.33	1.54	7.3	3.62	2.48	1.37	2.17	2.09	1.7	1.3	0.966	0.85	0.952	0.72	1.7	1.55	2.76	5.2	5.02	5.1	5.55	4.72	4.19	3.52	2.94	2.3	0.913	0.555	1.31	0.807	0.513	1.36	0.988	0.516	1.16	3.86	1.92	0.733	1.12
0	0	0.12	5.19	0.43	0	0	0.0985	0.151	0.448	0.612	0.269	1.71	1.89	2.71	0.811	0.78	1.09	1.4	4.64	9.1	7.89	6	8.68	6.21	12.5	5.25	6.74	8.75	24.7	10.1	24.9	29.7	35.9	28.9	34.2	30.7	40.5	39.6	43.5	55.4	51.4	57.3	25.1	29.5	33.8	30.5	23.5	19.8	17.7	12.9	10.6	10.6	12.1	10.8	11.3	16.4	14.9	12.3	16.4	18.2	21	18.7	13.3	13.6	13.5	17.9	19.9	19.7	22.7	14.9	19.4	12.3	8.53	7.73	14.5	8.51	6.41	5.85	4.47	5.18	2.15	1.28	5.57	4.82	6.17	2.06	4.42	3.67	2.87	1.97	1.58	0.637	3.03	2.23	1.18	1.44	3.29	5.5	6.97	6.7	6.99	6	4.97	5.55	3.67	2.74	1.31	0.825	2.06	2.46	0.631	0.745	1.57	0.611	0.602	0.738	5.17	2.22	0.915
0.03	0	0.42	1.21	0.903	0.0191	0	0.0947	0.111	0.182	1.32	0.208	0.26	1.57	0.636	0.535	0.623	1.36	0.962	4.21	7.26	6.29	4.18	3.44	2.46	2.48	3.29	5.87	4.01	5.49	1.88	15.4	54.4	27.5	26.4	31.3	30	35	35.5	41.1	50.3	40.8	39.3	23.2	23.6	27.6	27.1	23.6	21.6	16.4	12.6	9.48	6.93	6.68	9.8	8.23	10.1	10.9	13	13.4	14	13.6	14.1	13.9	14.2	19.3	13.7	18.7	14.9	18	21.4	25.6	29.9	5.06	3.87	8.34	15.9	12.9	7.58	1.95	7.17	5.4	2.09	3.28	11	16.9	7.18	4.54	3.6	3.67	3.82	3.48	0.484	3.13	0.581	1.29	1.45	2.05	2.97	5.97	7.19	7.24	6.5	5.16	4.49	3.77	2.99	1.8	1.4	1.52	0.607	0.73	0.678	0.664	0.688	0.668	0.69	0.745	0.83	1.01
0	0	0.12	0.0555	9.59	1.21	0.504	0.882	0.139	0.134	1.12	1.18	0.38	2.06	3.78	0.671	0.502	0.729	0.793	4.8	3.07	4.32	2.24	2.02	1.94	1.19	1.13	3.89	3.13	3.47	1.96	9.53	14.5	15.3	18.8	29.3	21.2	28.3	67.1	50.5	39.3	35.5	29.7	23	21.2	20.1	17.6	17.7	17.6	16.5	16.6	11.1	6.32	5.59	6.17	7.65	8.01	10.8	11.1	14.6	14.2	13.8	14.2	14.1	16.5	16.9	15.5	11	10.6	10.8	13.3	7.09	6.25	21.9	17.3	46	19.8	14.7	14.6	7.25	1.68	5.94	6.41	4.97	7.68	9.23	6.24	5.26	4.2	3.56	2.28	0.944	0.595	0.552	1.02	1.22	1.42	3.04	4.94	7.56	7.28	7.23	6.55	5.25	4.64	3.95	3.19	1.58	1.07	0.779	0.908	0.859	0.823	1.22	1.09	1.04	0.771	2.78	2.87	1.12
0	0	0	0	3.09	4.97	0.92	1.43	2.19	3.29	1.15	0.189	0.372	4.16	4.11	0.49	0.523	0.61	0.723	1.1	1.62	4.08	1.65	1.7	1.66	1.58	1.04	1.82	1.8	5.41	4.64	8.5	1.2	2.79	3.92	7.75	10.6	13.3	14.9	29	31.6	37.4	32.9	19.8	20.8	17.1	15.7	12.9	13.8	12.4	10.3	7.41	6.43	5.54	6.42	7.29	7.92	9	9.43	11.8	15.3	22.9	24.4	17.9	22.5	17	14.1	11	11	10.7	10.3	7.44	5.75	13.8	27.6	26	23.1	15.8	9.74	8.4	28.7	12.8	13.2	4.6	4.99	6.23	6.95	9.22	8.04	4.28	2.75	1.14	0.769	1.13	2.83	1.45	1.92	3.96	6.93	9.62	7.16	6.65	6.54	5.86	5.02	4.02	3.32	1.7	1.24	0.955	0.875	1.02	0.915	1.83	1.9	1.13	1.55	1.28	1.58	1.22
