10.8	6.4	6.39	10.7	9.25	4.68	2.32	0.641	10.6	18.5	6.62	32.4	48.1	38.6	80.6	105	108	103	87.4	66.2	42.1	75.1	124	93.8	206	293	204	92	36.6	30.5	45.4	12	52.9	54.7	17.6	40.1	84.7	114	144	125	126	152	225	237	187	161	270	196	107	130	132	77.2	90.7	96.7	114	101	96.6	181	235	145	147	163	167	214	248	221	191	168	104	85.4	136	195	205	154	145	137	145	144	125	130	98	120	154	216	178	192	190	144	164	165	154	108	103	116	94.8	101	121	111	104	96.5	120	114	105	132	165	195	180	161	146	116	82.6	77.6	81.3	80	66.5	67.9	67.2	49.6	51.4	45.8
9.84	6.53	4.1	3.4	3.56	3.38	1.24	8.11	19.1	29	25.8	27.5	59	62.9	76.5	127	168	190	90.5	72	66.1	81.8	128	120	218	254	243	88.2	32.9	26.1	5.14	3.16	15.1	16.1	3.56	53.4	76.2	92.7	113	191	206	208	267	283	267	280	324	274	204	182	177	65.3	54.7	36.2	48.1	110	84.5	95.6	163	167	150	159	170	175	171	169	135	159	106	113	128	135	159	164	187	173	209	155	127	94.7	93	86.1	160	227	199	199	181	174	128	163	166	118	113	136	129	131	146	121	97.9	98	135	136	125	150	165	166	167	139	118	104	96.4	109	105	101	80.4	86.7	85.2	94	77.2	82.3
5.78	2.44	4.87	1.14	0.347	0.345	1.82	0.183	5.72	17.2	49.1	29.6	24.8	57.8	105	140	120	120	92.9	94	87	149	305	313	294	411	247	87.8	37.9	22	14	41	18.2	4.78	3.95	8.68	52.2	117	87.5	242	264	254	291	237	293	299	297	270	172	138	75.9	43.2	27.1	8.22	25.3	62.4	83.7	154	163	81.4	132	144	124	88	80.1	92.2	106	94.6	97	144	114	156	194	244	218	223	207	166	144	116	114	123	180	238	230	237	176	130	156	137	147	101	107	126	114	110	116	109	127	128	155	192	155	157	172	131	131	109	131	120	132	113	131	122	144	137	136	132	126	103
8.31	7.75	8.59	4.89	0.345	0.345	0.344	1.19	0.184	0.183	46.1	41.1	35.3	76.8	102	116	113	145	93.5	67.3	167	237	270	237	238	266	158	82.1	61.2	39	39.6	59.4	95.5	53.4	36.5	35	69.3	82.4	78.2	272	283	255	281	302	284	314	223	203	142	143	73	60.1	37.2	31.5	29.3	47.1	63.1	106	80	65.8	92.6	110	156	163	152	135	102	98.8	115	184	161	205	225	254	215	211	223	182	146	135	98.8	116	142	223	263	228	208	154	134	108	122	129	139	135	153	116	116	121	129	123	143	186	198	180	186	145	147	137	148	159	143	120	128	124	152	141	145	107	120	114
4.73	1.72	1.04	0.345	0.55	0.345	0.344	0.183	0.183	2.08	20.9	77.5	72.1	63.9	89.1	87	124	158	105	98.1	152	207	187	217	129	111	216	128	71	79.4	106	181	185	96.2	48.9	35.2	73.5	66.6	91.5	217	244	348	278	241	201	203	171	133	161	98.9	47.5	43.3	25.5	10.2	21.1	50.2	74.4	71.7	28.4	89.9	131	99.4	200	186	108	116	88	95.8	93	112	172	146	178	210	196	220	208	227	224	174	147	130	166	239	261	211	269	199	138	146	125	110	136	138	134	107	118	136	176	175	152	196	221	219	224	234	194	176	205	211	177	133	124	127	143	114	133	128	127	114
2.08	2.43	2.92	3.97	0.898	0.183	2.2	4.47	0.0722	7.52	17.3	43.7	37.9	39.6	34.2	46.4	92.7	119	109	91	115	96.6	75.2	94.3	55.1	88.1	156	182	75.2	109	279	260	204	170	83.4	46.8	51.8	56.8	80	86.9	117	198	194	121	84.6	84.2	90.3	47.4	75.6	60.1	23.6	20.8	22.8	10.9	9.29	40.1	37.4	51.4	58.4	79.2	94.3	105	99.2	90.6	71.7	97.9	112	101	89.3	130	141	146	195	272	286	252	277	301	310	225	186	162	196	225	144	130	152	112	149	173	202	137	167	143	167	168	195	240	204	182	172	174	213	196	202	205	201	195	244	222	192	155	147	154	175	144	139	132	146	126
0.937	13.1	2.33	1.52	2.53	0.624	14.2	7	6.17	25.5	19.7	28	59.9	31.6	53.6	69.7	151	268	140	122	140	116	102	71.1	74.8	136	248	249	147	124	260	249	202	195	135	103	62.3	83.7	69.5	114	156	173	137	81.5	51.1	71.3	112	60.2	52.3	28.9	11.1	22.4	24.8	9.09	10.1	11.9	24.9	60.6	70.3	75.1	116	115	126	88.2	93.7	125	130	129	114	150	187	294	356	329	302	267	273	301	401	334	254	242	217	221	169	195	167	197	212	203	180	114	139	183	158	187	206	212	195	193	134	146	182	190	258	204	208	212	221	222	176	171	183	203	208	153	154	135	141	138
5.15	6.42	7.31	13.2	12.4	4.55	7.57	7.43	17.5	34.7	26.3	52.2	91.4	78	79.8	118	239	294	206	155	190	200	133	121	184	206	290	293	197	187	201	156	141	195	154	183	80.3	90.8	108	159	149	96.4	36.5	30.2	52.3	99.8	149	72.8	68.1	37.6	18.7	18.1	15.7	10.1	7.3	19.2	19.7	45.1	67.3	83.6	112	106	135	86.5	95.1	109	129	174	126	206	292	367	419	322	272	210	258	302	315	295	307	238	249	230	247	238	166	189	193	168	131	151	117	167	150	201	204	194	203	198	159	179	187	232	232	178	186	204	203	201	174	143	168	189	188	192	184	174	204	187
9	12.3	2.52	15.2	21.4	15.3	18.6	17.2	20.4	38.3	29	76.7	84.4	119	151	271	219	302	288	198	271	210	284	196	251	306	348	308	240	259	216	180	189	196	216	241	149	141	108	142	132	109	62.6	67.1	91.5	115	139	73.4	70.5	39.5	20.9	14.8	17.2	10.1	30	46	65.3	54.9	82.6	77.6	88.5	94.5	136	92.4	84.1	132	154	149	161	175	243	327	305	251	219	197	268	313	331	337	317	272	224	242	273	231	190	226	223	228	186	180	235	134	172	206	260	230	246	243	218	210	215	251	206	195	190	218	174	184	143	150	173	157	183	194	193	172	213	180
6.99	33.8	9.78	14.6	16.5	17.1	23.2	20.1	36.5	47.4	58.1	56.3	101	103	140	249	219	184	210	187	166	172	218	210	214	284	319	292	287	284	233	251	294	271	215	267	211	121	78.2	93.6	79.4	132	103	134	180	115	92.8	60.9	53.4	33.5	13.7	15.2	14.7	25.9	15.3	19.7	29.4	29.5	71	69.6	109	97.6	111	93.6	119	159	174	173	114	117	127	201	205	219	227	192	282	324	326	299	306	258	211	244	260	274	227	237	221	213	190	193	241	173	224	266	300	274	236	240	224	219	200	214	200	171	180	187	198	165	133	139	163	148	182	213	187	188	238	217
2.2	19.5	11	14.1	35.9	42.7	37.5	34.2	44.4	63.1	66.9	74.6	89.2	95.8	142	266	214	191	213	202	199	207	257	271	228	308	280	283	277	287	305	328	285	277	283	309	330	155	56.4	65.8	55	110	163	170	152	66.6	58.2	39	28.3	24.2	19.8	14.9	11.9	10.6	12.3	17.9	36.9	65.2	118	87.5	92.3	107	137	116	136	162	144	173	113	107	144	148	145	213	208	233	283	376	350	290	308	293	228	238	234	259	280	220	219	247	324	296	319	236	245	262	286	278	259	242	197	199	220	222	170	162	232	247	253	213	146	151	170	173	194	169	167	187	204	212
4.47	5.75	45.3	37.3	9.09	59.4	77.6	62.9	62.9	91.1	90.1	107	111	130	295	215	244	264	217	226	208	216	215	228	259	319	314	314	334	306	339	411	423	315	225	273	205	88.5	48.9	52.2	57.3	123	130	120	74.9	49.7	34	27.2	24.9	16	12.8	15.6	13.6	25.1	39.5	42	39.1	66.6	137	114	124	138	138	149	196	198	183	243	112	133	117	106	159	152	218	281	313	307	325	232	228	269	294	280	237	236	221	204	235	305	302	279	343	341	209	245	226	271	241	183	177	164	240	218	223	192	237	247	239	213	184	199	222	217	216	223	200	215	227	222
3.7	3.72	21.8	49.1	30.2	84.4	115	95.9	90.9	113	180	219	169	196	288	236	239	274	255	257	305	328	254	248	304	315	352	409	358	300	318	418	463	300	165	180	104	67.7	59.9	71.3	61	95.6	109	83	42.8	33.7	39.2	46.1	38.3	37.2	21.3	19.6	33	32.7	44.2	62	66.4	89.9	191	178	129	144	134	151	204	213	195	225	150	118	109	118	156	148	220	272	291	307	304	211	196	220	285	295	283	242	226	222	219	303	318	362	300	301	182	206	215	225	223	193	211	169	192	227	201	176	184	211	217	217	244	244	296	217	238	267	218	215	225	216
8.58	26.7	57.6	53.3	53.9	91	113	111	102	159	242	185	212	214	287	291	273	283	270	294	310	293	273	284	299	342	282	370	366	350	261	292	307	170	106	102	53.2	61.4	65.7	58.1	53.8	73.7	86.7	61.7	53.5	38.1	36.4	47.7	49.9	43.6	30.2	32.2	40.7	68.4	58	51.5	62.7	97.2	215	208	141	147	120	102	107	136	144	85.6	88.6	71.3	95.9	129	132	135	167	175	213	231	241	210	215	156	188	245	220	190	162	182	209	195	222	266	308	237	188	163	161	196	229	226	188	181	167	195	182	208	220	233	238	234	218	206	230	191	223	211	197	188	251	212
1.62	60.8	75.3	63.2	73.7	114	130	117	141	246	287	264	283	289	312	365	336	280	282	360	329	262	288	296	328	318	277	358	328	321	332	308	129	80.8	51.9	58.4	72.9	90.4	105	80.4	86.4	124	67.2	69.2	51.1	36.1	36.4	32.7	29.5	29	19.5	28.6	31.4	41.9	44.6	55.5	69.2	89.6	137	129	112	111	126	103	107	95.7	82.4	81.3	115	80.6	93.2	118	112	134	164	177	255	231	207	173	208	168	173	175	179	155	144	188	222	214	263	314	306	353	213	205	227	248	260	251	222	184	188	189	198	252	316	247	253	216	249	247	244	208	210	223	188	193	245	211
48.8	66.3	71.6	53.3	74.7	107	141	181	245	248	412	371	376	360	321	391	386	379	381	375	334	303	298	367	330	284	260	283	308	361	351	210	121	118	79	129	124	127	124	97.7	130	158	101	64.5	58.9	52.3	47.3	32.8	27.2	28.1	34	50.2	46.7	57.4	54.2	59	84	81.4	61.8	64.7	91.5	123	140	104	88	74.9	89.1	122	121	86.3	97.5	113	94.7	126	136	154	190	260	262	203	186	187	203	206	226	201	203	235	221	281	327	352	398	378	396	256	286	258	285	285	261	275	211	195	207	288	265	237	181	187	195	255	240	220	182	194	180	162	201	204
109	50	72.2	70.7	86.4	123	175	203	247	312	394	415	391	373	338	361	444	433	425	372	419	403	289	279	269	321	287	334	302	291	234	257	209	142	131	182	164	162	101	112	139	152	109	87.8	106	87.9	38.7	45.2	59.9	46.6	54.7	82.7	45.9	83.3	93.4	113	134	119	107	59.4	81.6	93.1	97.1	86	105	93.6	109	134	114	109	103	107	90.3	106	115	115	141	187	192	177	163	195	203	246	297	278	262	244	225	251	342	327	338	394	394	332	315	337	335	350	326	269	301	225	299	333	296	255	210	178	172	193	186	176	144	162	147	134	139	170
77.7	117	116	89.5	107	159	154	183	230	329	356	341	320	271	341	389	403	447	365	380	430	440	292	322	364	335	302	326	295	258	237	160	143	165	118	128	116	102	109	156	145	112	98.2	106	116	91.8	74.9	71.6	84.4	91.1	79.1	115	89.5	92.1	95.4	71.9	81.5	116	101	94.1	69.8	83.6	86.5	116	146	129	131	144	138	140	104	100	117	108	124	102	120	118	106	133	169	207	178	193	293	333	315	288	255	294	325	329	330	332	420	601	486	422	428	393	367	334	308	275	287	293	289	224	197	158	137	129	158	126	135	152	133	151	165	147
90.9	155	189	148	110	175	197	210	305	353	387	388	298	354	338	326	323	343	339	296	328	357	297	356	377	329	322	361	338	335	223	198	138	153	110	135	114	127	170	206	172	141	118	159	130	67.1	77.9	67.3	81.1	77.4	90.8	149	108	130	198	116	129	190	193	129	122	145	140	132	137	149	154	146	163	165	147	131	116	110	120	130	160	164	132	196	231	227	249	210	241	284	300	317	347	306	327	327	328	413	547	808	778	555	535	515	431	360	377	289	271	276	263	189	191	156	113	124	121	116	119	126	133	145	162	130
156	162	196	144	123	158	147	249	311	330	377	324	299	356	368	385	306	288	312	326	266	236	244	355	334	360	399	398	393	383	265	346	210	200	163	274	189	194	194	203	214	194	165	140	132	81.1	52.2	79.6	121	105	177	265	275	221	329	183	200	243	245	185	155	179	206	216	213	265	174	143	171	151	121	147	132	139	134	139	214	200	183	208	240	260	289	227	214	223	235	267	279	292	267	267	349	443	470	655	904	798	526	517	412	417	381	319	357	316	268	196	177	143	140	172	116	93.6	125	112	109	117	191	151
200	217	185	143	159	168	260	296	370	356	369	322	344	363	319	363	276	297	266	246	271	360	267	339	358	418	382	386	355	344	275	281	208	222	210	329	254	173	253	275	200	201	194	148	238	246	108	117	93	111	128	172	305	360	437	295	268	267	225	268	203	224	175	270	241	209	181	177	171	150	120	173	186	173	146	182	206	239	215	232	283	258	244	189	197	216	218	260	243	278	268	253	390	438	428	491	708	982	902	528	472	416	423	336	351	321	285	220	234	207	149	158	147	148	141	128	108	97.3	158	149
248	254	222	223	140	226	255	301	381	332	359	388	390	330	234	232	283	273	296	286	332	440	376	385	365	399	392	407	328	245	221	211	179	178	180	176	181	152	148	146	151	122	138	164	182	163	140	92.9	81.9	73.3	66.1	107	179	236	338	209	194	193	242	281	239	217	220	179	206	210	184	231	208	172	177	213	218	188	193	220	217	209	226	265	256	231	231	246	208	198	187	233	205	230	220	352	403	384	322	422	497	580	661	585	542	471	478	515	516	484	471	389	380	298	259	154	181	175	113	102	89.6	77.8	78.4	90
214	279	333	237	175	255	282	322	356	380	375	410	397	370	286	281	336	371	361	378	408	396	422	404	354	344	400	369	354	317	247	248	236	185	176	183	170	160	132	119	133	131	146	172	182	178	157	111	108	101	106	128	170	250	247	186	183	173	194	242	334	282	218	171	180	198	302	325	264	241	273	247	223	205	235	250	248	210	212	266	224	174	180	167	168	184	200	241	203	224	230	353	346	352	404	433	443	462	499	490	496	486	549	601	630	481	484	450	403	332	287	179	172	144	89	84.5	80.6	84.4	109	88.8
215	237	335	281	196	194	289	291	319	348	350	349	394	349	344	318	396	424	381	390	420	431	408	418	403	357	372	340	351	364	317	275	269	277	205	170	187	189	150	124	172	212	155	217	184	211	179	134	149	117	141	148	257	243	270	147	149	178	235	305	360	272	276	252	218	232	321	323	298	300	337	346	369	275	285	237	259	232	229	201	173	220	196	208	189	200	188	246	230	226	292	285	278	334	409	367	416	402	470	440	450	514	561	530	552	495	505	539	469	383	304	211	166	118	84.5	77.4	76.1	130	128	98.4
325	310	312	225	195	198	287	307	358	310	343	312	366	320	337	339	394	433	386	383	398	413	418	425	426	392	328	291	356	310	310	267	230	212	189	192	189	180	171	165	183	175	161	223	197	223	231	233	166	127	170	229	218	257	261	158	154	173	261	319	312	314	362	293	239	269	342	315	321	357	393	394	411	382	341	247	255	242	181	156	194	198	184	244	210	207	245	276	299	257	312	322	433	432	364	386	466	423	464	487	509	532	513	554	499	496	464	510	439	365	369	315	159	98.3	90.1	78.2	78.6	79.2	67	55.7
321	324	367	321	240	310	318	301	292	298	348	331	342	302	289	331	383	464	474	398	435	452	429	401	439	423	383	338	380	312	359	369	275	215	201	204	199	212	200	200	191	188	158	182	165	164	187	171	179	193	202	191	222	177	205	121	139	195	252	299	257	324	310	273	284	333	321	346	346	390	428	439	414	387	348	294	256	248	248	240	230	213	199	191	195	230	249	287	263	308	352	410	440	450	467	455	426	436	407	409	426	491	508	535	505	450	464	404	336	275	253	209	151	103	97.9	102	70	78.7	71.1	46
349	346	412	348	323	311	325	308	276	257	275	340	300	285	299	353	432	425	423	428	417	405	390	415	447	464	459	407	397	388	351	316	287	251	249	262	244	260	224	198	193	156	164	189	166	135	130	128	198	209	241	288	327	313	245	162	157	184	236	282	325	327	331	297	369	408	428	434	418	412	459	477	440	437	364	341	304	256	265	234	219	225	195	185	186	179	204	233	254	322	353	375	425	376	369	421	458	413	416	390	423	441	524	536	528	493	444	441	398	316	262	226	141	113	121	84.8	65.4	77.9	92	70.6
392	344	431	411	360	331	322	355	308	219	261	271	283	265	341	394	413	441	425	407	459	433	377	378	406	408	439	439	405	365	381	316	323	317	279	311	274	241	221	216	191	169	173	238	209	182	180	190	262	275	310	385	444	413	319	223	160	179	288	263	302	357	337	342	393	342	394	419	453	464	452	484	464	449	393	353	325	271	246	256	196	197	202	204	170	174	178	198	218	223	252	270	334	347	353	393	413	401	417	440	431	423	497	503	527	474	451	434	432	391	341	293	208	164	134	114	84	86.1	82.7	84.2
443	429	420	410	413	368	308	313	325	283	272	296	338	329	363	381	370	371	419	460	437	358	430	397	375	362	371	428	442	420	370	280	295	352	340	277	286	266	258	261	226	231	216	205	170	196	210	242	297	291	303	350	379	347	314	214	191	167	221	232	339	366	345	358	408	381	470	471	473	421	451	478	425	416	397	277	272	226	212	211	194	178	177	202	202	211	207	246	202	196	215	252	282	354	430	485	490	505	505	500	477	472	509	486	487	482	463	428	403	353	286	254	184	184	167	157	124	126	131	107
393	386	404	377	416	356	322	272	327	308	260	279	344	361	366	383	383	382	378	437	441	380	444	444	400	376	390	469	462	430	443	345	288	303	311	285	301	296	280	283	267	263	268	207	200	184	247	295	377	375	406	331	370	385	381	343	332	278	275	285	343	407	404	426	481	490	501	493	477	462	486	478	441	402	303	245	192	225	197	196	181	186	175	182	204	230	261	233	201	210	238	272	299	383	503	572	493	439	428	442	440	495	487	423	397	419	368	298	326	301	260	250	207	172	181	182	172	150	141	106
341	363	360	420	389	381	356	239	347	334	280	287	317	346	359	376	397	372	357	388	448	435	412	440	362	335	449	446	454	401	462	347	304	281	278	276	300	281	273	282	262	239	252	244	244	201	247	309	300	431	385	391	359	411	403	406	330	286	310	302	358	386	394	409	467	510	526	507	519	521	515	485	532	429	372	368	312	228	253	242	212	215	210	263	195	226	235	260	236	257	278	424	475	489	545	519	473	462	498	497	496	570	525	492	504	423	353	303	337	284	329	298	222	195	178	175	140	175	183	150
338	352	360	401	413	389	371	269	296	326	327	368	348	303	338	332	385	377	283	419	437	455	421	448	406	376	417	436	456	400	369	304	265	265	242	264	285	274	243	268	255	272	273	288	289	252	275	279	253	283	246	349	405	407	404	398	333	268	304	354	386	311	361	395	469	499	531	501	519	508	500	447	394	386	276	283	310	260	248	236	262	251	228	220	211	243	274	286	269	289	361	426	461	502	482	464	489	510	582	502	505	494	495	477	488	484	391	347	348	355	360	329	295	197	191	167	146	215	235	229
405	416	402	411	389	378	307	210	278	339	363	328	375	365	347	314	294	319	268	366	449	440	433	426	445	409	472	459	455	437	408	314	279	274	264	234	247	278	276	256	230	245	270	321	327	276	334	271	245	285	307	305	335	362	389	345	388	319	323	377	408	361	340	394	456	483	483	463	489	504	488	447	348	286	240	215	258	257	233	275	352	357	329	249	218	223	260	284	282	306	338	439	403	418	403	447	489	551	517	489	443	416	428	391	448	476	349	351	322	392	450	341	295	220	212	262	263	277	282	291
444	429	445	458	440	423	364	242	280	323	387	407	385	387	405	336	274	302	282	412	449	447	361	414	466	482	477	457	455	439	399	345	324	279	280	267	244	257	305	247	220	255	260	262	241	238	303	354	327	325	295	285	287	249	237	201	217	271	296	293	347	379	332	413	435	437	469	446	500	495	449	417	349	323	229	251	251	247	270	375	402	390	323	265	241	234	221	225	240	266	332	350	351	365	368	448	425	482	465	373	368	378	394	328	314	338	289	293	270	323	328	361	294	311	274	241	316	248	298	303
462	396	454	489	453	409	377	330	317	405	402	441	428	417	411	384	351	279	272	331	381	426	403	402	417	426	480	472	469	437	374	322	300	309	310	298	239	273	372	302	268	351	278	330	258	230	256	404	423	344	271	307	295	308	276	242	247	301	284	267	312	374	377	396	417	431	481	444	455	483	446	349	326	298	296	254	258	251	270	412	422	386	323	283	257	239	226	217	241	246	252	232	330	343	336	447	425	387	382	384	349	411	433	376	356	299	264	254	262	314	321	317	262	268	282	281	297	287	338	366
459	428	428	489	474	463	477	388	325	408	385	400	429	435	409	393	335	307	399	406	455	469	445	391	376	435	461	441	470	410	338	356	408	391	353	262	260	283	297	278	354	387	284	251	204	223	250	350	350	255	233	257	320	350	357	372	376	312	250	289	322	405	420	438	426	446	479	454	431	465	504	439	358	336	387	341	314	254	264	382	398	393	310	296	303	293	263	235	229	229	231	221	286	329	321	349	423	357	449	428	400	463	451	374	374	318	245	256	237	247	262	299	277	257	262	314	303	342	342	398
423	372	424	484	489	497	491	423	351	362	377	385	384	384	402	416	422	420	366	402	376	448	447	459	461	473	457	380	433	414	384	359	475	467	355	311	311	358	329	299	390	334	251	233	272	272	270	240	357	269	319	275	339	348	379	340	347	303	379	360	328	372	439	476	459	460	460	478	433	447	521	421	332	370	372	405	358	273	256	344	325	328	326	289	304	310	286	240	272	267	278	242	266	311	330	325	349	430	543	456	464	461	457	357	354	317	309	267	193	217	270	371	285	257	254	331	422	379	375	350
420	366	413	457	478	461	429	394	407	423	422	417	403	419	392	379	398	439	357	337	340	363	372	346	383	421	353	305	272	285	378	385	487	501	398	337	328	379	394	336	339	319	240	243	253	269	255	229	244	301	273	240	292	293	338	331	271	291	371	354	306	373	424	496	459	465	447	469	448	464	443	367	306	358	375	370	384	264	304	292	313	306	295	327	311	385	316	280	304	309	252	270	276	296	331	417	387	439	479	450	389	377	364	287	312	384	284	266	238	267	281	335	296	270	312	359	371	384	368	368
431	452	386	437	456	466	428	394	439	437	433	412	415	409	398	398	389	446	382	373	367	414	389	374	395	416	425	368	255	239	306	381	393	402	382	402	361	376	387	340	302	276	255	293	270	257	273	250	259	287	288	294	307	310	327	317	309	345	385	318	265	314	450	495	469	413	465	454	415	443	404	330	418	357	329	315	290	254	292	307	335	274	250	232	301	294	266	289	323	314	292	296	282	363	392	392	369	386	406	391	395	369	374	324	315	290	315	252	224	251	236	289	267	259	311	339	350	407	401	423
374	432	417	439	458	483	436	407	436	446	438	448	391	387	432	396	401	461	412	408	391	328	320	404	394	344	351	370	270	237	273	355	349	351	364	508	434	384	381	328	334	355	294	282	292	273	341	285	291	307	324	297	335	329	300	397	465	464	351	326	301	341	428	474	419	363	374	431	421	398	347	314	321	324	327	310	255	287	314	340	322	282	258	207	279	326	294	272	266	335	358	292	292	329	311	315	344	423	400	407	438	417	324	273	320	327	276	252	262	298	241	266	239	242	309	332	361	384	403	446
391	415	408	436	465	462	419	416	427	434	427	433	387	360	426	372	351	395	410	404	380	327	288	361	414	406	415	407	287	237	276	297	306	357	427	507	405	394	357	350	423	377	300	261	295	324	392	399	295	285	290	294	362	361	338	355	425	416	340	387	388	381	361	409	438	341	330	363	432	328	278	248	276	301	292	241	263	325	319	377	341	433	387	356	301	436	352	239	277	281	230	258	272	280	280	344	395	391	353	350	402	366	288	237	258	329	285	296	327	297	289	270	265	276	282	327	343	393	384	407
356	327	390	433	487	478	444	402	393	388	420	451	391	380	474	445	325	353	434	417	438	345	311	319	298	334	365	383	365	251	261	311	379	453	414	413	393	402	340	381	401	405	380	283	260	327	397	364	351	329	323	327	388	343	342	330	269	272	284	415	443	393	321	409	415	401	349	333	383	372	363	249	199	241	353	335	335	318	427	429	388	340	304	324	275	298	290	209	193	199	226	282	301	306	309	314	444	408	406	369	359	350	276	238	248	316	300	405	347	292	375	260	223	262	237	226	297	305	324	351
372	379	382	440	473	493	443	375	361	407	422	380	395	429	469	464	370	415	407	444	452	378	410	376	345	306	281	346	442	390	308	384	373	436	436	389	390	404	328	391	390	322	388	342	348	391	394	373	380	365	316	276	301	319	344	400	355	331	380	452	471	387	348	462	360	374	385	348	426	471	429	328	299	246	403	304	335	243	283	348	260	241	279	339	310	304	293	206	163	211	253	274	354	358	393	423	383	351	318	273	256	337	266	283	230	307	333	371	377	351	307	233	231	236	200	205	231	236	295	289
381	372	408	444	461	463	398	362	361	398	419	415	423	435	452	452	403	451	481	473	419	476	357	313	394	302	308	326	390	379	307	390	409	425	442	460	404	449	467	450	406	399	381	383	438	432	403	394	406	393	371	347	327	348	383	428	487	461	432	424	425	331	304	359	415	330	432	436	471	474	428	410	330	321	285	332	267	253	247	273	277	320	342	352	278	288	274	219	184	209	353	302	314	390	384	381	417	368	333	257	228	297	288	190	167	274	320	389	380	334	330	245	242	251	215	187	228	234	249	286
471	408	351	362	377	466	434	374	403	409	467	469	479	474	441	354	318	444	455	435	421	431	401	323	379	418	481	355	346	394	395	469	454	404	452	518	491	505	555	477	416	413	399	377	447	422	428	405	385	413	418	441	357	373	470	508	482	495	499	413	438	402	410	436	360	436	457	479	460	469	470	477	461	390	356	306	238	218	294	297	264	370	369	306	292	304	291	271	251	247	362	341	350	310	382	290	320	322	309	281	285	319	283	179	160	184	278	330	299	292	313	225	229	250	233	214	249	272	252	252
404	385	391	328	305	360	403	408	393	412	457	406	457	368	377	307	289	377	480	458	387	334	354	380	380	375	326	395	394	436	436	464	430	430	443	527	521	527	487	458	478	457	406	410	434	444	428	372	393	332	321	377	368	390	465	515	482	426	490	492	435	451	413	424	378	393	442	403	417	419	376	420	379	347	319	301	251	225	205	240	215	244	284	296	296	286	274	232	271	314	317	280	275	291	352	351	347	240	312	378	312	320	331	221	204	198	248	286	289	277	229	256	211	233	232	218	245	260	214	209
265	321	421	425	292	274	268	296	335	326	410	370	436	412	349	249	297	335	318	370	346	260	291	372	324	304	327	477	417	367	384	414	403	418	491	584	544	451	418	499	541	493	479	416	429	475	442	389	420	358	332	371	355	394	475	536	473	423	397	423	421	409	376	423	476	462	481	430	447	481	376	346	377	335	310	284	306	247	264	305	281	222	246	242	295	314	315	300	279	356	377	390	296	281	309	294	274	233	274	337	342	336	296	216	198	219	253	277	293	254	246	297	215	173	163	151	162	177	170	204
268	298	323	348	238	230	232	290	298	363	370	363	404	393	395	274	272	274	316	303	294	262	264	341	322	328	325	361	414	474	388	406	416	398	440	510	559	473	484	505	483	447	469	413	463	478	452	446	487	408	382	398	394	385	410	443	424	410	412	404	442	435	433	487	521	486	476	494	456	480	445	400	441	442	332	245	316	248	232	272	300	270	267	246	268	307	302	390	360	356	350	368	314	281	322	278	268	260	298	348	419	325	275	271	178	210	276	336	276	313	240	272	208	180	161	160	133	137	140	163
281	308	320	280	206	202	234	253	304	337	356	367	373	381	367	339	292	262	381	383	389	297	245	306	368	371	284	311	348	398	392	411	424	436	426	471	488	455	469	453	513	491	456	421	422	482	420	462	458	467	446	402	349	351	379	446	486	446	428	404	415	486	470	482	443	488	488	440	363	416	425	412	451	419	377	296	291	258	241	278	335	278	343	339	273	299	331	370	445	405	381	345	319	353	366	392	296	234	247	282	371	333	259	235	204	187	215	334	302	277	307	245	191	164	140	144	115	100	127	137
287	283	270	266	225	198	228	242	279	282	319	319	326	322	329	329	303	355	337	399	458	412	314	322	330	339	265	322	309	323	414	454	452	418	442	377	453	461	437	515	413	432	437	400	425	424	410	434	507	512	524	453	393	396	415	505	530	579	543	489	462	448	460	484	372	433	495	366	323	374	385	326	349	403	375	296	323	312	233	244	250	228	271	253	239	312	307	311	375	376	327	362	309	310	332	359	272	207	206	229	338	307	350	204	235	222	227	251	265	251	251	220	179	147	124	137	111	111	118	162
249	241	241	290	277	220	232	255	291	295	299	328	315	306	287	295	298	318	304	296	386	411	360	346	292	324	312	265	269	298	358	400	366	370	383	401	417	495	476	493	423	324	412	410	425	448	406	484	473	495	580	524	472	483	522	509	544	658	572	485	497	405	460	428	418	410	371	350	318	356	379	439	378	372	377	284	336	379	298	252	267	313	271	265	290	329	416	380	409	396	369	358	346	335	313	342	271	293	299	293	328	327	306	360	234	305	379	337	245	216	228	259	228	187	123	132	117	135	138	162
257	229	235	295	297	252	244	253	281	284	272	330	310	317	312	332	326	333	357	324	315	334	381	342	300	339	301	285	220	199	277	389	401	377	393	419	439	466	456	404	390	365	475	426	409	491	470	541	537	462	491	519	498	481	507	551	644	664	629	509	504	465	509	444	460	493	448	398	341	317	383	451	387	346	355	324	406	424	330	277	296	289	283	320	346	463	383	345	342	389	479	483	395	349	321	361	362	425	460	372	335	438	428	384	257	221	271	300	282	293	271	275	275	228	171	171	174	194	158	191
260	249	254	288	273	265	299	291	285	284	265	320	274	297	345	362	341	292	306	281	330	286	341	317	307	334	273	279	254	228	259	384	359	367	383	432	429	393	380	372	355	324	423	373	408	426	431	499	461	485	488	490	425	427	449	585	613	651	563	476	510	506	480	444	441	511	508	425	390	317	375	342	384	364	386	366	428	374	325	237	244	283	339	333	363	395	329	285	326	333	446	500	454	461	386	400	424	492	443	392	448	547	488	371	262	237	270	262	319	318	324	333	314	266	192	191	189	140	160	191
260	272	218	229	369	291	299	340	311	284	266	349	363	292	320	414	407	387	355	333	347	318	321	324	282	264	267	275	296	266	273	286	276	337	376	412	415	391	404	377	382	354	368	344	356	353	373	411	406	441	382	437	393	469	411	511	579	592	510	504	515	513	488	394	396	479	509	480	471	360	330	338	379	384	391	375	390	402	401	250	245	283	313	322	368	345	314	258	353	368	353	368	439	466	424	394	364	452	335	321	409	473	425	304	270	263	303	293	377	259	261	268	251	233	210	199	207	209	174	161
242	245	231	219	256	308	326	326	278	285	292	346	416	326	294	371	374	408	336	385	385	311	309	307	263	241	289	260	240	278	277	295	274	294	359	338	360	402	433	401	381	375	391	401	384	379	346	330	365	401	391	390	475	543	506	566	510	509	482	516	534	530	515	365	393	526	576	521	508	461	418	379	354	372	370	357	403	373	424	277	272	294	324	253	367	312	331	271	340	421	386	341	420	465	456	392	431	399	356	352	373	447	396	270	302	272	280	279	268	295	256	261	243	216	194	204	199	222	151	144
255	266	277	296	271	317	338	323	283	244	282	336	376	366	302	361	302	421	379	443	454	401	341	239	252	235	301	310	267	260	313	338	276	305	301	345	385	357	387	382	374	386	386	395	418	365	390	400	407	474	415	420	429	483	516	530	509	507	525	527	515	518	482	394	424	523	586	502	469	496	504	425	337	353	347	347	404	321	375	303	295	309	301	259	348	303	298	234	275	343	432	384	377	385	389	349	375	270	273	347	341	335	301	255	344	278	245	307	282	233	238	238	232	192	210	195	169	158	154	143
277	280	315	341	309	331	341	278	230	213	239	309	321	305	306	347	286	346	353	363	393	426	335	258	252	265	285	321	293	287	278	339	313	316	323	333	364	353	341	307	335	353	377	373	357	326	367	497	465	452	398	493	374	370	394	500	442	469	554	507	510	482	513	445	488	483	509	508	433	478	472	405	346	401	384	372	328	324	368	332	321	275	305	285	292	309	258	235	254	366	445	412	467	391	305	325	340	258	257	385	317	378	269	279	297	274	343	272	263	240	210	233	232	187	192	176	175	178	117	114
319	304	304	383	384	358	327	305	200	196	222	291	257	317	284	299	276	276	355	340	308	376	345	332	309	284	331	298	300	358	301	306	284	300	277	310	313	312	316	296	324	355	362	360	349	349	369	412	427	382	394	444	416	336	338	493	473	448	494	514	513	474	519	515	500	486	517	528	519	464	452	523	431	462	432	405	343	386	426	390	352	353	347	318	323	279	271	248	257	347	360	413	333	436	294	250	306	347	289	370	264	374	342	368	328	264	337	258	267	257	204	197	191	171	152	143	145	187	97.8	69.7
311	347	311	363	356	383	364	360	248	274	256	268	252	264	334	311	303	318	396	348	279	309	366	352	311	261	267	278	295	320	285	271	271	288	242	302	264	261	295	313	332	365	355	331	333	354	382	358	367	363	413	455	420	426	426	492	465	437	450	470	547	540	603	535	516	528	521	529	529	514	468	489	502	488	455	327	388	462	457	468	389	356	359	352	322	275	272	300	309	329	389	374	368	431	288	284	288	326	318	281	289	346	302	355	307	265	313	259	332	251	229	175	155	158	150	165	111	105	87.6	107
265	296	291	380	400	392	305	336	317	235	246	270	225	220	263	314	344	340	391	342	267	296	301	280	279	247	261	250	250	240	228	289	284	279	332	308	278	257	274	346	339	370	357	284	294	335	365	327	308	331	289	339	367	429	428	496	452	453	491	508	517	524	515	528	511	544	652	561	573	528	506	483	455	430	408	360	457	464	461	467	326	326	403	337	341	311	378	294	301	389	363	409	278	332	287	268	310	283	320	241	281	266	347	337	337	275	281	253	230	233	244	238	181	146	135	166	152	152	131	124
224	231	262	308	322	299	275	245	249	225	248	306	284	261	234	302	311	343	341	374	277	333	281	244	261	278	252	256	255	248	256	285	261	271	304	295	289	266	272	333	338	321	361	304	289	293	305	291	296	295	302	314	414	410	358	414	433	455	459	507	514	502	481	450	479	478	553	587	548	545	512	494	486	417	377	335	467	504	472	461	342	361	367	322	319	288	329	278	275	337	346	287	231	223	276	313	264	317	308	269	276	235	286	340	354	383	298	300	218	229	288	246	212	175	190	208	137	110	105	103
207	229	271	277	272	266	296	266	266	226	259	256	286	287	242	233	224	261	290	308	297	287	288	283	290	294	248	296	302	275	310	304	288	263	294	348	322	306	269	283	316	300	316	278	326	323	259	218	271	233	244	274	420	354	359	396	473	453	474	495	452	504	514	457	429	506	541	557	571	548	518	445	472	471	411	375	436	465	471	450	419	445	466	300	266	275	336	305	279	284	324	309	270	277	300	343	280	269	317	271	273	250	265	276	290	298	259	267	247	244	302	280	246	199	138	165	104	75.4	86.3	87.7
231	267	292	227	235	226	231	265	283	227	234	227	216	242	215	258	217	213	257	265	260	293	288	276	263	280	260	256	269	252	252	271	282	278	275	278	318	291	300	354	360	317	283	251	284	361	251	209	231	248	237	279	319	304	313	342	362	434	486	457	487	439	543	466	438	495	534	513	521	519	500	456	421	460	431	448	412	456	444	469	453	485	461	281	298	263	365	323	306	324	372	366	312	307	348	319	289	311	353	289	282	276	306	283	254	244	253	250	208	239	246	287	241	195	132	159	132	91	122	59.9
323	292	303	283	233	198	194	213	251	254	232	249	229	214	224	233	217	212	269	284	261	274	301	308	300	286	287	252	274	247	255	234	230	260	263	247	297	291	278	260	268	247	248	242	223	229	222	159	212	221	272	294	277	313	314	332	315	362	346	375	497	498	504	465	476	491	514	518	541	522	493	458	401	421	463	463	449	450	464	502	471	451	431	289	300	286	273	252	272	320	444	367	376	329	267	265	303	310	322	373	307	287	291	303	248	283	289	239	214	192	198	223	226	218	130	124	174	181	115	89.1
395	354	311	289	238	215	200	199	209	226	223	205	172	183	191	226	234	222	243	266	245	282	362	325	304	317	366	309	274	259	249	265	257	263	257	209	238	268	252	241	218	218	233	213	212	215	188	166	221	251	298	297	299	282	302	325	331	346	351	405	398	443	491	487	454	459	510	556	617	552	581	492	451	386	474	472	456	460	499	492	475	464	425	303	298	311	313	250	321	283	445	382	317	262	274	266	267	238	339	380	297	308	307	292	236	276	243	299	221	167	180	199	184	175	134	123	107	118	98.4	82.3
424	343	328	253	265	226	246	197	165	171	169	184	191	190	197	203	196	209	238	272	266	276	320	319	245	281	284	327	275	261	292	230	223	228	224	198	229	272	297	268	262	216	193	181	199	234	234	195	186	238	271	320	314	291	249	304	353	385	374	394	443	483	542	494	501	504	518	536	651	615	625	609	496	419	469	514	532	482	489	479	480	450	447	336	318	381	385	306	341	266	319	306	215	166	221	274	297	266	251	323	316	316	338	268	236	233	216	242	237	173	172	214	207	178	144	164	130	126	94.9	71
365	358	331	282	279	247	208	174	166	153	158	161	159	199	223	232	229	215	220	278	290	300	281	266	257	275	266	276	265	259	278	268	261	252	237	203	226	223	250	223	255	269	243	181	217	264	309	287	290	256	259	354	319	321	329	372	443	385	387	365	447	409	556	526	499	508	485	491	524	586	574	628	522	480	513	479	532	528	488	467	453	430	439	348	349	337	428	345	313	279	251	245	199	121	122	201	249	278	245	262	271	287	318	261	246	235	223	204	225	194	174	194	223	196	153	138	130	135	118	91.6
399	459	463	354	286	235	197	193	183	148	155	147	157	143	181	236	251	248	240	303	327	334	307	278	302	306	249	277	241	254	260	274	280	261	283	248	256	290	305	218	296	316	279	211	191	205	203	199	264	283	251	316	325	292	273	421	458	480	478	433	448	419	500	507	508	512	512	510	518	492	512	545	556	538	501	475	471	484	550	487	454	436	456	356	329	347	458	415	351	272	298	242	191	156	139	210	234	246	237	227	233	250	250	197	267	237	259	217	199	174	137	229	167	156	142	129	144	150	154	120
323	432	606	628	520	425	318	237	212	129	139	179	179	179	181	244	298	333	309	344	349	384	335	347	340	314	269	295	267	265	274	314	313	275	255	221	263	277	314	351	355	411	332	251	206	214	210	183	249	250	266	342	335	296	306	362	474	514	492	496	414	422	457	491	525	515	487	589	468	384	453	481	506	524	499	449	438	470	558	479	404	440	476	406	392	313	455	433	325	283	309	312	254	363	230	222	209	229	239	220	221	240	259	206	213	214	193	191	245	216	155	204	171	159	165	147	138	152	141	164
407	494	730	769	730	739	514	344	256	144	155	217	246	238	265	336	361	353	371	396	432	376	382	424	388	321	278	297	281	285	352	375	405	325	296	238	236	246	279	308	340	346	327	263	211	210	228	188	218	253	326	389	343	342	355	450	456	456	453	494	479	464	470	468	464	465	410	417	417	405	441	497	467	547	543	386	377	445	476	452	408	328	396	329	356	349	351	343	287	319	379	366	315	294	222	200	193	208	221	246	245	257	285	260	239	194	183	202	187	268	173	170	192	185	197	185	166	164	151	158
373	415	537	628	577	476	411	347	317	182	155	205	228	272	310	454	445	444	424	370	392	426	419	453	507	387	358	386	340	307	311	378	434	351	366	289	278	269	278	259	311	334	334	295	211	218	194	213	311	304	387	358	336	316	349	453	474	456	450	393	443	422	466	432	392	464	426	368	354	410	429	482	480	520	542	464	392	399	439	434	351	314	386	344	371	362	359	337	279	304	302	366	438	320	270	238	240	219	287	226	222	207	258	245	223	191	188	198	167	202	160	171	181	216	182	185	162	190	192	138
307	346	379	413	384	342	294	348	403	393	331	350	370	338	365	419	447	492	435	415	430	458	440	395	443	459	427	423	398	411	357	354	325	321	301	309	296	273	276	255	258	331	348	372	351	248	193	199	305	323	330	366	305	293	319	365	438	452	450	448	366	425	454	408	455	450	392	390	352	412	413	408	463	509	525	491	371	348	391	372	351	418	446	366	324	329	307	309	266	293	289	295	364	241	256	214	239	247	271	235	227	215	194	195	152	163	157	189	188	166	135	168	175	179	195	161	135	154	138	108
232	331	319	311	279	261	232	278	464	558	497	672	681	687	594	535	530	522	466	503	491	490	464	442	386	401	369	380	361	366	365	353	343	304	347	296	291	285	282	260	256	275	296	335	314	222	216	199	214	290	291	344	294	334	315	350	358	378	441	488	455	436	382	495	464	434	387	375	356	381	404	437	455	479	431	440	384	308	326	311	324	373	448	375	324	321	294	293	288	289	237	260	267	278	235	203	235	233	274	252	228	231	203	202	159	162	198	219	171	157	152	227	180	152	194	157	142	194	123	103
261	234	246	234	204	174	175	209	283	401	507	870	818	839	755	717	697	640	611	555	502	490	485	409	360	304	313	343	354	359	364	386	340	337	376	365	311	312	286	266	251	272	310	271	295	222	232	268	232	245	268	355	334	327	294	315	378	370	357	349	455	463	473	473	479	473	484	402	316	359	378	380	436	406	395	357	375	386	363	276	267	348	394	344	336	313	319	313	298	292	245	236	270	256	262	286	270	274	302	326	297	300	257	206	191	214	229	197	186	147	225	198	150	139	172	130	105	143	135	98.6
272	184	186	212	195	191	195	153	184	292	448	860	1.09e+03	1.06e+03	986	857	833	810	744	637	568	520	519	403	337	285	286	345	358	357	362	373	377	382	422	367	358	339	318	278	299	344	407	318	342	338	323	328	297	288	286	304	281	301	296	318	375	383	377	374	455	463	492	448	463	511	487	449	387	374	373	399	369	369	361	316	301	341	342	298	296	318	354	329	324	354	341	357	339	297	275	272	255	240	306	265	255	283	266	352	334	278	210	187	144	159	181	177	252	155	193	147	138	141	142	116	92.8	100	108	87.6
275	235	236	207	252	236	207	140	148	193	269	393	627	838	953	909	878	835	798	675	641	521	425	354	288	265	256	312	346	367	349	369	393	372	396	382	372	380	324	285	283	317	370	355	352	399	456	414	390	449	441	380	290	274	308	287	321	376	334	398	449	473	486	477	475	515	504	465	451	441	383	374	370	413	383	278	271	293	292	323	326	432	405	300	337	290	314	365	312	334	319	226	218	283	324	276	380	329	289	289	262	217	195	208	181	182	205	173	169	178	191	173	162	124	115	111	109	99.7	113	93.2
279	281	285	245	219	192	189	160	130	148	164	191	249	349	440	630	680	682	609	537	541	528	472	401	316	305	312	307	317	364	321	324	363	359	342	333	365	373	355	288	280	327	333	292	313	360	449	472	392	371	375	405	378	355	307	309	345	369	401	455	514	544	520	498	479	500	483	493	499	491	422	345	399	409	436	329	285	330	332	366	329	362	387	322	337	282	319	313	312	292	352	213	242	270	308	303	263	333	327	219	227	193	192	220	169	186	212	168	168	204	187	199	139	119	129	102	89.6	89.5	118	86.2
210	231	233	221	202	183	160	130	114	97.1	100	143	156	161	195	258	361	445	402	364	356	397	454	371	351	307	321	315	304	332	358	343	383	411	395	314	325	304	282	252	236	294	310	244	316	331	335	388	383	361	320	295	339	400	351	354	364	413	377	408	472	530	540	504	448	402	404	454	444	458	404	367	349	388	443	367	353	431	404	365	379	297	296	342	401	341	342	344	321	348	343	216	259	262	334	300	235	377	272	190	229	184	175	200	180	157	173	189	145	177	179	190	158	122	118	106	93.8	104	98.5	75.8
235	208	212	230	207	180	192	157	116	116	115	137	146	135	137	169	191	228	255	314	259	262	324	322	328	364	325	334	330	316	362	423	372	361	371	341	338	286	238	234	214	214	230	201	279	291	306	316	296	294	312	296	290	408	424	466	407	432	389	367	462	491	615	539	451	480	434	435	410	385	355	373	350	381	435	369	321	357	422	444	360	304	347	361	350	350	369	345	368	445	375	294	233	294	362	328	224	256	321	324	248	234	208	174	193	191	184	149	161	199	152	150	160	186	123	126	71.7	95.4	60.4	78.2
217	221	205	206	209	186	194	149	147	154	132	159	152	128	163	137	121	140	168	255	242	211	258	272	294	366	338	344	303	303	316	363	339	342	386	343	386	347	297	289	200	173	180	181	217	256	275	265	248	267	343	301	268	314	427	462	424	419	436	359	418	440	490	485	486	452	415	452	416	382	372	354	360	402	347	381	353	343	418	330	340	301	319	359	360	375	392	350	413	421	346	303	256	269	385	298	198	239	280	291	259	234	292	207	165	218	192	209	202	193	147	132	144	139	109	127	109	88.5	63.2	75.5
226	241	205	190	196	189	172	117	108	138	138	162	148	160	125	132	119	124	171	284	309	240	212	243	270	330	336	302	283	285	303	324	302	322	381	427	393	370	344	310	231	206	213	199	222	224	243	268	276	309	304	289	290	267	347	429	394	397	393	401	455	425	478	477	396	457	404	384	396	340	359	387	384	422	345	333	373	407	393	337	349	383	314	356	380	384	345	304	319	341	294	277	311	317	368	305	250	258	341	272	291	205	190	198	173	186	192	233	213	192	160	140	168	153	109	113	107	99.1	69	80.5
210	223	204	177	160	153	130	111	133	190	184	153	169	161	130	93	89.1	97.2	128	204	331	270	303	326	249	267	267	285	302	298	318	323	342	309	374	449	419	351	337	365	336	293	279	255	255	256	282	287	276	272	273	255	269	301	326	323	290	245	262	304	416	418	437	394	428	445	445	375	306	283	306	313	346	363	312	434	462	382	389	358	368	356	378	423	451	376	375	305	414	461	373	313	294	431	430	326	291	325	321	282	245	208	190	234	200	206	212	223	215	200	172	156	197	192	137	138	126	87.5	86.1	80.4
170	189	174	271	224	162	165	153	133	148	191	182	163	178	123	84.1	85.8	91.1	118	157	267	354	265	439	327	244	277	326	342	311	312	402	354	341	386	414	439	442	358	335	382	359	333	259	243	236	258	263	273	283	296	268	272	315	327	342	417	287	284	296	353	382	421	375	377	411	393	368	345	308	325	312	367	382	323	400	410	425	394	352	338	389	435	413	445	369	362	315	379	479	360	303	285	374	444	385	330	262	324	286	257	229	215	272	222	202	214	211	229	211	185	193	223	233	228	150	116	84.3	83.4	95.9
96.9	105	123	197	192	174	177	192	159	161	151	156	153	153	118	73.2	79.8	76.5	83.6	95.4	181	302	332	415	347	249	292	350	390	378	330	412	385	397	412	354	379	436	409	386	356	367	389	258	242	246	255	262	262	276	302	259	261	286	317	349	464	377	271	259	305	353	362	360	424	360	363	365	372	357	330	361	415	383	362	395	399	451	402	360	352	351	463	435	428	375	365	382	361	430	322	272	275	311	369	326	286	350	258	262	273	276	258	282	245	203	203	220	206	195	190	192	183	192	201	156	132	113	78.3	105
58.9	71.6	85.9	107	102	93.9	204	220	130	160	140	117	134	137	121	96.6	86.3	68.7	71.6	79	153	258	335	380	301	253	348	361	495	457	400	393	452	439	436	385	351	393	372	401	392	411	353	275	274	260	255	261	244	243	271	265	269	289	310	363	381	434	271	292	320	290	330	362	404	367	360	326	375	435	433	332	450	423	359	398	410	453	401	413	416	392	459	417	397	416	400	373	353	462	435	409	386	314	343	276	262	306	356	257	263	345	303	251	242	236	206	205	189	197	191	175	167	207	245	187	130	108	86.4	102
37.9	46.6	42.3	54.8	58.5	64.7	115	121	139	116	150	128	113	135	128	134	69.4	52.4	51.7	79.2	91	129	199	309	346	275	395	365	391	456	441	488	485	385	397	393	363	414	358	399	415	412	437	301	272	250	228	238	240	244	239	241	293	307	319	336	337	327	292	314	308	380	333	334	355	347	305	307	345	349	412	372	356	388	362	396	422	404	376	477	451	423	446	445	405	393	348	363	356	433	437	327	316	290	284	255	252	254	276	254	285	297	267	255	237	250	260	239	217	195	207	227	186	204	241	209	154	142	114	104
30.3	42.6	34.7	41.5	41.9	41.2	45.5	61.4	73.9	127	130	125	121	97	122	130	95.8	68.5	53	86.5	85.9	113	135	224	294	288	354	379	378	476	567	626	575	443	448	539	512	440	401	428	421	394	397	257	231	251	255	233	260	257	270	249	279	288	326	377	388	390	318	311	319	364	347	343	339	331	300	289	286	266	293	328	360	379	376	386	456	407	366	406	443	413	400	424	417	371	338	341	384	359	348	261	232	244	251	297	278	309	258	254	271	277	240	236	245	235	255	256	296	248	221	223	199	204	209	228	169	141	122	125
29.2	24.3	22.5	37.1	32.4	37	33	37.6	41.7	82.3	102	123	101	109	103	118	96.7	81.3	77	94.3	98.5	127	124	178	233	242	231	266	303	375	505	811	675	584	554	668	505	415	407	382	390	446	412	261	242	229	239	259	261	267	292	261	295	281	317	371	421	421	358	379	337	344	318	328	304	312	294	271	272	257	252	301	321	321	360	407	428	453	390	358	401	461	444	441	343	355	348	343	346	346	293	261	234	253	254	304	286	287	283	282	254	271	246	209	199	231	241	254	248	246	221	234	207	198	190	214	157	153	151	136
19.7	18.2	33.4	52.4	32.3	36.1	26.4	30.3	33.6	29.1	46.8	84.7	111	81	88.1	86.9	102	99.8	92.9	92.9	125	122	110	129	156	186	207	203	212	264	382	668	718	656	588	650	561	388	401	357	357	429	363	270	274	292	248	240	255	290	308	334	348	289	288	348	404	451	398	331	290	277	308	260	291	300	273	268	274	246	274	357	365	356	396	389	364	445	387	362	429	475	472	442	377	352	366	370	378	414	285	234	256	267	279	352	407	327	297	278	310	293	265	224	211	231	217	225	217	194	209	222	217	172	171	187	167	164	163	151
16.2	10.4	13	21.9	14.4	16.1	24.3	15.1	24.2	18.4	15.8	29.7	87.6	78.7	83.4	90.9	95.4	85.8	101	118	136	117	110	121	126	157	149	165	177	178	263	369	488	606	569	515	468	373	326	284	281	313	302	242	255	272	267	220	248	261	281	301	351	329	305	324	399	431	408	284	240	215	261	236	285	258	228	254	276	237	267	324	365	490	410	333	330	342	298	351	455	449	483	427	334	369	347	342	349	330	252	248	260	278	287	339	343	324	296	303	357	328	256	210	220	234	214	215	217	220	207	221	192	172	198	237	221	181	183	173
11.7	10.2	11.9	14.8	10.9	23.8	23.4	10.4	13	11.8	10.1	10.9	19.9	45.1	104	109	88.9	92.5	104	135	149	125	113	105	98.6	90.5	102	126	151	177	186	232	357	487	604	586	482	450	364	288	263	272	260	236	230	223	224	220	265	284	307	296	319	330	308	309	349	393	399	345	267	314	316	324	217	189	232	234	270	254	286	332	300	417	424	335	350	315	357	390	399	405	391	356	285	319	317	436	347	310	292	286	307	341	340	344	408	323	314	337	361	313	263	221	192	217	214	210	202	209	241	249	198	184	206	229	205	197	184	169
16.6	19.2	11.5	11.4	9.8	12.6	9.8	11.5	25.1	6.24	15	14.3	12.4	33	65.6	136	82.4	82.9	103	120	124	117	117	106	97.9	87	87.7	88	124	187	197	200	236	310	374	403	408	373	350	326	296	266	245	218	209	188	213	230	271	264	267	288	305	306	302	346	306	327	357	470	353	373	275	227	258	221	261	281	260	275	303	320	334	419	465	342	308	330	368	407	354	358	332	328	283	274	298	288	250	310	378	299	298	408	376	357	320	274	298	352	301	298	263	236	215	205	206	208	211	192	220	246	222	194	231	208	211	219	183	161
13.5	15.5	10.1	11.1	13.4	12.9	26.4	14	22.9	10.2	5.41	10.7	18.8	8.27	22.3	92.3	81.9	85.2	98.6	94.3	103	98.6	97	97.6	87.5	82.3	78.2	75.9	105	149	182	204	218	265	286	292	299	290	291	306	326	296	255	209	219	197	192	196	258	257	226	252	302	274	259	308	265	248	289	312	318	286	244	244	278	325	282	290	315	260	359	372	406	458	428	357	268	304	344	373	326	311	323	334	354	306	289	265	239	226	311	298	293	344	365	362	357	283	295	303	271	292	268	236	203	223	229	250	188	195	240	258	245	229	234	218	252	237	192	166
