177	214	285	358	299	293	341	390	344	292	307	375	432	451	420	442	371	364	405	478	453	412	357	344	354	330	281	343	393	399	377	370	369	394	420	469	445	494	442	426	490	515	532	482	476	391	415	403	389	295	244	241	233	254	272	324	337	327	311	316	282	290	285	270	249	247	218	222	239	256	292	357	355	355	307	333	379	391	350	354	399	402	386	399	331	316	274	105	110	117	136	164	217	210	160	158	165	152	157	184	169	175	165	159	140	92.8	125	134	161	200	220	251	255	255	278	282	265	297	293	301
258	333	411	398	313	336	407	396	373	341	351	372	403	424	407	387	351	330	348	388	385	378	352	335	338	329	276	335	388	394	395	338	388	384	382	408	436	478	437	426	442	423	490	482	470	500	487	453	434	365	303	262	255	229	258	289	286	271	309	363	276	289	282	283	305	266	276	228	223	263	301	363	330	384	380	369	385	351	317	341	384	406	368	392	402	394	259	224	176	191	242	166	180	167	121	125	119	111	131	137	141	159	146	146	127	113	108	118	150	149	164	209	170	201	235	232	238	221	229	250
327	392	416	425	347	354	362	359	406	402	375	397	388	382	396	410	360	344	342	351	331	353	304	321	330	363	349	380	370	345	368	322	360	346	343	336	315	378	410	396	353	338	416	440	422	407	376	428	421	375	371	344	375	247	233	242	317	311	295	302	291	284	308	275	259	281	292	253	251	352	327	335	331	368	336	370	374	332	319	343	390	410	402	394	398	428	336	270	253	176	198	153	174	144	107	121	106	116	105	94.4	108	117	100	111	90.5	82.1	81.6	109	111	88.6	108	145	165	150	158	175	185	201	190	193
394	381	399	405	380	390	434	451	480	479	443	440	396	371	374	365	301	304	320	361	355	306	318	395	412	477	461	427	366	372	334	304	299	293	302	292	225	218	282	316	287	284	308	328	361	364	348	350	406	368	351	349	326	279	212	252	317	418	397	340	338	317	390	348	323	290	294	274	267	290	343	303	315	334	298	349	361	344	321	331	396	390	355	353	367	378	365	357	343	187	207	139	151	156	133	115	82.7	98.1	97.1	87.3	95.5	90.1	91.9	93.2	79.3	71.1	74.4	95.9	98	65.6	82	127	161	146	151	139	151	161	143	170
383	401	400	353	405	445	504	468	476	509	531	444	404	430	373	362	340	368	344	385	353	320	272	361	419	530	616	517	485	418	400	308	283	244	236	230	206	187	241	269	205	211	233	272	273	279	294	329	298	282	296	297	267	250	215	226	253	405	342	302	337	356	376	400	333	356	367	309	292	264	285	302	292	319	304	341	347	342	364	334	342	324	339	333	316	355	360	374	307	290	204	108	95.4	118	111	95.4	76.3	63.7	52.3	55	55.9	60.4	78.3	87.3	83.3	69.3	62.1	68.3	82.8	62.3	60.5	86.9	103	105	126	141	153	152	136	140
398	404	434	438	506	620	577	422	460	501	491	476	483	446	385	368	351	366	360	381	344	294	331	656	610	590	667	500	549	556	484	322	268	251	220	209	146	176	219	193	182	186	209	268	248	239	270	285	269	271	288	326	282	250	250	223	346	374	284	312	354	434	567	428	421	375	461	361	312	267	245	234	258	319	283	314	322	294	269	347	341	365	295	295	271	277	295	370	272	232	231	66.3	66.3	58.4	48.1	80.2	73.1	65.6	61	56.5	70.6	45.6	51	65.8	87.5	59.2	52.3	56.9	74.3	66.6	56.6	63.2	83.6	107	125	138	103	103	87.8	96.8
408	440	469	403	435	524	511	481	493	501	478	429	458	394	383	344	334	375	384	557	517	301	370	543	577	892	840	547	662	715	451	351	313	325	201	206	153	171	169	191	184	177	197	241	243	225	251	262	258	334	319	255	238	221	237	220	236	251	277	438	518	568	536	379	400	368	420	340	279	211	208	297	270	331	251	275	308	317	294	331	254	272	276	298	277	250	277	342	303	249	242	74.4	58.3	60.2	64.4	79.6	86.6	106	92.8	77.6	66.1	54	45.6	49.3	46.2	33.4	41.9	65.3	80.9	67.9	66.7	56.6	62.4	86.8	103	128	92.4	62.2	62.2	69.8
438	458	475	396	409	485	520	538	579	497	484	442	446	414	394	319	358	401	432	453	358	303	321	519	737	727	763	814	786	696	510	450	396	348	217	172	131	126	126	146	144	162	191	255	266	225	218	250	278	430	270	236	241	233	218	221	242	250	310	573	632	769	731	359	313	363	334	248	270	181	228	234	266	349	271	256	251	309	258	321	257	291	230	230	282	249	238	275	300	244	226	108	74.5	92.9	92.2	96.5	65	79.9	79.1	69.7	49.7	49.3	45.6	38.8	28.3	33.3	42.2	59.1	70.3	69.5	75	73.6	76.6	71.8	106	104	67.9	59.5	61.2	60.5
426	425	416	337	395	423	492	439	444	415	397	430	497	423	323	312	334	354	402	393	389	391	439	569	598	530	779	824	706	579	513	384	587	431	352	231	149	149	139	140	154	158	179	260	274	256	233	244	274	367	281	283	268	227	234	215	246	275	287	614	790	495	431	304	308	374	260	301	319	208	221	250	290	305	299	240	239	243	243	255	227	233	199	262	253	241	233	268	274	276	221	93.4	150	95.1	87.1	105	81.5	69.7	64.2	57.2	50.4	33.1	19.9	30	46.8	45.6	48.8	40.2	45.3	50	62	82.9	89.8	77.4	81.8	88.2	74.6	67.8	63.9	67.7
376	310	320	313	369	358	423	350	356	365	286	261	344	255	240	228	272	280	387	428	467	450	465	503	527	620	761	656	542	438	392	345	503	462	404	203	135	146	142	132	168	175	187	253	243	257	246	266	265	265	255	252	234	229	231	207	236	243	247	302	512	336	340	347	331	362	303	244	225	226	281	322	302	303	330	329	271	260	230	213	204	172	174	201	216	198	193	197	229	290	240	165	180	145	157	116	103	93.2	89.1	95.7	80.6	46.8	38.2	47	62.2	62.2	60.6	57.1	56.6	69.5	75.9	77.5	73.9	64.6	73.3	89.7	71.7	59	67	85.5
281	236	250	316	448	420	408	422	370	328	315	295	287	373	299	280	273	304	355	401	391	383	404	501	659	753	808	705	543	442	459	382	431	531	438	275	217	168	148	131	154	192	262	251	256	246	258	250	295	277	243	247	252	264	244	231	231	338	381	355	319	308	296	307	270	301	290	229	208	216	287	259	275	327	389	407	363	333	275	274	200	157	171	173	198	212	217	226	242	309	275	189	174	130	142	103	107	99.5	96.3	89.8	57.3	40.9	44.9	50.3	51.4	69.6	68.8	60.1	53.4	61.7	60.6	76	57.6	67.5	91.2	84.9	76	52.9	72.6	64.1
258	176	288	420	609	446	375	421	373	430	328	368	345	388	375	333	325	294	287	322	331	282	351	490	675	692	672	785	695	486	448	389	515	490	381	305	230	175	152	131	167	235	280	256	242	245	272	255	254	273	237	267	286	301	278	235	225	338	545	321	232	185	205	203	175	243	279	289	268	275	268	230	264	308	342	383	409	378	386	320	233	179	208	175	202	188	199	221	241	256	262	163	157	170	121	135	124	112	85	45.5	32	34.1	34.9	35.1	36.4	37.4	53.5	50.1	60.5	58.1	56.4	59	54.1	60.9	75.1	76.6	62	64.3	55.1	67.1
187	198	266	361	418	362	266	297	346	431	366	406	417	332	361	361	414	385	335	352	373	386	452	514	628	619	742	769	583	476	539	475	440	368	304	247	196	201	201	165	192	222	266	274	255	230	239	251	268	270	270	253	236	256	255	212	299	265	408	338	268	192	221	215	137	183	310	297	350	351	223	212	268	312	367	419	375	410	392	304	309	230	278	204	186	172	165	205	243	274	265	218	138	184	121	105	102	111	83.5	47	37.8	39.5	51	48.9	30.1	18.4	37	50.5	56.9	50.2	46.7	41.4	41.8	51.8	56.7	56.6	54.1	55.9	50.3	66.7
191	238	249	268	266	290	275	359	389	457	420	399	400	429	409	497	527	315	284	474	583	600	609	600	653	706	730	718	687	458	505	424	358	320	233	187	197	230	196	215	172	181	277	243	218	233	233	227	278	262	217	236	207	199	211	214	241	460	361	347	586	270	280	168	128	152	231	225	329	363	260	296	388	374	422	492	487	422	341	415	287	203	227	245	189	159	164	181	192	227	232	204	181	179	131	129	141	140	76.4	42.7	47.8	44.8	32.2	34.5	15.8	19.6	28	41.1	39.4	58.6	46.4	49.8	49.6	29.8	36.6	47	53	56.1	49.3	61.6
232	222	262	315	325	407	429	386	458	408	495	466	422	480	496	495	406	421	429	559	785	855	721	649	678	662	563	633	579	508	414	311	248	251	213	175	176	202	226	197	202	196	228	198	223	260	249	236	297	267	231	222	207	191	223	230	381	444	423	465	466	254	386	170	134	178	215	183	205	233	272	410	483	464	438	441	382	352	305	330	327	209	213	209	150	163	141	137	128	160	210	194	162	197	110	120	125	94.5	89.9	68.1	43.6	62.9	37.3	35.3	30.4	36.9	39.7	21.1	33.9	43.1	46	31.2	50.6	38.9	42.7	40.9	56.9	52.6	58.3	61.9
243	239	264	305	273	296	490	475	452	371	403	492	533	564	525	443	522	581	519	614	646	631	657	530	603	489	378	414	419	451	357	240	206	204	249	263	205	222	252	250	276	253	226	222	220	255	224	249	283	278	249	231	207	214	239	281	308	292	266	261	436	241	421	212	138	195	255	271	232	239	292	363	440	397	366	428	370	354	400	333	327	282	196	208	173	145	136	165	141	122	134	138	155	157	176	150	108	92.4	84.6	75.8	68.4	58.3	53.4	54.1	66	65.9	51.7	19.7	17.5	41	70.5	31.3	30.4	46	58	53	45.2	41.9	58.7	54.4
277	319	311	389	424	444	449	412	508	321	290	361	498	514	433	416	432	613	613	669	635	596	645	665	632	556	547	538	456	391	269	238	197	211	312	335	266	249	277	307	339	334	274	266	296	296	233	273	299	288	251	246	243	223	272	311	430	276	242	256	252	223	269	182	234	300	323	249	242	234	267	316	349	364	366	423	323	436	393	341	387	276	284	262	207	146	140	131	176	142	119	151	155	133	172	152	136	154	125	109	90	66.8	77.7	57.9	80.3	85.3	84.4	40.4	41	75.6	63.4	35.2	24.2	37.1	50.6	44.9	48.2	34.3	42.1	29.5
307	270	288	351	394	432	342	360	362	300	276	267	382	476	398	357	374	500	533	507	449	419	403	577	546	493	608	555	450	378	334	257	228	287	390	354	304	303	302	260	283	272	281	306	303	269	284	262	292	274	251	269	248	277	310	385	329	261	272	265	266	306	288	215	264	251	294	273	238	202	201	221	240	301	251	325	298	278	323	383	365	361	405	281	191	173	164	153	168	175	191	222	180	199	183	234	175	178	186	127	121	111	97.5	106	119	112	84	76.4	49.4	61.6	35.6	33.2	32.7	48.4	37.6	37.2	31.9	33.1	33.4	30.8
352	304	333	267	243	291	296	336	325	379	327	257	275	317	368	404	501	468	394	378	391	339	358	475	488	470	421	422	447	338	321	235	218	259	268	271	328	306	285	245	265	286	281	276	321	254	258	272	255	256	288	292	304	315	299	329	297	287	262	234	233	250	308	348	257	222	238	306	270	230	181	158	162	158	156	178	211	269	333	331	313	393	298	228	165	169	179	163	149	156	180	206	226	304	276	253	229	195	195	142	150	123	80.5	71	80.5	79.5	70.5	50	40.3	22.6	23.2	26.8	35.6	38.6	43.5	32.2	35	49.1	26	32.4
305	284	348	308	291	267	394	451	377	375	370	332	277	258	276	315	332	326	262	284	302	320	334	353	356	353	289	336	351	320	319	266	275	282	245	285	353	314	274	251	271	282	275	281	253	274	264	262	262	255	283	324	298	310	308	300	307	223	191	225	215	242	306	328	301	201	202	234	270	234	189	166	126	130	127	175	167	203	278	248	285	266	215	209	177	209	195	129	133	146	150	207	240	293	335	380	332	296	186	208	173	107	67.7	77.7	81.2	61.1	74.1	82.6	72.9	19.9	12.9	18.7	20.5	12.8	26.3	28.1	15.9	33.5	20.7	31.3
331	318	337	309	330	325	494	496	407	334	335	263	276	271	364	363	317	285	222	220	265	304	301	295	308	350	301	328	363	414	361	347	323	290	218	262	326	283	252	248	244	293	326	277	263	284	303	303	290	255	253	288	283	260	260	329	270	190	221	239	254	272	268	190	216	178	205	225	325	206	231	226	176	166	132	149	151	142	157	196	242	258	182	198	186	206	207	136	108	146	164	190	195	215	305	408	415	389	318	246	173	111	81.8	136	109	144	107	83.7	45.3	49.6	21	18.2	35.5	18.9	19.5	15.9	18.1	20.8	17.2	45.5
308	327	356	290	288	350	423	370	401	358	297	310	321	307	368	326	312	307	233	231	280	273	313	307	284	343	356	331	323	294	298	250	217	215	225	227	274	209	197	221	217	270	326	309	275	286	278	312	277	271	307	278	213	205	200	214	214	196	208	220	220	224	184	157	185	178	177	179	232	207	248	216	171	138	113	143	156	164	139	135	161	213	228	182	184	192	195	176	169	176	180	238	237	293	347	335	344	348	334	270	193	142	142	173	159	153	148	130	132	131	123	15.5	28.4	43.5	16.9	15.8	12.5	10.1	21.2	52.2
297	392	361	288	338	384	364	369	396	422	368	345	379	337	369	345	315	320	273	273	288	227	272	336	302	364	347	333	248	348	319	243	219	218	207	207	219	240	196	232	239	265	311	316	280	320	285	297	328	285	314	271	212	220	195	185	162	167	139	135	168	187	197	157	179	195	220	197	190	210	211	194	175	155	143	155	233	149	144	123	178	260	214	247	297	232	220	172	159	164	178	218	240	289	325	342	315	291	279	241	254	181	148	143	134	134	139	115	119	127	119	9.75	14.2	34.1	7.62	7.23	11.5	23.7	39.7	43.1
232	273	255	311	374	395	365	346	406	414	361	324	329	327	314	301	320	363	311	285	259	221	222	284	305	356	292	277	231	278	289	243	235	276	247	223	252	269	226	250	242	231	223	233	264	311	298	329	273	265	292	254	226	186	160	137	113	129	157	154	152	154	152	137	168	193	210	203	191	213	174	189	160	134	113	180	199	184	177	192	231	237	207	253	293	221	256	234	258	213	215	184	248	282	340	346	289	231	231	276	227	151	143	134	132	152	164	113	126	121	128	17.5	7.98	7.89	8.16	23	18.8	23.1	29.8	33.4
165	187	232	309	421	384	385	414	432	401	373	282	317	325	295	234	289	347	322	276	276	226	208	290	279	326	301	288	312	293	320	234	244	347	262	210	230	218	211	249	225	235	220	216	288	265	281	326	357	355	319	240	244	165	111	98	108	137	157	159	188	134	157	153	173	219	200	226	273	217	189	196	174	148	124	171	232	199	191	211	189	206	224	258	232	237	267	305	326	270	239	271	283	269	344	337	315	218	209	219	190	166	179	152	153	160	205	158	150	147	140	31.4	10.3	12.8	6.39	10.8	20.7	25.9	19	22.8
167	225	262	286	302	391	429	410	364	418	447	321	288	301	273	258	258	306	316	271	288	259	254	326	283	275	311	270	265	290	274	194	213	306	352	278	215	189	138	202	216	224	194	226	265	206	262	284	258	267	199	133	172	122	84.2	79.6	82	98	136	177	201	178	163	188	147	159	174	193	211	188	172	187	170	149	176	214	159	155	157	185	199	211	234	239	215	223	247	284	309	293	297	335	303	318	331	266	256	222	230	228	137	128	147	145	148	178	212	210	254	196	183	186	169	143	139	117	117	113	114	22.5
202	238	394	323	296	300	408	370	429	516	484	303	277	298	282	210	252	301	289	274	264	301	277	287	250	244	277	264	227	266	304	240	271	328	333	225	183	186	163	184	230	215	192	229	249	219	231	223	214	199	202	131	175	102	112	102	81.6	98.4	119	134	147	155	140	158	151	150	146	149	142	171	140	158	172	184	195	255	159	121	141	160	198	194	223	245	207	194	205	234	229	230	296	411	315	314	328	287	316	249	312	201	135	144	109	146	153	179	204	219	268	235	249	225	187	181	155	115	110	108	109	8.37
240	282	319	325	325	325	365	388	528	500	298	264	244	247	291	227	226	244	237	227	228	263	225	276	273	275	266	260	262	263	266	262	309	269	256	210	255	161	171	205	228	226	238	241	234	222	257	210	236	218	181	156	183	101	121	116	79.8	100	146	125	92.6	125	130	155	162	160	152	118	111	134	122	154	162	173	164	187	153	144	124	147	183	212	214	227	174	177	229	267	201	226	271	416	318	319	302	306	365	400	378	265	181	230	158	169	181	189	196	234	246	219	230	256	240	226	165	137	113	104	103	17.7
272	307	330	293	324	321	367	362	450	444	252	216	247	254	245	251	300	314	201	208	240	245	253	312	348	360	295	271	263	301	291	266	299	309	318	326	285	160	175	220	211	199	194	244	244	204	251	239	237	212	182	144	138	128	143	95.8	74.5	97.9	112	124	83.4	134	143	156	152	139	148	120	101	113	117	145	127	150	133	146	154	159	118	146	229	194	206	238	178	204	262	203	181	211	216	362	395	339	322	340	393	480	478	333	279	287	192	189	202	206	209	215	206	207	199	236	223	216	204	160	139	125	117	46.8
327	321	288	272	409	318	256	281	347	364	292	272	365	346	374	444	470	436	393	286	246	258	237	278	391	306	309	312	295	258	237	268	268	305	341	293	251	224	221	219	236	218	210	226	252	209	220	211	204	173	160	140	154	212	169	118	94.2	91.1	94.9	110	121	140	148	135	123	103	110	114	87.5	102	131	160	149	157	150	165	133	124	123	157	180	218	231	237	205	151	181	191	206	238	235	293	243	251	271	259	319	353	332	288	245	239	166	184	177	172	180	183	168	182	193	201	206	211	197	207	141	166	147	105
271	287	278	276	348	290	257	267	245	289	278	308	331	269	331	436	430	410	420	390	329	258	262	265	261	270	238	242	176	183	193	235	234	249	265	271	254	241	250	246	244	226	222	209	207	215	223	245	213	164	131	138	131	149	158	170	101	96.1	109	115	102	112	96.2	125	113	128	104	76.7	80.1	71	110	169	173	174	143	141	153	156	195	200	185	262	228	267	219	159	148	178	199	220	248	292	227	224	265	238	250	287	272	243	248	200	153	171	179	186	157	170	187	178	219	241	246	215	221	207	177	214	124	95.4
289	301	288	312	311	308	287	241	151	171	266	337	280	270	336	331	303	334	431	331	293	248	209	182	191	224	216	202	168	184	177	195	198	231	233	312	223	222	245	230	229	187	203	244	229	222	185	213	183	150	131	104	108	143	127	118	112	177	132	115	89	94.2	77	93.7	94.5	99.7	111	90.3	112	123	123	139	163	172	168	188	194	207	259	206	200	231	248	264	210	203	186	206	196	204	240	299	275	295	266	254	249	257	228	227	237	221	145	126	135	154	149	174	210	238	244	234	228	233	249	201	191	241	178	183
294	296	333	314	316	318	258	258	192	163	247	359	328	284	255	299	336	378	324	218	209	216	213	222	195	219	185	199	252	220	205	224	198	185	210	217	199	188	219	222	199	222	203	250	283	210	171	188	184	197	147	91	106	139	138	119	128	136	102	130	112	74.8	75.4	90.2	95.4	114	145	159	145	142	173	180	175	208	181	222	205	252	282	199	185	228	244	266	228	239	227	211	194	193	186	193	222	297	368	295	253	205	197	190	146	131	114	105	113	148	135	158	243	294	219	202	206	251	273	242	205	254	220	189
308	377	341	282	294	318	297	325	299	234	217	225	248	228	237	246	257	314	276	253	261	280	258	272	243	220	191	199	262	281	243	253	228	241	177	186	183	204	199	206	210	253	226	223	244	206	211	203	142	175	148	97.9	97.7	96.9	109	106	89.6	108	111	80.4	87.7	104	112	101	106	108	121	133	117	126	146	151	152	143	159	189	186	196	217	174	180	203	237	264	199	210	205	204	177	177	155	140	168	220	260	350	267	254	229	206	129	114	86.4	88.6	75.9	89	99.9	126	131	129	136	198	238	273	274	244	214	225	172	164
377	347	335	330	315	322	330	299	307	308	261	244	260	239	221	236	214	267	281	245	234	319	301	295	223	221	204	182	207	242	220	228	219	194	190	199	206	214	207	190	217	233	229	211	218	203	201	195	156	141	115	104	94.9	99.4	161	153	106	109	133	94.2	104	122	151	111	116	111	114	123	129	135	126	128	131	126	168	189	172	198	183	173	190	188	222	211	193	174	192	201	215	191	164	134	145	143	148	232	252	185	184	139	106	87.7	78.2	81.5	80.6	74.1	93.9	92.6	69.7	87.5	103	162	211	201	230	222	215	183	143	146
462	403	319	369	413	379	307	260	246	228	260	194	229	250	213	247	227	257	306	233	245	274	253	226	271	331	267	284	343	311	249	252	241	249	252	239	229	208	188	187	189	205	216	196	187	182	202	176	154	139	119	132	164	155	176	154	136	103	130	138	139	141	139	136	174	144	162	130	98.3	104	118	117	115	132	140	147	175	164	189	180	200	207	221	158	148	163	176	185	202	172	134	180	105	120	120	212	140	121	124	101	83.1	79.4	71.7	59.3	60.6	71.5	71.3	79.3	93.3	77	104	169	209	204	175	170	166	150	127	158
396	316	301	317	378	367	264	278	241	227	208	198	179	209	203	253	250	284	286	274	254	240	266	233	236	282	282	247	299	327	344	259	232	287	237	232	215	238	200	189	185	177	182	164	173	198	204	228	177	171	177	198	190	200	185	159	124	109	152	146	121	112	148	147	142	123	138	136	95.4	110	132	109	120	120	120	126	145	157	189	195	181	201	216	172	158	171	188	177	153	129	164	219	136	92.5	91.6	108	80.7	77.8	90.9	60	60.3	49.7	40.8	46	47	65.4	95.1	93	84.2	105	138	168	190	214	203	161	148	157	154	161
289	302	299	332	377	363	331	323	300	219	195	220	246	219	215	241	276	248	255	228	205	256	266	239	259	322	324	273	208	287	215	238	211	205	220	239	228	235	227	206	189	206	207	212	197	207	206	259	248	193	194	190	190	200	171	156	161	155	195	206	143	132	143	110	120	96.8	89	131	88.7	82.3	80.7	86.1	91.7	80.9	99.6	162	152	131	189	207	211	158	139	166	176	140	166	153	144	129	140	165	145	88.1	80.2	96.5	67	65.1	54.2	45.1	41.5	41.2	33.4	35.3	30.2	57.2	66	58	59.8	59.6	102	91.4	134	179	236	189	173	197	176	117
316	274	324	318	358	360	297	356	337	272	255	220	273	260	277	256	231	214	217	213	206	198	228	255	271	288	314	245	228	230	208	252	224	237	224	253	249	250	248	211	204	215	222	201	203	172	184	197	241	210	194	172	163	171	161	124	128	162	194	246	207	200	125	121	105	98	92.1	121	96.8	96	99.6	99.8	74.2	116	117	135	96.2	98.4	162	191	184	131	124	135	138	118	164	141	116	133	118	110	104	107	81.9	66	56.6	91.6	58.7	39.4	35.7	42.7	25.7	19.5	17.8	40.7	35.8	42	49.2	45.3	52.8	65.4	74.8	93.7	146	171	162	210	166	109
279	231	272	302	368	275	277	281	327	331	256	205	223	246	306	243	236	256	232	210	222	232	216	215	242	209	242	231	204	223	207	227	226	238	218	231	246	233	218	210	209	198	181	187	184	167	183	171	191	210	193	177	166	177	166	147	164	149	169	239	195	191	182	126	111	122	130	127	130	134	124	101	79.9	90.5	105	148	106	128	183	184	213	164	139	125	108	106	144	142	145	126	92.6	89.4	78.7	85.5	82.7	64.9	44.7	51.1	61.7	55.4	45.1	30.6	27.9	12.6	14.8	18.9	22.1	31.1	30.3	27.9	41.4	48.6	48.7	58.9	83.2	102	123	140	133	110
252	237	219	254	275	306	269	276	303	277	266	222	223	225	229	279	263	272	235	238	243	239	233	210	208	205	234	248	206	177	152	183	227	230	194	205	225	205	200	216	220	190	174	191	187	179	187	158	161	170	187	196	197	173	163	157	148	125	152	192	169	135	110	113	112	106	97.7	124	146	153	165	114	94.4	83.9	86.5	148	109	112	133	152	173	159	131	108	110	106	133	136	155	115	84.5	70.7	60.2	61.1	56.9	38.1	39	40.5	32.1	28.7	26.9	32.9	29.7	11.5	3.19	10.6	12.2	20.6	19.8	21.7	29.6	34.2	34.8	45.9	55.8	70.8	91	124	122	91.7
236	182	196	227	276	364	235	235	239	232	240	261	232	232	216	253	267	269	255	231	252	258	253	198	180	177	225	220	201	184	164	144	201	249	194	173	210	220	205	203	195	188	177	184	170	167	176	184	148	214	219	279	299	270	191	212	241	176	163	238	201	150	135	136	120	137	124	121	146	149	126	101	84.2	91.7	106	161	158	126	104	65.3	118	97.9	74.4	95.6	84.4	86.3	77.8	109	146	137	72.3	54.9	31.3	42.2	37.7	40.8	41.6	45.4	18.1	22.7	16.8	13.8	19.6	5.79	16.7	16	9	14.6	17.1	15.3	19.1	19.2	19.8	25.4	25.4	45.2	50.4	81.2	97.7	84.4
240	206	228	197	287	437	379	218	218	209	212	252	261	273	208	222	250	241	263	261	254	242	215	163	170	185	223	226	182	151	146	139	147	186	186	166	232	198	194	210	168	154	166	145	160	166	169	169	173	165	143	140	272	235	177	211	199	183	183	179	174	160	111	91.4	99.3	97.3	115	120	118	104	97.5	92	66.8	68.5	74	121	126	141	143	128	105	57.9	77.5	89.2	93.5	84.4	70.9	61	90.2	86.6	79.9	97.4	40.6	33	35.2	35.1	36.2	29.9	16	17.9	15.1	14.7	10.6	2.51	8.65	10.5	8.73	8.18	8.26	11.7	12.3	13	12	19.1	18	31.9	36.3	41.5	50.9	56.1
214	193	169	152	199	405	264	268	201	172	200	244	252	249	220	242	320	254	268	254	241	224	208	177	180	260	285	219	190	168	163	163	148	164	152	162	225	175	138	177	182	144	136	151	183	150	159	149	165	136	115	108	106	102	112	92.9	94	130	135	110	135	128	116	74.5	62.4	71.4	89.7	74.5	70.6	67.2	66	76	72.8	77.4	66.3	149	140	110	197	210	150	82.3	63.3	51.6	67.1	77.6	71	47	41	39.6	38.7	56.8	41.4	36.7	57.8	41.3	11.9	19.8	58.5	31.3	14.2	10.1	7.7	4.61	2.81	7.95	1.71	6.54	6.48	6.38	9.91	10	6.92	11.2	13.4	22.6	26	29.2	38.3	44.1
248	197	235	251	218	242	189	226	182	180	184	190	208	202	202	231	271	269	280	258	246	218	188	175	193	207	200	211	219	169	169	216	199	148	115	138	181	157	131	146	147	139	145	173	170	135	137	138	126	102	102	104	114	89.9	86	82.3	79.8	147	100	92.8	136	109	87.9	67.6	65	72.2	54.7	60.6	62.4	68	86.6	67	62.8	65.7	64.4	135	133	138	174	149	133	78.1	103	100	76	78.8	55.1	56.1	41.7	17.9	32.5	61.2	60.6	61.6	64.7	70.4	42.6	20.9	32.9	55.4	11.6	11.2	14.7	6.58	13.2	1.7	1.89	9.72	5.87	5.72	5.54	8.58	5.95	10.3	11.9	21	24.4	25.9	25.8	33.5
222	196	189	220	223	196	171	201	185	200	217	186	181	209	250	275	321	325	331	331	283	246	230	201	250	248	225	210	183	166	152	167	195	158	134	139	188	210	196	178	192	170	134	142	138	129	122	123	124	111	133	131	133	136	109	95.8	94.5	116	93.2	97.9	98	56.4	112	79	74.3	88.2	83.7	49.8	55.1	74.5	71.7	43.7	43.9	49.6	50.9	106	93.8	121	133	98.4	107	93.1	150	190	183	116	82.7	67.3	29.9	24	54.2	95.9	87.7	65.7	63.9	96	93.8	29.2	56.6	49	57.1	36.9	37	18.7	13.6	18.7	15.5	15.2	7.97	7.7	12.3	10.1	4.22	4.62	5.58	11.3	12.8	24.2	32.6	21.4
165	156	131	200	227	158	177	207	178	197	254	196	209	206	231	225	258	234	242	264	227	195	216	205	208	210	236	237	183	146	115	114	195	152	135	146	141	160	186	209	170	141	124	152	120	141	116	107	167	182	130	126	130	160	137	113	120	96.5	89.1	68.5	60.9	30.6	53.9	75.1	93.3	102	74.4	38.7	46.7	72.6	37.7	27.7	27.3	33.8	35.9	39.8	55	94	101	64.8	58.8	42.9	49.9	115	149	107	66.1	48.7	25.7	36.4	54.9	59.3	46.2	38.9	37.3	66.3	54.5	27.4	34.4	38.4	65.3	29.1	26.3	15.8	11.8	6.05	12.9	7.43	9.23	6.63	6.29	3.86	8.71	9.26	4.44	8.7	9.84	10.6	10.6	12.1
154	157	140	154	161	174	166	181	191	199	140	140	181	174	172	201	185	192	195	234	184	167	154	155	186	171	188	163	164	108	113	131	133	140	154	138	105	108	138	188	141	109	102	140	142	156	151	127	143	104	122	93.7	118	134	117	106	109	117	89.9	66.3	71.6	63.5	48.6	23.7	49.3	75	51.6	24.8	29	22.4	49.7	36.4	43.6	41.8	40.1	35.1	54.7	68	48.5	45.8	39.6	49.7	55.2	105	72.1	70.1	63	47.4	44.7	69.9	47.5	81.1	74.8	30.4	34.5	20.2	19.9	31.6	53.2	46.6	49.7	21.5	21.8	14.6	7.66	5.71	5.44	12.3	11.8	6.21	5.78	3.37	3.14	3.28	3.68	6.95	7.76	8.01	7.97	8.93
144	176	182	184	152	163	156	156	233	187	149	155	145	119	126	163	157	168	151	166	180	169	140	150	199	193	176	129	116	95.3	105	128	128	110	115	114	112	106	101	139	139	114	103	95.6	121	154	155	183	177	127	114	107	117	131	95.4	85.4	69.7	102	93	71.5	64.6	61.5	43.1	24.5	18.7	14.9	19.8	7.64	8.41	19.2	28.7	28.7	26.5	48.3	50.3	84.3	48.7	41.2	32.9	25.5	43.2	95.9	84.7	114	136	70.8	51.2	36.6	36	35.7	21.4	38.7	53.5	50.7	60.3	47	33.3	46.2	23.7	16.7	34.4	17.8	14.3	9.36	23.1	22.5	12.6	11.5	11.2	6.33	5.89	3.41	3.2	3.14	3.33	6.22	6.89	6.9	9.25	7.44
148	167	193	158	171	176	178	179	186	199	200	163	123	97.7	111	145	137	152	145	189	197	209	164	138	146	188	176	131	118	94.9	93.8	92.6	99	104	109	105	100	107	113	125	125	112	111	112	115	113	123	130	110	87.4	84.2	72.3	79.1	96.9	89.7	82.7	68.4	57.3	76.1	98.5	56	66.1	60.3	49.8	25.5	12	18.4	28	26.1	43.3	56.2	55.3	41.8	29.7	31.7	46.5	36.1	23.2	20.1	24.7	34.3	47.3	65	100	109	101	100	56.6	66	64.2	35.5	35.6	10.3	25.5	63.9	32.7	36.2	31.7	43.2	17.3	34.4	40.2	27.4	35.6	19.8	13.6	12.7	11.4	8.44	5.23	4.9	1.33	1.23	1.17	1.16	3.09	3.5	3.3	2.99	4.43
158	174	152	183	210	189	190	172	145	129	129	114	103	88.1	101	117	109	125	131	146	165	175	138	104	94.7	118	159	125	85.5	122	90.5	75.5	62	71.8	66.1	83.3	86.6	99	127	133	137	155	135	141	158	110	108	93	85.7	94.8	92.9	62.6	64.9	61.1	69.8	75.6	43.9	51.3	58.4	79.9	73.9	55.9	71.4	77.5	41.6	16.3	0.703	21	17.2	25.5	19	15.7	22.7	26	14.2	29.5	30	19.7	16.3	34	33.9	58.4	59.9	74.2	107	62.8	74.9	66.5	73	59.5	59.3	46.3	17	10.6	8.77	8.08	9.43	10.9	45.4	33.6	52.8	78.2	49	22.8	14.8	14.2	12.9	11.2	5.68	5.42	5.05	1.34	1.23	1.13	1.16	2.69	2.91	2.69	2.43	2.17
156	157	141	153	320	227	190	190	161	127	117	107	101	120	90	93.2	95.9	94.5	114	102	131	135	131	86.4	73.1	88.4	115	118	102	122	83.1	82.4	63.9	54.4	57.5	79.6	103	98.9	113	154	147	152	134	118	149	104	117	95.8	80.2	74.9	61.6	58.4	41.1	61.6	63.2	68.4	64.8	60.5	31.1	54	56.3	65	55.8	51	37.9	24.8	12	7.66	0.607	2.27	7.17	0.596	0.588	5.3	9.66	18.2	25.4	25.6	14.8	26.4	43.3	51.3	41.2	65.9	84.1	83.2	49.5	57.8	107	99.8	78.6	45.3	15.5	7.5	7.4	6.59	7.13	6.18	7.42	9.68	13.3	50.8	30.5	14.6	18	35	25.6	21.9	15.7	5.95	5.67	2	1.94	2.18	2.49	3.44	3.53	3.32	3.09	2.45
123	131	140	179	279	243	176	189	192	137	122	115	114	105	84.6	87.1	81.1	76.8	77.5	84.6	79.2	95.9	111	96.7	81.3	85.1	116	116	109	99.2	81	82	69.7	51.2	55.2	77.7	104	108	102	123	127	118	117	129	120	108	116	81.2	56.1	63.3	47.4	52.8	42.4	55.4	57.5	76.8	82.1	74.7	36.4	34.2	16.3	33.5	41	27.8	34.8	17.9	3.03	7.28	27.2	0.495	33.2	32.3	13.9	0.744	6.82	16.6	59.5	63.4	47	15.2	8.43	16.6	19.9	27.3	76.6	62.9	35.6	45.4	68.4	118	69.6	34.3	21.1	9.48	6.01	5.28	4.81	4.72	4.4	20.8	33.6	45	50.6	26.7	44.8	70.4	53.9	65.7	21.6	9.79	5.88	2.82	2.86	3.23	3.62	4.14	4.26	4.12	6.06	3.11
154	176	167	170	187	181	164	178	148	121	105	125	99.3	105	92.3	80.4	77.5	83.2	55.2	45.2	41.5	48.9	70.5	61.3	58.7	79.5	111	116	115	114	68	68.8	68.4	57.3	58.7	81.2	89.7	85.3	95.1	100	83.1	86.8	98.3	95.5	110	110	100	71.1	55.7	42.6	33.9	41.6	47.2	38.6	24.7	27.3	50.3	47.1	18.8	13.2	12.3	9.25	17.4	36.8	25.4	36.7	35.1	117	63.1	23.5	25	22	25.5	23.2	16.7	15.3	19	15.5	19.2	18.3	18.2	6.27	8.91	12.5	31.1	29.8	23	33.4	41.6	87.5	80.9	58.3	43.9	42.8	9.74	6.07	3.15	3.39	2.86	12.2	12.2	20.3	25.8	22.7	24.9	56.3	47.8	22.5	5.39	5.7	5.78	3.32	3.48	3.89	4.28	4.48	5.17	5.39	8.58	3.26
125	131	128	106	128	139	172	135	121	115	109	90.8	69.8	76	67.7	62.2	80.3	75.1	42.4	34.7	38	29.3	39.3	49.8	65.6	60.4	61.2	67.4	80.5	87	80	85.9	81.2	97.2	69.4	70.6	74.1	85.1	92.5	94.8	77.5	76.3	72.6	72	95.1	113	103	94.1	71.4	48.7	27.6	19.5	17.2	23.3	13	13.9	22.9	44.2	27.3	21.2	14.1	5.19	17.2	65.6	44.4	36.1	37.9	102	59.7	39	13.5	23.2	20.5	21.9	20.7	15.7	14.4	14.3	18.5	30.8	24.7	18.1	47.9	40.8	25.9	22.7	31.1	29.3	25	39	40.5	29.6	21.7	23.6	20.8	11.3	4.73	3.61	1.39	1.64	1.67	4.38	5.07	8.62	16.8	24.4	7.54	4.36	4.82	8.19	5.45	3.23	3.46	3.85	4.16	4.32	5	5.27	5.36	5.32
174	114	113	97	127	143	137	114	112	103	103	77.8	69.6	67	71	55.1	55.8	51.4	51.1	39.6	36.6	33	45.8	55.4	75	62.3	39.6	44.7	73.2	67.7	59.6	72	89.5	102	77.6	64.7	67.8	71.1	71.8	75.7	80.7	65.2	63.1	70.3	84.6	99.1	111	112	65.4	58.6	29.8	17.4	8.11	15.7	25.5	22.9	27.3	38.5	26.9	24.4	10.7	6.36	6.49	29.1	42.7	35.6	11.4	15.9	31.9	26.7	24.1	3.2	24.6	23.8	12.6	18.1	13.9	12.3	13.1	36.7	46.5	11.6	19.6	25.3	32.2	38.2	32.1	38.3	42.1	16.6	18.7	24.9	15.2	9.4	4.83	3.59	6.65	3.21	0.621	1.01	1.18	1.5	1.95	2.52	5.9	7.85	6.84	6.29	3.91	6.96	4.72	2.74	3.01	3.45	3.77	3.99	4.68	6.19	6.8	3.01
164	120	107	90.5	117	110	108	115	91.1	70.9	63.9	57.4	65	48.9	50.7	54.3	48.3	41.5	56.6	60.7	52.7	49.3	59.6	74.6	80.4	76.3	36.1	39.6	56.3	45.1	43	53.9	77.7	89.9	87.6	82.2	60.2	60.4	53.6	75.8	83.8	63.4	74.6	80.1	74	90.4	102	87.6	59.9	33.9	26.5	14.7	13.7	21.5	28.1	36.8	22.9	26.8	24.3	35	11.9	12.6	10.6	16.2	24.8	27.8	11	18.1	37	50.6	63.4	63.2	48.9	38.7	22.5	6.05	6.17	10.1	11.4	17.3	7.72	4.92	9.8	25.7	23.1	28.3	21.8	13.2	29.7	24	21.2	17.5	15.4	6.32	0.246	0.331	0.896	0.413	0.479	0.831	0.964	1.21	1.57	2.02	2.4	3.66	3.1	2.72	3	3.46	3.8	2.22	2.49	2.96	3.36	3.69	4.46	5	5.32	4.68
175	122	119	99.9	87.7	79.9	79.3	121	100	76.3	45.4	48	59.8	45.6	50	52.1	45.8	47.7	77.2	64.3	77.2	45.1	52.9	54	58	57.3	39	22.4	28.9	54.7	36.5	30	43.7	65.4	84.9	106	91.8	78.2	58.6	60.3	92.7	93.4	84.7	69.8	79.4	95.1	86.1	70.5	69.3	39.9	35.4	21.9	19	14.9	16.3	18.4	14.1	8.82	14.8	33.2	10.1	1.74	2.28	3.1	4.51	29.2	19.6	16.5	24	38	59.3	80.2	89.1	74.5	23.8	0.848	1.44	1.12	0.308	2.81	2.68	1.27	1.8	16	23.8	6.95	6.6	11.2	7.71	5.27	6.85	2.2	3.92	3.6	1.15	0.549	0.555	0.614	1.09	2.31	0.716	0.9	1.14	1.22	1.44	1.67	1.91	0.498	0.552	0.577	0.939	1.27	1.53	2.08	2.58	3.06	3.95	4.68	5.31	3.39
204	157	121	97.9	85.7	97.2	155	105	91.3	83.8	61.3	58.9	48.4	54.1	50	51.3	67.7	84.6	77	60.2	61.6	37.3	18.6	24.7	37.2	37.7	16.6	19.9	29	39.8	35.5	31.2	33.4	60.4	66.7	85.5	79.4	70.3	69.6	59.4	71.3	93.8	81.3	67.1	64.4	77.4	96.1	64.8	37.8	34.6	35.5	30.7	17	8.77	10.2	7.74	2.9	6.2	11.5	13	1.67	1.02	2.96	5.1	7.06	10.5	10.3	5.6	15.3	32.2	36.1	60.7	87.5	71.3	26.1	1.15	0.792	0.699	0.652	1.38	2.45	3.83	7.05	8.13	2.1	3.8	0.73	9.01	8.31	1.25	0.226	0.394	3.54	3.38	0.314	0.491	0.491	0.515	0.562	0.465	0.5	0.599	0.758	0.809	0.946	1.11	1.31	0.355	0.401	0.419	0.463	0.528	0.793	1.28	1.81	2.42	3.38	4.27	5	3.28
189	168	131	86.6	91.9	84.9	108	92.2	73.9	66.6	40.8	40.3	38.8	54.6	50.4	57.9	85.7	107	100	69.4	44.9	17.5	19.4	18.3	21.4	22.6	25.7	17.1	35.6	39.3	34.1	34.9	33.1	50	41.4	57.4	73.7	82.6	73.1	56.5	64.8	97.7	94.3	54.1	58.4	63.7	105	46.6	36.8	29.2	28.2	29.6	13.9	19.5	6.72	7.36	4.29	16.4	17.1	6.79	11.2	5.27	0.207	1.5	5.07	10.3	10.9	16.2	20.5	28.3	23	28.1	36.2	29.7	17.2	2.25	0.276	0.208	0.177	0.158	0.125	0.655	4.79	4.87	2.94	2.1	4.1	0.0352	2.9	1.01	8.31	0.978	0.296	0.272	0.271	0.42	0.416	0.422	0.436	0.342	0.353	0.444	0.509	0.538	0.624	0.744	0.896	0.289	0.286	0.299	0.291	0.307	0.296	0.58	1.14	1.8	2.79	7.92	4.55	3.08
169	121	114	99.7	84.1	61.9	72.3	82.6	56	65.8	50.2	27.9	36.6	45.4	57.6	71.4	91.4	85.1	104	87.8	50.7	23.5	18	21.3	27.4	22.9	25.4	21.1	26.8	22.8	30	24.1	23.2	24.9	29.9	50.6	64.3	58.8	53.6	57.4	56	71	83.4	61.9	57.6	53.1	59.5	36	37.6	30.6	26.5	19.5	14.1	10.1	26.4	11.5	5.77	25.8	35.7	9.7	6.22	7.44	6.11	14.2	15.3	1.47	8.27	19.9	29.8	27.1	21.5	13.3	22.1	25.7	28.5	13.9	4.29	0.166	0.143	0.129	0.105	0.359	0.374	0.00322	0.39	0.0384	0.18	0.46	1.23	0.17	1.78	4.3	0.281	0.218	0.216	0.499	0.33	0.333	0.342	0.267	0.286	0.316	0.392	0.413	0.479	0.567	0.676	0.188	0.256	0.225	0.217	0.227	0.217	0.515	1.06	1.72	2.71	3.64	4.55	3.14
187	115	107	111	75.5	76.7	59.2	54.6	44.8	65.2	59.4	20.6	33.7	55.7	57.5	50.8	77	58	50	49.6	43.9	35.1	18.6	26.9	29.1	25.6	32.7	23.6	20.1	20.8	28.4	23.2	24.2	34.5	35.7	37.9	55.6	46.4	54.9	54.7	45	33	45.8	71.7	105	73	124	61.1	49.8	50.3	37	15.9	13.2	6.57	7.92	3.36	11.6	9.66	7.15	2.54	3.05	6.55	6.7	26.3	5.67	1.14	6.08	24.9	16.7	9.97	8.73	8.28	8.03	10.4	10.6	8.64	2.92	0.227	0.343	0.114	0.221	0.257	0.0833	0.165	0.626	0.465	0.002	0.947	1.66	0.026	0.998	2.95	0.0742	0.0267	0.78	0.69	0.702	0.118	0.121	0.0986	0.1	0.131	0.141	0.169	0.195	0.228	0.267	0.0607	0.0688	2.77	1.33	0.0192	0.0181	0.203	0.728	1.09	1.79	2.5	3.21	3.19
184	194	165	91.6	47.5	69.8	113	50.8	25.9	31.8	32.2	33.3	46.8	51.3	85.1	39.8	58.2	36	39.4	44.3	32.1	32.1	31.3	30.5	32.6	25.5	23.3	19.3	19.2	18.3	25	19.1	19.7	27.6	35	26.1	26	56.5	71.6	75.3	72.9	63.2	60.5	69.2	77.2	63.3	57.6	67.3	59.2	108	78.3	31.9	16.6	11.7	6.29	12.7	6.8	4.51	5.7	2.68	6.78	1.89	0.118	1.12	0.997	22.7	4.87	25.4	21.5	5.83	0.935	1.09	0.924	3.17	6.04	4.27	3.17	0.612	0.249	0.0815	0.0724	0.0609	0.152	0.118	0.136	0.156	0.0396	0.0114	0.337	0.423	0.574	1.25	0.0677	0.0832	0.0339	0.0904	0.356	0.0871	0.075	0.06	0.0599	0.0667	0.0802	0.095	0.108	0.121	0.134	0.029	0.0317	0.0316	0.0286	0.00763	2.42	0.0399	0.53	0.907	1.65	4.36	3.2	3.23
187	205	167	83.5	58.1	47.6	75.1	64.6	57.7	52.2	39.1	46	77.2	82.5	77.7	42.8	47.9	41.7	33	30	28.1	34.8	40.8	31.3	32.5	25.1	22.9	19	16.9	18.9	19.9	18.4	19	34.7	25.9	23.9	32.9	64.2	65.2	54.6	51.6	68.7	54.1	116	87.5	75.6	69.6	32.7	52.1	119	97.6	38.7	28	24.7	33.2	24.1	10.3	9.47	4.67	1.49	2.06	2.07	2.35	1.03	0.932	8.01	2.12	5.96	11.7	0.921	0.814	0.943	0.822	2.79	2.15	0.279	1.47	1.58	0.417	0.247	0.0643	0.124	0.302	0.166	0.0128	0.000352	0.000703	0.00696	0.00931	0.0108	0.0112	0.499	0.0118	0.0118	0.0114	0.136	0.123	0.0472	0.142	0.154	0.164	0.0377	0.0439	0.0508	0.0571	0.0598	1.59	5.7	0.0114	1.3	0.0079	0.00165	0.000969	0.000623	0.294	0.733	1.5	4.04	3.13	3.22
136	195	124	88.1	70.6	47.9	59	56	64.7	52.6	47.6	71.4	90.4	91.7	101	78.6	53.2	38.8	27.7	32.1	28.4	28.9	27.1	27.5	27.1	32.9	28.8	25.3	19.2	17.6	16.9	16.5	17.1	20.6	22.9	24.8	40.4	46.3	44.8	58.3	32.6	42.7	59.7	96.5	74.4	92.6	82.2	37.9	32	24.3	45.5	36.2	27.3	29	23.9	12.1	33.9	34.6	7.74	2.57	1.54	1.1	6.5	0.951	3.72	8.08	13.4	5.26	0.798	2.94	6.08	0.783	0.67	0.552	0.428	0.106	0.182	0.146	0.0628	0.0543	0.0459	0.0927	0.0486	0.00052	0.06	0.000251	0.000502	0.00498	0.00664	0.00768	0.103	0.00816	0.00843	0.00846	0.00818	0.0697	0.0429	0.0346	0.0336	0.133	0.0257	0.0277	0.0323	0.0375	0.0422	0.872	0.969	4.7	7.53	0.266	1.67	0.0012	0.000699	0.000503	0.213	0.656	1.4	2.41	3.05	3.2
78.9	93.5	114	120	118	115	61.4	53.7	27.1	26.2	14.9	58.3	105	149	134	87.2	61	51.1	40.3	33.3	31.2	29	27.4	21.8	20.7	21.1	22.2	17.9	18.9	12.3	18	17.5	20	22.7	27.6	32.5	31.8	21.9	22.5	25.6	33	39.3	51.4	87.1	72.1	24.4	24.6	18.4	22.2	18.6	29.4	27.4	23.6	28.2	17.8	9.7	13.1	9.61	11	1.71	1.03	0.512	13.2	1.19	0.481	5.12	27.6	7.07	4.98	5.44	11.4	3.73	0.673	0.366	0.295	0.125	0.0781	0.0501	0.283	0.662	2.82	0.714	0.0417	0	0.947	0.992	0.878	0.142	0	0	0.209	0	0	0	0	0.0142	0.0139	0.0136	0.0133	0.0123	0.012	0.192	0.0152	0.0579	0.0305	0.0319	0.031	0.0113	0.0111	0.00979	0.00755	0	0	0	0.12	0.48	0.989	1.61	4.4	3.56
117	146	124	156	157	157	165	111	94.5	76.5	44.7	65.1	122	149	129	104	72.2	64.5	42.2	30.7	31.1	30	27.5	22.9	19.9	19.5	17.4	12	16.7	11.7	13.7	17.2	21.2	36.7	44.3	32	32.8	23.7	23.9	25.8	29.2	28.3	46.4	54.7	65.7	23.4	11.3	14.1	13.6	16.9	21	30.1	34.7	29.3	23.4	8.79	5.9	5.85	10.2	7.85	1.35	1.36	0.953	3.7	16.1	11.4	7.73	0.654	1.93	3.23	2.22	2.4	1.71	0.286	0.23	0.104	0.0706	0.0485	0.161	0.0245	1.83	0.816	0.00784	0	0.447	0.977	1.03	0.547	0	0.445	0.374	0	0	0	0	0.00551	0.00574	0.00578	0.00568	0.0053	0.00519	0.266	0.00668	0.012	0.0136	0.014	0.0133	0.00469	0.00444	0.00386	0.00294	0	0	0	0.0915	0.453	0.931	1.56	2.31	12.7
54.4	151	176	230	164	123	113	106	87.5	115	124	74	107	117	129	116	79.4	87.4	67.8	48.2	40.9	41.7	35.8	37.6	29.1	21.9	23	19.2	18.5	16	19.1	23.2	25.6	43.9	38.5	22.1	30.8	33	36.3	22.7	20	23.9	64.3	90.5	82.2	13.4	14.8	12.1	9.65	18.2	25.5	44.3	43.3	62.8	29.9	9.65	20.5	10.2	14.1	13.5	2.31	1.32	1.31	6.23	5.87	14	9.22	4.69	5.21	3.7	1.64	1.87	0.447	0.284	0.235	0.111	0.0815	0.0594	0.0454	0.0261	0.865	1.17	0.732	0.242	0	0	0.716	0.503	0.386	0.0055	0.413	0	0	0	0.00656	0.00102	0.00143	0.00163	0.00164	0.00156	0.00156	0.747	0.812	0.548	0.458	0.0045	0.00388	0.00122	0.000999	0.000825	0.000703	0.94	1.42	0.0354	0.286	0.633	1.09	6.75	9.21	10.7
39.2	96.3	151	225	205	109	88.8	104	70.2	98	118	92.2	83.9	110	121	117	99.6	102	87.5	63.2	52.5	46.8	50.3	52	39.6	31.5	30.4	23.5	18.3	14.1	19.5	19.6	20.7	35	37.5	26.2	31.9	35.5	53.4	36.2	26.1	27.1	43.1	53.9	66.5	18.8	20.4	13.2	10.7	18	33.7	75.8	85.9	49	50.4	17.8	22.4	8.39	9.37	10.1	1.55	5.88	3.12	19.7	0.429	0.353	10.3	10.4	8	0.534	2.48	4.55	0.401	0.808	0.301	0.262	0.111	0.0829	0.205	0.0338	0.82	1.16	0.525	0.753	0	0.169	0.242	0.0347	0.655	0.209	0	0	0	0	0	0.000729	0.573	0.00117	0.00117	0.00112	0.00112	0.00125	0.651	0.684	0.747	0.00321	0.00278	0.366	0.000713	0.000699	0.000836	0	1.91	0.1	0.345	0.729	1.14	1.75	2.55	3.59
19.9	19.6	55.6	98.2	87.1	56.8	46.1	96	138	108	107	84	76.1	89.2	104	123	115	110	125	91.1	75.3	68.6	61.7	58.1	54.2	45.5	32.5	26.5	25.4	18.8	28.8	28.3	24	29	32.9	31.8	38	36.9	36.6	53.5	68.4	75.7	51.2	31.8	40.7	16.2	17.5	11.5	7.63	6.52	23	31.2	41.5	29.3	44.5	26.5	7.3	6.52	4.15	1.8	1.55	1.5	1.01	2.85	0.543	1.16	7.31	22.2	4.55	3.33	3.43	0.373	0.374	0.348	0.295	0.308	0.604	0.0375	0.0277	0.0192	0.00562	0.955	0.902	0.534	0	1.1	0.737	0.346	0.296	0.239	0	0	0	0	0	0	0	0	0	0.00672	0	0	0	0.111	0.12	0.128	0	0	0	0	0	0.00283	0.00365	0.0702	0.328	0.58	0.954	1.54	2.29	3.26
6.48	5.89	33.9	37	38.7	23.6	13.2	62.5	159	201	218	117	107	101	102	132	129	112	115	90.2	88.8	86.9	77.7	71.1	60.5	49.9	31.9	26.1	35.2	23.7	29.8	32.8	28.9	26.3	32.4	30.8	33	34.2	36.9	80.9	73.9	86.2	55.1	27.8	29.5	10.9	12	29	10.5	6.24	33.6	13.8	22.2	36.7	33.4	22.8	15.6	5.56	4.37	3.26	0.68	1.06	1.24	5.73	0.592	0.786	9.93	12.6	0.987	1.07	3.1	0.425	0.434	0.407	0.348	0.076	0.0598	0.0568	0.0334	0.0155	0.0062	0.00138	0.568	0	0	0.347	0.998	1.27	0.339	0.0437	0.119	0.0652	0	0	0	0	0	0	0	0	0	0	0	0	0	0	0	0	0	0	0	0.00364	0.736	0.0149	0.258	0.542	0.925	1.51	2.33	3.36
4.72	5.93	5.38	14	23.8	11.6	9.02	21.9	80.3	169	187	141	144	148	104	121	124	114	104	97.1	113	97.4	84	66.7	53.5	47.5	62.5	47.4	35.7	32.5	31.8	32.2	33.3	30.9	35.3	33.8	34	32.9	36.9	44.8	50.3	75.7	91.8	51.6	24	32.1	8.06	25.9	32.9	16.4	10.9	12.8	14.5	15.9	23.7	23.1	18.3	7.13	6.54	3.67	0.902	0.889	0.498	2.47	0.747	0.644	2.3	17.3	7.62	7.4	0.472	0.613	0.613	0.572	0.492	0.109	0.0864	0.0667	0.0489	0.0227	0.00908	0.002	0.00143	0	0	0.553	1.47	1.68	0.358	0.525	0.343	0.833	0	0	0	0	0	0	0	0	0	0	0	0	0	0	0	0	0.00888	0	1.1	0.00525	0.00736	2	0.188	0.503	0.921	1.5	2.34	3.39
3.92	6.27	12.2	7.37	10.4	12.7	13.2	10.9	30.2	99.5	145	154	154	136	137	160	155	135	126	100	97.4	91.7	89.8	78.1	67.3	45.5	57.6	55.3	41.6	50	62.6	39.5	30.9	35.2	39.2	41.6	42.9	40.5	39.9	47.5	50.1	44.1	77.2	98.3	29.8	48	17.6	26.1	20	15.4	5.27	3.73	11.6	10.8	22	16.8	15.5	9.24	5.95	1.13	1.02	0.976	1.31	1.58	1.03	0.923	0.891	3.83	4.43	17	13	3.21	0.908	0.84	0.724	0.16	0.128	0.101	0.0739	0.0347	0.0143	0.00355	0.00254	0	1.01	2.07	1.21	1.26	1.24	0.924	0	0.402	0	0	0	0	0	0	0	0	0	0	0	0	0	0	0	0	0	0	0	1.07	0.825	2.14	0.145	0.488	0.891	1.5	2.32	3.36
5.12	4.18	21.2	74.2	21.8	26.2	17.3	18.4	14.8	32.9	48.7	88.7	102	129	159	152	135	126	110	96.9	92.3	90.1	90.3	96	75.8	63.6	57.9	51.9	55.2	63	74.6	63.8	35.9	38.3	45.5	56.7	57.2	51.7	47	54.6	69.5	57.4	47.2	53.2	75.9	37.1	11.7	12.2	19.7	17.8	7.4	4.85	16.3	14.3	23.7	33.8	30.7	30.9	8.34	2.11	0.534	0.504	1.21	2.86	2.62	2.31	2.26	2.33	2.66	4.14	4.17	2.27	2.21	2.03	1.76	0.298	0.242	0.191	0.141	0.141	0.0587	0.0154	0.011	0.0129	0	0.918	1.1	0.493	0.216	0.25	0.0676	0.0537	0.0269	0.0483	0	0	0	0	0	0	0	0	0	0.336	0.117	0.117	0	0	0	0	0	0.739	0.815	1.39	0.186	1.04	1.56	4.81	3.85	3.87
3.15	3.75	8.26	72.8	87.2	15.8	7.78	10.3	11.1	41.8	75.1	37.2	65.9	78.8	103	115	132	116	96.4	86.7	80.2	75.8	82.9	87.2	61.7	61.3	64	57.2	57.6	73.9	60.8	47	40.3	39.8	48.6	63.5	75.8	68.9	50.6	49.1	49.3	49.1	49.5	63.1	46.1	28	28	57	29.5	20.2	8.14	7.93	9.35	10	7.69	33.7	33.6	21.1	9.52	2.49	1.18	0.553	0.524	11.1	9.4	6.25	4.51	2.9	2.86	2.8	3.16	2.83	2.73	2.51	2.18	0.368	0.3	0.236	0.175	0.177	0.0745	0.0201	0.0143	0	0	0	0.78	1.07	0.347	0.389	0.193	0.0591	0	0.312	0	0	0	0	0	0	0	0	0.0882	0.239	0.166	0.146	0.00224	0	0	0	0.612	0.669	1.1	0.25	0.211	0.592	1.11	1.85	4.16	6.19
3.38	5.77	5.55	4.69	4.44	5.33	8.88	10	9.3	36.4	63.6	39.7	41.9	45	63.8	85.3	96.5	106	86.7	83.5	80.5	71.1	65.3	63	56.6	55.5	61.6	56.5	55.8	53.4	43.5	39.9	34.1	38.3	44.9	54.2	64.6	65.4	59.1	89.1	60.3	55.9	63.1	66.2	36.6	21.2	30.6	56.8	28.8	12.1	8.25	10.2	9.7	11.1	11.2	30.3	30.2	32.6	11.6	4.1	2.56	0.617	0.588	8.89	8.64	4.9	3.21	3.36	3.31	3.21	3.07	3.16	3.01	2.74	2.37	0.397	0.341	0.251	0.186	0.19	0.0803	0.0306	0.0158	0	0	0	0	0.173	0.612	0.34	0.223	0.396	0.0322	0	0.0484	0.327	0.00361	0	0	0.381	0.381	0	0	0.0513	0.167	0.146	0	0.0246	0	0	0	0.0878	1.24	2.42	3.52	0.665	1.24	1.8	2.75	4.38
2.82	3.86	4.5	3.28	4.36	7.29	9.06	9.58	10.7	32.9	97	85.1	55.2	77.4	56.8	50.9	62.4	74.8	81.6	79	70.9	66.8	58.5	63.5	65.4	60.5	52.1	45.9	37.8	35.1	35.6	38.1	49.6	47.7	46.4	48.5	57.4	57.3	65.7	111	75	86.6	85.2	63	44.5	17.8	34	31.8	23.2	11.8	13.4	15.3	15.7	13	11.5	18.7	17.6	20.6	11.8	4.05	2.67	0.692	0.658	8.37	7.12	3.57	3.53	3.66	3.59	3.45	3.24	3.28	3.04	2.73	3.56	1.23	0.31	0.238	0.176	0.179	0.0766	0.0217	0.0155	0	0	0	0	0	0.0667	0.136	0.321	1.04	0.0672	0.00597	0.058	0.61	0.375	0	0	0	0.486	0.508	0.451	0	0	0	0	0.0354	0	0	0	0.0215	0.0827	0.0683	2.44	4.93	1.91	1.72	2.65	3.08
2.88	3.4	3.62	3.4	3.45	5.69	7.57	9.07	9.07	8.32	10.3	42.6	37.6	31.2	27	51	41.1	38.5	48.1	48.9	56.1	47.7	51.4	62.2	65.3	58.1	45.2	33.4	29.8	27.5	28.9	36.8	60.6	73	63.9	60.3	64.6	59.9	71.3	137	84	74.9	70.8	122	102	32.1	24.7	35.4	34	12.4	9.79	11.3	15.6	9.22	6.19	8.48	16.5	6.9	6.58	1.98	1.71	0.848	0.8	5.74	5	4.7	4.61	5	4.89	4.66	4.32	4.29	3.88	3.42	3.44	2.65	1.39	0.675	0.498	0.231	0.0996	0.0292	0.0208	0	0	0	0	0.0104	0.0231	1.09	0.642	2.94	2.33	0.474	0.201	0.469	0	0	0	0.642	0.484	0.324	0.129	0.169	0.302	0	0	0.306	0.105	0.198	0	0.011	1.01	0.281	1.8	2.01	3.26	2.54	2.72	4.76
2.97	3.32	3.64	3.56	3.34	4.21	6.43	7.18	6.35	5.75	9.57	26.4	14.4	16.7	19.9	40.9	32.7	28	25.4	32.9	35.1	37.3	45.1	56.3	60.7	57.2	43.8	28.4	21.2	20.7	23	34.7	44.7	59.8	64	53.8	54.5	59.4	61.3	85.5	75.3	60.5	71.7	94.8	85.4	67.4	35.4	21.1	56.8	56.8	33.4	10.9	12.8	9.23	6.61	11.8	15.2	5.55	8.3	10.3	5.68	2.77	2.81	5.95	5.37	6.12	5.95	5.39	5.26	4.97	4.54	4.43	3.93	3.41	3.16	2.47	1.24	0.63	0.466	0.217	0.0942	0.0286	0.0203	0	0	0	0.00701	0	0.61	0.0545	0.0492	0.0366	0.958	1.45	2.02	0	0	0	0.00537	0.389	0.204	0.0267	0.0586	0.812	0.369	0	0.691	0.74	0	0.00305	0	0.00832	0.993	1.24	0.221	0.602	0.853	1.51	2.38	2.74
3.69	4.44	5.06	3.95	5.13	4.77	4.55	4.37	6.35	9.64	7.03	9.3	10.3	11.3	13.8	21	28.6	44.2	54.4	21	23.7	30.3	36.7	48.6	52.7	46.6	39.2	27	19.7	17.9	21.3	27.6	33.6	42.3	52	50.8	59.7	57	56.7	72.9	70.3	83	93	74	64.5	67.6	56.4	11.2	11.1	12.7	8.96	12	10.2	6.69	5.33	9.55	6.14	11.7	20.5	26	24.4	7.17	2.6	6.23	5.7	6.31	5.05	5.37	5.14	4.79	4.32	4.15	3.62	3.1	2.58	1.87	0.752	0.553	0.408	0.19	0.0828	0.0257	0.0186	0	0	0	0	0	0	0.0505	0.158	0.259	0.741	0	1.1	0.314	0	0.12	0.179	0	0.00457	0	0.184	1.96	0.26	0.0779	0.933	0.774	0.189	0.236	0.396	0.0211	1.25	2.15	1.73	0.34	0.997	1.41	2.23	2.55
2.7	3.08	5.47	5.71	7.28	6.49	7.33	9.18	5.41	8.83	10.2	7.23	9.93	9.5	9.81	11.4	15.8	30.1	50.1	39.1	18	19.9	24.4	35.6	38.2	39.4	37.6	28.2	20.2	20.6	23.5	22.7	26.1	34.4	49.4	53.1	53	51.4	47.7	72.6	82	116	120	109	80.3	60.5	62.5	39.9	33.7	34.9	9.86	6.75	10.6	14.5	12.1	8.99	6.15	11.2	19.9	25	17.2	8.35	3.62	6.31	5.69	5.21	4.83	5.29	4.8	4.1	3.65	3.46	3.21	2.48	2.06	0.804	0.599	0.437	0.322	0.149	0.0654	0.0208	0.0155	0	0	0.00954	0	0	0	0.00661	0.193	0.524	1.15	0.00796	0.308	0.128	0	0.693	0	0	0	0.509	1.34	0.871	0.817	0.424	0.635	0.572	1.18	1.59	0.314	0.918	1.39	1.23	0.0416	0.278	0.686	1.27	2.03	2.3
1.19	1.74	2.83	1.48	1.98	3.36	3.85	4.24	2.55	3.34	4.16	4.52	3.32	3.83	4.49	7	7.93	10.2	20.3	16.9	15.9	19.2	21.1	26.2	28.8	29.2	29.4	24	19.7	18.6	21.1	22.2	17.5	20.1	29.8	40.6	46.9	49.9	58	57.8	56.9	57.4	52.2	36.4	40.9	39.2	37.4	39.6	39.7	38.8	36.1	20.1	17.7	17.2	15.8	24.7	19.7	19.1	17.9	13.2	9.9	8.45	6.47	7.85	8.62	6.28	5.24	3.69	3.13	2.71	2.36	1.78	1.47	1.21	1.32	1.01	0.305	0.22	0.177	0.0628	0.0277	0.00914	0.00714	0.00238	0.00146	0.00189	0.00368	0.0229	0.0304	0.0331	0.162	0.139	0.208	0.106	0.0136	0.697	0.0446	0.241	0.00126	0.00453	0	0.0725	0.516	0.699	0	0.21	0.124	0.684	1.02	0.85	0.6	0.059	1.21	1.08	0	0.144	0.497	1	1.65	1.62
0.861	1.27	1.02	2.22	3.35	1.61	4.44	5.81	5.08	3.49	5.68	7.98	6.3	2.93	4.84	8.08	6.45	6.58	7.88	12.3	12.9	14.9	16.6	23	26	24.6	26.3	25.1	23.7	21.2	22.5	29.8	29.3	26.5	33.5	28.8	39.3	49.7	68.4	49.4	53.1	51.5	47.5	33.8	38.3	40.8	38.8	40	40.6	42.2	42.2	22	19.3	18.6	17.2	26.7	24.3	20.1	17.9	14.2	12.3	11.5	8.8	8.43	9.48	7.4	5.47	3.26	2.76	2.14	1.81	1.31	1.01	0.795	1.1	1.15	1.81	1.22	0.102	0.0395	0.0177	0.00629	0.00536	0.00204	0.00161	0.166	0.00515	0.0321	0.0426	0.998	0.0433	0.0781	1.05	0.929	0.019	1.12	0.6	0.0438	0.555	0	0	0	0	0.243	0.00313	0.142	0.377	1.79	0.586	0.466	0.43	0.545	0.788	0.0132	1.58	0.122	0.428	0.892	1.5	1.43
0.758	0.634	0.657	1.36	4.1	1.42	0.915	4.01	2.13	5.14	8.02	9.57	5.82	2.62	3.64	4.89	4.9	4.52	5.5	8.27	18.4	15.7	12.9	17.7	20.3	19.2	20.6	21.3	18.3	19.1	19.9	38.7	35.7	18.6	24.5	26	33.5	39.1	46	42.1	42.6	40.8	38.4	32.8	35.7	39.4	40.2	43.9	45.9	48.6	45.7	24.9	24	21.6	18.2	26.2	28.8	21.1	17.3	13.1	11.1	7.57	8.06	16.4	14.1	11.2	7.19	4.4	2.83	1.85	1.52	1.04	0.739	0.535	0.436	0.178	1.25	0.0871	1.83	1.58	0.0138	0.00919	0.0128	0.00757	0.00922	0.0128	1.9	0.0988	0.121	0.129	0.22	0.0895	0.205	0.439	1.65	0.233	0.0206	0.00848	0.00611	0	0	0	0	0.0108	0.00339	0.127	0.523	0.538	0	0	0	0	0	0	0.371	0.0325	1.12	0.764	1.33	1.26
1.3	1.18	0.515	0.607	0.547	0.546	0.682	4.81	2.22	8.16	10.4	17.3	3.68	2.02	2.38	4.08	4.81	4.24	4.61	6.89	16	19.8	10.8	13.5	16.3	15.7	14.5	12.9	12.9	18.2	18.6	29.4	19.9	16.6	23.3	26	28.3	37	39.2	39.8	48.2	45.5	43.9	39.2	40.2	40.9	40.7	48.4	45.6	46.3	46.6	35.2	31.6	25.7	20	27.1	30.2	30	22.7	14	9.56	9.82	8.3	16.7	16.7	13.3	11	6.84	5.02	5.24	2.53	0.983	0.645	0.548	0.349	0.141	0.0969	1.29	4.08	3.5	0.0162	0.0178	0.0294	0.019	0.0243	0.0323	0.357	0.223	0.266	0.282	0.269	0.197	0.188	0.259	0.135	0.061	0.0334	0.0197	0.0143	0	0.61	0	0.548	0.762	0.0312	0	0.547	0.266	0	0	0.471	0.581	0	0	0	0.00329	0.209	0.605	1.13	1.1
0.383	1.15	3.85	7.04	0.453	0.23	0.154	0.34	0.755	4.28	5.07	7.47	1.66	2.34	1.38	1.24	1.61	2.22	2.63	2.87	3.75	10	8.31	5.64	7.33	8.81	7.84	11.8	17.4	23	20.2	27.7	25.2	20.1	52.5	33.4	28.4	30.8	35.1	39.1	51.3	59.1	53	49.1	58.4	53.6	59.3	61.8	57.7	58.7	57	62.7	62.5	55	40.6	31.5	34.7	31.2	37.6	24.6	16.2	13.6	12.4	16	15.2	13.4	11.2	7.6	6.01	5	2.61	2.75	2.65	1.88	0.12	0.0174	0.0115	0.52	0.984	1.29	0.55	0.024	0.0417	0.119	0.154	0.202	0.261	0.699	0.817	0.862	0.823	0.756	0.722	1.01	0.73	0.223	0.133	0.0792	0.0615	0.143	0.318	0.464	1.27	0.748	0.279	0	0	0	0.183	0.139	0	0	0	0.00691	0	0	0.0269	0.314	0.71	0.893
0.0483	0.0444	0.276	0.658	0.603	3.17	0.439	0.0595	0.244	0.904	7.28	2.37	1.49	3.66	1.71	0.593	0.872	1.42	1.65	1.84	2.21	2.9	6.21	9.33	4.6	4.64	5.12	8.94	13.6	14.5	16.9	38.2	31.2	29	26	37	31.4	37.2	36	38.6	47.6	51.4	59.3	55.5	54.3	69.3	77.5	69.8	63.4	65.5	65.4	72.6	72	62.8	52	41	37.3	32	44.1	39.2	23.2	13.2	13	15.8	11.2	9.86	7.35	4.08	5.07	4.64	2.71	4.01	1.83	0.104	0.0811	0.0113	0.00691	0.00487	0.954	4.09	1.39	0.0318	0.0569	0.163	0.212	0.276	0.355	0.932	1.1	1.16	1.99	2.24	0.974	3.15	2.02	0.745	0.185	0.116	0.0781	0.578	0.11	0.0978	0.956	0.491	0.635	0	0	0	0.0889	0.0793	0	0	0	0	0	0	0	0.161	0.518	0.708
0.0321	0.0281	0.0242	0.0483	0.0385	0.484	2.69	1.85	0.13	0.451	1.16	2.38	1.14	6.34	2.99	0.41	0.827	0.589	1.18	1.91	1.74	1.67	3.44	11.6	4.08	3.34	3.58	6.54	9.19	12.3	16.5	50.4	52.2	56.3	29.1	27.7	34.7	54.8	50.7	41.8	47.8	45.1	60.1	55.8	57.4	60.7	72.8	77.7	79.8	80.7	69	72.5	72.5	65.1	60.4	45	45.4	39.6	41.4	34	26.4	16.8	12	11.3	9.05	7.54	5.68	3.47	4.55	5.86	5.75	3.06	1.79	1.65	0.134	0.025	0.0241	0.0233	0.0225	1.33	3.43	1.36	0.978	0.302	0.346	0.424	0.536	1.33	2.06	1.61	1.55	1.44	1.39	1.48	2.32	2.3	0.297	0.867	0.914	1.29	0.319	0.656	0.717	0.00322	0.195	0.111	0.184	0	0	0	0.248	0	0.0335	0	0.00661	0.435	0	0.0282	0.354	0.554
0.032	0.0509	0.0201	0.0386	0.0371	0.0228	0.363	1.63	0.446	0.329	0.401	0.361	1.41	6.9	4.58	1.09	0.828	0.473	2.64	2.09	1.56	1.47	1.73	1.73	2.82	20.6	2.89	2.7	43.8	28.9	10.3	20	46.2	66.2	51.8	52.7	47.7	61.2	68	58.6	51.6	44.5	49.5	48.2	55.8	73.7	75.8	84.7	88.3	93.5	81.7	80.7	77.5	76.8	59.1	52.8	53.7	52.8	47	41.6	36.9	24.4	14.9	13.5	12.5	9.28	9.22	4.27	4.05	5.95	7.92	9.33	4.11	2.35	0.955	2.04	2.09	0.0632	0.0591	0.703	1.42	1.1	0.211	0.486	0.676	0.642	1.45	1.9	2.1	2.21	2.15	2.01	1.96	1.78	1.45	0.903	0.483	1.09	0.949	0.056	0.636	0.00328	0.683	0.723	0.551	0.843	0.701	0	0	0.00673	0	0	0	0	0.0966	0	0.0132	0	0.223	0.42
0.03	0	0	0	0	0	0.00842	0.03	0.152	2.2	1.72	0.235	0.319	1.13	1.87	1.59	1.21	0.499	0.962	1.69	1	0.802	1.07	1.43	1.26	3.49	1.06	0.792	6.63	24	5.37	5.47	13.9	28.3	60.8	63.4	64.7	58.6	61.7	70.1	59.2	56.3	57.9	46.3	52.3	53.5	70.3	66.2	58.8	76.2	75.4	72.8	67.6	62.9	54.7	54.1	51.8	53.5	42.1	31.2	31.2	25.9	19.7	21.6	14.7	10.1	20.3	10.1	8.23	8.48	7.75	9.07	2.71	0.498	2.42	0.167	0.184	0.186	0.173	0.136	2.59	0.128	0.145	2.11	0.35	0.344	3.41	1.84	1.96	2.04	2	2.77	2.71	2.48	2.05	1.3	0.941	0.671	0.496	0.0705	0.0286	0.00675	0.627	0.802	0.361	0.899	0.741	0.206	0	0	0	0	0	0	0	0	0.0109	0	0.0653	0.325
0	0	0	0.0186	0	0	0	0.0166	0.0186	0.0535	3.87	0.558	0.109	0.149	0.174	0.593	0.938	0.406	0.232	0.765	0.963	0.442	0.682	1.32	0.545	0.649	0.736	0.884	3.38	6	7.86	7.47	53.3	13.9	30.4	51.8	62.1	72.3	77.1	81.9	71.6	66	61.9	49.9	47.7	48.4	50.6	45.8	40.7	53.1	44.5	40.9	53.2	53.2	55.7	52.4	53.7	53.4	44.7	37.2	32.2	26.9	22.9	22.9	12.3	5.78	8.58	12.6	12.9	5.98	1.76	2.74	4.38	3.11	3.61	3.68	3.59	3.63	1.83	4.32	5.38	6.28	6.66	0.33	0.359	1.01	8.09	2.15	2.37	2.44	2.41	5.97	6.4	5.14	2.53	2.54	1.2	0.867	0.636	0.0917	0.0374	0.00898	0.543	0.235	0.00435	1.16	1.16	0.227	0	0	0	0	0	0.00506	0.00578	0	0.122	0	0	0.169
0	0.03	0	0	0	0	0	0.00959	0.013	0.0164	2.1	1.01	0.247	0.0391	0.0437	0.937	0.676	1.11	0.184	0.269	0.439	0.579	0.373	1.17	1.06	0.295	0.471	1.52	1.26	0.816	1.51	11.8	44.9	6.8	16.8	34.8	52.7	60.6	70.2	86.9	79.3	73	76.5	55.2	49.8	49.3	49.4	39.4	34.5	33.5	32.6	29.3	35	44.4	42.5	46.4	49.8	51.6	45.3	38.9	33.5	29.1	23.6	24.6	16.1	7.27	7.34	8.02	17.8	5.29	6.15	12.4	14.7	8.69	9.92	4.43	9.77	2.24	3.88	7.35	2.83	10.5	11.1	6.16	0.468	0.455	5.9	4.81	3.48	2.59	2.59	3.61	9.92	6.79	2.84	3.97	3.88	1.11	0.841	0.335	0.112	0.0281	0.0208	0	0.546	0.463	0.685	0.529	0.238	0	0	0	0	0	0	0.00685	0	0	0	0.0303
0.12	0.18	0.27	0.0557	0	0	0	0.0091	0.0116	0.0153	0.0271	0.0763	0.0128	0.555	0.0194	0.03	0.612	0.523	0.548	0.451	0.72	0.395	0.238	0.228	3.33	0.596	0.885	0.945	0.759	0.773	0.858	4.16	7.93	6.61	6.6	14.8	28	45.2	49.9	78.2	61.4	60	61.9	57.2	66.2	61.1	50.6	38.8	32.1	29.4	28.7	20.9	20.9	30.8	31.6	32.4	37.7	45.7	40.9	36.1	34.6	32.4	34.5	35.2	25.6	16.1	10.4	8.22	9.48	7.3	13.8	24.3	18.8	14.2	10.1	4.43	8.62	2.98	2.87	10.1	21.2	24.1	12.8	8.6	3.18	0.488	0.513	5.26	7.07	2.52	2.53	5.39	3.66	3.39	3	6.09	4.19	1.41	1.1	0.237	1.14	0.305	0.0479	0	0	0	0	0.81	0.355	0	0.349	0	0	0	0	0	0	0	0	1.41
