77.6	75.8	95.8	96.2	114	94.5	80.2	68	60.7	73.8	81.9	71.7	111	101	110	68.1	67.2	80.9	78.7	71.7	76.3	84.5	76.8	79.3	128	128	111	90.3	82.1	73.3	59	39	17.7	25.4	20.3	14.9	30.8	41.2	50.7	67.1	67.4	65.7	55.8	39.6	63.7	47.8	57.5	29.9	23	13.4	12.1	8.45	7.46	3.49	3.88	13.6	16.6	29.3	59	84.3	39.1	57.5	46.1	45.6	31.4	34.3	47.1	39.5	39	52	46.3	52.1	57.6	65.4	51.2	59.7	59.9	76	88	89	80.5	90.6	95.6	74.8	61.7	83.9	66.3	26.7	24.8	27.8	22	14.5	28.3	36.3	40.8	29	26.1	18.5	15.6	13.7	13.6	16.6	15.7	17.3	16.2	27.4	32.5	33.2	29.6	20.9	18.5	24.4	36.2	47.6	67.9	70.9	57.8	42.7	28.9	29.3
84.7	86.9	98.1	91.1	113	92.7	86.6	72.9	70.8	71.1	86.4	111	165	144	113	133	121	98	94	77.4	76.9	82.3	94.7	103	160	153	156	99.2	122	68.8	54.2	23.8	19	17	20.6	29.1	40.7	63.4	51	59.3	72.4	69.7	51.1	32.7	44.9	49.1	43.8	26.4	15.7	15.1	9.36	4.13	4.4	9.01	12.9	1.24	1.42	5.25	21.2	17.7	23.9	29.5	47.2	39.2	24	51.3	137	88.6	79.6	81.8	111	85.9	83.2	76.8	71.9	86.4	88.3	90.9	97.9	107	108	95.1	98.4	91.5	98.1	89.2	86.2	91.8	97	117	114	12.8	11.8	22.9	31.6	26.6	14.3	10.9	14.6	21.7	16.7	19.2	25.2	26.1	27.1	26.3	38.7	46.1	51.5	38.6	26.6	46.7	53.4	62.8	57.2	60.8	57.6	57.4	57.4	55.6
104	114	112	91.3	108	119	150	133	95.2	136	142	145	171	139	136	143	129	109	106	107	110	113	120	132	160	198	150	130	165	80	61	60.1	72.7	52.3	49.5	47.1	56.2	80.1	68.2	36.5	39.7	81.7	65.2	54.7	55.2	43.3	42.9	27.5	15.1	12.3	5.18	6.35	4.37	7.89	11.2	1.18	1.34	6.67	16.5	28.7	39.3	75.1	56.2	91.8	66.6	23.7	71.3	99.1	116	108	123	104	106	82.1	85.2	94.6	103	109	122	122	120	120	121	107	121	98.8	101	103	105	113	120	15.8	17.7	32.9	29.2	29.7	23.6	15.6	17.9	24.4	17.5	16.4	24.1	29.7	33	35	52.9	57.7	42.8	41.4	44.1	55.8	81	75	55.7	49.3	59.8	54.2	61	46.5
110	105	135	114	93.9	115	113	95.9	106	211	165	158	144	121	125	130	125	126	127	134	133	100	92.3	101	161	157	135	188	195	132	102	99.8	139	106	64.7	56	53	64.9	61.2	45.7	76.4	129	92.2	57.9	66.5	36.1	35.6	21.1	8.8	23.7	27.1	13.5	13.1	7.65	3.61	1.28	10.8	37.5	22.1	55.5	60.8	62.4	50.5	116	118	62.6	59.8	104	115	138	202	156	127	107	118	134	154	165	141	135	136	137	146	137	131	128	132	130	118	114	120	24.9	23.8	40.1	40.4	26.2	25.4	33.2	23.8	32.2	17.3	16.2	14.3	33.5	32.5	52.8	61.9	61	60.9	71	70	65.4	69	62.8	64.3	61.8	64.7	71.9	79	57.7
128	123	216	145	146	97.1	101	96.7	111	142	152	142	132	109	112	134	131	127	144	148	130	124	99.7	110	110	159	130	216	181	137	128	162	188	134	118	70	56	64.5	61.8	76.1	134	148	139	74.4	55	59.2	40.7	19.8	31.1	42	22.6	19.9	8.51	4.04	4.22	1.35	1.37	27.8	25.7	65.5	39.9	45.6	85.5	89.4	66.5	66	99.2	178	217	236	253	170	147	142	149	160	174	157	144	155	153	150	166	173	155	189	180	165	139	135	128	36.5	37.5	61.6	81.1	47.5	43	54.1	38.8	28.4	26.9	28.3	33	53.4	63.3	57.1	59.2	70.5	72.4	72.8	87.2	95.7	92.7	67.2	81.4	72.4	89.8	88.5	94.2	89.4
124	131	130	116	94	101	115	112	119	106	129	132	133	126	109	185	176	148	162	115	80.1	100	99.3	95.2	113	145	143	190	210	174	137	159	118	99.3	102	60.6	56.1	55.9	69.3	100	98.4	115	126	77	56.9	45.1	22.8	23	23.1	23	14.1	13.1	10.8	10.9	10.9	7.06	7.09	14	30.7	27.9	24.3	18.1	56.3	104	75.9	91.9	170	164	182	154	178	134	123	132	151	160	157	143	158	174	150	154	180	213	191	184	204	202	161	150	137	50.9	75.8	87.6	57.8	44.5	50.8	55.4	40.1	32.1	45	52.8	54.5	61.2	62.1	59.5	69.5	99	82	81.6	112	89.7	76.4	69.2	106	121	107	128	127	105
123	132	146	155	115	105	109	108	126	121	127	132	131	138	130	167	128	135	124	105	84.6	165	186	156	133	113	114	191	190	188	120	136	145	123	100	118	88.1	82.8	126	142	65.6	61.8	45.1	36.1	33.8	29.1	15.9	18.4	16.6	14.8	14.1	14	13	12.8	13.2	9.68	7.46	12.7	26.7	28.7	35.8	50.3	79.4	103	105	137	133	168	166	171	169	135	131	138	149	151	191	163	150	180	179	201	189	188	170	198	227	215	198	175	151	110	108	92	82.7	58	55.6	53.8	34.3	33.5	50.3	58.3	60.5	75.3	74.7	86.5	86	105	92.3	122	108	84.5	92.6	113	142	154	181	197	183	138
128	151	175	135	102	111	96.3	140	145	131	143	149	130	140	126	133	110	109	93.6	109	139	222	288	200	150	115	132	166	199	140	144	162	150	130	87.5	105	98.3	131	122	144	93.7	60.4	29.4	24.6	29.1	26.1	19.3	20.2	21.6	21.1	17.3	17.2	17.6	15.2	16.1	11.6	14.2	17	25.1	30.3	59.6	97.3	140	110	128	124	105	127	140	146	155	147	149	165	153	176	221	181	185	225	178	181	168	181	171	205	252	255	226	214	165	113	99.1	125	141	98.4	98.4	82	82.7	68.2	94.1	87	83.7	99.3	107	86.8	85.1	89.6	95.6	97.1	126	146	176	200	205	210	241	207	208	177
143	154	171	170	121	110	90.5	101	178	162	151	182	161	185	174	139	125	101	122	226	208	207	217	244	180	143	188	168	220	184	196	175	213	169	126	134	122	120	105	84.2	80.1	49.9	39.6	32.4	27.8	27	23.5	20.8	22.9	22.9	23.3	21.2	19.6	17.5	20	23.3	32.7	30.1	47.5	81.9	82.8	95	125	115	127	159	119	127	124	144	142	156	155	158	165	174	199	238	215	203	185	173	171	213	217	199	222	256	261	259	203	111	122	172	205	155	118	117	108	99.6	106	119	92.8	89.5	126	108	85.4	103	124	123	189	217	265	262	251	219	231	202	209	170
154	163	200	122	91.3	79	99.8	113	152	125	132	163	210	266	241	184	168	143	122	161	187	278	300	237	149	143	127	146	201	242	183	223	335	265	191	226	155	101	81.4	63.1	58.9	60.8	52.6	47	31	31.2	31.7	22.8	26.5	28.7	30.4	26.8	22.7	22.8	23.9	28.7	23.9	28.1	54.4	95.4	71.3	82.7	68.3	98.3	123	126	117	116	112	116	121	141	135	141	140	168	193	185	170	194	163	159	152	173	196	186	192	235	266	281	194	126	165	191	217	165	140	143	116	93.7	98.7	104	101	130	143	131	112	122	124	148	167	175	203	220	216	214	214	227	252	215
181	187	171	146	122	127	113	167	155	151	130	161	173	238	240	227	189	211	213	265	181	293	313	188	151	162	153	188	185	207	193	246	286	325	294	282	219	106	79.9	83.1	54.1	65.4	57.6	52.2	50.1	44.3	48.6	28.3	28.6	30.7	36.1	41.3	37	30.3	31	26.2	29.6	42.5	45.8	67.6	82.8	97.4	105	106	124	118	119	124	121	137	132	146	142	155	165	190	193	159	146	218	188	162	131	126	162	183	215	319	368	283	239	197	186	179	188	177	173	191	169	136	139	135	126	113	114	142	163	156	169	177	191	207	229	238	237	263	285	280	328	277
194	235	202	201	226	136	136	182	167	130	135	162	158	285	240	232	227	216	253	215	193	242	218	199	201	170	156	226	197	172	188	252	301	392	307	215	147	89.8	104	105	69	65.3	66.8	65.9	61.4	42.3	40.4	33.9	34.6	42.4	45.1	46.7	42.3	45.8	43.8	37.1	40.6	61.8	81.1	110	125	124	106	118	151	137	162	166	164	179	146	146	143	170	184	191	186	179	146	163	169	174	155	154	175	208	243	336	432	356	282	229	201	254	209	251	239	259	218	187	175	191	190	143	147	175	212	266	263	227	254	314	320	335	308	326	328	315	331	300
167	195	203	241	163	131	144	135	131	101	129	173	185	214	306	240	208	173	212	254	225	255	205	204	219	203	270	258	225	167	137	203	270	253	242	178	124	116	129	122	117	85	92.8	83.7	88.1	56.5	36.3	40.4	35.8	51.7	47.5	50	51	48.9	55.3	50.8	46	57.6	90.6	119	195	143	103	125	178	187	185	186	174	202	185	190	176	203	179	176	190	150	144	189	184	189	166	164	178	227	228	290	413	393	398	294	286	287	217	200	245	266	275	249	230	244	242	229	239	254	264	307	300	300	304	317	354	392	375	349	336	328	314	303
150	169	171	231	162	124	132	186	115	93.7	173	182	183	249	289	272	270	317	256	239	283	259	179	165	205	205	196	206	223	176	147	218	288	229	182	140	114	104	102	115	96.1	82.7	76	89.1	93.5	58.4	49.4	51.1	41.9	48.8	43.6	51	67.9	52.4	47.1	34.3	43.1	57.2	61.6	154	212	164	133	122	156	187	181	170	166	165	199	210	169	156	141	139	162	145	136	193	171	148	136	168	160	189	228	314	411	428	365	332	241	335	212	251	239	312	327	307	285	316	339	303	369	404	376	363	332	307	304	310	350	435	397	343	315	303	309	268
125	131	177	250	151	127	138	259	169	118	158	217	247	228	240	254	321	348	309	307	230	247	229	191	205	178	161	192	194	200	196	258	232	190	186	153	130	97.8	97	99.2	105	122	96.5	108	84.4	55.2	59.2	54.7	46.3	46	45.6	41.8	43.8	38	37.1	33.4	52.2	49.4	53.9	125	164	196	169	144	171	188	183	157	159	156	182	179	181	161	152	188	190	150	177	260	205	167	190	228	204	256	282	332	360	374	358	356	297	321	235	222	198	298	291	293	287	284	337	375	390	435	417	397	370	373	362	334	363	376	375	390	381	351	327	279
133	149	152	181	141	127	97.9	222	232	227	199	290	289	279	289	269	275	267	343	286	267	325	264	217	214	202	179	241	277	238	235	278	254	221	193	185	190	126	64.5	64.2	85.9	117	96.3	106	68.5	63.1	63.5	60	51.1	53.8	46.2	53	41.4	36.1	38.7	36.8	54.4	61.9	67.8	118	152	172	163	173	182	207	206	183	183	171	174	162	187	172	163	201	193	188	179	230	226	174	216	230	196	200	287	323	330	341	319	354	321	288	378	232	229	280	309	343	335	301	377	407	420	471	483	440	505	458	403	374	476	401	540	524	495	467	337	260
147	188	205	167	134	185	127	119	151	191	195	385	361	266	262	269	275	273	317	249	238	274	258	229	196	179	199	257	309	227	238	263	232	218	217	253	233	215	118	93	89	83.1	84.7	108	88.7	81	93.4	77	67.2	65.8	57	54.5	53.1	42.9	39.6	49.7	48.9	60.3	87.2	112	136	142	184	176	212	240	222	211	200	170	160	189	216	230	213	211	237	195	185	196	214	208	213	171	155	198	284	304	293	302	302	322	279	311	429	282	254	400	407	370	340	334	419	440	436	446	528	535	472	441	425	433	446	439	471	547	552	441	388	309
201	254	295	226	141	168	150	160	169	206	225	330	324	318	281	308	304	284	318	233	243	255	234	210	202	225	225	222	254	240	223	247	205	174	216	269	278	237	123	160	152	139	129	137	126	125	126	87.3	82.8	80.5	66.4	54	41.7	35.4	42.9	43.2	52.8	79.2	103	130	149	127	171	170	196	269	238	249	167	127	123	144	142	159	158	190	169	199	177	178	205	168	157	161	148	192	204	207	244	270	265	248	266	259	381	411	342	462	539	447	447	423	471	455	496	518	549	531	491	458	417	398	504	501	517	457	463	390	370	315
202	237	332	263	199	189	186	211	215	228	284	382	359	342	347	341	246	266	257	238	234	257	249	179	189	233	234	277	367	342	247	254	213	168	152	264	299	225	178	196	179	159	149	161	145	150	130	110	109	153	107	68.4	50.1	39.9	49.8	80.2	82.8	89.8	101	134	167	162	150	164	174	202	221	183	154	131	127	164	197	153	157	207	178	165	251	258	257	297	276	185	151	175	193	195	214	218	226	289	324	271	386	478	498	481	564	483	444	459	500	466	487	510	548	488	480	474	462	481	480	501	479	416	393	410	407	351
225	235	258	275	195	188	204	251	280	276	320	328	377	387	267	275	271	346	301	274	251	260	253	189	186	241	217	250	307	279	247	274	266	205	179	309	360	344	220	202	195	183	171	176	177	160	162	131	135	137	121	92.4	83.3	82.7	70.7	99.6	120	126	107	145	215	210	202	164	179	175	183	194	177	186	133	148	180	155	176	198	187	165	198	281	221	309	300	208	178	189	220	245	198	193	171	270	339	370	440	497	531	528	539	428	426	447	472	386	442	424	426	434	383	366	385	480	582	492	441	386	394	416	443	422
260	239	215	239	200	155	154	264	254	348	256	324	353	321	302	302	282	328	323	279	309	294	278	233	193	245	223	224	244	252	245	271	279	254	304	318	304	268	300	278	270	228	204	201	191	187	169	167	157	131	135	135	134	160	116	149	172	162	154	201	199	234	246	217	229	196	179	238	227	218	154	175	203	169	190	184	194	211	191	201	227	247	158	175	179	200	200	245	194	162	167	238	234	348	388	475	513	527	538	364	383	403	430	413	428	372	367	312	327	372	349	466	419	418	479	458	483	434	432	406
298	279	341	294	265	170	164	166	157	178	264	306	254	258	295	270	271	263	288	299	312	316	278	278	239	205	217	220	243	254	259	320	330	315	364	330	296	247	320	289	264	224	206	173	171	164	191	202	181	172	154	161	182	192	231	211	190	215	196	248	220	251	294	312	305	235	212	283	274	273	247	248	248	232	226	210	177	214	188	259	264	226	169	208	227	214	207	194	155	122	115	252	312	388	463	498	508	548	559	523	557	561	575	558	549	483	462	380	407	425	431	374	332	339	365	388	406	426	384	376
358	368	408	347	312	244	205	169	148	172	250	267	283	238	209	258	287	261	297	296	325	295	258	229	256	200	210	228	225	241	247	291	310	302	275	291	324	292	270	301	315	275	247	210	191	194	205	209	261	251	219	232	223	222	189	178	181	229	303	293	353	340	351	367	323	256	273	367	356	295	317	316	245	234	229	203	176	217	212	217	258	230	187	231	233	238	182	188	152	173	170	257	395	452	441	482	542	530	552	562	605	614	571	587	575	470	457	392	387	416	501	358	360	339	331	378	390	331	371	322
331	338	366	359	334	288	279	201	185	279	222	242	283	207	181	245	266	250	319	306	323	296	242	225	240	236	253	299	271	273	281	282	307	329	277	319	363	393	293	280	252	240	249	215	198	201	258	281	214	238	238	291	326	470	278	173	194	296	355	401	504	467	549	403	360	361	357	395	514	467	391	348	289	255	223	226	172	165	197	202	215	191	187	194	245	246	185	143	150	202	239	318	445	418	391	427	418	435	477	568	738	626	597	577	596	561	526	437	424	475	425	406	351	304	292	306	287	306	341	268
375	299	288	296	264	301	324	293	246	280	247	273	287	274	256	248	243	239	277	274	275	285	252	215	242	261	268	234	269	319	331	286	271	286	276	301	379	348	304	313	214	198	217	208	194	208	285	275	249	254	236	232	307	433	442	254	340	455	495	551	544	571	542	448	424	410	417	458	505	453	357	338	267	258	266	220	182	147	164	210	200	191	167	181	224	240	222	146	139	220	243	387	449	427	354	424	425	453	475	578	675	598	596	565	576	582	586	582	480	460	467	443	304	264	262	238	246	257	260	230
305	232	253	261	260	258	288	291	303	263	315	248	230	209	215	251	319	257	245	259	257	272	286	267	243	229	247	253	271	312	315	270	246	301	312	264	306	278	284	308	227	208	198	179	164	176	217	285	315	240	249	281	327	398	413	444	418	442	567	682	650	690	486	469	459	494	506	494	538	497	391	297	277	307	270	250	221	201	229	268	237	227	206	165	193	184	175	133	149	210	268	303	385	399	477	431	461	430	457	490	499	548	518	500	499	494	516	476	476	467	430	411	393	304	296	301	289	283	291	212
328	301	351	319	250	231	222	255	295	275	266	222	183	172	197	255	297	303	210	262	269	251	249	254	236	214	256	257	278	316	339	284	261	299	306	237	312	319	338	304	243	210	218	201	176	175	225	348	379	246	232	279	366	335	476	503	477	453	575	616	527	488	436	406	450	499	481	472	484	435	410	307	293	290	258	273	277	242	237	265	291	272	193	148	167	233	212	206	288	265	277	324	383	431	424	427	476	523	540	475	492	508	505	530	539	517	492	466	458	449	453	451	360	327	324	307	278	280	281	197
358	332	316	319	282	257	252	232	220	232	266	185	153	186	195	240	260	237	180	235	227	234	267	255	229	229	226	239	251	291	353	306	243	289	283	249	298	301	383	294	270	256	206	205	212	232	269	311	308	277	292	347	290	321	384	355	438	414	474	539	530	523	498	406	431	429	416	428	397	317	312	281	274	277	259	277	274	240	227	233	220	231	187	158	154	141	195	268	277	288	280	307	376	447	435	449	479	546	553	481	465	514	512	472	498	481	458	427	427	452	436	430	370	355	340	353	294	258	252	191
318	323	355	351	358	342	308	276	223	251	242	214	201	208	223	232	267	263	222	254	233	262	268	264	216	210	236	244	257	299	308	291	243	271	231	240	256	271	260	275	291	305	211	240	308	259	277	238	224	237	268	325	275	288	303	320	311	353	395	383	438	445	357	374	344	333	342	371	383	332	318	283	276	243	240	231	213	224	213	240	226	230	193	142	166	168	213	256	245	346	344	316	366	432	526	455	477	489	489	504	498	502	490	475	467	434	460	430	412	425	401	388	342	329	317	338	349	329	311	311
320	338	367	364	365	347	331	306	262	250	238	263	276	265	286	258	271	253	257	273	312	320	259	276	229	206	199	247	326	334	313	261	264	295	279	277	283	314	296	284	259	264	251	268	279	259	259	269	273	278	291	325	297	299	302	308	334	391	425	390	379	320	339	333	340	351	336	347	343	323	346	299	313	257	208	199	197	202	222	276	236	246	228	181	196	181	227	290	240	315	384	365	375	454	509	457	456	465	462	482	481	477	465	468	443	393	403	370	385	357	360	330	310	294	297	295	338	319	334	260
319	344	374	393	414	387	315	275	257	247	283	318	269	255	263	294	323	314	311	379	342	284	278	216	194	176	182	209	248	292	302	281	296	303	338	324	318	301	345	302	273	259	240	234	244	251	273	340	316	292	333	416	366	318	319	347	352	366	387	345	300	261	278	326	389	314	308	323	308	297	309	273	256	237	206	203	212	208	209	270	257	269	261	222	223	242	286	383	347	337	397	390	408	460	563	473	471	457	464	454	477	484	481	500	471	469	414	368	375	346	313	321	302	303	293	305	354	372	312	255
311	316	344	395	420	409	353	353	308	275	297	332	263	266	271	289	343	349	332	337	335	302	263	232	234	186	199	207	234	269	312	307	349	363	366	352	396	322	333	282	268	256	249	247	262	260	252	324	354	333	369	447	434	387	296	302	341	357	361	366	319	333	367	375	355	357	329	295	298	274	287	247	228	219	224	205	218	236	233	248	264	282	272	229	265	292	387	482	446	415	447	462	485	504	624	506	461	450	458	461	472	480	455	486	482	419	395	369	365	350	328	354	326	317	303	305	345	374	367	304
300	298	320	374	412	405	375	342	362	302	285	350	297	293	332	296	322	301	276	295	284	304	205	233	256	239	242	224	250	255	326	328	366	398	407	339	354	322	287	314	262	293	272	270	333	305	246	320	366	344	363	479	442	370	266	301	305	328	353	389	322	305	328	288	308	329	302	295	293	244	244	249	251	206	189	189	237	256	241	283	271	282	284	252	276	267	338	394	341	393	444	449	475	556	614	476	451	452	460	468	476	492	465	434	418	365	342	332	320	391	395	390	375	375	344	341	322	362	365	343
297	295	298	351	355	358	341	374	363	326	326	396	346	294	304	287	284	293	277	267	275	268	253	190	207	221	236	255	269	246	314	309	367	404	456	323	329	341	340	276	276	288	284	274	306	326	261	279	316	299	286	331	289	235	203	265	336	314	345	419	329	275	296	279	298	318	298	285	305	258	233	291	269	239	214	255	273	257	250	280	320	301	298	291	283	266	281	336	348	408	423	439	462	524	566	472	473	469	474	442	470	477	433	331	321	348	261	306	290	323	377	387	383	387	389	383	349	337	348	326
328	288	288	289	328	327	325	370	339	310	313	335	344	341	337	307	266	259	268	272	269	331	288	222	241	272	352	310	283	302	294	302	304	388	435	350	353	370	362	290	257	280	261	259	233	253	273	278	267	256	271	292	239	231	220	309	395	318	267	265	240	237	230	285	372	320	307	280	318	226	210	276	255	233	289	363	304	286	250	276	300	327	326	295	297	340	326	322	329	355	392	456	467	499	522	477	477	472	475	438	468	463	397	310	378	452	302	292	315	393	387	430	405	432	413	399	366	344	345	314
318	276	267	290	323	371	349	379	363	310	301	294	345	340	337	278	249	259	272	272	304	288	302	303	298	322	335	297	312	338	326	319	296	310	356	359	353	379	342	260	251	261	261	272	225	222	251	245	229	257	248	300	270	261	269	287	298	251	274	260	211	277	317	278	355	355	297	263	270	260	239	262	265	235	271	322	292	282	260	311	310	338	324	278	278	377	349	355	320	314	342	427	468	480	475	416	406	473	476	473	469	461	429	344	371	367	290	304	353	412	386	429	403	408	409	374	368	361	356	330
304	282	254	278	301	337	322	329	322	348	334	272	271	315	316	252	235	250	258	270	286	283	297	335	341	327	325	357	398	359	350	317	320	314	330	307	328	327	327	282	240	236	253	257	228	226	218	207	239	243	262	259	230	255	242	258	290	224	255	274	283	302	328	306	296	409	313	265	242	287	275	278	246	220	260	323	271	266	253	317	337	371	366	298	318	323	348	398	379	396	392	391	445	451	458	404	390	469	468	431	456	453	410	368	395	370	313	298	338	404	435	440	398	377	397	377	369	388	390	336
321	272	255	291	314	351	380	399	372	367	389	296	269	295	298	235	258	251	268	325	284	305	304	346	392	345	362	314	411	401	395	369	355	301	329	312	291	333	337	282	249	235	261	271	266	237	217	227	253	281	271	242	219	222	211	242	238	293	272	334	370	277	273	298	303	263	240	220	248	277	277	306	305	279	305	409	358	309	294	352	415	432	402	315	363	327	371	435	414	434	425	367	396	394	430	368	359	401	422	406	398	435	367	334	388	373	335	345	325	374	437	450	432	414	422	372	386	387	385	336
293	272	255	288	314	343	362	387	357	336	308	258	266	318	270	253	264	263	283	297	349	328	336	443	375	422	471	319	364	400	385	375	453	371	344	333	270	277	334	320	269	266	275	291	259	235	217	263	248	264	270	273	240	215	222	237	213	246	287	309	322	313	265	325	303	228	192	199	212	263	253	287	348	328	348	394	430	456	343	392	387	448	455	362	383	329	361	359	343	357	345	398	407	389	427	372	368	354	392	400	415	410	391	411	382	313	299	311	322	368	429	439	450	451	422	398	417	409	435	436
300	293	266	275	300	330	341	396	383	326	319	287	289	313	301	281	302	294	290	288	293	320	315	389	345	394	458	340	344	339	356	353	350	329	384	330	277	283	306	279	305	297	297	283	253	237	269	282	266	270	301	260	211	238	243	214	207	239	289	335	346	334	280	284	383	258	225	203	230	271	290	327	335	398	363	398	409	479	371	459	460	481	505	450	421	367	377	384	390	374	381	393	398	398	422	386	388	375	392	402	408	429	419	430	382	335	310	332	309	408	415	384	397	431	410	412	475	437	423	431
284	268	308	291	295	338	349	342	372	381	317	287	319	344	342	291	289	284	291	261	268	302	295	346	418	350	342	312	310	261	300	350	301	301	329	300	284	264	268	285	327	289	284	280	260	274	277	316	300	260	252	245	211	189	241	257	243	298	299	372	330	303	300	312	278	235	230	245	255	287	340	344	314	344	374	459	390	340	318	476	477	496	513	404	409	378	399	366	309	336	323	339	355	384	381	396	403	440	446	400	403	410	408	407	319	296	295	313	301	318	378	393	410	442	416	426	435	442	429	418
378	362	421	332	320	341	350	328	330	335	299	260	304	297	315	319	310	339	331	297	295	285	267	301	327	293	271	244	270	253	250	278	252	251	289	313	278	235	214	266	330	273	281	295	309	292	286	285	311	278	286	228	212	209	185	254	270	333	324	334	310	293	317	299	274	201	181	260	301	311	261	285	295	354	358	430	370	310	341	403	440	437	459	341	442	454	436	328	281	274	279	260	315	318	314	341	381	403	468	435	395	401	386	378	312	316	281	318	349	368	374	428	438	433	431	427	424	381	344	319
395	390	424	318	307	356	361	344	383	314	286	265	296	290	304	327	328	366	365	360	337	288	258	246	277	320	314	268	294	265	283	279	273	303	306	303	315	290	262	274	295	274	297	303	330	303	329	267	263	309	265	286	252	213	223	272	263	275	278	360	307	282	293	282	366	274	215	225	256	212	187	236	261	269	300	401	421	379	384	369	357	399	428	430	494	420	392	276	277	292	304	293	356	359	316	315	339	377	451	384	349	369	359	336	288	273	223	272	258	322	385	417	383	338	345	388	390	292	279	288
381	386	347	295	319	369	383	387	360	336	356	334	317	308	320	319	337	367	370	367	388	301	253	217	262	273	301	191	192	246	268	300	358	336	366	360	319	287	261	327	309	251	280	286	282	249	275	257	254	264	312	276	294	286	317	269	287	375	321	370	305	242	327	247	308	349	318	285	236	227	180	225	261	294	300	337	319	365	361	332	355	446	478	368	368	298	308	250	256	247	270	336	421	410	348	301	341	348	392	391	423	413	379	332	232	243	243	247	244	326	353	417	398	317	296	340	370	292	269	245
329	315	296	281	282	354	396	392	328	357	388	376	350	317	325	344	356	402	401	383	361	301	265	228	239	242	196	157	154	172	202	264	303	374	453	413	342	301	320	300	312	316	272	279	278	256	266	237	277	286	260	239	239	302	349	422	399	363	310	400	418	266	239	231	321	266	292	312	258	243	212	278	304	302	282	337	298	284	306	396	342	378	371	271	305	281	219	216	224	228	252	329	344	366	322	295	331	328	334	344	413	439	371	296	249	260	248	302	308	324	382	412	353	339	301	314	338	308	250	228
229	191	193	265	279	288	351	315	290	347	395	364	324	352	360	414	434	534	460	471	398	312	293	249	165	223	221	188	201	219	218	267	248	272	315	418	350	304	337	332	274	270	288	314	299	258	275	259	236	216	232	235	214	285	366	537	372	343	278	335	354	249	222	252	314	288	221	227	251	348	356	379	389	368	309	271	264	237	231	302	262	271	274	231	231	178	147	151	184	191	232	304	275	287	250	227	260	303	309	324	363	396	331	288	288	286	303	317	305	325	338	343	347	323	295	258	252	221	252	171
217	157	186	270	285	273	285	282	284	317	331	283	321	329	352	378	430	473	410	487	472	385	358	332	268	282	254	193	268	271	223	236	252	248	280	340	372	294	305	258	290	365	358	373	385	290	323	301	265	221	212	210	233	292	249	308	411	309	245	336	274	211	245	231	292	288	262	312	346	385	312	372	376	442	290	308	239	244	243	295	320	309	278	197	210	204	203	194	262	258	255	239	262	279	264	236	240	252	266	337	359	334	299	294	304	360	341	306	291	301	310	336	350	313	271	272	254	196	163	139
170	146	209	208	243	284	270	271	294	327	338	329	330	348	320	320	406	466	462	436	411	393	362	348	286	306	293	256	264	241	202	205	207	244	306	348	353	331	329	343	337	407	390	342	389	324	446	364	270	326	232	228	235	261	242	220	259	263	258	317	290	196	254	289	263	327	353	342	397	298	273	363	364	361	246	263	278	321	307	426	330	296	291	233	199	209	199	236	279	271	278	247	250	288	268	221	237	262	290	311	334	327	312	315	337	360	304	300	308	291	279	295	306	281	267	257	232	197	144	122
169	163	220	204	228	275	250	292	306	356	311	303	300	314	319	306	357	427	499	481	421	311	297	245	300	269	311	260	217	193	203	214	214	221	286	304	304	344	377	445	337	362	402	344	311	283	402	416	402	318	266	249	246	257	232	225	295	297	343	371	291	208	218	248	217	214	297	306	334	255	267	372	402	419	381	312	300	329	335	323	296	272	264	242	222	218	214	244	239	240	327	310	304	302	272	256	274	280	326	348	410	340	305	301	333	355	310	291	297	309	272	299	305	251	206	220	223	208	148	111
139	139	147	193	252	234	229	260	275	307	324	328	324	329	341	335	330	364	383	457	477	343	338	342	421	405	286	221	223	210	180	199	237	246	277	297	298	310	329	365	334	351	345	303	288	302	389	423	381	355	269	249	287	327	270	227	324	353	399	459	372	200	160	192	229	181	177	262	259	294	275	314	407	552	439	420	362	301	343	329	234	247	268	306	200	231	215	223	198	175	213	262	312	296	235	261	310	352	338	315	324	322	311	349	349	354	345	286	257	263	237	255	240	222	187	226	212	214	173	124
122	128	148	194	231	213	195	255	287	317	348	351	329	334	335	363	327	306	367	384	449	391	343	382	449	331	294	228	225	172	174	202	234	258	255	285	298	322	324	351	334	357	366	343	263	320	352	426	419	331	290	269	284	336	265	253	259	272	277	365	326	279	223	275	272	327	183	169	202	262	308	320	389	520	427	445	510	381	412	332	294	300	271	296	299	220	243	280	217	141	147	198	208	250	230	257	291	322	301	295	310	296	287	327	314	323	309	285	262	222	227	249	202	225	205	226	236	255	191	128
132	148	195	207	185	191	199	249	273	314	338	352	316	336	349	362	351	345	392	424	486	488	396	355	410	346	334	296	224	195	183	229	279	271	256	279	298	309	368	350	373	431	386	321	281	333	331	337	315	332	327	242	331	404	347	260	298	273	290	307	397	345	334	427	292	306	183	210	274	233	248	253	356	384	442	441	454	431	430	384	461	361	326	313	396	379	248	304	221	241	237	235	212	253	264	298	287	309	279	272	268	267	284	308	318	357	292	307	297	250	226	240	204	260	209	258	218	279	194	148
152	157	223	232	208	242	265	273	285	323	362	382	325	320	330	389	399	340	363	380	438	522	478	429	465	381	386	305	313	235	216	238	283	259	236	292	354	376	411	363	408	366	370	333	296	328	324	280	286	247	314	290	302	316	313	293	336	390	323	320	353	310	378	442	316	295	185	232	305	246	262	382	388	258	304	481	446	520	379	411	445	449	388	302	401	577	345	240	335	321	263	272	269	259	348	366	320	280	260	278	298	319	322	326	342	351	331	282	306	258	233	244	273	283	208	229	211	196	172	142
137	147	174	268	218	310	280	276	335	329	407	352	291	335	376	392	342	319	317	347	391	485	421	403	377	355	313	319	428	314	359	292	300	298	272	311	385	366	347	356	359	370	339	331	333	322	319	285	262	243	268	251	316	311	277	358	365	376	365	349	369	381	404	247	313	263	246	204	239	268	232	347	396	316	353	434	434	394	336	419	498	491	509	372	407	314	212	244	230	271	320	286	233	256	290	347	313	281	244	268	316	364	324	324	362	334	297	273	269	254	213	247	246	235	180	217	204	185	167	161
139	128	145	191	212	227	328	271	330	314	328	378	348	331	355	328	308	343	289	323	370	419	443	417	413	339	305	263	248	310	360	318	291	278	278	300	353	366	373	400	358	338	326	328	369	336	323	235	243	280	284	229	215	237	303	324	378	387	307	333	305	314	355	261	294	256	301	328	251	271	326	380	471	440	401	447	408	428	392	402	421	430	484	308	305	327	252	222	220	245	296	290	250	289	280	310	311	276	276	288	301	333	324	328	345	324	287	274	250	231	221	270	231	232	170	192	187	159	155	162
145	143	149	208	206	264	228	269	332	387	363	347	369	334	291	320	324	386	468	447	466	440	460	451	395	378	328	310	269	271	340	322	295	289	316	307	296	370	400	383	348	348	336	313	360	308	315	249	271	302	316	294	249	223	275	310	318	281	249	254	315	347	343	296	286	279	247	268	282	340	364	286	360	387	323	340	480	596	487	499	412	325	480	350	372	272	225	261	264	218	289	298	329	357	313	309	308	292	262	274	288	300	305	328	337	284	269	279	286	242	224	280	242	243	224	229	182	152	131	137
129	116	143	202	238	291	241	286	367	425	410	318	272	237	208	225	256	369	395	379	372	380	507	471	460	445	407	331	260	263	301	256	305	307	363	306	326	374	372	382	369	344	323	302	324	324	262	183	225	251	256	295	240	178	260	391	360	302	248	279	323	316	312	217	271	319	272	294	291	357	464	359	334	350	349	300	368	454	441	447	338	295	343	302	313	216	201	270	257	251	300	319	351	385	347	325	316	291	233	251	235	268	282	312	313	270	267	267	265	228	216	249	259	256	254	237	177	143	116	112
150	136	159	238	402	283	243	289	329	426	347	274	273	248	227	191	217	297	309	281	337	398	436	447	497	463	373	383	275	256	271	208	238	322	329	318	340	379	397	382	403	337	286	294	335	299	225	164	199	237	283	314	230	208	247	300	324	345	358	379	373	327	293	233	282	344	375	358	311	344	404	426	404	436	401	349	342	362	401	339	290	271	255	234	262	204	292	307	286	299	318	465	378	331	444	375	293	303	331	287	304	319	320	293	270	243	224	239	213	177	204	280	262	256	214	232	200	175	161	119
210	162	190	250	246	271	226	259	284	333	320	237	213	259	227	221	261	287	284	307	356	383	374	363	413	415	412	328	290	252	265	210	218	292	331	333	337	319	344	360	382	334	280	240	283	272	217	167	206	310	311	238	252	237	271	298	428	435	449	380	354	306	286	259	338	412	380	333	347	378	357	445	417	419	452	362	314	356	394	368	385	339	322	220	193	228	321	287	289	409	353	494	339	315	298	354	414	443	389	338	358	335	297	296	282	243	219	172	159	205	241	316	298	252	229	246	230	228	209	140
207	217	264	269	243	202	191	229	242	238	269	246	216	217	228	259	280	256	355	335	299	324	324	327	360	391	360	302	283	240	245	269	236	279	337	351	392	309	316	314	358	312	295	250	226	245	229	190	249	341	300	225	263	265	253	263	368	376	335	322	360	346	331	285	390	388	372	357	382	324	274	317	338	362	373	382	350	344	372	364	416	353	324	226	212	260	306	334	355	368	457	337	290	401	377	363	464	524	419	417	414	318	282	264	293	277	235	184	184	188	231	323	301	275	202	236	228	180	155	148
236	216	176	227	221	209	198	181	191	198	213	228	211	210	245	257	248	252	367	324	290	306	302	304	349	352	328	280	263	260	253	308	269	282	322	301	340	352	315	273	309	347	316	250	226	215	204	187	229	267	223	230	263	262	252	283	337	361	322	308	323	348	353	325	328	369	390	420	384	347	290	308	315	316	351	417	397	374	395	348	392	309	304	274	289	291	291	343	327	348	413	327	323	393	324	325	413	418	423	420	314	322	308	296	297	282	257	208	198	179	168	257	246	251	213	207	170	154	132	136
275	217	231	238	233	326	318	212	178	248	276	165	174	173	211	262	274	296	331	350	325	318	328	303	302	268	256	276	250	223	237	249	249	248	285	293	318	346	306	277	275	259	207	218	173	205	157	173	259	270	243	309	353	324	310	294	495	406	417	378	421	336	386	382	392	382	348	281	267	308	291	276	257	270	305	347	375	327	423	376	349	316	317	288	267	217	263	421	414	344	353	309	334	347	306	280	299	357	373	340	336	405	435	291	293	296	281	230	228	209	210	237	243	219	243	219	175	155	143	150
239	295	229	214	178	192	212	237	208	177	225	161	189	199	212	258	249	292	409	435	402	378	376	339	294	278	262	232	221	193	194	234	268	277	289	287	283	308	360	234	240	198	213	188	170	235	182	186	265	339	245	248	348	304	264	326	505	473	401	347	398	370	435	378	341	334	309	201	191	178	199	223	233	236	264	311	355	389	368	370	319	284	313	286	261	224	222	258	270	273	245	271	315	385	288	264	303	347	280	324	397	314	289	292	349	338	302	215	226	228	210	197	223	242	245	234	193	214	166	174
238	231	194	139	157	173	168	282	224	159	163	128	112	150	204	228	225	304	370	379	360	388	355	324	280	291	243	221	222	212	198	243	270	275	307	306	318	327	361	217	230	185	199	219	186	223	192	194	267	384	286	329	406	449	318	338	453	467	435	355	351	441	393	255	260	294	277	230	204	186	185	218	236	263	266	326	371	361	355	356	341	324	296	295	275	210	224	250	221	256	241	299	281	406	379	426	347	366	424	292	319	301	248	261	316	299	236	196	174	193	178	189	222	217	201	190	176	180	190	211
282	224	186	182	201	163	186	211	197	185	196	165	159	171	168	214	245	235	266	332	326	353	320	319	295	278	258	242	225	210	205	201	244	229	270	298	287	328	322	214	257	205	191	223	177	198	164	183	244	383	331	372	429	329	242	277	356	357	365	355	410	484	343	218	161	192	233	189	228	236	188	221	243	253	276	351	325	319	335	303	339	363	316	255	251	268	256	239	229	275	201	229	318	430	487	458	449	384	343	256	268	305	278	282	345	307	239	197	171	172	157	203	180	181	159	166	156	165	195	195
274	265	236	225	179	183	176	146	152	159	193	200	213	213	208	264	286	281	265	333	341	341	325	338	310	266	250	214	192	194	183	186	218	229	247	284	291	298	300	250	272	266	204	196	219	253	231	263	288	380	381	375	361	379	285	305	314	365	370	338	371	366	376	229	216	192	276	220	251	251	256	248	263	280	338	369	321	301	310	265	252	287	313	314	336	337	284	249	299	282	252	299	470	490	477	358	378	365	329	300	302	291	298	319	337	314	259	279	244	221	188	180	162	166	168	167	164	149	157	138
267	284	307	261	275	272	257	186	200	188	174	206	199	247	238	309	274	274	318	373	397	364	329	334	325	264	215	202	191	168	151	195	197	201	252	277	290	263	278	269	240	205	181	202	206	236	216	256	316	404	341	384	345	358	314	364	383	335	351	347	393	343	293	232	204	169	212	205	200	231	289	287	289	323	339	370	339	315	341	284	289	296	332	379	366	348	295	333	338	297	271	300	343	415	310	278	275	292	313	309	282	266	257	285	304	295	273	296	252	229	186	177	162	161	178	179	151	139	149	151
266	349	359	328	349	351	356	293	266	240	224	247	232	239	213	254	270	312	357	382	413	390	356	314	270	243	214	221	220	202	178	190	198	196	241	303	265	269	267	264	237	181	190	201	220	244	207	230	232	223	265	311	271	322	392	397	367	332	320	308	384	382	308	260	205	206	235	207	205	246	333	282	273	330	361	360	352	324	305	271	277	271	327	376	365	327	322	359	385	312	244	256	264	284	228	235	254	245	273	301	266	270	257	262	273	259	255	322	326	244	194	203	180	157	164	150	143	141	152	153
217	440	427	396	415	398	340	318	286	330	255	251	222	271	206	239	260	317	337	376	411	396	324	299	258	242	227	211	197	195	185	192	218	214	224	272	275	255	219	197	219	191	185	246	261	239	220	212	221	212	261	337	314	281	324	409	369	374	356	399	534	395	337	246	212	250	302	221	218	259	226	240	242	281	344	375	392	311	291	261	265	267	295	419	388	348	335	354	358	328	256	452	485	498	380	311	259	249	293	277	291	311	263	291	284	265	233	313	304	257	200	225	177	143	148	153	168	149	151	154
151	223	307	294	249	223	230	267	256	256	237	231	250	279	259	229	272	317	338	328	329	420	352	299	298	307	252	222	216	211	191	200	203	221	207	223	242	229	196	188	211	205	206	267	297	298	319	315	300	262	266	263	329	274	288	330	313	302	316	377	424	310	291	311	266	217	226	245	263	265	232	251	248	270	290	318	341	276	223	246	238	279	314	390	373	401	362	355	386	367	310	447	483	501	377	261	295	299	323	243	336	276	261	295	295	273	257	290	252	238	200	201	170	159	158	180	156	148	133	126
154	201	247	246	185	164	203	302	364	339	302	281	300	273	247	209	253	259	266	267	273	359	362	309	308	294	263	228	219	212	202	244	219	197	189	190	190	203	194	210	224	195	174	206	276	305	276	390	359	296	316	255	296	330	263	257	294	293	320	271	298	281	264	318	266	196	198	228	248	277	272	225	222	218	262	249	198	168	177	231	250	303	295	286	292	311	303	366	448	414	377	470	487	421	347	243	277	325	227	214	247	275	247	228	260	267	225	271	272	234	208	210	183	180	168	159	141	148	132	120
156	203	190	155	124	135	202	303	375	450	380	271	270	247	231	209	204	223	253	315	276	322	294	292	289	270	246	221	229	220	215	242	228	195	194	174	176	193	195	211	242	183	164	174	247	291	271	311	271	294	296	283	340	469	307	268	275	275	291	274	238	279	287	290	290	269	267	254	264	293	243	225	234	249	315	249	149	129	161	202	266	294	297	306	262	250	291	329	388	352	280	362	445	360	323	214	253	292	231	228	253	255	217	212	229	240	230	276	246	214	194	217	178	172	193	161	150	133	127	103
148	159	153	136	126	132	153	224	338	481	517	383	384	335	221	196	188	194	216	273	307	321	327	298	340	313	248	231	251	229	195	193	197	202	209	184	174	173	190	220	188	157	188	184	244	298	299	269	258	247	276	322	334	380	391	294	276	292	304	273	250	325	329	307	300	254	250	261	261	286	220	210	282	301	384	275	213	138	166	223	236	319	332	293	296	273	286	349	368	249	223	205	271	330	314	203	246	312	267	246	237	215	205	192	192	202	201	215	251	242	205	198	178	166	188	165	153	137	131	109
116	114	138	154	123	114	125	132	200	323	443	480	490	417	348	273	217	200	208	252	280	288	270	254	264	269	259	225	246	229	194	187	190	195	190	180	172	168	196	215	208	190	193	186	229	188	176	187	217	216	230	231	275	339	279	279	258	265	284	214	228	324	321	264	269	261	233	264	271	270	290	290	330	294	270	240	312	246	252	278	269	289	331	296	297	320	274	292	275	263	280	302	253	223	264	251	292	307	256	343	255	242	207	224	219	217	212	215	245	277	229	219	195	189	203	176	161	143	146	97
109	96.1	118	129	135	122	124	109	130	171	263	329	439	454	412	386	307	268	239	254	263	264	251	240	238	234	243	245	280	254	242	187	184	179	184	189	174	164	180	189	197	182	195	191	186	221	190	194	164	219	213	187	206	291	289	217	227	249	260	216	232	268	215	233	225	263	238	221	267	260	314	327	280	301	306	309	293	294	325	301	260	264	286	303	270	325	347	294	294	295	290	334	334	276	258	305	317	319	277	328	277	255	226	233	255	215	205	224	267	269	235	208	195	214	217	183	170	136	122	85.7
113	107	112	98.5	114	125	137	116	115	129	210	230	279	356	379	438	373	327	299	279	246	225	230	239	202	198	201	224	236	255	230	199	183	178	186	195	197	192	197	186	172	163	159	150	150	227	222	212	166	258	251	197	184	234	240	300	233	250	253	205	210	240	242	216	226	279	285	237	226	245	274	336	341	332	299	300	247	297	342	313	294	274	272	291	278	332	347	303	273	277	322	395	372	326	396	403	307	304	216	247	306	259	208	224	224	207	197	204	247	241	223	211	188	190	176	162	158	138	129	94.3
101	127	128	103	125	139	152	120	119	134	170	195	177	209	199	262	253	265	243	270	243	239	279	200	186	188	184	210	206	233	236	214	190	192	189	205	205	200	190	182	167	165	163	138	138	196	206	220	247	215	230	184	183	208	247	316	283	249	229	196	219	214	220	248	225	254	249	246	231	263	303	383	332	268	280	249	263	352	411	311	362	299	304	321	296	243	257	297	256	241	275	284	382	322	422	335	426	263	269	223	290	206	183	199	221	223	191	202	213	205	203	202	193	169	165	169	149	148	134	98.6
77.3	102	109	99.9	114	133	115	114	105	109	117	139	134	134	129	140	152	173	171	168	167	179	173	215	220	210	209	189	188	202	219	233	223	213	206	214	199	196	193	177	176	169	173	161	141	159	195	223	230	199	184	212	163	163	177	207	229	241	213	199	211	202	221	224	233	252	304	285	253	274	296	304	288	292	287	288	316	384	408	323	349	313	324	276	256	222	254	253	236	216	230	226	253	231	327	320	290	248	230	225	221	188	228	229	220	212	207	243	249	236	224	203	196	169	167	155	145	150	151	124
84.9	91.7	107	96.3	117	138	134	110	128	113	119	115	113	104	95.9	103	102	125	157	159	147	159	173	218	245	242	220	187	191	212	229	245	244	227	226	235	210	205	195	187	175	166	166	154	141	155	215	253	238	218	230	239	180	174	152	154	182	221	238	239	242	240	271	246	253	250	288	329	252	247	299	292	299	275	269	283	314	308	342	277	307	263	258	249	260	291	283	260	221	199	218	259	407	281	261	269	291	297	238	232	194	194	211	222	212	208	229	245	241	226	213	200	197	177	174	145	137	142	185	131
97.6	107	114	115	114	132	130	109	117	104	114	120	120	111	99.8	101	84.6	114	165	169	164	158	175	223	245	263	247	190	198	216	215	219	240	239	236	232	229	218	203	182	179	177	176	180	165	179	194	294	265	236	224	209	192	196	195	155	168	152	212	280	219	291	297	252	280	237	220	254	214	218	246	262	261	276	260	268	286	268	289	290	345	322	286	253	254	314	301	225	203	204	211	301	287	275	285	262	241	270	274	238	203	225	221	227	217	202	227	229	247	225	206	204	203	184	164	141	133	151	155	114
131	140	171	153	119	118	115	105	104	95.4	112	128	115	116	115	122	111	116	130	197	215	174	190	236	243	259	255	195	186	197	209	236	224	243	250	240	236	232	210	199	207	210	204	225	179	168	180	273	278	302	283	258	235	186	177	143	173	164	216	279	268	364	326	281	275	235	188	187	195	226	211	273	319	279	261	244	275	259	274	287	328	308	290	319	259	290	279	231	219	238	238	244	236	299	318	293	248	241	241	260	229	221	227	240	212	198	197	219	238	219	195	214	209	175	160	155	140	148	131	115
140	125	134	118	118	96.9	95	88.1	85.2	83.6	85.3	110	116	98.8	98.4	108	102	101	113	142	213	202	196	211	217	232	233	205	189	204	200	223	235	292	321	259	229	255	260	208	202	191	186	168	152	119	116	148	154	201	186	198	236	197	173	143	160	194	229	250	291	267	260	232	233	185	171	187	207	240	223	231	247	253	231	222	276	300	269	241	293	292	306	315	265	250	274	305	270	271	252	271	249	281	286	281	304	310	284	284	263	248	234	232	217	207	206	228	211	182	188	184	172	164	162	177	147	132	121	118
82.9	90.1	81.5	109	146	85.2	100	91.3	85.2	86.4	88.6	98.5	108	117	97.9	101	99.6	85.8	95	116	157	212	187	207	200	207	204	203	182	183	181	216	244	244	262	271	240	235	259	220	195	184	175	149	135	123	106	123	128	145	136	148	186	192	216	152	145	175	196	202	264	285	292	232	208	193	191	198	249	266	237	235	257	259	242	221	232	269	254	266	264	262	270	268	262	220	247	289	261	232	233	235	269	284	237	277	291	323	290	296	296	290	250	238	229	214	220	215	183	173	154	155	157	150	148	129	114	104	111	121
39.7	38.7	53.7	72.6	166	55.9	64.6	119	111	105	89.4	87.5	83.3	99.6	96.4	101	100	79.9	79.6	89.1	111	160	168	169	183	209	193	188	186	173	176	205	216	236	233	240	226	238	254	206	184	175	171	131	119	124	105	98.3	103	121	119	102	118	147	188	154	137	149	178	220	268	265	258	223	193	169	184	183	230	260	212	241	267	256	263	226	243	324	280	266	236	226	249	269	247	232	225	239	238	214	214	214	243	263	270	270	258	277	329	338	312	308	265	232	212	205	186	168	147	153	137	136	136	120	131	124	113	107	113	118
21.4	20.5	21.4	32.6	40.2	43.6	43.9	106	82.3	98.2	87.3	89.6	80.3	93	94.4	94.1	86.4	72.1	70	76.6	123	132	153	172	173	177	184	184	176	164	174	187	212	222	195	199	207	225	236	196	200	163	152	120	105	109	103	95.9	106	117	133	116	97.3	109	192	165	141	151	173	173	281	242	190	197	197	148	175	215	199	229	233	249	280	272	272	223	200	226	250	262	211	219	333	251	196	214	207	208	231	221	216	243	244	257	270	267	251	285	340	338	323	293	278	245	220	193	187	174	152	143	123	136	134	123	124	128	137	124	118	119
6.51	3.31	15.9	31	18.4	21.3	30.8	38.2	53.2	66.8	73.6	73.1	72.1	83.8	84.7	81.6	65.5	66.8	66.6	64.9	65.5	114	121	141	152	149	160	163	163	185	174	200	186	172	170	177	185	211	215	194	190	171	137	131	107	116	96.8	99.3	108	105	120	120	104	112	130	151	163	146	163	153	171	217	136	135	154	147	162	177	165	202	205	238	272	270	247	247	198	201	227	224	225	231	252	222	209	216	245	231	245	252	227	248	282	285	312	282	279	273	283	311	327	290	285	261	236	214	201	178	165	135	115	121	109	120	126	141	144	152	129	120
3.29	3.3	3.36	15.6	16.8	18.3	20.3	27.1	38.5	52.3	65.7	64.7	64.5	75.5	86.8	81.4	71.5	59.6	60.2	61.9	65.6	77.1	85.7	107	100	113	130	125	137	168	252	244	177	143	156	163	187	190	226	185	171	169	149	134	128	135	102	96.9	99.3	98.1	102	110	101	112	128	143	138	145	138	144	154	139	127	148	133	144	169	184	197	231	256	247	224	240	205	169	190	205	229	222	209	218	207	237	228	220	242	253	235	227	245	277	274	263	273	268	257	267	270	284	327	311	292	290	254	215	188	160	150	132	116	116	98.3	102	117	130	141	154	141	109
2.91	3.09	3.39	14.8	15.7	16.2	17.7	25.7	29.5	37	43.9	56.4	51.9	58.4	65.4	68.3	69.5	58.7	56.9	58.5	65.8	66.6	68.8	113	90.7	92.9	88.9	90.7	111	141	207	327	286	217	194	149	165	194	163	143	155	156	152	147	149	198	129	95.3	104	114	104	96.5	93.2	101	113	129	138	146	148	169	160	140	125	133	127	137	182	180	190	193	217	232	218	226	208	166	178	224	210	216	214	234	197	202	224	224	219	245	239	229	245	288	287	279	251	257	226	238	277	276	285	311	287	265	252	233	197	153	139	130	130	130	121	125	117	131	143	173	148	117
4.53	3.27	3.25	14.5	16.3	15.4	15.4	21.5	22.6	25.3	29.2	43	72.3	73.3	68.3	59.1	54.9	56.9	57.8	63.3	68.8	70.7	63.6	62.2	75.4	133	69.9	64.3	75.8	119	197	273	399	327	276	190	190	191	163	145	155	145	143	138	160	158	131	106	108	114	101	92.9	91.9	97.2	110	111	131	143	150	160	162	170	133	145	126	126	203	177	167	164	148	164	205	192	210	232	226	209	213	222	224	195	187	182	187	170	186	218	239	223	244	265	262	260	229	234	236	219	269	272	279	297	272	252	261	225	197	145	121	122	118	120	120	126	146	148	147	141	147	141
3.33	2.85	2.07	14	14.3	14.3	14.1	22.8	22.7	22.3	23.3	26.7	43.3	57.8	49.1	56.4	50.7	57.7	48.2	46	70.8	70.7	57.2	56.6	66.1	79	56.2	57.7	55	75.2	115	191	252	302	259	222	221	161	154	129	149	129	127	107	118	172	144	104	104	91	89.3	89.9	94.7	85.6	89.7	105	126	146	179	169	140	185	166	151	146	136	174	185	138	132	149	99.5	136	150	145	161	199	222	279	249	201	180	161	148	152	145	150	166	171	188	186	239	232	228	237	248	229	214	224	270	271	274	256	249	240	216	189	175	145	129	124	120	131	148	152	145	146	143	149	113
1.83	2.1	1.83	14	13.8	13.5	12.8	20.2	19.1	18.4	18.1	18.7	20.9	24.8	39	72.7	60.1	57.5	52.6	49.1	66.8	63.2	60.8	56	56.5	53	56.4	48.8	51.9	73.3	70	101	160	233	287	261	251	203	164	119	116	138	126	160	116	124	128	98.6	93.9	78.9	81.1	81.5	98.3	97.2	102	103	109	157	151	138	164	183	181	159	126	115	165	228	187	156	132	124	198	192	139	155	222	334	308	264	246	231	152	155	149	144	136	145	174	219	207	225	226	218	237	215	224	210	220	244	248	248	259	257	244	211	178	160	135	139	151	128	117	133	138	128	124	123	134	113
0.78	0.63	1.2	13.6	13.8	13.2	12.2	19.2	18.6	15.9	15.1	14	13.3	17.3	29.7	94	58.5	49.2	58	57.7	58.5	68.1	55	55.8	49.2	46.1	49.5	52.7	56.1	74.1	73.4	80.5	99.1	132	149	185	187	174	167	144	124	138	130	132	112	106	97.5	87.9	76.7	70.5	76.5	93.5	117	107	115	107	116	143	158	126	151	176	179	177	134	99.1	152	222	214	141	134	149	225	193	148	182	297	311	278	257	222	240	190	178	147	154	161	182	158	199	219	231	226	224	239	227	203	202	205	227	239	238	271	283	253	235	196	165	141	140	124	127	125	129	123	126	140	144	137	101
0.15	0.06	0.09	14	13.8	14	12.7	19.4	18.5	14.4	13.2	11.7	10.7	11.6	17.2	40.2	56	57.4	78.8	82.7	58.9	53.6	53.9	63.5	57.2	48.9	45.2	44.6	58.2	80.1	87.6	85.6	91.4	108	104	111	115	123	137	138	128	125	130	111	109	106	90.1	85.1	88.8	75.2	72.6	86.3	82.1	101	110	126	128	135	123	113	131	130	151	178	168	118	154	139	128	141	154	186	231	202	207	272	302	291	225	192	221	254	185	149	152	179	198	169	155	191	187	236	239	223	257	241	240	222	231	242	256	252	258	251	242	236	200	184	168	166	154	147	152	130	129	124	142	143	109	108
