103	124	111	82.4	82.7	80.1	79.4	37.8	47.2	70.2	61.5	103	59.4	96.1	89.5	57.6	40.9	135	114	63.6	36.6	52.3	52.6	85.1	68.2	33.4	27.8	37.3	47.5	38.3	24.2	24.4	15.2	24.4	23.7	24.9	25.8	33.7	57.1	74.2	46	65.1	66.7	68	99	69.8	92.1	83.2	45.5	15	28.8	18.8	9.03	12.9	18.7	30.5	54.1	61.7	63.8	74.9	88.8	93.1	86.1	101	111	188	190	98.7	144	169	238	174	164	168	154	167	200	228	211	195	261	373	368	424	264	142	105	56.1	44.7	49.9	64.3	67.6	70.3	79.3	85.8	85.8	92.6	89.5	63.7	43	51.8	55.4	60.4	52.6	46.5	36.5	41.4	52.3	50.6	50.3	50.7	46.9	42	45.2	64.9	69.9	54.2	54.4	54.8	43.7
104	136	199	84.2	66.2	75.1	82.8	34.2	33.9	69.9	63.6	54.8	78.7	86.6	48.9	41.8	39.4	59.8	74.3	71.9	46.9	71.7	96	108	79.1	72.6	57.2	58.8	37.6	30.9	23.1	17.7	10.3	14.9	14.1	14.9	20.3	17.4	27.7	83.2	113	94.4	78.9	85.4	132	133	89.3	97.4	47.3	30.4	15.5	10.8	16.1	16.4	7.84	23.2	37.8	53.6	35	74.2	62.8	82.8	91.8	81.3	113	96.9	118	104	116	134	131	112	121	107	97	115	162	168	156	191	177	251	265	343	364	275	178	164	170	215	216	117	103	98.9	113	87.8	78.5	65	48	59.2	61	60.5	65.2	85.9	82.3	84.8	78.3	87	90.5	85.3	90.3	61	58.6	74.3	57.7	51.8	56.9	59	63.5	58
154	182	193	114	108	91.5	79	41.6	49.7	43	60.5	56.7	80.5	93.9	53.1	70	68.3	54.7	46	64.2	80.6	107	112	74.6	87.8	84.9	77	59.8	47.4	42.8	33.3	25.3	9.91	11.3	19.2	18.9	26.8	25.1	30.6	54.8	94.6	90.7	106	127	185	122	78.7	48.9	42	20.8	18.1	17.3	21.7	12.1	15.7	23.7	16	57.2	59.6	61.2	83.3	117	97	101	122	168	150	147	136	132	135	127	105	104	100	139	196	224	173	206	196	271	316	309	350	386	363	195	189	190	214	99.5	110	115	88.8	80.7	95.4	77.2	54.8	66.3	92.4	97.3	87.3	93.5	87.7	102	123	120	102	85.2	74.3	70.4	86.5	94.9	62.8	53.6	80.2	71.1	89.2	80.8
181	178	205	125	123	106	93.6	41.5	91.9	108	83.4	59.9	88.6	96.5	72.1	48.8	43.6	28.7	38.1	57.1	82.1	112	106	85.3	80.2	59.3	71	76.3	60.4	64.4	68.5	43.7	37.3	22.3	36.2	39	46.7	44.6	37	89.3	124	111	108	107	120	74.3	41.9	32.7	41.5	45.1	29.1	16.6	30.2	24.7	10.3	17.7	42.4	65.4	91.7	91.5	121	179	162	135	154	206	207	172	151	165	148	143	144	125	138	158	216	216	202	227	232	249	281	252	231	281	392	362	277	206	215	106	103	106	113	120	157	100	74.1	92.1	99.4	137	86.9	123	109	129	129	136	121	88.2	80.8	80.6	100	117	105	92.8	110	113	118	105
156	178	178	206	134	124	108	70.9	110	151	77.8	55.3	51.2	42.2	65.6	70.7	39.2	27.6	31.4	59.8	93.4	132	126	139	125	71.7	63.8	74.7	70.7	68.8	77.6	87.9	76.6	59	56.5	58.8	52.9	54.2	87.1	136	168	116	92.2	70	63.5	69.3	34.4	32	27.2	57.4	49.5	20	21.5	45.6	19.9	38.1	69.5	91.1	146	124	395	194	321	151	204	193	238	177	180	200	163	142	163	160	159	195	259	246	237	232	275	274	287	280	306	313	323	405	387	383	220	117	148	145	152	148	141	104	80.9	136	148	139	125	131	135	119	153	161	110	97.7	117	107	158	158	162	158	195	160	173	149
110	143	182	117	118	98.1	88.3	61.5	76.9	102	73.3	44.8	64.6	64	48.5	55.2	62	29.3	32.7	81.5	110	113	120	147	154	201	110	87	86.8	117	119	109	63.9	76.2	72.3	51.6	50.4	64.7	68.9	78.3	114	63.7	65.6	58.4	40.6	49.3	24.5	25.2	12.6	17.9	27.3	36.9	23.8	16.1	16.2	19.7	29	42.5	50.1	92.3	109	101	132	220	131	146	161	143	208	153	155	162	151	213	221	176	253	238	198	210	240	231	223	283	319	339	293	289	361	430	363	141	154	196	158	141	112	119	132	188	161	177	137	160	145	150	201	183	138	170	178	168	212	248	216	236	213	189	216	205
116	131	145	95.7	108	95.1	91.9	90.6	73.7	87	79.7	67.4	84.8	89.8	78.9	84.1	56.5	70	83.3	101	114	129	96.1	133	186	166	121	136	111	133	144	128	85.4	102	105	69.8	45.3	59.7	61.3	84.3	139	89.4	91.6	64.8	43	38.9	28.2	30.8	18.8	12.1	16.5	24.8	13.3	16.3	30.4	26.2	33	48.6	60.4	88.1	92.7	117	108	211	209	190	216	153	153	181	153	207	253	332	335	303	340	343	298	272	217	223	258	298	343	344	300	343	351	469	431	224	198	172	175	158	163	203	201	246	201	212	222	212	191	195	210	169	144	207	243	299	256	292	282	280	261	219	251	240
138	138	195	116	121	111	101	84.6	71	54.2	55.7	44.8	54.7	89.9	101	125	94.1	88.4	90.9	130	150	160	150	223	211	211	154	142	163	147	127	130	106	84.7	89.1	70.1	48.1	42.4	58.9	88.8	80.9	77	61.2	61.6	44.7	36.3	75.6	20.9	22.8	19.5	22.7	12.8	8.37	13.9	21.8	25.7	36.9	50.9	77.4	89.6	88.6	120	115	143	143	201	185	171	223	221	198	226	313	354	380	372	416	410	322	327	233	238	290	310	326	357	404	416	435	494	449	380	161	161	175	158	217	244	255	272	233	230	239	296	246	251	232	216	208	269	283	272	215	234	258	246	233	214	240	196
154	167	203	154	182	176	111	61.7	98	71.4	58	57.7	52.6	101	133	152	108	73.3	77.8	150	219	199	164	221	244	213	155	176	242	245	180	165	120	130	89.6	91.5	80.4	52.6	57.9	64.5	67.4	75.7	67.6	49	47.6	68	73.7	19.7	24.8	25.4	20.5	11.7	10.3	16.4	33.3	37.6	45.8	59.5	73.1	125	122	120	116	148	162	180	187	216	209	225	253	296	307	337	353	390	435	414	365	332	302	265	328	366	370	380	404	434	478	479	468	334	267	167	191	192	232	260	246	239	223	227	255	275	227	240	225	230	233	241	274	250	200	206	194	200	189	184	207	179
259	202	205	220	250	181	83.9	55.7	49.9	71.1	84.6	92	116	196	235	331	281	168	129	178	274	286	232	216	227	220	225	211	275	196	179	152	169	110	89.6	120	142	81.5	49.3	33	29	54.9	59.9	34.5	29.6	32.4	31.3	11.3	17	27.4	19.3	19.6	17.4	18.2	31.3	33	38.8	56.3	76.5	110	119	105	118	165	178	165	184	222	228	214	231	282	278	304	359	369	387	391	361	297	257	224	222	331	343	377	376	417	443	447	433	347	330	225	210	156	264	244	246	252	241	257	241	182	189	211	166	191	208	211	258	204	183	183	151	202	162	160	191	153
187	224	206	156	211	175	127	72.4	56.2	60.5	74.6	114	126	231	203	284	299	257	182	192	216	278	238	237	265	271	256	222	235	203	142	155	148	125	127	141	95.5	81.7	45.8	34.9	29.1	48	52.2	37.1	28.6	27.2	23	12.3	16.8	18	26.1	22.8	21	21.5	25.4	31.8	46.1	74.8	81.7	141	114	131	147	175	207	205	215	273	253	216	225	277	301	294	375	391	375	381	368	303	287	253	250	325	332	373	427	410	408	438	458	307	322	267	231	202	272	244	204	292	237	207	193	173	189	160	138	198	195	180	188	165	166	136	151	163	130	156	193	189
188	214	209	144	165	293	198	123	76.2	109	107	102	134	179	194	216	235	228	204	218	165	191	216	223	309	380	291	209	220	220	152	188	191	156	113	114	120	95.6	78.9	56	53.6	71.1	96.3	72.3	35.1	32.6	35.9	15.5	14.9	19.3	24.7	30	25.6	26.4	35.4	31.9	52.8	82.3	85.7	152	186	217	172	197	245	240	241	278	287	238	325	310	328	383	399	346	363	317	320	293	280	259	263	313	282	340	374	367	400	453	470	415	350	371	251	214	230	229	228	301	219	193	196	171	151	146	135	171	146	174	174	135	137	137	125	133	157	157	184	236
141	187	222	111	93.2	166	188	134	106	109	147	211	183	206	165	257	287	209	250	258	230	193	209	270	304	254	245	191	209	224	174	176	156	134	107	103	117	105	107	81.8	61.3	60.5	58	69.7	45.4	44	35.8	29.7	26.6	24.4	26.9	35.6	29.8	27.2	33.2	42.2	60.6	67.4	91.3	179	226	181	175	217	238	280	289	301	305	318	369	341	372	406	394	333	347	343	310	300	282	252	282	304	326	358	347	375	416	462	486	486	409	379	261	230	215	231	289	298	212	194	167	185	163	134	147	176	164	183	135	112	125	114	114	113	143	135	142	184
136	237	153	109	113	166	296	231	136	146	174	224	271	307	304	361	394	245	237	289	296	272	306	249	223	146	134	136	159	203	136	169	121	98.3	81.1	109	119	70.6	86.6	82.1	98.3	83.9	83.7	58.3	45.5	37	26.5	18.8	18.9	12.8	19.1	21.1	29.3	28.1	25.8	34.8	47.8	71.4	108	169	212	181	195	245	244	316	359	333	394	381	347	371	356	355	382	341	303	323	296	270	223	229	287	251	271	285	325	348	389	421	406	455	430	418	270	270	312	280	336	250	198	184	139	165	102	106	112	137	119	113	94.5	88.9	86.2	109	113	89.5	118	114	109	130
184	243	159	122	155	161	282	256	209	186	215	247	277	345	321	358	400	326	285	261	277	262	333	231	216	164	97	123	194	192	163	185	152	103	87.6	126	102	100	115	109	97.4	91.2	95.4	86.2	61.5	53.9	51.2	35.3	34.9	26.1	35.6	22.7	27.4	35.7	24.3	36.6	56.9	73.9	110	192	175	170	221	270	382	493	419	412	442	411	393	360	323	363	389	372	340	301	289	295	224	215	204	236	267	280	267	329	365	387	437	471	463	426	294	323	313	259	347	275	195	170	112	130	108	106	116	144	101	83.4	97.5	96.9	90.7	89	94.9	93.1	81.8	129	127	128
268	270	280	140	179	220	251	297	276	261	282	258	281	344	334	380	402	508	440	292	478	320	265	183	175	252	154	149	180	153	160	168	152	126	105	101	113	113	98.9	118	170	160	173	114	80.7	81.1	63	55	65.8	64.2	58.7	44.8	38.1	30.2	32	49	54.3	70.6	107	161	159	156	327	365	520	659	476	472	443	415	415	311	350	392	389	356	319	350	282	271	218	269	246	263	301	318	302	302	340	360	405	465	470	454	437	336	271	276	326	269	292	239	177	142	130	118	132	140	115	128	146	107	93.5	117	119	96.9	104	140	127	121
330	322	316	158	179	317	289	265	302	419	348	314	271	363	328	477	424	530	530	495	609	535	309	256	229	213	174	191	230	142	118	161	200	234	225	155	156	123	134	171	156	172	187	155	114	96.2	79.5	67.7	77.4	84.4	52.4	52.1	52.6	52	51.3	66.1	70.5	93.9	136	151	179	167	248	386	504	632	553	494	464	376	393	404	373	367	378	312	276	356	274	241	271	245	248	321	386	358	305	297	309	350	397	448	457	446	406	343	325	310	262	262	300	265	223	196	166	98.5	131	149	151	201	182	159	160	172	148	136	133	200	196	131
197	336	303	273	246	362	338	310	371	474	514	448	392	382	486	498	499	539	559	467	669	473	288	280	267	272	308	300	235	181	150	136	123	142	186	196	144	156	189	244	217	179	192	208	158	133	118	94.6	88.5	99	87.3	110	93.8	116	102	129	132	162	190	209	240	235	321	341	419	460	507	492	461	344	353	428	289	359	398	325	246	336	285	282	234	319	288	310	382	349	285	284	309	352	358	400	412	414	407	456	350	388	365	310	301	264	249	224	190	104	122	160	200	210	181	168	214	194	183	147	192	274	225	165
189	266	283	292	267	307	316	383	368	501	445	637	552	425	401	533	439	406	400	489	482	401	294	237	254	264	262	281	267	247	186	141	141	119	187	180	187	211	288	281	288	228	210	188	148	141	122	117	139	99.6	124	152	145	143	177	197	193	216	213	212	239	283	342	373	398	478	451	427	309	311	265	234	251	271	369	288	237	283	360	305	259	282	331	292	363	343	301	278	337	366	385	426	439	447	420	451	485	443	471	380	316	283	296	269	220	181	184	252	255	248	233	231	201	194	219	205	236	289	229	143
333	359	458	414	300	314	369	422	410	494	564	564	552	412	453	493	461	408	495	388	399	432	391	266	235	255	296	256	277	255	229	300	247	188	188	241	254	340	356	314	362	280	203	199	160	145	152	147	165	128	145	223	188	197	234	261	224	229	236	233	247	260	283	339	340	437	431	406	279	332	242	219	245	267	346	265	289	296	313	236	202	294	362	305	341	351	348	381	393	323	370	401	420	438	464	537	597	619	537	427	387	390	292	304	312	304	282	314	289	281	293	323	264	277	360	378	291	310	203	157
319	451	469	409	320	295	320	427	517	558	531	442	379	346	409	474	485	491	522	394	425	369	341	356	269	299	287	243	251	248	204	214	188	223	253	317	373	411	348	340	318	268	246	243	196	223	224	182	181	133	179	232	232	228	258	223	253	239	242	293	287	291	287	321	321	398	501	467	323	314	259	271	204	226	174	216	267	249	250	231	194	279	363	314	282	288	345	410	412	358	362	393	436	446	489	512	518	536	543	373	469	428	369	313	346	286	294	320	345	380	414	414	453	361	388	300	255	212	194	163
360	373	383	404	359	313	335	433	496	553	488	387	379	382	445	512	449	314	414	344	333	298	270	289	210	272	233	266	237	199	215	271	272	255	219	296	312	385	450	415	385	326	299	221	192	279	312	277	237	169	230	267	283	314	278	258	249	259	248	246	272	304	314	289	277	408	545	452	346	284	226	221	139	180	143	180	207	250	257	237	235	318	415	365	306	290	365	414	395	371	383	415	453	445	466	505	537	551	582	581	614	494	485	474	457	446	450	436	427	431	483	464	375	341	378	298	278	240	194	157
356	371	377	417	402	364	373	484	473	469	436	403	390	397	430	501	600	472	511	426	363	324	312	271	200	225	240	247	243	222	222	217	233	242	232	358	291	328	323	361	342	307	270	241	204	247	360	334	312	273	250	345	406	351	313	302	380	314	308	212	245	311	355	303	298	421	506	497	380	316	240	259	199	159	99.9	141	184	190	205	214	251	303	404	424	334	303	308	318	329	392	417	448	484	492	503	554	550	560	550	566	606	590	567	533	523	449	450	415	466	485	505	512	414	393	410	479	409	274	206	173
358	446	503	474	412	376	361	458	520	460	482	507	495	461	440	466	528	529	506	346	327	347	350	307	215	217	193	187	187	232	229	223	236	258	256	283	295	371	308	334	328	344	310	301	287	284	413	457	415	264	217	269	348	342	304	282	322	334	367	296	298	306	389	344	385	393	475	432	389	372	383	373	281	192	112	167	164	163	168	256	344	367	377	431	380	342	295	308	344	379	444	491	469	489	487	569	551	559	567	617	636	619	620	585	529	525	535	515	513	515	447	385	374	448	397	445	365	343	239	207
377	452	544	458	444	397	502	538	555	576	562	506	485	407	410	411	399	502	411	325	287	362	332	266	216	203	181	208	222	276	272	279	322	364	307	323	308	344	217	300	316	303	325	350	384	340	464	475	377	286	302	329	370	323	332	317	339	323	396	304	295	288	354	373	416	364	433	433	408	411	385	384	332	334	203	154	164	173	165	258	318	330	340	418	372	394	296	323	343	343	442	485	516	547	543	550	547	530	578	606	594	597	625	581	561	555	561	537	511	517	504	550	377	426	406	439	396	330	253	220
415	450	462	542	511	436	469	511	508	508	573	587	504	324	368	347	361	450	470	324	269	278	320	292	252	250	219	234	281	357	394	402	361	328	369	415	308	285	294	303	342	312	295	301	313	286	336	410	369	298	325	317	369	408	402	388	392	348	365	270	251	304	363	363	401	384	456	485	494	444	414	389	407	410	356	275	285	293	279	294	316	328	347	365	364	418	361	333	388	428	460	492	515	507	494	536	552	553	576	536	470	495	543	553	546	514	517	526	500	499	428	432	386	340	371	384	358	335	298	235
474	376	407	518	470	398	440	511	500	493	463	523	472	374	343	331	294	379	374	334	359	287	281	292	270	298	294	259	347	347	380	437	406	389	367	393	386	370	425	370	314	276	377	470	458	403	315	341	354	348	364	337	405	418	360	284	261	313	331	328	322	342	394	421	514	446	418	503	594	582	459	423	373	387	354	320	328	323	278	268	282	296	335	364	401	432	444	437	466	468	455	484	502	490	510	537	551	567	554	459	486	522	535	541	511	535	538	512	505	429	461	498	451	426	396	332	372	357	306	253
330	413	391	413	456	415	504	586	584	510	593	517	391	267	321	371	298	344	381	351	337	283	313	307	310	294	286	305	340	335	363	408	435	382	371	447	393	383	409	328	242	233	355	391	525	449	441	384	441	436	382	399	391	448	431	373	317	447	436	385	394	423	423	372	446	481	472	589	632	626	517	448	318	374	397	391	340	311	293	298	294	357	364	397	460	460	462	487	477	514	493	523	519	503	510	531	533	537	498	493	473	470	466	490	495	538	529	503	492	479	491	484	489	478	442	479	613	377	279	277
232	320	406	405	446	385	507	648	593	510	544	415	382	313	323	346	341	400	317	318	298	351	391	283	285	297	294	335	325	352	427	446	458	394	403	374	363	315	347	330	256	235	331	429	462	468	340	344	358	428	443	522	351	449	549	485	432	454	396	387	455	500	464	396	449	541	554	608	578	532	449	381	375	393	406	425	362	366	324	354	349	386	377	358	484	460	497	500	551	532	502	559	657	564	544	557	540	526	467	499	484	445	464	473	506	523	477	462	433	448	518	490	462	461	458	439	472	371	383	464
363	422	488	541	519	501	524	602	720	657	571	468	313	302	253	307	347	412	392	347	340	303	344	342	311	309	312	330	346	351	384	406	430	422	459	465	334	334	357	354	291	261	311	378	386	385	390	454	395	412	417	445	406	409	495	478	455	430	393	450	457	458	471	445	478	560	559	626	691	578	558	486	439	419	327	355	376	352	294	286	347	415	438	471	481	492	504	505	514	600	510	505	573	572	567	560	528	482	442	445	452	430	463	469	468	465	464	424	414	428	409	436	425	402	356	384	386	345	377	310
386	482	518	541	539	529	526	580	579	501	504	458	346	280	363	399	406	426	374	361	316	313	367	421	382	380	334	286	308	367	430	389	367	421	393	447	365	406	451	410	439	368	379	392	372	457	499	540	413	371	338	435	458	375	376	398	465	410	409	429	445	443	460	431	427	540	529	557	598	551	495	556	451	427	342	276	295	277	304	326	386	446	482	495	513	507	497	515	515	526	511	557	596	633	577	511	482	444	434	440	436	437	457	482	495	488	461	461	443	396	394	406	380	398	352	373	356	306	337	302
430	448	497	544	527	505	547	513	510	495	487	504	402	360	363	421	389	370	303	297	365	366	289	331	425	366	347	311	289	322	332	354	401	374	415	473	443	401	430	437	345	391	466	446	368	432	460	488	441	428	392	430	434	378	317	427	393	331	347	403	404	411	446	483	453	476	443	396	352	381	407	452	438	437	359	313	331	284	330	381	442	462	488	518	539	520	528	537	520	569	547	570	561	546	491	469	468	442	470	489	464	431	481	484	500	479	465	422	400	359	392	403	354	356	346	336	306	309	302	380
464	556	529	592	541	523	555	665	610	505	500	530	502	469	376	363	389	407	332	263	240	308	294	291	392	347	352	323	300	305	283	339	361	388	417	482	515	383	385	482	487	474	531	470	421	436	452	492	558	563	521	460	419	405	327	347	332	341	346	359	360	404	381	387	431	402	407	384	373	390	359	415	413	366	303	291	314	294	361	414	434	470	517	535	549	563	530	499	530	516	519	531	494	500	464	430	464	389	428	471	470	397	433	473	478	443	458	419	410	374	367	378	384	387	332	384	415	344	362	347
431	597	697	637	705	642	607	721	599	492	489	498	537	470	373	312	349	372	299	262	250	331	357	320	340	284	323	345	350	337	339	350	369	358	371	421	402	352	376	449	465	476	460	473	416	389	430	436	442	497	506	429	310	303	292	334	370	351	377	347	376	376	365	362	426	472	517	473	516	493	404	394	440	396	353	328	309	331	380	414	454	484	511	510	522	530	516	480	494	494	439	372	394	437	391	401	446	412	377	437	453	402	380	484	453	349	378	322	302	321	320	359	369	381	386	424	402	369	413	472
495	543	631	650	678	586	528	602	542	495	487	500	440	342	304	350	284	283	327	300	302	330	381	378	368	360	353	348	322	363	372	397	416	367	414	374	330	365	366	375	386	445	483	563	446	388	426	401	388	459	438	374	301	309	299	277	304	321	325	315	366	332	340	409	516	415	581	468	506	496	412	399	382	356	365	348	325	350	385	429	469	470	509	516	507	524	528	513	529	521	473	391	426	415	409	462	470	461	475	475	482	480	437	408	406	377	371	375	373	337	375	417	354	357	385	443	415	443	399	420
455	496	548	691	627	579	575	515	497	493	494	471	413	300	329	374	295	303	321	345	328	308	410	393	349	369	383	376	369	327	339	360	348	353	384	334	320	406	419	438	355	402	487	456	425	429	465	419	405	415	393	373	335	282	289	261	291	323	310	323	363	414	432	512	576	450	513	451	427	423	355	370	342	377	363	333	320	366	396	418	449	470	494	496	478	500	485	487	509	477	469	440	479	447	428	476	469	476	477	482	486	559	480	453	404	378	380	360	379	394	388	392	372	362	346	374	432	424	425	390
484	470	543	554	524	514	506	498	511	494	476	475	419	401	334	407	394	337	403	347	387	303	372	421	377	333	359	381	346	299	302	328	340	358	365	350	360	408	451	461	368	330	358	371	408	453	476	440	477	438	368	364	416	392	326	317	305	300	340	343	380	449	458	493	552	491	414	436	404	404	467	374	371	391	373	379	371	385	431	405	439	482	464	504	512	448	450	446	445	410	464	485	483	452	464	471	477	482	487	483	499	485	494	505	470	417	376	354	372	403	417	383	376	379	335	381	395	368	323	303
503	491	535	543	494	471	418	476	501	483	425	427	447	412	362	443	467	310	285	292	307	264	282	275	403	385	358	316	303	309	257	290	292	341	387	370	382	376	425	419	351	333	394	432	425	492	480	433	443	441	377	345	391	378	317	313	319	361	352	398	387	431	458	457	444	455	449	358	415	450	427	461	391	450	388	347	383	367	413	377	413	436	464	415	446	408	442	430	449	423	425	463	471	460	505	524	539	503	511	489	483	447	449	492	489	438	397	393	401	446	459	396	352	376	373	354	338	305	285	268
379	431	425	515	451	465	485	400	491	600	484	452	445	423	439	449	411	359	405	310	265	283	371	254	325	355	344	391	328	300	394	376	379	385	390	402	389	439	418	420	304	322	341	402	442	440	443	411	371	371	386	358	384	360	328	350	316	336	340	376	365	394	433	485	404	401	474	383	425	427	411	450	459	430	381	351	398	424	420	379	430	430	474	469	445	487	463	477	493	463	466	482	460	478	585	581	535	483	522	486	448	437	431	456	432	453	352	397	408	399	373	395	383	391	407	408	366	351	309	310
359	353	340	306	375	415	481	425	497	538	487	475	471	456	465	454	434	366	380	404	320	268	356	338	333	372	360	356	323	281	390	448	501	441	362	373	368	407	405	419	395	380	326	401	434	419	398	385	396	469	422	396	407	392	351	382	306	290	319	354	359	362	400	452	454	417	445	382	373	470	443	380	363	367	399	385	392	463	490	409	438	477	508	532	517	529	474	415	430	423	443	459	447	434	452	475	512	428	444	433	465	434	406	427	383	342	273	328	343	358	329	339	369	392	376	398	381	373	370	352
286	303	340	300	410	506	413	406	500	538	484	528	513	479	414	327	363	346	324	340	245	278	289	248	335	339	263	269	296	378	473	535	601	552	443	395	312	331	360	421	386	404	376	422	510	452	426	463	472	469	481	404	399	337	335	324	317	313	336	384	393	385	381	396	437	447	467	442	456	518	488	441	483	420	377	345	384	445	480	419	417	444	510	565	554	525	474	386	421	405	356	385	373	421	392	382	424	416	367	423	429	429	369	394	396	368	306	265	266	279	315	322	368	333	338	341	378	399	384	381
292	310	309	410	485	367	377	344	359	388	335	365	421	414	306	305	316	349	297	295	260	282	286	278	243	238	246	316	307	397	445	483	455	423	396	384	329	362	380	355	362	422	426	449	430	444	478	493	361	328	357	357	380	338	290	255	317	286	283	368	397	370	374	366	374	430	384	396	451	486	494	470	476	445	434	343	369	367	390	394	426	391	495	544	524	495	446	471	432	362	315	336	387	399	410	380	314	347	404	401	428	368	345	368	390	498	394	292	272	282	298	337	364	384	376	361	348	368	388	367
332	398	450	488	364	321	320	270	313	352	327	318	331	309	298	325	332	287	278	292	244	262	319	335	252	308	330	342	409	370	328	309	247	295	296	358	362	431	403	410	474	487	405	443	461	416	507	468	372	298	324	339	331	295	313	276	297	255	262	344	352	380	367	361	358	319	319	419	457	436	491	556	453	462	420	443	361	336	336	311	336	380	430	503	548	510	457	415	390	329	293	352	336	333	375	344	278	322	374	405	443	407	337	402	518	582	486	382	413	327	316	351	357	408	374	377	359	369	395	345
342	432	514	508	422	369	483	291	310	285	328	330	345	310	317	374	375	354	267	281	266	332	385	379	267	288	315	333	392	458	425	312	256	284	299	392	378	327	345	406	356	341	392	447	551	538	502	445	403	321	290	263	265	253	282	266	286	286	315	426	390	375	339	320	292	314	335	407	477	477	475	475	473	425	416	463	415	368	336	279	364	360	434	462	505	520	439	344	383	339	315	290	291	293	396	385	350	344	332	331	379	385	412	417	345	497	489	473	488	451	437	456	393	389	372	367	404	410	410	342
410	438	504	614	475	381	342	296	337	280	291	372	345	314	387	402	417	354	333	285	250	326	364	307	281	263	289	329	395	419	368	262	244	213	227	258	268	317	299	312	319	399	493	505	506	526	587	466	437	393	372	307	310	286	295	273	305	310	365	443	426	444	410	380	351	421	416	404	454	477	489	455	394	434	435	372	318	291	387	282	295	323	381	467	511	499	434	424	431	403	377	339	308	275	361	331	318	346	323	332	351	429	471	399	315	418	500	474	442	429	409	436	400	348	328	365	375	372	357	326
317	340	351	396	399	343	344	302	311	316	352	355	327	346	403	438	389	401	506	491	329	258	278	291	327	316	360	371	464	387	309	257	274	268	234	218	207	248	244	287	416	511	676	681	504	486	587	614	590	540	563	389	403	428	301	283	334	322	318	402	450	466	444	442	523	539	531	506	504	515	521	497	500	471	448	373	268	265	327	264	257	274	332	409	511	489	410	462	479	415	342	308	301	242	242	281	341	370	335	348	387	465	473	429	353	396	498	432	462	452	483	450	393	325	357	347	358	346	346	288
279	305	338	338	374	380	373	313	349	349	369	374	331	377	359	365	391	445	539	498	310	234	246	331	388	459	516	451	411	345	305	257	276	337	294	269	215	183	213	258	341	369	491	471	520	567	525	569	617	626	481	389	457	443	394	456	382	330	372	406	417	419	408	463	528	568	623	579	582	574	501	508	498	468	402	347	279	352	308	295	313	288	300	342	403	467	416	472	487	480	398	357	345	286	241	272	306	349	425	449	400	425	480	414	360	364	378	444	433	465	470	400	351	378	369	318	315	277	267	283
275	264	303	321	328	335	376	317	379	403	341	311	328	358	352	356	375	380	422	431	368	252	221	276	377	476	525	508	407	374	345	338	298	330	344	262	237	186	227	311	328	344	352	367	454	483	485	538	577	569	414	402	485	495	483	462	445	409	375	402	386	476	434	468	498	535	567	512	507	579	508	491	494	439	467	460	370	307	330	312	348	330	352	377	386	427	466	504	609	489	472	384	386	374	289	311	335	380	426	457	419	464	470	452	415	345	327	423	439	444	489	472	375	358	319	263	249	224	217	217
363	318	328	272	305	344	351	318	333	352	279	248	295	320	316	313	285	312	422	440	350	309	215	219	294	392	430	394	409	481	398	386	395	418	413	280	238	250	237	269	292	327	348	341	427	598	556	463	467	484	406	340	405	482	528	504	454	472	396	410	459	488	464	493	533	511	507	493	514	502	505	495	494	487	520	488	479	374	336	321	429	301	391	423	481	381	497	536	642	505	478	418	399	379	419	430	349	364	464	470	476	489	479	465	487	374	327	387	433	458	474	397	381	304	277	269	237	233	232	171
294	294	270	217	245	280	339	305	301	343	321	290	259	279	281	272	275	314	348	328	262	334	282	253	269	331	363	320	347	400	435	339	320	275	263	295	292	281	297	284	301	303	313	391	414	511	509	389	436	437	479	414	419	526	580	496	444	404	395	389	442	462	448	430	491	446	446	412	458	489	496	531	727	608	563	535	432	391	478	415	407	372	366	383	406	401	526	547	456	494	363	379	421	343	334	384	337	325	379	440	431	404	441	449	445	438	403	357	506	446	368	347	316	338	278	228	243	245	237	175
282	295	298	259	261	268	301	292	293	348	300	259	289	243	244	281	287	289	304	324	323	343	348	292	262	281	256	330	338	342	350	317	299	299	282	326	309	331	287	295	320	343	315	419	458	511	479	403	370	442	510	436	439	437	434	439	421	415	378	403	483	460	400	405	396	408	409	483	484	500	522	509	649	647	632	512	462	378	417	381	284	308	355	280	323	489	505	491	339	320	337	336	423	397	408	367	329	310	368	403	401	435	436	461	438	431	444	454	445	417	354	315	269	269	204	242	276	250	231	164
338	328	337	307	286	282	293	308	272	250	228	227	284	255	216	236	249	288	299	289	273	288	269	293	256	243	243	297	312	332	345	285	285	314	347	375	335	340	327	290	310	322	299	320	347	404	442	339	295	309	332	414	425	376	393	492	395	423	368	424	339	340	329	360	405	442	417	490	499	479	490	498	628	496	478	455	411	395	386	444	379	315	342	421	372	427	432	487	430	317	358	396	483	443	448	414	413	398	376	445	420	445	443	436	404	468	432	420	425	371	314	317	385	223	265	273	291	268	179	126
383	368	340	328	260	293	287	299	257	219	230	244	252	257	227	242	290	347	327	286	247	264	262	257	261	248	249	265	319	311	332	234	253	297	249	272	293	285	350	266	266	274	316	296	346	406	409	340	238	267	302	348	336	348	410	472	418	387	334	340	266	263	354	347	365	360	373	445	447	464	485	502	506	493	396	390	420	436	464	466	501	470	376	388	403	291	369	449	390	340	396	430	483	494	431	364	361	418	344	400	427	466	402	375	397	508	458	474	420	373	308	320	315	258	269	272	257	240	187	129
314	285	285	296	261	263	313	339	283	246	255	269	288	277	285	271	285	381	384	442	358	364	307	298	311	333	260	296	359	324	334	242	250	297	316	300	302	282	300	290	304	296	291	318	361	403	435	445	342	272	311	356	292	368	404	363	341	338	342	283	248	280	356	368	303	316	333	384	417	470	470	482	492	469	437	378	444	476	414	426	481	452	300	299	339	316	399	421	406	398	468	521	469	461	469	423	403	388	368	372	445	441	397	415	500	514	417	477	398	321	305	333	309	308	319	274	289	225	179	126
276	253	267	261	236	246	310	302	277	266	272	251	266	238	218	201	300	359	397	365	378	387	300	303	320	381	331	307	290	362	317	276	240	288	339	334	340	314	301	305	315	308	320	369	385	401	440	424	342	309	255	261	292	352	390	343	330	383	392	354	328	369	429	403	341	354	326	396	465	476	487	467	474	431	470	461	468	474	492	467	476	457	348	377	483	446	497	507	439	411	490	733	527	456	397	410	411	371	377	453	379	390	389	420	415	434	422	459	400	460	333	319	323	334	337	239	226	178	182	146
243	273	313	296	222	216	276	273	256	264	266	244	224	293	240	190	276	253	264	291	315	327	283	259	272	359	342	307	303	322	332	261	238	257	268	371	330	335	326	302	315	350	422	402	430	449	440	408	385	326	289	248	264	307	372	401	421	444	442	422	386	387	440	462	387	326	319	396	474	495	489	478	438	441	470	425	443	490	507	522	466	379	322	338	495	468	472	494	492	477	489	627	606	466	367	365	371	361	378	380	375	354	353	399	418	377	381	478	480	454	392	349	355	327	272	207	157	146	221	173
218	244	235	209	213	225	251	265	281	269	231	248	208	195	242	236	238	249	248	285	272	265	293	240	243	238	280	283	338	308	269	224	256	273	305	311	306	300	296	307	332	336	379	410	384	404	458	376	373	373	376	338	322	324	353	339	318	359	399	404	397	336	395	426	408	348	392	403	422	468	463	431	448	466	473	478	461	501	540	506	397	391	497	380	433	506	505	503	521	513	440	452	462	394	352	393	353	346	397	374	360	367	368	383	442	408	385	481	482	505	421	364	353	271	263	171	175	210	270	167
205	219	196	157	209	218	184	251	259	232	249	261	235	237	247	250	270	266	257	269	289	282	256	286	261	212	222	237	301	294	254	237	214	202	216	249	255	274	289	292	378	344	338	377	388	390	377	343	436	406	378	400	424	396	349	305	256	218	214	289	335	374	339	329	323	311	379	390	371	474	458	408	449	439	439	471	496	504	565	485	409	433	463	356	462	480	511	569	606	601	506	488	425	336	308	385	364	450	463	423	360	389	402	461	376	470	458	493	496	502	402	350	364	292	357	259	170	258	232	217
233	200	167	170	179	178	153	251	225	216	246	251	249	241	250	279	311	341	325	295	302	275	238	262	274	270	194	199	242	266	247	219	220	205	190	230	235	265	281	287	340	355	326	326	424	379	351	460	440	454	572	461	438	364	310	246	238	305	315	296	355	384	352	365	329	324	340	399	400	415	437	459	477	442	418	450	505	519	515	493	446	470	494	391	413	500	484	520	568	651	600	508	454	309	337	340	439	506	454	390	366	426	444	424	368	396	366	500	528	506	444	297	319	273	359	277	244	262	243	193
182	181	161	130	166	133	125	218	191	199	202	233	175	190	236	229	274	304	293	296	319	312	268	203	243	271	240	229	249	261	285	227	255	278	309	293	322	328	290	294	341	376	359	311	298	316	352	470	450	425	498	507	461	333	284	267	281	311	361	270	295	358	387	355	355	333	317	364	423	443	387	461	478	443	444	466	499	515	515	497	484	472	521	473	403	394	429	467	486	523	532	372	443	360	331	332	373	475	437	377	339	329	344	338	331	357	332	426	460	481	371	278	260	273	287	272	295	328	246	198
198	182	168	96.3	134	109	73.9	164	159	178	192	166	138	197	183	180	204	243	242	234	292	311	265	251	242	236	275	268	285	326	344	237	217	252	264	252	283	328	283	300	345	356	319	297	309	352	366	459	426	403	400	368	455	334	393	389	355	321	359	268	278	335	384	387	397	367	313	301	339	372	391	424	455	441	470	486	497	502	497	497	492	480	506	481	403	443	483	468	477	532	501	444	446	432	343	329	365	398	436	385	339	318	301	292	372	319	344	368	349	324	397	274	238	251	222	200	206	221	209	195
202	149	115	103	104	119	87.6	97.8	131	136	131	138	202	146	138	159	195	190	185	202	231	199	219	271	251	298	232	252	309	293	290	267	234	212	202	205	330	352	243	277	316	344	325	280	280	320	380	453	500	386	378	329	405	329	332	356	333	295	261	393	335	359	337	419	353	276	305	295	308	317	359	418	419	429	476	485	497	521	519	477	471	454	476	458	425	475	510	622	475	470	498	563	492	498	458	388	437	464	459	404	341	292	270	317	368	409	384	488	414	323	334	295	258	211	214	172	169	184	181	153
148	165	111	106	104	108	94.3	98.2	124	119	132	152	181	151	182	166	188	226	211	181	212	227	210	217	201	207	214	209	216	252	242	233	213	221	236	200	211	237	265	311	275	367	311	269	279	296	363	466	425	368	353	454	373	360	378	348	414	343	306	359	344	343	265	330	322	310	354	375	340	320	385	437	426	442	437	495	504	520	508	456	452	432	495	502	408	433	502	462	438	484	467	497	473	434	476	401	401	392	383	351	371	344	297	286	351	375	431	383	395	358	284	295	246	218	267	211	222	206	144	156
167	193	147	142	116	113	106	99.8	102	124	140	144	145	171	150	147	138	126	122	168	225	255	213	221	195	190	210	195	189	200	203	179	178	166	224	186	201	195	212	229	210	221	243	228	219	300	348	415	419	381	416	391	345	342	447	396	491	445	412	361	355	315	280	349	373	381	381	425	438	402	350	438	435	417	405	436	502	523	513	453	467	455	477	466	448	471	392	356	432	462	409	350	430	384	349	414	320	369	432	390	366	344	294	299	315	382	420	389	357	226	195	299	225	266	240	178	196	183	167	155
214	158	143	169	138	112	98.6	140	126	109	134	177	147	159	187	159	128	87.1	97.1	129	159	196	202	191	178	176	187	180	182	186	204	161	147	143	171	171	222	217	321	258	249	247	261	291	284	276	273	319	369	376	435	314	354	432	439	385	396	443	433	432	470	432	409	398	381	324	354	445	488	427	389	457	428	439	413	445	473	497	506	466	451	490	429	437	456	451	333	314	346	366	322	265	336	340	406	412	327	385	478	455	442	364	294	246	301	381	408	393	340	275	266	274	257	230	322	227	135	155	114	113
264	203	152	160	168	133	130	147	106	74.1	96.8	144	138	118	113	131	121	92.3	103	109	136	169	161	172	178	202	184	183	214	200	182	142	159	171	186	219	227	240	246	282	306	263	322	397	352	285	387	376	422	407	419	298	304	430	468	449	450	490	454	460	532	643	431	408	384	326	334	399	441	433	433	447	426	457	458	480	473	484	459	433	401	411	365	394	369	339	311	371	319	333	355	301	348	326	316	322	326	414	423	451	388	319	307	356	339	417	453	492	468	374	308	265	250	208	188	144	109	104	101	104
301	280	268	246	233	178	183	150	118	124	108	94.8	113	107	123	82.4	73.8	72.9	75.9	113	155	175	182	186	175	198	207	200	184	166	172	167	170	200	198	304	273	269	218	257	293	310	283	295	321	315	471	439	417	362	349	309	328	348	437	475	558	455	455	504	558	617	490	396	356	319	334	394	445	424	434	410	407	459	508	473	452	449	395	395	424	412	410	334	331	324	426	358	274	334	293	302	361	354	266	284	357	420	405	349	288	292	312	386	380	408	447	495	497	450	367	305	258	211	160	143	116	77.9	80	99.7
265	339	316	276	227	204	163	150	152	162	122	110	112	120	120	91.7	70.1	70	89.2	156	180	193	186	209	203	227	234	194	185	157	156	156	169	186	194	300	268	266	241	375	313	285	306	272	283	387	381	331	350	368	318	320	331	310	413	486	479	436	490	513	608	609	462	401	411	458	328	378	397	404	387	400	402	452	483	401	380	349	346	364	413	437	413	334	325	358	427	361	263	214	202	252	393	325	329	324	358	367	352	309	284	258	289	398	446	454	467	540	598	501	380	351	264	199	176	168	115	83.8	85.5	139
192	260	295	401	348	249	183	140	121	138	138	129	137	128	120	119	97.4	111	115	172	172	178	193	221	225	237	271	196	161	163	170	159	171	184	194	207	221	412	372	362	351	351	329	379	364	436	403	355	357	335	310	294	289	317	342	450	473	411	444	390	432	451	409	461	467	479	423	408	435	414	367	401	394	376	393	315	323	451	367	287	305	306	356	371	335	402	346	345	261	202	178	352	344	244	272	291	337	302	298	269	288	278	351	432	440	529	473	559	628	507	408	399	315	221	174	154	146	99.4	85.5	104
136	205	317	306	307	236	215	203	153	158	174	152	140	135	143	150	130	150	168	162	184	222	210	189	215	227	244	205	152	175	185	184	174	177	185	222	216	283	291	369	282	335	347	454	492	494	534	391	344	324	294	334	316	346	381	357	440	415	333	353	386	406	447	429	423	395	388	409	419	424	431	431	391	443	390	315	247	374	388	285	227	251	287	284	291	306	279	284	222	237	215	195	213	207	241	332	383	344	294	267	387	391	375	385	449	476	480	469	523	522	475	408	313	239	165	143	122	97.4	91.6	115
134	174	213	211	158	133	140	196	233	225	203	166	169	191	179	191	190	173	214	212	195	214	193	185	206	201	211	187	203	219	229	180	180	196	197	209	230	176	183	298	295	296	294	426	397	425	514	404	361	284	279	286	426	387	404	426	452	429	402	349	418	344	294	400	428	379	400	426	364	364	445	469	411	430	388	319	287	392	399	305	296	290	274	290	304	282	278	334	322	264	244	207	229	229	294	357	313	308	330	362	363	339	425	386	420	456	477	414	542	494	425	398	309	207	174	139	106	115	125	111
132	178	182	165	116	116	119	179	245	274	263	202	217	219	181	166	210	182	196	234	197	204	191	183	221	269	219	206	197	220	218	172	192	214	232	228	193	183	170	268	259	298	259	286	230	280	310	276	263	253	237	279	325	353	394	379	445	529	456	341	314	249	267	369	388	363	397	402	370	377	437	411	387	370	363	395	378	415	364	304	335	306	284	295	307	314	285	324	354	265	245	279	278	269	296	311	291	293	343	357	356	287	369	431	470	434	457	397	525	476	361	331	323	265	225	140	120	118	115	112
122	163	167	147	122	120	117	149	219	244	249	201	198	198	159	147	173	217	186	195	164	153	195	202	166	183	207	213	196	192	175	167	187	203	186	198	207	195	175	229	262	236	191	273	193	195	166	200	228	206	226	283	375	354	407	360	323	408	392	341	317	320	311	368	350	351	387	350	357	410	418	357	406	315	332	355	348	308	238	236	257	278	278	318	308	313	290	309	311	277	206	350	412	365	308	284	289	314	329	295	278	257	357	462	470	448	415	415	468	404	349	378	351	285	172	149	148	113	121	134
110	114	138	145	114	92	78.1	103	164	212	198	183	182	194	174	150	157	184	196	172	170	177	171	181	160	164	182	207	218	208	204	187	202	201	185	192	181	159	149	173	200	202	159	164	250	277	165	160	306	323	289	267	293	378	388	423	340	335	342	370	393	403	345	346	331	334	349	341	358	368	344	308	327	291	282	268	289	267	214	252	272	264	288	312	287	285	281	289	297	275	261	320	348	275	349	361	293	323	262	212	256	211	279	337	337	371	366	415	466	396	344	353	328	267	227	187	133	136	105	90.1
111	101	97.8	117	112	104	84.9	75.9	90.5	132	182	166	175	167	165	176	187	179	168	181	164	165	164	167	146	156	164	189	191	233	222	193	199	192	187	160	144	145	139	156	159	135	157	202	153	190	127	148	165	237	281	247	265	317	347	379	363	398	360	372	394	398	363	321	308	338	311	304	303	345	374	342	282	255	279	324	332	391	306	273	272	276	327	330	292	314	293	275	256	254	249	292	278	225	329	343	313	347	286	247	255	238	238	320	347	342	346	358	378	376	362	316	287	264	241	194	141	111	99.6	84.8
112	97.3	97.6	80.8	98.4	116	99.7	82.4	74.3	93.2	136	129	120	144	155	193	187	173	197	199	188	211	181	179	189	174	193	234	235	254	233	197	192	185	173	157	150	148	155	158	146	116	133	117	157	184	139	161	177	222	254	287	327	256	286	309	322	367	392	417	395	369	336	339	360	339	345	300	275	286	328	303	251	213	257	306	312	293	362	277	309	295	321	316	284	252	271	242	232	259	244	292	241	224	235	226	257	303	313	331	267	228	244	354	370	319	329	333	331	404	396	303	282	254	229	216	181	122	111	128
93.8	98	95.7	81.4	86.4	99.7	94.9	74	64.9	78.7	86.6	95.8	77.4	98.7	96.6	161	167	142	132	158	182	188	173	156	164	182	185	232	275	295	217	191	195	194	169	147	146	145	161	155	131	101	110	94.8	144	187	158	164	174	183	192	200	209	259	269	254	289	282	309	343	356	390	397	382	377	383	360	330	291	269	288	283	272	249	265	267	310	268	310	293	306	308	329	274	238	257	228	233	248	271	245	250	227	199	193	238	277	308	298	312	239	199	229	331	366	360	349	314	337	417	395	290	265	272	233	233	233	165	117	125
74.1	88.1	84.3	70.8	62.3	77.2	83.9	89.1	69.6	79.9	77.7	77.5	70.5	73	73.4	90.6	118	122	125	125	133	142	138	131	147	171	182	193	225	217	206	199	197	201	179	151	143	138	124	128	116	106	109	103	146	160	178	162	179	189	140	135	198	200	183	184	240	299	308	313	326	404	404	354	350	349	351	298	243	256	290	299	283	262	275	283	308	300	284	295	313	288	275	255	234	275	274	267	282	285	239	196	267	240	256	291	255	240	264	270	268	200	242	331	348	353	320	290	311	330	332	277	260	278	254	237	225	159	141	119
66.4	78.8	79.1	61.1	59.5	59.5	81.1	68.1	81	73.8	59.9	66.5	79.4	67.8	72.1	71.6	79.8	101	127	129	117	131	145	137	142	146	163	218	236	223	231	221	208	191	183	159	148	133	116	104	98.8	102	115	110	130	160	160	186	159	187	199	178	207	215	195	155	180	207	300	309	357	424	396	356	344	306	311	267	236	232	293	274	242	273	283	257	278	338	354	309	313	257	266	232	218	243	237	257	272	256	239	233	206	214	233	253	206	246	245	295	333	256	280	317	327	331	279	276	290	279	276	264	258	275	220	224	221	157	144	125
67.6	68.4	71.3	60.2	67.9	63.1	75.7	63.4	53.2	53.3	55	66.9	67.7	62.2	72.4	71.5	70.8	109	153	154	141	142	168	187	147	146	167	201	240	292	286	254	208	193	178	169	157	140	120	110	122	101	103	103	94.1	104	106	142	167	187	164	157	196	207	204	181	171	175	256	275	281	364	424	351	338	296	330	273	246	224	253	268	280	308	305	262	293	313	289	279	278	258	267	235	256	274	264	248	250	272	272	279	213	229	267	256	269	262	259	310	352	332	275	296	319	305	270	259	287	250	246	257	276	269	223	182	191	187	166	136
77.3	87.6	79.6	68.5	64.2	54.7	62.5	61.1	53	51.8	49.8	64.2	59	55.4	60.7	82.5	79.2	82.4	123	127	160	138	169	160	163	173	226	246	288	285	282	240	214	193	177	168	145	137	126	110	95.7	80	78	76.2	80.1	66.1	80.3	109	125	136	134	119	121	201	220	200	244	203	215	233	288	320	358	286	327	329	326	305	257	225	209	242	257	285	287	312	287	310	269	307	282	263	261	242	250	295	285	272	266	290	296	282	240	247	274	291	268	262	267	295	311	294	299	331	346	329	297	296	287	219	244	265	267	283	253	230	193	146	132	135
55.9	57.3	62.1	39.4	38.9	49.6	33.2	38.6	39.9	44.9	40.8	51.3	53	59.4	65.3	69.5	68	76.6	80.7	99.7	135	129	150	203	184	188	223	255	319	284	274	207	207	215	173	144	142	130	118	106	82.1	78.3	64.3	85.9	102	96.1	105	63.9	84.7	85.2	107	125	150	170	200	170	182	191	199	191	269	308	243	241	269	280	278	310	294	239	225	219	269	288	290	291	281	281	309	363	304	268	269	279	289	326	339	351	291	279	321	318	293	274	301	343	267	268	313	311	299	334	288	330	391	348	318	340	280	239	270	279	308	312	294	267	190	177	136	148
35.7	40.1	28.6	40.1	61.6	44.9	36.1	32.8	34.9	39.1	33.7	44.8	54.2	60.7	72.4	60.1	63.8	68.6	87.7	82	105	125	145	171	167	183	188	214	249	245	238	205	199	183	169	152	134	119	105	83.5	73.1	78.5	91.8	94.4	72.8	71.3	69.1	49.7	61.1	74.8	83.1	99.3	107	156	177	123	162	179	205	186	201	234	228	244	251	233	254	286	309	264	225	244	248	247	264	258	283	289	337	347	330	318	307	284	306	326	292	304	295	286	308	303	278	267	261	314	292	253	285	302	310	315	330	357	382	348	329	328	278	244	259	288	288	332	304	309	230	218	161	147
17.5	14.7	14.8	28.3	67	25.3	30.1	43.5	36.2	33.6	32.6	38.5	56.4	68.6	52.8	54.4	56.9	57.4	64.5	86	87.3	117	124	152	149	157	165	191	220	228	225	197	191	185	178	131	105	94.8	82.5	72	70.6	62.3	76.6	91.6	65.6	81.8	92.9	48.5	42.7	64.8	71.6	77.1	97.4	175	181	132	130	137	190	217	212	227	262	229	270	229	236	282	312	273	255	252	245	250	244	236	287	306	350	359	370	357	336	308	328	338	264	239	229	281	299	262	248	262	319	330	295	277	301	306	334	333	331	341	399	406	339	332	302	258	258	260	242	229	223	226	211	199	152	138
30	10.2	10.5	11.5	13.4	14.4	23.7	45.7	31.7	33.8	32.1	43.3	50.8	49.9	47.5	44.5	47.4	50.7	56.9	57.3	93	110	131	126	118	120	135	157	187	205	209	186	178	179	147	109	90.2	79.7	83.7	76.8	77.6	70.6	69.7	81.8	76.8	85.5	78.3	66.3	47.9	71.9	81.6	67.6	109	105	118	127	114	125	163	175	222	214	240	276	277	256	237	252	263	249	252	259	244	248	250	218	274	363	386	401	386	415	351	304	305	338	262	243	230	245	268	237	237	275	303	328	370	361	335	365	360	338	359	347	401	408	380	338	319	306	270	249	237	222	192	199	228	223	186	154
8.71	17	16.1	12.5	8.07	8.53	8.57	11.1	19.8	19.8	22.7	34	39.9	40	39.3	48.7	39	36.5	38.5	35.7	35.1	62.9	83.6	88.4	72.2	71.1	79.4	96.7	99.5	97.4	116	130	137	111	90.8	114	101	84.7	86.9	144	90.4	101	84.8	68.2	69.3	81.6	86	67.8	60.8	76.4	90.1	75.6	72.9	87.3	103	95.7	108	120	135	161	285	229	191	227	253	261	258	271	238	266	273	257	259	270	291	261	292	374	397	375	369	438	411	322	297	372	353	310	274	272	287	288	290	299	314	340	343	390	382	338	360	339	350	375	359	349	352	332	348	332	273	273	256	231	229	222	208	213	184	157
1.49	1.43	5.04	11.5	13.6	5.7	5.64	7.71	8.18	15.6	28.4	33.8	41	48.5	47.2	45.3	38.7	32.5	32	30.3	29.1	40.5	47	71.7	53.9	52.8	61.9	75.1	65.9	70.4	105	122	131	111	90	124	136	95.2	112	159	79.1	92.7	72.3	53.3	59.5	78.1	57	60.9	58.9	73.4	89.9	75	66.4	72.6	92	96.5	97.8	116	139	155	167	180	177	208	218	282	277	321	261	280	283	274	298	302	312	253	256	297	330	348	359	378	359	333	330	354	362	331	333	323	309	302	264	295	354	367	393	414	371	362	332	364	354	367	351	333	336	381	376	340	291	269	264	267	285	284	234	232	215	186
1.15	1.13	1.12	4.35	5.76	9.5	13	10.6	6.13	9.37	18.5	33.4	36.2	27.1	26.9	34.3	36.1	32.1	23.9	24.7	34.8	34.3	34.1	66.2	40.2	38.4	44.4	56.5	52.8	55.1	77.5	139	141	129	111	158	142	134	137	130	89.9	84.4	81.7	60.3	55	59.2	53.7	59	58.3	79.7	82.9	66.4	80.9	74.7	81.1	115	160	167	161	165	115	128	169	157	218	237	235	279	287	273	270	274	236	239	254	233	252	253	321	341	337	329	323	331	282	315	372	349	341	291	302	313	309	297	330	384	430	443	406	363	373	377	380	351	345	330	350	352	368	334	320	299	290	265	272	313	267	240	242	190
1.22	1.2	1.07	4.04	3.99	4.06	7.18	15.3	9.86	6.96	10.3	14	27	33	29.5	29.2	28.7	24.5	20.5	19.8	29.7	34.7	33.4	32.7	30.8	86.3	40.5	40.1	40.7	52.4	63.3	96	151	152	142	189	155	143	125	140	129	91	87.7	80	63.3	62.7	64	55.1	68.4	68.6	70.8	74	81.1	84.2	84.3	102	125	157	162	118	108	108	177	153	179	196	206	212	223	233	245	218	219	237	242	193	210	224	251	262	303	302	283	371	305	318	366	360	341	284	291	306	346	306	306	408	412	429	380	396	377	386	362	349	317	327	349	333	291	290	287	287	291	258	273	277	263	255	253	188
3	0.21	0.27	4.24	4.12	4.11	3.99	7.11	8.94	14.8	10.1	8.46	11.7	16.8	17.7	21.1	23.6	22.6	21.2	25.8	21.8	29.8	28.2	25.9	32.2	58.3	30	20.6	24.1	38	48.2	85.7	137	251	313	265	264	222	186	175	137	124	105	85.4	77.8	76.7	80.4	69.4	77.8	65.4	71.1	69	74.9	75	122	101	87.2	110	142	136	123	130	169	201	188	195	221	205	215	214	220	223	193	249	235	188	165	179	212	236	269	278	322	319	317	387	369	386	371	362	330	295	345	348	319	378	389	374	418	445	372	369	396	352	331	313	359	342	299	286	277	260	254	251	250	232	228	248	211	191
0.48	0.12	0.15	4.12	3.8	3.71	3.61	5.66	5.48	9.73	37.6	6.91	6.09	7.45	10.9	28.6	31.4	21.7	21.2	17.1	21.1	23.4	21.5	19.4	22.8	25.1	22.5	16.1	21.4	20.1	21.6	30.1	73.1	218	318	285	312	310	200	181	180	169	137	98.8	89.8	79.5	85.7	77.7	93.1	124	74.7	66.1	68.9	71.6	89.4	111	83	94.8	115	138	110	104	106	119	124	176	184	189	209	193	191	168	186	210	195	146	143	164	183	257	312	215	259	292	339	335	386	327	323	324	306	303	386	352	326	313	364	406	396	430	392	331	342	316	317	321	391	380	321	292	260	241	229	229	226	229	218	242	217	185
0	0.12	0.21	3.6	3.54	3.5	3.32	5.28	5.1	5.4	14.1	14.7	5.99	5.05	6.69	31.3	29.3	25.4	22.8	20	18.1	20.4	20.3	21	18.5	21.2	20.8	18	14.2	16.1	15.5	21.3	43.1	69.7	151	191	225	301	222	208	228	199	152	123	105	80.4	80	81.5	89.5	95.2	83.3	71.5	68.4	83.5	97.2	101	93.6	88.3	92.2	96.3	91.7	102	92.8	87.8	96.5	145	163	176	193	191	198	192	196	197	211	151	142	167	225	234	326	232	221	246	270	290	382	323	292	263	298	355	343	310	260	305	393	355	363	394	400	372	334	303	297	294	345	361	301	277	278	250	247	249	267	256	245	243	195	173
0.03	0	0.09	3.52	3.56	3.44	3.3	5.31	5.18	4.39	4.12	5.97	10.2	3.93	5.13	10.2	14.1	23.8	20.3	23.4	17.1	21.8	23.9	20.6	19.5	17.8	18.1	20	28.6	24.7	40.5	38.2	39.6	49.5	65.7	122	150	177	191	208	267	221	190	139	113	88.8	79.4	81.7	80.9	82.9	81.5	73.9	77.1	94.4	101	91.2	78.9	77	81.9	84.3	94.9	102	97.4	89.6	86.5	131	137	141	165	172	179	215	262	249	245	165	132	159	207	224	219	231	230	242	244	276	312	267	303	284	332	362	364	304	254	258	316	302	328	286	331	358	342	288	256	264	280	310	292	291	326	251	249	256	252	292	270	288	224	197
