27.9	34.5	41.9	43.2	24.3	13	22.7	33.3	39.1	50.9	56.7	33	58.6	55.6	59.1	59.4	56.8	61	85.8	63.2	98.5	86.2	69.8	119	106	107	85.9	41.4	60.5	88.7	52.2	83.9	92.4	90.8	138	185	186	131	173	208	201	224	303	324	266	272	181	190	243	155	153	130	66.9	84.3	76.7	99.8	176	116	97.1	107	98.9	88.5	104	139	120	95.7	102	110	123	164	133	120	132	160	227	187	173	121	159	217	162	108	82.1	79.7	73	67.2	50.7	49.2	52.2	50.9	53.8	31.3	37.5	45	46.6	30.7	22	25.7	33.8	37.1	44.1	39.4	37.7	32.7	39.2	57.7	65.4	80.2	110	140	102	123	110	149	143	153	189	213	228	217
36.3	51.4	47.8	32.7	23.1	19.5	34.7	34.8	28.9	30.9	49.6	45.3	48.3	42.9	58.5	68.9	63.3	51.9	60.2	46.4	98.1	103	96.8	75.9	115	164	128	87.7	70.6	163	46	120	116	78.7	69	114	105	101	187	192	288	173	304	339	209	234	204	214	151	134	107	91.1	81.5	66.9	31.7	37.4	57.1	102	116	130	125	124	125	129	96.4	72.3	81.8	118	48.5	128	198	121	129	133	189	141	135	128	134	152	136	112	88.2	92.7	97.3	72.7	59.8	85.8	61.5	60.8	62	46.6	45.4	63	72.5	63.9	45.4	38.3	37.8	34.5	48.9	33	32	41.2	40.8	45.3	45.3	52.1	57.6	93.4	76.6	80.6	104	126	113	141	145	153	233	187
50.7	58.6	50.8	45.1	28.2	31.6	41.3	38.8	32	31.5	44.2	48.3	67.8	48.2	55.6	56.6	55.9	63.4	75.7	96.1	114	103	83.6	75.3	87.2	160	111	79.5	82.3	60.3	48.9	156	146	53.4	42.1	53.2	59.5	79.5	108	114	128	150	129	169	187	204	217	191	140	80.6	72.4	89.9	113	59.3	28.5	35.1	36.9	82.1	112	173	127	98	93.5	78.6	64.9	78	72.7	65.4	25.2	127	177	152	142	159	187	172	162	181	167	160	137	114	111	132	124	104	84.8	90.1	75.4	59.1	49.8	46.3	42.9	57.3	60.3	38.2	54	48.8	53.8	50.7	51.9	46.3	31.1	29.2	50.2	47.9	41.8	50.9	64.7	64.1	64.8	54.4	60.2	68.2	97.9	129	132	197	216	162
62.7	52.3	55.5	37.1	40	46.5	48.2	31.3	31	42.6	64.8	67	50.5	46.5	57.9	28.3	36.9	56.7	68	98.5	130	130	125	81.8	121	248	110	85.3	95.4	84.6	115	135	140	139	67.7	78	40.1	71.4	97	94.7	120	88.2	119	148	163	172	167	184	149	89.4	50.5	72	73.9	52.3	29.7	15.7	28.3	74.5	97.5	124	62.7	65	87.4	83.4	77.9	102	83.3	82.9	106	147	190	159	178	166	180	123	126	150	177	163	129	107	116	116	129	123	121	94.1	78.5	66	51.2	31.7	36	56.9	48	48.8	37.3	39.3	61.6	59.7	63.5	61.1	38.4	48.1	73.5	69.3	66.4	51.8	53.2	54.7	36	30.2	31.3	63.6	68.3	73.4	80.8	111	162	155
53.1	48	53.8	39.1	35.8	48.8	45.3	42.1	43.6	64.5	64.3	73.2	64.2	43	29.2	30.1	60.4	41.6	48.6	91.1	102	147	126	92.2	130	134	118	117	140	69.9	187	222	185	129	113	78.9	43.8	54.5	57	91.7	94.7	73.8	103	129	123	150	188	96.4	118	79.5	58.1	68	87.1	36.8	20	6.8	20.1	29	42.4	76.7	64.2	64.2	62.7	61.8	70.7	111	79	105	121	112	136	127	139	118	153	120	123	121	134	114	108	95.2	116	167	113	126	119	126	94.3	79.4	45.5	21.3	45.3	33.2	33.3	38.4	49.2	54.4	57.5	49.7	43.4	40.9	69.9	47.6	67.9	76.5	53.4	55.6	55.7	52.5	38.7	37.7	31.9	37.7	52.7	58.6	95.2	108	133	92.4
55.4	70.5	108	68.6	63.4	59.9	72.2	63.7	71.7	65.2	60.5	63.5	57.7	27.5	44.3	67.8	55.7	30.7	42.4	74.6	71.9	84.3	87.4	146	141	92.7	103	112	161	120	234	126	102	92.9	96.4	56.5	50.7	35.6	31.3	54.5	62.4	76.7	116	121	108	108	92.9	71.6	91.8	80.8	73.9	47.7	48.9	25.8	20.5	16.3	18.2	16.7	17.1	30.1	37.4	35.2	48.9	53.1	70.4	82.1	71.3	161	92.2	59.9	66.2	80.7	114	85.1	101	131	136	105	107	96.9	78.4	80.7	84.7	124	118	110	96.3	129	105	55.1	30.5	18.4	31	36.2	26.9	24.7	37.3	40.8	46.1	58.2	60.9	48.9	55.2	42.8	49.3	56.4	80.1	70.5	55.3	61.7	80.9	24.2	34.7	50.9	44.4	68.2	98.2	106	95.1	59.8
64.1	100	170	99.8	71.1	65.3	74.6	70	96.2	91.8	63.1	69.3	34.7	35.2	64.1	70.6	49.6	49.8	72.3	65.6	115	169	121	184	181	161	147	140	157	121	150	95	65.4	90.5	135	76.2	38.3	37.4	35.2	64	98.9	87.3	104	99.1	91.9	76.7	73.6	72	59.1	82	55.2	37.1	26.8	26.5	14.1	16.1	18.5	7.42	16	22.3	22.3	37.9	41.2	45.9	60.8	58.4	69.2	69.9	82.1	68.7	55.9	79.3	71.7	31.6	47.4	83.4	99.9	124	111	101	103	87.3	85.5	129	106	95.1	79.4	85.4	75.3	31.3	21.1	18.3	26.6	48.3	40.1	30.7	35.9	44.2	35.4	26.2	20	14.9	28.2	32.4	30.1	37.6	70.3	36	26.1	27.8	33.5	29.9	22.1	44.2	58	74.3	75.5	58.8	70.8	82.7
58.1	93.8	137	92.8	63.3	77	89	101	80.4	112	101	94.6	50.5	59	60.5	59	54.3	61.4	81.1	89.8	122	183	198	220	279	277	489	281	193	119	108	97	77.8	111	169	102	54.8	44.2	40	69.2	112	105	91.4	97.5	90.9	63.4	48.1	43.4	54.3	38.6	26.8	25.3	22.6	13	11.5	8.9	12.3	5.49	10.9	20.3	24.5	18.3	25.9	26.9	36.1	63.8	77.3	62.8	54.5	44	46	55.4	47.6	58.5	73.2	65.1	87.5	101	111	137	96.4	85.2	118	128	119	114	78.3	72.8	55.1	43.9	17.4	18.5	31.6	45	28.6	36.1	32.7	36.1	26.1	49	27.1	26.2	55	27.8	47.7	34.3	18.8	27.7	23.6	25.4	35.1	29.2	30	31.1	48.4	49.6	60.4	46.7	55.3	40.3
51.5	94.5	91	74.1	70.8	91.9	92.2	83.2	112	126	139	81.5	52.7	69.4	73.6	110	97.2	94.8	80	117	147	219	351	325	335	332	473	359	272	215	122	73.3	105	147	121	101	53.8	53.5	34.5	61.3	76.8	71.3	56	83.9	68.7	79.7	83.6	71.7	61.1	45.4	37.5	25.2	19.3	13.8	12.9	17.1	16.3	3.7	5.57	27.4	30.3	28.3	33	63.7	39.6	48.8	32.1	53.7	68.8	71.1	57.4	45.8	57.6	43.6	72.3	70.3	69.1	117	128	125	89.2	82.4	112	116	101	82.4	74.3	71.6	36.6	28.9	18.9	18.6	36.1	27.8	15.8	32.3	35.9	29.8	12.7	15.1	41.7	11.5	57.8	39.4	29.6	24.9	13.8	19.9	24.4	38.9	31.6	26.6	19	31.6	56.8	50.7	48.5	33.6	45.3	39.7
61.6	71.6	77.8	82.8	96.5	102	116	74.5	121	113	129	109	101	123	118	116	118	127	171	198	209	295	482	399	367	440	439	324	248	174	92.8	99.1	99.5	71.1	58.6	63.2	87.6	70.6	33.2	41.5	32.3	44.5	46	74.7	68.8	91.4	90.3	52.6	34.8	29.9	19.1	14.8	14.9	14.8	15.3	9.62	11.7	7.34	9.79	67.3	56.2	35.8	18.7	50.5	19	21.1	37.1	62.8	96	59.8	47.4	47.5	42.3	44.7	57.5	62.1	68.5	90.6	112	104	91.1	107	106	91.4	75.2	67.2	68.5	54.2	31.9	35.1	24.9	23.5	37.8	18.4	14.7	28	22.5	13	2.17	0.36	14	19.6	19.4	52.4	18.7	24.1	10.2	16.5	19.2	16.7	22.9	22.9	12.2	19.1	40.3	38.9	26.5	23.5	23	35.9
86.1	77.4	92.5	106	130	129	129	90.7	75.9	111	108	121	152	160	120	127	153	189	220	346	412	433	477	445	475	393	330	271	310	167	90.2	110	79.8	59.8	47.1	82.3	168	74.7	57.2	47.6	38.7	54.8	58.9	86.9	91	73.9	51.6	39.4	20.5	13.4	10.5	14.6	14.6	14.6	14.3	9.51	9.78	7.42	32.9	70.9	33.2	39.8	32	24.8	15.8	25.2	54.3	56.5	60.2	37.4	28.6	57.5	42.5	39.5	46	57.5	68.5	105	89.8	49.2	86.8	83.3	62.1	57.9	39.4	47.4	55.6	42.5	33.3	41.2	27.1	22	33.3	46.3	33.9	48.2	35.8	19.6	3.44	0.84	3.99	21.8	25.1	36.5	16.1	10.3	15.5	32.8	12.5	23.6	30.3	7.23	17.9	22.4	21.4	21.7	20.3	14.4	15.2	22.2
58.7	61.2	108	101	118	132	128	78.7	71.7	100	165	163	168	205	140	172	198	199	225	378	466	400	330	319	404	463	292	272	170	158	80.5	89.1	88.2	52.6	49.1	93.2	87.1	42.7	78.1	60.4	48.8	65.7	67.3	66.7	69.8	57.6	29.2	23.6	24.3	15.4	13.6	15.8	13.2	13.5	14.5	7.47	9.62	8.37	21.9	33.2	28.8	28.8	44	25.7	33.5	47.9	54.1	47	51	33.3	35.9	42.8	36.8	35.9	38.9	41.4	50.9	69	73.6	58	82.8	68.9	53.3	55.4	39.5	59	35	43.6	55.1	58.5	25.9	19.3	33.1	50.2	58.9	48	32.3	9.53	8.11	5.43	0	0.39	0.03	20.2	12	19.5	17.7	22.8	6.36	4.38	9.78	13.3	28.1	10.6	12.4	13.5	16.3	6.3	5.43	18.4
65.5	69.3	89.3	117	83.6	118	147	90.3	95.9	161	201	206	167	167	190	201	150	155	165	254	337	337	281	228	405	372	298	312	272	145	94.9	122	90.5	47.9	90.3	58.8	23.2	32.4	62.9	92.4	49.5	41.8	41.9	50	48.2	73.3	64.3	20.4	28.6	18.3	21.9	23.3	15.2	14.3	12.9	6.05	15.3	14.8	12.3	23.3	27.7	14.8	31.5	17.6	53.1	61	38.7	43.7	63.4	33.5	32.3	67.7	42.3	38.9	45	47	45.3	53.9	61.6	55.9	50.1	53.9	75.4	54.3	47.8	42.7	43.4	46	51.7	39.9	30.6	22.8	28.6	52.6	68.9	72.5	34.6	8.3	3.22	0.75	0	0.21	0	7.68	6.81	1.32	5.85	11	10.6	8.76	8.58	15.1	16.1	7.83	6.12	9.69	17.8	14.8	13.3	14
54.3	58.6	80.5	98.2	106	120	135	147	156	300	204	203	164	162	183	221	259	177	176	186	225	223	165	159	197	239	271	219	172	131	194	120	79.4	56.4	92.6	41.4	26.2	30.7	44.5	54.1	39.7	43.6	28.6	35.6	33.7	41.3	26	16.1	26.2	21.2	29.3	27.7	23.6	11.5	10.3	7.05	9.04	9.36	13.8	6.3	10.5	16.1	17.9	29.1	41.3	29	35.2	52.7	85.7	66	51.6	62.2	36.7	31.8	37.6	47	58.2	55.9	54.9	43.9	57.1	68.2	38	65.7	46.1	65.5	51	35	31.8	20.9	23.7	16.9	20	27.4	41.6	39.8	7.2	1.16	1.3	0	0	0.12	0.06	8.19	0	0.09	5.91	11.5	20.9	9.48	14.2	11.2	15.8	6.93	6.09	14.3	13	10.2	8.4	8.1
72.4	118	95.4	89.5	150	123	130	220	279	221	219	163	141	178	276	267	222	180	186	153	133	138	166	167	190	219	291	266	134	162	486	227	106	69.4	66.9	42.8	37.6	27.8	37.5	53.8	37	52.6	36.8	33.2	26.4	30.5	29.2	32.1	26.7	33.4	54.8	35.7	30.5	29.3	20.7	14.8	11.1	16.4	23.7	20.1	40.9	29.8	20.7	33.7	56.1	50	49.8	75.2	99.4	76	58.7	38.4	24.1	18.1	27.9	49.8	51	60.9	38.4	76.6	61.7	59.4	42.8	40	70.2	63.9	42.6	32.5	24.5	24.1	29.6	26.8	16.4	10.1	17	14.5	7.37	4.24	3.46	0.75	7.59	0	0.39	0.54	0	0	0	6.72	9.42	9.03	11.6	12.4	11.1	8.85	7.23	3.54	1.08	5.22	10.9	16.7
127	159	157	121	120	132	144	235	177	144	201	164	150	151	227	187	191	286	196	158	157	196	178	202	187	486	472	273	291	298	347	262	112	57.1	63.8	74.5	54	47.1	38.4	51.6	40.8	36	58.7	72.9	69	72.8	46.3	35	33.3	28.8	34.2	38.6	40.6	40.9	27.3	31.1	21.3	28	22.8	18.7	57.4	86.2	65.8	43.9	54.5	56.7	63	101	132	130	78	41.6	18.6	16	34.9	50.2	56.6	64.3	31.5	61.2	54.9	64.9	42.4	62.2	107	78.7	41.7	35.5	37.9	25.9	27.1	17.9	17.6	10	6.44	7.37	13.8	9.73	4.52	2.73	3.06	0.12	2.67	0.3	0	0	0	6.6	9.15	8.46	0.18	0.27	0.09	1.62	4.2	3.9	1.53	6	8.52	9.33
137	212	221	155	181	180	153	251	268	242	226	158	160	184	284	247	155	158	157	161	204	211	185	205	256	502	619	235	280	270	157	141	95.9	77.5	103	73.1	60.8	89.7	67.2	67.6	60	56.3	66.8	75.4	91	54.2	28.5	34.6	30.3	31.4	51	51.2	50.8	48.7	32.3	26.1	32.5	27.8	12.7	26.4	35.5	43.3	50	50	60.8	72.4	64.1	91.2	86.3	96.8	96.1	63.4	31.5	29.3	35.4	71.5	83.1	52.7	33.4	18.8	49.2	52.5	52.5	90.3	111	95.1	83.2	76.4	61.5	49.2	36.5	28.2	15.2	11.7	2.43	1.51	5.04	3.53	1.45	3.39	0	12.9	0	0	0.03	0.09	0.03	0	4.38	14.1	8.85	8.46	9.24	2.31	0.36	2.25	0.84	0	3.33	2.28
185	192	165	205	215	207	149	216	287	278	188	201	200	217	227	197	158	180	160	211	234	235	242	199	224	394	428	219	191	136	125	86	65.6	100	82.7	58.8	72.1	73.3	88	79.4	61	62.2	66	166	77.8	37.1	39.5	43.9	33.2	28.1	32.2	37.5	43.5	55.5	25.6	16.1	31.8	29.3	24.9	20.9	34.3	36.3	33.6	38.3	64.7	84.5	64.4	58.7	105	103	88.1	49.6	21	26	43.6	89.9	88.8	48.5	13.5	19.1	44.1	53.4	40	71.5	93.5	161	141	91.5	48.2	29.9	31.3	14	12.4	3.16	1.86	1.37	5.21	2.96	2.7	3.64	1.84	2.64	3.83	3.4	9.06	10.4	10.5	0.15	4.29	14.9	16.6	11.3	7.68	0	0.51	0.45	3.84	3.48	10	7.74
195	292	235	298	232	236	322	247	295	278	194	240	305	228	192	157	148	267	252	207	224	277	279	269	260	319	271	243	173	160	163	131	124	120	68.9	67.2	94.2	77.4	86.9	92.8	78.5	90.3	62.8	56.5	42.9	42.6	61.1	65.8	64.8	48.6	37.3	45.9	47.9	57.4	21.3	31.6	22.9	44.6	48.7	39.2	48.2	41.9	56.4	79.3	78.5	53.6	41.4	47	102	90.6	52.8	56.2	43.4	59.8	52.5	82.5	90.4	58.1	14.3	41	54.8	55	57.2	59	87.5	84.5	156	86.1	46.5	41.9	42.3	10.6	4.93	2.05	2.44	1.61	2.54	7.7	3.92	2.76	3.66	2.59	2.77	4.28	4.38	10.8	7.41	3.69	0.57	4.05	7.59	12.8	7.71	0.69	0.09	2.67	3.12	1.86	6.78	15.9
228	243	235	293	199	219	320	390	376	377	163	181	243	194	150	142	178	189	170	227	237	246	265	264	247	204	199	210	216	238	213	155	124	126	74.4	89.5	123	120	124	133	110	92.4	74.2	95.9	107	94.9	89.9	84.3	94.1	77.6	55.9	64.4	85.6	92.5	57.8	54.2	68.5	47	29.6	38.2	73.2	41.8	60.4	64.7	63.7	48.4	38.4	49.2	76.6	70	41.2	66.6	57.7	43.6	50.3	37.1	45.1	39.9	6.76	10.8	24.7	38	67	79.9	61.3	77.5	107	63	42.1	35.8	20.6	3.35	2.09	2.97	3.44	2.82	20.9	4.03	2.67	7.64	9.67	2.58	2.98	3.71	7.39	20.4	5.62	0.03	0.09	3.03	0.27	2.64	0	0.48	0.21	1.59	2.25	7.47	12	19.4
176	221	267	332	304	253	355	355	378	320	163	175	152	167	210	152	122	152	173	223	277	213	195	231	228	184	165	195	203	263	182	127	97.4	92	96.8	109	106	81.7	88.4	126	116	108	84	122	124	101	112	103	83.7	86	77.8	78.5	92.5	98.7	86.6	94.4	124	63.9	39.5	42.4	44.4	39.6	36.1	48.3	33.9	33.7	39.7	76.6	76.1	73.1	43.9	53.6	54.6	50.1	57.9	61	28.5	28.2	13.7	12.9	29.3	39.8	72.8	77.3	78.1	62.5	87.3	49.8	32.4	21.7	9.37	3.18	5.72	3.02	4.75	4.19	3.2	5.31	3.01	8.2	4.11	2.99	3.12	11.3	14.8	5.92	9.68	7.71	2.13	3.75	1.41	0.15	0.12	9.78	8.22	8.43	9.63	14.4	13.1	18.5
197	390	285	247	350	249	316	261	343	285	280	242	207	143	160	130	152	167	254	214	198	150	209	159	195	171	177	193	176	195	125	98.6	103	105	121	106	97	96.8	88.2	129	140	149	144	179	175	176	162	117	109	130	146	101	102	123	130	71.3	57.7	48.4	40.8	37.2	55.1	44.8	54.8	36.3	23.9	31.9	43.2	55.5	50.9	53.6	63.5	53.9	35	36.3	35.6	57.1	30.4	20.6	14.5	40.7	37.4	32.1	44.4	63.6	48.5	60.8	58.4	39.8	19	12.8	9.21	4.25	5.95	7.93	10.2	8.85	11.1	8.19	8.8	10	10.3	11.6	16.2	22.8	24.3	27.1	26.7	19.7	16.5	13.9	12	3.02	5.12	13.5	8.9	3.61	7.81	6.37	9.49	10.9
343	328	332	400	446	401	267	220	369	369	421	369	240	215	173	148	200	201	227	175	235	185	193	168	192	224	208	157	142	157	171	109	102	88.3	58.8	91.9	79.2	75.9	78.6	96.6	150	162	159	219	328	359	230	167	149	173	152	111	139	129	102	66.3	46.1	48.9	56.2	47.6	54	56.6	54	44.3	37	45	39.3	80.4	112	74.6	80.4	86.3	75.4	67.6	48.7	26.4	17	12.3	10.5	28.7	44.6	38	40.2	53.2	60.1	101	78	26.6	16.3	11.4	7.59	6.25	7.5	16.8	27.4	40	24.2	21.5	12.9	12.8	12.3	13.5	14	21.7	23.1	28.6	24.7	19.5	26.3	16.5	11.5	2.82	2.44	1.73	1.45	2.94	1.94	2.17	2.83	7.83
254	312	314	364	412	430	299	274	303	272	276	324	287	245	280	185	227	254	222	221	267	254	185	195	167	165	203	147	120	143	116	122	86.1	116	110	153	91	79.6	85.4	136	151	154	187	319	450	416	235	169	164	143	155	129	125	130	101	77.7	66.5	58.2	54.8	58.3	71.7	78.8	56.2	83.3	95.1	72.2	65.6	156	151	88.4	107	135	161	130	83.9	43.3	38.3	37.1	38	56.8	64.1	69.4	48.2	73.8	66.6	78.8	71.8	36.8	18.9	12.2	27.4	18.6	24.3	51.3	46.5	75.2	74.5	59.9	23.1	20.7	17.1	17.2	18.5	24.3	24.3	25.6	23.5	17.3	17.7	19.3	16.9	2.5	2.26	2.3	1.4	2.5	1.36	0.664	0.234	5.7
262	282	330	327	345	301	300	322	234	197	276	240	298	262	282	285	258	263	216	218	205	253	236	172	163	183	181	151	149	154	142	96.8	95.4	116	128	180	140	115	121	169	180	199	234	341	398	288	196	178	219	183	208	146	134	140	96.1	85.8	71.8	48.3	63.3	72.9	87.9	85.9	58.3	61.4	72.9	80.1	102	110	129	150	157	188	181	122	78.4	93	49.3	38.2	37.3	95.6	63.8	74.4	69.5	76.5	87.6	74.5	77.8	40.3	38.6	25.6	29.2	18.6	31.1	67.6	81.8	150	167	73	32.1	26.5	21.6	22.1	22.6	37.3	29.7	27.6	24.5	17.4	15.7	10.9	10.4	4.12	4.37	3.77	4.94	2.4	3.69	3.56	2.18	6.3
205	285	301	226	354	323	410	328	240	218	276	297	230	221	289	290	272	246	243	178	209	257	277	174	186	223	157	142	149	163	118	135	156	119	119	157	161	113	166	190	224	219	246	278	210	271	171	191	205	212	200	141	132	123	104	92	78.1	50.8	79.2	103	89.1	76.1	61.6	50	57.2	67.6	78.6	104	121	128	177	168	110	71	61.6	51.6	28.4	22.6	30.4	49.6	33.5	35.3	38.8	60.4	61.3	64.3	77.4	43.5	38.5	40.2	53.9	52.5	60.4	95.3	96.7	165	145	86.2	43.8	43.3	43.4	42.2	50.6	51.3	40.6	28	21.4	14.9	11.8	8.33	7.2	9.35	7.59	2.73	5.19	1.6	1.12	0.802	0.532	0.417
233	294	268	259	328	331	467	295	280	250	284	316	220	199	328	298	309	257	217	244	244	315	256	274	230	233	166	113	139	137	125	146	174	219	153	163	164	153	204	259	294	240	236	286	173	165	151	172	171	188	146	114	111	119	74.4	64.8	59.4	66	72.2	73.6	75.9	65	55.8	39	40.3	63.2	82.1	109	93.6	94.7	135	138	130	126	80.8	75.6	37.8	32	39.8	40.3	46.3	38.5	41.8	54.8	53.9	48.6	37	31.7	44.6	36.1	47.5	64.9	70.7	104	93.2	91	89.8	52.2	43.6	52.2	52.2	80.3	106	81.2	59.5	49.1	35.2	19.5	9.62	7.51	9.07	6.16	4.2	3.25	2.64	1.18	0.814	2.35	0.44	1.82
312	332	365	338	458	358	260	254	338	270	263	214	261	301	390	345	300	233	220	255	245	203	185	153	121	162	184	104	132	140	137	122	156	166	251	199	134	132	151	217	287	228	213	246	199	152	236	182	152	139	127	114	120	128	83	62.1	83.3	73.8	80.1	59.4	56.6	65.8	60.5	43	42	46	58.3	76.6	117	141	176	128	140	128	79.1	83.6	63.9	85.5	59	53.4	58.2	54.6	39.7	53.3	48.9	38.2	42.3	33.2	39.5	28.9	34.4	27.7	48.1	63.1	60.5	55.2	47.3	48	45.4	56.8	72.7	118	127	89.4	57.4	56.7	39.9	32.2	20.8	13.8	12.6	7.22	1.9	4.49	1.2	0.96	1.54	2.27	0.469	0.348
423	352	346	354	309	239	229	332	310	342	285	189	266	323	461	368	375	386	293	359	304	165	154	130	122	165	171	193	167	196	172	137	116	123	205	192	149	146	152	227	305	248	233	234	217	182	239	190	146	118	144	158	159	128	92.2	103	87.9	107	114	92.8	76	88.2	70.2	68.1	77.4	49.2	61.9	74.6	74.6	96.4	85.9	89.9	95.4	97.6	94.5	79.9	88.6	39.4	26.3	31.4	42.9	36.6	35.9	69.9	74.7	50.6	63.2	28.7	28.7	23.9	29.1	27.5	28.9	33.2	33.9	36.2	45.5	68.5	75.5	92	94.4	107	114	82.7	56.6	51.8	45.4	39.3	36.4	31.3	29	9.58	5.09	5.34	0.992	0.833	0.594	0.421	0.452	0.0563
396	317	318	261	355	341	271	395	442	373	275	198	231	308	426	383	381	336	251	219	198	163	151	143	159	167	177	278	259	325	306	261	251	196	221	238	226	204	205	265	330	273	233	187	152	155	180	202	166	93.1	112	194	160	121	100	128	119	137	141	131	104	95.9	92.2	89.5	88	84.1	80.9	71	86.1	68.1	62.7	73.8	80.9	70.5	85.5	96.8	59.8	41.1	33.3	26	25.8	23	33.8	62.6	57	40.5	32.5	30	26.2	28.2	40	49.5	28.9	33.5	35.1	28.2	40.1	57.2	72.3	101	97.9	166	93.1	64	61.1	40.9	28.7	33.4	55.8	58.1	42.5	5.92	2.64	0.96	0.737	0.619	0.429	0.3	0.232	0.0264
249	275	277	259	355	386	344	471	478	448	346	280	402	439	419	385	445	383	339	204	181	184	182	235	196	170	202	216	244	312	294	242	205	200	232	273	306	246	219	282	398	290	292	235	204	181	170	155	175	98.5	85.9	126	131	94.4	106	132	126	129	140	129	107	98.6	98.4	77.5	76.5	79.6	88.9	90.2	84.6	85.1	87.7	70.6	56.5	69.9	68.1	90.7	58.5	56.6	46.9	44.9	32.7	42.4	32.2	49.9	39.5	58.5	34.5	34.9	35.5	35.2	39.9	35.4	30.9	44	48.6	39	36	31.1	30.8	75.8	65.3	75.3	80.4	66.1	43.5	38.9	27.2	46.2	44.5	52.5	40.4	10	3.65	1.67	0.709	0.499	0.346	0.393	0.226	0.0995
220	254	302	336	331	313	350	485	483	457	460	418	519	552	580	449	476	320	249	293	237	186	271	319	256	211	209	262	358	367	279	241	214	225	228	289	277	259	317	451	387	361	332	315	287	213	145	144	128	89.2	78.9	89	138	108	110	129	167	156	154	138	135	113	77.7	73.2	75.6	83.2	83.8	95.5	169	139	98.4	88.1	72.5	75.4	66.6	103	64.6	68.5	97.5	49.7	35	39.8	39	57.2	64.3	68.8	39.8	37.2	40.6	33.3	32.7	23	31.7	48.4	50.6	51.7	26.3	28	35.8	70.7	144	76.3	63.3	55.1	41.1	30.2	28.1	42.3	48.8	67.2	53.7	9.6	4.98	6.45	2.87	2.04	0.448	3.04	2.69	0.656
272	273	304	403	384	346	357	354	455	474	479	499	644	646	530	444	349	284	254	354	310	254	325	255	325	294	286	389	362	349	296	251	275	274	242	254	242	267	279	468	532	335	270	202	181	157	147	143	144	126	134	102	124	113	112	113	180	155	145	128	170	108	72.4	77.2	80.4	89.2	103	103	205	199	97.6	101	83.5	100	94.2	144	83.8	79.7	72.4	58.8	39.1	37.4	33.8	57.8	74.7	62.2	90.3	47.4	36.9	34.3	32	16.9	27.6	49.8	42.4	40.8	37.4	37.9	42.1	70	67.1	58	56.7	64.9	39.8	26	27.6	51.8	65.5	62.2	50.3	17.5	19	31.5	10.3	2.82	1.21	3	4.84	0.68
320	335	382	490	484	412	366	317	474	539	487	446	500	523	516	369	341	307	313	295	328	346	293	223	179	177	211	276	410	358	220	294	325	288	266	193	187	169	168	191	223	196	183	163	146	156	146	141	134	120	118	109	112	104	84.3	100	129	115	142	131	135	117	110	107	112	122	142	142	157	123	111	105	111	126	126	143	92.5	62.7	61.7	77.6	47.7	32.6	31.3	58.8	75.4	51.6	43.8	40.9	38.9	33.9	30.1	30.9	36.5	41.1	36.7	46	52.4	53.9	56.6	51.9	51.3	38.7	44	63	43.3	31.2	29.1	18.9	18.8	11.4	13.4	33.9	62.9	50.2	17.8	3.04	9.79	8.41	6.49	7.24
344	334	294	448	511	410	298	259	455	561	592	485	487	466	550	374	398	414	352	333	290	280	243	211	208	307	272	402	425	321	232	292	354	364	276	143	138	168	146	152	192	167	218	214	178	182	155	101	111	118	85.7	103	102	111	86.2	118	127	105	127	129	133	161	136	134	126	126	151	141	145	135	120	114	114	142	131	139	102	84.3	87.8	95.8	133	56.4	45.4	63.1	84.7	42.1	33.9	47.9	50.6	27.7	35.8	30.9	37.1	43.1	44.4	59.6	47.2	45.3	41	32.6	34	46.8	51.3	43.9	42	34.7	25.5	14.1	9.75	3.5	8.6	19.9	23.9	46.1	73.5	28.4	52.1	87.2	21.6	5.49
362	297	267	298	310	276	285	311	460	563	603	524	493	488	416	319	302	315	371	305	259	223	235	277	350	413	340	336	397	333	267	248	284	275	262	156	127	121	128	151	186	177	196	177	186	168	156	88.5	93.1	114	77.3	101	124	127	111	156	141	126	115	136	157	128	134	152	148	145	154	129	132	133	131	137	148	142	138	156	121	110	99.2	71	90.9	61.8	56.3	72.4	74.8	39.2	37.4	48.3	35.6	31.7	40.6	29.2	37.2	31	46	37.7	34.9	40.5	37.8	48.5	52.8	47.9	37	44	40.8	41.2	27.9	18.7	10.9	10.9	24.5	28.2	28.4	15.4	32.7	46.6	53.9	38.3	28.5	7.21
313	297	284	283	322	308	404	431	397	499	558	449	496	487	417	308	318	332	362	320	229	207	199	260	398	462	304	250	275	371	315	236	184	207	235	174	142	138	121	125	156	149	175	169	175	175	151	98.4	138	152	141	147	128	149	144	210	165	120	125	155	143	123	168	128	138	139	119	107	120	133	119	159	145	138	141	152	98.8	138	109	79.9	143	62.8	52.1	59.8	60.2	37.6	82.9	44.7	34.3	39	63.4	50.4	78.1	48.9	44.4	37.1	40.6	58	80.8	139	89.3	71	57.6	79.1	51.1	47.2	34.1	22.3	12.4	16.8	10.8	10.3	14.5	8.99	21.9	18.5	16.9	14	14.5	6.38
379	294	289	329	371	359	415	424	329	477	566	532	514	525	447	354	376	403	389	333	264	254	266	307	274	310	252	270	267	399	336	333	192	209	219	145	160	170	164	152	159	191	204	183	209	175	138	126	151	155	141	129	121	151	176	204	155	110	109	136	140	125	141	106	133	146	143	128	118	115	111	191	151	119	126	120	137	130	97.2	120	187	98	88.7	50.3	44	46.9	52.3	23.7	39.8	39.5	26.5	41.8	60.4	38.6	46.4	42.2	51.4	95.1	87.1	144	131	117	72.9	126	79.8	65.8	54.6	29.6	22.5	7.12	6.96	9.52	6.91	5.33	8.21	6.97	18.4	14.7	11	9.02
349	287	315	389	447	457	456	468	344	478	553	609	634	535	408	385	380	394	369	370	294	261	316	298	310	302	315	373	334	280	196	330	262	288	250	205	206	230	237	210	211	217	213	222	205	160	141	144	166	158	161	181	171	160	160	183	178	155	149	135	117	131	125	88.4	101	118	246	143	125	101	113	166	130	93.4	140	103	72.9	94.1	84.2	114	132	102	66.7	41.4	53.4	88	67.4	37.2	32.9	34.3	35.6	37.7	49.8	39.8	59.5	87.4	96.4	70.7	87.7	137	166	144	106	155	84.2	80.9	60.3	59.7	40.4	4.92	7.26	9.4	11.9	9.04	5.83	22.9	39.3	15.9	11.5	10.9
390	401	409	355	359	448	432	472	427	417	551	618	642	442	387	330	319	342	323	253	212	281	312	332	317	380	322	306	326	318	300	317	330	308	234	196	257	223	218	208	215	203	203	201	182	132	136	166	158	159	208	246	216	167	177	228	213	200	157	227	157	151	146	131	170	169	225	139	105	99.8	111	122	136	111	130	88.3	89	95.6	87.9	85	80.5	77.4	50.5	55.5	64.2	56.9	78.4	39.1	31.2	44.6	45.9	50.6	35.8	37	49.4	90.5	147	79.5	143	157	142	103	71.9	62	42	69.7	64.2	75.1	48.4	17	15.6	17.8	14.8	11.4	6.98	19	26.2	10.7	9.16	9.33
393	399	499	405	319	430	434	503	431	461	544	553	648	448	430	328	278	301	283	300	270	372	366	338	278	273	290	439	277	345	230	249	206	209	257	199	226	216	241	236	258	215	205	211	232	181	173	187	171	188	197	171	144	155	139	143	173	169	148	196	159	178	241	196	216	234	221	136	116	128	125	120	118	125	152	102	101	73.1	66.6	86.4	57.8	102	118	73.4	65.8	54.2	78.7	80.9	79.2	50.2	48.8	82.3	50.2	56.8	71.5	58.7	69.9	78	78.2	119	87.5	93.6	78.2	43.5	39.2	38.3	57.7	76.6	49.4	28.4	25.4	26.9	20.2	19.3	20.2	25.9	31.4	12.2	7.28	10.1
346	495	588	447	380	470	396	283	381	385	344	447	523	449	366	251	245	238	251	267	289	330	464	420	328	292	335	309	246	192	243	207	276	225	176	206	283	249	291	269	251	215	225	202	220	204	172	191	205	183	156	128	143	150	148	112	149	152	138	132	142	128	184	193	188	221	214	202	211	174	148	122	111	133	159	186	105	75.5	78.3	74	70.9	104	96.4	53.7	45.3	70.2	115	82.2	93.5	41	52.9	89.8	43.1	39.3	37.7	53.8	67.3	64.7	74.9	127	54.4	55.4	53.1	64.9	86.9	53.4	74.4	86.1	49.7	54.6	37.1	29.3	34.9	40	29.4	27.7	40.6	18.8	11.6	19.3
333	462	536	436	487	486	422	263	289	268	213	238	391	547	454	290	258	277	247	256	324	345	419	335	232	282	308	249	263	219	230	208	230	211	192	242	287	247	272	213	252	250	231	187	188	199	183	181	226	204	150	147	165	185	189	190	136	125	191	156	133	128	140	115	145	154	165	205	168	237	129	94	87.1	150	190	181	120	71.6	62.8	129	155	192	195	103	72.7	58.5	86.5	96.3	84.8	60.2	45.8	57.4	46.1	37.6	42.3	54.2	71	53	52.5	41.2	43.3	48	57.7	71.2	59.8	55.7	73.8	79.6	81.3	103	50	45.4	47	26.6	23.4	23.1	24.9	19.4	24.9	25.9
384	417	457	505	636	510	440	230	264	214	187	201	297	280	291	283	265	244	252	302	261	305	390	330	239	265	262	231	276	246	216	180	236	210	201	218	282	299	313	247	260	260	226	193	213	191	190	205	182	188	179	195	205	213	250	238	167	164	181	125	152	128	143	112	102	108	147	150	151	184	184	143	98.6	169	159	127	125	83.1	110	178	247	241	232	188	154	88.4	99.5	94.4	89.4	82	57.3	55.6	59.2	51.9	42.2	55.8	53.9	59.1	48.8	43.1	43.8	48.9	59.8	95.3	96.6	103	92.9	79.5	76.3	82.7	36.9	55.3	39.8	28.9	23.2	27.6	19	32.8	44.3	49.7
461	449	492	581	605	483	402	298	226	213	187	247	246	214	231	298	266	251	197	303	221	302	354	358	304	251	217	233	260	271	201	163	244	250	213	228	230	232	250	252	198	249	231	238	207	187	190	205	214	257	240	241	179	218	230	211	197	151	149	125	118	94.3	120	121	112	138	165	187	140	164	177	167	136	147	107	164	145	108	171	178	244	204	231	212	158	187	99.1	57.4	79	81.2	70.3	67.6	65.9	58.4	43.3	46.1	53.7	47.7	46.7	45.3	53.2	54	62	99.3	109	130	106	106	76.1	78.1	51.4	67.5	52.2	41.6	38.3	32.5	80.2	105	116	44.3
506	429	566	628	563	462	312	345	386	449	289	206	265	235	225	241	216	206	196	246	247	321	355	352	396	265	181	214	288	299	261	230	234	262	225	229	204	184	196	184	156	207	252	253	225	201	202	208	202	188	171	206	247	194	158	178	208	160	133	138	87.3	112	134	111	111	170	184	162	159	171	197	203	170	151	123	91.5	127	132	142	163	169	168	146	114	98.6	80.1	75	55.2	59.3	77	105	57.3	67.9	62.3	42.7	35.9	40.5	31.5	35.2	38.6	36.2	48.2	54.1	80.4	94	127	105	113	76.7	61.4	60.2	56.9	44.4	37.7	46.6	50.7	65.6	222	195	71.8
446	461	466	482	491	606	378	362	336	324	278	156	141	163	207	266	204	209	172	218	182	273	388	315	351	332	218	242	322	405	356	290	288	386	311	233	220	212	214	170	152	199	250	233	218	169	151	221	208	200	187	234	254	240	185	162	213	158	142	161	119	131	135	112	130	164	186	174	182	181	230	259	203	173	140	110	75.8	141	159	307	226	222	206	126	84.9	81.9	77.7	108	101	88.8	102	94.6	83.3	113	77.1	56.6	77.5	60.1	64.9	61.2	51.9	46.2	76.2	99.1	113	141	118	112	86.6	68	60.1	32.3	48.3	57.9	60.9	65.4	75.9	158	129	66.9
349	354	434	474	466	634	480	268	221	171	141	140	168	159	155	173	148	171	178	225	202	194	276	320	305	355	275	269	319	316	411	277	311	331	249	226	264	231	239	178	198	247	278	215	196	124	143	208	227	208	191	235	246	249	221	167	242	148	143	172	162	179	138	132	157	147	158	199	221	210	258	282	217	194	224	164	91.1	130	173	200	211	258	202	167	179	103	150	138	145	161	140	99.2	97.6	117	80.1	65.9	74.3	75	66	78.1	59.4	45.2	80.2	102	124	96.3	139	157	115	79.8	59.7	43.4	58.9	66.7	69.7	68.3	46.2	49.5	63.8	57.4
278	312	317	393	457	661	596	269	240	206	233	173	193	191	168	147	181	204	220	233	217	172	326	310	269	381	311	318	294	303	286	242	235	338	288	230	266	277	259	247	212	247	239	186	168	139	129	176	213	217	230	241	218	237	267	241	208	170	181	223	175	177	183	201	203	179	157	168	192	178	198	279	205	207	206	164	113	123	124	126	249	351	177	154	133	92.7	151	169	189	167	152	197	131	99.2	108	123	98.4	91.9	182	156	105	65.1	92.4	116	116	108	123	204	158	98.6	64.8	48	66.8	76.9	88.4	90.3	59.2	46.3	53.8	66.4
252	275	303	348	375	465	463	217	322	387	312	212	231	230	197	166	202	223	223	222	180	175	232	327	423	463	398	359	294	252	251	197	247	275	273	280	241	228	234	229	200	228	198	175	170	158	137	144	169	216	197	241	216	222	245	253	219	200	216	272	217	225	181	259	244	193	155	178	159	158	220	243	155	144	171	202	166	143	144	146	201	268	159	106	126	114	160	139	141	156	141	243	183	126	139	140	130	127	188	243	131	92.6	114	119	88.1	99.7	110	102	99.8	91	81.9	87.7	69.6	67.3	85.4	101	107	83.8	82.7	89.4
202	227	297	288	256	359	306	179	180	206	263	208	216	220	175	157	189	242	212	168	145	224	278	313	475	386	360	324	319	308	263	228	221	238	220	230	185	169	186	155	181	218	181	193	227	172	156	178	206	269	211	232	240	214	224	234	187	177	196	231	244	237	251	323	228	155	224	230	262	242	227	228	208	165	174	204	177	157	152	154	179	196	144	220	163	169	145	137	134	136	121	155	206	144	145	204	252	158	148	133	113	111	122	202	104	99.7	106	124	190	163	162	95.3	79.6	76.9	119	164	125	102	91.6	88.7
194	204	243	240	227	261	309	195	235	197	229	200	223	224	191	182	235	194	184	151	136	218	275	291	320	280	257	279	259	245	262	248	266	297	275	195	167	148	171	165	203	250	230	234	224	173	176	169	247	234	193	221	248	251	214	224	193	214	195	224	275	257	229	217	261	210	242	268	310	254	233	233	253	202	186	237	249	187	213	182	183	195	138	141	164	181	107	120	177	128	167	149	151	124	149	190	179	214	175	185	142	146	166	130	139	142	127	141	197	176	141	91.9	76.3	76.4	103	171	162	125	97.2	87.8
201	211	224	277	310	319	293	242	213	258	230	227	243	228	221	193	198	183	183	192	156	192	176	204	246	247	208	227	212	254	252	219	227	244	229	234	205	173	205	182	214	278	297	306	183	143	199	168	202	212	206	211	217	200	194	221	225	239	293	275	269	304	301	251	225	260	279	225	243	245	220	213	227	182	160	150	241	208	255	201	252	227	179	150	160	142	102	123	141	145	197	148	160	113	145	162	133	161	191	243	221	159	148	193	159	108	137	145	147	190	176	103	93	107	108	135	120	102	104	73.4
321	300	238	180	177	197	284	244	275	216	243	236	234	247	213	198	215	161	163	217	224	217	193	178	271	235	246	259	265	283	243	208	207	205	162	210	211	188	213	195	226	220	232	211	199	147	216	275	234	241	258	254	196	192	164	266	259	267	322	393	306	287	221	254	260	230	282	245	239	242	193	233	234	315	181	157	182	186	211	267	225	155	117	133	148	141	130	128	139	123	166	128	117	116	167	150	153	187	165	204	234	237	182	167	126	113	136	151	136	156	153	125	96.5	110	109	108	107	140	133	73.4
180	195	268	211	149	183	198	336	293	177	183	220	242	234	233	271	203	133	146	181	200	233	307	233	196	193	212	227	255	260	246	237	248	213	184	177	211	195	193	220	216	237	245	194	184	182	262	326	244	285	346	323	296	189	172	233	276	255	309	419	308	267	217	209	255	226	325	277	194	242	169	171	195	191	194	158	145	130	194	234	160	159	206	145	175	193	158	115	128	167	160	168	134	144	137	144	159	149	165	191	236	211	164	140	107	105	130	176	143	168	137	134	108	111	120	131	99.5	139	133	82.2
163	169	209	209	150	144	171	245	292	241	193	231	236	204	208	163	138	134	97.9	131	146	173	224	235	203	218	178	199	234	225	284	268	218	239	208	220	194	175	190	218	246	287	264	198	199	189	284	360	342	264	295	333	321	248	197	271	319	274	269	337	293	296	258	242	324	263	217	224	200	236	199	207	161	175	195	230	184	196	160	178	216	220	181	163	230	214	187	172	166	203	202	203	187	213	218	228	219	157	205	224	221	185	192	193	177	140	158	160	152	160	135	143	97.1	120	136	148	113	111	144	114
139	142	141	161	169	138	187	221	237	233	212	250	218	198	187	101	92.2	130	153	131	149	170	153	190	177	177	171	237	219	255	253	232	221	159	206	161	161	179	190	215	213	253	226	264	202	233	283	295	319	239	228	273	284	244	192	273	271	263	255	328	296	320	321	302	279	215	143	185	252	216	240	280	217	179	207	192	185	216	209	188	164	294	225	255	223	228	233	177	224	210	192	260	308	268	223	226	195	168	213	225	250	241	228	201	188	190	153	131	208	134	118	160	116	136	143	140	126	131	190	109
137	157	133	119	135	126	129	196	144	244	158	245	285	206	148	158	167	180	161	241	202	181	233	194	230	201	195	256	260	273	237	193	165	183	137	158	173	174	191	204	191	236	295	258	223	245	241	211	268	230	209	240	281	247	189	263	282	321	288	408	282	287	257	283	279	343	228	214	193	200	249	261	238	217	178	189	233	250	242	205	178	183	222	262	321	319	279	211	258	185	225	323	287	230	217	216	216	207	245	222	209	263	280	182	189	164	196	150	157	111	137	138	135	124	169	211	141	135	137	111
183	147	141	137	123	131	120	150	130	139	206	252	245	187	114	141	178	179	154	236	198	177	277	224	218	206	234	193	257	272	275	217	137	171	152	191	168	178	213	215	201	253	250	231	251	209	231	190	184	240	179	231	278	243	208	209	182	244	320	355	308	309	248	296	259	239	210	221	226	197	258	290	235	230	232	182	204	340	232	180	187	153	165	160	221	177	204	207	194	220	200	223	232	198	183	258	208	182	253	296	218	182	227	215	206	136	144	164	188	118	135	131	169	124	100	149	119	163	166	101
164	159	145	125	109	119	137	132	133	151	191	334	243	209	163	127	132	155	149	224	246	272	275	279	281	223	270	177	192	213	249	195	127	148	137	182	159	178	210	199	209	237	250	194	188	182	176	145	163	206	199	199	197	195	194	189	182	217	208	320	308	403	301	365	298	184	155	196	181	230	200	248	237	239	223	241	231	245	248	234	191	158	132	142	160	177	219	188	179	204	165	179	161	201	175	277	233	225	268	324	296	204	237	228	255	141	153	152	133	110	110	120	110	102	83.4	99.6	126	130	141	101
155	137	154	129	123	110	124	185	224	196	206	279	232	251	153	121	115	96.2	123	164	218	203	294	292	253	229	210	213	191	231	211	251	216	168	164	187	205	190	238	205	203	231	211	150	175	235	207	169	159	212	177	155	144	182	227	222	220	218	204	260	302	368	324	312	264	237	168	174	148	181	200	202	219	199	225	243	202	222	278	199	219	244	243	130	192	192	205	177	175	200	172	161	160	234	211	233	216	341	321	350	320	206	175	187	206	137	159	172	155	119	113	118	102	111	89.7	84.5	115	167	188	127
120	135	170	156	153	159	179	189	188	258	368	231	342	307	251	225	176	156	157	225	197	212	215	257	212	211	224	226	223	167	184	212	222	199	216	234	218	197	203	177	168	168	203	181	219	226	168	203	204	192	179	172	141	151	273	218	172	177	179	214	269	273	202	250	243	213	229	273	194	236	257	239	215	172	187	197	199	226	212	192	186	288	263	264	135	168	136	133	127	222	134	135	183	277	180	187	194	293	320	249	208	197	182	176	138	116	170	204	200	137	98.1	117	106	111	84.6	72.4	132	240	227	178
170	167	192	180	183	192	189	189	239	337	371	266	300	242	292	258	261	292	199	306	236	250	201	203	197	256	222	256	234	200	219	232	215	205	211	232	240	278	237	186	208	205	203	210	214	221	239	245	279	232	144	182	146	161	217	208	189	180	157	177	263	228	189	271	290	287	243	256	231	256	241	256	253	299	188	191	192	180	187	178	181	255	274	240	137	168	127	101	112	140	119	110	118	181	200	136	211	245	199	172	121	96.1	155	171	145	128	132	135	112	120	103	103	124	105	108	101	147	215	204	181
254	232	189	210	246	256	218	171	219	229	224	189	226	239	247	238	239	232	276	302	280	315	248	207	196	214	174	239	181	158	190	196	220	220	208	237	261	277	288	229	236	253	252	320	240	242	198	185	191	172	195	164	134	151	170	188	189	224	229	227	238	243	209	234	291	230	238	239	250	259	270	252	254	315	236	214	184	164	164	162	216	261	251	246	165	118	126	127	171	199	127	122	101	124	128	136	220	209	208	171	130	105	143	110	141	115	99.5	100	94.7	101	105	102	115	98.3	125	180	141	179	187	209
216	211	186	192	164	208	227	163	206	179	178	168	197	182	142	179	215	288	268	273	302	356	290	275	252	202	174	212	200	166	179	202	247	220	244	249	269	252	273	228	212	184	198	248	255	226	189	173	217	206	239	181	144	195	144	167	186	242	209	220	221	231	202	248	306	284	344	302	325	332	314	308	322	275	249	247	218	214	236	261	184	204	243	201	189	153	145	131	169	251	233	124	121	146	116	135	187	236	276	206	163	165	171	118	113	115	92.5	123	113	97.6	68.8	105	72.6	97.7	155	189	123	144	203	152
237	241	195	236	220	199	205	186	214	196	187	152	205	159	152	178	259	286	229	243	237	289	308	318	308	233	213	200	177	133	158	191	219	221	225	228	238	221	216	212	210	209	176	170	159	249	208	155	185	373	327	151	178	188	130	174	254	281	228	250	233	233	263	294	293	344	328	391	442	488	378	508	501	429	316	331	310	340	315	286	185	206	195	149	220	193	207	195	204	192	162	166	220	232	129	150	224	271	240	241	233	210	172	152	111	121	119	122	125	109	101	129	94.5	87.3	111	141	117	163	228	192
212	184	155	202	177	144	156	229	215	131	115	193	161	155	170	203	204	219	171	200	247	239	268	281	309	319	248	196	160	159	168	195	254	263	232	230	259	231	210	188	189	192	242	151	151	169	178	214	239	233	243	248	163	152	156	180	270	241	246	266	252	246	283	343	239	280	344	352	401	404	366	425	420	487	416	375	450	345	299	226	175	194	187	150	207	183	258	267	241	263	144	166	172	217	131	183	286	311	252	222	193	176	180	241	154	156	138	135	141	119	102	104	76.6	74.5	119	106	103	141	195	202
107	118	147	162	210	215	172	230	185	149	142	181	191	186	213	184	122	134	172	229	295	279	267	324	314	306	243	172	174	184	224	198	241	259	251	242	235	207	221	214	216	219	294	299	168	206	226	211	155	174	249	224	155	145	241	264	234	202	228	281	243	273	218	240	267	300	322	397	480	454	340	318	361	346	284	350	315	319	352	223	183	178	195	179	150	164	247	208	253	273	182	194	149	111	142	176	253	272	302	210	190	186	187	215	179	152	156	139	134	127	114	108	92	80.5	108	91.1	96.2	129	117	152
94.2	139	223	277	308	354	252	238	251	176	152	201	294	338	337	223	161	121	138	181	296	340	274	346	354	287	246	175	163	181	217	216	213	236	251	228	230	230	217	237	211	269	285	346	272	193	164	181	203	188	152	205	162	173	206	275	267	223	242	278	245	232	240	230	251	300	373	429	404	418	318	278	318	316	278	339	332	292	263	203	196	199	193	212	189	164	279	229	220	158	145	171	143	135	126	203	249	262	266	286	205	198	223	197	244	301	190	146	136	121	95.9	108	93	96.2	101	91.2	85.7	106	117	104
77.5	110	204	377	473	386	286	199	275	183	180	231	393	495	450	330	289	236	187	216	229	294	282	333	330	257	205	168	176	166	212	228	201	234	253	234	248	276	274	257	270	296	237	297	387	213	160	130	209	191	247	296	199	212	198	228	251	252	261	252	209	278	267	232	256	251	293	394	340	323	262	283	316	312	266	249	252	240	228	169	163	158	177	228	207	192	195	194	161	183	158	179	127	110	143	201	271	264	237	288	188	186	199	191	305	287	199	154	135	130	111	112	103	86.3	103	103	81.8	83	87	80.6
81.6	111	141	240	286	193	155	141	205	201	204	275	435	467	477	353	299	278	259	217	236	260	269	313	304	254	174	179	172	164	179	189	208	238	243	238	265	291	289	272	244	257	233	302	283	197	239	301	299	230	194	203	215	216	205	182	230	202	253	235	217	288	259	200	292	239	231	270	266	285	288	280	393	283	283	249	241	264	252	188	157	168	261	249	227	211	164	185	169	176	163	154	139	106	144	177	235	214	227	239	186	184	184	180	199	189	223	186	139	134	116	116	129	105	122	98.9	86.2	85.4	84.3	76.4
96.2	90.6	134	171	142	98.4	89.3	85.7	112	259	253	350	395	380	403	337	274	282	332	321	247	236	221	284	274	267	182	220	171	184	189	170	170	228	257	239	263	276	280	279	256	230	247	291	268	223	277	289	333	227	188	178	211	206	198	198	193	218	264	282	283	324	250	210	336	259	242	244	253	255	269	315	331	252	299	292	287	333	268	162	160	231	177	188	193	183	163	189	160	145	140	145	167	146	126	154	204	283	263	247	204	206	191	179	146	178	195	215	171	126	112	128	129	130	136	120	101	94	80.3	84.3
81.3	96.1	142	103	98.3	70.6	68.9	56.5	112	204	261	320	398	398	440	381	328	398	398	334	276	237	220	240	175	200	179	187	220	185	156	193	155	182	193	231	236	243	247	226	236	238	243	306	305	263	276	304	285	254	262	201	200	214	187	214	164	172	230	218	306	325	282	274	353	335	270	317	259	298	331	312	268	248	245	290	294	290	285	180	175	168	140	146	189	203	173	161	137	130	124	112	154	143	156	159	244	253	201	221	225	199	186	227	204	179	188	211	186	133	136	135	132	139	121	119	109	117	77.1	87.4
80.7	70.9	91	106	91.2	71.6	69.2	58.5	77.6	137	237	347	588	754	856	646	444	414	409	346	302	270	225	169	144	142	137	153	159	171	165	169	197	163	165	236	253	241	231	246	247	224	219	264	235	196	230	165	200	252	231	225	193	236	294	199	166	173	193	216	272	319	333	254	315	400	377	354	401	268	312	330	310	319	301	247	209	218	228	216	185	173	229	205	183	184	147	141	181	143	112	79.2	88.8	163	150	184	305	266	264	219	197	166	137	151	176	170	160	143	136	108	98.1	76.2	108	151	115	117	99.2	96.9	93.4	104
59.5	68.7	79.3	94.6	88.7	67	68.6	52.4	52.1	83.3	147	316	488	579	810	668	519	437	362	301	309	285	205	152	153	133	126	179	175	195	164	181	183	155	178	211	240	235	249	289	290	245	203	189	222	217	257	217	215	251	268	269	257	237	199	229	207	205	209	173	197	272	279	370	326	383	333	408	397	269	304	351	329	312	257	203	212	214	286	286	292	188	183	201	176	140	144	123	130	125	101	64.8	88.8	134	171	169	217	184	227	212	237	188	191	184	170	146	152	104	120	126	62.1	84.5	114	112	148	111	111	118	146	121
60.7	67.3	53.7	61	57	61.5	63.7	59.6	54.6	72.8	105	171	227	407	523	461	498	472	414	374	368	300	244	203	161	165	129	189	186	187	177	178	137	150	209	214	212	226	213	195	222	212	213	215	211	308	317	248	340	295	237	289	328	223	166	226	236	201	209	223	258	316	253	371	329	247	307	263	262	261	274	310	328	317	264	219	229	301	329	296	295	229	179	159	162	171	154	174	144	129	108	104	168	114	180	212	253	139	183	212	216	283	312	259	218	141	90	90.5	79.1	83.4	67.5	78.2	91.1	85.1	94.7	105	150	149	160	127
61.8	55.2	45	47.6	54.2	58	65.2	59.7	52.5	61.5	64	106	124	154	220	235	297	312	364	356	306	228	190	163	173	170	124	168	205	201	232	231	202	172	202	238	230	223	201	156	221	203	198	217	204	290	321	196	224	316	309	260	312	249	202	230	239	216	189	247	231	330	321	319	282	303	288	264	289	295	329	466	387	357	273	227	269	292	284	266	202	171	166	146	159	180	138	202	116	111	101	96.3	121	146	250	256	302	197	189	192	189	242	310	223	236	152	96.9	106	92.5	84.6	73.1	73.4	91.8	86.4	143	217	261	209	173	127
29.1	29.8	31.3	47.4	56.6	59.9	59.6	56	53.1	48.4	52.4	65.5	79.4	86.6	126	128	149	167	156	188	171	155	173	224	245	202	154	179	193	210	223	394	287	265	253	359	293	231	214	190	290	336	410	246	256	349	446	209	227	235	355	312	360	288	250	201	225	266	234	269	268	285	267	323	336	361	380	348	346	374	324	350	379	320	281	226	241	233	272	232	203	160	142	122	153	126	131	115	109	109	123	111	114	202	228	296	362	213	188	242	158	184	265	211	246	220	155	127	93.5	87.1	89.1	72.7	81.1	96.6	120	157	155	178	173	165
27.2	29.1	29.7	46.5	55.8	57.7	56.7	52.3	44.7	43.4	41.7	51.3	61.3	60.9	71	86.3	99.4	100	113	132	108	103	157	160	160	155	194	183	189	216	236	286	274	261	321	356	295	221	232	228	287	277	290	231	238	319	275	178	244	248	246	295	335	290	218	192	241	245	187	242	341	346	307	285	312	368	347	397	331	364	377	341	358	319	302	259	248	257	248	219	250	146	119	143	142	111	110	95.7	96.9	135	128	132	123	111	118	159	176	166	207	185	143	180	192	180	177	149	167	128	84	74.4	86.9	88.8	75.6	114	123	138	174	166	154	163
27.9	28.5	27.7	42	45.2	47	49.8	45	47.5	47.7	33.1	34.1	36.8	31.2	49.4	55.2	60	80.8	99	102	102	84.2	107	112	112	159	191	183	194	238	246	257	255	272	271	274	296	365	316	256	304	355	192	172	163	249	253	187	228	276	220	217	246	281	265	179	196	192	165	213	263	302	291	257	252	289	246	289	340	436	396	368	339	274	265	240	247	287	240	206	168	134	158	140	114	89.8	96.4	87.8	106	98.6	105	117	140	138	144	116	161	241	172	190	164	153	174	187	194	131	205	135	102	84.2	78.1	86.8	92.9	134	120	124	146	136	115	140
24.7	26.9	28.1	34.3	35.2	36.2	43.1	37	33.8	30.7	26.5	22.3	24.2	24.6	29.2	38.6	38	50.3	64.1	75.3	112	99.6	108	157	167	170	198	210	219	234	242	251	279	282	264	250	283	341	312	225	278	238	207	229	196	203	164	160	167	198	176	166	231	235	296	160	187	127	163	191	249	270	342	267	196	223	300	321	345	336	328	293	295	304	239	246	250	290	357	255	143	159	224	187	126	103	92.8	90	111	134	100	108	132	129	117	123	146	196	178	259	202	166	156	161	167	159	186	110	108	99.5	75.4	91.1	110	108	108	108	124	117	131	162
9.97	13	13.9	16.2	16.7	15.4	19.6	16.3	14.9	13.8	11.2	12.4	16.1	14.5	12.9	19.6	17.5	25.4	36.6	66.9	121	108	104	150	202	133	213	296	239	206	212	229	260	284	319	255	207	200	237	368	332	312	255	274	279	264	253	197	197	203	198	159	178	214	217	159	121	150	125	178	198	248	286	262	201	205	254	288	252	248	283	343	291	231	189	192	214	247	210	186	153	184	245	234	183	153	138	156	148	134	125	118	146	126	116	117	150	154	184	171	193	186	179	175	161	177	132	109	108	106	92.8	91.9	75.8	94.9	113	89.1	143	117	164	193
10.7	9.72	8.92	13.8	19.7	11.2	12.3	10.3	12	8.33	8.04	10.8	11.1	14.2	11.5	13.3	12.2	16	19.2	41.4	61.4	117	132	122	106	142	173	202	218	230	247	264	294	344	348	273	263	239	255	379	373	397	371	309	272	283	314	231	217	217	217	186	166	178	168	150	122	142	112	154	172	267	269	249	232	206	226	208	241	304	272	282	242	251	191	208	189	212	204	226	158	217	299	226	261	242	214	173	146	121	127	129	121	137	134	155	178	162	182	154	211	248	238	202	164	123	112	96.3	149	82.4	84.4	88.6	96.4	120	107	98.3	110	96.1	123	162
6.95	6.77	6.16	10.4	15	8.41	7.52	7.42	5.3	4.92	5.04	7.24	11.3	14	13.5	14.2	9	14.1	14.3	27.4	77.5	144	212	111	103	133	159	184	180	202	219	255	271	286	304	290	289	262	259	329	320	323	374	263	263	286	283	214	241	241	256	170	161	165	160	144	136	119	113	144	161	232	254	214	237	202	194	212	228	292	245	261	285	348	256	255	200	167	181	186	183	189	207	257	297	295	198	191	155	106	120	121	95.9	98.2	132	136	156	142	163	168	249	209	220	165	129	120	112	87.1	84.2	74.1	91.6	111	96.8	72.5	78.3	98.1	97.6	99.3	119	136
5.8	5.19	4.6	6.68	6.11	5.5	5.76	5.73	3.56	3.63	4.34	8.98	8.69	14.8	12.7	15.3	9.07	12.5	14.6	24.9	79.9	90.8	105	136	108	115	127	142	175	180	192	222	233	246	283	351	308	217	226	253	296	263	347	260	249	255	247	262	269	267	238	187	148	153	150	137	133	123	144	161	197	208	236	191	179	171	191	198	281	229	202	216	353	325	249	242	228	193	141	159	159	142	173	220	237	231	177	176	150	117	127	133	115	81.1	104	136	131	106	121	145	170	241	206	162	130	111	109	103	97.6	105	111	103	93.9	65.2	81.4	97.1	98.6	98.4	113	119
2.88	3.93	2.44	0.795	0.677	0.544	0.551	0.783	1.12	0.91	1.48	3.04	8.92	14.1	20	26.7	19.3	11.5	14.1	25.7	43.7	53.9	73.5	111	96.2	100	122	97.2	124	127	114	140	167	196	215	238	162	142	140	188	244	276	459	436	299	219	206	267	266	277	253	185	160	153	142	115	125	121	185	201	189	223	223	226	182	182	188	212	280	186	233	244	236	201	197	224	271	165	186	199	149	138	135	134	148	170	156	177	154	135	121	125	154	123	93.9	155	151	167	158	150	148	183	177	177	141	135	142	144	148	138	113	141	103	77.2	84.3	86.4	129	137	103	117
1.64	1.29	1.13	0.833	0.56	0.221	0.22	0.366	0.283	0.96	1.61	4.88	4.23	6.91	23.5	36.4	25.4	15.7	18.3	27.5	33.2	35.3	51.5	70.3	82.8	74.6	100	90.6	97.2	147	165	161	268	290	297	184	147	122	151	189	221	273	369	334	278	265	213	256	275	292	277	233	229	183	166	118	196	128	172	233	246	253	278	326	217	207	186	165	168	165	277	222	154	170	239	232	168	135	166	177	141	156	123	122	128	137	163	157	170	141	120	109	156	128	102	128	152	172	170	167	182	193	173	170	161	156	164	169	167	129	101	123	128	109	106	126	119	115	119	116
0.993	0.702	0.532	0.142	0.163	0.0459	0.183	0.304	0.062	0.129	2.41	28.2	8.36	2.84	13	37	35.5	20	17.6	31.9	30.1	33.5	55	92.2	66	74.7	72.2	66.9	85.6	95.2	168	409	388	473	371	254	165	171	201	337	255	268	279	221	199	195	197	250	295	314	318	275	255	237	194	172	153	167	195	230	269	302	338	285	242	251	240	179	157	157	184	180	136	134	165	172	142	156	135	155	128	123	116	128	126	125	132	149	211	179	126	122	121	110	109	129	145	167	190	176	204	223	178	177	166	149	171	149	120	122	118	174	149	128	122	108	104	118	109	110
0.768	0.49	0.367	0.101	0.139	0.178	0.0568	0.807	0.139	0.0842	0.288	1.67	5.97	2.04	6.02	17.6	23.3	18.3	28.5	29.4	36.7	45.7	34.3	46.1	47	106	61.6	58.2	63.7	91.2	143	307	468	505	447	440	252	181	323	372	373	247	237	182	175	177	175	194	218	215	226	218	283	272	210	190	211	210	197	221	257	319	378	267	215	267	274	198	163	140	129	163	158	127	130	162	166	133	136	132	138	135	158	156	144	125	137	189	139	143	130	161	136	135	142	152	145	161	182	206	231	214	181	171	175	165	170	151	128	121	141	198	163	110	82.1	85.7	95.7	98.7	112	118
0	0	0	0.0168	3.77	5.16	2.45	0.0493	0.251	0.673	0.148	0.0543	0.856	1.67	3.09	10	11.4	16.5	19.6	29	26.4	39.2	36.8	39.7	41.9	69.8	56.2	48.4	47.6	74.1	89.9	143	294	472	480	394	287	200	242	280	302	335	258	223	180	173	158	130	121	142	155	166	266	302	227	229	273	236	207	206	220	311	328	314	305	245	243	233	196	184	166	201	152	120	133	164	125	98.9	90	119	120	149	146	192	193	162	156	134	124	101	102	116	117	117	95.6	143	140	162	181	196	193	226	186	160	157	161	146	153	137	102	129	126	139	116	98.9	106	131	129	118	115
0	0	0	0.00572	0.0266	0.00153	0.00187	0.134	0.0128	0.928	1.87	0.0217	0.0411	0.348	2.14	11.2	13.6	12.9	17.8	32.4	36.8	37.1	29.3	35	39.8	40.8	47.5	43.9	45.5	55.1	68	79.7	154	279	411	464	427	265	305	316	327	359	274	230	192	154	141	127	137	109	134	162	164	227	291	259	240	260	246	243	222	269	316	268	282	269	231	218	263	269	199	189	190	139	124	147	145	137	104	136	147	130	132	136	150	168	131	112	112	96.1	85.8	95.9	130	83	80.8	129	137	155	203	193	192	194	178	157	140	149	145	155	136	130	188	143	109	115	88	88.2	119	109	123	110
0	0	0	0.000143	0.000194	0.000398	0.000646	0.109	0.038	0.0072	0.811	0.706	0.0197	0.169	0.678	8.91	9.03	10.5	22	38.2	45.8	42.1	46.1	32.7	31.1	36.6	40	40.6	42.9	59.7	67.4	62.1	75.7	134	148	312	340	289	240	310	412	419	316	316	304	249	222	119	121	136	120	155	157	176	247	311	288	283	239	255	251	235	201	206	252	256	271	212	255	233	212	129	143	200	124	172	171	125	140	120	132	105	112	128	104	127	143	124	106	86.5	88.8	97.6	107	81.3	76.9	99.2	120	128	159	174	173	170	156	136	137	130	139	147	133	145	221	141	187	157	94	103	91.9	89.8	88.5	91.2
0	0	0	0.000136	0.000172	0.119	0.000558	0.0272	0.137	0.00513	0.0662	0.0652	0.323	0.097	0.193	4.15	6.47	8.06	16.6	35.4	30.1	46.5	60	42.3	34.4	36.4	37	35.3	37.7	48.6	68.9	59.5	67	122	102	150	173	198	187	272	384	376	341	373	348	269	210	218	135	136	133	133	141	172	225	271	211	249	279	313	394	264	205	188	192	180	202	203	173	197	167	252	132	122	170	145	120	123	143	125	115	128	122	157	158	122	116	108	96.7	81.2	101	99.5	89.5	79.6	68.1	108	114	131	155	167	163	156	156	141	135	138	148	132	166	132	223	214	142	117	80.7	94.3	81.2	84.2	84.2	83.3
