39.5	57.7	107	167	149	109	116	120	109	124	89.9	92.3	139	141	246	274	281	212	255	243	194	173	194	156	200	236	254	139	138	158	185	194	163	138	191	363	455	292	297	300	292	373	384	422	374	245	281	365	274	191	113	116	71.2	86.8	98.8	103	114	156	167	188	256	292	194	119	137	152	190	179	168	199	174	184	193	201	224	252	304	265	285	364	411	256	184	250	134	146	205	120	133	144	97.5	91.8	92.9	70.6	73.7	63.3	58.6	77.3	57.3	55.5	80.2	89.3	85.6	104	88.2	150	89.9	117	103	130	85.3	114	113	86	83.1	123	142	141	149	204
48.4	102	149	190	136	130	130	87.2	106	129	157	200	160	137	169	226	237	205	327	260	213	197	233	171	261	405	240	189	176	172	204	118	147	150	188	270	260	271	298	291	252	225	188	267	377	322	272	286	269	129	102	93.2	66.7	60.7	53.3	39.1	62.6	72.7	101	135	140	132	140	116	167	224	234	206	164	146	147	138	146	172	187	232	298	346	324	345	368	308	255	256	226	161	234	217	123	139	111	57.3	63.3	55.7	95.4	92.5	99.7	122	108	103	68.2	118	162	67.2	61.6	113	151	112	72.3	109	106	118	122	126	132	116	119	133	185	189
84.4	157	197	136	94.9	98.9	76.1	99.3	157	187	333	240	137	179	173	231	264	233	292	249	275	324	231	228	260	310	197	168	183	232	133	121	123	140	166	191	170	163	205	225	268	181	204	270	292	266	230	227	160	129	116	129	105	111	74.5	56.7	53.9	82.3	81.7	99.1	125	136	156	145	161	183	210	164	119	90.5	115	129	142	157	173	218	249	253	219	240	229	315	286	207	238	198	200	253	226	133	131	109	65.9	70.5	89	90.7	97.9	104	153	133	124	143	113	59.1	104	159	161	130	100	126	136	137	136	105	113	118	115	132	160	179
160	238	199	167	153	115	119	271	328	296	292	237	221	176	141	191	206	219	201	219	240	273	292	241	196	283	206	185	196	230	161	209	245	263	177	151	138	113	175	175	200	199	226	320	292	214	214	207	157	181	195	151	141	135	90.3	65.5	71.3	99	131	177	196	192	181	173	225	211	208	139	157	110	124	130	135	140	187	215	168	186	191	238	245	277	269	281	259	298	251	184	160	109	87.1	74.5	50.8	97.8	107	95.8	109	101	140	184	200	137	90.5	72.5	107	91.2	121	133	143	132	147	132	133	130	132	124	97.6	102	110	125
264	304	303	234	146	136	181	272	277	306	303	278	217	181	211	177	225	201	162	191	214	254	242	205	154	158	142	220	216	213	206	354	356	282	182	116	113	121	175	157	197	218	183	171	195	174	171	212	195	215	142	94.9	109	112	109	77.4	90.9	117	131	198	244	282	223	229	267	258	198	144	106	102	102	130	130	130	147	156	141	144	159	195	220	257	336	402	317	253	216	192	146	146	92.6	87.5	59.4	75.1	86.9	130	106	97.2	131	192	152	121	120	120	126	91.3	111	135	150	129	103	136	129	164	131	112	95	120	117	148
288	260	257	285	230	259	336	312	404	468	486	247	242	319	302	201	215	146	161	257	218	171	229	148	170	161	144	148	183	214	249	271	207	198	159	100	101	82.8	125	145	160	195	153	202	269	203	149	228	185	148	102	58.8	63.3	58.1	42.8	32.5	45.6	79.8	87.1	158	207	190	171	187	339	294	193	148	97.7	114	91.8	95.9	113	103	112	127	125	151	176	229	331	300	352	390	422	261	186	144	224	189	140	79.9	76.9	38.2	61.7	99.3	98.7	87.9	104	113	106	114	126	75	81.3	82.5	117	112	146	112	110	124	134	147	117	103	110	113	151	167
270	218	239	276	323	247	269	311	413	494	295	277	266	317	256	168	231	149	134	138	139	117	192	132	137	176	153	148	197	179	188	179	157	197	145	141	83.4	81.1	90.3	118	128	138	126	145	179	155	120	152	163	120	108	77.7	58.3	46.9	43.1	38.7	54.9	78	95.1	145	164	148	139	149	260	208	196	103	88.3	94.8	76.4	77.9	98.9	111	98.4	117	126	183	173	224	283	314	283	373	319	283	188	140	219	193	105	57.1	47.6	46.7	50.2	76.1	45.3	56.1	75.9	98.3	103	121	92.6	81.3	59	59.2	84.1	93.8	109	95.6	103	109	124	135	102	122	136	119	129	124
197	192	322	397	366	320	250	231	337	374	292	290	242	181	190	145	166	221	149	173	175	145	104	90.1	109	132	172	222	187	210	198	226	192	198	175	150	108	83.4	82.2	95.5	112	105	102	151	225	193	139	121	137	120	111	77.6	58.9	54.5	51.3	47.7	50.7	50.4	109	188	174	182	192	195	324	157	157	114	53.7	102	120	104	68	69	68.6	108	116	173	188	198	225	257	268	271	280	198	139	259	248	288	282	124	92.5	37.4	32.6	54.2	24.5	30.8	67.2	77.4	80.7	95.5	88.2	65.6	50.3	72.7	115	90.7	109	98.7	80.6	86.4	101	114	107	94.8	86.4	108	110	108
194	221	317	359	382	310	214	249	312	338	278	173	193	159	163	153	203	195	204	149	160	147	92.3	139	129	240	236	211	185	163	200	261	236	218	229	201	183	136	106	147	97.4	97.1	104	136	144	133	125	133	130	133	119	76.2	55.4	53.9	71.8	59.4	84.3	82.4	77.9	156	145	166	189	213	275	130	139	72.3	52.2	101	175	132	108	93.1	80.9	90.1	96.1	151	133	155	189	232	238	323	297	163	156	189	187	214	202	229	97.5	47.2	36.1	43.4	30.5	22.6	35.9	51.1	76.7	85.8	68	47.3	71.9	52.2	98.4	89.8	74.7	90.8	90.7	81.8	108	104	92.6	80.9	77.5	93.7	101	103
247	210	301	387	336	354	285	293	276	305	272	207	213	165	143	183	172	220	189	233	165	119	93.8	119	174	201	206	217	223	181	165	209	232	217	201	223	176	139	76.9	72.2	77.5	84.6	93.5	112	115	103	126	135	162	192	130	134	77.3	72.3	69.1	76.1	67.3	57.1	47.9	100	177	175	125	153	170	94.3	85.1	81.8	87.4	87.6	102	102	100	88.9	84.2	102	151	214	170	129	191	213	212	201	168	150	195	149	151	134	62.8	76	95.8	50.3	42.3	44.4	53.2	20.7	31.5	20.7	25.3	30.3	39.6	39.8	50.8	62.1	84.8	51.9	52.7	88.4	86	75.8	84.6	77.8	86.8	84.5	84.4	83.1	65.2	62.5
351	268	317	375	386	400	416	335	313	300	257	179	167	210	178	196	196	188	254	237	191	145	134	188	159	183	221	204	217	188	192	183	205	209	179	189	260	178	95.1	77.9	68.4	63.6	61.5	90.7	88.9	119	148	186	166	158	126	103	91.2	92.2	113	81.1	67.7	56.5	68.3	77.8	124	94.1	104	110	124	122	126	98.9	113	100	93.1	76.7	72.5	66.7	66.8	119	191	160	147	152	171	187	186	182	166	142	144	191	202	163	56.5	85.4	104	45.4	45.4	39	29.8	27.5	22.6	6.99	8.49	21.5	36.6	21.1	37.6	41.9	42.4	36.9	42.5	76.2	79.7	75.3	80.1	79.4	85.9	96.9	89.8	55.1	37.2	49.7
307	260	315	310	355	428	443	385	265	290	268	226	188	242	248	214	212	257	250	208	165	139	132	199	242	258	274	218	266	273	250	198	166	186	180	168	160	129	111	93.8	70.7	64.5	93.6	83.9	87.5	104	108	158	157	150	157	139	117	127	125	93.6	68.5	59.1	74.9	119	80.1	105	85.5	132	153	145	119	114	108	141	113	67.2	51.8	73.2	75.9	113	145	102	115	147	168	134	166	195	164	128	125	160	234	189	83.7	56.2	58.6	57.6	47	44.4	25	21	16.8	12.8	11.4	10.5	12.1	17.7	26.4	29.3	28.6	22.3	48.6	76.6	75.2	75.1	98.7	80.1	81.4	80.8	70	43.9	32.7	41.7
248	290	313	348	435	359	329	327	257	250	315	257	272	235	273	282	314	257	231	213	167	191	146	184	252	287	293	276	314	261	266	291	181	132	146	140	119	116	133	100	93.3	109	103	73.2	71.3	65.6	67.9	116	143	176	215	188	191	170	144	100	80.2	68.5	81.8	136	64.1	65.7	65.6	113	125	140	126	121	130	134	139	66.5	53.5	60.7	93.2	104	90.4	90.3	89.1	126	115	125	121	151	142	174	179	152	181	188	159	105	39	55.5	32.7	26	27.3	17.3	14.5	17.8	18.4	13.3	13.6	16.3	10.6	22.9	25.5	25.6	37.8	70.8	77.9	83.9	91.9	88	79.7	56.6	40.6	29.5	38.7	46.3
216	285	273	291	328	269	283	270	257	336	308	325	357	262	248	256	312	274	248	196	168	200	153	172	211	261	280	251	328	275	247	250	156	116	106	91.6	92.2	113	126	92.6	86.1	99.5	89.5	91.3	68	69.4	79.1	112	133	209	194	211	207	198	164	102	96.1	92.9	76	73.9	62.9	67.4	75.6	114	144	148	151	146	125	93.1	60.8	54.9	53.6	85.9	72.4	55.9	56.6	89.4	78.5	105	94.6	54.7	82.1	125	125	144	137	144	184	191	242	133	94.7	49.3	20.2	21.1	18.7	16.7	17.3	6.33	8.88	8.58	9.78	9.36	11.5	12.8	15.8	33.7	43.6	39.6	56	98.6	83.1	81.1	85.6	80.5	56.7	45.4	37.7	46.2
297	316	236	269	248	192	210	254	273	321	300	323	297	241	351	334	304	252	290	258	176	143	163	129	162	225	269	287	261	293	206	178	127	114	112	89.7	87.7	112	111	124	97.3	89.2	88.8	119	92.1	117	124	151	161	197	212	193	270	205	147	108	108	109	100	125	76.8	81	82.5	138	146	127	120	134	93.3	73.2	77	51.3	64.8	94.8	105	87.7	64.5	56.6	82.9	117	147	123	112	133	141	184	195	228	260	251	147	98.4	90.5	35.4	18	20.5	21.2	22.2	19.4	11	8.52	6.51	4.98	6.3	9.96	18	28.6	44.6	38.6	23.8	47.5	70.7	70.9	74.8	79.6	85.6	49.9	28.3	28.6	54.5
266	323	242	238	193	151	209	250	294	349	369	341	313	293	333	359	296	220	293	265	260	221	161	132	151	180	228	283	246	233	165	143	122	111	119	102	109	107	123	141	122	112	100	201	166	185	209	201	216	231	214	196	224	223	178	131	125	166	123	132	113	70.8	69.6	125	152	86.8	57	77.7	66.1	94.4	88	56.7	65.7	84.3	75.6	57.5	70.9	73.9	105	102	161	188	129	127	163	170	168	224	199	203	118	69	62.1	21.3	19	25.7	15.6	25.2	22.2	4.14	7.56	2.79	6.6	11.4	16.9	32.9	36.7	45.2	26.9	34.3	32.7	39.7	40.5	51.5	50.7	49.3	30.3	36.6	28.6	41.4
252	297	248	239	228	247	306	343	373	380	314	261	276	346	293	243	194	182	213	276	296	238	181	139	155	160	179	208	218	189	143	132	134	136	136	155	199	207	147	236	218	151	116	181	172	167	163	172	182	254	269	201	209	174	193	181	168	206	202	194	164	140	114	129	144	68.3	57.2	112	85.1	85.7	63.3	67	66.6	81.4	89.2	44.8	82.2	82.5	100	62	120	107	155	149	174	142	171	171	196	170	88.9	80.3	47.6	38.6	14.4	15.9	17.2	17.3	17.7	9.3	9.21	11.7	9.24	11.1	13.6	35.8	33.8	31.1	26.7	25.4	27.1	28.7	32.6	35.4	35	33	25.8	36.4	31	31.6
268	299	256	276	276	293	337	453	464	476	442	318	286	272	222	228	234	188	193	204	201	189	205	195	217	213	233	257	244	169	153	157	128	136	140	128	161	236	195	218	199	153	133	117	103	113	139	145	165	266	214	195	179	180	184	184	172	235	277	183	168	170	114	58.5	87.8	46.9	67.3	70.6	61.1	64.1	79.6	77.4	49.9	36	58.7	50.1	77.1	76.6	67.3	83	111	72.9	97.3	104	142	110	141	180	198	151	103	50.3	45.9	38.7	43.3	29.4	15.5	24.3	20.2	15	21.8	29.6	24.4	17.1	15.3	22.1	27.8	17.3	13.1	7.14	5.76	17.4	13.8	14.1	23.9	21.5	20.8	34.9	15.2	24.7
264	286	314	289	255	311	359	469	585	533	413	323	335	262	299	289	220	218	198	148	176	221	218	208	210	207	231	224	196	175	160	163	176	146	135	118	171	199	257	308	219	189	166	160	134	112	124	122	210	241	186	178	198	254	207	172	150	215	214	138	129	146	93	73.6	79.2	76	58.5	78.2	62.9	55.1	83	72.8	54.7	44.2	52.6	69.3	77.2	90.5	66.7	130	175	157	100	92.3	84	94.2	238	253	171	177	99.1	64.9	42.6	38	43.2	37.8	46.6	23.4	19.2	16	24.4	31	15.6	15.6	15.1	17	16.6	8.64	10.9	9.66	16	13.5	6.12	6	4.38	10.5	18.7	21.4	18.3	19.6
330	313	374	410	360	363	473	477	568	482	327	337	275	259	260	237	235	201	163	173	191	269	229	202	199	181	235	231	255	223	174	205	219	144	128	174	203	220	206	297	257	243	338	214	184	234	176	157	156	152	139	234	195	211	184	180	186	220	154	124	133	116	113	87.5	69.3	67.9	85.1	89.5	56.7	69.1	75.1	60.9	57.1	42.2	74.1	85	108	111	94.2	163	199	203	133	108	96.1	178	160	210	176	161	61.5	55.8	44.5	60.5	45.3	52.5	84.3	16.9	18.9	16	21.2	17.7	15.8	14.3	12.8	14.8	14.7	14.7	10.3	9.18	11.5	8.22	10.6	3.06	13.6	21.5	22.5	29	11.5	4.65
249	300	361	380	425	414	494	487	502	415	307	258	279	249	323	315	214	229	209	197	256	313	233	197	191	212	218	269	312	246	224	251	183	149	175	171	173	169	187	188	148	147	231	228	300	241	168	146	206	206	158	169	170	192	211	234	207	246	165	129	139	120	115	116	71.3	104	111	75.8	66.3	67.3	86.2	84.7	64.1	55.6	85.7	105	99.9	87.2	110	149	127	159	155	104	97.5	162	156	226	163	99.7	74.3	66.5	77.8	86.6	63.4	54.2	50.6	47.4	33.9	16.9	14.8	29.5	18	14.3	21.5	23.4	18.4	11	6.63	4.74	6.54	12.1	7.14	3.48	12.1	25	22.8	15.8	8.16	16
257	330	304	418	452	472	492	410	423	347	296	291	265	266	275	304	426	376	269	171	205	297	338	233	245	269	197	222	277	209	224	208	144	156	190	203	181	130	180	127	107	120	160	247	262	162	138	182	198	179	138	142	168	167	267	338	261	238	179	160	164	124	123	119	115	106	164	91.9	98.9	105	105	120	62	71.6	44.9	52.3	59.7	78.8	61.4	77.1	134	166	146	139	102	112	106	150	98.3	90.5	91.6	88.7	125	105	91.6	118	102	88.2	65	62.2	60.5	52.4	50.2	50.9	52.3	46.6	45.5	22.9	21.3	10.4	9.03	5.89	4.42	1.74	12.6	5.36	0.631	0.334	2.33	17.3
312	377	357	458	472	454	388	400	350	316	248	307	257	252	289	318	395	287	195	197	218	283	274	244	220	228	269	225	200	136	142	142	136	173	170	181	167	114	133	128	115	90	101	147	148	138	110	143	157	151	141	187	271	208	248	307	281	193	201	154	150	134	114	150	164	156	159	124	147	164	159	98.8	92.3	70.8	39.7	55.3	64.1	64.9	59.2	118	206	234	180	184	159	127	113	90.4	86	84.7	88.9	125	201	166	144	192	211	195	96.9	65.8	61.3	53.3	53.7	52.7	58.2	44.3	44.7	18.3	14.6	11.5	9.58	3.03	2.98	3.48	4.11	1.25	0.471	0.509	6.88	7.98
407	443	389	466	466	435	453	399	369	362	288	248	278	233	207	236	292	269	278	250	242	266	277	263	275	322	399	324	289	204	168	161	156	259	319	272	212	154	128	118	103	77.3	87.6	185	139	118	108	143	198	201	203	267	229	221	186	242	231	222	201	159	159	145	164	169	202	196	209	189	236	200	212	141	91.6	81.3	54.1	54.1	59.4	71.3	72.3	115	140	217	174	199	190	129	127	145	133	128	145	161	187	155	226	362	435	269	129	94.7	84.5	81	73.4	75.4	60.2	48.1	47.5	28.1	14.3	11.7	8.44	3.09	2.51	1.71	1.37	0.66	0.392	0.296	0.236	0.42
443	449	422	491	445	431	436	492	488	469	335	249	350	397	287	277	264	238	251	292	324	318	343	283	313	377	420	335	298	241	223	178	154	184	404	301	309	167	168	142	130	138	111	131	128	122	154	209	242	227	184	241	274	169	180	223	231	303	210	180	202	193	184	197	160	192	225	264	275	292	272	223	169	137	69.9	84.4	80.4	79.1	76.1	80.7	138	184	144	125	104	130	132	162	122	188	229	225	290	266	323	378	461	328	183	119	122	130	138	136	116	88.3	55.3	32	20.2	20.8	13.9	6.02	22.8	16.8	1.24	1.47	0.574	0.231	0.225	0.03
449	463	440	449	412	405	435	450	447	391	317	254	288	287	277	277	250	278	294	246	286	330	279	192	241	324	379	266	336	246	216	284	183	168	330	354	253	188	255	158	139	146	127	112	103	109	156	189	237	247	194	248	302	188	218	206	174	206	203	165	191	202	150	208	205	208	146	183	266	347	215	192	156	97	68.5	68.5	109	114	75.4	70.8	148	163	117	126	140	96.7	123	134	126	228	249	303	369	348	300	342	344	357	216	155	209	273	270	181	155	102	79.3	54	29.5	15	11.6	8.3	4.65	2.05	1.41	1.84	0.768	0.548	0.537	0.412
434	457	455	442	346	377	475	471	433	316	288	264	233	267	267	326	311	357	293	296	319	334	270	185	182	285	316	248	260	229	223	262	208	187	275	271	201	186	224	198	154	123	131	162	141	127	159	182	220	251	167	201	266	267	242	191	146	213	216	218	217	228	234	174	186	202	196	218	263	262	193	183	154	80.7	135	99.1	86.6	91.1	74.9	83.6	178	185	143	144	148	132	120	140	185	195	229	255	247	309	274	291	315	298	220	215	259	341	338	224	166	137	97.8	77.5	42.6	22.3	14.5	3.34	3.58	3.95	1.11	7.84	0.652	0.508	0.507	0.396
424	461	482	485	434	365	383	365	404	375	349	279	283	268	304	321	354	259	240	342	256	248	206	169	172	202	195	236	243	244	260	239	202	224	201	196	188	210	231	222	264	164	145	153	172	148	167	159	147	185	206	158	216	196	217	202	153	192	181	243	248	208	154	121	157	178	196	215	233	245	234	219	208	121	108	109	120	78.1	71.8	84.6	153	123	112	138	132	145	143	146	147	170	197	195	199	224	239	321	320	325	294	240	299	366	368	259	201	160	128	90.9	87	57.4	33.6	20.8	15.4	1.22	1.16	1.09	0.819	0.612	0.585	0.437
465	473	484	527	435	387	406	516	561	466	373	323	319	257	296	250	299	313	271	324	247	214	153	196	147	145	161	239	258	341	287	226	192	300	212	209	246	241	235	223	240	191	212	213	160	163	174	168	186	213	206	194	210	222	201	212	200	189	188	177	190	187	150	122	107	149	203	221	226	212	175	183	146	135	122	104	99	79.3	68.2	70.8	88.3	81.9	108	132	128	128	157	199	147	159	153	172	176	194	231	311	369	417	322	274	288	303	292	234	210	165	117	105	107	102	75.9	42.4	20.4	9.42	1.86	1.45	1.02	0.857	0.771	0.53
479	465	467	483	395	409	460	531	569	388	276	311	245	246	255	264	376	377	292	282	236	186	136	193	148	144	166	277	275	293	247	262	298	339	290	285	272	259	233	241	289	255	230	198	176	199	223	282	309	270	319	297	277	202	236	258	243	226	200	190	187	195	192	201	175	168	177	185	167	151	162	180	126	113	111	107	83.1	85.4	85.7	70.8	108	100	120	150	163	152	144	181	157	160	149	143	177	188	263	359	478	492	395	403	427	383	366	251	256	188	149	116	106	168	172	53	28.8	17.9	2.05	2.85	1.62	1.45	1.96	0.885
486	429	374	361	360	375	377	380	447	286	277	283	286	281	282	252	285	341	350	322	211	209	197	276	182	167	165	257	285	250	261	279	282	335	332	281	290	273	229	177	222	244	215	266	184	224	312	259	415	360	345	333	317	212	256	276	323	274	209	188	217	212	205	207	185	143	148	151	158	153	152	148	150	135	119	92.7	97.7	84.8	83.8	67.8	96.7	106	129	167	199	166	143	147	188	255	185	168	195	252	226	327	404	441	269	341	432	461	417	326	291	226	147	92.9	95.9	107	115	54.8	55.8	31.5	10.2	3.68	2.71	2.64	2.43	1.33
450	448	426	390	350	330	271	263	355	289	222	190	216	272	239	243	241	299	338	372	248	189	202	249	228	183	196	259	259	272	261	277	280	352	391	357	314	314	287	190	224	291	238	227	209	200	252	292	368	320	323	235	227	344	339	268	290	291	235	209	226	203	199	204	180	167	133	144	186	184	152	132	158	141	120	103	137	106	103	83.9	93.2	99.5	113	172	185	176	162	156	186	209	214	223	197	179	255	306	225	246	204	295	409	428	491	352	286	252	192	128	108	90.1	99.6	67.5	60.2	42	32.5	18.3	8.39	6.6	12.9	12.7
476	454	448	495	485	378	275	228	254	268	296	207	191	309	226	240	219	219	232	296	227	180	189	171	155	164	203	231	262	280	249	292	307	331	357	325	300	336	300	205	246	248	270	212	285	227	205	204	220	273	303	325	292	294	271	338	354	353	279	171	181	181	179	205	160	215	159	169	189	164	143	109	141	129	108	99.7	108	103	128	145	130	125	141	182	172	178	197	200	175	177	206	242	234	196	200	242	214	172	222	383	432	473	467	368	271	221	157	96.8	107	90.5	94.3	65.2	55.6	57.6	56.5	41.1	27.2	35.5	51.1	35.9
403	459	492	489	481	452	369	231	267	294	314	229	220	268	183	242	243	219	296	296	202	215	220	225	197	210	269	271	278	281	286	352	346	378	384	349	322	478	398	246	278	279	274	289	280	261	230	201	266	295	244	287	309	229	213	348	345	280	221	143	184	193	210	178	219	198	184	180	174	144	134	136	148	124	113	139	132	111	132	203	180	188	234	199	165	225	208	213	147	146	172	198	204	193	196	208	221	243	253	430	473	482	349	258	211	177	147	113	93.3	78.7	85	70.1	59.9	62.8	67.1	81.3	70.4	95.3	76.2	58.3
355	408	471	455	473	397	299	210	190	264	344	259	204	201	193	278	253	230	273	288	191	228	269	322	275	293	330	267	235	276	267	307	361	356	347	406	366	397	350	327	332	283	398	274	258	253	298	284	188	199	230	293	305	241	223	345	398	358	233	161	198	213	217	187	231	216	186	183	222	168	142	139	190	159	123	144	139	138	144	207	199	178	297	225	211	221	206	198	173	174	185	222	200	225	221	210	226	227	251	367	380	377	305	230	206	168	162	110	109	92.6	74.2	83.8	63	71.9	99.8	82	83	59.6	56.3	43.8
400	433	435	429	410	348	324	291	214	269	239	267	213	193	180	247	205	204	236	270	225	306	283	317	301	263	237	253	241	261	282	333	410	385	295	366	326	327	341	313	372	294	357	316	241	239	270	208	205	188	200	320	292	196	254	274	298	264	185	137	145	183	215	205	206	238	195	207	208	192	169	160	147	159	123	123	113	125	146	189	197	151	154	182	198	183	204	223	173	193	188	206	194	228	274	246	257	243	254	298	322	285	264	195	180	151	118	124	109	113	112	82.6	78.4	84.7	90.5	84.9	75.1	69.5	74	66.7
433	409	466	423	396	342	310	293	229	229	250	269	208	184	191	209	206	187	183	215	221	289	292	312	311	278	274	281	252	266	336	318	353	424	385	350	449	417	364	376	386	284	266	273	275	244	252	218	234	257	300	280	281	250	227	202	235	244	233	157	149	167	234	232	238	204	173	216	213	180	169	168	122	134	134	140	170	146	118	141	184	187	144	178	170	171	175	186	173	177	206	270	194	189	217	262	295	207	196	260	262	273	300	157	167	133	101	93.6	93.9	122	127	95.2	83	94.4	81	76.5	73.4	66.6	64	61.3
339	389	487	416	355	293	300	320	313	277	332	268	205	219	236	257	300	292	249	277	295	378	350	299	329	316	294	276	241	243	270	288	258	361	433	367	385	386	448	388	410	351	335	279	304	267	276	238	215	179	203	232	252	216	189	175	175	174	189	146	175	159	198	210	288	251	172	222	278	182	139	118	118	121	140	164	180	178	114	155	193	189	171	166	135	99.3	89.8	87.2	102	104	116	141	129	145	167	212	154	154	156	171	177	228	156	121	149	114	124	99.6	86.3	93.8	112	96.3	95.3	94.9	94.2	94.2	74.5	62.6	64.2	54.5
331	339	374	412	361	314	353	260	255	275	323	285	205	184	224	248	241	264	227	274	337	420	300	298	355	360	290	260	233	238	183	230	310	382	502	408	430	572	530	425	439	351	484	320	339	310	270	237	226	233	234	218	210	199	189	223	188	215	235	204	176	177	179	200	245	220	173	211	193	159	117	133	139	157	159	175	201	193	146	198	160	133	146	148	121	116	95.6	62.5	64.7	71.8	86.1	120	123	110	121	145	128	141	163	185	177	201	169	140	123	107	128	92.9	81.8	101	84	112	102	95.3	99.4	92	109	72.9	66	59.2
355	425	435	421	353	353	315	253	269	273	330	268	262	226	244	250	231	272	243	286	323	359	250	276	363	364	279	239	251	226	226	259	257	264	409	352	553	533	534	417	452	384	411	343	276	303	283	232	225	208	195	180	181	228	192	265	213	187	184	223	199	198	184	201	196	152	201	160	119	125	130	166	160	159	167	181	181	174	165	189	166	139	156	156	128	111	92.1	68.1	66.1	83.2	67.9	127	153	143	123	160	167	163	204	225	200	185	148	153	98.1	98.9	102	98.7	85	88.9	82	112	112	113	116	96.3	87.2	74.4	78.3	91.4
413	453	466	473	432	433	367	267	243	249	301	227	255	232	248	296	292	248	279	284	284	302	235	256	315	341	233	189	222	258	213	278	324	353	358	370	462	449	386	430	502	433	311	222	217	242	222	227	257	196	166	209	210	200	235	258	251	236	167	166	191	176	157	193	286	194	138	135	108	125	155	179	180	166	131	143	186	217	155	197	221	179	184	177	158	142	121	113	115	128	122	158	158	157	185	185	176	192	209	213	194	196	170	144	118	97.6	116	127	102	83	80.2	110	119	128	130	154	99.4	82.6	88.1	50.6
429	382	469	491	505	369	303	335	287	259	275	228	225	285	288	260	277	312	379	314	358	361	297	246	272	244	185	148	147	211	204	233	279	232	241	364	374	308	313	363	283	298	246	197	170	163	165	202	214	175	210	235	209	216	242	292	278	252	232	195	182	190	188	183	219	180	157	126	119	128	137	171	193	186	139	147	240	237	239	194	202	177	176	196	177	201	177	122	122	159	172	188	205	181	192	216	178	245	170	213	170	125	165	135	107	101	135	119	120	85.2	76.9	90.7	112	131	167	175	128	64.7	60.6	42.6
406	395	470	441	529	395	284	262	347	253	248	189	200	242	235	266	267	283	271	319	319	345	323	260	277	194	156	149	209	221	293	256	250	236	195	248	312	226	204	254	304	230	209	171	156	151	155	183	163	197	191	196	201	210	247	330	254	252	243	210	179	163	174	171	173	182	168	160	150	171	143	150	170	190	229	161	194	189	195	185	224	226	181	204	174	152	130	135	140	191	185	191	222	201	177	220	262	306	231	162	159	165	126	75	71.6	86	77	82.1	132	108	83	98.7	142	177	164	152	132	63.5	63.1	82.9
422	410	437	411	446	320	238	207	270	264	239	229	212	245	262	285	303	286	282	216	234	275	292	209	197	146	145	210	206	170	164	192	252	191	234	268	214	184	234	260	344	279	235	177	168	148	181	209	198	193	188	188	223	215	230	263	241	228	254	232	165	172	180	208	230	187	221	167	190	207	152	192	199	150	194	215	152	143	158	199	209	200	177	195	169	151	146	144	154	197	189	182	253	156	128	190	296	283	267	187	148	161	112	60.1	57.7	65.3	78	106	136	118	107	120	127	151	129	154	121	86.7	83.9	54.5
400	347	364	362	300	257	240	256	255	244	249	268	209	250	292	318	354	265	284	216	218	217	253	208	196	146	183	250	220	242	149	139	202	201	231	297	202	257	440	357	290	399	261	155	158	154	153	199	170	148	156	206	218	169	181	205	233	230	227	240	219	199	201	196	190	196	166	146	160	158	151	168	249	160	190	215	148	140	179	233	195	198	172	157	137	174	162	152	154	194	137	193	192	150	85.7	120	267	272	194	148	129	117	133	77.2	73.8	82.1	112	141	125	110	108	131	129	174	175	203	192	131	102	69.1
328	331	309	271	230	227	264	245	223	192	192	248	230	222	236	247	246	260	257	231	216	240	285	203	240	196	219	167	162	138	155	162	166	230	258	218	200	245	286	296	258	230	200	141	160	166	192	164	163	173	205	243	207	156	183	209	230	324	264	213	193	203	184	152	167	192	168	151	129	183	166	238	275	235	209	210	223	180	232	223	207	181	169	131	137	152	155	144	135	147	110	216	177	119	92.3	151	174	143	131	133	104	92.2	121	92.7	76.6	86.9	110	141	107	99.4	112	90.2	100	182	177	150	250	184	175	97.6
274	274	228	221	218	231	220	233	226	232	230	213	241	241	242	262	224	245	246	210	161	202	173	177	234	217	204	159	127	145	131	170	175	215	238	222	253	297	320	286	223	248	217	143	131	166	159	161	198	208	256	245	189	169	208	207	215	316	219	187	172	195	148	126	127	174	216	160	106	164	192	246	237	221	195	256	240	226	229	227	235	188	158	136	150	163	188	177	141	116	149	226	157	144	181	119	144	130	148	172	124	108	103	96.7	104	139	152	180	91.1	129	91	77.8	85.7	100	151	182	216	157	138	112
266	273	243	230	250	286	242	238	222	244	235	231	239	244	231	298	235	194	215	161	151	130	137	125	194	222	214	121	106	129	104	120	128	173	254	271	284	299	340	277	248	248	273	206	171	182	197	209	214	225	257	276	224	186	208	223	145	206	178	167	146	138	167	135	167	177	217	172	117	155	211	232	194	199	214	243	230	210	235	225	229	210	170	138	144	173	139	127	86.2	97.7	113	148	108	122	202	125	138	132	158	166	146	96.3	107	90.8	124	155	150	115	86.7	94.5	113	150	208	105	113	134	153	144	135	118
267	246	239	295	269	316	252	269	231	189	220	231	192	190	213	245	253	245	266	250	253	144	177	167	152	153	188	95.8	141	148	113	161	151	156	223	271	273	258	302	290	290	241	259	240	221	219	215	211	221	218	227	242	218	183	202	190	170	175	163	200	172	165	170	221	175	134	159	186	173	140	202	201	227	286	312	299	300	245	230	215	221	204	158	159	167	189	146	164	112	178	141	193	256	151	187	104	110	133	164	180	207	145	147	105	83.9	91.2	101	108	86.8	98.8	112	83.9	80.6	88.4	65.1	76.4	138	125	129	91.9
244	236	259	273	285	302	278	254	218	197	188	210	175	169	219	232	272	313	345	347	282	158	227	210	174	185	191	128	149	176	235	153	183	185	201	242	287	278	269	240	255	257	378	324	345	315	314	269	340	287	236	256	237	218	286	296	285	187	179	195	176	190	191	174	148	149	147	245	242	222	334	313	340	395	392	320	304	260	205	243	268	214	182	127	179	218	138	156	185	186	158	160	206	167	151	123	118	132	148	179	186	198	158	112	102	77.7	86.6	109	113	97	84.9	56	56.2	49.1	53.5	103	142	62.5	57.7	165
259	238	279	294	352	362	327	263	246	234	180	197	187	187	197	251	299	273	341	271	248	166	176	225	199	164	183	160	160	177	225	158	154	173	192	195	205	233	258	277	239	290	242	335	399	409	287	236	263	298	218	188	253	330	246	187	221	182	183	170	138	156	233	215	155	180	190	208	184	262	280	279	299	355	379	340	276	230	220	314	374	332	266	163	203	208	147	163	201	159	177	172	152	154	175	203	173	162	194	168	188	193	168	131	98.5	93.6	93.8	133	115	109	128	62.4	72.9	50.5	77.1	127	112	91.8	62.9	83.1
260	262	285	314	431	401	327	275	237	255	183	201	238	227	197	223	190	203	239	204	228	311	398	304	264	182	180	204	188	202	147	167	167	224	202	205	194	253	249	253	250	240	248	303	268	247	205	200	210	263	190	160	279	326	275	210	242	236	198	225	236	219	216	191	199	207	221	204	201	249	259	259	258	309	289	293	293	308	289	261	277	267	252	227	211	222	185	172	215	246	213	207	160	135	189	194	195	165	223	188	183	151	123	125	112	120	114	156	157	136	127	67.9	63.8	70.2	81.1	66.5	89	52.1	52	86.5
232	232	239	249	318	319	281	229	251	195	188	227	289	264	203	175	214	223	251	337	372	236	334	274	197	160	202	147	150	179	165	163	185	215	214	204	201	224	271	259	244	242	242	261	257	182	162	170	204	209	175	164	293	250	219	248	238	196	175	200	244	228	258	185	218	248	282	226	216	247	270	277	254	244	227	237	235	311	344	315	242	216	248	216	220	194	173	195	191	183	152	204	183	144	179	199	201	150	216	249	186	168	149	112	98	100	163	198	158	138	86.9	81.8	92.1	164	160	174	108	64.7	64.6	37.7
292	234	250	239	269	276	264	222	203	195	173	197	258	258	209	174	169	247	340	396	378	343	293	259	199	159	176	146	142	129	168	166	150	152	168	192	206	196	225	273	237	220	217	248	201	201	186	225	225	249	230	235	297	249	209	236	199	158	174	181	248	233	206	158	206	211	230	208	223	235	293	367	359	289	275	273	296	332	412	415	281	231	260	189	190	334	193	131	134	144	161	190	175	162	209	197	208	225	288	249	204	177	177	138	162	133	132	152	169	107	100	171	182	115	139	165	74.8	62	51.5	31.1
274	269	269	294	274	284	239	207	197	220	194	215	252	242	241	240	208	237	360	384	456	494	367	211	188	199	195	180	148	138	171	164	165	139	141	187	184	187	233	228	222	220	215	297	260	168	159	247	297	337	350	283	188	322	248	168	168	155	268	226	214	230	196	176	238	245	267	271	200	242	227	280	320	375	323	325	323	342	381	423	288	282	242	192	218	238	236	191	124	172	204	225	207	161	238	265	272	269	377	255	217	265	274	256	216	192	186	246	201	138	142	270	250	128	148	158	126	94.5	71.5	112
274	278	246	296	291	321	252	217	193	212	205	243	236	232	228	210	172	192	243	308	314	297	245	210	187	179	210	229	173	158	197	150	165	174	145	210	236	198	194	172	196	237	213	190	201	180	246	234	317	307	299	265	220	203	158	132	180	186	234	195	277	215	168	191	192	219	257	271	275	367	280	280	244	247	267	356	325	269	329	333	290	276	261	205	270	216	170	146	137	128	144	186	204	197	193	314	304	349	491	276	234	277	252	215	162	184	157	182	162	149	193	242	192	171	186	308	255	122	89.1	142
305	272	218	240	324	318	244	202	210	252	222	227	228	231	275	235	250	198	219	296	227	190	170	182	162	182	215	206	207	193	174	158	181	189	163	213	212	221	243	181	179	180	185	175	171	159	189	223	214	245	223	224	240	221	214	275	253	174	192	292	332	265	179	167	141	175	219	176	184	184	274	437	247	209	203	262	237	268	214	236	234	265	279	195	186	187	164	140	162	169	130	161	216	303	199	262	284	294	331	269	229	209	171	152	190	180	168	164	144	154	159	191	97.1	91.1	120	180	157	149	92.8	144
291	255	225	215	217	220	253	204	263	228	187	162	186	164	206	228	232	200	204	223	201	200	171	186	170	203	245	250	252	233	194	172	192	226	186	175	186	169	174	139	190	156	155	187	230	188	177	204	196	174	233	258	364	320	305	403	299	193	238	235	262	210	165	154	121	132	163	172	158	216	222	295	281	293	258	298	351	261	226	313	306	255	244	204	216	201	163	148	156	172	193	207	241	294	179	196	284	306	379	295	231	197	157	174	179	167	111	178	135	92	160	143	82.2	68.3	94.4	132	136	148	117	118
300	261	223	243	220	239	246	205	277	271	188	206	214	174	179	225	244	255	246	249	218	196	196	174	169	230	277	305	294	264	215	190	183	196	189	160	165	141	116	108	130	177	142	137	151	205	208	203	192	173	234	231	304	440	323	248	246	211	235	269	315	226	164	151	120	161	208	211	191	208	242	292	352	327	347	317	235	223	257	264	297	293	281	230	220	202	156	168	182	159	151	159	182	181	138	216	210	236	375	296	186	172	187	191	223	180	150	107	121	116	201	141	106	96.9	112	204	167	153	191	101
268	231	218	247	259	248	257	203	228	221	178	198	221	235	221	214	268	268	264	223	222	209	210	215	193	269	262	227	230	217	235	214	192	167	173	150	157	144	156	127	121	147	137	142	121	136	154	142	193	209	167	197	388	454	292	229	216	198	267	299	225	145	146	139	133	219	148	182	189	167	255	296	320	287	297	333	278	224	241	269	267	275	352	233	221	214	176	146	206	168	214	198	167	220	118	295	273	211	200	235	172	161	226	237	204	198	189	191	144	127	126	131	139	135	121	231	210	154	133	123
247	244	232	258	232	199	207	184	213	198	192	177	190	213	219	240	243	240	214	206	224	212	213	208	206	214	268	221	225	239	223	201	209	174	147	127	161	171	170	150	137	135	135	142	217	181	152	179	181	206	167	213	386	422	261	208	192	209	213	191	197	183	137	106	145	146	107	145	146	171	218	334	243	231	222	263	282	224	251	249	284	302	295	229	185	202	181	159	170	152	161	192	176	161	146	195	194	150	162	161	209	177	182	174	222	258	214	198	182	121	98.8	113	225	183	121	196	185	119	102	140
286	291	241	285	324	253	226	204	212	171	221	243	187	180	196	207	196	179	190	173	169	167	164	175	176	187	227	201	219	223	201	192	197	176	148	129	138	188	184	177	132	129	146	154	179	216	207	278	202	185	155	175	227	335	236	169	191	335	199	152	192	326	229	158	114	119	101	110	123	176	191	263	199	187	184	252	285	225	320	337	352	358	297	233	204	239	259	200	175	153	148	156	218	152	148	176	149	175	180	135	175	178	240	242	233	259	271	204	147	147	104	111	111	126	119	203	233	127	96.4	111
250	214	210	240	249	308	277	214	223	189	193	159	187	196	149	160	189	168	172	170	149	168	180	167	168	207	188	183	196	189	211	178	181	170	146	140	143	170	221	210	162	161	135	157	176	223	244	261	357	201	187	206	230	310	235	217	193	266	250	184	263	183	209	164	158	135	132	155	145	176	162	206	195	190	189	263	283	256	271	274	309	335	322	208	225	219	248	207	175	182	170	110	138	139	113	116	132	158	160	149	149	167	248	204	190	241	230	141	203	156	167	143	114	86.1	90.5	136	192	155	120	151
253	194	217	254	263	268	324	237	215	174	175	153	146	130	115	124	142	151	202	198	170	162	186	186	211	187	188	166	179	179	211	196	145	155	153	154	169	161	217	255	225	172	154	238	203	156	181	205	278	386	273	266	201	171	167	177	172	175	255	229	242	245	169	173	145	101	117	150	146	146	199	255	221	173	222	219	282	282	228	272	283	284	325	170	187	230	233	189	213	228	164	118	129	116	106	106	124	180	187	175	139	139	172	162	146	192	191	109	124	126	133	119	98.2	93.2	67.8	102	136	148	134	132
291	254	208	210	232	219	277	259	227	207	186	161	157	158	104	126	143	149	173	183	192	178	190	222	187	166	169	155	186	178	196	146	156	151	166	160	146	148	211	227	251	190	192	191	193	170	161	196	248	314	263	279	267	236	195	173	171	243	165	215	232	211	184	167	145	134	84.1	113	131	152	176	233	210	165	178	228	259	229	210	222	256	217	216	198	164	244	215	155	197	176	184	160	151	137	113	135	160	148	145	162	130	109	148	164	146	133	109	122	103	130	101	124	122	99.2	133	118	108	143	175	105
296	261	182	178	164	178	187	179	176	206	208	208	190	179	153	154	155	158	175	172	196	174	164	187	205	195	192	217	239	203	179	154	177	171	203	203	165	147	174	179	208	214	161	236	159	183	266	283	300	241	243	243	224	213	181	182	200	188	227	212	221	263	320	243	125	87.4	92.1	123	138	164	150	189	167	149	153	181	190	215	202	217	201	255	270	264	220	271	269	166	146	154	212	168	168	197	157	128	141	145	141	141	148	147	130	201	172	131	149	136	122	136	127	153	142	136	133	126	112	144	144	139
186	203	175	161	151	144	169	140	135	162	161	206	219	219	207	180	159	186	183	174	179	163	154	167	219	207	211	191	254	183	153	162	178	170	179	163	159	143	158	176	177	184	161	121	141	214	257	296	283	210	206	282	226	207	178	220	215	216	223	245	221	200	273	229	186	122	160	138	115	122	131	173	192	166	142	152	152	160	144	250	269	242	238	282	252	213	283	154	133	163	171	121	105	129	128	120	121	150	123	160	160	174	154	172	169	150	168	170	153	137	136	151	194	139	135	138	93.5	105	121	134
160	191	209	178	161	150	131	138	167	149	153	143	167	174	193	166	143	143	149	155	163	180	194	182	212	233	249	197	214	200	160	179	182	191	194	193	187	154	163	179	220	224	200	150	128	149	212	262	272	278	229	289	249	166	197	233	294	222	138	245	188	200	304	214	190	153	158	144	131	120	137	181	144	136	140	217	200	174	202	249	293	238	219	271	274	199	230	190	202	194	216	118	128	109	130	143	137	136	142	155	156	163	166	232	186	148	149	174	139	140	138	156	183	152	143	145	115	90.6	103	119
115	180	179	192	198	176	155	171	204	171	145	136	142	137	135	137	124	125	130	145	158	142	174	172	215	197	192	169	184	167	177	192	210	207	188	190	200	191	193	193	212	214	192	152	183	129	181	138	189	226	205	159	183	172	148	192	191	181	112	111	117	150	229	160	150	163	159	142	128	145	143	165	149	156	151	207	222	221	208	215	251	229	225	258	316	161	253	210	191	172	200	136	157	147	125	129	127	153	139	152	201	188	214	224	200	144	120	144	135	109	99.2	140	172	142	141	146	126	86.4	113	144
96.6	129	158	203	232	213	173	149	157	135	108	130	136	144	179	138	110	124	163	144	142	156	179	148	169	174	164	175	195	175	182	238	245	243	227	276	314	287	261	236	261	241	231	180	158	128	137	126	161	152	141	200	155	144	165	197	189	219	176	116	109	125	166	129	140	133	191	148	159	127	119	123	122	146	153	154	176	176	163	233	195	178	181	199	213	208	222	215	209	170	167	171	205	193	145	123	111	150	148	179	181	176	170	214	158	141	130	135	134	142	115	131	143	143	138	162	141	117	161	232
111	121	153	191	195	164	144	145	144	173	128	148	131	106	104	86.7	92.9	96.8	123	120	153	154	174	159	166	170	137	184	188	213	188	229	252	249	230	291	263	244	243	235	307	233	194	148	171	154	163	183	143	103	133	198	158	162	164	194	186	169	199	133	111	125	124	125	108	133	252	118	109	109	143	205	127	117	130	206	223	164	168	224	184	173	184	175	180	210	248	300	237	185	172	126	183	151	122	155	142	160	155	203	240	185	160	155	156	167	169	141	121	139	125	131	132	127	164	173	183	143	138	174
108	117	125	128	129	123	112	138	148	179	198	214	169	173	168	138	119	84.9	88.9	96.9	110	130	158	163	218	197	209	184	203	212	228	260	232	216	203	262	268	257	260	236	294	248	162	122	146	180	208	226	178	194	185	203	196	170	171	193	191	211	158	140	145	124	136	142	127	137	186	127	107	93.9	143	222	140	108	115	184	190	168	169	215	185	183	231	190	221	255	267	284	272	212	198	144	161	141	132	124	134	168	150	182	237	196	179	182	166	129	126	130	120	127	150	152	133	141	160	196	189	189	148	140
106	117	115	108	95.3	104	106	152	198	220	213	202	215	228	273	197	126	89.3	98.2	90.5	107	110	151	150	202	236	246	216	215	208	205	235	226	217	211	257	248	252	264	222	245	217	142	128	223	223	208	332	217	202	203	206	232	250	221	193	209	166	162	151	171	166	237	171	192	195	216	211	151	108	149	115	141	147	133	184	201	271	307	250	190	179	192	226	214	241	278	265	211	210	222	177	193	189	218	171	147	200	151	158	229	258	209	258	208	175	150	140	149	148	191	184	170	179	171	191	224	232	152	128
93	83.3	74.9	74.5	71.5	61.8	61.7	69.3	91.3	133	156	231	306	318	293	212	158	148	107	95.3	137	122	108	138	159	178	233	227	238	251	240	245	214	211	214	245	238	246	300	242	297	268	192	171	290	230	197	178	210	250	224	240	243	229	254	198	192	160	173	169	169	171	181	221	198	178	210	218	219	180	184	125	120	170	138	166	209	256	263	245	198	198	221	238	233	238	239	224	215	222	248	269	256	231	194	209	184	221	188	207	249	247	231	264	297	278	255	156	183	174	193	186	206	240	207	183	223	218	141	122
67	77.2	66	73.2	67.4	52.1	48.5	51.5	54.3	81.2	129	199	308	343	345	321	252	190	136	147	128	122	93.8	137	162	189	221	216	224	246	249	234	217	213	221	227	242	241	254	183	206	230	195	183	245	248	201	163	159	219	258	257	213	223	233	262	194	178	162	141	133	139	159	185	190	205	196	166	168	182	194	176	124	150	158	178	168	210	196	248	261	222	245	338	274	264	232	247	245	258	271	264	261	230	189	187	203	185	172	170	168	196	157	220	212	317	238	188	149	200	200	211	247	249	220	227	217	195	140	158
63.1	71.4	64.2	63.9	56.9	48.1	52.5	58	61.9	82.5	98.5	171	220	278	305	315	349	313	242	216	177	117	97.6	127	155	168	210	215	237	259	243	262	222	212	225	229	215	238	243	175	187	227	213	209	209	265	171	165	176	191	214	206	194	266	226	236	223	193	167	141	150	148	158	157	195	222	265	173	142	195	233	160	194	182	174	169	175	164	160	194	249	232	259	335	263	218	254	293	326	274	270	246	240	201	234	212	233	176	165	138	141	119	133	220	172	164	159	185	175	207	231	220	206	235	223	229	251	210	200	199
63.3	72.5	61.5	58	61.3	46	51	58.1	74.4	82.2	97.1	142	156	158	171	186	261	255	241	241	215	168	138	134	149	163	189	200	217	262	252	271	253	239	243	242	217	231	209	176	217	230	203	258	191	224	260	185	183	157	222	189	180	142	240	253	219	165	147	152	142	134	135	134	145	158	215	167	152	181	176	142	189	212	281	235	192	187	188	250	272	254	333	290	256	231	213	287	304	281	316	233	216	216	213	230	209	196	163	148	145	96.4	111	200	167	185	179	201	199	225	225	228	224	212	221	261	274	235	220	175
35.1	39.6	30.2	40	47.4	48.9	41.5	39.6	46	66.3	65.5	73	83.5	93.2	98	91.6	112	114	145	184	237	228	191	164	155	171	191	205	219	229	258	317	316	283	286	266	231	214	268	242	298	298	264	236	299	253	212	198	193	183	211	148	135	124	112	171	148	144	134	163	115	103	154	145	128	147	164	141	152	211	149	140	242	236	245	218	196	179	216	272	253	248	286	297	280	235	264	269	259	255	267	267	282	242	214	249	224	235	218	199	138	133	113	200	182	251	169	194	219	236	252	229	259	266	267	291	277	208	180	189
30.7	33.1	34.8	37.7	45.2	49.8	41.9	51.7	54.4	47.9	51.8	58.3	59.2	56.8	60.2	68.6	60.4	78.1	114	168	156	160	192	176	183	177	189	205	211	221	248	308	286	260	220	211	251	239	232	199	197	160	201	230	239	236	177	126	197	117	127	174	179	133	109	105	120	178	112	99.4	136	147	308	197	166	157	185	191	269	224	152	132	184	182	183	186	223	205	223	254	224	274	297	367	381	297	286	276	272	274	285	292	378	337	291	276	260	231	273	244	272	260	177	220	178	206	192	182	199	216	235	267	260	284	254	281	259	212	191	227
20.2	29.6	43	35.3	37.4	40.2	45.7	48.1	41.9	41.8	49.7	45.8	37.4	58.3	42.6	43.1	39.1	71.7	107	138	110	126	176	174	183	175	184	198	190	208	261	287	276	249	208	198	211	238	279	195	186	154	130	141	135	141	152	170	131	112	94.7	129	147	114	91.8	85.3	91.7	111	117	117	138	140	182	210	192	209	189	190	219	202	140	185	171	162	198	175	193	186	242	211	212	273	301	360	423	375	310	289	316	286	296	330	404	381	319	320	295	262	268	311	317	336	193	197	177	168	206	230	206	241	238	239	257	264	289	275	282	224	212	227
20.3	25.6	27.5	30	30.8	29.3	31.4	41.7	35.1	35.9	37	30.7	33.6	32.2	32.6	34.4	28.1	34.7	71.8	109	138	140	151	177	178	191	203	190	179	200	246	287	287	251	224	236	209	222	206	172	180	166	174	132	134	135	163	126	95.4	95.1	106	122	90.6	115	147	124	132	111	129	145	180	134	155	168	209	185	168	152	135	127	134	136	152	157	218	229	201	206	248	285	242	267	265	294	332	340	308	302	327	314	321	379	382	391	353	331	311	235	264	299	304	242	207	226	204	187	206	230	240	249	237	242	283	289	295	306	272	249	255	247
14.5	17.1	17.7	19.9	19.7	17.1	19.2	21.5	17.3	17.1	24.1	28.8	25.1	14.3	19.1	18.9	14.1	20	38	76.6	111	114	175	233	253	240	227	178	159	167	186	230	251	261	200	209	202	191	173	163	160	134	144	144	147	133	131	100	92.4	96.7	134	125	89.5	89.3	98.3	115	181	122	104	90.6	118	113	117	107	129	120	121	153	91	80.2	97.5	133	143	174	183	188	195	202	197	265	243	238	275	312	313	300	314	300	329	317	299	332	338	337	320	312	281	249	291	300	281	252	230	252	244	212	218	225	248	267	292	289	273	281	301	318	299	318	288	266
11.4	9.19	10.6	19.9	15.2	13.7	15.9	17.5	11.8	12.2	23.2	34.8	23.6	19.2	12.1	8.23	12.2	20.2	23.6	48	83	122	148	180	184	244	250	182	179	162	156	183	195	199	198	200	187	184	183	155	172	162	135	142	131	120	108	83.5	78.1	77.9	82.1	55.6	73.9	106	94.8	105	146	129	115	95.9	92	82.8	71.7	80.2	97.6	98.5	94	90.2	90.6	104	123	124	121	137	153	160	213	223	185	231	248	243	259	290	283	301	305	304	321	322	322	327	325	308	289	317	262	222	243	294	303	288	246	234	234	225	225	230	261	259	288	321	300	321	298	279	275	282	251	284
5.44	5.06	5.56	11.8	17.4	8.96	8.24	12.3	9.37	14.1	17.5	32.8	36.1	17.5	7.66	8.09	8.31	16.1	21.4	49.3	91.9	134	138	133	135	209	243	259	195	184	176	177	168	164	189	195	191	170	165	151	155	154	151	144	151	157	118	90.2	90	88.6	74.6	42.3	49.4	63.4	81.5	77.3	93.7	77.5	61.1	58.4	70.9	61	46.6	68.2	85	68.7	90	94.8	134	122	164	144	174	127	145	140	169	195	214	295	312	276	249	255	276	303	319	300	314	347	303	306	302	291	283	268	213	209	224	278	255	243	244	240	273	243	238	247	253	264	275	282	304	300	267	286	263	250	252	246
4.67	3.8	3.56	5.17	5.14	5.06	5.38	7.09	5.79	12.1	14.5	31.1	24.3	22.5	11.2	11.5	11.2	17.1	26.1	47.1	112	133	155	186	153	154	196	255	219	219	200	191	172	149	146	156	165	154	139	131	129	117	119	119	145	185	132	99.7	91	88.4	77.3	54	44.1	57.7	65.3	78.8	71	74.8	44.9	61	87.3	73.2	55	63.3	70.2	77.2	93.1	127	153	159	177	208	229	168	162	167	153	211	231	316	298	258	236	320	329	314	295	276	262	267	274	293	296	297	261	247	216	239	269	284	262	234	257	261	216	246	263	277	271	259	258	314	325	365	278	255	260	278	251	265
1.05	2.42	1.24	0.592	0.446	0.388	0.459	0.543	1.32	3.28	9.36	30.8	29.7	24.8	20.4	14	17.6	21.9	28.9	44	59.7	86.6	123	145	104	112	115	135	166	157	169	167	113	110	121	149	143	123	117	106	108	104	107	110	120	122	130	138	121	93.2	72.3	61.4	54.7	74.8	71.6	77.8	54.6	51	91.8	85.2	90.5	83.1	60.4	65.7	82.2	83.9	95.9	157	164	182	194	199	202	185	181	177	172	202	249	245	268	236	211	261	270	275	223	212	254	268	253	266	329	259	237	218	220	202	220	313	313	305	278	226	223	217	241	268	301	281	270	325	319	300	263	247	245	257	252	268
0.511	0.401	0.388	0.318	0.222	0.165	0.164	0.239	0.435	1.45	6.64	7.83	29	19	36.9	46.2	23.4	20.5	21.4	41	51.3	72	89	114	91.9	71.1	96.8	104	131	177	190	220	194	156	138	143	115	101	80.1	87.2	101	103	92.5	101	117	112	116	141	112	97	59.5	40.4	83	53	50.9	67.4	44.2	36.1	91.2	79.9	88.1	86	68.4	55	62.2	85.9	101	107	107	133	193	205	270	219	165	199	234	233	277	215	183	188	176	222	236	237	250	180	226	247	266	288	317	281	285	278	235	210	209	226	244	258	292	234	220	244	267	278	323	307	296	328	318	290	283	269	252	269	265	266
0.22	0.113	0.159	0.0377	0.038	0.164	0.132	0.263	0.411	0.575	4.38	29.6	11.2	12.3	22.7	42.2	35.8	29.9	20.6	38.8	48.9	65.9	61.8	103	78.6	87.2	76	76.5	103	130	175	260	249	233	135	169	105	101	84.6	95.4	101	106	95.8	95.8	90.8	99.1	107	107	97.5	84	77.1	45.9	55.9	52	71.6	78.3	64.4	47.6	86	81.9	76.6	71	62.6	74.4	69.1	86.4	100	122	135	155	196	191	249	201	165	200	211	244	204	176	165	192	226	299	234	237	276	201	206	207	210	237	282	291	250	253	216	228	230	218	246	302	258	240	243	286	282	279	299	286	296	284	266	248	265	288	268	272	279	320
0.171	0.0804	0.0615	0.063	0.0148	0.0999	0.17	0.418	0.596	0.38	1.36	6.2	18	10.4	12.6	27.8	24.5	26.8	33.7	34.4	52.6	59.6	62.1	60.5	67	114	75.5	64	81.5	89.3	135	275	315	245	162	141	98.8	111	128	93.3	98.7	112	109	91.7	82.2	80.7	97.5	134	129	86.8	83.2	46.7	40.9	64.4	92.9	74.7	57.1	65.6	90.9	77.5	81.9	87.5	76.4	87.3	79	72.4	93.9	134	160	173	193	187	213	166	193	224	234	196	213	219	204	200	199	191	178	212	254	257	259	228	210	235	283	256	248	228	246	246	251	239	258	291	244	260	262	254	267	237	268	276	305	244	255	239	260	299	315	310	319	317
0	0	0	0	0	0	0	0.3	0.91	0.729	0.678	0.256	3.87	2.85	6.69	17.9	20.7	26.8	37.8	47.9	44	43.6	44.6	53.6	55.6	71.8	56.3	46.2	57.8	50.5	73.3	201	326	301	246	166	112	87.1	98.2	92.5	84.7	86.1	86.2	85.4	87.4	80.3	88	154	113	87.4	87.4	60.2	50.4	51.7	68.7	66.1	64.4	68.2	75.8	53.5	68.1	71.4	103	92.7	73.1	75	92.1	148	178	241	261	264	200	172	188	193	225	229	250	235	337	313	255	171	192	195	253	281	317	298	303	291	292	253	258	252	235	247	256	261	219	317	233	205	210	245	269	276	256	275	265	258	259	246	286	333	313	318	312	288
0	0	0	0	0	0	0	0.2	0.439	1.34	1.23	0.00449	0.0717	0.253	2.16	14.8	16.8	21.1	31.1	47.2	49.3	49.7	43.7	40.3	35	32.9	39.5	33.5	44.1	39.3	53.6	106	185	277	246	168	117	116	82.4	89.7	81	67.3	91	81	84	79.8	86.9	126	124	129	103	81.3	63.1	56.3	73.6	78.7	48.6	54.6	87	44.5	74.9	84.3	111	99.2	109	102	101	93.8	110	163	232	178	161	165	209	191	220	283	260	223	241	250	247	289	300	280	212	269	315	354	427	369	326	284	281	267	243	247	254	232	251	228	173	195	225	236	299	288	315	256	244	245	252	285	305	381	349	313	296	278
0.0251	0	0	0	0	0	0	0.132	0.000499	0.431	0.837	0.0914	0.0815	0.0898	0.831	14.2	12.1	18.1	34.9	38.7	43.6	43.8	42.7	37.2	31.9	27	26.7	37.3	43.5	45.4	41.2	60.9	88.5	113	115	97.6	101	117	95.5	89.9	63.9	86.4	97.8	89.9	80.9	64.5	74.9	113	133	89.5	62.9	41.3	40.6	57.5	88.1	76.8	49.2	62.2	92.7	72.4	107	94	111	109	110	115	101	88.9	88.2	147	153	167	159	187	216	228	202	320	226	252	193	211	284	237	229	317	251	287	361	338	344	326	316	304	278	258	231	202	223	225	234	245	250	196	215	235	262	240	283	257	233	234	227	258	319	333	348	333	306	307
0	0	0	0	0	0	0	0.0953	0.000363	0.138	0.434	0.157	0.0524	0.0294	0.138	6.21	7.41	14.8	21.7	32.7	32.2	38.2	46	39.3	32	29.3	23.1	20.9	36.2	72.7	56.8	57.8	77.9	88.7	75.6	70.2	64.6	64.3	75.1	71.7	66.1	67.1	69.2	74.5	85.9	65.2	104	134	97	75.2	48	32.9	37.7	43.5	53.5	65.2	54.3	64.4	92	66.1	77.9	118	186	155	114	108	120	136	115	143	155	176	197	228	234	284	277	336	232	208	178	207	219	236	330	278	246	273	291	300	305	322	314	318	292	209	186	197	203	253	240	219	239	206	204	202	194	231	247	238	242	249	280	301	302	362	355	349	320	340
