68.4	72.1	117	217	173	140	143	126	153	154	170	143	180	169	180	153	107	120	152	146	206	144	136	142	178	218	216	162	144	155	161	212	254	220	262	240	228	266	234	219	248	293	312	269	260	174	162	163	125	109	75.1	116	121	122	146	173	140	126	131	155	193	209	180	137	104	119	132	127	166	134	108	104	110	123	170	196	232	181	178	276	244	176	139	81.9	47.4	50.7	50.8	28.1	27.9	32.2	35.5	24.9	27.4	35.5	55.2	68.4	70.4	45.1	31.2	28.9	37.1	64.8	43.9	28.2	42.6	21.6	20.9	16.2	27.8	15.6	29.2	31.9	30.2	37.4	91.5	77.3	63.2	86.3	99.1	102
78.1	108	164	222	166	179	133	111	120	150	161	179	230	183	151	156	143	149	152	141	193	163	214	189	241	223	228	175	161	194	176	244	230	261	284	248	295	295	259	245	228	266	286	284	269	166	108	92.6	44.5	54.8	68.5	56.4	84	80.3	82.7	94.8	109	102	102	117	148	124	139	105	84.7	74.8	160	126	171	158	103	119	169	183	135	156	163	201	213	274	179	119	99.5	134	94.8	65.5	50.8	43.7	17.6	18	16	13.7	20.4	36.4	40.9	64.2	69.1	48.7	31.3	35.6	31.6	44.2	50.6	52.3	22.8	16.7	26.2	14.9	4.92	9	19.4	20.5	20.3	24.7	35.7	50	61.2	75	88	82.9
88.6	144	151	171	140	161	124	104	119	213	168	202	185	184	153	221	192	251	142	127	159	182	156	151	209	287	202	167	194	187	186	275	268	286	214	182	186	184	195	274	189	190	227	197	182	120	126	79.5	65.6	43	62.3	81.7	81.1	71.2	48.4	55.1	81.7	81.7	64.1	78.7	103	145	191	184	97.5	83.9	82.6	116	152	117	76.3	157	200	162	181	162	175	170	184	210	166	107	125	291	194	101	48.2	46.5	39	19.9	18.6	14.1	14	24.8	28.4	28.9	41.1	52.1	27.4	33.5	30.7	29.6	37.2	29	12.2	7.38	7.11	14.2	11.1	6.48	6.75	15.5	11.7	22.6	35.1	28.4	41.9	57.8	72.9	68.1
123	140	121	128	134	191	179	105	173	163	141	154	144	143	182	229	162	133	127	116	138	172	173	169	190	223	210	186	177	172	185	176	209	243	217	158	126	114	120	126	125	142	129	133	132	106	80.8	51.6	80.8	73.8	40.3	69.8	72	58.4	64.7	60	66.7	59.6	64.8	70.8	87.8	126	128	96.1	91	103	61.7	95.8	130	119	112	151	208	230	233	180	171	139	135	110	105	121	90.6	168	152	103	87.1	68.9	44.6	19.6	19.5	13.6	18.7	19	15.4	19.9	32.4	37.5	35.4	24.2	10.7	9.39	17.2	22.8	13.9	10.5	4.74	5.97	12.8	10.1	6.84	11.1	10.4	14.5	40.1	21.8	31.7	62.2	61	46.1
112	119	122	175	179	232	205	116	136	135	128	130	157	114	140	206	196	111	166	134	168	154	187	196	194	219	181	184	174	209	216	217	238	267	171	133	116	119	100	105	102	99.2	107	82.9	77.8	70.2	56.1	58.5	66.5	70.4	57.3	43.2	56.4	66.4	59.1	57.6	50.3	46.8	64	57.7	62.6	91.9	80.2	76	130	93	90.1	81	128	113	111	163	242	199	186	170	179	120	122	91.9	92	158	121	116	110	88.5	109	87.1	64.8	55.9	24.1	19.9	8.66	10.2	6.74	3.3	9.03	14.6	17.1	12.2	9	7.29	10.4	8.58	7.68	4.59	5.55	14.2	15.9	13.2	10.1	16.6	15.9	18.2	12.7	12	18.5	32.2	35.6	40.5
97.1	114	163	179	197	177	203	127	111	114	102	117	104	106	179	242	224	136	149	170	258	254	247	222	275	318	286	173	169	187	223	179	155	179	183	119	75.5	82.6	78.6	82.7	63.5	86.3	98.7	83.9	81.1	72.3	79.3	92.8	76	69.3	80	59.7	51.6	69.1	86.5	74.7	40.7	54.4	102	118	67.6	65.1	58.9	117	264	249	110	149	139	155	154	211	190	153	157	179	160	123	157	94.8	96.2	121	161	128	118	73.4	101	75.6	63.2	52.7	48.7	11.3	12.1	7.74	2.86	0.36	6.51	7.8	14.9	23.6	9.45	11.7	4.68	2.73	7.83	1.86	4.77	11.1	15.2	12.9	8.52	12.6	11.3	5.64	10.2	11.7	12.4	23.3	16.8	26.2
125	115	173	190	201	209	163	112	104	132	108	141	143	144	153	126	193	188	225	224	327	290	243	230	253	239	263	192	141	164	236	146	137	182	142	89.7	55	70.8	59.7	65.6	51.5	76.8	88.1	106	103	73.3	81.8	107	94	90.6	70.4	64.6	72.1	68.7	85.2	85.1	51.6	43.5	116	89.6	71.6	86.6	84.4	115	148	130	105	165	153	159	140	145	107	73.7	114	173	140	132	151	96.7	87	97.7	146	106	77.2	93.9	61.9	60.6	59.2	44.1	42.8	2.82	3.39	5.16	2.45	9.93	14	8.94	16.3	16.4	3.93	2.25	8.31	1.59	9.06	1.95	3.03	3.06	9.51	3.06	7.44	8.76	6.81	2.28	4.92	2.28	10.3	9.06	10.7	4.92
116	144	179	198	193	177	146	158	171	139	140	192	126	150	141	209	303	381	347	286	284	265	307	248	252	289	287	203	230	263	216	141	158	142	123	99.9	56.3	56	57.7	60.4	55.4	42	57.3	101	95.8	88.6	76.3	79.1	83.5	94.8	70.9	67.4	62.9	82.9	70.3	61.2	49.1	42.4	58.3	64.4	86.4	93.9	109	96.6	84.9	92.9	86.7	96.7	105	90.2	95.2	113	51	52.6	52.3	86.4	91.8	95.6	147	98.5	71.2	96.1	152	105	84	78.4	79.6	65.5	71.8	71.8	46.3	43.6	4.6	4.31	8.42	27.4	9.66	8.16	6.18	6.69	15.4	30.7	30.4	24.3	15.1	1.59	0.75	1.8	1.95	3.9	7.38	4.68	24.2	11.1	7.17	8.31	11.9	5.67	8.34	14
130	132	133	172	156	176	171	165	169	143	167	175	196	168	214	270	383	342	343	297	253	330	289	384	365	350	292	244	259	269	224	171	163	140	137	118	99.5	95.6	58	56.1	56.1	62.3	69.1	88.9	109	110	87.1	76.1	80.8	85	93.7	89	85.4	66.1	54.1	56.1	46	37.2	43.2	72.1	126	121	104	80.3	81.5	104	135	159	147	108	79.3	111	86.8	71	52.8	65.9	91.9	74.2	119	117	133	194	149	129	104	128	76.9	62.6	57.2	61.4	47.5	50.2	43.9	4.88	27.8	14	6.69	8.64	10.4	21	47.5	62.3	26.4	18.3	5.85	0.96	7.38	2.94	8.22	3.06	9.03	7.83	9.27	3.36	5.13	14	44.2	13.1	8.91	8.79
142	132	168	171	128	167	176	146	118	120	108	146	174	170	225	225	354	371	340	275	288	381	403	363	413	442	365	281	184	158	191	137	125	120	106	100	116	80.9	40.1	42.2	34.8	53.9	44.2	54.3	82.4	78.4	69.6	79.1	85	98.3	109	102	88.9	80	79.9	50.2	33.9	29	77.7	106	99.3	104	103	110	109	137	176	162	119	114	123	147	122	142	142	215	157	112	118	125	121	198	175	132	142	136	132	76.1	58.1	48.4	67	69.4	54.6	19	17.5	27.3	35.7	31.5	32.9	21.3	35.9	25.8	15.4	8.16	5.25	4.2	13.4	4.59	7.32	7.14	16.8	10.9	10.2	27.2	16.9	7.98	10.9	32	6.87	4.11
142	126	169	196	142	182	155	146	114	124	104	189	207	157	182	205	268	355	339	347	334	418	422	352	314	491	356	246	173	137	211	204	164	127	129	139	93.6	110	55.1	51	32.9	46.7	58.1	65.4	65.6	62.7	70.9	82.2	86.6	81.5	91.8	101	103	96.6	82.2	50.6	47.8	41.3	71.7	108	66.2	93.3	57.6	107	102	113	123	104	105	89.1	101	142	148	144	203	274	162	98.3	86.9	57.9	72.3	81.1	72.8	71.6	121	122	115	105	63.2	52	65.1	51.6	44.6	8.81	10.1	21.4	43.7	59.9	39.6	5.19	4.56	4.2	1.14	0.48	0.06	5.61	2.49	6.03	0.39	2.52	5.16	14	15.8	29.9	6.09	3.21	2.64	20.5	13.2	5.49
132	145	159	151	169	183	147	140	126	130	104	144	132	249	173	201	240	290	304	333	393	319	386	382	304	415	265	219	159	158	164	164	123	94	109	80.7	65.4	73.4	98.4	66.5	59.3	54.2	72.3	81.1	92.1	99.5	71.4	77.1	79.5	98.1	105	126	128	128	101	95.7	94.2	88.1	95.7	69.2	46	41.9	47.4	79.8	82.1	90.4	83.1	123	107	92.8	97.4	159	141	123	160	213	204	203	200	133	69.8	65.2	70.1	82.5	106	98.6	98.2	81.7	95	61.6	65.9	59.2	53.4	49.4	11.8	29	42.1	33	16.8	6.63	5.31	3.99	3.93	1.59	1.29	1.44	0	2.31	5.28	1.47	0.6	4.47	6.78	9.15	4.14	9.09	3.69	20.5	8.64	12.1
152	153	191	161	209	212	170	159	189	173	127	179	189	205	167	211	224	228	268	350	329	261	301	265	226	307	290	222	157	148	127	119	126	109	125	112	86	69.6	77.8	64.3	88.1	83.8	105	86.2	94.5	111	105	112	110	127	147	158	150	163	154	129	110	180	122	98.8	101	64.2	55	64.5	138	92.3	60.9	94.4	91.9	110	108	170	120	108	136	178	328	313	180	149	97.1	55.8	89.7	88.9	89.8	111	109	67.3	65.7	67.9	101	89.4	89.4	78	15.3	15.7	19	14.5	14	1.83	2.91	8.94	3.33	1.02	1.29	1.38	0	0.18	0.18	3.93	2.88	0.21	0.57	0.75	0.69	5.52	10.7	17.2	10.3	5.67
118	149	178	153	219	212	185	201	167	195	178	190	158	171	188	251	196	164	177	142	186	201	221	182	180	280	271	237	189	145	134	129	113	75.7	92.1	75.1	46.2	48.7	49.5	59.2	64	87.5	93	100	128	117	111	124	129	155	225	218	193	188	167	125	137	137	100	90.7	91.4	74	121	104	100	84.6	70	78.2	83.6	107	110	122	126	110	101	123	237	209	149	101	104	82	171	213	144	125	115	68.8	65.8	78.1	127	90.8	68.7	63.9	13.8	26.5	11.9	10	9.7	0	0	2.22	2.97	1.29	0	0	0	0.87	0.03	0	0.18	0.33	2.01	4.44	0.75	4.65	6.33	8.1	8.22	0.33
148	160	164	232	239	250	211	213	198	219	201	226	198	188	215	259	238	204	187	162	170	239	270	292	233	285	482	233	200	164	198	161	107	115	76.5	62.2	58.3	57.3	47.7	70.1	74	106	83.8	101	142	145	105	105	124	146	191	185	208	153	148	149	158	113	89.2	67.2	90.1	75.8	169	133	118	103	82.2	79.3	83.2	110	115	114	119	118	97.7	98	121	168	191	113	88.3	186	184	158	124	123	158	88.5	80.4	75.3	102	71.7	72	75.7	19.2	36.1	35.3	10.7	10.2	0	0.45	0.54	0.99	2.76	0	0.06	0.57	4.17	0.12	0	0.09	0.96	0.03	10.8	4.56	5.7	10.3	0.9	1.08	1.02
156	154	206	213	201	215	201	245	224	236	221	237	247	248	238	314	323	317	224	197	239	308	382	371	264	266	386	230	200	148	150	130	96.3	80.5	64.4	88.5	90.5	105	78.2	86	114	86.1	83.8	118	161	144	107	124	131	152	157	154	164	158	172	141	165	120	102	83.9	84.4	69.9	146	84.4	73.7	90.1	61.3	88.7	91.9	116	133	136	91.6	144	136	149	239	230	170	126	122	162	203	170	149	133	186	145	94.3	112	114	135	101	66.9	85.2	39.8	33.6	11.4	14.1	2.16	2.4	0.96	2.61	0.09	0.15	0	0	0.21	0.69	0.24	1.05	0.21	0.12	3.75	10.8	3.39	4.17	4.11	1.29	0.3
224	178	238	268	280	291	291	259	232	252	211	210	235	270	245	277	274	278	227	255	323	261	445	279	295	254	319	204	178	169	137	154	113	72.4	85.6	73.8	93.3	104	134	103	108	86.7	88.9	131	128	108	109	151	168	150	149	141	156	182	170	134	125	114	95	113	113	65.2	56.4	60.4	49	52.7	63.5	90.3	99.6	136	105	124	126	145	160	221	306	257	291	154	149	161	179	150	140	142	213	189	101	99.3	80	58.2	69.3	55.4	57.9	19.5	19.4	19.8	11.8	0.75	0.33	0.48	2.19	4.68	2.97	0	0	0.12	0.03	0.33	0.09	0	0.42	0.57	5.76	2.22	0.84	1.47	1.08	2.7
295	301	314	288	274	286	299	189	203	220	215	189	219	217	206	224	202	205	245	222	292	229	284	284	252	205	212	181	222	166	99.5	117	78.8	69.9	68.2	81.7	104	113	101	99.4	109	114	110	104	90.3	95.5	94.6	137	153	149	133	137	176	234	190	186	112	99.5	85.5	77.7	71.6	74.3	64.7	47.3	53.1	57.1	51.1	51.6	68.9	83.4	46.9	65.1	105	96.7	114	171	232	263	209	208	241	275	223	165	154	280	210	100	91.6	81.9	117	71.2	60.7	44	44.2	44.2	6.18	6.12	6.01	11.4	11.2	13	9.62	13.2	12.3	12.3	8.92	0.24	0.06	0	0	0	0	0	1.86	1.35	0.84	0.36	0	1.11
364	386	288	383	299	249	285	236	196	211	235	228	264	260	240	255	249	304	348	396	376	330	299	293	234	197	210	213	166	137	137	137	73.7	74.4	91.5	96.9	120	124	76.8	68.4	83.8	95.1	95	97.9	95.9	87.8	102	104	129	135	89.8	114	145	184	179	189	110	109	83.5	90.7	68.4	63.4	54.2	52.4	41.2	55.4	55.1	62.5	63.2	96.2	76.2	118	148	140	126	220	195	232	253	255	288	330	245	183	159	240	214	114	106	127	67.9	60.2	62.1	48	44.4	44.9	44.7	6.32	6.14	11.4	11.6	10.6	10.1	13.3	8.42	8.03	8.52	0.09	2.82	0	0.03	0	0.48	0	0.18	0.06	0.48	0.36	0.36	0
331	417	443	455	409	251	278	263	278	304	250	235	217	258	247	239	263	322	403	532	453	280	286	244	205	199	203	175	164	169	160	147	106	137	126	141	195	146	110	70	74.5	97.9	80.2	101	87.1	84.3	90.9	100	131	120	97.9	93.5	142	152	158	142	119	108	81.1	62	69.1	104	57.4	67	54.4	59.9	67.9	82.7	88.2	147	122	145	142	134	142	187	210	168	155	186	261	275	291	204	199	177	135	156	158	142	97.8	59.4	49.4	51.4	44.7	44.6	182	45.1	6.54	14.9	17.9	10.9	11.3	12.6	9.53	9.86	7.3	0.12	0.03	5.64	0	0	0	0	0	0	0.15	0.06	0	0.09
286	317	418	321	301	289	289	287	299	295	205	218	219	240	237	233	215	245	336	359	344	267	259	322	322	288	253	199	169	216	172	151	112	118	128	169	176	104	89.2	85.7	78.6	98.4	124	108	108	109	109	87.4	85.1	113	84.4	129	150	161	153	147	95.6	81.9	65.5	63.2	46.1	49.1	45.3	54.6	64.1	82.5	115	105	130	144	130	142	148	113	71.9	112	211	186	175	163	209	261	249	188	215	157	143	139	162	131	61.5	54.4	49.4	52.5	44.7	44.6	53.9	58.7	49.7	17.8	12.7	11.5	10.8	9.3	9.68	7.47	7.12	0.12	1.86	0.09	0	0.42	0.06	0	0	0	0	0	0	0.51
240	287	291	315	340	280	279	192	207	240	132	139	134	149	186	204	210	197	294	319	235	194	219	252	272	227	197	174	175	176	143	172	140	121	110	137	125	116	103	102	98.2	84.7	78.4	93.2	107	102	84.8	82.7	85.5	92.2	86.9	196	147	176	145	134	104	72.3	79.4	62.9	66.6	120	74.8	54.3	69.5	86.2	124	110	138	161	135	132	100	92.5	46.1	104	140	209	230	159	188	301	252	170	289	182	143	139	140	75.6	70.2	107	77.8	56.4	60.2	45.3	45	45.1	45.4	77.2	75.5	44.7	40.3	43.1	34.5	32.3	31.5	24.3	23.3	20	19.1	5.44	7.96	3.95	3.39	1.76	1.38	0.677	0.677	2.64
185	259	330	334	377	285	282	196	182	177	205	215	190	162	153	171	165	197	230	313	329	288	253	267	265	199	212	172	172	159	168	207	201	135	93.2	101	103	86.5	73.3	94.8	79.6	68.1	80.7	87.4	128	139	86.3	92.7	97.4	95.8	85.6	107	146	138	159	142	155	79	66	131	144	154	100	63.1	69.4	79.7	154	130	201	187	145	113	100	95.1	62.2	92.2	108	155	188	216	255	201	208	113	200	224	114	148	102	74.2	63.9	70.3	128	88.6	61.8	50.2	48.8	49.8	45.1	79.8	77.1	72.8	67.4	65	60.7	30.7	29.2	23.5	31.7	24	19.4	5.45	5.13	4.3	3.51	1.69	2.08	4.87	3.3	0.51
334	337	362	364	325	256	323	284	224	238	302	354	278	215	224	273	235	232	265	300	314	298	289	252	272	234	238	212	240	227	224	199	191	196	142	135	193	117	86.3	80.8	64.3	57.6	51.8	71.6	73.6	75.3	91	87.3	91.2	94.4	83.8	94.9	178	139	117	165	113	107	62.5	110	115	160	225	83.9	69.4	77.5	135	156	245	191	173	128	133	116	84.4	113	135	112	190	283	215	173	231	141	133	119	111	79.7	67.4	66.2	75	174	232	280	222	326	172	60.4	49.4	84.9	80	77.6	86.4	72.7	60.8	54.3	53.1	52.5	71.3	56.7	19.5	5.36	4.91	4.27	3.41	3.92	4.35	0.683	0.611	0
295	326	360	287	251	293	332	291	242	274	352	350	310	267	283	423	441	367	294	246	295	253	328	315	273	260	262	240	281	236	278	216	205	231	227	149	167	103	116	146	76.7	94	38.6	47.2	41.7	56.2	58	77	77.5	75.6	78.1	115	123	106	97.8	193	129	142	69.5	98	128	78.6	163	85.6	66.4	95.2	104	118	173	157	160	165	141	158	135	102	119	92.9	120	161	174	153	176	127	225	211	194	167	126	115	172	283	383	299	363	439	243	62.7	48.5	87.8	83.8	122	114	99.2	80	59.2	57.1	55	53.2	51.3	63.4	53.3	4.58	5.06	7.4	1.42	0.86	0.52	0.453	0
354	416	392	287	275	245	219	264	330	403	428	366	300	299	357	459	477	290	256	313	321	274	383	299	239	325	330	336	399	333	266	263	244	233	227	165	191	160	133	129	108	121	78.7	42	44.4	30.2	51.5	93.6	91.3	103	90.3	120	82.7	60.5	84.1	152	195	150	131	83.4	142	80.4	150	95.7	66.2	74.8	92.9	132	183	203	191	201	210	158	142	132	199	184	171	130	127	203	266	155	193	205	167	343	173	190	239	368	439	453	482	464	312	121	96.8	122	112	170	162	151	97.4	97.1	69.9	58.6	55.8	55.4	50.8	44.8	40.5	3.58	2.36	1.86	0.655	0.379	0.324	0.167
351	368	317	243	236	231	255	312	404	447	482	375	307	293	396	477	535	347	323	380	293	239	262	255	250	315	297	312	387	361	319	272	265	244	250	217	205	179	123	134	99.7	86.2	99.4	63.4	45.6	44.5	52.8	79.5	66.5	77.6	87.9	117	149	67.5	43.3	60.5	81.6	129	114	105	83.8	139	126	106	65.3	79.7	106	109	110	127	172	212	209	148	145	200	238	215	132	79.8	56.1	96.7	97.3	104	133	100	234	215	238	304	236	272	388	371	316	451	307	121	91	234	190	273	211	213	146	144	119	74.2	94.7	57.7	60.7	40.7	35.8	33.5	28.7	2.63	0.553	0.302	0.252	4.66
317	340	290	254	301	222	355	393	427	453	456	420	300	318	417	475	515	444	314	367	275	228	161	177	219	222	253	288	262	308	273	286	289	300	274	219	198	172	138	133	108	84.9	91.9	69.2	54.6	81	71.3	63.5	52.3	65.8	84.9	154	125	126	86	73.9	77.3	147	173	107	126	133	82.1	66.8	67	111	103	86.4	75	78	64.7	80.6	81.6	114	81.3	188	214	104	65.3	84.1	73.9	94.8	78.8	83.5	113	130	141	125	181	145	198	281	234	192	167	347	381	274	187	246	220	295	274	245	188	135	144	88.4	93.3	71.5	57.1	38.4	33.6	29.3	26.7	23.4	21	0.236	0.196	0.126
234	243	333	257	365	398	446	431	442	462	436	420	423	396	452	488	532	435	324	413	275	212	177	213	189	179	160	205	232	234	182	211	217	246	263	203	168	170	168	266	204	121	124	117	74.3	57.6	76	57.9	53.9	63.4	88.3	118	160	134	68.8	87.2	103	101	125	80.3	77.9	166	129	63.2	53.9	58.5	64	50.5	69.7	42.2	52	37.4	34.8	45.6	27.1	158	189	90.6	75	66.3	58.7	68.8	175	112	110	98.2	57.3	83.1	94.8	104	99	189	83	83.7	101	256	393	333	318	429	335	277	290	259	213	170	159	103	93.1	76.7	59.5	41	36.7	30.5	24.5	21.5	19.1	18.6	13.4	9.51
249	279	324	298	318	412	440	475	480	469	425	462	491	446	459	487	471	431	342	386	376	241	201	208	202	253	282	269	260	298	213	255	257	184	197	242	231	144	192	319	221	163	149	107	83.9	73.8	104	50.7	55	50.8	70.7	138	137	202	148	150	103	50.4	50	106	88.4	152	140	36.4	35.2	38	48	35.1	41.5	51.7	75.1	88.6	60.2	13.2	5.63	26.8	39.4	68.8	102	106	83.8	74.7	286	203	93	69	56.1	95	127	118	108	184	82.4	135	152	204	328	398	342	493	432	327	344	338	221	215	141	124	101	84	53.9	39.2	34.7	27.4	23.6	19.3	17.6	10.7	8.52	5.94
279	372	372	304	349	412	434	471	500	501	487	455	450	396	451	467	421	441	447	459	379	276	219	202	221	234	272	269	221	208	257	283	212	137	125	191	196	239	258	293	244	172	142	80.7	108	112	116	51.5	47.2	39.3	45.8	79.1	108	163	172	203	104	53.1	76.8	76.6	53.6	116	77.7	22.1	16.1	20.3	25.3	43.6	89.3	79.3	78.7	111	58.2	23.6	7.62	33.6	38.6	55.4	86.2	215	74.7	92.9	84.9	123	104	75.7	78.1	91.1	123	76.1	84.4	123	175	168	151	279	256	327	387	498	465	345	342	299	173	165	123	238	143	94.3	56.8	31.5	25.9	22.1	23.2	13.2	11.5	22	21.1	11.5
320	378	410	386	398	378	416	473	493	505	506	453	341	354	407	480	483	479	467	408	363	327	306	303	228	196	208	208	230	303	310	252	220	161	155	210	256	306	404	419	220	151	135	87.1	91.7	82	82.8	59.6	50.8	39.5	46.6	51.6	75.2	162	194	173	115	62.4	60.5	49.7	84.3	127	48.6	15.8	8.7	10.3	19.5	76.7	91.1	78.2	92.7	70.3	62.2	52.9	45.1	36.3	35	86.2	111	252	60.2	64	74.1	102	95.3	88.8	83.6	89.6	77	80.6	135	132	127	122	211	212	137	161	260	286	321	286	204	250	140	104	94.4	148	153	83.9	75.7	42.8	23.9	20.3	20.1	20.7	38.7	52.3	31	12.7
331	351	404	433	377	330	392	475	490	501	497	489	453	412	380	463	454	376	407	395	340	351	287	230	242	253	260	299	342	380	324	262	236	205	186	199	303	332	347	381	274	185	176	101	118	94.6	108	80.7	40.3	34.4	38.7	53.8	50.8	125	107	70.9	76.3	87.5	89.5	88.8	31.2	35.5	32.4	9.73	18.5	16	30.7	60.8	68.2	77	108	113	96.4	110	73.8	71.7	87.5	150	131	265	178	289	309	127	129	178	124	85.4	84	202	204	195	110	83.2	111	128	114	130	118	127	223	303	166	196	125	87.4	118	112	99.7	82.2	90.7	47.4	24.8	29.4	18.6	27.9	39.6	34.1	42.2	8.71
355	330	378	354	360	362	394	399	460	498	517	484	470	412	357	340	370	313	327	431	327	299	267	298	291	302	383	409	406	396	415	291	226	238	276	221	269	265	231	209	165	180	141	94.4	128	127	103	58.8	34.8	24.9	25	28.6	31.5	28.8	27.2	30.4	26.1	24.7	37.6	44	44	19.5	13.6	15.8	20.2	17.2	20.4	26.7	32.9	55.9	62.5	105	139	182	89	78.4	124	227	192	160	218	232	299	300	295	200	142	85.5	214	171	129	143	109	87	99.5	176	156	299	319	161	200	282	235	148	111	111	121	101	98.9	67	78.4	62.2	38	29.9	26.5	16.4	17.1	19.1	19.2	12.3
333	304	320	325	344	388	369	384	440	469	480	477	465	455	443	357	417	379	364	386	349	324	332	357	325	341	309	303	430	304	265	207	235	189	212	197	200	192	183	180	162	159	127	94.1	108	92.9	83	48.6	43	38.9	64.5	55	49.9	42.5	38.2	34.9	21.9	17.3	26.8	23.9	29.3	28.5	17.4	22.6	18.2	20.8	25.1	16.2	36.7	54.1	47.7	89.1	179	139	121	137	170	223	301	406	465	284	267	246	248	205	253	269	255	259	144	92.7	155	171	209	309	381	331	326	332	280	253	151	95	118	85.8	107	78.2	74.8	74.2	62.5	118	125	38.5	34	30	19.9	22.3	11.1	8.29
346	349	312	331	395	355	308	288	418	447	441	445	468	497	432	376	437	413	442	440	329	327	494	360	342	321	289	444	414	381	320	290	264	226	262	267	212	160	174	204	166	139	120	104	94.9	72.7	79.7	61.4	56.9	46.4	65.8	64.9	78.6	48	37.1	50.3	36.4	21.1	26.8	36.6	50.5	33.5	37.5	58.4	52.3	64.1	26.8	23.3	40.9	43	47.5	65.4	101	152	145	215	225	196	292	300	302	358	215	202	177	192	261	242	158	199	317	213	172	199	186	419	314	250	283	271	257	302	178	88.5	60	54.7	50.7	47	44.1	40	61.9	101	128	47.4	41.7	58.9	51.4	18	22.5	9.25
313	316	323	341	314	311	307	243	327	390	424	418	455	467	462	437	422	416	448	444	350	267	254	378	399	365	390	456	319	292	280	227	285	254	227	218	162	157	251	188	114	129	134	129	90.6	54.7	46.6	51.2	52.1	50.4	44.7	50.6	52.7	60.3	35	43	69.9	42	57.2	66	63.1	36.5	69.8	70	65.8	52	28.4	41.7	39.5	43.8	29	40.3	69.7	98	150	236	134	151	163	227	269	144	159	226	216	222	201	228	268	363	303	229	273	251	137	326	331	219	212	163	186	264	148	80.2	52.8	42.1	30.3	31	24.4	27.4	33	56.7	74.9	26.6	55.2	51.8	36.3	11.1	22.4	14.9
351	336	326	317	297	272	301	241	248	291	324	444	414	435	429	432	416	396	417	436	337	260	253	414	363	368	326	415	296	228	251	290	352	346	262	225	181	202	134	123	109	119	129	116	91.3	49.2	37.7	41	40.2	49.4	44.5	38.5	43.1	47.6	42.5	41.9	41	51.9	73.2	64.9	48.5	46.1	60.4	70.5	51.3	49.5	33.9	30.8	28.6	42.8	22.9	34.1	69.4	103	151	136	161	143	151	198	287	148	160	157	133	100	112	163	166	166	242	208	175	148	160	433	366	208	202	102	125	104	65.5	55.3	46.6	35.3	30.1	24.8	12.9	8.51	8.22	20.8	32.8	13.5	48.3	17.7	17.5	18.9	10	12.2
335	351	297	301	334	332	373	282	286	299	260	339	429	423	439	339	389	381	320	360	312	268	233	428	348	339	374	403	331	266	331	386	296	284	342	289	229	144	243	153	115	124	150	114	79.5	91.9	69.6	87.4	53.6	48.7	45.3	50.2	59.9	62.4	61.7	42.9	40.1	31.7	39.1	50.6	47.2	63.9	80	84.3	57	37.2	42.7	52	48.5	58	30.6	65.2	102	133	172	96	94.6	108	156	193	190	170	119	120	96	74.8	113	168	156	178	224	165	185	199	242	357	281	210	293	133	169	187	89.7	61.5	87.1	45.4	26.5	17.8	33.7	11.8	12.8	7.29	6.52	0.455	11.5	10.6	20.6	14.8	3.62	14.2
301	289	307	350	360	376	414	303	269	281	277	359	414	409	299	271	310	335	348	401	323	218	297	457	288	391	407	473	443	358	506	557	543	428	344	312	243	308	342	174	121	142	81.1	107	112	86.8	116	95.2	76.4	57.2	51.8	47.2	55.1	68.1	48.8	43.7	62.5	78.2	75.4	75.4	56.9	75.4	54.3	59.8	41.8	39.2	71.9	77.9	84.7	52.9	34.9	89.9	118	149	167	182	159	109	87.5	155	118	96.9	73.4	144	137	92.2	106	135	184	167	177	173	183	243	198	259	261	265	317	286	262	150	132	111	62.6	64.1	102	44.4	56.9	19.7	11.1	12.9	11.1	7.8	14.5	9.54	20.7	31.8	15.7	21.6
300	231	303	352	323	320	330	237	282	232	364	390	418	469	328	268	231	334	304	366	248	295	224	412	308	332	336	387	485	363	501	636	431	418	323	348	292	371	502	330	268	157	108	69	66.5	58.5	124	108	88.3	62	78.7	63.8	65.5	58.3	50.7	66.5	80.1	83.7	83.1	89.2	63.8	63.3	58.1	42.4	43.5	43.3	66.2	93.8	115	94.3	87.5	102	170	176	185	300	202	108	87.7	140	146	141	146	65	152	195	93.5	168	181	147	198	124	180	230	163	233	288	313	260	256	273	205	295	248	198	54.6	34.8	97.7	70	29.2	21.2	13.3	2.53	5.72	15.5	10.1	10.9	35.8	22.3	16.5
290	229	282	298	240	259	257	223	219	215	318	392	356	379	239	238	218	304	294	299	224	230	253	360	307	283	258	363	410	257	353	474	391	375	416	401	328	323	553	313	209	159	123	96	95	74.5	84.3	82.9	105	88.3	90	79	70.4	73.1	70.3	99.9	106	103	83.1	74	57.2	50	36.8	35.9	73.2	48.3	37.8	63.4	87.3	72.3	80.2	57.6	108	116	83.7	116	115	94.8	157	91.6	117	76.9	48.9	60.2	116	150	86.6	71.2	83.9	128	133	163	124	189	137	217	279	296	297	221	213	296	343	204	116	98.9	65.1	146	35.7	27.2	29.4	26.7	14.7	6.58	13.6	29.3	25.8	16.8	14.8	11
316	280	262	270	247	262	268	338	213	164	209	178	216	237	258	265	245	251	341	353	282	227	274	325	384	339	291	427	305	267	327	451	527	412	388	297	341	366	483	258	203	151	153	120	130	89.2	80.5	94.1	74	67.5	71.6	85.7	93.7	92.8	97.5	140	146	127	83.5	84.2	70.5	90	79.7	72.7	79.8	56.8	53.6	59.4	67.4	96.2	89.9	74.1	91.5	97	84.8	95.2	96.9	105	118	106	136	115	73.3	76.2	88.1	166	133	171	127	129	116	151	125	161	135	288	354	383	362	300	222	327	300	141	86.3	158	48	18.3	12.7	30.6	37.5	37.4	17.3	20.7	22.9	35	38.7	23.3	22.8	26.2
291	263	253	233	229	284	321	292	264	238	240	176	171	177	195	187	280	327	356	394	355	271	200	263	363	360	252	309	321	323	335	430	367	341	354	279	232	295	281	318	139	148	176	131	131	106	100	81	66.7	60.4	58.8	68.5	90.3	78.9	102	178	163	131	115	93.3	80.7	110	127	113	102	81.7	59.1	56.3	78.7	56.1	63.5	89.6	103	94	93	83.4	82.2	93.8	103	109	108	161	143	156	125	158	183	215	122	204	129	114	130	198	159	216	394	464	401	277	217	157	216	148	81.3	100	70.7	27.9	25.5	193	30.4	16.8	11.6	18.6	18.5	24.9	40.7	29.3	25.1	20.2
276	261	293	248	234	297	301	274	245	261	228	162	176	178	204	194	286	331	294	372	387	306	199	268	330	294	274	234	290	328	358	423	334	238	262	221	216	270	188	148	97.6	122	136	121	113	79.6	90.8	109	103	122	86.4	83.6	73.3	75.2	106	160	144	105	94.8	74.7	103	110	152	120	117	89.2	66.6	59.8	106	82.8	74.9	87	82.6	119	144	126	109	104	110	136	101	112	131	224	201	223	205	246	142	184	157	120	128	148	118	188	274	415	372	283	241	267	154	104	117	174	285	51.6	21.2	36.5	29.3	33.5	22.8	26.4	17.3	31.3	34.9	54	37.9	27.8
399	349	337	319	315	281	378	403	236	203	178	160	195	199	226	295	399	380	465	681	491	423	358	318	361	342	265	245	205	276	302	267	291	227	257	180	188	160	112	85.7	90	98.1	85	114	94.8	92.9	104	158	149	151	166	96.1	95.9	117	169	153	129	93.9	99.8	64	83.6	84	114	107	107	108	85.3	97.9	128	84.4	71.6	66.8	71.8	113	125	119	119	101	115	166	117	87.2	114	149	234	360	196	166	180	147	127	195	275	225	79.1	177	159	200	195	139	144	220	124	107	205	171	152	66.9	52.8	46.8	12.8	22	36.1	36.8	26.5	62.7	76.5	107	98.2	123
341	402	440	257	280	309	346	266	229	163	159	266	200	162	244	496	457	343	433	547	423	352	399	252	300	357	248	251	194	244	335	240	230	217	245	199	166	161	169	133	96.5	99.6	96.5	127	109	121	87.9	115	110	139	140	123	110	130	169	99.3	107	86.2	90.6	92.7	121	98.8	86.6	86.5	121	120	135	115	101	74.6	94.4	105	105	95.5	101	104	118	128	142	148	93.6	90.8	123	129	145	167	217	189	222	219	338	293	316	282	138	271	215	155	105	149	286	141	83.7	111	166	61.3	77.1	58.5	34.6	6.03	1.17	6.22	44.5	30.9	31	83.6	92.1	120	73.2	57.6
299	322	262	183	240	240	317	265	140	194	173	201	145	166	207	298	296	264	277	364	348	308	472	356	258	326	313	193	172	274	383	272	228	207	230	155	129	171	165	156	117	93.6	98.9	133	87.5	91.9	114	118	122	122	133	143	155	135	152	127	112	110	82.3	117	143	134	117	95.4	87.1	79	127	101	92	93.9	121	112	98	84	90.8	98.2	122	125	122	109	107	105	114	135	191	215	184	246	295	336	369	402	344	230	258	418	320	223	211	290	394	243	122	236	247	85	52.9	46.7	29.7	12.6	20.3	39	80.5	36.6	35	74.2	115	125	78.4	60.8
292	332	339	219	254	218	237	196	186	203	241	172	139	219	222	214	233	281	336	278	257	230	280	326	278	269	248	254	218	261	339	335	298	243	229	163	141	143	163	163	128	118	117	114	92.1	114	112	143	128	150	137	124	130	123	155	149	111	150	113	144	174	138	154	107	101	65.9	94.4	105	85.2	90.7	131	114	108	83.1	86.5	89.9	96.8	81.4	83.4	107	133	166	125	167	263	314	244	267	296	329	334	413	349	241	269	464	429	356	337	296	467	310	153	232	300	179	133	49.3	40.5	44.3	173	54.9	74	43.3	32.2	85	113	109	66.9	71.7
269	278	367	300	229	198	183	167	193	223	215	157	180	235	234	239	223	290	310	247	214	233	267	207	256	255	246	381	213	218	232	296	285	235	205	174	165	189	162	162	139	129	131	142	168	183	156	217	142	150	118	125	126	144	129	136	132	120	130	170	175	129	153	133	97.9	68.4	91.3	121	97.3	129	109	69.8	49.2	65.4	60.8	54.2	69.2	75.7	69	78.6	115	241	150	152	293	260	308	233	257	331	226	217	217	184	272	243	264	193	198	267	413	313	195	262	367	310	238	187	128	106	163	101	66.9	67.8	64.9	105	144	73.2	57.6	55.2
277	252	229	219	190	178	156	125	154	188	163	185	222	214	204	204	238	288	321	243	179	187	186	183	261	271	280	282	287	185	252	233	235	172	162	179	236	208	192	169	169	153	145	129	189	225	203	222	185	158	156	161	252	184	138	160	168	136	132	197	177	133	147	141	143	107	129	129	122	118	97.5	58.3	45.8	45.4	50.2	46.3	57.6	68.3	61.9	67.4	89.5	153	117	136	229	384	225	191	204	259	200	222	166	131	191	209	244	207	169	272	428	288	282	302	230	190	144	120	141	100	117	93.7	37.1	23.4	13	88.1	86.1	88.5	66.2	88.1
317	218	187	155	136	179	156	130	166	191	201	213	187	214	319	192	247	286	267	292	212	134	179	244	301	209	253	257	229	190	206	206	198	166	148	144	144	156	146	167	181	158	159	145	193	189	173	376	306	212	206	144	173	178	140	111	175	126	176	190	164	160	130	165	167	119	108	105	164	128	100	48.2	54.2	33.5	47.6	44.6	58.4	59.7	56.4	69.2	136	115	91.5	107	204	194	186	167	152	201	248	387	224	189	152	151	130	130	155	263	407	270	300	321	222	136	94.5	100	161	114	54.3	47	61.1	36.1	35.5	43.6	100	114	126	79.5
236	247	198	213	158	189	198	188	196	307	295	311	268	209	255	245	226	264	285	210	236	163	205	275	264	176	257	358	282	197	223	241	181	148	148	209	218	170	180	200	225	161	150	183	276	200	234	296	257	252	224	169	197	177	176	110	135	180	265	170	150	144	125	166	158	123	116	103	115	102	83.1	54.3	50.9	43.3	46.4	29.9	68.1	66.4	68.2	57.7	96.6	85.5	69.3	86.7	92.8	123	119	127	153	131	196	269	210	120	116	67.7	88.3	103	84	239	255	236	368	302	171	117	138	218	176	72.4	37.2	53.6	53.2	23.9	46.5	72.9	91.2	75.3	97.6	71.1
245	223	184	161	196	164	183	169	211	228	276	288	303	292	194	267	200	241	247	189	204	235	251	271	226	224	240	220	211	166	209	249	217	218	173	213	179	200	196	186	213	198	159	146	166	217	226	241	280	231	192	171	150	145	107	108	135	179	191	110	130	170	137	101	145	176	161	137	133	74.4	73.8	61.4	39.8	35.8	52.2	46.9	53.3	70.3	63.9	57.1	72.7	72	87.3	160	116	171	199	196	110	115	117	162	114	51.4	62.8	84	66.3	89.4	87.4	217	246	300	373	279	201	124	185	266	88.2	58.4	49.2	27.9	18	17.4	51.5	113	46.7	43.4	47.4	48.4
225	146	134	110	178	212	193	187	195	206	283	242	243	257	273	272	213	148	218	221	300	374	352	203	218	213	250	237	187	172	197	222	253	225	209	174	186	179	177	157	180	177	172	156	154	174	179	263	247	243	231	205	150	143	110	143	146	202	159	133	117	113	108	119	132	186	212	191	150	142	110	92.7	63.2	45.5	66.1	42.7	43.1	76	46	47.1	56.4	49.6	95.8	92.8	113	121	114	146	106	129	123	119	137	124	91.1	62.8	64.3	49.9	34.6	70.1	115	186	193	222	136	86.2	154	156	40.8	38.7	29.5	26.5	17.8	30.5	44.2	43.1	35	30.2	31.4	25.6
155	151	143	148	128	144	168	161	185	223	258	233	237	161	182	311	165	109	205	228	308	376	224	174	172	178	270	232	177	191	207	215	253	195	194	206	143	158	172	160	160	155	175	155	135	167	190	368	274	306	216	197	185	205	168	177	158	159	125	139	162	141	106	116	138	155	164	162	180	174	162	112	82.6	66.3	67.6	53	46.6	55.9	40.2	39.1	50.7	50.1	56.2	70.5	65.2	116	103	106	102	90.8	134	107	72.5	43.5	32.9	72.4	64.7	43.5	38.7	37.6	70.7	131	90.8	85.6	85	57.8	66.1	44.5	40.9	63	41.4	34.6	47.6	34	34.3	37	31.6	31.3	45.6	13.8
134	142	204	151	90.8	130	151	205	193	195	183	180	186	185	148	151	163	161	170	230	308	329	219	150	176	199	235	217	197	177	166	162	156	223	222	195	141	214	171	154	145	165	187	149	147	183	157	283	249	292	301	230	245	244	292	223	168	189	189	169	172	212	117	105	125	95.4	104	171	179	137	138	165	149	140	138	105	66.1	47	43.5	41.1	39.1	40.6	59.2	53.2	92.9	135	99.6	132	97.3	82.9	119	99.7	63.3	40.6	51.5	95.1	70.6	41.3	61.9	80.9	94.3	77.6	40.1	37.5	95.4	70.2	48.8	58.5	76.1	75.6	40.8	41.7	63.9	60.5	33.2	31.5	34.7	33.3	34.2	20.5
113	131	137	148	97.1	95.5	126	190	159	190	148	152	119	157	143	234	156	141	148	148	195	195	168	130	143	158	148	158	167	148	133	129	116	188	142	138	166	177	194	199	174	177	279	163	236	319	187	212	248	203	279	253	190	258	245	211	163	206	181	196	143	106	116	140	210	185	209	219	144	148	93.4	154	158	189	178	166	102	61.3	72.6	70.8	93.7	78.4	67.3	86.9	124	170	132	124	152	99.6	90.8	95.5	64.5	57.9	76.6	92.8	84.8	54.7	71.4	99.6	97.1	60.8	37.5	61.7	64.2	48.3	69.1	85.3	58.7	59.7	18.6	12.5	31.5	44.5	32.4	14.4	12.4	16.4	22.8	0
107	116	111	118	147	111	148	174	203	154	148	128	127	128	117	162	124	103	113	133	187	283	199	101	131	152	114	105	151	158	157	133	135	146	168	162	190	172	183	198	170	178	265	163	290	178	148	185	185	191	232	156	207	277	265	207	238	221	177	183	92.8	92	126	152	180	189	204	149	110	169	121	126	143	215	194	135	107	98.7	117	126	98.1	80.1	85.6	67.4	118	188	163	185	146	98.2	77	86.6	79.7	75.9	71.3	92	76.2	75.9	92.8	184	131	68.1	35.2	60.1	45.4	43.1	72.6	55.9	27	48.8	34.1	26	12.7	23.2	39.3	24.4	10.9	5.1	6.57	2.51
117	90.2	92.6	121	145	124	111	147	180	146	129	136	137	166	190	193	132	93.6	81.5	116	149	206	179	118	129	165	120	108	162	174	135	146	182	174	177	237	242	170	171	188	190	159	219	175	178	135	157	134	150	151	196	128	174	339	320	173	162	197	200	155	88.5	118	197	226	150	185	244	121	96.7	100	91.8	114	134	159	143	158	182	151	150	174	122	100	106	95.8	131	180	215	194	120	85.7	81.3	78.7	90.1	63.4	65.7	116	113	86.2	95.6	136	99.1	60.7	45.8	73.6	49.5	47.2	63.7	65.3	77.8	45.9	44	66.7	28.1	11	6.84	14.7	7.83	2.87	9.33	2.14
108	84.4	79.7	148	112	140	132	146	164	137	133	106	124	181	181	190	234	103	97.3	102	91.7	102	130	131	148	140	135	146	176	161	125	154	155	168	260	306	259	228	182	190	173	188	206	248	264	234	162	124	168	174	207	150	139	209	243	178	168	182	179	149	97.6	136	96.6	133	112	196	239	117	111	129	144	102	116	134	141	160	154	137	153	158	97.1	80.5	77.1	135	118	88	137	114	132	104	83.7	80.8	74.2	55.8	64.8	114	91	66.6	50.5	66.4	90.6	56.2	40.4	72.3	52.6	78.7	59.4	61.2	47	31	49.9	62.7	26.3	6.16	3.06	7.27	3.37	0.0462	4.21	0
92.5	131	100	125	140	105	128	170	150	129	140	127	111	141	179	169	155	139	119	128	112	102	124	138	161	131	115	128	154	161	147	176	201	211	201	176	176	187	175	191	250	177	242	272	246	178	202	188	214	221	207	132	200	161	173	148	164	213	132	137	127	187	112	91.3	125	194	235	117	90.7	87.3	147	123	110	132	122	276	219	161	125	140	90.3	109	97.3	131	114	120	128	159	145	102	131	134	117	110	134	120	61.7	60.2	35.1	50.1	58.9	37.2	35.2	25.7	32.7	19.5	16.7	28.2	21.7	45.2	10.2	35.4	45.8	12.6	4.19	0.0398	14.8	0	7.65	3.7
104	142	150	90.4	104	96.5	113	125	142	155	150	131	127	140	167	219	171	145	127	140	170	154	144	152	146	170	188	150	144	142	158	201	218	225	192	175	199	173	180	191	186	158	183	164	146	179	168	227	266	206	167	159	186	181	175	166	197	187	167	121	116	141	159	175	103	142	184	125	101	103	153	143	137	118	136	234	227	167	195	116	100	134	124	116	105	109	95.3	133	126	145	168	151	121	135	112	99.1	57.7	28.4	21.6	41.8	57.4	52.4	40	39.6	45.8	43.2	13.6	14.8	11.9	16.4	17.2	12.8	15.4	13.7	12.2	16.5	26.7	0	1.13	5.33
105	94.8	171	91.1	93.4	116	119	169	162	201	144	134	118	125	179	188	156	138	141	140	134	145	130	142	154	168	192	164	164	174	151	169	190	209	203	180	156	176	193	155	155	152	140	123	126	158	203	240	193	237	217	208	163	189	254	201	198	191	158	169	149	98	102	160	98.7	162	178	141	104	101	146	131	134	125	142	227	142	142	201	105	83.6	106	124	128	107	102	72.9	101	127	123	122	192	134	99.4	92.8	85.5	61.6	37	21.7	40.7	50.7	42.4	41.4	48.5	52.1	60.9	26.2	30.3	29.2	45.6	32.8	26.7	20.3	11.7	5.6	53.3	37.1	25.9	27.6	10.6
107	103	156	114	106	117	124	122	148	171	183	132	130	118	140	142	144	141	122	138	137	124	136	140	146	160	143	152	172	179	167	176	184	169	160	178	161	185	187	183	159	171	243	282	186	162	236	225	262	282	229	156	143	134	167	156	227	203	175	170	139	127	153	231	164	91.5	124	135	131	111	119	110	107	124	115	124	213	179	206	165	85	87.2	121	123	125	97.4	82.5	91.7	114	158	102	173	145	91.7	82.7	80.5	68.2	42.4	32.6	41.4	59.1	46.5	53	58.7	56.7	53.4	37.7	22.4	17.4	14.4	52.7	24.6	14.8	17.5	32.5	53.3	43.2	55.1	35.2	15.8
115	120	117	119	155	161	140	132	120	144	164	147	127	126	116	129	142	145	135	152	156	160	158	151	136	127	131	178	199	224	253	220	209	208	191	231	242	196	196	170	139	171	225	367	270	218	260	339	315	347	228	136	138	150	189	125	165	177	170	238	145	110	120	173	88.1	69.9	123	185	160	145	209	115	135	142	129	109	156	193	214	95.1	82.8	110	124	146	150	110	106	121	106	166	185	207	197	133	90	76.6	60.9	37.9	35.2	30.5	43.8	37.3	41.1	37.3	45	63.2	53.8	31.8	22.9	37.2	30.7	31.4	47.4	72.3	22.2	56.4	22.5	44.8	24.4	20.8
118	128	119	119	138	172	172	136	139	160	154	139	115	129	126	122	125	135	138	170	174	171	211	157	128	108	113	144	176	223	242	225	193	209	181	166	174	227	158	136	109	294	274	404	331	358	344	395	377	340	197	158	208	166	154	118	127	123	180	240	151	116	132	126	79	92	92.1	182	263	152	162	154	153	130	116	98.6	142	125	115	141	122	106	144	140	141	120	114	95.9	105	136	143	170	182	160	101	70	57.1	43.1	37.1	36.3	30.8	34.7	32.7	49.7	82.8	47.2	59	25.8	15.8	33.6	36.1	46.3	62.2	87.6	47.5	83.8	73.2	64.7	43.1	42.6
97.7	117	130	114	139	155	167	145	147	167	174	171	131	126	137	130	133	142	139	192	176	171	170	173	149	153	153	159	167	194	216	207	176	156	129	137	151	125	132	132	143	232	180	245	263	336	289	291	285	359	253	217	241	205	181	107	104	75.9	165	200	153	160	118	143	115	139	124	161	181	156	188	173	158	114	99.8	179	167	99.5	90.6	106	101	106	115	121	134	145	153	91.3	101	165	152	165	171	150	100	81.3	74.1	39.9	51.7	37	46.9	41.1	41.2	50	85	64.2	37.1	15	5.58	10.1	37.4	37	26.6	56.2	115	115	90.7	77.3	108	82.2
92.7	133	130	125	151	173	186	172	164	177	182	183	146	134	135	127	128	130	131	161	173	181	208	202	176	147	137	152	178	199	212	191	175	165	122	92.1	123	117	138	212	195	173	142	300	206	228	274	260	316	284	275	211	227	178	243	175	171	107	132	178	162	94.8	91.4	94.2	83.5	97.4	105	177	145	235	279	200	150	125	106	179	115	78.5	59.8	111	128	115	91.2	85.6	108	104	88.2	71.4	98.2	133	121	160	125	140	121	98.8	52.1	40.5	53.7	38.1	39.8	45.4	37.4	36.6	49.1	50.7	17.5	11.7	9.75	7.72	28.6	31.9	24.8	59.7	77.7	77	48.5	46.4	158	108
76.9	102	123	130	172	193	207	182	167	174	178	194	181	181	165	139	129	132	129	178	178	186	219	217	217	193	152	165	183	202	202	186	170	165	136	135	130	151	160	169	168	165	179	204	222	195	296	306	276	277	337	258	253	223	206	205	199	146	143	154	114	81	73.6	97.4	111	110	123	138	158	168	234	263	187	131	130	261	158	71.8	75.4	136	130	110	89.4	98	105	88.7	84.7	95.8	103	100	135	146	98.7	130	76.4	46.9	34.6	54	48.2	31.9	40.9	39.4	42	38.3	35.8	30.8	23.7	17.5	9.17	9.35	10.4	20.9	15	19.3	68.7	106	86.6	50.1	76.6	171
53.4	63.9	73.6	121	133	133	154	166	197	224	194	181	201	195	147	134	139	145	139	167	165	185	192	232	197	220	165	146	165	190	239	189	157	169	160	168	172	177	193	176	146	177	170	163	231	263	268	252	227	251	302	267	249	215	211	195	189	168	143	145	104	82.8	110	95.7	137	132	122	139	152	142	174	178	155	140	118	167	87.3	70.7	71.3	90.5	138	111	93.8	118	126	111	96.5	124	124	127	134	117	88.8	78.8	58.7	26.7	45.9	72.5	63.3	44.5	36.8	41.3	29.3	33.9	29.7	14.8	28.9	15.4	16.3	12.4	8.97	12.5	17.8	35.6	131	96.6	75.9	56.5	52.4	69.8
64.4	63.5	55.8	86.1	95.5	96.8	115	124	178	217	215	196	180	157	144	129	129	137	129	143	158	186	167	169	169	215	173	131	150	166	176	196	186	157	171	167	176	202	198	170	158	224	207	141	153	190	237	216	205	264	273	245	235	248	233	183	176	161	134	112	128	126	110	123	136	155	140	123	160	171	173	166	173	167	138	159	149	104	84	164	189	148	170	158	109	97.8	109	82.2	118	131	108	97.8	56.5	84.7	57.7	33.5	62.4	66.2	48.5	35	34.3	32.3	29.6	17.9	23.5	12.3	14	24.6	28.7	27.1	30.4	21.2	32.9	52.2	133	108	70.7	78.9	44.5	101
62.5	62.2	62.5	75.7	84	110	85.8	71.5	120	173	195	238	234	187	149	147	140	131	114	117	149	181	164	163	158	203	173	130	160	179	180	175	194	183	173	155	170	171	190	231	165	181	163	131	130	144	163	171	155	283	244	236	227	214	265	220	226	146	146	135	130	158	133	157	138	139	148	147	153	147	125	152	179	198	160	137	142	114	85.3	83.2	123	188	146	165	123	108	90.8	99.5	115	115	66.8	52.1	41.4	57.3	46.3	42.5	57	44.2	33.9	27.7	34.9	31.9	25.2	21.7	13.5	21	14.9	22.3	26	30.3	38.4	38.4	33.5	37.9	87.5	171	126	113	86	131
53.8	59.2	62.3	67.8	62	62.4	51.2	34.6	52.6	85.9	148	247	247	218	187	176	167	128	103	116	138	142	137	143	172	177	155	154	180	187	197	181	210	194	198	170	169	197	193	163	149	149	132	102	129	142	153	145	173	206	226	259	184	226	250	231	195	168	193	191	198	176	140	118	146	138	146	156	133	141	114	160	251	224	133	153	126	100	76	68.3	119	194	177	160	158	134	75.8	109	98.6	73.4	50.4	45.7	40.9	27	27.2	34.1	35.7	36.2	38.3	28	30.3	24	26.8	22.7	13.6	16.5	13.1	25.6	30.8	36.3	39.3	41.7	50.7	41.9	41	54.4	150	116	59.1	45.6
68.2	55.6	57.3	80.3	69.1	52.1	49.2	41	30.2	49.6	89.9	171	208	184	198	178	169	143	128	141	148	122	130	130	151	141	157	165	188	239	209	176	218	194	193	204	216	191	170	179	144	132	131	119	151	174	118	133	175	202	170	197	190	244	279	198	176	166	177	167	196	178	120	122	165	126	144	188	167	154	151	243	214	196	149	179	189	120	109	98.8	97	125	118	131	145	134	132	106	102	75.4	57.4	40.4	30.7	20.5	13.7	14.7	18.9	28.9	42.7	25.4	29	24.8	26.5	19.5	12.2	18.6	28.7	27.7	32.7	29.6	31.6	52.5	70.6	43.5	36.5	39.9	124	127	62.2	61.9
66.2	72.9	53.1	53.4	52.9	55.3	49.3	45.4	37.8	51	70.9	85.8	121	148	165	178	163	148	143	162	149	128	127	132	132	140	144	163	192	205	237	222	227	213	235	254	254	192	167	136	130	141	132	115	120	133	126	176	226	227	160	178	190	218	236	161	157	181	182	175	180	191	180	138	167	151	135	206	171	152	167	226	206	161	122	171	201	166	149	131	118	107	76.6	114	166	172	205	147	89.3	55	41.6	45.9	33.6	26.7	16.2	14.1	15.8	25.7	20.9	19.8	35.5	28.2	30.2	31.5	22.6	15.3	20.1	27.3	21.7	28.4	23.6	35.9	44.2	35.7	26.3	34.9	53.9	112	60.1	122
62.8	71.9	66.2	58.4	64.1	49.2	51.4	41.4	36.5	37.3	53.6	88.6	79.4	96.9	85.5	104	104	113	131	154	140	135	130	120	116	133	144	156	185	233	281	326	244	232	255	246	165	154	149	128	125	135	143	111	128	175	135	176	204	150	104	152	178	174	186	144	164	167	182	191	190	164	192	152	177	172	129	178	176	121	129	169	217	201	122	132	149	148	135	92.2	83.2	115	115	123	135	133	176	153	102	93.3	68.9	67.5	73.4	75.3	29.2	14.9	15.7	14.7	15.5	18.3	43.4	42.4	35	46.2	29.2	11.6	17.5	30.6	24.1	26	26.3	30.1	35.7	43.5	39.3	56.5	58.7	49.2	31.1	55.3
36.3	41	42.3	50.3	48.9	45.6	36.5	44.6	46.4	25.7	31	42.3	52.1	54.8	45.2	66.4	73.3	89.5	128	138	135	130	136	113	108	124	138	153	175	206	243	285	261	250	210	138	144	139	123	101	119	90.7	116	128	110	160	150	166	215	131	108	131	186	163	175	169	156	188	188	150	138	172	211	199	204	228	161	209	180	144	140	161	164	163	128	139	118	106	129	101	141	139	92.9	125	88	84.2	155	179	131	106	98.9	85.8	95.5	106	58.2	44.1	31.2	22.3	24.8	26.1	24.2	35.4	38.7	48.1	38.9	18.3	14.9	12.4	12.3	26.9	33.4	32.1	25.3	24.7	54.7	56.1	34.6	34.6	40.6	88.7
36.6	37.3	35.2	40.5	41.9	36.2	31.8	25	27.5	23.8	21.5	25.4	43.8	30.2	37	57	61	72.6	92.8	142	135	135	133	116	112	119	133	156	173	195	222	260	272	252	197	138	152	152	141	121	106	99.3	92	116	109	93.3	157	133	177	151	105	124	203	179	164	179	210	187	203	171	152	198	244	201	219	231	183	178	205	161	152	192	134	113	175	171	152	134	151	109	111	76.9	71.9	79.2	85.5	91.6	89.1	152	163	110	99.4	74.7	75.7	103	84.4	55.5	35.3	28.3	40	34.7	29	28.8	30	41.5	38.7	24.5	15.4	11.7	12.7	31.7	43.9	62	25.7	19.4	29.6	41.4	36	49.6	56.5	117
32.3	35	34.3	39.7	34.7	33.4	31.2	20.8	18.8	20.4	17.9	20	21.4	17.6	20.6	40.7	36.9	62.6	88	115	148	135	138	126	143	120	138	160	167	183	202	234	276	259	230	132	156	127	141	145	142	131	118	157	129	106	98.6	163	143	116	122	119	195	215	185	156	173	210	243	213	191	248	241	233	234	213	173	192	214	175	180	159	132	130	111	148	169	155	128	101	94.1	81.2	72.9	103	106	105	78.9	82.7	147	68.1	78.9	62.3	77.3	95.2	121	99.9	71	38.3	39.3	41.4	52.4	40.3	43.1	38.2	44.5	32.4	15	19.8	27.7	25.8	18.4	25.6	12.3	11.3	20.7	49.6	87.3	91.7	81.5	148
31.8	29.7	27.4	31.6	28.9	24.7	21.9	14.8	17.1	18.8	12.8	9.94	17.2	7.39	10.8	25.1	34.4	51.2	72.3	90.9	154	165	152	126	134	117	138	153	168	199	234	217	226	244	231	174	128	124	178	156	135	168	148	134	151	160	85.2	99	116	132	131	120	135	233	223	144	154	196	219	195	208	241	254	223	229	209	153	224	198	157	118	125	135	131	103	140	156	153	167	112	115	113	137	126	122	106	94.1	46.3	38.3	44.8	55.2	48.5	62.1	77.1	133	92.5	50.5	26.9	30.6	36.3	44.7	31.5	44.6	36	23.8	25.8	20.5	29.9	40.4	37.6	15.7	30.8	20.6	11.5	31.8	54.6	56.4	54.6	67	137
13.6	14.1	13.4	16	13.9	12.1	10.6	6.62	6.11	6.6	3.94	3.82	6.33	1.45	3.12	15.2	17.9	21.8	36.9	55	90.3	143	142	127	122	119	137	149	165	176	219	227	221	223	207	162	140	147	153	191	173	170	183	167	149	141	126	120	119	182	152	143	145	168	206	160	137	140	186	167	166	190	176	168	205	202	132	128	156	209	116	143	104	146	165	188	181	143	141	135	165	152	131	162	152	134	94.5	44.1	37.1	46.4	73.3	70.6	61	63.7	79	50	46.7	33.8	38.4	25.4	23	21.3	23.3	29	27.2	21.7	24.1	25.8	26.9	25.4	23.6	25.5	48.4	29.1	17.5	51.2	59.7	79.8	55.2	69.6
13.3	11.8	10.1	15.4	16.4	9.07	7.55	4.39	3.43	2.98	4.51	4.99	7.79	6.67	3.66	10.2	13	17.7	29.7	42.1	81.2	142	152	134	111	124	159	169	187	203	211	215	211	207	190	139	131	143	196	190	151	153	200	183	154	138	141	138	122	129	144	171	134	124	179	204	144	108	117	106	108	105	138	111	132	115	117	130	149	145	137	138	137	140	172	162	163	125	149	190	205	142	82.4	136	155	169	73.2	45	63.3	69	81	71.8	68.6	80.9	70.8	39.4	46.9	45.9	30.5	28.4	24.2	18.7	28.4	34.5	34.5	23	20.5	19.8	27.7	25.2	33.2	16.7	18.5	21.9	26.7	54.1	53.6	54	43.6	36.7
10.7	9.82	8.3	11.5	11.7	6.62	5.79	3.48	2.71	3.57	3.05	6.42	10.4	11.1	7.65	8.6	11.3	17.2	21.4	34.6	75.1	132	192	134	107	145	183	190	207	196	186	189	190	186	180	141	112	115	123	140	153	209	185	204	156	132	123	152	116	125	123	142	124	140	142	194	150	151	174	103	88.6	94.6	103	86	102	108	105	125	121	132	130	180	181	176	153	139	171	132	156	127	94.3	83.9	104	78.9	93.3	127	57	57	61.9	69.1	83.1	63.7	78.6	66	58.7	46.2	48.6	57.8	31	25	23.5	25.2	28.8	36.3	28.1	26.2	28.8	35.1	30.5	29.3	38.1	12.3	11.4	20.4	47	45	56.1	53.4	34.5	23.7
8.95	7.8	6.56	8.48	6.35	4.73	3.81	4.88	2.13	2.54	2.43	8.08	3.29	7.28	6.09	9.64	11.1	13.3	17	28	64.1	111	142	123	111	145	143	174	195	193	182	208	205	203	190	155	130	118	128	154	148	185	147	172	177	127	118	130	115	111	127	141	119	119	126	134	111	131	180	126	96.9	97.5	99.3	81.9	108	103	107	120	102	109	124	148	162	184	166	158	139	86.1	86.1	101	97.2	83.9	94.1	94.5	133	114	38.9	28.5	55.1	70.5	67.8	58.9	68.6	57	42.8	46	37.6	36.7	29.8	27.2	27.1	30.2	27.5	29.1	35.9	29.6	39.6	35.6	35.7	37.9	25.3	10.7	16.4	20.5	39.2	59.6	88	120	48.8	26.6
4.23	4.91	3.79	1.13	0.787	0.556	0.435	0.037	0.507	0.314	0.953	4.94	4.22	4.98	12.2	6.49	8.88	10.4	11.4	20.4	24.1	45.3	83.9	95.9	89.7	92.9	136	180	196	198	232	204	248	281	180	178	143	140	159	193	183	149	130	132	121	103	104	127	128	123	146	126	127	122	137	125	137	191	240	142	111	135	147	98.7	117	121	137	109	108	121	127	137	142	151	154	139	156	84.7	89.7	97.4	73.1	94.9	87.1	85.3	79.7	78.6	46.7	33.7	57.5	76.5	69.6	52.3	63.5	59.8	49.9	51.2	29.8	35.6	32.9	30.1	27.2	29.7	31.2	28.4	24.7	30.7	31.3	34.3	33.8	46	26.1	20.8	18.3	27.6	48.8	65.8	73.5	96.1	99.7	64.1
2.73	2.18	1.73	0.725	0.552	0.216	0.167	0	0	0.258	2.24	1.59	2.53	1.16	5.66	7.81	7.98	12.1	11.4	15.9	24.3	26.8	35.7	64.7	57.1	60.1	103	115	156	210	208	191	189	171	179	216	190	164	178	168	160	118	106	117	105	98.8	85.1	94.9	124	129	126	111	86.6	80.4	101	122	140	118	145	113	113	121	113	98.1	103	105	101	110	95.8	98.1	135	132	137	129	174	123	98.7	93.7	80.2	84.6	94.5	92.1	88.6	80	84	93	62.9	48.6	53.8	95.8	100	71.1	77.4	56.1	55.5	35.7	39.7	31	36.2	25.3	24	20	29.2	22.1	22.6	37	39	38	36.3	39.5	51.8	43	56	42.9	57.2	83.6	76.9	99.5	107	94.7
1.79	1.29	0.972	0.277	0.122	0.0873	0.534	0.438	0	0.105	1.84	12	4.63	2.21	4.5	16.9	5.49	10.4	11.1	13.4	17.3	16.1	26.9	53.3	33.9	58.3	55.1	75.1	92.4	122	164	206	224	209	169	218	223	192	156	138	126	114	87.6	87.8	79.1	81.1	84.1	84.6	93.9	110	96.4	73.4	64.2	64.6	95.5	94.6	103	129	105	95	106	115	88.6	87.4	103	94.4	97.1	70.7	73.9	69.5	93	110	133	129	122	110	120	116	73.3	89.9	112	91.8	93.1	94.2	107	123	68	41.9	70	98.6	146	73.9	54.2	56	57.9	28.8	44.3	59.8	35	25.1	31.9	47.2	31.2	32.8	30.3	33.8	35.6	42.4	35.1	32.4	33.9	27.6	75.2	47	71.6	109	74	51.5	72.5	70
1.39	0.947	0.691	0.198	0.0873	0.0274	0.0369	3.12	0.0443	0	0.0529	1.28	5.4	1.31	0.572	5.25	8.25	4.42	7.1	12	15.3	23.1	34.4	23.8	18.6	75	44.1	34	40.7	57.5	99.2	165	217	245	247	260	253	209	195	126	108	109	97.9	81.2	69.4	69.9	69.2	78.4	84.5	84.5	74.8	78.5	74.2	80.9	118	143	91.7	96.7	99.7	88.7	90	85	87.4	77.7	75.2	70.8	78.8	58	61.4	68.5	70.5	85.7	110	120	115	100	105	109	99.4	132	125	99.4	90.4	150	151	119	95.4	70.2	72.8	143	169	106	74.2	77.6	60.1	24.6	21.1	34.6	35.1	59.2	58.2	30.4	34	40.8	40.3	38.4	32.8	39	45	32.2	32.2	27.8	29.2	42	100	65.6	64.7	30.1	25.5	19.8
0	0.0252	0	0	0.032	0	0.111	0	0.0232	0.803	0.184	0.0729	0.0487	0.374	0.507	3.06	4.19	6.47	11.3	19.9	16.6	19.4	18.4	23.5	18.5	30.2	25.3	24.1	29.8	25.2	32.4	70.9	147	186	206	267	254	157	176	132	104	104	82.7	79.7	84.8	63.1	56.8	54.9	57	53.4	58.1	51.8	48.3	85.6	129	131	103	125	116	83.3	110	107	131	83.6	74.6	87.4	93.8	67.6	72.4	62.1	74.9	68.6	86.5	97.3	100	106	88.4	117	113	181	175	127	91	100	141	94.7	102	106	103	114	125	120	93.9	65.3	50.1	33.1	25.4	31.2	36.5	82.2	41.8	25.5	29.3	45.7	54	44.1	46.1	36	36.8	26	22.9	30.1	33.7	36.2	24.8	52.5	25.4	20.8	25.6	32.1
0	0	0	1.01	0	0	0	0	0.202	0.697	4.22	0	0.0104	0.0604	0.0581	3.08	4	5.89	9.35	13.3	13.5	15.5	17.1	14.5	14.5	14.3	17.9	18.3	22.3	22.7	22.1	28.8	56.6	84.8	124	154	191	145	111	97.4	81.5	95.9	73.1	72.7	75.1	57.5	46.5	48	50.8	53	48	51.7	59.2	101	92.5	123	111	111	117	77.4	109	125	146	48.8	48.6	74.6	80	68.9	81	85.9	80.9	54.9	72.3	84	93	100	99.4	125	166	171	136	105	80.1	98.6	108	150	98.1	110	106	111	129	84.5	73.4	59.3	49.6	43.7	36.3	31.1	31.2	36.6	41.6	46.2	44.6	45.6	48.3	59.2	43.8	39.8	43.7	33.9	32.4	30.8	51.6	34.8	21.5	25.2	24.3	17.2	63.9	85.3
0	0	0	0.626	1.45	0.144	0	0	0.0274	0.0247	1.51	1.47	0	0	0.0102	1.99	2.93	4.4	6.67	10.1	13.1	14.5	14	11.9	12.1	13	12.7	14	18.2	14	15.8	15.9	24.7	27.3	55.2	88.4	81.4	86.7	87.2	78.6	93.7	92.9	76.7	71.7	66.3	57.2	43.1	32.9	35.6	45.3	35.4	42.9	49.1	64.3	85.7	142	103	116	109	87.6	110	119	105	46.7	48.4	98.5	73.3	82.3	97.6	78.9	67.8	48.9	64.3	92.5	106	94.5	123	130	128	121	144	150	108	133	113	96.8	80.3	99.3	140	135	128	84.2	72.7	70.9	98	63.6	62.6	49.8	35.7	46.5	72.4	83.5	50.2	49.3	39.8	41.3	53.2	58	57.4	39.8	32.2	33.8	78.5	55.6	30.5	50	34.6	36.6	74.6	114
0	0	0	4.32	12.6	3.4	0.795	0	0.0573	0.0765	0	0	0	0.0216	0.0314	1.86	2.71	3.04	5.46	9.75	11.1	12	11.1	10.9	11.1	12.6	12.6	11.2	12	15.3	17.1	19.7	22.8	16.5	29.2	39.5	37	42.4	54.5	59.9	76.5	80.3	72.2	63.6	52.8	57.3	44.5	38.4	30.7	40.7	33.7	34.6	41.7	51	60.4	79.2	83.3	116	101	80.6	92.7	93.1	87.8	57.1	62.2	66.3	64.2	72.3	66.7	52.6	86	54.6	77.1	99.7	115	82.1	93.6	110	108	144	147	172	145	189	160	149	124	127	146	138	117	93	67.8	77.6	64.9	79.3	94.7	72.8	65.2	60.2	84.1	82.7	56.9	66.3	57.6	72	65.7	58.6	46.5	29.6	17.4	23.6	88.7	74.2	77.4	115	90.9	53.3	34.4	42.8
