94.5	109	162	201	182	158	132	199	148	130	150	152	177	205	212	202	219	175	132	115	102	142	139	95.1	79.8	152	138	80.4	111	132	128	153	117	138	145	157	183	160	163	184	199	243	281	313	267	280	298	290	210	164	165	138	132	108	79.6	131	103	95.7	94.3	127	90.1	71.1	82.9	62.6	44.3	47.6	73.4	51.6	43	58.5	94.9	78.4	129	75.8	66.5	77.1	101	77.7	50.9	67.7	68.9	39.3	21.1	18.4	8.71	6.12	5.22	9.01	10.5	10.2	8.59	5.55	8.49	3.24	1.26	1.95	10.6	20.1	14	10.4	17.7	18.8	19.4	22.6	23.3	13.2	25.7	29.6	39.5	54.2	44.7	56.9	69.8	105	103	79.7	80.5	92.3	103	106
127	177	228	183	162	154	134	189	196	149	176	182	182	154	174	194	210	164	148	138	106	108	103	89.9	134	170	115	87.8	118	113	124	133	120	165	132	116	135	169	158	177	140	211	207	214	215	179	155	128	93.5	82.8	96.3	97.4	113	94.7	76.8	74.2	75	77.9	103	159	132	72.8	66.1	22.4	22	35.9	63.1	54.1	34.9	45.6	64.7	91	90.5	83	76	104	82.7	62.4	53.5	42.2	57.5	42.8	37.5	23.7	9.12	7	8.11	20.4	11	6.64	6.5	0.664	8.59	5.82	3.11	6.69	17.8	27.9	21.2	12.2	11	15.5	15.3	17.1	22.4	18.8	33.9	36.7	42.8	47.3	23.2	15.6	45.2	70.9	82.7	65	63.8	81.5	75.5	77.7
167	212	235	193	182	188	149	117	155	136	193	165	188	251	267	174	183	145	141	162	132	108	123	141	155	183	122	118	117	75.4	79.7	143	193	185	128	115	99.3	106	112	133	156	143	134	186	169	124	133	83.3	72	80.1	93.3	58.7	96.3	88.5	90.9	60.1	36.1	77.5	118	164	109	66.5	34.5	14	28.6	41.2	39	35	27.8	40.5	47	56.5	73.6	86.2	106	125	89.7	65.1	57.9	60.6	60.5	48	39.4	56.6	35	21.4	9.9	10.2	7.12	7.23	5.74	1.36	2.58	0.782	1.1	0.42	19.4	14.3	12.6	11.1	15.8	9.36	8.22	23.6	22.9	25.6	21.1	29.5	45.6	39.6	18.7	20.4	27.6	47.1	70.9	65.9	62	64.9	72.9	68.1
231	226	210	212	261	272	154	121	143	175	171	122	186	288	204	160	121	114	163	170	150	125	147	132	136	141	87.3	98.2	104	86.3	106	166	220	167	122	76.1	55.4	64.8	106	131	138	102	107	154	131	119	76.9	69.7	49.2	51.7	49.5	45.6	43.7	53.8	45.1	29.6	30	51.5	65.8	71.3	65.1	41.8	55.7	45.3	51.4	36.2	31.5	25.5	17.4	27.5	46.2	57.6	86.2	99.7	124	133	77.4	59.6	48.2	48.5	49.5	31.6	34.3	50.4	40.5	31.3	21.4	9.73	6	9.58	6.84	4.12	2.35	0.98	5.48	0.39	12.2	4.2	9.45	23.1	22.7	8.97	16.8	30.8	19.3	20.8	20.2	27.7	55.9	40.9	25.1	31.1	27.1	30.3	47.9	53.8	48.7	46.9	53	51.2
257	240	244	229	237	258	198	153	161	180	218	141	170	227	239	189	162	115	156	141	129	111	139	153	130	144	92.8	101	90.1	153	187	195	216	188	119	86.3	63	65	81.2	110	109	98.7	122	81.3	56	53.5	46.7	74.5	59.9	33.7	20	32.2	57.5	63.7	61.6	32.9	23.9	26.3	26.5	36.3	44.4	72.1	77	64.3	38.2	24.4	18	22.6	32.7	42.4	48.7	52.8	130	88.5	115	70.6	50.3	50.4	49.7	38.7	56	59.2	37.1	34.8	24.4	40.1	20.6	8.47	6.6	5.98	5.51	0.955	0.587	1.44	2.89	9.75	17.9	17.6	19.7	24.9	21.6	14.5	7.08	26.3	28.1	37.6	15.7	12.2	29.7	35.6	20	15.8	26.4	34.9	51.2	48.7	59.4	73.2	64	47.2
228	220	223	177	166	163	184	138	178	192	153	169	212	216	224	245	197	160	153	151	108	131	139	206	189	154	139	141	135	185	168	131	144	126	82.8	83.6	76.7	65.1	63.4	79.3	89.4	82	86.1	77.5	67.9	56.9	63.8	82.4	66.4	52.1	30.4	52.9	63.9	54.9	62.2	35.8	38.8	47.3	28.8	30.3	39	29.9	49.3	37.4	23.7	27.4	32.3	41.2	49.8	47.9	53.8	44.6	38.5	59.2	61.3	57.7	50.3	57.4	50.2	57.3	65.4	59.8	46.4	31.1	21	52.1	35.9	14.2	12.5	8.74	5.51	1.85	1.47	3.29	16.5	4.89	6.45	23.1	43.4	11.4	17.6	20.3	16.3	40.3	34.3	28.5	14.6	21.5	32.7	26	21.4	26.6	25.7	34.4	62.9	59	57.2	55.9	51.2	53.5
204	204	214	169	146	200	184	133	140	170	158	154	181	220	216	222	210	149	157	194	173	139	194	248	215	170	255	197	161	158	106	71.4	86.6	98.7	71.5	81.2	59.9	56.7	56.6	85.7	69.6	67.6	74.4	67.9	65.4	42	46.6	75.6	106	57.4	39	49.6	35.1	30.1	34.9	38.6	39.4	41.5	31.8	34.9	35.3	49.2	34.6	27.6	31	28.9	31.9	23.7	42.4	53.7	45.3	41.8	31.7	29.6	52.2	52.8	38.1	45.5	82.7	61.4	54	52	38.4	29.4	30.6	39.9	26.9	12.6	6.17	9.1	5.46	1.88	4.76	18.2	29.2	7.53	18.4	37.1	20.5	22.9	13.2	21	26.1	20	13.1	20.5	5.58	6.36	16.4	20.1	19.7	28.3	34.6	41.7	46.9	48.7	46.1	34	33	38
231	283	274	231	261	179	138	131	152	129	118	164	210	229	256	222	193	198	190	191	157	165	216	189	173	181	275	209	158	161	119	91.2	96.3	90.6	84.8	75.3	48.9	51	78.1	65.4	61.3	54.5	59.3	66.4	65.5	64.9	52.8	61.8	62.3	57.5	46.8	44.5	47.7	38.7	54.9	57	43.9	49.7	47.3	33.4	42.6	60.6	45.5	39.9	34.7	39.6	31.6	24.6	26.6	30	45.4	47.4	48	36.6	34.6	39.5	40	48.6	55.9	59.4	48.6	39.6	35.9	28.3	32.7	29.4	30	16.8	4.15	4.86	4.33	1.79	12.3	14.7	21.1	23.5	14.9	39.4	30.1	22.3	24.3	7.71	8.82	2.31	6.12	8.13	18.1	18.6	6.39	11.1	19.3	23	25.4	30.2	22.4	24.8	22.8	21.6	15.2	13.8
209	262	253	218	186	161	147	154	189	173	159	198	304	249	257	220	248	227	187	203	171	173	235	228	151	122	159	145	213	131	146	107	103	74.2	62.9	64.4	72.4	90.6	75.8	67.9	72.5	34.8	52.3	67.8	59.7	55.9	55.4	48.1	51.7	57.7	51	53.4	37.9	47.7	45.6	49.6	44.8	55.3	46.6	41.2	52	58.3	50.6	38.3	44.1	34.4	36.7	39.8	25.8	34.3	30.3	43.3	44.8	34.8	29	28.7	31.8	49.9	71.7	42.3	47.5	54.2	51.9	40.3	38.8	30	22.8	10.9	4.67	7.57	10.1	1.75	2.19	2.12	2.04	21.3	2.79	31.1	35.3	11.5	9.12	9.6	9.36	7.32	14.1	3.54	15.2	9.3	9.06	15.4	15.7	12.3	12.3	6.42	6.99	8.37	6.57	3	3.96	9.78
183	251	258	231	243	165	143	145	155	183	192	207	256	205	219	231	314	295	218	188	228	163	189	260	168	129	113	130	186	114	161	187	151	75.8	69.3	82.8	104	105	62	66.2	48.7	27.7	45.1	72.6	73.3	50.8	45.6	61.8	59.5	107	86.1	53.3	44.3	46	36.1	31.1	30.2	36.8	51.7	78.9	54.3	48.9	39.1	52.4	28.8	41	57.8	49.1	42.3	38.1	42.5	42.4	34.1	41.9	47	39.4	41.3	42.3	76.7	44.6	109	90.9	131	113	85.7	37.1	18.8	6.37	19.9	2.44	8.07	2.05	1.98	2.09	2.25	4.9	5.17	5.67	13.5	12.4	7.83	7.44	9.12	5.19	5.49	1.29	4.44	5.91	10.3	6.54	10	4.41	2.43	1.14	5.7	3.36	2.58	0.33	4.56	11.7
181	261	340	227	254	162	181	171	184	193	199	177	218	177	178	246	296	290	281	200	224	159	203	140	131	120	144	131	174	137	151	142	157	88.9	73.1	99.3	119	103	82.9	59	35	43.4	69.9	143	81.4	59.2	75.3	86	81.9	120	114	68.5	48.2	51.1	45	39.1	37.3	43.1	59	70.5	62.9	46.2	38.6	53.5	59.9	35.8	34.3	57.4	52.9	35.8	43.9	47.8	46.1	45.5	40.8	33.3	26.9	49.9	50.4	35.8	83.5	106	92.8	88	50.2	42.8	20.6	13.9	44	43.8	6.71	2.27	2.18	2.27	2.62	3.01	3.47	3.19	3.17	0	0.21	0.63	0.12	3.18	3.45	0.24	7.2	4.65	5.28	2.19	0.84	0.81	5.43	0.39	6	2.22	4.65	6.12	13.1	3.9
188	249	318	290	217	209	226	245	210	187	188	199	254	250	247	234	296	318	291	247	226	284	285	154	132	156	206	165	197	152	146	116	172	75.7	94.1	114	90.4	71.4	71.2	76.7	55.8	70.5	125	111	84.8	68.5	69.7	92.9	108	109	102	71.8	45.6	46.3	49.3	47.9	33.4	26.8	47.3	42.5	53.5	41.1	30	37.6	60	46.5	42.4	84.3	72.6	57.3	55.2	51.7	44.6	29.5	32.1	55.7	54.1	33.3	43.6	46.7	60.3	69.1	122	72	42.9	35.5	33.6	23.7	24.7	44.6	60.3	6.1	2.94	4.58	2.71	3.07	3.24	3.36	3.7	0.06	0.12	0.33	6.48	0.12	0	0.09	2.25	5.64	3	0.69	0.99	0.87	0.15	4.17	6.12	5.67	3.33	1.68	9.42	2.61
211	318	371	275	269	211	202	201	149	157	208	236	251	234	265	300	268	260	263	249	249	291	316	191	180	178	156	162	205	174	161	135	133	61.7	64.9	95.9	85.3	79.3	71.6	99.9	87.5	93.6	94.2	110	128	145	94.4	100	119	134	89.6	61.7	52.7	50.8	56.5	37.4	25.6	21.8	22.9	25.4	37.2	43.1	37.7	42.3	53.8	35.5	54.2	66	57.8	60.2	61.2	53.5	37.4	40.7	40.2	60.1	46.9	59.9	36.6	42.9	54.4	33.5	67.6	148	111	65.7	61.8	31.9	31.8	39.7	61.1	18.1	5.3	15.5	3.2	3.42	3.53	3.58	3.99	0	4.26	6.21	0.24	0	0	0.84	2.94	0.18	3.15	0.27	0.33	2.88	0.15	2.64	4.05	0.18	3.6	3.21	3.96	0.54
215	260	389	346	352	267	231	180	188	215	229	237	314	340	355	395	383	376	300	403	285	289	284	256	181	193	182	171	192	213	197	170	143	96.6	96.1	149	115	68.3	57.5	75.5	68.2	77.6	71.2	120	138	129	79.6	61.3	106	134	85.6	68.4	60.6	59.1	56.2	43.3	26.7	37.4	37.5	38.3	26.1	28.2	48.1	68.1	60.6	54.6	63.1	64.7	89.2	85.2	74.2	92.1	80.5	95.5	85.3	87.2	77.9	55.3	35.7	29.6	33.4	38.8	52	141	108	51.4	56.8	40.4	31.7	21.7	42.3	18.1	24.2	5.1	6.49	5.46	4.9	4.89	4.85	6.12	8.94	11.3	8.22	0.21	0.03	1.77	0.18	0.24	0.33	0	0.03	0	0	0.3	0	0	0	0.18	0.27	0
211	307	346	310	289	331	256	197	250	220	249	239	286	371	306	375	393	383	427	472	306	244	233	209	186	232	171	179	198	218	235	195	141	149	119	120	76	68.9	60.7	75.3	74.5	95.5	107	152	193	150	109	76.6	107	114	105	83	73.4	67.5	67.6	56.2	49.5	56.3	50.7	46	52.1	32	52.9	45.7	37.3	46.8	46.2	50.2	57.5	63.1	64.5	71.7	77.9	83.1	80.8	79.5	75.2	62.5	50.3	46.5	59.3	65.4	53.5	79.5	74.4	59.1	63.2	51.9	29.7	27	45.2	34.4	69.1	14.1	6.08	5.44	5.39	5.41	12.2	6.36	0	0	0.06	0	3.09	2.1	0	0.81	0.87	0.06	0	0	0.33	0.84	0	0	0	1.8	0.42	0
221	295	377	335	290	322	208	261	310	301	257	265	322	342	258	298	298	396	382	411	350	308	248	212	177	178	162	192	308	235	270	199	147	171	99.4	107	79	79.3	74.5	88.8	110	122	131	194	202	216	98.9	102	111	97.4	80.5	60.1	74.3	63.8	55.7	59.5	89.6	102	85	82.4	61.7	42.4	44.5	45.4	44.6	49	48.2	60.7	66.3	51.6	56.2	65.7	68.2	75.7	84.9	95.7	87.8	74.7	59.9	50.3	38.6	55.7	67.8	57.5	66.1	68.4	55.7	55.9	47.3	42.6	52.4	36.1	21.4	16.4	6.11	15	6.55	6.9	14	6.15	0	6.15	0.06	1.02	0	0	3.24	0.39	0.18	0.39	0	0	0	0	0	0	0	1.17	0	0.06
337	347	358	285	267	310	294	317	305	292	278	259	322	479	317	343	428	390	464	487	509	423	325	192	151	142	178	193	269	241	217	166	167	117	123	114	134	118	122	144	151	146	132	145	171	149	128	76.3	92.7	85.8	70.3	64.8	59.8	67.2	74.7	76.1	109	133	126	103	83.1	50.9	33.5	41.5	47.8	38.4	42.1	72.8	66.7	48.3	47.8	55.1	60.4	72.4	101	135	163	187	91.4	54.6	46.4	60.8	94	84.6	63.5	104	90.5	53.8	36.9	34.8	42.6	24.1	19.5	18.2	6.17	5.97	6.74	10	6.12	0.03	2.04	1.71	2.52	0	2.58	4.02	0.48	0.12	0.33	0	0	0	0	0.03	0	0.42	0	0	0	0.24
392	423	376	284	227	269	283	273	359	314	242	299	328	352	347	475	457	515	497	494	478	487	457	251	181	139	153	191	202	187	169	154	111	129	151	169	150	130	151	142	122	131	114	151	189	185	126	112	116	134	135	134	89.5	74.3	79.7	90.4	112	94.1	111	83.4	93.9	51.5	39.3	94.6	146	76.6	85	62.9	54.7	40.9	33.7	23.3	24	21.7	75	66.2	61.1	58	73.9	65.6	73.4	76.7	70.5	60.1	76.1	95.8	100	55.6	41.1	42.1	33.4	24.8	28.3	28	13.3	7.99	8.82	7.46	8.05	6.52	6.68	6.85	6.75	5.17	8.66	5.15	5.45	0	0	0	0	0	0	0	0.12	0	0	0	0	0
354	427	465	324	315	370	355	317	300	378	311	350	348	417	385	437	456	507	496	467	402	501	386	218	189	194	224	204	227	184	155	148	168	146	107	165	146	119	109	120	107	122	115	207	228	190	147	144	195	222	214	186	139	124	115	87.3	105	110	99.5	68.5	97.1	47.9	41.6	93.6	106	77.7	81.3	37.4	49.7	40.5	49.2	40.2	25.5	45.2	57.3	41.4	48.5	53.3	70.3	79.8	84.4	88	95.3	54.7	68.7	85.6	96	60.6	52.4	50.9	34.8	17.6	20	14.3	13.9	8.09	8.47	8.34	7.91	6.73	6.83	6.88	6.76	5.13	7.42	5.02	5.03	0.69	0.39	0	0	0	0.96	0	0	0	0.48	0	0.03	0
341	392	329	370	283	378	427	353	348	373	386	327	328	410	364	265	323	393	461	491	481	421	390	256	205	260	228	214	254	220	158	127	148	177	129	119	118	103	142	157	124	97.3	125	164	196	163	171	140	156	187	190	178	145	144	90.3	82.3	81.6	87.3	70.5	53.4	40.5	42.7	59	113	126	77.8	90.7	53.9	46.2	39.1	46.6	29.8	36.4	31.3	22.8	36.2	44.8	57	84.5	100	111	111	99.5	104	77	84.3	95.1	69.8	72.4	71.6	28.9	16.8	19	15.6	15.8	11.6	62.1	9.28	8.43	8.83	7.05	6.98	6.85	5.2	5.29	8.02	4.69	0	0	0	0	0	1.74	0	0	0	0	0	0	0
293	312	362	376	346	399	427	431	404	317	286	232	184	307	262	301	346	368	452	633	550	497	490	293	369	280	247	288	293	219	205	169	144	159	160	115	115	147	115	123	128	89.4	93	128	158	209	185	161	211	207	138	128	125	141	96.3	95.8	83.2	84.6	71.1	68.2	44.1	49.3	59.7	85.7	108	88.2	114	72.1	50.5	51.5	56.2	34.1	38.7	42.5	29.3	32.2	36	45.8	53.3	71.7	87.7	91.3	96.2	96.8	100	105	102	66.7	99.7	61.4	22.2	26.9	22.6	16.3	15.7	9.74	8.8	13.1	11.1	9.29	13.2	7.14	7.56	5.29	9.13	5.1	4.75	0.03	0.12	0.3	0	0.78	1.8	0	0	0.3	0.3	0.36	0	0
232	261	302	282	267	313	358	420	338	234	245	229	258	303	374	407	423	387	417	490	545	503	456	318	413	281	265	220	264	258	187	145	143	128	152	116	105	90.2	90.5	122	130	94.5	131	120	118	159	181	164	181	223	147	146	101	99.5	70.4	72.2	69.3	86.9	74.6	77.9	74.8	44.9	42.8	108	103	93.4	106	73.2	58.9	61.5	86.8	44.8	27.7	52.5	49.9	37.9	33.3	38.3	38.3	40	60.4	80.8	112	102	97.9	106	94.7	65.1	63.1	52.7	60.8	66.2	28.7	21.7	19.1	17.4	18.3	21.1	23.3	20.6	23.2	21.7	19.1	20.9	20.4	21.4	20.7	15.7	8.43	5.26	4.99	1.86	1.69	1.28	3.35	6	1.65	0.82	0.824	0.66
247	242	329	259	325	286	319	386	319	211	283	337	349	237	284	300	442	509	473	448	461	397	338	329	385	279	192	228	251	185	139	128	125	107	103	104	80.4	70.8	81.1	97.8	85.7	83.8	82.9	112	131	128	164	124	172	271	149	152	122	89.2	92.3	60.9	71.6	98.2	60.3	62.2	56.8	35.7	62.7	127	112	112	91.7	65.5	52.8	55	89.2	64.5	53.1	57.5	66.2	51.3	35.2	33.5	32	37.2	56.1	49.5	88.4	90.3	92.4	95.1	103	54.4	50.2	65.2	74.9	47.1	63.9	53.6	23.9	22.4	23.2	35.3	51	34.2	20.6	19.9	19.5	21.2	21.7	19.3	16.7	8.99	7.33	5.47	4.94	1.83	1.73	2.94	2.21	1.7	0.918	1.61	0.952	0
336	344	332	344	344	278	296	338	263	240	298	434	377	264	277	256	404	461	414	401	329	334	298	359	351	314	300	298	231	167	148	118	131	98.4	96.7	86.8	76	90.5	139	144	96.7	63.9	64.5	117	132	183	240	160	161	149	161	130	101	126	124	76.1	71.2	75.9	55.5	98.1	86.8	47.1	60.8	106	103	76	65.9	63.8	71.9	63.2	76.1	96	62.4	67.2	70.5	75.8	46.7	24.2	25.6	46.5	39.4	41.5	68.4	77.8	72.6	73.7	62.2	40.9	50.5	53	58.2	76.1	102	103	70.9	50.9	55.5	63.1	62.1	56.7	25.2	24.8	29	26.9	23	20.7	19.3	9.04	11.6	16.8	9.89	1.78	1.64	5.56	2.92	1	3.36	2.28	1.97	1.26
458	442	357	370	313	374	384	409	337	333	308	349	326	215	275	265	442	475	428	450	297	383	346	361	342	419	526	340	273	208	168	111	126	155	115	129	121	87.2	113	139	103	84.9	78.8	126	163	178	192	182	189	176	199	137	125	121	89.9	70.9	63.5	54	48.8	56.6	89.6	88.3	85.7	87.1	117	69.7	67.5	75.9	80.2	78.1	101	114	83.5	98.7	109	89	51.3	31.3	54.2	35.9	44.1	32.2	40.7	56.3	50.1	45.1	35.3	28.9	36.2	34.2	85.1	150	168	123	122	114	110	145	81.5	63.8	36.8	52.2	56.6	47.3	39.4	27.1	19.5	9.79	9.4	5.4	9.55	8.53	1.43	1.27	1.11	5.49	2.84	0.787	2.08	0
364	372	366	346	311	343	302	335	296	337	301	266	212	167	229	265	273	398	447	416	252	288	391	415	398	413	509	359	234	251	211	197	189	160	123	131	149	127	118	107	142	128	116	155	155	124	143	202	125	148	198	107	125	92.5	60.2	47.2	46.1	31.7	37.3	27.6	71.1	79.6	91.4	94.1	81.5	72	85	76.1	71.6	67	62.1	82.6	68.9	90.8	85.4	74.3	63	69.4	60.6	38.6	34.8	24	24.9	23.2	33.3	36	43.1	29	34.8	36.1	58.4	174	209	176	167	113	119	135	86.2	82.6	71.9	103	103	71.3	67.6	42.7	44	34	6.72	15.3	11.9	9.28	8.98	3.84	2.42	5.08	2.29	2.17	2.03	0.942
367	424	408	311	342	315	272	262	274	320	291	336	246	188	285	344	337	320	393	365	290	337	391	474	406	331	327	293	211	243	267	263	241	185	198	182	149	105	141	171	152	149	150	183	154	148	143	124	115	154	174	83.2	84.6	60.4	52.3	39.2	34	28.5	34.6	33.9	73.9	74	76.1	58.1	54	54	67.7	60.1	75.5	63.4	70.9	96	81.9	68.4	88.8	86.4	78.6	71.9	42.4	38.9	40.6	40.2	62.7	27.5	32.7	34.1	27.3	27.8	36.8	34.9	54.2	110	176	153	123	112	94.8	89.4	84	91.4	100	151	137	107	90.7	82.2	86.1	38.1	44.7	43.6	4.31	4.18	2.91	8.79	5.2	3.89	2.31	2.08	1.96	0.906
425	420	407	350	333	315	295	281	269	298	256	334	286	264	236	389	366	379	373	361	252	208	331	350	324	324	289	216	174	173	196	256	182	150	177	174	152	116	117	164	146	156	171	204	136	194	169	142	145	148	114	73.6	55.6	53.8	47.2	35.7	32	36.6	45.9	75.1	69.2	51.4	62.2	61.6	36.8	25.4	46.8	73.8	73.7	65.6	69	75.6	79.6	68.7	71.4	65.5	64.1	51	39.8	40.7	24.8	31.9	35.2	31	20.9	16.6	22.8	31.1	45.9	36.3	52.5	75.1	91.4	69.1	77.8	78	69	64.5	78.3	96.7	132	189	126	99.6	69.1	82.4	80.6	106	43.3	34.7	16.5	11.7	5.03	2.45	2.33	2.35	5.61	2.04	1.92	0.887
452	448	408	390	365	328	288	296	323	350	285	389	349	377	263	286	326	312	272	315	273	368	355	476	292	201	277	223	246	210	189	181	202	186	174	166	160	152	169	208	157	179	169	162	171	238	192	236	152	146	166	166	91.9	78.2	66.4	58.5	44.9	46.6	58.7	59	64.2	73.9	75.5	63.8	44.4	14.4	24	46.4	51.6	39.4	35.4	57.5	52	46.9	43.8	33.7	33	40.3	37.4	37.4	22.1	30.4	43.2	39.2	23.9	20.1	27.9	22.3	22.6	24	34.6	27.7	48	56.1	57.9	60	71.5	73	75.7	155	194	183	141	102	90.2	76.9	89.2	91.3	93.6	78.1	35.6	12.1	5.54	3.1	2.15	2.31	2.21	2.03	1.92	3.95
459	473	458	448	389	359	361	343	326	334	255	341	323	270	207	206	264	291	229	296	313	292	249	322	214	198	243	247	266	269	225	206	210	215	185	157	159	183	189	153	147	165	159	131	143	125	93.2	93.4	112	125	99.3	153	180	109	93	73.1	63.9	54.5	45.5	64.8	64.5	52.7	57.4	68.4	33.4	16.7	16.6	11.1	12.8	13.3	13.4	16.9	14.9	15.8	18.1	26.6	26.1	28.7	37.6	52.2	43.8	28.1	28.7	25.1	19.8	23.3	29.4	60.7	35.6	36.7	28.7	43.5	67.1	52.3	38.1	44.6	53.7	47.3	91.6	179	304	223	170	160	136	119	103	97.8	119	91.9	64.2	13.9	4.8	2.22	2.08	2.77	2.6	2.44	2.29	2.48
437	468	501	477	438	357	348	323	388	246	298	312	274	281	315	245	262	278	255	286	294	289	291	229	163	192	188	202	258	224	200	214	232	243	173	154	152	139	157	145	180	169	181	125	167	117	85.6	104	154	200	130	113	91	183	99.1	89.9	70.9	57.6	51.5	57.3	44	40.7	50.8	75.6	34.6	30.1	21.2	8.84	6.57	7.64	9.38	11.5	13.9	15.2	18.6	24.8	32.3	34.8	38.2	73	69.5	50.1	35.9	25.9	30.4	31	40.3	65.8	42.5	33.1	43.3	47.6	32.4	42.3	34.9	69	72.8	95	85.7	142	170	153	117	141	134	121	77.2	36.7	46.3	93.3	91	26.7	9.46	4.09	2.06	2.74	2.58	2.42	5.01	3.09
434	475	501	479	435	364	321	304	318	302	329	295	280	304	339	335	307	307	290	250	211	243	280	240	209	199	174	195	256	211	199	196	184	197	167	176	166	153	163	131	160	150	161	145	167	126	78.8	84	122	102	78.7	78.2	70.9	107	82.8	81	73.6	79.4	73.7	104	60.1	35	59.2	61	32.4	21.2	14.2	7.41	13.5	16.5	12.4	12.9	16.8	17.9	26.8	29.9	30.1	35.2	44.3	76.1	61.4	54.3	55.5	35.9	32.2	30.2	27.8	32.8	33.3	30.4	44.1	65.5	36.3	32.8	55.7	75	97.9	88.9	96.6	105	117	104	99.9	146	108	63.4	31.4	23.2	47.4	66.8	83.4	35.2	23.9	5.67	5.62	6.07	2.99	4.52	2.71	2.13
443	440	451	438	388	347	308	305	351	307	310	378	331	328	318	357	297	336	297	285	294	271	287	256	210	183	170	215	192	163	156	210	172	219	196	184	171	158	165	112	118	166	170	161	219	197	97.6	89.6	114	134	112	89.5	81	152	151	93.3	82.8	78	78.8	106	98.7	44.9	47.5	41	34.5	32.4	26.6	13.3	15.9	20.4	42.1	25.2	20.3	14.9	21.8	29.4	32.3	35.5	39.2	79.9	83.8	86.1	123	51.6	40	34.8	24	17	17.1	33.2	38.2	49.7	38.9	41.3	53.6	71.9	85.1	84.3	93.7	119	74.3	76.4	75.2	99.1	82.5	24	20.3	9.89	43.1	50.1	59.2	28.1	23.9	31.6	29.4	12.3	5.19	3.64	4.45	2.86
485	510	518	477	466	417	375	311	347	282	381	419	454	422	402	398	368	370	347	305	243	193	201	193	177	191	180	236	195	162	208	212	220	212	222	171	145	154	159	119	115	149	191	125	161	98	118	83.7	114	71	89.7	114	85.4	82	74.7	97.2	61.7	50.7	57.6	57	47.8	54.1	49.3	28.3	29.7	26.6	27.8	19.8	17.1	23	40.3	25.9	23.2	21.8	24.7	22.9	19.1	21.9	28.3	47.3	50	67.3	94.5	41.9	51.7	32.4	24.7	26.5	15.2	16	15.6	17.5	29.8	43.5	56.6	98.2	82.7	64.1	64.3	60.4	69.4	83	58.9	61.2	46	24.4	19.7	30	36.2	48.9	46.7	10.5	23	36.8	38	10.3	14.8	15.1	10.3	8.1
437	470	477	445	413	414	414	342	351	326	396	461	501	498	459	392	382	357	361	301	295	206	211	229	205	218	210	236	175	174	199	193	216	212	230	188	203	212	172	123	137	165	140	117	118	93.5	107	103	114	71.1	70.1	91.5	80	92.6	80.8	122	108	60.4	39.3	41.4	52.6	56.9	59.1	32.8	36.2	33.7	31.1	22.3	26.3	23.5	24.8	30.2	29	28.2	29.5	24.8	16.6	21.9	27.1	46.9	60.5	76.8	90.6	48.3	58	49.2	37.1	47.1	18	13.2	15	20.3	20.7	30.8	46	61.6	63.8	59.4	64.2	39.9	38.5	63.8	59.6	78.9	39.6	17.8	22.1	21.9	29.4	29.7	47.3	27.3	30.3	37.8	26.1	24.2	25	35.1	22.2	14.3
479	440	439	397	405	424	452	312	343	333	350	458	498	477	453	424	332	391	429	287	289	287	219	213	240	240	264	243	168	186	210	212	232	241	244	286	244	185	138	105	122	182	129	109	105	116	137	136	150	83.2	86.4	96.8	89.6	87.3	79.4	117	98.3	70.5	62.8	52.1	95.3	75.7	66.7	80.7	46.7	49.5	41.2	30.1	53.6	31.5	30.2	29.8	30.2	33	35	27.5	22.2	33.4	33.7	41.3	75.7	85.3	100	53.5	54.3	45.5	35.9	24.6	31.5	19.9	18.7	26	32.6	25.5	47.3	43.6	57.6	75.3	58.6	40.4	39.6	50.7	55	60.5	50.8	15.7	12.4	6.04	11	20.7	31.3	23.6	26.1	38.2	26.6	19.3	28.4	34.7	25.7	20
420	449	427	359	398	430	403	297	362	342	352	406	449	456	419	410	340	316	372	296	361	306	223	227	326	286	271	216	189	191	228	237	208	208	245	306	266	225	154	92.9	91.1	110	144	116	124	124	116	121	123	82.9	109	117	118	99.4	71.3	91.9	87	94.8	93.1	63.1	119	77.4	72.2	78.8	54.9	56.2	68.3	72.8	97.1	71.8	36.2	36.6	33.9	36.3	33.7	29.3	37	39.2	48.2	57.8	68.8	64.8	76.2	48	39.3	45.3	31.5	28.9	23.9	24.3	21.2	24.7	31.6	34.5	48.8	49.2	47.7	56.3	45.8	42.9	48.5	43.5	46.2	54.9	65.4	38.7	10.7	6.48	7.62	27.1	20.9	9.92	14.4	24.2	24	18.1	18.5	33.8	35.6	27.9
451	449	422	403	432	391	381	354	359	335	343	417	421	417	412	417	383	367	418	290	244	254	244	274	329	343	286	227	222	186	249	237	218	227	321	254	198	168	122	86	95.3	84.8	124	118	136	145	145	177	155	101	160	153	140	124	70.3	65.2	71	94.2	117	71	63.6	70.6	89.1	90.6	86.8	86	146	96.1	72	56.6	46	31.2	27.1	27.9	24.3	19.9	31.5	44.9	62.3	96	84.1	65.4	92.2	78.7	73.6	88.6	55.9	41.2	38	33.6	35.4	23.2	22.9	27.5	37.5	48.9	56.1	52.3	46.3	52.2	52.3	42.2	36.7	18.3	24.2	17.2	12.5	9.06	4.26	4	3.6	7.47	7.07	12.9	9.47	22.2	19.7	26.5	22	18.6
387	436	436	397	428	450	437	400	420	365	349	409	398	435	390	363	349	365	368	248	256	238	247	340	384	321	223	186	220	210	270	334	259	253	262	241	207	169	134	106	92.7	93	144	119	152	180	170	171	177	179	151	121	109	148	93.7	77	121	104	111	104	98.7	93.8	111	107	105	138	172	94.3	53.2	57.3	70.5	38.1	37.6	32.5	30.8	36	37.9	47.4	71.2	107	85	63.8	79	64.4	49.5	65.9	83.9	74.1	45.3	39.9	38.3	25.5	25.4	30.7	41.8	52.8	53.2	54.7	54.9	65.1	54	49.3	33.5	25.9	12.6	4.86	19.7	15.3	2.85	2.37	2.46	6.65	6.87	8.15	10.5	23.7	34.1	26.9	22.7	19.5
406	423	406	416	411	418	455	382	416	383	416	417	411	370	334	359	315	387	409	314	254	247	235	343	315	297	229	233	283	237	258	305	274	257	208	179	200	202	152	112	129	127	162	142	159	198	220	219	231	207	112	104	114	86.1	69.1	121	137	140	145	114	109	94.1	104	123	111	156	98	47.1	47.2	45.1	53.5	49.7	41.7	36	38.8	47.7	50.3	37.6	52.1	76.5	51	37	59	79.9	69.3	90	94	92.1	74.2	48.7	41.3	33.4	34	28.8	31.7	44.1	34.1	42.3	69.4	88.9	49.5	44.7	42.2	28.1	8.84	7.24	29.5	6.88	3.36	3.5	3.44	7.1	6.3	6.8	9.2	18.8	23.7	18.2	18.8	20.8
431	416	437	420	419	431	409	299	364	392	425	414	423	382	323	327	314	377	362	271	248	296	283	280	284	248	241	224	262	252	284	291	289	266	178	150	209	222	184	122	126	169	104	108	158	165	195	241	308	230	192	116	105	117	144	191	160	180	130	95.3	105	110	128	126	147	149	68.4	66.9	65.3	58.7	75.4	37.9	38.2	32.8	36.7	66.2	68.3	48.9	32.4	47.6	39.2	59.8	42	33.7	61.4	57.7	60.7	75.7	103	65.8	46	42.4	41	32.2	35.9	43.6	37.8	44.7	59	59.8	44.7	63.5	43.6	26.4	12	9.53	17.6	6.11	5.03	5.33	4.47	6.39	7.02	5.82	7.82	13.3	16.6	13.5	16.4	17.1
311	343	367	352	372	341	319	330	368	378	400	397	446	448	433	322	319	262	247	264	253	265	261	339	346	320	316	315	291	238	242	280	285	240	148	166	176	223	151	96.8	84.2	137	124	102	84.4	87.3	169	183	258	226	172	142	153	142	199	180	143	157	144	79	86.1	81.7	114	136	125	74.7	74.6	94.9	47.8	110	110	61.4	63	46.8	39.4	72	84.9	78.2	29.5	31.7	16.5	43.8	13.8	14.1	29.9	50.6	38.1	33.4	28.6	17.9	18.5	19.8	24.1	24.4	19.4	43.3	24.9	20.3	33.1	48.5	37.6	49.3	39.1	23.6	35.7	32.2	29.2	27.5	20.8	5.56	3.36	2.4	2.33	2.53	2.95	18.8	17.3	15.8	12.6	15.8
329	365	333	320	378	365	341	370	350	336	350	353	426	390	438	378	373	279	225	279	262	228	248	360	413	336	344	309	288	228	211	302	283	253	159	149	162	167	125	132	104	97.2	117	157	108	135	156	184	226	202	154	141	159	184	205	196	125	107	133	103	86.1	84	123	118	144	110	145	150	62.9	93.6	127	98	81.6	100	134	103	81.7	68.3	43.2	32.8	24.9	39.6	24	19.2	27.7	37.1	38.8	68.8	30.9	15.2	18.8	44.8	37.6	38.3	36.4	57.6	42.3	30.8	37.2	37.1	28.3	24.6	29.6	46	54.3	39.8	33.2	24.7	8.52	5.19	1.61	1.96	1.87	2.66	2.92	23	10.8	9.86	10.7	14.7
339	372	267	255	327	400	357	299	428	428	372	411	345	368	431	396	332	308	262	295	293	248	254	298	288	278	300	274	249	261	281	297	344	353	290	270	185	152	136	99.7	105	156	148	282	244	242	233	193	185	184	125	154	139	159	181	180	123	100	140	111	107	97.3	157	129	97.3	92.1	120	126	152	100	169	136	109	128	139	135	84	61.7	54.9	45.2	45.9	68.9	57.2	38.2	49.9	49.1	40.1	51.4	58.3	28.1	62.9	24.8	22	25.1	50.3	62.5	57.7	52.1	47.2	50.5	24	32.1	32	25.4	31	31.6	19.7	15.4	11.8	6.72	3.65	3.8	3.9	2.9	2.09	7.45	9.29	5.77	5.06	20
243	291	372	232	340	384	350	277	267	343	296	312	231	289	362	311	284	340	292	337	248	255	214	299	257	227	246	242	248	257	243	297	271	276	283	232	174	129	215	193	145	204	229	328	243	240	214	207	203	141	141	139	146	137	179	200	194	121	136	111	168	125	184	119	113	97.8	170	171	150	92	70.7	110	101	94.6	107	102	100	110	104	90.2	86	99.7	76.7	46.3	50.1	71.7	53.3	54.9	62.5	45.6	62.3	39.7	20.7	15.7	34.1	70.3	115	56.6	47.4	58.7	41.9	42.5	54.9	53.8	62.1	35.3	28.5	15.1	10.1	7.88	6.34	9.98	50.7	15.2	4.63	6.02	9.78	4.69	4.76	9.29
235	286	346	311	383	442	423	317	223	245	288	201	151	237	339	273	264	316	337	277	200	234	204	200	262	181	198	218	221	196	196	244	256	197	183	193	164	133	187	255	148	132	196	179	213	189	172	136	210	162	107	129	127	149	210	280	143	162	161	179	106	121	135	97.7	117	147	189	147	121	86.4	89.2	122	152	137	113	86.4	99.4	132	136	129	113	103	73.7	54	66.4	44.4	66.6	47.8	54.7	81	77.6	48.7	42.7	25.5	58.6	62.1	68	47.1	29.5	41.7	46.1	35.1	42.4	39.9	35.1	28.7	25.2	17.9	13.6	11.4	16.9	12	35.3	22.1	8.48	13	11.3	2.02	2.15	6.4
215	251	243	288	321	311	232	268	250	184	188	152	123	150	235	204	187	235	229	260	191	181	181	189	209	150	210	244	281	215	241	191	188	133	139	178	152	153	182	248	236	149	188	156	140	123	148	147	188	164	132	143	156	186	203	214	145	161	179	159	103	125	140	98.4	131	177	201	161	167	110	111	162	179	244	180	101	112	113	130	162	142	100	87.2	56.1	56.4	54.2	59.9	88.3	105	203	96.2	62.7	117	116	40.3	31	30	27.1	27.7	42.9	102	95.3	37.8	32.3	18.2	24.2	18	24.1	15.1	13	17	14.2	19.3	24.3	7.23	10.3	3.64	4.16	2.69	7.82
383	283	248	215	244	274	229	207	172	157	149	200	146	115	120	144	219	206	221	250	180	194	186	156	157	175	149	166	263	186	201	197	173	161	171	177	166	171	260	252	195	161	191	214	166	146	146	133	140	198	214	151	146	179	168	179	168	173	177	145	117	110	156	121	135	181	208	180	159	108	153	183	181	253	168	138	169	138	170	140	151	133	116	105	64.9	84	77	94.2	123	160	110	64.1	68.8	96	56.6	46.4	17.5	14.1	44.4	79.7	138	79.3	70.2	43.8	28.3	15.9	21.5	23.9	17.1	16.2	12.6	10.6	13	16.3	4.12	7.17	3.56	4.29	2.1	6.72
306	336	280	179	206	240	276	284	217	148	164	180	145	126	133	141	146	172	153	173	161	162	205	181	171	208	168	193	209	244	209	189	183	190	184	150	174	190	213	172	256	233	192	165	148	186	131	162	187	233	366	213	175	173	191	224	209	149	189	162	127	145	200	192	206	212	223	209	123	132	233	184	231	205	153	155	159	131	188	183	94	91.3	109	97.8	102	90.7	50.5	75	96.4	159	107	64.7	52.2	47.7	46.9	56.1	28.5	16.6	54.6	131	115	72.8	82.1	63	37.7	22.7	20.4	13.1	16.1	9.88	8.95	5.11	8.83	5.86	2.99	8.34	6.27	8.8	4.61	7.81
250	257	187	175	183	249	234	277	267	199	165	211	167	154	158	166	154	153	158	234	261	216	223	252	219	181	190	169	186	221	232	174	154	154	153	131	171	209	178	153	153	161	128	113	91.1	99.6	115	144	178	255	243	143	136	93.1	116	154	139	126	89.5	131	117	150	240	267	222	254	250	204	133	124	142	152	204	213	182	189	136	160	122	168	98.5	96.8	160	136	88.2	99.8	101	107	69.6	84.9	101	75.3	67	45.6	43.6	84.6	63	58.1	40.2	36.1	43.4	45.7	71	50.9	44.8	33.4	14.2	13.7	17.3	32.1	10.1	10.8	9.52	5.34	8.91	14.1	8.22	14.7	10.1	15
186	192	130	122	153	210	256	316	299	224	188	187	178	155	185	216	140	182	147	168	196	169	200	193	173	143	109	152	191	195	260	162	134	141	160	155	172	197	185	146	149	132	111	105	106	115	122	132	163	231	240	140	148	125	111	173	159	124	70	121	153	133	207	288	209	258	244	138	116	105	147	129	241	268	164	169	157	133	164	176	143	158	193	137	71.1	102	131	137	77	73.1	92.6	71.7	67.1	45.6	35.8	64.1	73	86.5	80.8	60.1	53.1	59.2	35.1	40.2	36.5	26.5	27.2	28.9	24.5	22.6	14	15.4	8.94	11.7	15.9	24.6	13.7	9.68	19.4	17.2
131	168	158	149	178	194	243	300	308	272	221	208	226	198	158	192	191	163	124	114	132	158	171	229	252	150	93.5	126	181	167	156	127	157	149	140	126	130	151	175	153	165	172	139	111	117	113	131	158	189	173	186	170	187	196	117	150	127	143	107	125	187	211	244	306	273	221	229	169	139	112	135	146	159	190	173	194	201	185	149	154	159	210	150	74.2	124	170	109	108	86.6	118	144	155	167	75.9	36.7	65.3	62	52.2	57.5	43.7	41.5	43.8	32.5	20.3	21.4	21.3	30.2	28.4	26.2	25.2	14.9	12.1	7.48	9.68	15.5	17.7	16.1	8.52	13.4	18
113	139	148	169	150	150	167	213	251	273	257	232	232	221	186	177	184	149	120	138	175	153	145	195	231	136	94.3	125	126	126	129	131	157	159	158	142	155	153	191	167	153	154	138	129	138	149	136	157	185	161	143	172	130	121	145	197	152	137	137	188	220	223	197	249	239	219	210	188	186	197	240	231	175	255	199	220	234	183	154	178	204	222	186	112	129	106	145	113	83.7	79.2	74.3	107	114	62.7	63.8	70.1	61	64.2	57.3	37.8	50.4	36.9	35.7	29.7	26.1	21.4	41.4	17.9	19.7	35.9	14.5	10.9	15.7	6.47	10.3	16.9	16.1	9.98	6.92	8.42
125	133	168	170	135	138	136	210	299	266	267	319	313	324	287	262	146	199	175	170	236	198	213	209	168	170	126	143	153	160	127	152	161	175	184	154	187	171	211	227	162	160	166	164	167	183	129	145	137	152	137	101	90.6	102	132	184	114	112	103	149	159	188	167	210	233	304	252	264	181	174	239	271	214	239	203	192	144	147	146	212	195	209	212	144	81.4	140	171	98.6	56.3	66.6	87.8	125	116	43.6	80.9	70.9	68.1	102	70.8	81.9	59.2	35.4	41.7	22.7	23.4	28.1	27.1	14.6	20.4	15.2	16	10.9	8.8	9.95	12.6	14.8	17.3	11.6	9.69	4.24
147	160	145	170	160	161	155	189	255	253	260	311	329	302	270	316	197	209	224	215	302	255	266	223	195	205	143	150	201	198	161	149	168	201	171	157	172	179	205	251	198	175	182	171	169	174	136	159	116	137	140	96.2	84.8	89.6	108	131	174	183	106	148	185	156	177	226	198	251	260	259	248	190	220	194	196	150	166	131	157	108	123	206	240	260	189	143	123	184	367	144	84.3	131	76.5	90.3	90	59.9	50.8	77.8	103	71	70.7	107	128	64.5	56.7	26	24.6	23.1	22.9	20.1	41.7	24.3	17.6	13.3	15.1	8.29	16.6	6.73	12.3	15.8	17	9.04
126	144	172	163	242	232	203	181	173	244	249	290	288	276	241	251	168	182	237	198	276	323	285	229	173	235	212	155	194	161	148	178	165	195	167	170	165	157	213	272	198	210	234	185	157	177	177	155	140	120	163	109	113	110	133	98.8	139	160	180	199	183	205	135	171	159	185	244	241	214	220	281	197	149	185	98.4	148	119	106	93.4	155	179	173	204	269	180	133	157	133	120	154	86.3	72	60.1	76.4	67.5	80.2	66.2	54.6	101	88.2	75.7	64.1	37.7	35.7	25.7	38.9	29.3	53.5	63.2	34.7	16.2	19.5	13.4	9.41	9.43	9.94	10.1	9.97	16.7	9.12
99	139	160	165	170	171	178	206	177	200	264	312	230	249	302	234	190	176	255	210	304	334	279	290	240	227	137	149	179	134	157	171	186	157	145	154	174	197	173	212	180	174	209	247	202	172	173	176	173	136	171	133	123	116	129	111	141	131	125	181	191	224	181	127	159	170	186	277	169	204	180	191	193	291	178	162	142	185	115	111	159	222	175	187	148	132	151	206	145	124	126	95.7	71.5	60.3	74	114	61.1	77.4	73	81.1	76.8	68.5	35.9	31.8	30.7	30.9	24.9	74.9	76.2	46.6	18	19.8	11.1	10.1	25.4	17.9	12.8	13.1	12	4.27
99.6	111	123	119	129	158	174	202	187	185	256	249	282	265	218	197	213	262	261	200	217	258	224	227	213	159	168	141	133	128	150	140	117	139	135	166	156	193	173	221	237	204	178	239	283	172	190	190	249	177	189	166	133	142	136	126	192	149	136	125	136	93.7	163	163	152	145	141	243	260	211	221	260	284	309	279	210	177	160	131	104	142	215	203	125	123	91.6	130	143	131	113	114	98.9	66.4	50.6	58.3	132	58.1	51.1	76.7	112	138	84.1	39.4	51.6	46.8	34.8	46.9	53.6	46.8	32.3	17.1	15.9	16.9	14.3	37.8	28.5	7.46	8.66	9.97	4.72
116	125	111	105	140	147	173	193	160	182	213	278	299	302	170	180	208	214	243	209	201	184	194	182	180	170	183	144	155	149	124	129	127	133	136	161	173	188	172	200	215	201	197	217	243	232	234	181	175	203	243	152	216	145	144	290	240	139	92.2	100	103	109	158	122	160	118	108	200	256	241	196	217	204	185	243	189	129	123	96.4	82.4	115	205	169	102	94.4	93.3	112	97	93.6	85.6	65.4	59.1	72.1	152	69.8	153	65.7	75.3	92.6	103	77.8	85.9	66.9	52.7	47.3	34.3	64.1	40.5	31	16.9	7.43	11.8	21.5	19.5	27.3	33.5	11.8	5.77	5.38	2.83
194	173	114	105	130	139	142	140	120	122	159	224	219	242	213	186	192	173	233	211	184	157	191	159	172	164	167	146	128	148	115	121	107	106	121	150	185	196	199	215	237	268	266	290	285	273	257	211	199	182	242	141	133	144	126	219	155	126	113	78.7	70.5	119	120	114	125	143	149	173	226	174	189	178	174	195	215	191	108	125	86.2	109	115	144	122	102	86	81.8	111	129	93.1	155	107	70	67.7	62.6	124	71.7	47	81.1	75.1	126	104	94.1	50.7	72.5	62.2	23.7	30.9	27.6	32.5	20.9	11	7.26	17	17.1	33.9	22.5	16.7	23.3	11.9	1.72
149	167	161	107	99.1	139	158	132	96.3	90	120	174	227	205	206	208	167	221	262	183	176	146	148	167	206	221	179	124	92	90.7	98.4	90.6	81.9	98	116	126	157	210	236	250	249	266	253	342	350	387	275	184	180	168	207	99.5	98.2	118	139	159	158	148	129	92.7	94	108	119	112	120	149	157	194	256	208	248	200	197	201	178	153	148	158	142	134	137	149	162	201	148	107	95.8	91.9	73.3	69.3	87.5	82.7	89.2	128	67.5	79.7	63.5	59.4	71.7	96.6	89	95.6	51.7	47.5	32.8	26	34.7	38.4	46.8	50.3	12.2	8.72	16.6	17.1	45.3	45	26.7	39.6	15.7	2.41
117	141	154	122	106	162	176	175	174	160	157	149	192	179	184	203	227	242	280	183	143	150	144	146	149	145	152	128	99.7	82.9	95.6	102	96.7	89.8	111	122	123	146	179	217	238	247	241	267	313	329	242	178	153	184	214	153	146	179	199	185	136	186	194	129	85.7	115	168	278	212	150	178	213	191	207	250	237	244	233	200	177	195	149	154	158	181	120	129	154	202	211	205	99.2	82.8	51.5	67.2	81.8	63.3	139	64.1	54.3	54.6	67.4	51	106	108	66.4	57.8	95.8	77	57.9	106	58	39.4	27.3	11.7	8.23	12.1	23.2	29.5	22	22.3	16.7	9.27	6.29
128	118	152	105	96.2	183	176	175	186	200	182	177	170	177	180	184	190	224	243	195	142	145	158	152	156	139	145	113	93.9	77.5	86.3	91.6	82.5	89.5	131	122	119	143	173	210	215	252	238	241	255	259	204	164	155	142	155	144	135	167	243	204	168	185	273	236	149	214	199	280	233	248	178	190	166	155	221	254	307	242	188	164	190	201	234	201	198	133	110	185	137	201	173	115	99.4	60.1	78.8	77.2	52.1	46.2	33.4	36.4	40.3	44	48.4	145	184	48.1	85.4	87.2	91.9	92	91.9	44.9	35.7	16.8	14.4	21.6	21.5	25.4	26.3	15.5	9.13	8.04	4.45	6.52
113	104	119	108	102	115	135	161	183	195	205	225	198	201	170	214	161	256	272	177	145	142	169	186	186	154	123	102	88.7	75.7	137	113	91.2	93	99.8	112	113	131	168	192	208	227	195	185	207	206	187	185	228	212	156	114	125	174	218	228	190	200	273	243	220	251	174	235	115	116	157	194	159	137	220	285	260	209	146	158	161	150	151	133	143	119	115	342	277	96.8	100	74.5	43.6	62.4	46.8	55.8	30.5	20.7	29.8	54.1	52.2	52.5	59.1	96.2	86.3	57.1	56.6	56.8	49.1	113	53	50.7	37.9	21.7	19.1	25.4	26.5	27.7	26	13.5	10.9	9.41	4.11	6.73
111	102	94.1	122	112	116	142	142	171	192	203	224	195	177	130	168	181	226	202	187	166	155	127	154	183	158	118	113	100	70.1	94	104	88	84.5	103	133	117	124	156	208	172	227	173	183	174	183	208	223	287	293	173	91.8	85.4	143	152	167	151	155	166	164	234	286	203	155	216	250	159	141	149	181	205	217	213	164	159	139	137	134	108	146	133	129	89.9	132	141	125	99.9	59.9	62.6	65	57.6	48.8	48.7	68.3	49.1	54.4	34.5	49.6	42.2	54.1	77.1	72.9	80.6	71.4	45.7	53.9	93.5	45	35	20.8	16.8	32.7	26.9	24.5	21.2	12	9.87	9.51	7.11	9.84
126	141	126	95.2	108	113	152	161	181	191	194	199	187	149	106	131	145	153	166	159	163	144	120	173	127	144	103	109	96.3	77.4	102	166	162	115	98.7	124	139	123	119	181	189	179	168	157	227	224	187	197	268	219	146	133	97.6	106	129	223	212	217	290	169	174	243	169	156	169	134	161	128	146	180	182	168	165	146	151	114	126	152	118	159	145	79.7	97	121	201	200	81.7	45.5	37.8	62.2	46	62.8	88.2	71.1	54.8	55.3	42.9	43.9	44.1	46.3	70.2	96.9	86.5	60.1	24.6	34.8	71.5	34.8	22.5	21.9	18.6	26.3	26.1	22.4	24.5	30.2	13.7	17	15.1	23.9
138	165	128	96.9	107	103	108	113	171	196	196	209	208	199	172	151	125	114	152	130	113	134	140	122	114	111	86.4	108	99.5	82.3	133	185	162	101	86.5	84.6	81.8	84.6	86.4	128	146	140	136	170	226	223	201	199	252	248	205	211	137	98.4	109	177	173	222	175	140	161	275	183	149	163	170	153	134	134	147	204	200	157	120	151	170	213	217	130	150	90.2	72	113	151	83.1	128	88.3	43.6	42.5	34.2	42.7	41	38.6	25.8	39.3	59.4	51.1	56.8	58.5	58.5	66.9	79.6	42.5	30.5	23	49.6	81.9	45.1	23.4	21.1	18.7	24.9	25.5	24.2	21.3	24.9	18.2	18.9	22	35.6
160	184	180	154	125	105	95.3	88.2	98.6	135	198	206	207	245	197	178	137	152	142	118	96.4	137	137	111	119	94.2	126	90.3	83	78.5	118	182	132	149	79.9	82.8	73.2	70.8	97.6	136	162	135	136	157	176	229	190	233	240	267	281	234	170	126	145	203	159	169	168	171	135	186	152	116	124	156	200	131	160	144	137	155	134	165	166	165	206	132	115	94.5	104	108	86.8	62.8	119	67.3	117	52.2	128	96	24.9	25.2	35.7	34.1	33.1	48.4	42.7	59.6	108	73.9	96.8	54.9	26	17.9	20.3	59.1	30.6	27.2	23.7	15.4	14.1	19.1	18.6	22.9	29.4	23.2	22.2	21.2	21	22.1
146	149	163	199	227	176	106	107	93.2	108	164	200	212	210	170	140	151	169	147	103	106	113	114	114	125	97.3	102	91.4	66.3	80.7	118	138	109	105	112	119	89	86.3	85.4	143	161	156	225	238	214	233	206	244	192	197	220	228	152	199	136	127	167	209	119	134	175	146	169	129	130	196	160	190	195	143	125	128	128	141	205	169	98.9	120	170	147	125	106	70.3	70.8	53.3	46.8	54.5	67.7	64.3	138	107	32	24.7	27.3	24.5	44.6	34.2	46.9	38.7	53.7	45.1	53	43.7	22.6	17.6	22	49.3	28.2	19.4	16.9	16	17.7	18.9	20.9	19.6	26	22.8	14	25.1	22.2
119	124	178	249	284	250	133	128	201	190	238	178	157	178	140	108	118	149	168	143	154	185	186	237	252	168	152	87	82	151	173	119	98.3	88.6	119	143	106	97.3	97.3	159	151	137	182	189	175	193	207	246	264	312	380	358	280	205	164	224	207	173	174	112	160	193	185	212	167	173	160	220	165	157	136	131	136	143	194	168	114	130	133	118	113	129	76.7	75.5	83	50	67.5	119	199	52.7	39.1	31.8	27.2	22.7	25.9	42.8	41.7	44.5	34.9	41.1	39.2	34.7	33.5	38.8	26.6	56.3	44.9	42.2	22.5	17.1	17.9	19	17	22.7	21.3	22.1	19.4	16.2	17.1	12.1
99.5	108	137	217	198	141	120	174	257	268	234	161	174	187	158	130	139	180	226	195	205	198	176	220	184	192	138	112	60.5	75.6	100	109	149	94.1	93.3	122	124	91.6	105	141	153	131	156	195	121	152	244	312	311	345	423	393	232	254	213	196	193	152	193	156	162	212	253	329	215	167	142	153	180	182	179	120	154	195	199	131	145	113	123	149	119	102	74.7	59.5	63.2	48.4	52	63	61.3	52	47.3	20.9	19.3	20.9	23	35.4	37.6	35	22.4	29.1	30	42.2	41.6	48.5	44.8	128	84.3	46.5	37.2	30	21.7	17.5	18.4	19.3	17.2	16.3	17.4	19.6	23.6	14.1
104	111	110	145	94.8	83.7	74.8	145	236	325	412	259	132	170	162	164	161	201	227	188	165	174	148	230	210	232	142	153	98.1	83.3	86.2	107	114	80.8	92.7	118	113	95.3	97.8	109	138	158	156	159	155	179	218	309	390	334	346	322	206	224	191	187	189	215	216	164	180	185	242	247	160	167	151	125	179	147	150	132	173	182	166	147	130	102	112	80.7	107	80.5	57.9	64.7	67.9	59.9	46.2	51.1	44.2	49.2	41.6	42.7	38.9	30.8	33.2	36	32.7	30.2	27.7	25	35	43.5	43.7	74.2	43.4	99.9	74.2	36	48.2	36.6	21.2	16.5	15.9	18	15.3	16.1	15.9	21.5	27.9	16.9
86.4	107	98.5	77.3	56.5	58.9	62.1	100	168	323	438	309	208	213	221	165	159	204	230	224	168	150	120	161	225	182	197	140	113	113	82.5	92	115	80.9	90.1	109	103	99.5	91.4	130	142	159	151	174	167	140	147	186	331	316	263	268	157	217	176	171	247	273	218	165	141	150	145	195	177	158	157	95.9	137	144	171	124	177	178	146	129	120	112	93.7	84.2	85.4	106	81.2	75.4	85.9	72.9	51	59.4	50	69.4	58.9	39.3	40.7	106	47.1	46.2	41	41	32.9	37.9	44.5	41.8	41.4	98.5	98.9	61.1	53.8	41.5	37.1	29.7	24.4	20.8	24	23.3	18.4	19.6	24.4	20.9	19.8	16.5
58.2	71.1	73.9	70.9	47.9	47.9	35	33.3	93.8	286	394	410	331	282	277	196	194	229	188	220	149	118	116	190	158	148	164	158	167	146	142	110	149	116	129	101	97.5	92.9	93.9	134	148	114	129	171	173	153	164	196	242	255	210	208	185	168	189	235	206	309	220	166	153	186	145	179	190	161	139	94.8	110	128	139	151	165	163	144	108	98.1	96.3	66	59.2	105	154	124	86.5	78.5	71.7	60.7	90.2	51.6	78.4	43.1	39.8	51.3	73.8	87.3	130	78.6	38	53.5	29.8	45.7	81.5	69	134	97	63.6	73.5	25.7	30.5	31.2	27.4	25.4	27.4	29.1	24.3	19.8	18.1	17.8	27.8	15.6
45.1	42.7	43.1	65.9	59.7	34.7	29.4	24.8	24.9	60.5	170	214	319	348	321	268	206	209	165	160	122	102	132	166	137	130	126	141	146	160	167	141	121	145	183	149	118	121	109	106	106	93.9	93.3	168	149	157	153	233	237	230	262	249	207	204	202	231	182	174	207	175	198	219	114	123	138	150	119	106	141	145	170	134	156	146	132	100	117	121	93.2	62.6	109	133	113	98.7	86.6	92.7	85.8	94	44.2	38.6	39.1	40	59.7	70.9	78.3	142	76.1	42.3	29.3	35.8	80.3	72.1	78.3	150	84.1	24.1	58.8	40	33.8	29	34	22.3	32	30.9	31.8	22	15.4	15.7	22.9	15.1
47.7	35.6	31.6	29.8	29.4	27.4	36.5	27.8	32.6	50.9	72	104	111	154	209	298	271	259	253	228	150	114	116	150	116	122	131	133	164	194	175	174	173	179	238	168	147	170	126	121	130	100	116	160	184	139	150	200	181	183	188	205	200	195	253	218	196	143	154	133	173	188	108	143	146	133	117	124	138	128	134	117	154	153	156	99.1	106	93.3	118	95.9	90.4	102	109	106	84.7	83	83	85.8	48.9	41.6	38.2	41.6	76.1	91	77.5	110	120	69.8	29.7	35.9	110	76.7	53.2	82.2	84.9	37.1	40	43.2	35.9	23.6	27.2	22.8	23.8	18.7	22	16.5	11.7	11	21	18.2
43	45	40.1	30.3	28.8	32.3	41.4	27.7	26.2	39.1	57.8	76.3	72.9	58.8	78.3	134	259	241	254	288	200	152	88.3	113	106	125	139	145	171	206	200	203	206	178	185	185	201	176	178	142	120	123	137	228	173	173	178	185	193	159	151	212	256	185	196	211	218	213	266	214	150	172	130	187	134	125	107	117	118	129	138	133	185	171	127	95.1	89.6	78.8	109	106	84	80.4	106	88.8	69.3	64.6	87.2	60.3	50.5	38.8	42.2	47.6	71.4	108	115	199	126	86.3	37.8	81.1	105	84.1	73.5	37	49.9	66.2	62.2	30.2	39.7	26.8	26.6	27.1	19.7	16.3	16	18.3	13.8	16.8	20.1	18.4
18.8	27.8	29.6	24.6	18.1	31.5	34	49.5	37.6	22.5	32.4	48.9	54.5	56.1	60.4	76	106	117	131	169	168	173	126	150	137	135	152	150	154	165	174	201	221	204	192	226	256	264	232	217	153	142	153	180	170	175	172	169	143	165	142	213	204	158	211	163	220	223	148	173	157	144	109	185	157	140	105	99.7	116	131	156	195	264	239	145	105	108	109	110	127	110	96.3	101	96.1	81.4	77.4	107	81	76	52.2	53.9	75.1	62.1	106	132	105	58.2	56.2	55.1	57	34.2	35.8	37.4	42.6	25.1	49	27.5	22.3	20.6	24.3	25.1	20.1	21.3	23.8	15.8	12.2	11.5	17.9	19.6	17
17.3	17.4	21.1	24.3	20.5	20.7	29.4	46.9	29.1	38	41.4	36.1	40.5	47.7	57.8	62.7	66	90	112	125	81.4	79.1	85.1	126	123	142	140	168	171	174	173	201	238	218	188	191	200	272	221	200	238	180	122	123	109	162	186	181	171	207	148	167	206	145	127	127	108	186	138	119	121	128	133	135	183	151	117	150	119	116	155	178	202	178	153	115	124	137	132	124	81.1	90.1	79.2	75.3	69.1	66.5	57	58.1	62.9	63.8	73.3	68.9	64.5	65.9	78.9	90.1	72.4	53.8	51.6	50.1	46	28.1	70.2	43.6	24.9	23.7	17.4	19.4	27.1	37.8	31.9	26	29.4	21.6	20.6	9.69	8.48	10.9	18.8	17.6
16.3	16.4	17	17.5	20.1	22.4	24.8	51.9	33.6	41	43	35.7	38.7	43.6	43.1	64.8	57.8	67.7	91.9	105	108	77.1	88.2	131	151	180	155	179	171	173	183	212	208	245	222	201	223	216	225	233	231	184	134	110	103	132	146	165	166	176	124	112	137	132	122	163	129	119	82.9	93.6	122	175	167	143	171	144	110	136	133	126	154	126	145	153	143	129	135	155	131	128	86.4	106	106	106	73.3	60.2	44.2	54.4	50.2	66.8	58	64.9	55.4	66	58.6	63.8	57.6	64.9	52	40.2	44.7	45	43.3	36.7	20.5	28	30.8	16	20.5	31.4	30.7	21.3	27	24.8	14.1	8.9	7.35	14.7	17.9	14.5
10.8	13.6	19.7	17.3	15.8	15	17.5	22.2	19.8	27.5	46.9	47	53.6	54.1	34.5	43.2	54	56.7	78.2	81	132	92.4	89.6	107	126	143	149	156	171	175	176	197	178	206	232	268	210	242	192	206	216	243	165	94.8	102	113	142	168	138	134	81.2	69.6	83.5	112	174	162	155	106	66.7	69	107	123	139	165	185	147	117	111	124	120	147	113	122	151	145	118	137	136	125	107	100	140	114	106	82.9	53.5	44.7	56.2	61.9	65.3	53.2	66.3	73.6	64.5	56.3	81	71.5	56.5	58.8	52.5	55.2	51.3	33.9	35.1	16.8	21.8	18.6	16.1	16.1	19.8	20.1	14.4	13.1	21.7	10.8	7.52	6.21	8.04	10.1	15.1
7.74	10.3	13.6	9.87	7.98	7.26	10.9	12.6	14.4	22.8	27.2	29	38.9	40.1	37.8	34.2	42.2	46.2	55.6	74.7	150	161	163	139	133	188	148	145	143	137	158	195	163	159	169	205	201	211	219	205	200	214	205	158	131	130	139	135	130	126	114	80.4	77	78	130	149	130	131	109	83.7	101	108	105	105	101	108	130	116	97.5	96.3	97.8	112	123	118	141	160	127	149	153	136	149	171	143	125	105	90	76.3	61.6	90.9	66.8	67.1	61.5	66.5	70	74.3	68.3	74.1	79.2	54.2	37.7	45.7	37.8	30.2	19.2	14.2	15.1	14	12.7	17	13.7	11	8.7	13.3	21.3	10.4	6.92	7.09	7.49	8.54	11.9
9.35	7.73	5.26	11.9	15.4	5.88	7.73	8.86	13.2	12.6	23.6	29.9	37.4	37.9	45.4	32.5	36.2	36.4	41.1	46.9	106	148	165	167	138	246	190	167	159	144	178	199	189	180	171	174	189	191	215	182	178	240	264	211	172	174	154	138	124	128	114	84	77.5	81.1	113	189	143	109	107	93.4	122	103	99.4	88.4	111	98.1	119	140	108	89.6	95	132	158	150	142	182	222	173	165	153	135	129	120	120	119	96.7	76	70	79.5	104	64.2	65.3	73	77.2	109	72	65.4	60.3	66	62.3	50.5	42.9	31.3	29.3	21.7	17.4	10.2	19.2	25.3	17.4	8.85	11	18.7	18.6	27.6	13.8	19.2	20.7	8.53	13.5
5.03	4.31	3.74	6.07	17.9	4.35	4.72	7.31	7.08	10.2	16.2	21.7	25.1	26.6	36.4	36.6	33.5	32.3	33.8	32.3	78.5	139	142	180	155	127	159	261	233	177	163	183	193	191	193	212	173	198	246	208	172	177	208	181	173	171	198	153	137	131	108	125	93.9	90.6	103	123	130	93.9	82.7	85.6	112	102	94	101	83.6	96.2	98.9	99.8	105	101	99.3	126	159	181	178	176	154	129	129	162	123	98.1	123	96.4	126	119	102	92.7	101	129	148	129	115	101	131	99.8	69.1	51.4	65.2	72.7	45.9	37.7	36.8	44.4	24.3	22.1	12.5	24.4	41.5	18.3	6.51	11.2	20.1	26	38.8	27.8	17.4	12.5	8.56	17.5
5.21	3.26	2.9	3.8	3.06	3.07	4.78	5.22	5.36	7.48	17.3	28.9	18.1	21.9	27.7	29.4	24.9	30.2	33.6	33.7	91.8	111	139	223	214	135	123	174	257	298	212	197	190	167	161	187	190	185	173	190	179	182	164	162	172	181	194	167	128	119	105	99.8	105	100	114	191	148	132	112	87.7	115	98.1	75.8	87.5	73.8	84.1	110	166	198	131	122	143	140	153	176	160	158	144	154	142	119	114	103	109	103	128	112	113	122	140	133	112	111	108	134	94.5	75.3	60.6	50	57.2	44.5	59.9	41.8	22.9	16.1	12.5	15.3	10.3	18.4	16.1	8.56	14.5	21	21.5	18.9	29.4	21.3	18.9	12.6	19.1
1.87	2.74	2.11	0.872	0.512	0.49	0.651	1.35	1.75	2.27	3.66	8.9	8.51	10.1	13.6	15	16.6	24.9	20.1	37.9	44.2	70.8	80.4	152	202	122	112	108	133	203	184	212	167	130	133	187	195	177	150	174	184	174	153	155	177	182	164	157	144	133	102	98.4	104	123	152	243	189	232	176	125	136	122	96.5	67.1	79.5	102	178	200	181	136	123	168	163	149	202	132	144	143	176	129	120	115	104	99.9	110	125	132	112	132	130	106	105	124	113	110	104	78.8	68.6	67.7	86.6	78.2	51.4	49.2	32.7	27	12.2	8.65	8.73	10.5	14.7	16.7	12.6	24.6	23.3	18.8	28.6	33.1	36.7	36.1	23.1
0.489	0.35	0.622	1.75	0.66	0.211	0.274	0.667	0.977	1.64	3.33	6.87	9.62	11.4	15.3	21.7	16.8	19.5	20.7	38.1	41	52.2	63.4	94.5	92.3	95.3	86.5	87.3	112	159	230	332	245	149	127	191	196	181	220	184	170	149	134	138	128	152	132	129	145	156	112	121	118	118	134	188	128	151	174	115	105	154	172	88	69.3	81	149	230	149	106	122	162	230	208	177	132	118	125	144	118	129	133	125	109	100	122	134	136	127	138	134	102	111	122	123	89.3	77.3	72.8	74.4	70.9	72.9	58.9	49.2	29.1	19.4	12.7	9.63	10.3	9.14	13.6	15.1	10.1	9.5	10.7	10.9	19.7	28.6	33.3	40	29.3
0.226	0.109	0.0881	0.0773	0.0907	0.135	0.955	0.753	0.356	0.883	2.61	18	15.8	11.6	16.4	15.6	15.2	12.9	14.9	42.4	40.8	44.8	63.3	89	63.9	69.8	64.6	57.4	71.3	108	202	361	289	217	176	215	245	270	219	189	184	165	134	128	131	111	99.2	109	115	115	124	128	130	122	151	169	158	133	183	167	162	173	160	105	62.8	61.2	97.4	147	144	123	160	178	188	182	169	196	158	143	126	99	113	134	187	147	122	122	116	143	163	126	142	124	120	124	134	99.4	75.8	91.3	94.6	65.4	68.4	73.5	56	39.3	21	17.1	13.8	9.92	9.4	7.06	8.74	9.72	10.6	11.9	12.8	21.2	23.3	30	41.7	86.8
0.176	0.078	0.0628	0.0789	0.0376	0.0433	0.181	3.21	0.692	0.893	1.26	3.95	12.8	7.89	8.37	13.5	10.7	14.1	21.2	33	44.9	45.9	42.2	43.2	43.3	108	55.2	34.4	34.4	52	103	212	287	316	254	275	324	344	200	199	181	183	153	143	130	95.2	101	119	113	106	156	125	96.7	123	138	202	187	180	121	156	168	170	141	83.3	65.3	56.7	79.9	73.5	92.1	156	178	144	142	158	162	215	196	163	121	103	116	147	164	130	146	150	147	119	148	122	165	125	108	114	125	88	81.8	86.1	84.6	57.6	68	70.1	59.7	36.4	22.3	25	23.1	18	8.98	6.79	7.04	8.63	12.7	13.2	19.3	51.3	26.7	30.6	41.7	50.5
0	0	0	0	0	0	0.279	0.135	0.199	4.13	3.26	0.45	0.664	0.883	1.98	4.83	6.28	7.38	19.3	26.8	29.2	40.3	34.4	41	42.9	49.9	38.5	34.6	28.4	26.7	42.6	142	258	352	345	461	351	327	244	221	236	228	217	175	162	137	126	113	112	98.1	106	78.6	97.8	122	106	152	209	211	137	121	98.7	54.5	59.1	50.4	35.6	27.2	59.4	55.1	60.3	77.5	55	115	159	191	178	201	166	137	125	126	128	143	140	160	147	118	124	117	138	100	123	118	135	123	126	96.1	82.7	92.4	108	93.5	81.4	78.5	53.1	43.4	34.6	31.8	45.7	26.5	13	8.74	6.39	14.4	11	16.7	35.1	27.9	25.2	27.7	29.4	41.4
0	0	0	0	0.508	0	0	0	0.0371	0.63	5.72	0.208	0.211	0.296	0.453	6.95	3.87	3.96	9.66	34.1	28.6	29.6	27.7	31.4	33.1	32.6	34.4	29.1	25.2	19.4	21.4	57.8	182	324	487	585	371	308	253	265	260	246	241	199	187	181	142	123	97.1	109	93.1	70.5	91.9	131	97.5	105	148	192	196	134	159	56.1	73.9	125	51.2	42.5	90	70.5	59.7	47.6	47.6	124	145	175	249	205	160	124	131	124	143	138	98.7	114	113	104	128	167	130	133	156	125	124	123	119	103	108	93	80.2	91.9	85.5	84.1	80.3	50.7	57.4	49.1	60.7	28.7	17.8	11.7	7.53	6.98	7.49	11.5	18.2	27.6	25.1	30.8	31.7	32.1
0	0	0	0	0	0	0.169	0.137	0	0	0.77	5.78	0.022	0.0764	0.129	6.42	2.15	2.25	6.21	26.9	28.7	26.8	27.2	29.1	30	28.7	29.1	23	18.7	24.2	23.2	33.7	63.9	136	307	502	436	347	306	318	347	319	368	253	270	247	165	118	101	86.1	78.3	61.9	69.3	96.4	87.3	73.7	98.8	140	182	132	109	84.8	92.6	230	175	87.1	55.8	47.4	58.3	39.7	41	127	155	155	229	221	141	121	123	212	188	192	116	126	101	121	132	142	132	140	140	138	126	120	120	124	123	101	109	92	82.9	102	105	105	81.7	58.7	46.8	24.4	19.7	18.5	13.3	26.5	25.9	22.5	38.2	25.7	21.5	26.9	29.5	42.8
0	0	0	0	0	0.338	2.34	0.0241	0.139	0.167	0.193	0.0698	0.0161	0.0975	0.114	0.96	3.76	4.55	3.85	12.8	17.9	21.3	21.1	27.7	30.5	27.8	25.4	17.6	18.8	26.9	33.8	32.2	60.8	82.1	126	251	263	280	312	433	472	449	418	333	343	260	165	107	94.5	75	72.6	83.1	64.1	75.7	71.6	87.1	138	138	108	104	181	193	186	232	214	89.4	57.1	35.3	53.5	49.4	56.5	139	155	151	142	140	131	127	146	143	203	192	132	126	81.4	79.6	109	135	145	155	179	141	110	109	123	118	126	97.6	105	98.9	104	101	147	127	77.9	61.8	45.4	22.6	16.7	12.1	11.8	15.4	15.8	30.1	23	28.9	28.1	30.4	33.5	70.7
