124	163	208	253	232	300	294	207	222	268	272	231	230	225	204	221	257	299	260	294	248	365	312	247	307	343	255	202	233	271	208	147	182	159	200	212	219	208	256	306	296	393	423	306	318	259	248	236	289	185	136	154	154	137	145	146	168	156	170	169	178	177	186	199	184	179	196	195	178	161	161	174	147	161	131	121	141	111	106	122	145	95.9	104	83.8	49.9	57.5	37.6	11.9	9.33	7.83	4.17	16.7	12.3	8.46	16.2	25	16.4	8.85	11.2	7.05	15.8	10.8	29.1	30.9	27.6	8.94	0.51	4.08	9.72	13.9	16.8	28.3	39.9	38.5	20.6	20.3	20.9	22.1	32.7	31.7
172	232	267	209	209	295	267	218	237	300	237	219	250	221	212	219	234	284	287	235	206	258	230	272	310	305	247	221	229	197	194	183	265	230	230	245	250	245	222	229	247	327	320	220	227	215	221	305	263	151	120	114	131	125	121	128	140	124	108	108	115	143	126	109	119	130	182	197	179	151	167	187	158	160	130	159	142	93.8	96.3	98.4	103	113	113	109	103	79.2	57.9	53.1	45.4	34	36.2	14	10.2	8.7	7.74	12.4	4.68	13.8	7.86	4.89	9.09	15.4	21.1	13	17.9	15.1	12.1	10.9	11.5	12	23.4	25.3	33.7	31.9	22.1	23.1	19.7	37.1	38	78.9
203	263	276	204	236	271	275	269	266	300	291	276	288	248	207	208	241	316	301	207	173	176	208	210	224	210	198	182	180	213	248	293	291	229	248	186	173	206	201	227	251	232	211	182	189	200	141	167	137	87.5	126	118	158	127	114	105	122	108	94.1	95.2	110	132	105	91.7	113	135	119	158	134	135	123	126	122	135	126	108	101	93.1	101	108	124	136	125	117	109	75.6	61.4	66.3	38.4	31.5	32	12.3	13	11.3	7.77	5.67	16.2	12	9.84	31.3	4.08	8.28	8.76	1.95	5.46	8.73	16.2	18.1	18.8	13.4	7.98	11.2	17.6	22.7	31.1	34.1	23.8	26.1	33.6	26.2
251	240	255	231	262	321	378	309	250	291	350	329	292	227	236	298	240	271	281	219	200	207	219	199	189	192	193	155	154	213	281	327	270	247	226	217	197	153	159	161	161	147	136	139	140	115	91.3	114	120	119	153	130	144	124	123	112	74.2	124	118	116	106	99.7	90.7	99.7	109	118	91.8	117	121	97.5	89.4	98.2	102	119	103	87.6	90.2	99.6	120	120	105	118	116	85.1	87.7	74.2	65.8	55.8	35.3	30.6	28.2	9.48	7.11	4.62	4.95	4.5	2.88	4.86	3.78	0	1.74	4.5	0.03	0.66	0	0.33	9.75	14.1	10.9	10.5	7.11	11.8	11.2	9	21.4	22.4	25.1	17.2	14.4	17.2
251	241	256	260	315	306	308	263	254	258	267	280	295	237	237	359	332	303	249	251	245	244	214	209	284	258	225	216	172	234	281	300	265	192	170	149	163	145	94.3	81.9	65.9	79.6	78.9	91.1	101	88.7	72.8	99.4	90.7	91.7	113	168	199	162	107	76	76.7	95.3	79.9	111	91.4	81.8	96.1	103	94.4	82.7	68.9	91	92.1	82.8	73.6	90.3	96.4	91.9	83.3	77.8	76.9	93.2	104	102	85.5	92.1	105	98.4	74.4	77.2	78.6	61.9	33.9	29	25.4	9.93	14.8	8.73	4.8	2.67	1.53	2.7	0	0	0	3.03	1.92	0	0.03	5.43	4.89	4.5	4.5	0.18	2.28	2.31	2.73	7.29	6.33	16.8	16.5	13.7	14.4	7.32
311	324	345	322	335	312	320	300	287	272	245	239	234	221	242	311	378	304	274	283	296	311	230	198	244	236	188	187	195	244	275	233	194	150	115	177	105	92	67.7	51.8	62.9	103	70.5	83.9	85.8	76.2	62.2	88.4	92.7	97.3	122	194	135	130	94.5	90.4	96.3	82.8	81	88.2	98.1	118	88.2	77.4	80.2	114	55.7	88.7	50.4	50.3	46.8	74.4	79.9	74.7	87.7	75.1	78.4	113	103	84.4	78	80.8	112	123	73.8	72.6	67.8	54.3	31.2	23.6	25.8	6.12	0.96	2.31	1.2	2.13	12	7.32	0.84	0.03	1.71	4.38	4.74	0.24	0.6	3.36	0	0.6	4.8	3.69	3.33	1.83	3.39	1.29	7.05	7.53	16.8	7.92	11.2	0
284	323	378	303	269	274	291	313	378	267	270	240	213	233	258	302	292	298	256	325	360	265	230	227	213	204	210	198	239	262	213	139	168	144	81.6	94.1	95.3	72.9	76.3	79.9	85.5	99	82.4	165	172	103	90.3	95.9	88.3	114	140	167	125	122	114	115	99.3	94.8	87.7	123	120	101	81	70.7	73.9	75.1	68.2	83.2	51.1	56.8	55.5	73.2	73.4	86.9	67.3	56.8	61.9	75.2	55.8	57.9	66.3	76.7	94.2	125	68	65.5	69.4	54	30	23.2	21	29.2	0	0.33	0	3.51	6.54	0.93	4.62	0.33	0	0	0.3	0.6	0.03	0	0	0.18	5.64	7.02	6.18	2.07	0.69	3.51	2.67	3.42	4.32	4.56	4.53	4.35
279	386	369	291	289	321	357	324	321	258	251	215	236	237	259	256	269	281	283	289	247	227	201	270	289	255	258	263	244	215	176	161	198	149	130	117	89.7	76.3	61.8	109	86.5	105	103	170	158	116	100	108	97.1	114	143	170	117	102	107	134	132	136	122	114	112	93.3	99.3	75.6	70.2	75.2	92.5	76.2	65.2	52.7	44.5	73.8	72.6	82.4	72.4	63.1	75.8	71.6	56.2	58	66.8	63.3	73	109	76	54	41.1	29.5	21.5	22.7	17.1	13.5	2.43	0	0	0	0	0	0	0	0	0	3.36	0.33	0	0.36	0.36	1.71	6.09	4.92	0.84	0.78	4.41	8.97	0.09	0.54	4.98	3.78	8.58	4.62
274	332	337	310	348	287	377	291	287	243	244	227	235	225	260	255	266	266	224	173	167	192	186	222	319	266	211	208	234	226	244	182	181	183	154	120	104	98.7	91.2	94.6	102	114	129	158	154	134	95.4	129	140	125	141	179	132	120	135	121	131	139	144	138	132	89	131	90.2	90.6	96.4	127	67.2	34.5	34.9	34.6	51.7	74.7	92.5	73.3	66.8	66.3	76.9	66.7	69.1	51.1	43.2	50.6	95.5	81.3	56.3	35.1	38.4	24.7	14.1	13.8	1.88	0.0935	2.64	0	0	0.03	0	0	0	0	0	0.24	0.87	2.1	0	0	1.29	1.95	0	0.42	2.61	0.27	0	0.15	5.04	6.09	8.82	8.58	4.89
247	346	309	248	382	297	283	221	172	168	219	227	230	242	228	234	251	229	227	239	202	169	188	194	255	281	233	191	219	270	258	234	171	196	188	155	163	144	97.9	84.2	91.2	101	105	165	173	132	94.3	133	144	148	169	146	112	122	115	101	84.4	88.8	95	91	121	79.5	72.4	70.3	92.5	101	90	59.7	29.5	34.2	45	93.4	109	93.5	73.3	76.5	73	115	119	45.8	48.5	48.7	62.3	96.6	64.3	36	32.4	41.9	40.3	15	10.5	9.4	9.02	8.19	8.09	0	0	0	0	3.69	3.48	1.29	0.15	1.29	0.15	0.12	0.18	0.18	0.21	0.09	0.51	5.49	5.28	0.03	1.68	2.22	6.12	4.77	7.53	4.32
301	327	266	245	282	297	307	306	261	175	216	222	168	186	306	230	234	249	280	289	205	200	180	158	160	256	242	202	254	255	267	187	128	170	172	209	212	202	143	105	85	84.5	76.7	143	137	103	105	134	137	158	158	129	118	117	116	91.3	73	78.8	85.5	98.3	94.2	79.3	86.2	50.7	61.9	84	74.8	60.6	45.7	32.6	52.7	70.8	62.7	67.1	67.9	75.8	74	86.7	126	83.2	68.1	57.8	108	110	84.3	67.1	44.3	42.1	29.4	13.6	11.4	9.64	8.51	8.45	8.15	0	0	0	0	0	0.39	0.03	0	0.21	0.15	0.15	0.33	0.54	0.12	0.18	0.18	0	0	0.48	5.13	2.88	0.66	0.03	3.84	9.09
260	286	271	229	260	251	246	343	300	193	218	191	146	207	309	252	228	208	177	256	197	209	203	239	187	264	233	193	223	272	203	139	130	141	163	212	238	196	195	133	74.9	84.2	65.5	93.3	126	123	109	149	153	216	180	159	150	151	137	103	85.1	94.1	91.7	93.5	118	108	106	130	127	131	79.8	78.1	58.8	56	61.4	55	49.6	58.5	57	70.4	66.8	73.6	78.3	70.3	59.9	74.2	117	146	137	104	85.6	45.4	15.9	9.86	15.4	13.7	7.97	7.38	6.79	0	3.06	0	3.51	0.33	0.15	0.57	0.15	0.69	0.39	0.39	0.69	0.6	0	0.18	0	0.09	2.88	2.55	0.51	0	0.27	10.1	10.5	9.66
257	279	300	262	208	233	238	251	240	197	183	158	145	195	244	345	255	204	142	178	192	185	215	235	172	233	250	209	168	140	129	115	176	172	176	194	170	139	118	118	104	103	140	125	113	128	122	148	157	180	190	155	152	142	136	117	104	105	115	84.8	70.3	93	119	135	120	120	89	58.8	54.1	59.2	62.7	49.3	50.1	65.2	89.1	77.1	60.6	68	64.4	36.2	35.1	69.6	93.2	120	109	92.5	65.7	33.8	26.7	24.3	21.7	9.71	6.87	8.86	5.97	0.36	5.7	0.24	1.44	0.99	2.76	0.45	0.15	0.45	0.39	0.21	0.75	0.51	0.18	0.51	0.57	6.36	5.79	0.63	0	3.93	4.41	3.99	0.24	0.21
226	273	302	199	189	188	202	197	179	213	236	237	243	233	271	304	280	234	189	194	239	246	306	324	215	300	269	154	165	157	182	193	174	143	171	146	118	96.1	118	110	121	114	127	146	128	146	181	186	164	158	161	166	136	141	150	131	127	126	102	67.6	64.4	104	121	137	125	123	81.4	72.1	84.8	63.6	55.9	48.2	38.7	46.1	48	71.5	62.8	65.8	70.6	38.5	78	105	125	117	97.4	81.3	50.5	29.9	31.3	18.7	10.7	6.71	11	4.97	8.64	6.16	3.87	2.79	5.86	5.61	0.06	0.15	0	0	0	0.09	0.12	0.18	0	0	0	4.23	14.3	2.31	1.23	0.21	0.18	0	0.15	0.24
219	305	292	246	174	174	223	234	211	258	315	333	212	221	224	220	324	261	228	259	305	309	256	209	198	370	214	182	156	165	224	198	141	144	129	125	85.7	81.5	123	137	114	131	162	174	187	176	203	202	170	150	168	142	139	149	149	125	145	125	117	76.3	89.3	106	113	132	84.6	85.5	98.3	90.3	116	66.6	52	37.4	40.4	41.8	46.6	46.1	43.9	46.8	51.3	37	52.5	98.3	130	106	115	65.8	41.8	42.7	41.6	36.7	18.4	14.3	14	4.6	4	6.65	1.6	4.49	4.49	2.52	0	0	0.03	0	0	0	0	0	0	0.15	0	26.5	5.07	0.12	0.72	2.16	0.3	0.3	0.24	0.21
204	239	246	205	213	184	206	203	204	259	297	297	214	209	166	168	257	257	258	244	249	275	219	195	231	323	226	188	167	188	211	217	172	137	126	137	141	95.3	164	128	133	136	146	171	166	189	205	204	182	146	143	146	171	175	159	128	131	122	103	103	112	119	125	118	76.6	74.1	88.8	81.9	80.9	41	37.6	35.9	36.3	43.6	43.6	49.1	46.7	41.2	39.2	41.5	49	71.1	115	98.3	97.4	76.6	32.4	20.5	60.6	56.6	45.5	21	4.42	4.29	3.98	0.923	4.12	2.18	1.8	0.21	0	0	0.03	0.03	0	0	3.36	1.68	0	0.21	0	0.03	0.54	1.95	0.06	0.6	4.35	4.47	0.36	0
162	147	160	129	167	159	142	183	212	212	191	205	202	186	180	186	216	230	239	287	304	241	205	185	202	296	264	189	161	140	164	167	153	114	120	158	141	141	198	204	181	133	132	142	166	201	216	223	218	183	180	153	183	181	174	151	154	126	116	88.8	98.6	93	93.2	84.9	50.5	72.3	64.5	49.9	42.6	30	33.5	35.2	31.8	39.9	50.8	45.8	36.9	38.6	45.2	50.3	57	51.4	92.1	79.8	58.7	58.5	35.9	80.5	85.8	75.4	40	13.4	30.1	19.8	4.5	1.77	2.52	4.21	1.3	0.78	0.06	0.27	0	0	0.06	5.52	3.36	0.03	0	0	0	1.11	0	0	0.3	4.95	5.22	4.35	1.47	0.03
152	136	159	144	157	153	124	146	198	243	224	326	317	233	262	226	258	292	362	383	348	261	243	252	228	229	248	191	172	173	181	115	99	105	127	162	187	147	181	189	239	175	175	154	174	233	220	217	210	194	214	189	178	201	142	135	136	105	104	92.1	114	115	103	71.5	65.4	61.4	53.9	44.3	39.6	42.1	57.6	31.5	16.9	16.5	39.1	28.7	26.1	40.5	49.8	79.4	63.9	61.1	64.7	44.9	83.3	42.8	38.7	41.1	45.6	48	20.1	11.7	9.86	19.3	3.62	7.94	9.2	11.5	9.66	0.09	0	1.26	0	0	0.03	2.22	0	0	0.03	0	0.18	1.71	0	0	0.84	2.22	2.67	2.07	1.26	1.89
181	170	203	122	111	163	139	138	151	158	256	299	245	198	261	253	248	266	282	299	280	255	235	298	258	219	249	204	188	233	183	129	108	126	163	215	174	123	157	182	205	151	162	164	185	216	176	189	216	196	195	238	164	196	195	145	136	101	130	90.1	74.2	116	99.1	71.2	78.3	85.8	48.2	64	63.5	55.5	59	29.7	33.3	33.1	45.4	33.5	31	34.4	58.7	96.9	104	59.4	72.7	57.1	40.8	26.9	33.6	28.9	46.3	55.8	26.2	4.26	2.27	2.85	4.49	9.21	11.1	11.6	10.8	0.57	0	2.67	0	0.15	0	0.3	0	0	0	0	0	0	0	0	0.42	0	2.07	2.67	2.67	4.56
203	188	172	108	149	155	123	145	208	224	254	237	252	196	166	235	212	251	331	237	263	221	210	240	214	253	224	186	192	197	185	162	141	118	145	174	181	139	147	162	171	206	173	183	168	174	158	201	197	163	197	196	207	214	205	198	171	115	110	67.5	75.2	83.5	85.9	88.2	90.7	58	58.9	54.9	83.6	71	59.3	42.3	40.3	45	87.3	83.5	40.6	47.8	66	87.6	77.7	46.5	64.6	77.8	45.3	27.6	30.3	38.6	41.8	24.8	10.9	2.79	2.96	4.94	6.74	10.8	24.6	14.1	14.4	0.06	0	0	0	0	0	0	0	0	0	0	0	1.62	0	0	0	0	0	0	0.18	1.53
214	159	155	111	96.3	128	156	154	167	198	232	215	274	176	179	171	176	177	260	258	205	215	217	221	204	210	220	210	198	214	224	149	143	135	180	215	221	205	183	191	204	230	229	195	188	131	131	177	164	153	153	164	220	211	183	220	172	148	76.2	64.5	90.1	93.9	87.2	80.2	88.8	75.9	65	96.9	124	110	78.3	58.1	44.9	54.7	63.6	55.6	51.8	58	76	76.1	81.6	39.3	51.2	46	33.2	26.1	42	38.4	37.2	23.3	9.04	12.6	7.66	15.5	11.5	12.5	14.5	15.5	15.3	0	0	0	0	0	0	0	0	0.03	0	0	0	0	0	0	0	0	0	0	0	0
223	139	168	122	119	143	171	280	207	216	204	194	197	146	141	205	239	258	280	251	256	238	222	312	347	238	202	208	210	242	210	125	142	140	181	221	208	181	160	187	200	209	228	208	169	117	121	150	138	123	136	155	227	157	151	190	170	141	85	135	162	130	101	96.4	80.4	61.1	71.3	95.5	84.2	78.2	57.7	55.2	39.6	30.1	34.8	40.5	43.5	49.3	71.9	52.7	46.1	35.1	31.2	28	30	26.9	31.1	29.8	23.6	15.2	15.4	14.8	37.6	24.6	17.8	23	26.2	27.4	26.2	20.5	19.7	18.7	18.3	25.2	25	20.2	17.5	8.2	6.74	4.15	4.16	0	0.18	0	0	0	0	0	0	0
115	124	161	178	143	132	137	203	201	232	270	215	195	119	152	274	236	266	239	249	279	305	272	286	260	238	245	249	225	242	205	153	143	159	189	194	181	187	183	166	190	218	177	191	168	112	96.7	170	143	140	141	145	182	228	193	193	165	143	126	180	215	134	148	114	91	85.3	87.8	82.9	69.7	58.3	53.8	51.7	42.4	35.5	37.9	39.7	35.6	40	42.3	47.3	44.4	37	32.5	31.7	29.7	33.9	32.9	21.5	16.5	27.7	24.3	29.6	63.4	86.7	48.1	35.6	30.5	29.6	27.8	21	19.6	18.5	18.3	25.2	26	21.8	18.1	7.93	5.84	4.17	4.17	1.89	1.14	1.71	0	0	0	0	0.06	0.06
89.8	129	136	128	131	131	143	220	204	221	212	229	193	157	152	180	210	168	204	223	236	289	278	268	207	224	260	254	245	232	226	196	182	226	232	170	196	227	181	168	149	171	206	196	146	111	108	181	161	147	139	150	190	228	185	143	119	107	140	203	207	123	132	105	114	96.8	82.4	85.2	72.8	60.7	67.1	62.1	48.4	49.1	41.7	36.4	38.2	34.5	39.2	38.4	37.1	50.5	39.3	52.3	36.4	32.5	24	29.2	31.4	25.2	30.8	49.4	82.9	98.7	96.2	55	55.6	44.1	37.3	35.8	24.8	22.2	23.7	28.4	29.4	27	23.7	15.6	10.1	8.76	3.94	0	0	0	0	0	0	1.35	0.03	0.27
108	120	124	116	96.5	126	163	216	223	173	178	202	197	150	127	156	180	167	163	219	268	272	244	242	221	224	255	261	288	283	244	221	236	204	199	159	220	233	201	181	159	167	152	160	131	121	129	169	197	147	147	190	152	138	163	106	83.8	90.3	134	176	191	141	155	137	87.6	94.8	81.7	79.9	88.6	89.6	82.3	78.4	58.6	54.3	41.1	42.7	37.8	32.8	42	33.5	47.7	45.7	41.3	49.5	34.7	32.6	44.9	51.8	71.6	84.9	76.8	50.9	82.7	98.7	70.2	67.7	71.8	56.2	54.5	58.8	48.8	44.4	40.8	37.7	47.8	36.8	25.4	12.5	10.1	8.33	7.28	4.75	0	0	0	0	2.7	0	0.24	0.81
160	151	126	121	122	138	170	174	181	155	158	242	197	148	131	212	186	192	282	297	328	297	294	289	288	283	338	281	327	266	241	240	246	195	198	199	225	244	214	196	237	176	150	137	125	93.2	112	183	163	134	121	143	163	115	101	78.6	86.2	96.2	120	174	160	131	142	117	88	75.2	77	79.4	90.9	80.6	67.1	63.9	69.5	64.8	55.2	43.6	36.4	31.1	37.1	33.2	35.7	67.6	42.5	48	36.3	43.1	64.2	72.5	93.3	135	117	86.9	94.5	108	81.8	71.5	74	74.4	71.8	89.6	85.8	76	64.7	57.6	71.8	44	40.3	33.8	13.7	12	10.4	10.4	6.65	3.57	3.69	2.82	2.82	2.82	2.85	0.39
142	152	126	122	121	152	180	189	170	139	143	178	202	168	269	303	239	222	271	231	231	243	301	283	270	286	286	247	271	224	215	203	203	217	204	215	256	234	252	216	218	158	133	153	149	104	104	128	115	135	120	122	109	100	114	43.8	61.5	78.2	125	198	177	99.5	109	122	97	76.1	94.5	90.8	106	82.9	63.7	61.3	77.5	73.6	52.9	44.2	37.6	30	33	34	38.9	46.3	46.5	54.1	36.9	52.3	71.5	90.4	83.3	95	125	86.1	76.1	81.6	86.3	79.5	80.3	86.9	87.1	82.3	85.4	167	156	69.8	65.2	56.3	74.3	74.1	47.4	29.1	26.1	14.8	12.8	4.98	4.76	6.43	3.86	2.82	2.82	0
130	160	181	155	130	168	159	191	179	183	172	185	140	213	241	245	251	259	236	240	266	290	286	271	279	315	254	227	235	211	171	180	210	208	182	237	254	224	217	178	178	126	139	144	142	116	138	113	115	122	120	122	110	89.4	86	63.1	72	95.3	158	150	119	95.4	109	81.3	61.3	76.6	87.6	89	100	69.2	76.3	65.4	64.7	59	47.8	34	33.4	23.7	27.7	33	30.3	30.7	43.1	48.6	39.3	65.2	71.1	68.8	62.5	67.7	86.5	64.1	52.4	55.1	52.3	81.9	101	105	91.7	101	117	177	93.5	76.1	60.7	65.2	73	114	75.8	55.1	32	19.1	9.8	2.54	4.78	3.49	3.14	3.78	3.56	0.18
138	148	145	155	162	226	176	141	150	190	195	168	240	216	247	297	348	291	260	260	276	283	267	271	271	293	258	229	204	184	183	206	228	231	207	246	287	249	233	192	155	129	136	145	119	111	145	139	117	114	139	187	153	76.3	105	102	91.8	104	148	162	125	132	118	88.6	58.4	67.8	68.7	100	87.4	57.8	86.9	52	43.8	44.7	45.5	23.8	22.2	21.7	22	27.2	26.2	23.9	29	52.6	50.9	53.8	76.8	65.9	64.9	61.1	76.3	63.8	54.4	47.4	69.5	90.5	104	102	113	127	120	118	103	84.6	75.8	59.1	65.5	84.6	92.4	83.3	66.2	26.6	14	8.25	9.8	9.7	3.82	3.63	3.51	0
140	155	135	139	174	229	207	157	164	247	205	185	207	198	275	255	352	381	301	328	287	307	314	246	223	249	220	187	169	160	216	203	194	215	204	199	235	236	175	168	189	165	119	131	140	133	154	140	126	118	115	137	116	99.6	95.2	113	102	107	131	144	132	123	131	126	75.9	66.4	70.3	71.5	66.5	63.3	51.4	44.4	42	35.4	30.6	19.5	20.2	18.3	24.9	23.4	23.1	23.1	26.9	35.4	44.1	41.7	54.6	61.1	63	83.7	77.8	71.4	61.9	73.3	112	107	114	115	149	119	133	115	96.6	90.2	66	70.9	58.5	80.2	69.5	71.5	42.3	16.1	14	8.07	7.54	10.9	6.06	4.88	4.5	3.32
122	130	136	191	212	168	184	215	162	161	132	144	171	171	196	297	316	325	291	292	290	355	290	228	204	206	183	144	151	136	156	152	163	176	168	177	172	198	170	153	202	174	130	123	146	150	160	144	137	122	123	110	110	114	111	104	131	106	104	108	113	94.2	105	100	71.3	61.2	62.9	46.9	74.3	62.5	53.5	44.5	32.6	40.1	33.3	23.9	30.4	30	25.2	21.3	24.8	25.8	27.7	36.1	37.6	42.9	62.7	59.2	64.1	86.7	85.1	84.3	82	99	95.7	107	99.8	112	126	117	119	89.3	81.6	83.5	87.8	69.9	67.4	63.4	48	61.4	40.4	17.2	9.8	8.35	6.37	6.51	7.05	8.05	6.87	8.63
123	141	153	228	220	166	187	191	162	129	124	141	175	193	164	213	270	235	234	221	278	514	352	235	185	172	160	129	157	160	148	126	156	157	149	163	189	191	162	131	143	162	126	119	140	138	135	142	155	136	128	103	118	133	113	130	125	116	92.4	78.1	92.1	96.1	86.1	73.7	86.6	76.6	76.4	62.3	76.1	56.5	52.6	43.1	39.9	39.4	36.7	29.6	45.8	34.8	24.2	26.1	34.8	30.3	27	37.1	38.3	49.4	60.3	55.1	57.7	61.2	67.8	74.6	73.1	83	90.3	96.5	95.3	105	105	98.1	101	84.7	74.9	83.9	101	67.2	52.1	40.9	22.7	38.9	42.2	28.8	17.7	11.7	10	9.77	7.39	7.95	5.29	10.8
131	156	131	160	201	194	188	210	190	160	148	184	221	175	190	265	258	229	271	206	207	308	319	219	170	158	164	120	126	154	192	131	133	155	188	198	168	174	172	167	139	154	157	119	115	131	125	127	129	116	109	91.4	91.8	117	109	139	137	124	129	89	71	79.1	91.5	97.9	85.3	88.7	80.2	66.8	67.9	54.5	57	52.3	45.2	38.5	44.6	42.7	48.6	42	36.1	33.4	37.7	31.8	34.1	42.6	42.5	48	48.8	43.4	56.2	56.4	69.2	77.1	66.6	67	76.4	82.4	83.7	103	95.6	91.1	85.5	77.5	67.4	79	78.2	59.2	43.9	25.3	22.1	26.3	31.4	27.3	21.1	18.4	12.3	10.5	8.21	6.85	8.69	14.2
119	128	119	121	181	238	156	179	152	159	152	158	186	175	166	179	169	177	201	177	180	215	249	233	189	206	215	152	143	152	179	169	176	151	174	187	197	179	158	168	163	167	187	122	120	127	135	146	140	124	128	116	107	92.5	86.8	116	110	112	130	117	94	93.7	79.3	94.2	95.2	102	66.4	75.4	64.4	61.5	84.9	57.7	45.9	44	43.7	45.4	46.1	41.6	61.4	39.8	35.1	41.1	40.8	43.5	47.8	41.7	36.8	31.7	70.9	86.9	72	66.6	63.8	73	64.4	61.3	67.8	84.2	63.1	64.4	61.3	68.2	49.6	46.9	33.4	21.1	14.4	26.1	20.5	25.3	31.8	21.5	23.3	21.9	19.6	15.1	9.57	7.87	6.94	6.27
105	118	111	113	126	173	121	154	137	154	194	186	211	185	190	197	157	185	170	181	187	197	242	200	187	184	211	153	146	167	181	177	180	163	167	131	141	167	160	154	154	134	156	119	127	150	147	153	137	124	120	98.9	80.6	83.1	92.7	103	117	89.6	85.8	88.8	113	103	96.4	120	105	108	93.9	79.3	87.4	99.8	114	66.3	47.7	45.9	41.7	44.6	44.6	37.9	41.5	38.9	51.3	54.4	68.4	70.5	31.3	25.1	25.5	29.2	64.9	77.7	61.7	56.8	70.1	84.1	63.6	61	61	58.8	54.6	47.8	44.6	51.2	49.7	32.9	18.7	13	10.8	26.5	22.5	26	26.7	27.4	27.6	23.1	23.2	22	18.8	10.2	7.56	6.32
108	116	112	122	128	115	111	138	160	132	158	154	173	164	162	161	136	163	164	216	167	142	203	196	155	167	186	147	123	149	198	165	169	167	145	189	153	163	166	161	138	113	122	124	140	166	127	115	116	117	105	99.6	109	119	105	124	122	99.3	94.6	115	131	138	115	127	122	109	96.2	80.9	93.5	135	121	66.7	54.1	60.4	58.7	46.6	32.8	33.7	52.4	47.5	53.1	55	40.8	27.5	31.4	33.5	26.8	36	70.1	70.1	73.4	73.2	60.7	79.5	66	52.6	44	49.2	47.6	43.8	40.3	47.2	46.8	24.2	19.6	15.1	12	19.7	18.1	18.4	13.9	23.3	26.5	21.5	22.1	23.5	21.9	10.5	8.67	6.62
122	127	120	117	120	126	119	141	151	143	167	173	150	162	157	123	122	124	125	140	136	131	164	186	172	168	163	116	105	134	164	171	164	176	166	190	166	141	115	114	108	116	108	112	132	131	131	127	128	138	115	110	131	142	119	142	130	104	96.1	120	130	117	111	122	112	98.2	96.8	93.1	104	121	117	64.3	58.6	74.4	68	53.1	40	34.7	63.4	48.6	43.4	44.4	34.4	25.7	31.1	40	31.8	33.4	52.9	54.7	64.8	53.9	49.7	41	39.9	45.4	42.1	45.2	42.2	38	40.5	42.5	45.9	22.7	28.4	17.4	9.23	17.7	22.2	21.1	11.6	17.3	17.8	16.6	19.6	20.9	18.9	10.4	8.3	6.39
118	126	129	107	112	137	125	141	136	143	165	152	123	178	144	118	112	111	116	143	153	182	173	200	187	156	174	151	116	129	159	152	170	175	155	168	159	139	122	111	106	116	116	124	139	136	128	131	134	142	119	116	122	124	117	116	93.6	79.5	77.3	108	131	95.5	104	157	120	102	77.3	117	140	112	85.4	61.4	52.5	41.2	69.4	61.2	35.5	29.5	53.2	49.6	44.2	42.1	36.8	26.3	28.7	39.3	47.9	42.6	45.4	36.2	30.8	35.5	35.7	37.9	37.2	44.9	42.7	44.2	40.2	80.3	66	42.7	50.6	29.2	35.3	29	13.2	18.1	20.8	17.7	15	12.8	13.8	11.8	11.6	13.3	8.08	6.8	5.7	5.82
115	117	110	106	123	133	134	161	163	145	125	122	105	159	112	93.4	96	131	144	139	155	142	143	160	143	147	172	147	142	151	138	127	150	175	179	139	155	135	143	106	101	113	122	122	139	122	112	121	130	116	116	119	114	104	91.3	91.9	87.4	113	120	150	168	124	135	158	87.6	120	92.1	108	162	108	73.3	63.9	59.7	48.5	74.1	115	56.6	41.1	38.5	30.6	34	32.5	23.3	27.9	24.8	32.8	46.8	41.2	39.2	32	29	47	36.8	35.2	40.9	48.8	51.7	30.8	35.2	41.1	45.8	38	36.1	27.5	16.8	16.9	11	18.8	16.5	11.5	11.2	11.5	12.8	12	9.23	8.25	9.39	5.8	5.43	7.11
102	96.4	105	111	102	111	122	149	151	138	125	123	95.4	107	127	111	109	137	147	140	134	124	164	148	96.6	164	175	126	131	151	136	128	149	167	136	138	164	156	161	133	118	121	131	128	114	109	113	126	112	113	131	108	105	90.2	72.8	92.2	100	112	92.8	145	141	115	117	125	97.2	71.4	108	140	122	103	78	67.8	59.5	49.6	62.7	117	48.6	45.4	45.1	33.6	33.3	35.8	36.7	30	40.2	36.3	31	47.6	46.8	35	40.1	49.3	32.6	34.4	35.2	37.7	32.3	29.5	33.6	25.8	42.5	39.4	30.2	19.1	23.8	14.6	15.8	19.2	14.2	10.3	9.98	12.1	13.2	11.1	10.9	8.21	6.61	6.01	5.38	9.33
105	113	129	119	99.6	102	121	137	143	149	148	132	108	113	145	124	131	162	162	158	125	135	139	148	118	140	198	170	129	110	113	107	147	151	119	124	146	155	181	194	146	135	131	117	118	117	100	113	109	113	113	107	98.1	81.9	68.6	94.4	101	110	107	128	145	133	98.6	94.8	96.3	88.1	128	95.5	91.1	90.2	117	108	97.3	92.3	66.8	56.6	36.5	39.7	42.8	36.7	36.1	36.7	46.1	46.5	49.1	53.5	58.4	58.4	51.4	42.1	40.5	37.8	33.6	35.9	28.1	26.2	24.4	23.6	28	24.7	62	43.5	28.2	21.5	20.1	23.4	27.5	22.6	12.3	10.1	10.5	16.2	15.1	12.4	11.7	7.67	5.83	5.52	5.51	8.29
110	122	151	121	86.4	99.6	104	131	130	148	133	145	117	115	146	154	136	142	133	157	141	137	146	134	159	138	180	183	129	107	98.7	116	149	165	140	123	96.6	142	196	192	185	150	133	118	109	113	96.1	116	116	119	103	92.3	97.6	73.2	66.4	97.8	109	113	107	114	122	114	91.7	90.8	106	100	116	86.1	76.4	73.2	87.7	72.7	69.2	49.3	40.8	38.7	36.8	29.7	32.9	24	30.5	25.5	76.6	81.4	76.7	56	55.7	90.4	56.8	35.8	37.2	53	66.4	30.1	34.1	31.9	18.7	11.4	16.5	26.6	31.9	29.1	14.4	22.2	24.3	25.3	16.6	16.6	10.3	6.53	6.78	15.4	16.6	11.8	4.23	6.13	5.53	5.16	5.32	9.67
107	115	131	117	106	93.4	100	127	137	144	138	150	128	119	137	161	147	149	159	158	178	155	148	120	130	146	186	184	119	95.1	111	117	130	119	109	109	114	159	182	255	238	156	151	130	128	134	121	133	127	118	92.3	76.1	72.5	63.5	83.8	146	118	126	89	109	92	73.4	84.8	94.7	101	91.3	108	120	93.6	77.2	76.2	67.5	57.2	45.1	46.3	47.6	37.8	31	34.7	28.4	28.6	46.2	71.8	79	69.8	114	38.1	54.6	39	42.6	60.2	113	104	60.6	41.9	43	33.5	15.9	26.9	30.6	20.3	17.5	12.9	11.5	20.3	37	25.9	24.4	15	12.7	5.9	13.9	14.2	6.47	4.44	7.3	11	8.72	5.85	6.58
99.8	112	127	123	107	88.2	111	119	125	133	158	146	127	132	127	133	149	153	156	188	179	172	144	93.8	106	124	151	185	156	108	114	159	217	258	134	101	106	130	249	217	190	146	140	123	147	146	148	119	125	85.4	76	84.5	62	72.7	87.4	110	117	105	62.3	71.2	78.2	87	92.6	86.4	111	105	134	176	102	90.2	92.9	64.5	49.2	50.9	55.2	58	41.3	41.9	35.5	27.5	38.9	49.9	40.5	65.8	143	35	37.6	36.9	30.3	115	79.5	54.3	44.1	96.1	55	70.8	46.1	27.3	23	22.7	15.1	12	16.5	24.1	33.6	37.2	49.3	27.6	12.2	6.94	8.19	12.8	16.1	12.3	7.82	33.1	16.3	16.9	11.3	9.8
107	134	111	101	99.7	81.3	110	119	118	117	159	156	138	158	151	147	146	155	145	173	188	203	180	130	116	123	119	163	162	135	140	179	249	203	148	127	116	131	228	192	166	172	171	157	137	155	114	111	117	97.5	117	104	76.4	106	80.5	112	121	95.6	78.8	112	105	73	79.4	81	66	128	125	142	86.2	79.5	68.2	52.7	61.8	59.1	54	54.2	51.7	55.4	55.6	29.5	53.8	59.3	39.4	39.4	58.9	49.6	58.6	55.4	87.5	125	42	22.6	28	90.4	74.8	68.5	40.8	26	19.5	33.8	25.2	11.5	13.1	27.2	21.3	11.3	29	18.4	9.65	8.45	29.2	15.5	17.9	13.6	11.2	14.9	15.3	12.6	19.2	20.4
119	120	104	106	89.8	84.8	89.5	105	114	134	154	194	180	185	135	141	119	131	148	148	161	147	160	122	106	119	100	109	158	170	166	218	167	168	122	126	94.3	98.3	189	163	151	141	164	144	136	109	111	111	122	92.5	135	98.8	98.2	114	91.7	105	89.5	62.8	71.3	95.8	99.4	84.2	75.3	70	79.8	95.5	80.2	95.8	88.1	69.1	43.4	35.9	58.4	44.6	44	31.5	23.2	32.7	54.8	46.8	37.3	52.4	32.6	32.6	35.6	37.5	61.2	62.6	96	78.5	43.9	27.2	20.6	30.5	56.3	85.2	48.8	25.1	29.5	35.5	26.3	25.3	12.4	20.4	19.4	13.8	12.1	13.5	13.6	19.9	16.1	22.2	32.9	20.5	16.7	25.7	23.1	25.3	23.8	21.8
116	102	95.8	102	91.9	87.3	76.9	89.6	98.1	105	122	137	141	145	166	115	127	111	108	138	166	127	132	118	118	140	93.3	98.3	117	113	133	153	165	162	140	122	93.7	98.9	114	143	141	128	136	152	126	90.3	126	101	124	85	116	109	131	115	76	142	84.7	58.7	89.5	119	133	91.7	78.3	74.5	82.5	109	129	144	92.5	75.1	59.1	39.8	61.9	45.2	39.8	40.5	42.5	58.7	76.1	60	31.4	44.8	28.8	43.4	44	37.5	56.9	94.9	126	103	43.9	40	36.1	30.1	38.8	74.4	54	38	33.3	40.9	26.5	23.8	19.6	23.9	25.1	16.1	19.5	23.2	20.4	22.8	22.7	34.6	24	18.3	25.1	38.6	25.3	28	27.3	30.3
112	99.4	80.3	73.5	99.3	115	95.8	92.9	103	97.4	96.7	115	150	160	189	171	158	116	96.5	111	99.4	120	110	116	136	113	125	131	110	89.5	86.6	143	167	150	118	100	93.9	104	120	106	93.5	100	154	130	112	115	111	133	121	68.6	77.4	80.8	140	119	95.6	107	85.8	87.4	110	129	105	115	99.1	90.4	91.7	149	169	139	103	98.8	88.4	63.5	57.9	35.9	33.8	46.5	51.7	49.8	81.8	66.4	47.6	55.6	49.1	159	69.9	56.6	72.2	176	210	148	64.2	42.6	44.9	39.4	38	42.2	29.2	36.4	48.9	29.2	29.2	33.6	25.8	21.3	23.7	19.3	19.5	29.8	25.4	28.9	23.1	37.1	37.7	19.4	22.6	25.8	32	57.9	32.5	34.8
107	129	95.8	87	115	117	97.5	89.1	100	118	102	116	144	137	167	173	153	130	102	98.6	98.1	140	117	119	92.9	132	156	130	105	81.2	83.1	103	160	188	129	106	109	119	111	109	100	96.7	135	110	102	152	129	134	130	110	111	83.4	104	105	106	102	81.9	117	120	117	130	130	124	107	112	155	127	97.9	90.1	87	106	99.5	55.4	43.5	55.2	89.8	82.5	96.2	105	70	71.6	81.8	68.5	155	103	76.5	101	123	129	118	111	64	103	103	42.1	29.6	25	44.1	33.8	26	27.1	29.6	24	17.8	16.8	18.1	16.6	23.1	28.3	29.2	19.5	25.5	30.4	19.5	28.4	40.2	43.9	31	31.1	53.9
104	113	94.3	101	115	121	123	113	138	161	145	152	146	139	131	131	138	146	149	103	132	141	147	81.5	56.4	77.5	80.7	115	89.3	60.5	63.8	125	185	177	198	128	124	151	138	133	128	146	130	112	127	128	131	126	108	146	114	87.2	95.9	160	81.3	79.2	113	123	105	101	108	145	141	133	116	163	128	122	71.5	80.3	92.7	77.8	61	109	108	124	110	116	130	130	135	98.6	79.9	98.8	104	82.9	158	68.7	73	95.8	113	36.6	58.3	53.3	29.5	21	13.1	13.2	14.9	17.5	22	22.4	24.5	21.5	20.6	23.3	19.9	18.2	19.2	26.4	23.8	14.6	37.9	32.9	28.1	47.6	52.4	35	47.9	58.4
109	85.7	96	108	124	111	123	116	153	160	143	179	143	119	132	152	160	163	183	122	122	131	157	106	101	80.3	94.8	106	137	97.8	92.6	148	159	169	156	181	150	153	180	151	143	160	170	179	188	154	127	98.4	86.7	121	134	110	94.2	111	78.9	124	152	119	123	139	173	170	163	178	147	158	125	142	123	121	79.2	81.6	67.3	117	131	93.8	120	99.1	102	143	167	99.2	113	114	92.6	161	139	53	70.5	77.2	65.8	55.7	48.2	55.8	30.3	19.9	16.7	15.7	14.1	20	21.2	31.6	29.7	28.2	30	25.9	18.2	15.3	13.9	15.8	17.7	13.7	10	14.2	24.1	37.4	37.1	36.2	76	72.5
87	80.1	86.4	87.9	119	101	101	103	110	122	149	181	149	139	174	126	144	161	169	168	122	127	157	98	64.5	53.6	91.1	137	149	117	72.9	94.5	113	115	127	184	237	171	143	151	176	161	162	150	192	160	141	141	150	142	123	97.6	88.3	129	115	186	206	171	148	154	142	117	93.3	120	184	164	142	157	138	115	124	109	172	121	129	114	121	76.2	90.5	116	130	120	141	84	74.4	88.5	134	68.6	67.4	51	63.1	48.5	50.2	48.8	25.1	26.9	27.3	21.8	18.6	27.7	20.9	31.2	30.1	30	27.4	22.6	19.6	16.2	16.5	15.8	13.6	15.4	12.9	14	23.1	36.6	33.1	28.7	34.1	25.1
81.1	75	72	83.1	85.6	118	109	103	104	122	169	180	151	164	166	125	132	170	204	229	161	114	131	118	70.1	57.7	62.8	120	115	112	76	101	206	146	160	156	195	175	195	145	141	149	165	140	153	158	154	169	162	177	117	84.7	78.9	93.2	76.5	108	140	162	139	145	119	118	108	125	146	160	187	202	131	100	104	123	204	166	172	122	111	86.2	116	129	127	128	127	76.7	87.5	74.3	86.5	63	45.3	41.8	64.9	58.6	81.2	68.7	22.4	20.1	26.4	23.1	17.4	27.9	22.8	25.1	29.7	32.9	26.6	29.2	27.3	23.1	22.3	25.3	19.5	11.4	21.9	24.7	19.3	27.6	19.7	19	12.9	21.5
82.8	77.8	68.2	94	101	141	160	128	99.1	102	144	164	156	134	160	155	133	150	212	193	99.3	80.3	85.2	84.5	80.2	77.6	63.9	71.9	96.5	121	73.1	95.1	121	184	211	167	184	166	176	152	131	129	159	127	153	163	143	132	150	181	110	71.6	107	108	84.2	71.7	86.2	153	143	142	124	111	73.3	106	164	136	173	206	137	92.1	65.8	99.3	138	156	152	159	129	107	112	128	135	132	118	88.6	94.9	97.7	121	57.9	50.2	68.7	71.2	67.6	64.7	56.6	20.4	20.9	19.6	20.3	17.2	26.4	28.9	27	29	29.7	29.1	28.2	29.9	37.6	31.5	26.7	27	19.3	20	19.1	15	15.5	17.5	18.4	17.4	19.7
74.4	78.1	75.1	84.9	111	143	143	112	87.9	106	125	132	113	132	159	176	188	140	138	111	97	102	111	86.4	62	63.9	66.8	66.6	78.3	103	83.3	75.5	106	146	156	161	167	178	192	194	147	138	154	138	143	146	185	134	187	160	125	76.7	114	86.1	103	112	72.1	118	104	117	117	116	81.4	93.7	107	118	171	319	251	108	84.7	105	92.3	149	132	100	118	117	86.8	113	122	133	95.7	82.4	99.4	146	151	91.2	76.7	65	79.9	63.9	49.9	42.5	48.3	23.1	25.9	22.8	24.2	31.8	38.4	40.2	34.5	32.5	30.9	29.6	34.3	46.2	44.7	30	27.9	21.8	21.4	18.2	16.6	19.2	16.6	17.1	16.7	18.7
68.3	74.7	70.3	82.6	109	102	102	102	95.5	106	129	142	137	162	152	142	140	122	81.8	80.9	113	110	102	83	82	66	120	93.3	84.3	76.5	63.8	84.3	104	127	169	248	189	183	179	171	164	181	204	158	190	179	206	144	107	156	133	128	178	103	102	103	67.7	37	58.8	67	56.4	70.7	76.6	101	110	103	141	199	209	139	113	98.3	88.5	108	109	70.4	103	90.7	90	119	119	119	110	106	101	128	119	114	77.7	69.2	97.8	64.3	45.8	27.2	31.2	42.6	35.4	21.9	25.2	41.9	49.2	41.6	35.1	34	33.6	31.5	33.2	45.2	56.7	34.2	22.7	22.1	29.3	28.6	32.4	24.3	16.5	15.8	16.1	16.3
65.1	72.1	70.3	84.7	104	98.6	105	111	124	120	110	164	154	165	146	140	108	79	97.5	91.5	103	93	68.3	53.2	84.7	133	141	115	109	89.3	111	121	110	146	289	217	188	230	194	175	160	152	175	167	167	203	189	154	127	88.3	78.8	92.8	138	122	88.3	84.5	64.6	31.2	62.4	64	91.3	69.5	62	84.9	61	71.2	90.4	82.2	87.6	102	117	103	124	121	112	114	75	65.2	85.2	90.2	67.4	92.4	73.4	106	83.7	67.5	112	128	86.9	115	113	48.8	21.5	12.5	13.2	31.4	26.1	23	24.3	39.2	44.1	44.6	40.3	37.3	38.3	38.3	36.2	36.3	36.6	58.3	32.6	24.4	36.4	34.7	43	31.8	24.8	29	26.2	15.6
77.9	69.4	87.9	121	102	102	106	100	108	91.5	92.6	121	117	117	114	118	103	90.4	112	80.2	62.1	70.9	58.6	47.9	58.6	115	94.1	106	125	110	155	152	138	139	200	184	194	204	218	166	140	120	159	147	138	237	171	95	98.2	86.8	80.5	70.7	62.7	97.6	128	76	94.7	54.4	96.2	81	143	67	62.2	73.8	77.3	66.6	51.6	52.3	62.7	82.1	84.2	93.3	110	95	97.7	119	89.9	72.7	74.1	104	119	114	102	54.4	81	64.3	86	131	91.3	82.6	81.8	35.1	22.1	16.3	23.7	39.9	39.1	37.7	32.4	37.1	49	56	49.1	40.5	38.7	43.6	42.2	32.5	27.7	38	30.1	20.6	31.4	24.8	23.9	26.1	33.4	29	19.6	10.1
53.6	66	80.6	99.3	80.5	68.9	108	115	91.5	79.3	78.4	99.6	95.4	98.3	117	114	96.2	103	85.1	90.7	82.7	63.8	65.3	49.3	43.8	57.7	73.7	84.7	96.4	138	184	169	148	120	195	177	204	198	193	163	158	131	149	168	169	179	173	131	89.6	71.3	129	80.8	117	132	119	82.1	111	80.4	110	82.5	145	104	83.3	92	101	137	89.5	92.5	102	101	73.2	114	139	104	109	114	105	66.8	66.1	116	116	141	160	105	91.5	81.3	134	126	59.5	61.9	66.6	41.6	37.6	31.8	41.5	45.1	61.3	40.6	36	41.7	59	53.6	49.4	44.6	43.5	48.8	72.1	44.3	28.5	24.9	25.8	20.4	22.1	20.3	21.2	23.6	34.6	25.3	16.1	20.5
62.1	61.5	67.7	59.1	51.4	61.5	126	111	95.1	79.3	78.3	99.6	101	118	112	88.4	89.5	79.7	77.5	57.6	67.1	76.6	59.5	52.3	37.2	39	52.7	69.2	106	140	129	141	143	122	120	216	198	187	189	150	160	156	169	175	209	188	178	116	93.6	87.7	89.1	124	128	99.9	138	117	113	107	139	78.9	105	157	87.9	81.9	96.7	100	121	123	93.8	115	120	143	125	107	114	124	112	67.5	95	144	133	151	117	96.9	114	124	104	120	74.8	53.7	96.7	53.8	35.8	37.5	42.2	47.1	54.1	44.9	47.7	48.4	54.9	49.3	50.1	48.2	50.4	54.3	54.6	37.9	28.7	23.9	27.7	24.1	28.2	29.5	27.5	21.9	17.2	15.5	12	8.73
56.5	60	62.4	50.8	45.5	62.5	87.5	99.3	78.7	80.8	99.4	81.9	102	116	141	143	136	113	95.2	91.5	69.9	62.8	66.4	62.5	42	44.3	84.2	88.5	99.2	124	110	120	130	171	105	132	174	188	187	168	179	183	187	145	148	191	234	132	142	111	88.7	83.6	104	85.3	123	172	145	149	193	99.6	207	129	111	81.9	86.7	80.9	78.1	66.6	74.9	59.6	117	141	144	127	171	133	98.1	66	95	102	119	134	115	92.9	120	156	193	97.7	73.9	51.2	61.8	43.7	46.1	36.7	36.5	51.9	50.7	47.8	53.1	50.7	54.6	53	50.4	47	58.7	72.9	42.3	50.3	27.9	22.1	24.2	23.9	26.2	23.5	21.4	18.5	14.4	12.1	10.6	6.82
43.6	81	74.6	54.6	42	67.8	81.6	109	81.3	87.8	84.9	74.3	85.1	87.6	87.5	98.7	88.7	119	89.9	91.3	72.1	82.2	79.9	72.8	61.7	58.7	71.1	81.9	95.2	88.9	85.2	91.6	122	135	153	133	153	156	213	171	140	238	203	148	117	159	191	168	135	105	78.9	83.9	87.1	104	94	147	186	162	173	57.2	136	110	84.4	62.7	65.1	69.8	61.3	78.6	54.5	53.1	74.4	132	172	102	100	117	90.6	93.2	111	108	120	139	115	89.9	114	152	185	61.8	60.4	70.6	96.9	47.3	30.1	32.2	46.3	54.7	52.2	65.3	65.1	52.7	60.5	56.9	51.9	43.3	58.6	70.5	36.7	33.2	20.8	21.9	23.2	23.8	19.5	18.4	16.6	20.5	19.7	14.6	12.2	10.4
59.1	94.9	103	74.6	56.2	76.1	100	93.5	101	90.8	98.5	94.4	105	71.8	60.6	84.3	91.5	105	107	84.9	97.2	74.8	71.8	69.6	63.6	63.7	65.7	72	66.7	65.3	65.4	63.2	59.7	98.2	136	142	120	115	151	110	92.5	167	200	151	130	99.7	205	156	145	113	85.8	61.9	104	110	101	170	186	138	113	98.3	152	136	89.5	60.1	69.9	65.2	59.7	82	75.3	68.5	72.3	128	133	90	90.6	99.1	93.1	99.9	87.7	78.8	106	129	118	144	165	120	85.4	73.7	55.9	59.7	49.4	33.8	22.4	22.7	41.4	54.6	47.6	58	58	62	63.7	50	51.9	48.5	44.9	40.7	32.9	25.2	22.4	24.5	22	21	30.3	20.7	17.9	22.2	20.7	16.2	11.4	10
59.6	86.1	122	74.5	61.4	86.7	102	110	95.6	79.5	71.9	81.1	93.7	71.9	70.9	81.2	78.6	74.9	75.1	75	78.8	85	79.9	68.3	62.8	66.5	57.4	56.1	43.1	49.3	59.9	81.3	64.3	76.9	143	116	131	132	186	169	175	196	198	176	157	114	158	243	150	150	92.2	71.7	64.5	70.7	76.8	104	122	154	197	183	136	122	92.7	73.4	62	60.5	60.7	70.3	78.4	66.6	72.8	113	111	107	98.4	105	177	129	82.9	81	109	132	137	147	190	125	103	84.5	82.7	69.3	51.6	23.2	21.7	20.8	41.8	55.9	48	52.5	49.9	53.5	50.1	60.9	41.4	48	38.7	35.1	30.3	24.1	26.2	26	22.5	18.1	19.6	17	17	19.8	18.2	7.93	7.08	5.82
62.5	59.2	78.2	76.8	68.5	71.1	89.2	99.9	99	78.8	79.8	69	59.6	59.5	73	78.9	95.4	73.8	74.2	105	83.6	75.7	75.5	68.6	66.9	62.2	51.6	50.8	48	48	65.5	137	85.6	67.4	103	77.8	95.5	122	184	296	254	146	142	141	208	158	190	243	202	127	98.5	119	71.4	43.9	52.4	96.3	131	112	156	179	135	83.2	69.6	52.3	49.7	70.5	81.3	74.3	73.1	66.3	78.6	112	124	99.5	96.6	81.4	104	106	117	119	114	124	125	165	140	93.1	82.4	82.6	76.5	56.4	25.9	28.5	34.1	22.4	19.3	45.4	54.7	50.5	46.7	46.3	36.3	59.1	45.4	40.8	37	36.4	28.6	20.8	27.8	30.4	23.5	19.2	17.4	11.8	15.1	19.7	9.67	6.61	6.97	4.64
63.7	66	78	63.6	55.2	53.1	75.6	97.5	90	75	88.9	77.6	81.9	92.2	95.8	112	114	89.2	78	93.9	99.4	100	96.9	87.6	77.3	59.8	54	58.4	59.4	64.7	66.5	116	86.7	64.7	82.2	62.9	73.4	78	92.7	98.7	119	115	114	254	141	150	117	137	171	152	106	117	95.3	89.3	100	129	104	106	122	169	228	160	124	69.2	77.2	82.3	92.7	68.4	65.1	77.6	115	114	116	112	96.6	98.6	86.9	101	119	108	83.4	77	79.1	89.4	101	98.8	79.4	112	74.5	50.2	52.4	70.5	49.3	21.4	38.2	53.3	54.9	53.9	47.2	43	46.4	47.4	50.7	42.7	43.2	39.8	32.3	24.7	27.9	32.4	26.4	16.3	12.2	12.9	14.6	21.1	8.48	7.98	16.6	14.4
104	72.1	91.2	69.4	63.5	49.8	62	64.7	48.4	49.4	60.4	69.4	88	91.3	107	100	89.9	83.6	83.8	98.5	108	117	107	98.7	103	69.7	57.4	55.6	62.6	65.6	89.3	102	67.8	56.2	75.4	56.7	105	81.7	71.8	49.5	77	88.6	93.5	207	106	87.3	80.9	107	121	170	134	161	129	113	132	123	111	121	156	167	224	235	113	105	83.7	68.7	77.2	65.8	74.8	95.9	128	120	117	125	109	94.5	94.9	116	93.4	95.4	76.2	71.7	94.7	78.5	95.2	149	165	116	92.3	64.4	70	44.3	25.2	28.1	28.5	37.6	35.3	34.4	38.6	45.7	39.6	36.6	32.1	38.1	39.5	37.6	31.2	27.9	26.6	23.1	19.6	14.4	14.2	12.5	13.6	11.3	6.93	5.97	12.2	14.6
60.3	84.7	89.2	54.4	64	86.2	70	44.6	40	32.5	42.3	79.6	95.2	85.2	87.4	92.7	89.6	90.6	86.5	90.8	92.2	99.4	90.5	92.2	99.3	77.4	65.5	66	59.8	49.1	50.3	67.2	61	59.5	83.2	84.8	71	92.4	68.9	67.7	152	100	98.2	118	89	70.9	145	129	119	159	225	189	120	129	135	116	135	139	170	146	161	136	73.9	59.1	61.2	49.9	68	81.1	92.5	122	80.2	101	97	110	87.4	86.3	104	120	114	117	71.8	66.6	68.6	74.6	107	173	92.8	98.1	89.3	87.7	91.2	31.8	30.7	30.1	26.9	33.2	28.1	23.6	35.6	43.6	34.6	26	27.7	34.2	30.4	25.3	26.9	24.2	26.4	22.2	18.7	15.1	10.7	9.25	9.42	8.73	5.49	9.2	14.5	16.6
43.2	79.2	82.7	58.8	76.9	133	94.1	48.8	30.5	31.7	50.5	78	108	97.4	75.7	77.2	86.2	92.9	99.9	100	88.7	85.3	74	73.1	74.3	78.9	75.4	64.8	57	56	46.9	54.2	69.1	73.2	93.7	71.4	52.6	43.4	50.7	98.5	150	82	86.6	143	101	108	78.9	168	121	179	147	100	108	116	110	97	118	120	134	132	117	123	73.4	53.1	42.6	33.2	38.9	69.2	71.2	110	83.1	96.8	82	102	77.4	65.9	78.2	127	121	124	56.2	57.3	63.8	112	79.1	158	85.1	87.2	106	104	70.2	27.3	25	26.7	34.3	37.9	26.8	26.3	24.5	25.9	22.6	19.2	25	26.7	25.7	28.9	29	22.1	26.4	20.2	15	13.8	10.2	8.42	8.17	8.54	5.91	8.38	12.5	15.9
31.7	42.4	61.4	53.6	77.7	79.4	68	55.5	36.4	42.9	66.2	60.3	69.9	82.6	77.1	70.3	71.2	84.9	90.9	89.7	87.6	76.4	65.5	74.1	72.5	84.6	91.5	81	62.2	50.8	52.2	61.6	74.7	84.4	78.5	76.6	62.8	57.6	52.2	55.3	73.6	77.9	68.1	112	127	94.3	106	169	147	150	137	148	139	172	155	142	117	125	151	127	101	138	120	59.6	46.1	38	69.8	87.4	83.1	91.1	101	94.7	72.5	73.6	57.8	40.6	104	107	91.1	63.6	58.9	61.7	63.7	55.2	65.7	90.7	76	41.2	51.8	64.5	47.3	48.2	34.1	28.2	52.5	51.7	39.7	24.6	24.3	28.3	19.3	19.5	20.2	20	21	18.7	19.9	32	37.1	30.3	17.1	13.6	15.4	15.5	17.8	15.7	13.1	11.1	16.5	27.3
33.1	40.3	46.5	56	60	52.5	47.5	53.8	62.2	66.5	80.4	74.2	68.8	70.2	75.8	63.6	60.8	77.4	73.8	75.4	79.9	76.5	64.2	64.3	82.3	83.2	74.5	64.5	65.6	53.8	54.4	66.6	59.7	68.5	99.5	110	101	65.5	55.3	51.4	54.7	72	60.3	100	141	118	130	161	141	145	167	147	139	120	105	118	111	136	123	80.6	74.1	58.3	77	53.9	44	50.3	69.7	103	95	96.3	105	85.3	75.2	62.2	38.1	29	47	41.8	39	58.4	63.5	67.2	60.7	58.8	55.3	52.4	96.1	62.3	32.7	55.5	42.8	31.6	25.9	39.7	55	41.1	18.3	14.5	9.53	17.4	15.2	23.4	13.8	18.1	18.3	18.1	21.5	28.7	33.1	24.5	22.1	13.9	20	17.5	16.3	22.2	26.2	12.3	18.1	43
28.2	34	34.3	33.1	26.5	31.8	37.2	56.7	70.9	67.8	82.6	72.5	67.7	61.9	64.8	55.5	53.3	62	62.9	65.7	77.6	103	68.4	61.1	66	70.3	78.6	72	66.3	62.1	59.7	59.5	63.6	70.1	95.7	104	105	94.1	69.8	61.7	57.4	54.4	59.2	113	117	137	158	166	136	132	156	175	157	127	114	139	146	128	96.2	60.2	64.5	51.7	54.2	55.7	47	42.2	38.7	76.4	93.6	116	106	98.4	87.6	56.5	40.9	26.2	53.3	37.5	33.9	40.9	64.1	59.3	49	50	31.1	30.9	40	51.9	30.6	47.9	40.4	54	40	43.4	68.1	43.6	37.7	18.3	17.4	20.6	20.5	24	18.3	21.9	23.9	24.8	21.2	30.4	31.1	24.5	14.8	16.1	19.5	18.9	13.7	9.41	13.5	10.3	21.9	36.3
21.5	27.8	34.7	25	22.5	27.9	33.5	38	60.1	68.7	100	92.7	84.7	88.7	82.3	69.7	62.1	68.8	59.7	58.3	76.6	73.3	89	54.3	59.6	64.8	71.5	75	72.8	65.1	57.9	56.5	65.4	83.4	92	100	98.4	95.1	78.4	67	59.7	49.3	61.5	92.6	96.1	119	159	146	118	122	138	123	159	243	190	140	150	127	129	71.5	72.8	81.2	66.9	69.4	45.7	50.5	50.7	65.9	98.5	86.6	86.4	102	112	72.5	61.2	28.1	51.9	47.9	43	37.9	85	58.8	43.1	39.8	28.9	34.9	24.1	48.3	36.9	26.2	39.6	43.2	44.1	53.8	41.2	68.5	39	43.7	34.3	39.6	25.7	26.9	22.8	21	30.1	36.4	23.4	27.5	31.6	22.3	15.8	14.5	15.1	13.9	8.45	5.55	6.72	9.53	13	21.4
15.7	18.1	30.5	39.8	26.3	27.8	22.5	24.6	34	51.1	92.5	107	110	112	112	104	80.4	76.9	69.4	60.8	61.4	67.8	72.3	59.1	57.7	60	60.7	66	68.5	60.4	59.5	59.6	69.1	91.6	99.7	101	79.7	66.3	66.5	59.5	55.9	51.9	63.8	61.5	66.8	77.1	88.1	121	127	149	143	176	214	253	187	146	163	182	140	101	93.1	85.2	83.2	75.2	61.7	67.1	76	87.5	93.6	85.1	81.4	95.4	103	96.4	71.1	48.5	63.9	141	81.2	66.2	97	65.2	41.8	33.2	35.6	39.6	36.2	89.6	62.3	46.9	46.6	57.8	57.8	70.1	64.5	48.8	49.9	61.9	39.9	48.6	39.7	25.3	27.5	19.8	24.3	23.2	18.9	19.9	22.5	19.1	14.4	14.1	12	9.05	5.85	5.97	5.52	7.49	12.8	18.5
15.7	15.1	17.5	35.8	35	17.6	13.8	14.6	15	28.6	62.9	70.6	109	102	122	149	124	94	84.8	64.3	59.7	58.9	64.8	56	59.9	60.9	50.1	55.4	57.4	59.4	61.8	67.3	69.3	75.3	95.3	88	76.2	74	71	59.1	57.2	60	62.3	73.8	49.9	94.1	99.5	133	171	185	156	194	188	261	202	136	152	189	142	97.5	77	83.4	85.9	82.7	96.1	93.5	98.3	104	103	95.5	92.4	97.1	80.9	81.3	87.7	76.4	78.3	140	84.2	47.7	67.3	65.9	53.8	35.6	27.3	23.6	34.2	45.8	48.6	55.8	43.8	61.2	58.1	42.7	55.7	92	90.1	66.4	61.2	56.2	65.4	34.5	47.8	33.9	29.9	20.7	15.8	18.7	20	15.1	15	14.2	9.48	8.51	7.4	4.6	7.07	4.99	7.69	15.4
15	16.3	14.1	13.2	13.2	12.2	13.5	13	14	23.6	39.4	45.6	54.5	60.2	72.3	90.7	101	99.8	83.1	63.2	62.3	56.6	55.9	44.1	49.1	46.5	44.1	51.3	60.2	63.7	72.3	83.7	81.9	69.9	90.4	77.5	70.6	70.4	71.3	57.6	58.7	63.8	90.3	125	122	171	139	120	167	157	131	179	193	202	158	132	133	143	138	82.9	95.3	81.6	85.6	91.9	103	127	123	106	90.7	99.8	107	90.1	86	86.3	83.2	95.5	92.7	91.4	67	41.3	78.7	107	104	44.7	37.2	32.2	38.7	43.6	48.2	47.2	44.1	52.6	41.4	29.6	51.3	99.1	127	97.5	74.6	61.3	53.9	36	42.8	27.7	25.9	24	18.6	22.8	21.6	18.7	16.8	15.3	10.7	7.99	6.72	5.31	11.2	7.92	10.9	15.7
11.8	13.7	15.8	13.1	14.9	12.7	17.2	10.7	11.4	18.4	52.4	50.7	41.9	49.2	43.6	51.8	64	73.9	73.6	61.2	62	53.9	44.8	37.9	41.2	40.3	38.6	47	52.1	63	70.4	83.4	85.4	73.3	70.3	70.6	81.2	78.2	63.5	55.2	69.4	65	60.5	86.2	133	115	116	106	102	127	122	144	149	198	148	118	119	127	125	95.3	106	98.1	58.3	82.4	100	111	146	127	85.3	85.6	108	101	85.2	93.2	83.4	91.8	152	71.8	40.2	61.6	59	90.5	131	61	46.7	30.8	32.7	39.5	41.8	41.7	33.9	28.1	31.5	62	84.7	107	130	109	77.4	60	45.8	44.1	40.4	32.3	28.1	34	23.8	22.6	18.7	13.8	13.6	11.4	10.9	11	8.47	8.77	10.6	11.8	14.5	16.2
11.7	13	12.3	11.4	12.3	11.7	12.6	15.6	12.6	11	17.2	35.5	32.4	29.8	29.2	37.2	33.9	35.9	44.1	52.1	49.8	46.8	41.4	45.3	48.1	41.3	49.3	45.7	45	57.5	79	78.1	73.2	72.9	81.5	79.1	68.7	71.8	65.8	55.8	68.7	67	61.1	90	100	89.1	83.8	102	83.5	81.9	95.7	110	92.7	130	145	129	112	120	134	88.4	93.8	92.8	84.2	91.6	99.8	111	109	124	110	110	131	107	104	86.4	79.7	78.1	98.2	72	69.3	72.8	54.3	62.7	88	65	43.2	26.6	29.6	38.5	40.4	46.4	42	34	44.4	61.2	77.4	93.4	99.8	109	89.1	68.9	57.4	51.9	54.4	38.1	33.7	35.5	31.9	23.9	19.1	17.6	14.7	14.2	13.8	12	10	6.05	5.74	14.7	12	10.2
12	11.9	12.3	11	12.1	12.7	10.7	11.1	11.1	11.2	16.3	22.1	22.7	20.2	26.4	31.6	29.2	28.5	30.7	31.7	34.6	39.5	37.1	45.3	49.2	39.6	44.1	50.4	56.1	63.1	71.1	73.7	68.8	80.2	96.7	72.2	66	63.4	60	59.8	98	69.9	60.6	79.5	64.7	65.1	66.7	118	117	102	76.4	88.9	104	162	126	116	105	173	142	102	87.8	88.1	88.4	104	109	132	107	124	138	142	129	102	97	92	75.7	72.4	72.5	89.7	81.1	73	65.1	50.9	46.3	39.3	28.9	26.3	33.6	40.1	46.6	47.9	45.8	48.9	49.3	52.9	69.1	113	129	103	98.9	74	77.9	77.5	74.8	52	41.8	36.2	29.7	22.3	21.9	19.1	17.2	18.3	13.4	11.7	10.2	6.14	4.89	5.59	11.7	10.7
10.5	11	12.9	11	14	14	12.3	10.7	10	10	12	15.8	16.7	15.5	18.2	24.4	24.7	41.2	48	32.3	36.9	34.2	40.1	51.1	48.1	39.9	40.6	48.1	59.4	64.5	66.8	74.2	74	79.9	77.6	67.4	65.7	66	74.8	93.1	68.9	71.9	60.6	54.7	57	48.2	67.7	90.5	95.3	114	95.4	81	105	124	155	139	92.2	132	134	180	171	123	116	106	109	115	112	118	131	125	108	113	109	102	90.6	78.3	78.9	101	102	84.4	75.1	53.2	40.8	39.7	43.1	30.3	35.3	41.1	39.5	41.2	39.9	51.5	56.4	71.6	92.2	113	123	102	96.8	96.3	97.8	104	85.4	58.5	48.2	39.2	32.2	26	22.9	19	18	15.8	14.4	13.7	12.5	8.72	4.48	7.62	11.9	9.91
8.58	9.97	16	13.6	13.6	13.3	11.3	8.66	11.3	10.9	11.6	13.4	13.1	15.2	15.1	18.3	21	33.4	49.1	43.3	50.8	48	43.2	48.9	47.6	42.1	42.2	45.7	55.7	77.9	62.8	66.3	83.6	75.2	76.7	71.2	70.4	71.4	75.6	69.2	60.3	63.4	55	49.6	51.4	57	85	102	99.2	104	87.2	62.3	77.8	88.3	114	161	109	129	88	125	137	142	129	106	103	115	135	109	93.1	91.1	97.4	105	105	113	114	86.7	90.9	105	136	90	85.4	56.9	50.7	50.8	44.3	30.5	30.1	36.1	36.8	42.3	49.9	58.8	66	83.6	101	91.6	106	96.4	81.9	92.5	93.6	92.3	92.5	66	56.6	45.6	38.4	32.5	26.4	20.2	18	17	15.5	14.6	12.8	11.2	5.21	5.89	9.03	9.83
3.83	10.5	15.1	15.4	9.69	6.51	6.06	6.94	7.57	6.87	8.88	11.2	15.6	13.5	13.8	15.5	18.7	26.5	31.3	30.3	41.9	51.1	40.5	58.6	79.5	71.4	52.5	46.5	51.9	71.7	67.3	63.4	66.5	66.3	69.7	65.4	60.2	61.1	72.8	69.3	67.8	56.4	50.9	58.1	52.3	61.6	66.1	64.9	65.2	72.2	67.7	53.9	51.2	62.3	70	79.1	83.6	71.1	73	94.9	101	100	110	106	105	109	102	80	72	66.9	69.4	75	81.6	84.2	114	105	94.8	93.9	96.8	89.1	80.7	68.6	62.5	47.5	66.4	30.2	25.5	40	52.7	57.6	57.7	87.6	81.3	90.9	106	96.2	79.7	76.8	83.5	71.3	69.2	77	82.8	66	51.8	45.1	38	31.7	27	23	20.5	20.3	17.1	15.9	13.3	6.94	5.64	5.29	7.16	11
3.08	4.49	9.7	17.1	18.2	9.89	10.9	8.09	8.11	6.31	6.9	10.6	13.3	9.92	11.4	14.4	16.4	23.9	22.1	25.5	26.2	36.9	36.8	46.7	59.6	59	63	56.7	51.7	56.6	66.3	57.3	62.8	61	62.4	60.8	63.7	56.1	70.5	89.4	72.2	61.9	54.4	50	48.3	44.8	54.6	60.5	55.8	59.1	59.7	63.8	46.6	44.2	64.5	57.1	52.8	60.8	74.6	84.2	88.8	91.8	102	99.5	103	105	97.3	90.7	68.5	68.2	72.4	76.5	80	79.9	110	121	117	112	97.5	96	95.4	79	62.4	51.2	44.8	39.7	42.3	49.9	80.1	65.3	67.2	93.9	91.6	86.2	106	99.9	88	89.6	95.5	82.8	76.6	79.3	78.6	59.1	53.6	45	38.4	30.3	27.6	24.1	24	25.8	22.3	17.5	14.5	9.56	6	6.32	9	12.2
2.54	2.5	2.72	3.94	19.3	9.59	7.98	8.11	5.91	5.61	5.31	7.38	7.6	9.52	9.9	11.3	13	14.8	16.4	19	26.6	29	39.1	58	86.9	68.2	59.1	60.7	57.4	57.4	53.7	47.3	53.1	55.4	55	60.1	57.2	55.1	67	67.8	64	63.3	54.8	51	44.1	42.9	45.9	109	76.2	56.3	59	58.7	52	36.7	59.6	67.3	53.5	55.9	62.3	113	100	98.5	105	100	109	118	117	89.5	86	76.4	78.7	79.8	82.9	102	120	145	146	133	104	96	103	94.1	78.7	60.5	45.7	38.2	44.9	48.9	61.3	59	61.4	81.7	90	94.2	98	99	105	98.9	97	77.5	78.2	75.1	72	57.9	53.6	47	36.4	30.8	28.2	29.3	27.8	24.8	24	20.4	16.3	10.8	6.96	7.15	6.74	12
3.63	5.18	2.07	2.07	1.82	1.8	1.93	4.19	3.74	4.17	6.66	11.7	6.05	8.33	9.65	10.1	10.4	13.2	14.2	16.3	35.4	35	33.1	45.8	57.4	61.2	53.3	59.3	55.9	66.5	61.2	50.8	47.5	51.9	50.2	53.8	59.2	54.5	55.2	56.5	55.7	63.6	56	54.1	48.1	47.3	50.8	87.6	96	71.7	75.4	94	58.5	51.4	52.7	42.7	38.3	41.8	49.4	63.3	64.3	86.2	100	100	103	137	112	105	95.9	78.7	80.1	91.7	94	95.5	130	151	154	135	95.9	105	104	94.3	90.7	82.3	63.2	47.5	43.4	53.8	56.2	53.6	52.8	71.3	77.1	96.5	121	116	114	105	99.9	88.2	90.4	77.5	76.3	62.4	56	52.1	42.6	35.9	31.9	31.8	29.1	26	26.3	22.7	19.9	11.3	8.61	8.11	7.25	12
0.499	1.59	4.39	8.02	0.632	0.671	0.675	0.981	1.73	1.95	3.2	11.1	5.93	5.91	10.6	8.61	8.55	9.27	10.5	13.1	16.9	28.6	28.9	33.5	36.9	48.8	51.2	59.9	57.6	82.9	111	64.8	58	39.3	30.7	49.9	64.7	57.7	57.6	63.9	62.4	59.6	57.4	58	56.4	62.4	59.1	71.5	82	80.2	70.9	61.7	54.3	46.6	44.2	40.7	38.6	46.5	54.7	55.5	54.4	58.2	69.8	90.6	100	108	97.6	142	105	102	105	99.7	106	104	128	135	133	110	84.8	96.5	90.9	97.2	98.9	106	86.1	58.5	61.4	64.8	63.6	70.4	67	82	79.3	102	108	114	119	114	104	92.1	88.9	84.5	89.3	57.7	50.9	50.3	40.9	36.4	35.9	34	29.9	26.5	26.8	24.9	22.3	17.4	12.9	9.87	8.34	6.8
0.261	0.335	0.712	1.8	1.34	4.27	0.47	0.628	0.571	1.08	2.64	7.48	5.04	5.19	5.99	7.12	7.02	8.32	9.2	10.3	10.9	12.4	26.3	35.8	28.5	31	32.3	43.6	42.4	57.9	101	68.4	80.6	30.8	31.7	46.7	50.9	59.9	58.6	64.7	64.8	64.3	66.3	60.2	54.8	64.5	55.3	68.5	77.3	83.1	81.9	55.5	39.7	42.2	46.9	45.4	43.6	51.5	56.5	67.3	73.3	60.3	53.1	73.3	97.8	119	125	119	105	114	132	101	108	109	135	114	118	111	83.1	90.8	121	119	106	106	80.5	71	68.1	75.3	66.7	67.3	73	80.4	78.3	89.1	107	105	109	118	110	95.5	86.4	87.9	82.7	60	56	53.2	42.6	37.2	40.4	36.4	30.6	28.4	26.2	23.2	22	20	14.9	13.3	8.09	6.01
0.12	0.105	0.267	0.239	0.167	0.416	0.905	0.997	0.364	0.454	1.15	7.89	5.08	4.92	5.27	5.4	6.45	6.96	7.43	9.91	9.12	10.3	13.6	34.6	26.4	20.8	16.8	17.2	19.7	26.5	25.2	39.3	53.1	47.3	48.3	50.7	49.3	51.2	55.2	67.7	72.4	76.2	76.3	68.1	63.3	67.3	63.7	71.3	71.1	81.5	85.7	67.1	47.8	45.7	41.1	40.6	42.6	49.6	67.6	68	69.8	59.3	57.7	73.2	81.2	126	117	127	116	112	110	93.5	91.4	98.3	123	98.6	123	125	136	136	148	131	104	99.6	82.8	72.9	110	98.9	80.4	67.8	68.3	73.1	73.6	89.5	103	103	111	110	111	105	90.3	99	85.5	66.1	61.2	54	46.8	42.8	43.8	36.9	33.6	30.5	26.8	23.1	20.1	14.5	12.7	12.4	12.2	6.79
0.146	0.119	0.101	0.148	0.217	0.179	0.306	1.83	0.536	0.66	0.734	1.96	3.03	4.25	4.57	4.54	5.62	5.23	6.63	7.57	9.78	12	12.8	10.1	20.8	69	19.8	10.6	17.7	12	14.1	39.1	63.7	59.4	57	57.6	53.7	49.5	53.1	72.6	71.7	79.2	79.9	77.1	70.9	70	71.1	74.2	72.6	69.4	79.4	62.7	50.7	40.9	30.5	34.8	35.3	44.2	56.2	62.2	54.5	47.6	46.4	58.3	61.1	82.5	108	87.1	89.2	102	84.2	86.1	90.5	90	104	134	129	139	148	165	145	124	97.2	104	98.6	97.7	95.7	105	83.7	76.3	85.1	84	74.1	70.9	84.3	104	106	107	109	99.3	106	108	99.4	78.2	64.5	57.2	51.9	50.9	45.9	41.9	38.3	31.4	29.4	26.2	23.5	16.8	15.8	18.4	19.5	9.89
0	0	0.15	0.138	0.101	0.0954	0.14	0.551	0.628	1.05	1.33	1.21	1.86	2.46	2.9	3.49	4.32	3.76	6.8	10.7	8.72	8.38	11.2	10.1	9.64	22.5	13.8	3.96	4.4	6.6	4.7	17.6	70.9	82.5	56.8	60.7	61.2	53.6	61.8	91.8	99.9	94.8	113	96.6	101	96.7	99.6	76	73	71.1	68	64.9	60	53.9	42.8	44.3	41.7	43.9	44.9	50.2	48.3	44.8	48	42.9	46.3	65.8	92.7	67.6	75.3	79.3	84.7	96.4	87.7	76.8	75.6	101	116	108	128	145	134	125	97.5	96	98.4	110	88.4	106	93.9	96	111	96.4	75.9	63.2	64.5	86.5	93	99.5	108	107	109	114	111	91.4	81.4	71.7	62.6	52.6	48.6	46.5	35.8	33.8	30.6	27.2	24.4	24.6	24.2	22.6	15.4	14.8
0	0	0	0.109	0.0753	0.0731	0.101	0.363	0.441	0.783	0.866	0.824	0.98	1.19	1.5	5.2	3.53	3.28	4.77	8.75	9.97	7.46	7.84	8.21	9.06	11.2	5.89	4.46	8.43	3.23	2.8	3.18	13.6	61.4	91.8	106	82.8	71.3	68.8	120	125	106	107	101	104	117	110	84	68.5	78.3	73.2	64.3	65	53.1	40.9	48.6	49.2	50.4	47.3	47.8	43.8	45	41.6	34.2	47.5	67.6	86.6	87.2	77.4	87.4	138	173	143	73.7	89.4	125	108	110	117	117	134	125	86	95.7	89.3	87.1	98.2	130	118	98.6	103	105	80.6	73.1	83.4	81.4	86.5	91.4	92.9	113	123	131	121	103	90.2	77.5	57.8	47.3	51.1	46.3	35.3	34.3	31.8	27.3	29.6	26.5	23.7	24.3	20.4	18
0	0	0	0.047	0.0471	0.0672	0.0923	0.322	0.481	0.513	1.22	0.952	0.67	0.73	0.838	4.58	2.52	2.56	3.67	8.71	11.1	7.19	6.71	9.4	12.8	7.11	8.06	14.4	4	2.13	2.19	7.55	8.59	5.66	22.1	82	82.3	75	80.6	124	128	134	115	99.9	108	112	109	83.7	73.5	75.4	73.3	70.2	61.9	48.9	43.8	43.8	44.6	48.2	48.2	60.7	52.5	43.9	38.1	39.4	53.3	95.8	57.5	82.6	88.7	94.6	125	163	155	77.3	120	83.1	88.4	114	116	129	142	109	96.6	106	99.3	119	112	125	115	90.7	91.7	88.4	82.6	83.4	73.3	87.2	86	95.7	108	119	114	126	134	118	94	78	60	44.1	40.6	39.6	32.2	36.3	33.2	32.9	34.6	29.7	28.2	30.7	22.2	19
0	0	0	0.047	0.047	0.0782	0.0959	0.35	0.383	0.543	0.486	0.504	0.531	0.624	0.633	0.631	1.19	2.47	4.63	6.29	4.79	6.51	6.06	5.98	6.28	5.92	6.03	2.57	2.25	3.95	14.2	20.8	25	8.34	5.41	19.8	27.5	36	50.7	92.2	134	146	147	122	138	137	110	74.2	66.6	73.9	74.5	79	63.9	53.6	44.4	43	42.1	41.4	42.3	40.4	43.3	37.5	34.7	42.1	49	54.6	50.5	72.3	104	100	111	129	180	158	98.4	95.3	91	88.9	114	117	124	111	95.5	109	114	121	110	134	132	86.4	81.8	82.4	68.5	70.7	77.4	87.5	85.7	97.6	109	105	104	115	125	114	89.1	75	60.2	44.4	36.1	34.7	35.8	32.6	29.9	28.8	25.8	27.2	26.5	26.9	25.2	24.9
