124	159	224	277	291	255	251	269	183	220	255	261	246	247	250	254	339	299	308	241	250	246	227	203	185	180	154	143	152	210	252	209	193	243	227	271	237	196	176	188	215	217	205	277	257	174	173	174	176	157	140	116	136	154	169	196	158	150	142	138	105	88.1	90.9	69.6	67.2	65.8	63.1	43.9	52.6	73.4	62.7	85.2	72.2	78.3	76.3	93	88.8	102	115	82.8	79.3	104	110	102	43.3	25	28.2	4.74	19.3	3	2.85	9.27	14.1	25.2	32.5	21.6	17.2	19.2	31.6	25.1	40.4	25.8	17.2	39	23.9	28.1	33.1	28.6	19.3	18.2	16.2	29.1	32	22.1	26.5	22.2	21.8	40.7	59.8	42.5
185	226	291	430	385	322	319	265	249	257	256	255	313	317	276	244	333	355	237	241	242	210	188	206	294	232	138	143	186	273	255	251	240	296	281	273	202	179	157	160	197	277	244	218	196	143	159	170	153	140	113	148	88	85.3	122	74.5	79.8	82.9	155	109	103	60.4	71.7	78	117	55.2	48.9	56.5	78.3	67.9	64.6	75.7	83	95.2	71.8	85.3	82.6	80	99.2	107	86.8	84.1	75.6	135	113	80.7	50.5	26.4	25.5	20.5	19	3.69	7.38	26.5	25.9	25.5	20.5	14	21.1	22.7	36.9	16.5	25.4	40.1	29.4	12.2	14.1	21.7	22.3	26.4	19.9	6.39	9.6	9.18	13.2	10.3	14.4	37.3	44.3	35.6
240	337	350	416	352	307	328	293	311	236	240	293	324	289	259	310	316	335	212	193	191	210	171	199	248	183	147	176	212	223	324	295	260	261	292	249	189	163	173	185	146	191	211	183	177	131	105	142	113	89.4	88.2	86.5	93.8	101	101	58.7	103	107	126	77.4	76.4	100	94.7	72.5	87	45.9	37.8	63.8	68.6	67.8	64.5	81.2	97.4	110	59.7	75.4	66.4	79.9	92.6	103	113	87.6	84	103	142	97.1	64	38.4	22.7	20.8	21.8	0.96	6.06	11.1	10.1	17.6	30.3	15.4	17.2	30	29.8	13.6	15.2	30	28.4	25.3	19.7	9.03	18.6	17.4	5.19	12.4	20.5	11.7	15.5	9.81	13.3	32	38	35.1
278	395	328	445	334	373	333	280	293	279	356	319	339	263	266	308	280	252	195	157	182	218	160	179	173	155	181	230	219	223	258	286	284	263	238	182	150	140	124	151	128	129	138	125	139	103	95.7	105	111	136	143	119	158	147	103	159	126	120	96.9	59.4	61.9	68.9	109	97.1	74.3	71.6	36.9	57.8	68.4	67.1	66.9	81.4	88.1	89.8	74.9	82.1	80	77.1	77.4	81.3	89	70.3	70.6	88.2	97.3	91.3	83.4	51.5	25.6	24.1	17.5	1.8	2.07	9.33	16.5	30.5	14.9	15.1	15.8	9.81	14.7	3.78	14.9	9.99	8.46	6.96	5.07	2.31	7.53	14.2	9.63	17	26.8	15.3	14.8	14.2	14.2	25.4	22.3	21.5
279	326	343	447	368	434	364	301	301	282	298	334	342	272	258	216	207	174	153	123	153	149	149	139	136	158	182	210	218	250	253	273	259	204	180	125	119	143	124	88.1	104	119	138	116	107	109	120	138	148	137	146	156	163	107	126	137	116	123	114	89.8	104	94	135	117	101	83.8	62.3	90.1	72.5	58.9	63.5	88.9	100	92.8	81.2	104	83.7	69.6	72.3	88.6	86.4	64.8	76	96.7	65	79.6	68	41.3	33.5	27.4	16.4	0.27	0.03	4.32	8.88	15.9	16.4	20.8	3.51	2.97	12.2	4.74	5.43	4.23	4.53	3.69	11.6	4.29	1.47	4.41	3.45	6.63	22	10.4	18.9	15.1	10.4	10.2	11.3	24.6
279	313	317	354	374	399	352	383	407	329	318	245	352	297	292	201	145	139	133	108	126	98.2	114	143	151	197	237	267	266	298	290	239	203	179	219	155	142	146	138	91.7	93.7	93	115	108	119	125	144	132	132	131	141	138	130	111	86.7	101	109	119	120	81.3	82.5	66.6	105	129	95.9	78.4	85.6	91.7	53.2	36.4	37.9	58.3	80	78.6	74.3	99.9	92.7	92	53.5	60.1	65.3	72.2	67.9	68.5	44.9	35	29	31	34.1	35.7	14.2	0.78	1.23	0.81	3.3	3.54	8.13	6.09	3.72	0.21	9.69	17	11	9.75	13.3	3.27	3.72	1.68	6	1.98	8.67	13.9	21.9	24.8	19.3	19.6	18.2	17.7	23.8	31.9
253	255	260	242	259	321	321	307	355	300	387	261	280	326	295	253	207	155	138	121	124	137	162	188	157	214	239	249	254	241	223	167	154	153	180	180	137	121	113	117	91.8	78.5	97.9	75.5	102	125	98.8	105	104	113	138	136	125	107	84.8	92.6	86.6	101	122	115	87.3	68.2	88.6	99.8	69.6	79	50.3	43.2	32.2	28.2	42.8	53.2	60	45.3	52.8	60.9	65.5	79	65.5	66.9	56.8	66	80.5	55.7	30.9	33.6	38.9	22.8	11.5	35.6	22.7	14.2	1.41	0.84	5.58	1.2	1.53	2.37	0.24	4.59	12.1	7.77	4.71	8.91	7.29	5.01	4.02	9.09	12.6	14.4	24.5	17.3	11.1	7.95	16.8	26.8	19.4	10.2	22.9	21.7
219	260	226	211	229	253	342	273	284	312	354	276	313	336	227	257	265	166	151	120	123	163	207	185	171	207	255	233	224	200	197	169	122	133	157	160	115	95.9	90.2	91.8	92.4	87.9	83.1	76.9	96	88.7	121	118	110	113	146	141	135	115	104	127	117	104	151	136	92.4	72.9	64.5	68.4	74.6	43.3	17.9	32.4	19.2	36.1	67.1	51.8	39.6	48.4	33.2	44.5	46.1	63.4	79.5	34.8	44.3	53	52.3	56.9	63	28.3	37.4	12.9	10.9	33.9	17.9	3.82	2.52	0	0	0	0	0	1.53	2.22	16.5	9.51	7.5	5.16	2.52	2.31	8.79	7.08	8.85	14	18.5	9.96	7.92	6.6	7.92	9.87	8.94	8.19	12.3	5.13
215	236	222	186	245	317	389	388	292	236	270	290	286	286	224	150	168	165	154	178	138	167	175	195	201	211	220	210	168	142	157	112	100	147	188	192	147	117	95.6	92.7	90.5	107	111	97.8	97.8	109	94.1	108	107	109	126	131	109	129	119	116	106	93.9	103	83.9	75.9	50.8	37.6	42.2	44.2	23.6	24.5	30	37.5	59.6	81	53.9	55.3	51.8	51.2	43.8	55.7	37.8	41.5	46.5	35	43.1	40	38.5	45	40	26.3	18.1	11.3	27.8	22.9	0	0	0	0.72	0	0	4.08	0	1.17	4.47	6.99	3.72	3.03	4.08	1.41	1.14	15.2	5.34	1.02	1.68	0.9	6.21	3.09	4.38	3.42	0.99	5.46	4.95	8.37
154	159	208	180	183	285	277	251	214	188	197	193	238	159	148	103	119	134	173	202	178	169	123	167	171	129	131	160	148	131	125	107	155	148	181	197	191	113	103	81.5	74.9	103	126	105	108	131	107	129	111	126	127	129	122	126	128	136	107	103	103	81	50.1	68.9	49.5	35.5	51.8	30.6	65.1	48.8	67.8	110	88.3	74.7	84.1	63.7	52.9	49.7	73.4	27.7	28.2	41.7	47.7	44.3	32.9	48.6	54.8	43.9	22.1	24	20.8	39.9	36.7	8.69	8.47	8.3	8.27	0	0	2.31	0	1.95	2.55	0.84	4.86	7.65	5.76	4.77	2.7	1.41	9.42	6.12	2.19	4.5	9.48	2.19	6.63	3.03	0.24	3.24	4.98	12.8
145	195	219	227	226	290	265	286	254	196	268	190	206	257	177	180	154	146	150	160	149	175	169	184	168	125	126	149	132	148	128	126	169	113	106	201	159	174	113	86	110	118	111	98	102	120	103	126	139	134	130	138	165	155	141	120	109	117	132	90.4	91.6	109	102	63.2	53.5	83.5	66.1	44.1	54.2	89.7	64.9	69	69.8	47.2	48.6	112	74.7	28.1	24.1	30.4	40.2	47.4	28.9	28.7	54.6	45.8	33.8	27	19	16.3	53.1	15.8	8.77	8.29	8.29	0	0	2.88	3.33	0.21	0.03	0.66	0.6	1.68	3.6	3.36	3.3	7.14	6.96	5.43	3.39	1.35	1.71	0	0.39	0.09	5.7	0	3.33	4.5
210	186	189	194	200	272	322	331	218	223	268	224	248	291	229	273	289	209	156	133	138	124	146	212	209	206	175	185	185	169	148	130	136	103	98.1	113	138	158	159	115	105	122	113	122	122	115	113	140	146	138	137	201	191	174	142	134	103	114	125	94.1	71.3	106	111	110	118	117	108	74.7	68.2	86.6	88.9	80.9	45.6	43.3	43.2	78.4	39.3	40	29.5	28.6	58.9	79.8	68.3	46.3	38.4	32.9	34.5	20.8	20.6	13.8	40.7	28.3	8.77	8.67	8.44	0	0	2.61	1.77	2.64	2.7	0.51	0	1.74	0	0.6	1.05	0.27	2.64	4.14	2.37	0.36	3.27	8.04	3.93	0.66	0	0	0.99	0.06
246	230	288	229	194	302	355	282	262	305	279	231	238	241	243	226	218	204	194	150	167	219	164	233	225	164	147	198	162	160	165	120	137	129	159	147	154	157	112	134	133	113	114	130	118	102	112	152	148	131	153	199	197	192	143	136	123	129	131	73.7	61.5	64.8	113	111	151	153	158	158	118	78.9	94.2	48	42.4	44.6	47.2	38.8	48.8	55.1	48.7	39.1	72.4	102	74	44.5	54.9	37.8	24.6	23.9	18.4	25.2	39.2	29.9	10.6	11.2	8.5	2.79	0	0.81	2.1	0	0	0	0	0.6	0.21	0.36	1.05	0.51	6.09	6.9	4.65	0.87	0.24	0.57	0.36	5.1	0.06	4.44	12.3	12
238	299	294	265	234	269	334	307	228	245	275	195	216	214	271	213	259	238	209	128	106	185	228	239	193	151	185	170	123	121	117	117	136	123	142	121	105	90.4	79.1	126	121	98.9	105	132	130	178	127	158	156	147	160	174	175	145	152	152	157	166	156	83.1	70.6	88.8	111	185	160	143	175	243	210	99.1	63.4	65.9	58.4	44	37.4	64.1	70.3	40.7	46.4	46.1	75	107	66.5	55.7	50.1	37.6	52.7	37	21.8	21.2	22.1	34	22.1	9.15	9.12	5.09	7.34	5.25	7.81	0	1.56	3.81	0.06	0	0.24	1.14	1.92	3.12	10.4	3.18	5.04	0.15	0.39	4.5	0.06	6.63	8.67	6.54	5.28	1.32
255	286	284	300	248	303	342	312	252	239	286	275	276	253	239	189	230	257	152	130	148	162	245	228	193	214	199	148	114	155	211	170	148	95.4	107	119	84.8	82.9	83.2	98.6	109	110	114	156	177	142	130	156	156	155	158	183	183	150	144	142	207	170	126	85	85.6	148	149	252	180	94	123	189	208	68.7	47.9	65.7	76.4	76.1	65.8	82.8	71.4	71.2	49	24	63.8	85.4	81.5	67.7	44.6	42.1	51.3	40.8	34.5	24	14.7	39.3	36.7	25.7	19.9	1.68	9.9	12.4	9.91	6.72	1.2	0	0.42	0.12	0	0.24	4.32	2.52	2.76	2.52	8.04	0.72	0.15	0	0.12	6.69	0.48	0.18	4.41	0.21
302	352	298	263	210	292	337	265	241	240	296	236	304	233	239	214	232	212	141	123	132	155	197	225	251	233	226	191	127	217	241	155	139	91.2	90.7	148	81.7	86.8	73.9	91.4	112	119	142	121	122	128	127	165	167	175	168	172	179	154	146	146	220	193	143	128	171	177	240	188	87.7	60.6	86.8	120	90	47	51.8	50.8	69.2	104	80.6	67.5	107	135	72	39.9	44.6	51.7	54.9	63.8	44.6	60.5	46.4	36	24.6	12.4	11.4	29.8	27.6	27.9	26.1	2.33	4.17	4.78	6.06	2.37	2.25	0.06	3.69	0	0	0.51	2.52	0.39	2.07	2.64	2.52	1.65	2.1	0	0.09	9.99	4.89	0	0	2.61
313	321	322	193	180	274	294	246	345	344	340	224	223	224	192	225	223	187	142	116	147	155	168	174	228	173	165	186	174	221	147	107	104	97.4	115	95.7	96.1	130	189	141	132	125	114	119	125	136	134	184	199	181	184	181	163	157	173	172	195	210	153	104	171	207	226	126	79.6	53.1	85.4	93.4	48.5	46.8	73.2	76	67.5	92.1	83.7	32.7	67.5	187	97.5	43.8	50.3	65.8	54.6	65.7	49.9	49	76.7	58.1	25.8	18.6	12.9	25.5	31.4	36	26.4	2.97	3.41	1.6	1.6	2.22	5.25	2.04	0.15	0	0	0	4.17	0	0	0	0	0.39	4.74	0	1.02	3.78	0.18	3.12	5.52	8.76
290	263	274	216	182	160	172	221	294	313	320	263	224	203	201	220	191	161	186	160	147	162	131	153	157	135	142	165	188	184	136	99.2	93.2	145	150	119	186	219	173	174	154	126	114	119	129	127	153	179	176	180	193	186	172	147	145	129	148	178	159	111	73.6	138	117	80.8	71.9	84	56.4	42.9	44	83.8	103	95.7	51.9	41.1	50	61.5	59.8	92	45.8	85.1	103	36.2	74.9	98.8	98.5	131	149	75.1	35.6	10.4	9.63	18.4	28.9	18.3	11.5	8.42	11.3	8.21	8.12	1.02	3.15	2.4	0	4.29	2.37	0.12	1.68	0	0	6.42	0	0	0	0	4.8	0	0	3.81	0.09	0
223	265	250	197	169	177	221	207	211	251	323	282	350	276	267	209	188	174	189	181	166	180	133	140	168	149	175	176	174	184	161	133	134	160	173	137	192	167	120	106	114	127	129	138	135	123	147	150	158	148	186	182	165	178	157	110	97.3	138	123	106	82.2	76.3	120	106	74.5	76.1	81.3	82.6	65.7	107	89.8	108	43.3	32.7	48.5	98.8	127	84.3	62.3	75.4	83	100	81.3	104	109	163	150	61.8	39.5	14.3	10.3	27	19.6	10.8	9.27	9.3	9.19	10.8	7.93	1.92	4.35	2.43	0.99	0.09	0	0.96	0	0.45	4.44	0	0	0	0	1.17	0	0	0	0	0	0
240	283	249	195	206	231	209	166	178	233	322	287	308	288	240	199	228	188	178	178	159	137	157	119	139	172	188	242	173	187	134	114	150	140	170	139	138	102	104	109	117	130	137	143	117	103	126	133	193	174	186	172	159	201	175	167	118	123	164	92.3	85.7	122	113	134	120	157	110	109	99.4	87.4	77	73	40.3	32.4	45.7	63.8	167	150	83.2	57.2	98.8	118	101	62.1	81.2	107	150	61.2	35.1	25.1	18.6	22.2	12.5	12.8	9.73	8.64	14.1	7.45	8.19	6.93	1.35	1.77	3.18	0	0	3.21	0	5.58	0.45	1.11	0	0.03	0	0	0	0	0	0	0	0
214	185	201	201	174	208	188	182	190	261	326	301	286	266	232	244	273	205	203	184	144	123	109	110	146	175	220	250	217	197	148	109	107	134	172	135	101	103	150	128	110	137	122	97.4	97	91.4	85.7	123	175	177	161	126	119	172	172	204	131	105	203	174	165	154	154	156	211	229	104	106	79.7	104	89.4	89.2	47.5	40.2	34.7	83.4	135	121	80.2	67	147	115	84.3	89.4	55	52.7	52.8	25.4	16.8	18.5	17.3	12.1	22.8	12.4	9.46	8.29	7.75	8.15	7.22	0	0.27	0.69	0	0	0.09	3.12	23.8	10.9	2.04	0	0	0	0	0	0	0	0	0	0	0
185	143	131	216	203	196	265	215	266	288	300	271	310	320	313	291	255	231	215	163	156	135	159	149	135	183	201	212	224	173	136	114	89.8	126	135	139	135	127	125	104	89.5	96.6	127	101	92.7	96.4	95.2	103	132	138	141	96.7	79.6	94.4	75.6	140	79.8	84.7	113	135	139	134	198	165	137	139	135	114	112	124	71	78.6	55.4	38.2	33.3	79.8	41.4	58.6	59.3	77.5	103	85.2	65.3	68.1	39.3	36.7	33.4	28.8	21.7	32	22.3	19.7	21.2	13.6	10.6	10.6	10.3	8.86	7.57	7.24	6.91	8.26	5.63	7.82	7.54	6.3	10.2	5.93	7.38	17.1	8.96	0.24	0	0	0	0	0	0	8.04	6.69
126	155	130	182	246	190	242	248	227	246	240	231	264	248	270	245	222	175	184	141	132	127	143	154	160	177	225	206	193	154	119	142	131	121	103	138	108	85.6	115	78.3	70.9	79.6	102	107	119	117	150	147	156	138	144	173	117	98	76.2	103	123	84.7	106	109	106	138	174	179	151	138	172	198	167	132	71.3	71.7	39.7	27.6	17.6	53.1	75	42.3	80.5	113	173	132	87.9	71.5	56.5	49.9	37.6	27.5	28.1	48.3	38.3	50.3	94.4	73.5	82.7	70.4	31.8	23.3	15.9	12.7	9.28	6.08	5.69	7.76	7.15	6.42	6.08	5.65	5.33	17.1	8.99	0	0	0	0	0	1.86	9.66	10.6	2.25
135	142	166	220	180	142	171	222	218	278	267	208	202	227	223	255	224	199	185	143	115	112	147	147	168	173	197	193	164	139	146	245	157	135	122	148	109	85.8	83.4	96.9	91.3	80.5	87.7	111	127	139	129	176	158	157	137	135	132	115	107	93.2	86.7	91.9	73.9	112	93.7	103	112	120	108	86.9	114	123	119	117	101	81.1	67.7	40.2	20.4	53.9	38.6	54	79.2	127	170	70.3	51.5	46.2	39.2	43.9	36.8	35.9	49.3	62.7	80.9	71.9	172	111	97.6	118	63.3	33.7	20	20.4	15.3	10.2	8.37	7.92	6.98	6.44	6.71	5.61	5.25	5.07	5.07	0	0	0.03	1.8	5.25	0.15	5.07	0	1.83
180	181	216	274	186	175	193	191	197	273	248	193	189	225	217	219	297	238	208	145	138	110	122	140	157	186	244	228	202	181	142	164	127	156	98.5	105	91.2	79.5	88.8	124	118	90.3	94.1	107	115	105	111	147	179	161	126	85.6	116	101	94.8	93.7	70.3	84.9	83	140	80.5	91	117	127	112	109	106	99.5	101	122	129	122	98.6	56.6	52.6	56.9	71.4	63.6	89.4	80.1	82.4	63.5	50.4	51.5	50.4	51.5	50.2	61.8	64.2	103	132	142	179	135	107	108	77.9	29.7	24.8	28.5	18.1	15.5	18.5	26.1	20.2	17.9	10.6	6.72	6.05	6.7	5.06	0.0122	0	0.63	3.63	0.15	0	0	0	5.28
237	235	258	245	199	211	215	193	193	234	234	256	197	218	196	212	257	219	239	157	126	109	125	141	138	168	214	226	199	170	138	149	188	158	140	136	195	97.1	206	244	155	124	111	99.6	92	70.5	73.1	122	157	118	109	92.6	70	69.9	70.3	67.8	79.4	120	85.7	87.7	53.8	82.9	102	105	102	116	137	92.3	113	138	151	174	129	77.7	78.8	144	193	120	110	92.9	97.4	90.8	70.5	71	60.2	80.1	78.8	83.5	115	128	181	248	215	101	92.4	106	51.4	24.9	26.4	30.8	31	20.9	37.5	45	20.8	14.1	10.8	21.6	16	14.2	7.68	6.89	9.51	7.76	6.31	5.81	6.46	5.87	4.93	0
216	248	233	212	207	238	238	230	218	253	259	259	212	231	193	177	194	195	271	172	150	114	132	172	186	173	190	185	160	165	129	107	187	241	189	179	246	225	250	144	148	137	113	117	83.1	74	61.8	105	109	113	107	71.1	36.2	34.3	61.6	72.8	79.6	98.2	66.3	103	71.3	97.1	99.4	62.6	87.6	90.8	91.1	81.8	107	102	91.6	119	111	146	131	129	150	98.2	86.7	129	96.4	97	108	81.6	76.3	73	74.7	83.2	104	119	143	146	126	72.4	123	142	70.3	29.5	19.6	40.4	90.2	46.4	49.5	36.4	23.3	19.4	13	11.6	19.8	20.4	20.8	18	9.95	8.7	6.9	9.24	5.12	5.04	4.93	1.08
206	243	211	180	214	225	259	247	246	295	251	280	209	332	260	212	172	123	139	175	150	127	132	153	147	157	162	162	152	178	162	153	183	263	261	268	242	225	179	129	121	127	116	78.3	71.3	71	93.2	92.4	85.3	94.9	133	85.3	48	33.1	41.2	78.5	62.1	91.7	79.9	99.7	81	75.1	58.5	48.6	63.6	90.9	59.7	58.8	46.8	70.2	91.2	125	144	161	127	128	115	89.8	89.1	103	74.2	76.7	102	80.7	62.7	62.6	76.1	85.8	94.3	85.5	74.1	77	83.8	52.2	65.1	46.4	49.1	57.7	50.8	87.3	114	91	66.1	66.4	44.3	40.4	27.1	33.4	19.2	27.8	21.8	15.9	21.4	12.6	12.4	6.82	6.02	5.56	4.8	0
221	229	191	203	214	179	220	222	280	252	250	217	183	233	259	184	161	139	143	158	154	141	168	142	157	174	150	156	142	170	159	164	194	215	261	228	106	134	118	121	123	169	156	110	91.8	102	137	111	89.7	98.3	125	90.1	66.9	70.7	46.9	42.2	34.8	44.1	55.5	76.6	100	78.3	72.4	71.6	82	76.1	51.3	65.9	53.1	60.5	55.4	66.1	113	113	119	99.9	87.4	94.5	114	106	71.5	73.5	91.4	73	79.1	80.6	83.4	77	65.6	54	55.2	39	45.9	37	26.1	26	26.3	48.6	65.4	175	119	133	90.5	36.4	44.7	31.8	26.3	23.8	22	23.5	24.1	8.59	8.34	14.5	17.9	13.9	6.34	5.12	4.73	0
226	236	247	253	252	206	212	203	290	320	274	257	190	239	229	207	179	159	155	140	151	120	124	135	117	140	151	136	123	129	124	166	206	164	169	188	172	137	184	127	189	207	213	212	186	139	173	193	141	109	119	84.3	76.4	79.5	74.3	68.6	63.7	69.7	63.3	73.9	80.5	68.8	103	99	94.7	67.6	51.6	54.3	69.3	63.9	62.4	54	53.8	69.9	60	58.2	70.1	89.5	84.9	87.7	79.9	74	74.3	77.9	58.4	52.3	71.2	64.7	57.1	59.4	45.2	33.4	64.8	119	78.5	48.7	63.3	91.3	175	179	88.5	90	85.7	47.8	49.6	42.2	37.4	33.6	19.7	30.6	32.7	9.58	10.9	13.2	7.57	11.8	8.38	4.47	4.43	3.69
201	192	231	265	252	237	257	184	264	410	399	220	210	186	186	224	197	187	199	180	165	130	119	119	113	135	156	191	145	111	111	170	170	180	142	192	191	157	136	154	198	176	138	129	181	119	233	114	96.6	97.4	78.1	70.5	85	80.3	70.6	67.2	66.1	61.8	58.7	53.4	84.7	83.1	88.7	113	108	78.5	56	73.9	81	67.7	73.1	64.7	56.8	67.3	67.4	64.6	65.7	94.4	159	132	99.7	71.2	70.6	65.1	105	85.1	53	78.7	52.8	46.6	43.8	49.9	73	60.2	39.5	31.2	52.2	94.3	68.4	80.8	100	108	93.1	97.2	60.5	44.6	29.4	42.3	32.5	35.7	28.9	7.39	9.23	18.5	6.29	9.53	8.64	5.41	5.54	3.87
225	210	218	230	247	286	259	268	247	352	294	235	156	224	164	161	152	181	178	161	180	137	123	125	154	150	134	163	151	102	122	183	211	204	131	196	145	157	186	159	152	135	122	125	125	148	128	123	110	104	80.6	61.1	67.6	103	85.9	77.1	100	86.6	74.6	71.3	101	86.6	75.6	100	97.5	78.4	50.3	52.1	73.5	74.8	44.4	50.6	49.1	74.8	58.4	116	96.1	117	101	108	105	73.9	76.5	80.7	66.4	82.4	83.8	93.7	69.6	56.1	59.1	64	79.3	51.6	34.1	54.5	82.3	82.6	42.7	66.9	69.8	98.5	114	103	63.8	31.6	21.1	12.8	14.7	30.3	18.4	23.2	17.9	10.3	6.55	9.6	7.42	5.21	4.69	6.4
242	235	232	238	256	233	252	197	361	274	303	296	196	177	204	169	193	191	147	172	202	201	149	161	176	213	182	178	171	134	168	183	164	164	134	171	149	161	202	158	156	132	146	188	196	160	171	141	122	87.9	84.8	65.4	60.4	81.4	98.2	84.9	89.1	101	71.8	64.4	55	73.9	73.5	86.5	72.3	80.4	93.1	69.1	87.7	39.9	42	42.3	53.7	74.4	55.9	92.7	170	123	77.1	101	97.4	86.8	83.2	76.3	71.4	82.2	84.6	81.2	68.8	47.7	62.5	67.3	92.5	55	33.4	47.1	58.8	51.4	48.5	27.5	44.7	81.2	91	97.8	33.3	14	9.85	8.45	10.3	48.2	48.5	35.7	16.7	22.5	10.1	12.9	12.5	15.5	16.4	12.2
238	239	235	216	269	301	324	248	257	207	253	277	217	222	201	189	223	195	172	175	180	183	175	173	210	195	192	149	162	153	159	155	127	112	112	144	136	132	128	187	217	170	169	179	235	161	187	156	135	98.9	62.1	60.7	66.4	65.7	58.2	70.9	75.8	73.4	56.4	59.5	60.2	63.7	47.7	59.8	57.9	69.9	102	81	55.8	52.3	69.7	54.1	53.8	55.4	74.3	112	140	84.4	80	70.8	93.4	103	91.2	71.8	83.6	58.8	44.4	74.6	51	53.9	50.5	44.1	41.5	31.9	26.8	39.5	38.1	36.7	37.5	33.1	38	37.7	36	84	54.2	22.5	13.5	9.61	6.63	41.3	30.2	52.9	24.8	27.1	29.3	22.1	17.1	16.8	8.54	8.42
166	210	265	202	225	325	340	241	214	347	251	233	204	298	206	187	172	187	209	170	168	147	167	165	175	144	144	152	176	148	148	136	144	117	108	153	166	167	136	151	177	185	171	170	198	189	162	193	140	85.5	65.7	51.6	55.8	65.1	80.2	101	88.2	75.3	54.1	56.4	59.2	47.8	35.7	36.7	58.8	103	97.1	100	105	69.8	43.2	53.3	57.5	73.9	87.1	95	97.3	76.6	71.2	83.6	124	110	103	98.9	75.8	63.1	53.6	59.4	50.7	47.8	35.7	35.3	33.2	31.5	37.7	38.1	24.6	21.8	19.4	27.1	32	22.3	27.5	25.1	12	12.7	12.6	8.89	8.66	15.7	16.3	26.1	20.8	32.5	52.1	33.2	26.6	12.5	12.2	8.28
162	185	272	271	366	344	437	265	211	261	259	253	205	266	201	153	159	194	201	175	170	168	155	138	148	135	124	131	126	118	140	134	132	127	116	182	178	162	140	162	144	205	155	151	125	115	125	137	104	87.4	89.1	76.6	77.5	69.6	87.2	112	92.8	74.9	78.9	67.1	54	52.9	54.5	65.2	93	113	146	122	119	86.6	64.8	86.6	83.1	95.8	81.3	104	111	99.3	97.9	104	110	98.2	94.4	64.7	47.7	53.5	37.9	50	48.7	28	21.2	20.3	23.8	27.1	24.9	25.1	23	16	15	17.4	16.9	24.2	23	18.4	6.04	3.75	3.12	2.69	3.43	2.82	1.44	10.6	11.7	29	37.9	33.8	25.2	18.3	15.2	8.8
156	151	240	394	302	264	238	280	203	196	226	208	221	285	240	194	200	209	211	182	176	165	175	131	145	133	126	102	113	101	115	117	123	133	127	158	144	154	123	128	104	115	144	109	112	92.5	108	88.7	104	147	134	102	97.2	78.7	86.4	109	113	96.7	97.3	83.7	67.9	58.7	82.8	97.6	102	121	131	109	120	107	101	122	120	89.9	74.9	90.9	124	114	112	121	137	127	74.2	52.4	54.3	53.8	29	48.3	40.5	32.9	28.3	28.1	23.4	20.1	18.5	30.1	28.5	24.9	25.2	27.1	20.5	21	20.8	18.6	16.2	4.61	3.2	2.58	1.55	1.76	5.62	9.2	8.7	12.1	17.4	23.2	20.2	10.7	11.9	8.26
157	150	227	247	195	182	163	196	156	194	178	233	210	208	173	182	195	222	220	172	168	157	195	149	110	94.3	59	51.3	69.5	101	95	96.9	109	92.6	98.6	126	111	104	87.1	98.8	104	100	88.3	108	103	88.6	87.9	108	127	154	181	130	116	94.7	104	109	117	145	101	92.9	91.8	54.3	93.1	112	140	85.9	85.1	83.1	87.6	101	87.7	117	130	120	104	90.1	84.2	87.6	103	98.7	86	71.4	56.9	38.7	34.6	22.7	22.4	22.3	23.1	23.8	29	32	25.1	28.4	29	41.3	31.5	41.4	41	66.7	35.8	44.8	36.6	12.9	6.24	1.83	1.76	6.89	6.98	6.84	8.84	10.4	11.6	12.2	12.1	13.5	11.3	9.43	9.5	9.91
149	166	204	207	192	159	170	215	181	148	209	226	194	182	178	199	195	212	194	201	173	184	207	166	126	108	84.9	54.6	63.1	114	186	98.1	86.4	92.4	97.3	122	123	108	76.5	89.4	87.8	115	124	140	109	132	137	135	153	144	167	116	127	114	109	117	106	93	101	92	96.7	87.7	73.2	88.5	126	92.3	94.3	118	79.6	72.7	79.1	92.8	150	165	133	125	112	89.9	70.2	62.2	73.9	59.8	50	36.3	32.6	30.5	29.3	22.8	22.2	38	33.9	33.9	27.9	29.7	35.1	48.5	38.1	41.3	58.5	82.6	53.7	42.7	23.3	12.8	4.09	3.27	3.32	9.94	10.1	8.15	8.99	13.8	13.7	13	10.3	10.4	10.8	15.1	16.1	13.2
155	159	196	193	204	162	182	207	177	227	325	236	230	221	206	252	233	242	205	222	167	161	186	157	142	137	127	120	123	140	134	110	106	98.1	93.7	130	125	91.9	71.2	73.2	89.8	134	174	106	101	104	156	125	152	115	146	114	98.2	111	104	119	98.8	101	112	102	127	124	112	78	91.9	78.9	97.8	112	80.3	74	75.6	153	143	151	116	105	105	76	79.8	68.5	72.6	77.8	45.8	36.9	33.8	22.5	16.9	18.5	21.8	32.5	28.6	37.9	31.3	33.4	35.5	38.6	32.4	37.8	40.9	53.8	43.4	48.8	47.5	24.4	2.68	8.47	6.05	9.96	10.7	11	9.07	12.2	15.5	12.1	11.2	10.5	12.7	21.9	20.2	14.1
142	165	176	176	204	174	208	268	254	294	257	211	222	245	247	223	228	240	241	187	191	145	154	166	126	148	182	146	170	200	220	102	86.5	81	72.8	102	86.7	79	77.1	93.3	82	81.5	127	90.4	112	123	183	152	148	108	155	111	105	105	108	120	107	94	96.9	111	118	126	111	104	95.5	91.2	70.5	83.7	91	116	94.1	132	154	113	88.5	117	109	121	97.9	74.9	77	72.9	71.6	65	59.3	26.1	22.6	18	18.4	22	21.6	27.1	27.6	29.6	21.9	29.7	31.1	46.1	44.8	46.6	37.2	44.7	30.9	8.4	5.12	7.39	8.47	12.8	12.4	7.49	8.48	11.8	11.4	13.5	9.57	12	27.6	29.8	17.5	14.5
157	161	182	160	172	174	175	154	166	261	240	181	181	215	234	231	191	213	221	186	168	152	123	91.4	151	162	167	156	176	194	195	87.6	55.1	48	40.6	74.9	60.5	67	71.7	69	60.2	87.1	98.7	106	121	135	157	151	116	109	120	100	132	126	149	184	211	126	111	125	129	164	88.6	110	137	132	72	107	101	111	98.7	129	91.2	101	97.1	106	98.1	74.2	56.7	38.2	42.8	64.6	94.3	101	55.7	14.4	9.65	9.29	14.4	16	10.9	23.5	14.3	13.7	11.4	17.7	24.8	48.9	55.1	35.8	35	40.2	28	13.6	4.71	4.96	4.92	14.2	12.6	10.7	7.43	8.85	9.06	8.95	9.41	12.5	29	32.4	21.6	16
141	147	180	145	145	172	236	154	158	257	230	201	213	237	164	160	198	212	212	150	152	145	113	100	161	197	167	191	163	133	124	69.4	66.2	35.3	44.1	75.5	63.1	53.8	76.4	72.7	55.4	64.6	76.8	111	122	158	142	142	133	177	162	133	186	128	141	172	171	109	125	160	209	168	131	183	154	107	94.5	107	110	93.3	92.4	168	146	89.3	85.9	90.9	99.6	86.3	62.7	33.6	42.4	71.3	53.9	56.8	45.8	16.9	12.7	17.1	22.6	34.5	32.9	26.5	16	11.6	12.6	26.1	27.2	30.5	40.7	34.7	45.3	37.3	23.9	18	21.9	14.3	23.2	23	26.4	13.6	9.24	8.85	8.63	9.31	12.4	12	20.7	19.8	14.5	13.2
124	156	175	126	130	155	237	171	143	207	269	212	195	228	174	160	217	200	206	197	143	153	108	65.1	146	210	201	169	204	139	139	90.5	46.6	30.6	36.9	69.8	54.2	60.2	57.8	56.7	62.2	57.8	70	105	148	135	123	152	207	167	145	154	141	110	140	197	166	129	132	170	198	158	135	206	201	101	84.1	91.3	84.8	87.4	89.3	140	119	69.9	89.4	91.9	93.2	100	101	68.4	52.2	49.7	57.5	47.3	26.6	38.9	46.7	38.6	36.2	36.7	27.3	26.2	23.8	16.7	14.9	31.3	32.7	30.2	22.2	30	52.6	34.2	22.9	24.6	43.2	21.3	19.4	33.9	32.1	10.3	11.5	8.98	8.66	10	10.2	10.3	9.75	10.2	10.3	9.36
128	141	154	148	127	136	182	157	153	130	227	213	194	212	186	158	152	179	188	241	124	103	92.3	92.7	97.4	144	139	150	173	157	109	86.1	59.6	34.2	38.4	51.9	46.4	51.9	59.8	67.6	64.6	91.9	96.6	136	137	111	88.4	79.4	89.7	113	185	131	101	95.2	94.1	104	120	153	215	158	112	136	161	188	140	109	90.7	90.3	117	115	110	107	113	79.3	95.5	97	99.5	117	124	109	76	75.7	86	58.3	40.6	68.9	74.5	53.3	47.6	42	39.2	35.9	30.5	19.4	21.8	48.5	41.7	30.8	34.9	46.9	53.7	35.1	21.6	32.9	65.6	29.9	56.3	40.9	28.3	17.2	7.66	9.16	8.76	8.33	7.8	9.99	9.23	8.39	7.47	6.82
121	144	187	121	111	111	140	132	151	135	233	208	157	143	123	130	126	114	149	149	126	119	97.8	91.3	75.3	101	137	144	152	128	122	96.3	69.3	55.2	50.5	67.5	58.2	62.6	54.6	66.4	77	91.6	111	112	83	85.2	66.6	80.8	101	97	152	98.9	116	88.7	98.3	110	134	140	126	116	116	140	132	101	100	111	82.1	54.6	75.4	69.5	108	150	104	90.6	63.4	72.5	92.8	90.1	113	109	73.9	86.2	64.5	46.2	53	73.1	45.7	37.1	47.2	55.1	45.2	39.8	39.2	16.5	22	63.8	54.5	26.8	28.2	28.9	22.5	17.8	17.7	28.4	33	26.7	28.2	24.5	21.6	14.8	10.7	6.63	6.29	5.9	6.43	6.98	6.32	5.64	4.92	4.08
140	144	159	95.4	93.3	112	133	127	123	111	190	187	129	96.1	96.4	115	90.1	75	98.5	114	118	118	72.8	76.4	114	133	126	108	106	119	112	79.1	70	83.5	79.8	71.4	103	74.7	68.1	77.4	71.5	80	107	89.5	77.8	84.4	77	102	105	72.4	90	137	169	152	173	91.7	115	125	141	143	150	111	60.6	67.7	105	90.4	87.9	69.1	61.5	67.6	82.5	92	104	70.5	109	167	108	85.2	90.7	83.4	82.1	71.1	59.7	52.7	62.3	52.5	60.7	49.2	54	44.6	36.4	30.8	37.6	35.4	40.3	65.7	39.1	40.7	29	32.3	25.3	17.2	13.4	37.9	35.7	22.1	19.2	17.3	18.2	13.5	14.2	6.74	6.36	6.74	6.42	6.75	5.96	5.18	4.39	3.49
139	157	156	109	125	118	131	100	111	98.4	144	148	122	102	91.4	101	98.3	63.1	66.6	88.4	96.6	89.8	64.4	110	185	217	162	121	133	103	88.5	78.2	69.3	100	67.2	67.6	70.6	56.6	85	84.7	84.8	76.2	65.9	73.2	69.1	77.5	77.4	87.6	85.1	68.2	85.1	87.4	105	112	116	71.7	94.2	81.7	109	155	126	93.3	112	106	102	66.4	71.9	80.2	81.4	76.7	82.6	76.3	64.2	84	120	192	120	96.6	155	124	85.7	58.2	64.9	62.8	98.8	94.6	68.3	59	76.7	50.5	62.8	31	23.6	35.9	31.2	38.4	30.4	28.2	19.8	43.7	30.3	29.6	14.8	38.5	42.3	26	29.1	21.4	11.4	14.7	14.4	8.78	6.48	5.96	5.32	6.52	5.55	4.7	3.87	3.75
171	150	114	84.6	121	87.4	91.3	93.7	98.3	111	124	126	134	108	140	101	74.9	77.3	70.8	63.9	77.4	133	74.7	108	105	141	122	99.2	124	86.6	67.3	62.8	54.5	106	72.1	55.6	56.9	56.5	72.4	75.9	77.9	67.6	59.5	65	89.9	94.3	86.5	106	91.4	76.7	116	121	90	79.6	82.7	61	74.5	71.7	92	108	58.1	109	155	107	81.9	79.5	60.6	71.9	81	71.2	59.2	101	102	71.2	77	97.6	122	79.6	127	117	96.7	69	59.1	73.3	101	109	101	68.3	63.2	65.6	65.5	49.1	36.8	33.6	30.4	21.2	20	19.3	16.5	24	22.5	20.4	15.2	9.71	13.6	30.1	49.6	18.6	15.8	18	24	15.3	9.55	6.02	6.28	6.9	5.15	4.2	3.45	3.2
119	105	153	118	103	98.4	80.5	67.6	91.6	113	132	110	117	123	162	109	80.9	77.2	67.1	77.7	100	126	102	134	126	155	148	91.8	115	113	93.3	83.2	74.1	112	97.3	60.6	57.1	58.1	60.6	64.2	74.3	76.8	82.4	78.1	88.2	96.6	95.6	93.8	106	97.6	142	181	186	92.4	103	65.5	64.8	60.9	66.7	69.2	54.2	66.9	144	71.7	49.2	57.8	41.8	46.6	58.9	58.5	62.6	72.5	86.1	70.9	49.4	43.3	44.7	48.2	72.3	63.7	114	74.2	73.8	44.6	61.7	82.2	56.1	66.3	100	54.6	65.1	55.8	50.2	23.3	16.9	30	21.9	16.1	20.4	23.4	39	23.4	15.8	18.1	15.5	39	32	20.7	17	14.1	21	8.99	6.79	2.66	2.71	4.42	2.74	2.11	2.14	1.5
119	111	130	140	96.1	123	95.1	68.9	94.7	106	110	120	118	141	121	99.3	78.2	72.5	49.9	94	108	116	106	114	103	120	220	155	169	157	118	78.7	61.8	76.9	61.4	65.7	53.9	55.4	54.3	67.3	63.8	70.1	82.8	87.8	90.1	96.8	94.1	81.4	94.3	107	159	130	117	144	120	56.8	55.8	42.9	51.5	34.1	53.9	117	170	79.3	66.3	67.9	68.1	68.8	87.5	42.2	34.3	65.8	60.4	78.2	58.5	69.8	50	49.8	92.1	61.4	71.4	76.8	73.1	47.7	65.6	77.2	25.2	25.2	32	51.1	40	43.3	43.2	27.3	31.4	38.3	28.5	18.4	19.1	29.6	18.5	17.3	15.1	22.2	24.9	50.8	22.4	18	22.6	25.7	19.7	8.32	7.37	2.28	1.6	3.35	2.44	3.52	1.38	0.679
143	109	134	119	99.1	93	90.9	73.3	84.1	126	135	131	110	145	131	89.4	86.3	69.1	53.5	83.1	118	111	73.4	93.6	125	130	133	151	176	158	157	70.2	64.5	95.2	102	64.6	56.1	53.2	85.6	74.3	66.4	76.9	67.9	68.7	77	84.2	102	92.9	109	115	149	80.6	74.2	110	82.4	67.4	87.4	72.1	81.5	49.6	71.1	69.5	74.9	83.2	62.2	47.7	46.7	121	81.6	54.7	72.6	60.1	44.5	58.4	70.2	68.2	81.5	52.8	143	97.5	84.1	105	83	51.8	46.3	97.2	37.4	25.8	19.3	27.4	64.6	47.8	27.3	25.2	28.6	52.2	31.2	22.8	15.9	24	24.2	21	16.1	17.7	25.5	29	21.5	18.7	21.5	19.9	20.8	15.7	12	2.42	1.58	3.21	2.21	4.21	1.13	0.529
112	107	156	133	121	94.9	87.1	105	113	138	142	123	122	103	109	82.9	97.3	65.4	63.1	60.8	99.2	73.4	54.2	83.6	99.6	130	106	93.3	105	157	125	89.3	100	86.3	104	77	60.6	51.5	57.3	73.8	68.1	79.4	76.7	67.6	65.9	84.3	99.4	99.3	102	107	104	111	100	55.4	59.9	87.3	57.2	74.7	139	88.7	67.9	99.6	96.8	85.8	80.3	124	60.3	63.1	133	119	119	63.4	50.3	70	68.7	107	113	97.2	127	99.5	124	65.4	52.9	34.4	26.7	78.6	48.4	21.4	15.2	14.3	66.7	73.8	35.3	30.6	34.5	40.4	27	18.4	15.5	26	29.3	23.1	15.9	14.1	14	16.7	20	30.3	33.4	19.8	20.8	7.55	7.15	4.28	1.56	4.68	5.61	2.01	3.41	2.12
124	111	113	151	102	96.8	91	111	114	145	140	103	102	125	128	107	84.7	59.4	63.5	48.2	80.7	67.6	62.1	69.7	72.4	72.9	85.3	160	156	146	160	91.9	142	91.2	97.4	77.6	70.9	60.2	79.2	69.7	70.1	73.6	75.5	69.4	66.3	91.5	110	160	97.2	65.3	56.1	39	53.7	61.2	94.2	60.8	58.4	64.3	70.3	52.1	28.1	36.4	64	92.1	62.9	191	115	128	115	114	97.6	85.6	63.1	74.5	51.3	46.2	87.5	106	92.5	105	109	81.2	64.7	29.6	46.3	63.4	36.3	36.4	20	17.7	61.8	23.6	45.8	25.2	15.4	13.4	15.2	15.6	18.4	34	27.8	18.5	15.7	13.7	14.3	16.2	22.2	74.7	41.4	20.4	20.3	4.85	3.59	1.92	2.67	3.5	4.13	1.43	1.61	0.707
118	125	110	117	92.7	85.5	107	117	103	114	111	91.7	91.3	93.4	103	109	81.7	64.3	62.6	48	49.7	68.9	87.1	71.1	65	77.5	120	177	190	154	137	71.2	93.6	80.7	95.4	73.6	70.6	64	65.4	66.6	79	79.5	84.4	81.3	76.4	68.5	72.4	139	119	49.3	63	44.6	34.5	50.9	101	94	75.1	77	56	38.5	42.6	29.8	38.8	79.5	66.5	77	151	96.9	129	113	74.9	58.9	62.5	67.5	46.6	44.1	78.2	85.7	65.6	86.7	95.7	57.7	60.7	23	21.9	55.7	73.5	72.9	40.9	30.1	52.1	28.7	23.1	30.5	12.9	21.9	17.3	11.3	14.4	23.2	25.9	16.4	14.9	15.6	15.3	14.8	19.5	44.5	16.1	17.3	21.6	3.64	3.11	2.53	3.72	2.07	0.341	0.643	0.119	0.0338
113	117	99	73.3	62.1	69.8	73.3	99.6	110	122	108	74.4	88.3	98.2	98.9	115	108	75.4	67.8	59.1	53.1	50.8	51.3	131	67.6	84.3	77.4	156	195	133	111	67.2	71.6	64.6	80.1	73.2	81.3	77	70.1	75.9	81.1	79.9	80.1	78.3	77.1	91.4	88.9	95.3	74.1	65.6	64.8	59.7	40.1	48.9	101	109	76.3	46.1	65	70.1	47.7	31.9	73.4	63.6	75.1	64.3	60.2	58.5	58.7	58	41.4	33.9	35.7	35.1	37.9	78.2	42.9	41.1	43.5	66.4	80.7	56.5	48.2	26.1	24.1	35.6	39	57.7	22.5	27	47.1	35	18.3	19.1	19.9	17	24.1	16.1	11.7	18.7	18	17	15.4	17.4	19.2	12.8	14.3	14.5	12.2	12.4	11.5	3	3.84	4.03	1.46	0.552	0.278	0.627	1.08	1.22
106	98.2	93.3	71.2	69.3	69.6	79	94.3	113	115	97.4	93.6	85.5	91.2	81.4	93.1	91.6	76.3	58.4	56.7	49	41.7	42.8	46.5	55	60.8	75.1	75.5	99.4	92.4	86.2	49.7	61.6	71.6	90.5	86	79.8	71.3	77.4	81	74.6	74.7	75.9	71.3	79.1	99.8	112	80.7	64.5	78.2	72.6	81.6	61.8	66.1	96.3	95.8	84.1	43.9	60.2	92.8	35.4	33.1	37.3	52.6	63	44.6	52.7	48.3	36.1	67.8	41	40	52.9	39.2	37.9	58.3	27.2	19.2	27.2	43.3	57.6	66.4	64.9	41.4	57.1	26.4	20.8	37.2	32.9	46.6	42.4	17.7	15.8	31	20.7	18.2	22.2	24.1	17.8	14.2	15.6	18.5	15.6	16.1	17.9	13	12.9	9.15	11.5	10.8	8.85	2.91	2	1.66	1.4	0.468	1.26	0.935	1.06	2.21
120	114	140	86.7	66.5	77.5	76.3	122	114	109	107	96.7	93.6	97.7	77.4	58.5	79.5	67.4	58.6	63.8	57.4	52.1	48.5	64.1	59.5	63.4	78.2	86.5	75.9	82.7	72.3	39.9	74.1	73.7	87.4	80.6	67.1	83.9	69.7	65.5	74.8	69.1	59.8	67.4	79	86.4	97.2	97.6	86.3	131	146	124	81.5	108	135	115	85.7	66.8	49	65	45.1	45.9	36.1	65.7	71.7	36.9	32.9	41.4	57.4	43.3	46.1	66	84.5	93.5	82.6	70	31.8	28.8	31	46.4	48.8	48	65.8	37.9	32.4	26	29.8	46.6	46.5	58.7	49.9	14.5	12.8	13.9	9.07	20.2	17.5	22.8	18	13.4	16.4	17.8	18.2	17.6	14.7	11.8	13.9	4.77	5.11	3.3	2.41	1.76	1.57	1.35	1.04	1.2	0.108	2.93	4.36	2.55
124	118	116	74	78.5	79.2	70.3	98.5	123	97.5	80.6	82.4	105	102	71.6	56.7	62.6	64	54.2	60.5	74.8	64.9	63.3	90.1	61.8	61.9	60.4	75.3	67.3	55.8	69.2	49.6	90.1	58.2	62.3	63.9	67.8	85.6	57	53.2	68.9	77.1	68.1	68	70.1	76.2	95.4	101	113	123	134	90.1	97.3	88.6	76.9	105	112	75.4	46.3	38.1	53.1	45.9	76.5	46.4	74.4	48.5	32.6	49	63.3	54.8	41.5	46.1	36.1	55.8	39.8	44.9	31.5	38.8	40.1	43	32.9	46.7	66.5	40.2	41.1	28	18.9	68.7	45.8	25.1	33.1	13.2	12.3	7.82	6.49	16.4	14.7	11.9	9.78	10.5	11.1	12.6	13.7	15	18.6	12.6	10.5	4.15	6.18	2.02	1.68	1.97	1.38	1.17	0.893	0.187	1.73	4.77	4.98	3.8
121	109	96.9	72.6	130	102	77.9	92.8	105	94.5	106	86.4	81	87.9	65.2	57.9	53.4	52	66.4	45.5	63.5	63	48.7	51.5	50.7	55	51.4	74	82.8	81.1	88.4	84	76.2	50.9	60.6	71.2	64.9	74.8	60.3	56.8	66.4	68.2	57.4	72.8	80.2	82.7	82.9	91.5	93.1	82.3	53.1	41.2	53	64.4	68.2	51.6	96.2	76	49.5	27.2	52.6	69.3	58.3	69.2	57.4	50.9	38.4	57.6	69.5	82.8	56.7	47.3	47.8	40.7	38.9	34.9	29.8	27.8	46.4	56.1	53.5	65.7	73.7	37	24.9	22.2	32.3	56.5	40.5	17.6	12	7.47	11.6	6.5	5.33	17.8	17.3	10.8	10.5	18.8	12.2	9.61	9.63	10	13.2	10.4	9.69	5.5	3.74	2.24	2.92	3.24	1.31	1	0.751	0.154	0.0891	4.91	13.1	8.16
96	95.1	92.5	83.1	77.5	96.1	90.9	64.7	97.5	97.2	95.4	93	83.9	97.2	65.6	71.4	82.1	58.4	50.3	50	62.9	54.7	48.7	48.5	57.8	62.1	51.8	63.1	78.3	67.6	73.6	81.1	63.1	58.4	54.8	69.4	84.3	56.4	59	60.8	64.4	59.6	53.3	75.8	59.8	68.4	92.8	103	107	81.3	73.5	60.6	54.6	58.7	68.8	40.6	48.3	56.6	61	76	55.3	36.3	52.4	47.6	47	37.2	49	50.4	59	60.6	41.2	40.3	50.6	46.1	40.9	35	20.3	13.1	24.7	45	53	68.1	59.6	30.9	29.5	32.9	20.1	28.6	26.3	11.9	9.35	4.24	8.31	4.83	14.7	21	16.4	8.86	8.55	14	14	7.09	7.6	6.81	7.57	8.98	6.91	1.69	1.78	1.55	2.09	4.38	5.17	3.39	1.22	0.43	1.99	8	6.51	2.81
90.5	107	109	150	108	95.3	92.2	50.4	68.6	61.9	83.3	75.3	79	67.8	63.7	71.4	72	56.1	64.8	68.9	63.3	64.9	54.6	56.6	59.6	49.2	54.1	73.2	82.8	55.1	66.9	84	76.8	58.6	69.3	98.5	79.3	75.3	78.3	80.6	62.4	30.5	30.8	51.5	50.4	44.3	61.4	65.3	84.1	65.8	68.7	66.6	61.8	70.5	30	24.9	45.1	33.7	35.9	35.7	37.9	23.3	47	37.7	43.1	33.5	30	35.1	48.5	54	49.6	59.1	64.9	58.3	54.1	47.4	34.3	34.5	39.7	44.4	48.4	44.9	49.4	37.4	31	30.3	26.1	22.8	16.6	11.1	12.5	4.36	2.38	4.56	5.97	18.6	14.1	6.77	5.74	9.74	8.08	2.69	5.43	4.53	3.13	3.49	3.51	0.842	3.15	3.06	1.38	1.05	0.814	4.24	2.71	6.07	6.21	6.55	1.67	0.591
96.9	88.9	99.4	110	159	133	124	79.3	89.5	70.4	68.3	100	91.1	55.6	55.6	81.3	70.1	60.2	63.8	69.6	63.1	57.6	55.5	50.5	52.4	49.9	48.5	73.2	96.5	108	65	72	67.7	48.8	66.2	97.8	78	88.3	84.2	95.4	68.1	29.6	41.3	61.2	92.1	50.5	29.4	65.7	78.8	89.9	64.5	59.9	60.1	78	54.9	60.9	43	49.6	46.8	17.8	13.1	33.1	94.1	68.5	31.5	32.3	29.8	31.1	35.6	36.1	41.6	54.2	54.2	48.5	51.4	39.8	38.2	39.6	38.5	35.9	35.8	45.1	61.8	47.3	27.6	32.7	26.9	36.6	19.3	13.5	9.75	6.9	5.16	3.11	16.3	6.55	4.55	5.13	4.9	5.02	7.69	2.19	11.2	6.31	2.25	3.12	3.72	1.57	2.22	1.12	1.15	0.889	1.83	0.274	0.221	0.786	2.06	1.05	0.242	0.15
130	99.2	126	112	98.3	96.5	126	118	130	88.1	65	75.8	98.5	82.4	83.1	73.9	55.5	54.9	63.2	65.8	59.1	56.9	52.1	47.4	46.9	48.2	45.8	60.4	55.4	59.7	73.2	76.9	62.9	60.4	84.8	95.2	80.7	87.6	96.2	82.5	66.5	49.2	56.5	47.5	53.1	28.6	55.3	88.8	107	86.9	78.4	50	46.2	77.2	113	62.7	52.6	33.5	24	16	10.2	20.7	71	66.8	26.9	25.3	27.4	25.5	25.1	25.5	44.1	51.7	56.5	42.1	44.4	42	29.1	27.7	30.6	27.2	32.5	33.8	40.9	49.5	21.6	21.7	22.6	17.8	12	8.63	6.98	4.65	5.62	3.13	8.89	5.98	1.87	1.18	1.97	3.13	2.88	1.27	5.4	5.52	2.62	3.67	2.05	1.82	2.36	1.1	1.53	4.38	1.5	0.192	0.166	0.561	0.455	0.363	0.282	0.18
102	96.7	93.5	81.6	89.6	92.3	112	114	121	99.5	89	118	113	73.8	70	65.2	56.1	55.1	40.9	59.8	55.8	47.2	49.4	48.7	50.4	43.4	36.3	38	37.1	46.9	72.5	68.5	75.3	89.3	75.5	75	86.8	83.5	124	101	94.8	57.9	38.7	115	44.2	55.2	49.9	87	83.3	70.3	103	75.7	60.3	69.7	137	76.8	80.9	51	35.4	17.8	11.3	24	42.6	18.7	18.8	21.1	18.6	21.1	23.5	31.4	51	41.4	51.2	40.7	33.3	29.5	25.5	27.3	29.4	21.7	20.9	27.6	29.2	16.2	21.1	14.9	12.9	10	6.57	4.85	3.44	3.71	1.21	1	7.43	9.84	5.14	0.714	0.684	2.88	3.06	0.641	1.16	4.67	9.24	7.97	5.27	2.5	5.49	3.96	6.86	4.44	2	0.343	0.162	0.581	0.505	0.422	0.335	0.221
107	109	124	97.4	80.9	86	59.3	85.2	113	128	121	93.2	102	70.7	59.8	42.4	46.7	42.7	51.6	45.6	49.9	51.8	46.6	47.7	50.4	43.2	31.2	32.4	33.5	31.5	48.6	61.4	60.8	76.5	45.4	45.3	60.1	79.2	69.3	72.5	86.3	75.4	67.2	55.1	31.7	38.8	61.2	48.6	61.5	70.5	78.3	86.7	77.5	66.1	48.4	47.6	67.6	54.4	42.6	40.4	41.3	46.2	60.6	30.6	31.3	18.6	16.5	32.9	25.7	37.7	43.3	52.5	61.4	49.6	38.6	39.3	22.4	21.2	36.1	20.2	23.6	21.3	28.8	21.9	21.8	21	12.9	6.99	3.13	2.86	2.21	1.91	0.588	1.53	4.38	3.45	3.57	1.46	1.92	2.04	1.4	0.614	0.589	0.721	1.74	3.19	5.29	9.94	10.2	7.59	9.58	9.62	9.03	4.17	2.17	2.21	1.04	0.907	0.726	0.397
120	107	127	110	95.4	77.8	77.3	89.9	98.2	131	137	103	87.1	97.1	83.6	46.7	40.3	37.5	34.5	41.2	43.9	45.3	38.3	32.6	41	48.4	31.1	34.7	30.2	33.4	32.4	41.5	50.2	65.6	52.4	43.4	41.7	53	54	57.7	75.6	45.7	66.8	55.4	33	40.1	36.4	39.8	40.2	58.3	94.5	78.3	82.2	84	52.5	38	38	31	61.7	31	43.8	65.3	79.8	54.8	36.8	21	14.8	21.1	20.2	24.3	28.6	45.3	41.9	30.8	35.6	37.7	27.5	23.7	24.9	16.5	29.5	21	22.5	14.7	14.7	12.1	8.24	1.65	1.06	1.08	1.31	0.192	0.0574	0.114	0.0548	1.34	1.3	0.541	1.95	1.69	2.68	3.78	2.96	1.28	4.29	8.73	9.67	11.9	9.46	6.65	6.96	7.44	7.97	4.41	1.1	1.16	1.13	1.02	0.824	0.457
123	97.1	118	106	85.4	85.6	93	84.4	79.7	99.5	124	91.2	85.5	90.4	77.9	52.1	47.5	38.3	37.2	32.8	39.4	37.7	32.8	32.3	42.5	45.8	34.5	38.6	30.5	34	40.5	40	44.1	56.4	51.5	36.6	38.6	51.4	60.4	42.1	54.6	62.5	79.3	103	67.3	53.9	39.5	49.1	70.6	65.6	67.9	68.1	86.5	70.1	61.3	44.1	40	27.5	38.5	21.3	29.5	36.8	38.5	41.9	46.2	26.7	25.9	33.5	29.1	23.8	25.4	35.3	37.7	32.5	21.3	24.5	24.3	23.1	23.2	17.4	13.7	14.6	12.6	13.3	11.6	10.9	7.44	1.14	1.44	1.22	2.52	0.735	0.523	0.0387	0.000491	0.5	2.93	1.17	0.586	0.52	2.23	2.85	2.07	2.29	4.2	8.94	6.65	7.91	7.02	6.33	5.11	4.24	3.28	1.47	1.18	1.48	1.34	1.08	0.88	0.494
112	103	90.6	124	89	83	77.6	89.3	73.1	84.6	79.6	76.9	91.8	77	75.3	49.5	54	57.6	47.1	37.9	37.2	36.8	31	31.2	39.1	55.9	47.8	43.3	34.3	40.8	70.7	53.8	57.1	64.1	57.7	38.1	29.3	44.5	47.8	35	64	66.5	53	76.6	63.2	82.1	67.7	75.9	72	75.4	50.1	54	88.4	69	58	49.5	41.5	31.9	24.9	27.5	20.5	17.9	19.2	32.2	42.1	28.3	25.1	30.1	31.7	34.1	30.4	43.6	33.5	29.7	18.1	15.8	17.6	14	13.1	10.9	10.2	9.78	9.15	11.7	11.8	7.07	5.26	3.09	1.43	0.00783	2.85	1.08	2.34	0.887	0.159	0.0889	3.95	1	0.24	0.137	1.18	2.8	3.86	3.79	6.05	9.21	7.99	8.69	6.3	5.2	3.76	2.3	2.43	3.09	3.58	3.28	1.56	1.09	1.08	0.506
90.7	83.3	69.4	81.8	71.3	68.8	64.8	78.4	79.2	48.1	46.2	65.4	76.2	75.7	60.4	53.6	45.4	49.7	61.5	41.5	41.4	43.2	35.6	31.6	36	45.4	57.5	47.9	48.4	48.5	54.9	66.1	82.9	89.1	75.9	58.6	79.4	68.1	67.7	77.8	66.6	62.7	56.3	77.3	70.1	83.9	70.9	35.3	33.6	42.5	47.5	72.2	49.5	47.2	39.9	47.8	59.1	38.7	45.2	28.7	21.8	39.5	35.3	38.7	38.2	41.1	37.3	45.2	39.9	53.8	42.9	51.5	36.4	29.2	18.7	8.25	6.73	3.62	2.68	5.64	3.76	2.93	2.24	4.12	4.3	3.17	1.9	0.524	0.507	0.998	2.05	2.34	2.22	2.57	1.16	0.0463	2.1	4.18	3.33	2.68	2.23	4.43	6.27	3.98	5.99	8.44	7.84	9.16	6.91	4.57	5.53	2.88	2.83	3.96	4.79	3.21	1.92	1.39	1.14	0.615
56.6	63.5	66.9	66.1	70.5	68.1	60.1	72.6	60.8	42	44.2	61.2	62.7	67.7	68.6	43.1	49.1	52.7	50.4	32.7	34.8	40.6	35.2	34	35.6	40.4	45.5	42.6	38.9	48.5	47.1	74.8	85.4	87.7	76.2	81.5	78.5	69.7	70.8	64.2	64.2	61.7	42.6	12.7	54.3	110	87.3	73.6	50.8	77.1	90.3	78.1	63.9	56	65.8	42.8	34.6	32.6	41.6	40.8	37.8	28.2	43.4	37.3	39.3	35.6	31.8	38.1	44.7	49.4	31.3	40.6	29.2	24.4	16.7	9.81	7.2	2.33	2.45	3.45	2.69	2.51	1.66	0.804	1.33	0.976	0.264	0.415	1.74	1.65	0.553	1.25	1.56	3.54	4.11	1.25	7.87	15.1	10.5	7.87	10.5	8.22	7.27	4.39	4.06	4.93	6.22	7.01	5.76	4.24	2.89	1.01	1.13	1.31	1.86	1.51	1.49	1.39	1.15	0.629
41.2	51.5	47.4	59.4	51.8	47.1	38.4	54.3	48.4	49	47.8	58.4	65.2	70	56.8	43.7	49.9	48	41.3	34.9	36.8	34.2	35	37.9	60.9	49.4	55.9	43	40.9	57.9	54.5	66.2	79.3	87.7	91	77.1	76.3	73.5	64.2	51.1	49.1	47	42.8	9.36	17.3	31.6	61.5	59.5	53	94.1	92	56.7	95.2	82.5	45.5	24.6	23.7	26.6	31.4	45	26.7	30.5	60.4	50.1	37.3	30.6	24.3	25.7	37.5	34.7	27.2	39.8	27.2	14.1	12.4	14.3	5.98	4.67	5.37	3.02	2.92	2.07	0.725	0.39	1.06	0.672	0.132	1.71	1.4	1.58	0.591	4.42	5.09	5.62	3.94	3.7	11.5	21.3	19	16.5	11.8	7.09	6.76	4.6	3.47	2.64	3.27	4.82	4.7	3.13	0.948	0.696	0.924	1.03	1.07	1.33	1.39	1.3	1.08	0.591
36.2	48.1	48.2	40.9	47.9	37.7	27.5	32.3	60.3	70.6	63.1	56.8	59.1	65.9	56.3	46.4	53.4	52.6	51.5	61.1	54.9	57.5	59.7	60	45	55.7	49.9	40.4	41	53.8	54	79.6	74.3	72.7	79.7	90.8	74.5	92.9	64.9	48.6	44.2	44.4	45.6	25.1	37.6	60.1	60	40	58.6	76.6	69.3	67.7	107	74.6	64.1	54.3	35.6	28.9	35	45.4	28.5	40.2	36.7	34.2	33.2	25.6	28.7	36.2	31.6	30.4	31.5	29.9	21	16.8	14.2	14.6	10.6	11.6	9.96	4.2	4.54	2.99	1.37	2.59	0.112	0.859	1.15	1.57	0.823	1.57	0.867	6.65	9.21	8.32	8.3	10.9	20.3	21	18.3	17.9	13.2	9.11	5.19	1.97	1.41	0.344	1.86	2.86	2.44	1.49	0.174	0.612	0.824	0.87	0.9	1.13	1.17	1.09	0.912	0.502
34	35.1	46.3	62.7	37.4	48.2	33.4	20.4	30.4	80.4	78.6	59.7	71.3	72.6	67.6	68	67.6	56.5	70.6	73.7	63.4	55.8	60.1	52.9	52.8	48	49.7	48.5	54	68	66.2	61.7	63.4	66.4	67.9	79.3	79.2	70.1	75.7	71	58.7	48.2	44.1	24.2	32.1	45.9	29.5	27	33.1	52.6	92.3	61.5	53.2	77.7	64	51.4	46.1	34.5	34.2	49	42.4	46.7	43.3	36.1	30.1	30.4	31.2	35.6	33.5	28.7	34.6	35.5	30.4	17.7	16.8	17	18.4	20.5	11.2	5.19	4.94	2.95	2.79	5.56	1.02	0.557	0.839	2.06	1.01	2.67	6.43	10.4	12.4	5.6	7.67	4.92	10.8	12.7	13.1	12.2	8.14	3.12	1.65	0.0717	0.189	0.0683	0.105	0.083	0.0961	0.144	0.21	0.509	0.988	0.725	0.754	0.883	0.705	0.663	0.552	0.318
30.2	27.7	28.8	51.9	60.3	31.5	17.4	12.3	17.3	26	53.9	60.6	63	64.4	86.7	82.8	73	85.2	79.9	81.2	69.8	52.3	53.8	52.8	51.7	59.2	50.6	54	62.7	57.2	56.2	60.7	59.7	62.4	59.8	60.6	60	54.6	61.5	77.4	39.2	38.3	40.7	22.1	17.4	24.3	20.9	22.1	23.2	20.2	24.1	30.5	33.8	53.6	33.8	41.5	34.6	21	28.5	46.2	38.1	37.2	37.3	28	37.4	24.8	17.2	26.4	26.5	22.8	40	30.6	26	24.4	26.1	26.1	21.8	20.7	8.94	9	7.4	3.54	3.28	0.842	0.651	1.51	0.826	1.34	1.48	3.17	7.65	11.8	15.3	4.89	4.28	2.42	2.05	2.95	5.25	2.57	1.48	1.02	1.48	0.0083	0.00722	0.0118	0.0357	0.0462	0.0572	0.112	0.174	0.427	0.802	0.797	0.689	0.525	0.543	0.511	0.428	0.243
27.3	23.1	23.8	19.4	19.7	17.1	15.7	14.8	16.2	30.3	30.5	26.3	37.3	53.4	85.5	83.9	87.5	89.5	81.7	63.9	64.7	58.2	56.3	52.7	58	55.2	54.6	54.8	50.5	57.8	54.6	58.4	62.7	55.8	52.8	53.2	56.1	64.4	68.8	70.8	40.9	40.5	48	25.5	23.2	39.6	43.4	42.2	35.8	29.4	26.8	31.1	30.3	24.8	31.6	43.2	29.4	23.5	26.1	31.9	35.1	35.7	26.2	23.8	31.1	24	19.8	18.6	20.6	24.6	28.6	18.9	21.6	28.3	26.1	32.9	22.6	17.6	11.6	12.8	28.1	18.9	7.01	4.2	0.0308	2.05	0.928	3.33	6.75	8.22	8.07	9.91	3.05	3.41	2.91	1.05	2.08	1.27	1.07	0.871	0.0376	0.0131	1.02	0.0135	0.0751	0.0107	0.0211	0.0362	0.0472	0.0773	0.136	0.333	0.386	0.891	0.549	0.397	0.413	0.394	0.335	0.195
28.9	26.9	22.4	20.8	19.7	21.8	16.6	14.6	16.6	24.5	40	33.4	24.5	44.1	33.7	56.4	85.9	91.1	65.5	66.3	64.3	62.3	72.4	60.3	53.3	54.5	58.1	49.6	46.6	51.6	69.2	60.2	58.4	56.1	53.8	57.9	51.6	47.6	47.6	54.5	36.6	42.7	40.9	20.5	27.8	42.8	42	39.9	30.7	25.3	27.3	31.3	28.9	31.4	50.3	59.5	25.6	27	25.9	59.4	49.5	34.3	40.8	25.2	23.7	17.2	20.1	23.2	22.9	21.1	22.6	20.6	16.1	20.5	22.3	29.6	20.4	16.5	26.7	20.3	25.1	9.36	2.62	3.45	2.68	0.373	0.687	2.45	8.53	8.21	7.94	9.5	2.14	3.18	2.85	2.31	1.12	1.32	1.15	0.214	0.711	0.137	0.0195	0.0253	0.0127	0.0101	0.0269	0.028	0.0351	0.0601	0.225	0.215	0.282	0.626	0.442	0.711	0.571	0.311	0.274	0.168
16.9	19.3	20.3	18.6	15.7	16.9	20.2	22.8	29	23.6	17.9	26.8	20	29.6	29.8	42.4	46.5	60.8	56.9	78.6	72.8	62.3	75.8	65.6	61.3	55.4	53.9	51.2	54.9	60.4	77.6	56.5	58.8	55.8	53.8	62.5	50.3	41.1	40.1	38.5	39.2	46.6	42.7	37.4	44.5	64.6	65.4	50.7	39.2	27.3	16.5	30.3	60.8	80	64.6	62.9	54.9	43.8	35.5	47.2	41.8	56	51	32.7	21	22.6	20.7	22.3	22.5	18.4	15.8	17.9	18.4	18.7	19.1	24.5	19.3	19.4	11	13.8	9.32	3.84	3.83	1.77	0.674	0.139	0.707	3.31	6.36	5.91	5.4	3.96	3.57	2.54	1.33	1.58	1.12	2.1	2.34	0.726	0.147	0.106	0.0794	0.0323	0.0162	0.0132	0.0119	0.00902	0.0125	0.017	0.0583	0.0773	0.085	0.0983	0.106	0.697	0.898	0.452	0.281	1.76
16.1	15.8	17.9	17.2	16.5	15.6	18.4	25	25.1	19.6	25	23.2	17.5	20.7	28.2	42.3	40.6	51	59.2	69.6	77.4	71.4	83.8	74.8	66.1	57.3	52.4	56.5	79.1	60.1	52.7	58.3	60	56.7	64	51.5	45.1	42.6	42.1	45.6	45.3	47.5	55.5	75	52.7	63.8	57.3	25.8	23.9	18.6	13	13.5	22.7	18.7	41.5	43.1	53.5	41.7	46.7	36.8	49.4	54.5	50.7	31.2	22.8	23.2	23.6	21.8	26.1	24.1	16.3	15.9	16.3	18.6	21.4	20.7	18.1	22.8	19.6	10.3	5.6	4.24	4.49	3.68	0.752	0.394	0.533	2.06	5.92	6.16	6.11	7.31	2.15	1.12	0.814	0.628	1.65	1.69	1.02	0.283	0.371	0.177	0.113	0.0418	0.0198	0.00882	0.00864	0.028	0.0203	0.0248	0.0358	0.0488	0.0401	0.0483	0.0559	0.0852	0.695	0.107	0.51	0.186
14.4	15.9	20.9	20.3	18.2	21.3	15.6	22.4	27.8	30.3	17.9	17.7	17.3	22.9	26.5	38.1	45.9	60.8	72.8	85.3	81.4	89.3	109	89.4	103	64.7	62.1	57.2	67.9	69.7	62.2	52.4	59.8	62.7	63.6	48.7	44.3	43.5	44.7	48.7	45.7	45.3	46.1	42.1	42	52.1	59.5	19.1	27	15.5	14.9	26.4	16.6	23.2	33.7	31.6	32.5	34.8	38	46.2	37.3	46.7	43.5	26.9	19.7	24.7	21.2	23	23.1	20.2	18.4	16.6	13.8	16.3	15.2	17.3	15.4	13.8	12.9	6.27	5.08	5.12	3.82	1.63	0.987	0.542	0.388	1.5	2.6	6.92	5.69	7.29	3.41	1.6	2.31	2.1	0.832	0.98	1.53	0.326	0.713	0.198	0.136	0.0537	0.0244	0.0413	0.00709	0.00333	0.00224	0.00275	0.0352	0.0118	0.0154	0.0205	0.027	0.0451	0.0539	0.065	0.0784	0.139
13.2	14.5	17.4	16.7	24.1	19.9	15.3	16	16.8	27.7	17.4	20	25.1	25.4	33.6	33.9	48	54.6	82.6	77.7	91.9	86	83.4	76.1	83.1	73.6	63.2	53.8	72	65.9	51.8	50.4	53.8	64.1	67.1	45	41.4	44	45.4	55.5	53.6	57.7	56.3	45.9	43.4	45.7	47	23.5	19.2	15.6	18.1	27.5	17	17.8	19.6	23	27.8	22.8	28.1	31.6	68.4	45.6	80.1	25.8	20.3	23	24.2	23.9	24	14.9	13.5	12.9	11.8	14.8	14.2	20.1	16.6	11.6	11.1	6.32	4.71	4.84	3.7	2.25	2.4	1.38	0.895	1.45	1.41	1.73	3.43	2.65	0.773	1.69	1.51	1.12	2.57	1.67	2.16	0.429	0.778	0.248	0.174	0.175	0.0812	0.0113	0.0073	0.00322	0.00188	0.0361	0.00917	0.00842	0.011	0.0147	0.0196	0.0329	0.0396	0.0485	0.0596	0.113
8.14	9.73	13.7	9.83	11.2	10.9	10.7	11	11.2	18.3	17.3	20.5	25.8	20.6	25.5	33	42.4	48.7	57.5	68.1	72.6	91.4	84.6	84.8	85.9	64.9	61.9	55.9	57.5	54.4	56.1	55.5	54.3	57.1	84.8	49.8	51.4	44.2	46.8	41.9	51.9	46.1	44.7	44.4	43.5	45.4	45.9	41.7	38.1	40.3	39	33.6	31.1	29.5	19.3	31.2	19.9	18.8	30.4	39.9	45.4	45.7	43.7	25.8	24.3	24.1	23.8	19.5	16.6	15	13.7	13.7	11.7	12.1	16.5	19.8	7.68	5.78	9.47	6.19	7.21	6.63	8.75	4.56	3.26	3.02	1.62	3.79	3.9	1.95	2.18	1.55	1.26	1.15	0.902	1.3	1.22	2.16	1.64	1.2	0.741	0.897	0.273	0.0781	0.0214	0.0056	0.00419	0.00187	0	0.0169	0	0.0176	0	0	0	0.00914	0.0111	0.014	0.62	0.665
5.99	5.43	6.13	11.9	16.6	7.26	10.2	13.4	10.9	12.3	11	21.4	26.3	18.7	21	31.1	35.1	39.3	44.9	53.1	56.1	75.7	74.2	73.9	61.4	76.1	61.4	63.8	59.1	57.1	55.7	62.9	57.2	58.5	84.2	69.6	63.9	50.5	48.4	46.6	48.4	53	49.2	43.7	44.5	46.9	51.9	47.4	45	46.8	43.4	44.1	43.1	36	27.1	19.6	15.6	19.2	29.2	57.6	37.1	23.1	38.8	28.6	24.3	21.5	25	21	19.9	16.8	13.5	13.5	10.9	16.5	12	7.8	6.88	6.96	17.5	11.8	8.45	7.78	11.4	4.11	2.85	3.05	2.5	3.98	4.56	2.35	1.92	1.14	1.68	1.69	0.783	1.74	1.3	1.25	1.48	0.838	1.13	0.691	0.288	0.0634	0.0282	0.00594	0.00431	0.0206	0.00187	0	0	0.0132	0.0199	0	0	0.00385	0.00483	0.00677	0.0097	0.585
3.19	3.42	3.65	6.16	18	4.29	5.24	10.9	9.44	11.2	10.3	13.3	16	16.3	20.2	26.2	33.1	32.9	36.1	46	61.5	63.9	71.9	79.8	63.9	58.1	58.4	68.9	64.1	54	54	54.5	64.6	66.9	95.9	76.7	61.4	52.8	50.4	48.1	58.7	54.8	54.9	59.7	61.8	57.5	80.4	62.2	54.7	55	53.6	50.6	39.8	40.8	20.3	19.1	14.2	19.9	31.4	54.7	21	15.6	23.3	21.6	23.2	17.7	19.5	18.1	20.1	14.2	10.7	10.4	11.4	14.2	13.3	6.97	5.36	8.14	23.8	11.2	6.9	6.64	6.05	4.14	3.08	3.11	2.69	3.53	2.1	2.08	1.97	1.86	1.37	2.12	1.46	1.59	1.52	1.03	1.77	1.15	1.3	0.71	0.536	0.0799	0.0332	0.013	0.00801	0	0.00188	0	0	0	0	0	0	0.0151	0.00148	0.00293	0.00543	0.0297
4.18	4.47	2.81	2.49	2.55	2.96	5.12	8.38	7.2	9.91	11.7	19.9	12.8	16.8	20.9	24	24.3	27.1	29.2	35.8	82.9	67.6	51.2	60.4	65.1	66.5	55.6	59.1	63.7	58.3	45.4	48.5	54.9	59.1	94.5	62.3	70.8	63.4	42.3	36.8	41.9	48.9	44.5	49.8	57.7	69.3	68	51.9	54.6	63	53.7	51.4	41.3	33.3	17.3	20.4	19.8	28.5	32.6	24.9	20.8	13	13.8	18.8	19.8	20.5	17.1	13.1	11.9	10.3	9.2	8.99	6.84	8.92	8.38	6.53	4.77	6.73	13.2	10.3	5.95	4.91	4.49	3.99	5.5	3.34	2.8	3.09	2	2.2	1.64	1.92	2.14	3.21	1.54	1.74	2.18	1.55	1.64	1.27	1.46	1.04	2.08	0.374	0.0516	0.0211	0.0153	0	0.0771	0	0	0	0	0	0	0.000754	0.00106	0.00251	0.00513	0.023
1.23	4.01	5.39	5.28	1.07	0.961	1.07	2.13	2.04	3.98	5.33	14.2	13.1	15.8	15.3	22.2	17.4	17	17.8	19.3	20.2	48.9	42.6	31.7	42.2	44	30.7	41	59	54.5	36.3	35.2	31.1	41.2	63.6	49.3	48.4	58.5	49.5	41.5	49.3	51.7	47.7	51.1	65.5	85.6	64.5	58.6	58.1	50.2	56.9	55.5	40.3	25.2	21.5	23.3	24.5	23.3	21.1	17.7	15.7	13.2	16.1	18.5	16.7	17.5	16	12.3	10.8	9.04	7.88	7.88	7.42	11.9	10.4	6.8	6.58	6.14	12.5	7.93	7.29	5.08	5.67	3.11	2.72	2	2.51	2.22	1.99	2.2	1.92	1.52	1.75	2.38	2.02	2.22	2.5	2.85	2.43	2.19	2.46	1.66	1.1	0.349	0.176	0.0783	0.0567	0.00959	0.104	0.104	0.000469	0.00162	0	0	0.212	0	0	0	0.493	0.0163
0.599	0.709	1.41	2.93	2.88	4.95	0.611	0.904	1.24	1.8	7.04	10.3	9.19	15.4	15.5	17.6	14.4	13.1	13.4	13.4	15.7	19.9	28.8	45.7	25.9	18.3	22.7	44.6	71.5	55.5	50.9	34.8	33.5	34.9	55.6	46.2	47.9	47.4	47.6	37.3	46.8	52.5	56	75.4	64	75.4	62.3	58.3	57.5	51.9	53.4	52	35.7	25.3	21.9	22.3	26.7	20.5	19.4	17.2	17	17.4	21.6	16.6	15.5	15.7	15.2	13.1	8.41	7.63	7.75	8.86	8.52	8.17	11.1	19	17.1	17.4	14.5	9.81	7.3	6.31	8.46	2.66	4.89	6.51	2.8	3.01	2.41	1.87	1.84	1.56	2	2.1	3.32	2.52	3	3.19	2.96	2.4	2.41	1.42	1.12	0.43	0.222	0.103	0.0751	0.0127	0.00818	0.0451	0.000656	0	0	0	0	0	0	0	0	0.0159
0.348	0.302	0.543	0.507	0.332	1.75	6.29	3.03	0.86	0.805	2.74	10.6	10.1	11.5	14.6	17.6	15.6	11.9	11.3	13.5	12.7	14	17.7	46.2	21.1	14.9	17.6	29.5	39.8	44.2	58.9	78.1	32.3	34.1	39.4	43.1	46.4	44	42.3	31.4	37.5	43.2	45.3	71.3	67.4	73.7	59.3	59.9	58.6	43.9	45.2	49.3	33	30.9	28	28.5	34.5	29.2	22.9	17.7	22.4	20.5	20.6	24.5	18	14.3	13.3	15.5	11.1	8.45	8.72	7.65	6.38	6.07	7.01	20.1	18.2	12.8	18.1	15.8	10.2	4.48	5.59	3.75	6.74	1.97	2.19	3.09	2.33	1.97	1.73	1.71	2.93	3.98	3.67	3.11	3.44	3.44	3.49	3.59	2.94	1.63	1.59	0.503	0.28	0.148	0.11	0.0195	0.009	0.00338	0.00267	0	0.642	0.488	0	0.0466	0	0.00938	0	0.0168
0.951	0.163	0.535	0.536	0.589	0.432	1.52	5.86	1.75	0.855	1.09	3.91	8.64	10.1	8.23	13.6	15.9	12.6	15.6	12.2	12.4	10.7	16.1	15.1	18	105	15.2	14.5	35.2	40.3	46	87	62.8	45.3	45.6	33.8	37	37.5	32.5	28.4	38.1	37.5	46.1	40.7	43.8	47.4	52.4	54.6	57.6	51.2	43	40.5	34.3	30.6	27.6	34.1	45.9	35	25.2	15.8	17.3	19.2	28.8	26.9	21.5	17	13.6	12.6	10	9.53	9.13	7.5	6.64	6.65	6.36	6.07	8.41	10.8	14.3	12.1	9.15	4.6	4.6	5.73	3.03	3.56	1.92	2.9	2.3	2.17	2.17	1.87	2.9	3.84	2.77	3.25	3.9	4	3.73	3.31	2.77	1.94	1.44	0.57	0.349	0.214	0.162	0.03	0.0159	0.00804	0.00651	0	0	0.0938	0.915	0.404	0	0	0	0.0192
1.2	0.99	1.14	2.09	1.04	1.02	0.981	0.759	1.38	2.34	1.98	1.68	2.79	4.15	6.61	8.93	10.7	9.86	8.01	13.2	11.1	11.5	13	9.26	7.28	17.5	10.5	17.7	25.3	42	37.2	61.7	71.7	72	66.1	55.6	38.6	33.4	22.6	20.5	24.5	26.4	36.3	44.9	37	45.5	52.1	61.3	56.9	59.6	44.4	42.6	45.3	43.2	45.8	37.4	40.6	37.1	29.9	23.5	22.6	21.6	22.1	24.3	19.1	18.8	16.3	16.3	13.9	11.4	12.9	11	8.68	8.88	8.83	5.57	14.2	30.5	27.3	23.2	15.5	5.08	2.84	9.59	5.2	3.63	4.28	4.09	3.99	2.33	2.5	1.89	3.37	5.33	4.52	3.12	5.82	5.91	4.6	4.23	3.43	2.57	1.51	2.6	0.774	0.538	0.317	0.132	0.0742	0.0414	0.326	0.229	0.0138	0.00983	0.00755	0.844	0.447	0.00205	0.00448	0.0184
0.84	0.93	1.5	4.39	2.3	1.69	0.958	0.486	0.602	2.23	3.11	0.998	1.21	1.47	2.25	7.55	9.09	6.54	10.6	17.5	11.6	9.03	9.46	6.14	4.59	4.65	10.7	11.9	15.3	20.3	21.8	23.7	43	37.8	49.1	47	35.8	33.2	16.9	11.5	15.2	13.4	17.4	25.5	28.9	35.3	39.5	56.5	60.8	51.3	45	43.4	57.3	53.3	54.3	49.4	43.8	37.6	42.3	30.1	25.3	24.1	21.3	16.6	18.3	17.1	15.9	16.2	13.4	13.2	14.2	20.9	11	11.3	9.41	4.7	4.39	15.9	33.4	25.9	25.6	10.4	5.57	7.53	5.87	8.8	12.4	12	8.58	7.47	6.83	1.99	1.84	3.11	2.53	3.11	3.31	5.01	6.94	6.18	4.57	3.64	1.72	2.66	1.42	0.686	0.394	0.166	0.0967	0.0566	1.01	0.562	0.0192	0.0138	0.0106	0.00338	0.00191	0.00246	0.00506	0.0203
3.42	2.28	1.02	3.6	4.59	3.19	0.515	0.295	0.367	0.52	2.19	4.95	1.21	0.803	1.17	4.56	5.8	7.45	9.51	7.33	9.53	8.34	5.79	4.03	4.95	4.88	5.93	8.47	9.44	12.9	22.2	20.2	19.4	13.9	20.9	18.6	20.1	21.3	13.5	11.8	10.6	9.06	11.2	14.8	23.1	28.5	31.6	39	44.2	46.4	44.8	44.3	50.4	53.1	55.1	57.1	48.2	51.6	38.2	33.7	27.8	25.4	21.9	16.5	16.1	15.7	18.3	21.8	20.9	15.8	15.2	15.7	14.5	18	26.1	30.7	10.7	16.7	9.22	8.67	24.1	15.8	15.9	3.91	3.4	1.28	5.61	3.18	4.26	6.51	3.49	0.946	1.04	1.3	1.99	4.27	4.56	4.02	5.1	7.68	7.71	5.75	4.7	4.21	1.39	1.74	0.543	0.227	0.153	0.646	0.709	0.0626	0.0529	0.0431	0.0332	0.0334	0.00612	0.00505	0.00747	0.0263
3.21	4.47	0.75	0.925	1.12	0.52	0.178	0.285	0.336	0.451	0.568	1.06	2.1	0.605	1.05	1.89	5.07	5.62	8.41	6.64	8.4	13.6	7.19	10.5	8.43	5.42	4.51	6.46	11.5	10.5	18.1	18.7	17.7	13.2	7.79	7.06	8.7	10.4	10.7	11.1	11.4	8.79	8.25	10.5	13.7	17	21.6	26.6	32.8	42	44.1	42.5	42.1	56.5	68.8	72.9	61.9	48.4	38.6	31.7	29	21.9	23.1	18.7	14.3	16.9	16.8	18.8	23.6	17.9	16.1	15	18.5	21.3	19.1	24.7	15.1	17	12.2	7.94	29.7	25.3	43.7	19.3	22.1	4.61	13.8	4.66	4.46	3.23	2.7	1.15	1.59	1.67	1.81	4.53	4.31	5.47	6.4	8.18	7.44	6.69	5.08	3.97	0.939	1.79	2.36	0.313	0.243	0.479	0.184	0.126	0.115	0.0976	0.199	0.0362	0.164	0.00979	0.0117	0.0442
