136	168	203	253	230	216	191	207	208	218	247	274	330	346	346	358	338	350	345	310	276	262	237	208	225	230	215	182	168	165	187	198	197	184	141	169	238	240	266	292	304	333	342	327	295	230	243	233	180	138	123	102	116	104	86.1	85.7	67.6	55.1	79.9	81.8	66	48.2	55.4	71.1	62.9	56.8	83.7	117	102	86.6	76.3	97.8	93.4	88.6	133	133	127	88.7	75.2	68.9	62.3	47.8	50.6	48.9	33.7	29.6	31.2	10.6	26.8	17.8	12.1	19.4	26.3	17.2	22.3	31.9	42.4	55.7	55.1	51.1	40.5	76.2	69.4	28.7	34.3	32.3	26.8	35.4	23.4	28	29.9	35.2	45.1	40.1	62.3	80.1	55.4	56.5	38.5	31.9
156	216	242	209	181	181	198	218	212	258	289	318	344	373	349	396	361	376	343	317	309	289	251	222	244	239	186	136	132	144	139	121	147	133	140	163	175	185	217	222	210	273	316	281	272	241	195	199	160	128	131	121	113	87.3	98.8	96	52.1	76.7	79.1	90.4	77.8	48.9	53.2	46.5	52.2	53.8	67.5	115	107	92.7	100	113	105	132	214	117	127	95.6	71.2	76.5	66.5	51.8	64.2	75.7	69.6	54	43.1	47.6	44.6	50.3	50.6	24.4	25.4	22	10.7	25.1	55	54.3	58.3	50.1	34.1	47.3	31.8	19.4	19.1	23.7	17.6	20.5	23.1	27.5	26.1	26.2	33.4	41.8	56.9	72.1	84.4	54.8	29.3	28.6
160	211	220	184	181	209	214	212	243	283	313	339	333	393	415	412	331	288	322	302	291	273	263	232	216	208	169	127	135	151	145	139	142	145	142	133	121	154	184	153	153	149	179	173	199	207	162	122	115	115	122	121	121	105	90	44.9	40.5	66.6	90.2	111	94	65.5	51.3	44.1	42.4	47.5	50.1	85.7	90.2	79.2	101	123	127	148	164	146	129	92.3	86.6	74.8	60.6	63.7	72.4	83.4	98	69.7	53.7	49.6	45.9	47.1	45	12	20	19	12.7	13.3	25.6	35.9	48.8	32.2	23.2	18.2	12.2	10.2	10.8	13.5	16.9	15.3	16.2	15.1	17.4	23.8	32	39.5	46.1	42.3	50.3	34.9	28.6	23.3
186	189	190	177	176	217	236	240	292	296	305	326	344	421	416	330	261	286	328	277	252	266	231	183	191	200	155	112	133	134	153	180	144	135	127	102	88.9	112	117	93.3	107	98.5	110	159	216	176	150	104	141	153	145	117	99.9	111	91.6	49.6	54.1	64.2	80.2	105	98.4	80.4	63.3	52	54.3	52.9	44.9	72.3	80.1	88.4	109	111	120	123	149	193	106	84.2	104	67.3	72.7	77	73.6	81.5	98.5	77.2	70.4	65.7	49.7	45.8	44.9	11.8	18.1	20.4	18.3	10	12.6	19	29.7	22.4	12.9	20.2	20.1	23.3	32.7	16.8	19.6	24.7	26.3	31.5	20.2	25.5	36.1	31.2	34.7	18.7	18.2	22.7	28.1	22
171	180	176	207	268	246	230	237	255	270	301	291	328	324	344	266	250	278	294	279	257	226	213	185	165	191	158	117	125	134	172	175	138	127	107	78.4	72.6	89	97.7	76.3	85	87	107	139	127	141	110	118	118	131	119	125	104	101	82.1	48.1	64.1	66.3	50.5	80.4	122	77.6	64.7	61.5	68.4	64.7	44.3	71.9	74	89.4	103	106	117	122	114	112	89.8	75.5	78.2	88.1	88.4	73.4	74.7	85.2	79.2	90.1	92.9	98.6	72.1	56	48.1	16	20.1	12.3	15.1	13	15.3	10.5	18.1	10.8	16	12.7	15.6	12	14.8	20	30	18.7	17.8	31.7	22.1	25.4	19.6	18.5	14.2	11.1	10.3	27.5	36.9	27.9
178	190	210	251	314	339	299	266	280	271	304	291	308	301	275	222	217	239	248	250	265	249	222	162	149	218	212	171	151	131	140	124	142	95.6	84.2	77.9	72	60	67.6	75.8	76.5	76.4	93.4	111	111	125	117	135	155	145	146	123	115	98.3	99.6	98.4	95.9	106	140	136	148	128	67.7	101	116	108	44.9	60.8	62.7	84.2	100	118	127	121	125	89	85.5	77.3	70.6	73.8	91.4	77.8	72	95.4	80.3	73.6	108	119	78.1	60.7	63.5	36.9	31.4	25.5	20.5	16.9	14	16.3	10.3	7.38	4.95	14.3	18.3	12.7	12.6	22.2	17.5	13.5	16.1	26.5	15.9	25.1	13.1	15.4	19.8	17.8	11.7	18.9	22	20.9
161	190	217	241	292	319	321	289	245	237	268	251	245	230	220	219	217	246	251	231	257	219	230	195	237	252	272	243	207	180	167	131	123	114	73	74.4	63.8	53.7	69.3	71.9	55.7	58.5	77.6	102	90.8	87.6	93.1	114	146	118	114	137	112	95.3	93.4	94.3	113	119	171	166	114	109	110	103	139	69.1	75.6	63.6	75.1	78.2	90.1	105	106	111	114	92.8	94	71	71.6	64	60	60.4	70.4	89.8	67.5	71.8	86.4	99	68.1	60.8	67.8	51.9	37.7	38.2	26.2	21.7	17	17.3	13.3	17.6	11.4	14	10.1	12.2	6.21	9.12	13	14.7	18.5	20.1	13.8	14.8	32.2	19.9	19.1	13.8	5.88	12.8	10.3	11.1
178	192	209	223	281	320	318	273	251	232	197	211	188	194	250	247	250	239	223	226	207	204	242	256	250	295	300	255	210	215	222	154	139	106	82.2	85.6	63.2	48	53.2	71	57.3	60.9	70.8	90.7	92.2	92.4	102	124	133	120	117	118	104	97.6	93.3	93.9	104	117	141	133	96.1	105	142	141	89.2	64.9	59	61.2	74.6	81.5	87	87.9	98.3	103	102	96.8	76.2	68.9	70	53.8	47.9	45.2	52.8	74.9	61.5	65.4	85.6	103	76.2	87.9	67.4	119	40.9	44	39.1	25.5	38.4	26.2	11.3	15	7.41	13.2	9.6	38.2	7.83	3.12	6.27	21.7	30.2	16.6	11.5	16.6	33.2	19.6	11	10.1	9	5.7	4.68	4.71
173	181	199	206	240	281	277	226	248	236	205	205	168	192	240	225	227	239	229	199	229	232	238	234	257	293	286	233	230	205	202	152	144	118	80.7	99.6	69.3	73	56.1	64.8	50.1	85.3	85.3	105	128	114	122	121	131	136	107	103	92.2	92.8	96.2	91.5	116	131	116	88.5	89.4	119	141	76.2	65	59.3	48.6	54.3	70.7	81.6	85.7	91.1	90.6	82.5	75.9	82.9	78	61.9	68.9	51.8	56	55.4	50	59.4	63.9	71.5	105	130	93.3	67.9	60.5	104	151	70.9	69.4	40.6	35.8	25.7	28	30	9.18	10.4	9.75	17.4	12.8	7.62	13.7	39.6	13	11.1	12.1	20.7	23.9	8.4	10.8	7.74	7.23	5.49	3.24	5.79
159	167	210	159	171	184	229	161	180	228	244	193	185	177	213	207	223	243	227	215	182	251	277	247	281	324	323	227	215	206	205	189	157	125	97.1	118	104	98.4	53.6	77.3	70	108	115	143	174	157	158	133	105	114	99.8	98.7	103	117	123	105	94.7	95.6	101	124	136	181	162	104	65.3	57.3	50.8	65.9	81.1	90.6	89.2	96.6	75.9	66.2	66.1	66.4	83.9	65.2	68	83.4	69.7	72.9	51.8	63.3	66.3	91.4	106	102	60.8	60.7	80.9	85	63.7	64.1	57.2	39.6	27.9	16.5	12	13.2	17.7	20.7	20	19.5	27.6	22.3	19	6.09	5.37	2.76	6.87	14.3	9.99	17.4	23	14.4	9.51	9.33	8.49	5.97
225	176	203	168	184	154	150	92.1	222	147	174	299	275	181	228	236	228	278	250	233	193	225	263	293	286	348	299	213	237	232	221	207	164	121	78.6	124	145	88.7	70.3	109	80.8	95.6	145	167	149	152	151	142	108	91.3	106	117	135	216	169	112	94.3	104	121	150	228	242	224	184	93.7	76.5	57.9	85.9	91.1	78.6	80.9	74.8	60.2	63.1	62.6	63.1	57.1	52.2	64.2	92.1	76.9	78.3	85.8	94.4	45.5	84.9	89.7	112	77.3	58.9	77.9	59.8	34.4	38.6	40.6	14	16.1	15.1	15.1	14.1	19.4	20.9	20.8	8.55	13.2	16.4	16.5	18.2	9.21	2.85	3.72	6.63	15.1	23.2	11.5	12.5	12.7	13.1	11	7.71
248	231	196	167	151	151	177	101	152	154	225	285	230	186	215	281	229	369	261	248	302	334	414	307	303	255	243	215	237	241	248	223	184	114	107	106	111	94.6	94.7	106	90.3	107	128	127	139	119	138	131	112	88.1	94.9	118	128	102	116	118	126	142	134	195	249	264	250	157	77.2	80.6	96.3	91.6	69.4	63.8	54.6	64.5	69.7	62.6	59	56	45.2	52.1	64.6	84.6	85.8	61.8	63.1	85.6	62	75.2	69.3	64.7	80	81.4	82.7	45.9	40.5	40.8	29.7	17.7	15.3	17.1	13.4	6.9	10.8	13.2	14.8	33.6	20.4	8.28	4.14	7.29	8.19	13.6	5.46	8.43	10.2	21.7	17.6	13.3	11.1	9.36	2.31	5.82
275	280	233	180	155	138	186	152	162	161	225	169	189	161	186	206	211	280	304	319	303	366	360	297	289	214	204	222	243	194	181	203	183	127	115	132	113	96.1	85.7	116	92	109	105	144	142	146	127	120	120	97.7	102	129	124	113	120	127	118	119	138	240	246	246	370	175	108	96.8	179	77.3	62.1	57.5	54.2	67.4	60.5	69	66.9	47.8	49.4	46.9	51.9	65	74.8	59.1	61.2	93.9	95.7	81.3	74.3	88.5	97.6	104	69.1	39.5	33.9	30.8	28.4	9.63	5.7	5.28	10.3	11.2	11.3	10.1	16.2	16.3	12.1	12	9.96	13.8	12.8	16.1	10.6	11.3	7.29	9.27	10.6	3.3	2.13	1.23	7.02	5.82
298	335	242	213	241	177	202	171	169	194	182	159	197	134	181	207	183	256	285	273	307	314	297	241	218	195	216	238	249	202	194	228	180	145	148	160	142	119	113	98	117	138	133	126	136	158	121	105	106	108	133	140	124	130	153	147	102	115	108	158	206	201	237	143	108	178	137	77.2	55.2	54.8	62.7	57.7	51	50.1	57.7	51.2	61.1	52.3	71.3	84	121	127	71.3	111	121	77.4	86.6	59.5	73.4	95.2	70.5	54.1	42.5	23.7	32.2	15.3	8.55	8.41	8.72	5.13	4.44	4.65	2.49	0.69	1.89	6.21	6.15	6.21	6.27	8.88	6.18	5.07	0.21	0.81	2.67	2.07	0.69	0.93	2.85	1.68
250	262	242	236	256	228	261	193	141	152	167	169	190	227	246	230	234	292	316	291	448	372	317	221	223	221	213	217	236	232	242	226	176	83.1	125	158	149	133	123	116	186	150	179	156	181	206	147	130	123	112	100	117	118	124	160	163	121	110	121	133	116	138	186	127	125	172	161	120	89.7	80.3	58	47.6	46.3	44.3	52.5	59.9	51.3	49.2	58.1	80	90.5	64.3	60.7	91.8	74.2	91.8	119	76.2	89.7	74.3	56.6	71.3	64.3	34.9	31	9.29	7.12	7.72	16.5	8.4	10.7	1.56	0.72	0.21	0.51	1.71	4.86	1.83	2.52	3.81	4.38	3.54	0.33	0.12	0.33	0.57	0.75	0.57	3	5.91
244	271	306	268	209	204	192	153	110	164	209	157	174	197	199	183	238	334	347	334	379	344	256	204	189	253	220	219	232	244	209	208	126	74.6	94.9	118	174	142	179	157	182	188	200	245	209	203	174	193	167	125	127	153	122	146	177	234	185	154	139	147	96.1	103	137	97.6	156	159	191	108	72.1	66	55.2	44.8	47.6	48.5	48.7	51.3	53.1	46.5	56	69	44.5	77.2	51.2	103	89.9	102	85.9	100	144	95.3	79	65.4	43.4	45.9	22	10.9	13.3	8.06	7.36	4.05	1.83	0	0.9	0.09	0.36	0.72	1.92	0.99	1.2	0.93	0.36	0.48	0.39	0.09	0.09	0.27	0.27	0.42	0.12	3.93
192	236	278	219	168	169	214	202	150	193	203	125	174	152	180	189	229	313	311	279	244	257	197	187	179	228	245	215	186	176	160	178	121	99.5	105	147	160	177	259	230	213	193	205	262	189	190	225	264	193	169	186	164	150	157	178	263	222	217	207	242	142	109	108	91.4	101	116	95	90.8	82.4	64.2	46.3	49.8	50.5	53.6	59.6	50.1	36.1	54.9	104	104	57.4	61	109	117	102	90	58.7	85.7	100	77.4	35.7	41.9	25.2	22.3	22.6	5.91	12.3	6.85	6.39	0.6	1.41	0.18	0.24	0.06	0	0.42	0.39	0.18	0.42	0.63	0.12	0.24	0.72	1.35	0.42	0	0.06	0	0.57	1.68
138	244	235	234	156	206	261	272	199	268	201	184	169	122	207	181	220	249	238	202	180	185	181	183	208	199	218	216	170	172	150	111	89.8	103	128	175	172	210	362	229	226	202	201	205	178	192	274	254	179	171	163	175	191	186	226	307	280	191	193	230	143	126	104	85.2	87.3	100	59.1	84.5	71.7	52.1	28.6	26.8	42.7	41	43	44.7	53.8	77.3	140	129	98	125	153	114	143	89.5	74.6	67.2	69.8	82.3	33.8	30.3	23.9	24.6	24.1	29.8	30.8	29	28.8	0.06	0	0	0	0	0	0	0	0.87	0.03	1.29	0.45	0.3	0.72	2.67	0.39	1.08	0.78	0.36	0	3.33
190	259	241	264	233	203	234	228	285	288	252	205	280	217	214	202	206	220	185	200	214	193	187	224	252	253	208	198	192	188	146	123	103	95	116	153	193	239	323	246	215	198	234	206	202	211	260	328	193	189	178	259	223	223	217	293	263	191	130	177	131	134	104	70.7	88.9	134	99.2	103	91.3	83.8	64	38.2	50.5	40	19.1	43.5	54	71.5	119	134	143	145	221	140	164	128	70.4	48.9	63.9	77.9	55	32	33.2	33.9	28.1	37.3	32.1	35.2	32.2	0	0	0	0	0	0	0.18	0.36	0.96	2.55	3.39	1.32	1.68	1.77	1.77	2.07	0.78	0.24	0.06	0.36	3.27
279	313	241	277	227	226	236	281	298	292	260	225	275	242	204	188	206	223	170	182	226	183	186	262	263	274	196	201	186	173	201	186	191	208	193	196	214	227	327	264	247	216	222	244	198	215	266	256	198	156	164	160	197	187	198	252	177	139	129	137	145	125	114	98	96.4	111	108	103	69.4	64.8	30	34.5	30.5	21.4	17.2	38.1	41.4	49.9	84	114	153	275	276	174	123	121	70.1	86.9	83.3	79.7	40.5	26.8	38.5	44.6	35.8	42.2	51.8	33.9	36	0.6	0.09	0.99	1.56	6.72	1.38	5.49	6.9	1.68	3	5.52	2.16	6.06	1.11	2.46	2.19	1.35	0	0.09	2.49	2.1
290	325	273	241	218	265	280	288	252	269	194	146	183	199	210	263	241	238	178	182	188	219	215	235	233	217	204	210	198	207	166	206	224	260	177	223	192	218	273	234	239	246	237	234	203	249	259	242	179	161	192	157	161	190	179	246	154	181	170	183	169	132	118	149	86.9	72.2	78	94.7	58.6	59.1	30.5	36.3	33.7	21.6	24.3	42.9	34.5	63.8	92.5	121	104	131	149	102	97.9	126	87.4	72.8	71.2	142	53.9	36.8	46.2	47.2	49.5	64.4	48.6	41.6	35.4	0	0.75	8.19	7.59	29	13.9	12.8	9.36	7.92	8.73	5.31	3.36	11.3	9.06	18.4	3.21	8.76	1.62	4.95	11	4.02
250	243	219	243	318	317	279	270	295	337	232	129	200	246	284	272	298	277	197	177	193	194	185	181	217	198	196	215	240	196	167	170	183	208	183	162	150	166	227	212	234	206	219	192	211	264	247	185	182	133	137	158	124	143	152	184	167	161	142	139	136	123	142	79.5	59.2	68.6	79.6	91.6	98.1	77.9	60.1	65.9	48.6	44.7	38.8	40.2	49.4	54.8	63.7	95.6	76.1	102	96.3	71.3	95.6	109	80.4	50.7	50.7	51.4	50.1	52.6	56.5	64.8	43.6	65.5	73.4	68.4	62	64.3	63.4	60.4	57.6	61.5	58.4	45.3	43.5	30.8	28.9	24.2	21.7	6.09	10.4	7.32	1.53	0.42	0.33	0.63	0.78	4.32
234	211	216	360	350	355	346	248	320	341	266	157	189	205	296	167	188	185	132	213	222	165	166	170	186	178	175	188	168	163	157	189	166	165	166	151	148	141	153	164	169	189	227	187	177	180	176	180	188	127	120	161	138	103	129	139	173	186	215	191	166	121	123	68.9	72.7	116	108	105	92.1	72.4	79	69.3	54	47.1	41.8	48.9	56.9	50.7	70	91.4	114	102	100	86.3	94.6	80.5	62.2	49.4	47.4	56.5	68.2	58.3	118	253	155	94.8	83.8	72.6	65.2	66.5	63.2	59.1	57.6	66.4	60.1	45.9	40.3	34.1	31	29	27.9	20.5	20	17.1	6.51	1.35	0.57	0.36	0	7.05
262	238	245	330	364	364	354	273	319	281	322	242	163	225	311	172	220	167	158	197	266	163	170	245	165	181	179	187	146	133	155	178	202	185	156	138	146	135	119	170	185	171	145	161	186	161	154	152	151	133	117	114	107	95.3	117	174	212	194	234	224	187	135	130	94.1	114	132	133	126	89.3	140	130	117	73.3	51.6	55.3	78.2	62.5	61.1	95.5	122	124	128	115	92.9	95.7	76	70.7	48.3	64.7	55.8	78.5	95.1	151	118	143	147	125	73	67.9	76.7	108	66.9	66.6	65.2	65.4	62.9	60.9	60.6	58.5	34.8	37.4	35.9	21.7	15.8	3.27	1.26	0.84	2.07	0.69	0.54
290	250	249	313	354	368	321	255	441	356	273	232	240	243	302	202	236	199	247	207	219	157	136	154	136	155	165	168	128	162	197	226	232	196	188	153	136	140	127	164	165	172	131	133	129	142	120	154	172	164	124	116	177	174	267	318	226	194	228	250	276	260	165	117	111	183	179	149	96.1	99.1	115	113	69	56.5	51.9	54.8	76.4	111	112	142	151	132	114	105	90.5	87	72.6	73.7	79.5	86.5	95.7	139	120	114	132	106	98.6	82	85.8	99.4	115	112	94.5	70.9	64.9	77.8	95.1	112	99.9	71.9	67.7	53.3	27.6	3.21	4.86	0.51	0.45	0.96	5.37	14.6
346	273	263	292	314	271	280	326	370	289	219	180	239	228	228	228	139	174	215	230	200	156	157	135	165	172	162	192	188	170	220	195	201	206	187	169	126	102	106	152	175	169	155	137	132	127	118	127	178	166	144	120	137	206	311	324	223	211	184	247	241	214	145	146	134	143	126	134	101	105	117	98.6	76.4	62.8	70.4	91.9	95.5	94	103	126	117	101	115	96.1	87	89.1	104	86.5	102	88	93.9	94.2	114	98.7	167	127	121	105	102	123	132	175	171	111	100	83.3	71.4	51.1	69.2	83	78	55.8	54.1	54.8	48.5	36.9	35.4	32.8	33.4	0.21
317	299	295	268	273	275	251	198	215	214	213	254	233	294	219	150	116	137	170	312	202	175	223	164	169	165	190	212	180	195	168	191	187	186	179	113	100	114	106	157	188	193	175	171	148	119	114	117	137	176	186	134	142	155	121	146	249	261	154	185	224	193	110	130	122	120	86.9	87.2	91	110	87	110	103	99.9	120	130	122	87.2	72.8	66.9	84.1	95.1	111	90.8	90.5	91.1	101	98.1	111	110	112	108	142	190	156	164	149	136	153	183	158	183	212	151	125	96	90.9	60.9	51.4	55.9	61.6	61.6	65.7	54.5	53.8	40.7	34.5	32.8	33.6	0.09
315	252	217	259	254	281	304	287	181	235	292	288	253	235	255	159	186	187	183	253	175	145	166	185	171	169	184	241	186	178	177	175	177	212	177	132	136	138	116	145	193	197	212	160	130	134	156	166	143	152	198	182	174	140	122	181	156	165	187	145	189	177	138	133	136	105	75.2	76.6	67.8	66.5	74.9	119	120	125	149	164	112	75.4	68.5	62.5	62.8	68.8	88.8	71.7	79.1	108	127	106	124	122	108	110	124	254	135	155	162	144	161	187	203	233	152	135	142	137	108	72.1	54.5	51.2	58.5	63.7	61.5	99.3	75.4	41.6	33.7	30	27.4	1.92
299	198	212	247	267	319	349	382	215	274	292	311	273	229	269	171	178	297	283	260	179	203	225	237	152	164	192	196	198	191	199	236	259	203	188	170	143	112	113	143	180	178	222	229	193	157	180	196	156	131	207	184	159	107	126	123	99	115	183	168	137	161	155	142	157	112	118	104	72.5	60.4	64.1	95.1	96.5	102	132	167	81.5	70.2	71.9	57.9	58.7	67	114	124	158	147	127	117	103	96.5	103	105	136	134	107	152	151	141	158	182	209	186	150	145	164	151	98.1	81.6	68.9	86	76.1	68.1	61.7	58	75.5	52.8	30.4	27.9	25.2	1.41
262	250	227	238	237	333	332	327	251	284	340	326	391	321	226	197	229	299	323	287	227	328	270	225	181	210	203	211	214	189	214	268	297	237	218	201	149	147	154	172	187	207	209	195	172	153	203	189	170	158	153	114	122	114	109	143	138	132	161	160	143	195	149	154	146	119	131	108	85.7	73.5	78.4	84.7	86.8	79.8	89.6	122	89.3	74	81.3	86.2	81.1	102	145	166	190	153	133	105	99.6	101	115	124	150	151	147	187	183	186	170	158	205	195	160	153	139	119	97.7	99.1	75.7	81.3	86.5	65.9	57.3	52.1	56.2	44.2	28.3	25.3	21.8	17.6
245	254	235	266	245	319	265	238	287	405	374	321	299	254	243	248	325	320	322	319	326	308	275	224	217	239	221	256	211	224	248	249	252	234	224	203	199	167	189	199	217	186	209	183	181	165	210	184	161	138	135	115	130	120	106	158	131	128	149	144	168	200	185	148	149	116	110	96	95.9	89.9	90	116	111	118	99.6	120	104	82.4	81.4	91.4	121	154	198	152	157	162	159	120	124	119	141	157	181	154	136	166	159	172	170	182	179	185	155	142	165	120	112	99.2	89.4	96.5	78.6	65.3	59.9	55	52.7	43.6	33.7	28.3	21.9	18
292	257	276	271	228	246	204	207	249	291	287	242	246	302	242	273	292	282	223	276	382	291	197	183	242	338	245	174	261	204	191	187	231	267	198	203	277	238	218	196	217	215	223	249	212	171	198	191	173	156	125	141	147	139	106	161	151	148	135	155	192	173	153	157	181	142	107	100	123	122	108	120	129	142	108	98.2	82.2	87.4	89.1	96.1	124	157	172	154	120	120	152	139	139	133	148	141	139	125	124	159	175	161	149	148	156	163	135	103	131	126	127	126	127	88.9	89.1	76	62.1	66	59.6	42	32.1	28.9	23.3	18.2
259	211	228	232	208	189	223	172	195	222	222	228	258	305	243	258	290	245	155	181	295	273	217	243	327	413	295	225	258	217	183	190	227	199	196	185	209	210	248	241	238	205	232	237	191	114	132	166	165	170	165	141	163	119	113	142	144	197	169	163	152	140	133	156	203	161	123	105	128	131	126	124	144	129	116	124	116	131	112	152	127	157	170	131	139	146	174	161	161	142	128	114	101	117	120	169	182	147	129	125	146	150	128	109	124	109	107	124	119	97.1	96.1	77.6	64.2	56.1	51.7	53.7	38.7	26.4	24.6	24.4
197	190	207	211	197	193	212	190	257	301	289	308	322	394	364	372	337	286	237	169	236	229	211	214	197	247	242	240	209	186	200	202	209	188	209	179	202	214	231	225	228	226	202	316	193	146	172	184	153	153	152	164	135	134	128	150	134	132	148	161	136	125	138	199	191	129	102	90	139	117	117	130	127	103	89.6	93.1	107	155	120	128	129	142	172	150	164	180	180	157	150	148	152	159	111	93.3	115	145	171	178	112	110	128	141	113	95.9	107	78.3	79.5	143	151	108	71.1	60.5	46.5	37.2	35.3	35.5	28.4	29.3	30.5	31.8
195	182	213	235	219	190	209	234	287	305	295	339	374	386	357	384	325	252	225	234	249	246	228	205	152	204	237	239	276	243	236	243	207	174	214	217	197	224	232	221	234	236	235	196	227	182	167	157	164	156	141	189	170	179	156	160	143	127	139	160	137	147	164	156	171	149	111	105	120	149	186	175	148	127	115	109	101	128	124	152	159	147	160	155	168	132	146	138	138	133	149	121	93.4	85.3	120	160	159	129	124	110	121	106	91.7	81.7	77.6	75.2	68	88.8	90	107	58.1	50.4	47.5	46.7	33.7	24.9	21.8	19	19.9	21.1
170	189	263	318	312	265	227	231	290	294	296	331	339	290	334	302	294	260	277	261	260	281	281	212	143	147	217	256	257	273	250	217	229	200	217	243	215	217	210	224	214	207	232	189	171	150	181	177	203	173	159	149	176	176	187	161	176	167	161	206	171	155	272	172	226	182	141	102	127	158	161	174	175	155	141	124	116	103	107	145	106	127	142	102	115	116	128	130	152	135	110	120	80.2	79.9	107	157	148	80.6	95.9	119	137	96.9	88.6	71.8	69.8	63.4	57.9	53.2	73	55.8	55	48	51.4	37.4	28.3	23.8	20.6	17.5	17.6	19
185	188	271	296	288	290	250	275	317	359	291	337	298	272	328	309	273	276	300	306	318	283	258	190	140	148	211	320	258	325	264	225	248	222	219	221	256	232	211	186	179	159	201	193	167	149	158	201	184	176	211	199	211	241	188	201	194	167	179	237	223	205	251	219	191	178	157	148	150	142	151	175	180	173	153	149	137	92.5	104	130	101	117	139	107	91	109	110	99.3	112	115	88	90	79.3	80.1	103	138	88.9	73.8	74.6	98.1	106	79.4	94	67.8	46.6	36.7	41	45.1	35.3	44.8	54.9	60.9	36.9	29.5	24.9	29	23.3	19.4	20	25.3
255	213	220	260	263	290	249	289	322	323	323	362	298	269	267	331	328	325	302	211	244	278	267	183	182	159	184	256	219	262	156	193	190	193	193	246	207	211	212	184	161	140	195	197	205	152	155	162	190	182	199	184	245	226	218	206	164	152	168	213	161	160	146	152	156	143	150	174	157	162	129	162	195	160	116	119	108	80.3	78.1	76.8	83.8	92.7	91.5	76	74.7	74.9	84.8	85.2	108	134	82.1	91.4	99.2	109	118	127	84.1	69.9	66.2	98	105	78.1	80.7	71.1	64.3	69.1	57.8	69.3	56	55.7	52.5	37.9	33.4	30.9	24.3	24.8	20.4	24.2	29	44.6
257	232	217	233	233	242	221	258	293	329	356	330	276	266	259	257	255	361	309	277	252	317	302	229	277	295	241	193	201	273	316	194	223	302	195	279	231	217	218	184	171	155	163	168	208	198	172	168	197	200	167	162	238	226	226	186	158	152	160	154	157	162	141	152	128	139	146	176	147	118	110	136	161	171	124	133	103	110	93	84.2	115	109	84.3	70.8	75.8	74.8	85	77.8	78.1	95.4	88.1	87.6	101	93.5	88.4	86.1	79.3	96.7	74.3	86	88.2	74.5	72.2	101	105	79.3	78.4	73.4	61.8	56.2	47.5	41	29.6	25.5	28	28.5	22	22.4	30.9	47.4
213	229	228	261	217	216	218	271	308	289	307	305	270	283	270	254	275	359	379	319	306	321	312	333	341	326	347	234	175	225	329	279	261	284	210	251	255	208	191	170	157	149	143	161	185	193	191	159	193	181	185	194	199	194	188	163	156	158	163	137	163	160	159	144	154	158	157	160	151	157	116	159	141	128	130	138	119	144	141	114	146	134	84.9	79.2	90	96.8	76.8	71.8	68	77.3	83.7	86.7	78.7	85.1	76.6	71.4	67.4	63	70.8	104	86.3	77.9	71	72.9	93.4	92.4	74.8	67.4	59.5	50.8	53.2	58.2	51.9	35.1	34.7	31	20.7	18.8	18.3	27.8
187	189	192	201	175	186	246	366	313	234	235	258	230	230	248	268	240	304	329	284	294	362	321	311	295	326	379	293	233	227	268	240	294	273	220	201	215	184	177	178	171	184	150	164	168	180	168	164	172	170	188	188	193	163	182	154	148	142	166	157	167	164	171	140	155	164	199	173	158	144	126	181	150	118	139	176	169	145	140	134	152	145	108	131	128	117	81.6	89.9	79.7	81.4	82.6	70.8	68.3	75.4	67.2	63.2	54.4	52.7	60.5	75.8	89.1	77.2	83.6	119	92.5	65.4	81.8	79.7	64.5	58.1	55.9	47.6	41.5	49.9	40.5	40.1	28	16.9	18	20.8
179	150	150	142	135	148	229	255	255	180	198	219	201	202	220	256	272	271	290	272	257	311	283	266	305	263	315	313	223	235	265	200	304	440	227	190	166	199	167	166	175	151	168	176	164	185	193	179	268	185	166	170	180	197	204	124	115	86.9	110	128	117	92.1	96.3	135	116	148	154	168	133	119	136	194	166	150	155	160	153	110	103	93.4	136	194	112	203	231	97	73.2	91.1	100	63	63.2	78.3	94.9	62.3	45.1	47.5	49	44.4	55.4	124	182	110	105	150	139	78	70.5	75	64.2	62.6	55.3	40.9	38.7	49.1	68.7	51.4	32.7	23.9	23.5	25.7
117	149	137	137	113	206	243	194	196	193	180	176	179	183	197	219	240	258	235	197	245	268	320	384	312	274	332	299	292	341	319	222	182	304	281	210	155	145	146	146	121	152	183	163	189	220	227	212	212	152	133	140	171	209	187	137	127	134	152	123	117	94.7	80.2	108	112	129	147	185	137	122	139	175	153	136	148	150	134	118	99.7	96.5	143	124	102	160	144	95.2	63	110	123	65.5	73.8	92.6	95.6	52.4	35.1	61.2	54.4	62.1	49.6	92.9	119	102	98.8	144	98.4	111	105	125	96	78.5	72.8	51.4	46.9	62	97.8	46.1	34.2	24.5	30.8	34.8
134	143	157	196	211	227	244	207	199	227	250	176	161	158	183	213	212	211	192	209	249	261	310	403	270	201	348	292	268	329	249	222	217	325	269	241	213	181	173	207	131	151	174	168	193	280	239	207	218	209	179	162	177	193	215	163	140	159	113	144	153	145	84.5	92.6	98.3	110	131	160	143	150	170	184	148	147	126	125	118	123	113	123	117	142	144	120	82.5	70	98.8	175	115	67.7	70.7	78.5	74.3	74.1	82.8	80.6	83.9	75	63.3	85.9	121	147	122	97.5	102	92.2	92.2	88	79.7	86.1	72.2	53.7	48.3	52.2	56.9	47.4	40.2	36.4	39.1	43.9
149	127	125	208	214	204	158	183	169	158	181	174	156	162	197	201	222	173	219	219	257	242	223	228	216	203	266	327	296	344	198	201	195	159	132	182	198	185	197	184	136	130	173	189	188	235	244	239	316	270	256	189	242	234	266	176	152	131	135	130	147	152	111	114	131	159	148	152	136	145	169	186	156	149	167	128	138	137	137	180	147	140	119	115	96.2	100	97.9	105	89	73.6	79.4	73.2	86	110	116	130	122	114	117	83	78.6	97.9	106	125	102	132	91.4	92.7	80.6	58.4	53.7	46.5	47.4	42.7	35.9	44.2	37.1	37.6	38.8	46.5
147	128	151	184	205	199	196	197	171	157	157	143	164	178	168	181	186	157	183	165	194	194	160	165	170	233	274	368	359	268	175	167	227	193	163	146	180	247	234	261	158	137	210	178	187	162	226	268	353	373	288	148	198	211	275	204	151	151	165	167	149	179	140	166	200	225	191	171	146	179	200	142	113	106	107	93.8	111	108	115	207	127	117	119	120	109	132	95.6	140	111	152	115	105	106	117	104	78.1	76.3	94.3	88.2	89.8	75.3	78.7	85.3	99	118	124	83	79.4	77.8	65.5	50.1	32.2	33	32.8	26.7	39.2	25.5	29.4	25.9	26.8
179	123	114	142	156	137	177	182	148	142	118	136	157	164	171	212	182	150	153	162	163	140	150	177	149	189	221	273	180	205	174	207	322	236	229	212	287	263	196	229	176	199	162	149	157	140	182	310	277	331	229	196	158	191	224	216	179	200	164	206	154	121	165	169	180	148	168	163	158	148	176	144	120	110	115	110	106	204	104	153	132	110	88.4	92.5	133	179	124	172	204	187	172	120	102	111	104	96.2	76.1	65.7	94.2	84.4	69.1	72.6	80.1	100	102	91.5	75.2	70.8	67.3	57.5	48	35.6	32.8	31	29.8	64.2	38.3	30.2	27.2	26.3
121	147	237	139	120	122	166	169	143	112	114	157	95.4	130	161	143	132	139	144	151	153	100	98.9	156	146	127	219	191	169	126	117	204	227	200	228	203	224	201	228	189	160	180	129	118	123	150	197	203	204	169	182	158	146	173	192	211	189	164	141	139	111	114	137	197	189	124	154	177	171	155	150	142	126	143	115	94	125	120	108	131	150	143	124	172	207	187	182	149	183	171	191	141	143	131	110	97.7	85.1	98	93.5	83.7	69.4	76.1	92.4	87.4	84.3	75.1	68.6	67.9	58.1	47.2	41.6	28.8	28.9	33.4	35.3	45.4	30.7	27	28.2	30.3
117	129	195	119	98.1	125	116	162	137	130	146	135	111	122	155	134	116	140	138	185	156	138	122	116	149	127	181	203	122	109	207	263	247	223	211	165	163	195	262	174	149	137	175	114	106	130	174	183	187	186	188	168	156	147	137	183	194	167	122	127	99.4	85.9	135	155	166	127	153	166	201	174	180	146	150	148	112	95.3	102	117	113	173	150	165	146	135	217	244	179	163	156	214	206	145	152	137	147	97.1	102	98.5	87.9	91.4	82.7	93.7	109	102	87.2	80.3	68.9	62.9	53	45.1	41.1	37.7	30.9	28.4	23.3	26.1	20.5	14.1	15.4	25.2
135	140	135	97.2	89.5	147	134	148	160	150	167	166	160	182	175	165	159	139	156	186	156	119	112	137	142	134	152	143	135	169	181	208	231	248	254	180	198	260	286	189	147	157	182	118	128	177	198	239	217	151	143	147	190	150	169	167	139	162	154	115	116	91.2	124	192	190	119	140	137	205	215	198	145	158	156	127	112	93.6	97.9	106	134	184	160	132	132	163	154	124	106	120	149	217	181	169	152	116	87.7	92.6	98.1	83.6	101	98.9	105	103	115	101	91.9	76.3	61.6	55.4	42.3	41.2	30.2	19.7	18.6	14.9	12.5	10.8	6.77	6.25	4.75
134	152	154	148	147	139	151	209	259	245	145	156	194	230	191	157	160	135	140	135	120	113	126	184	155	163	200	151	127	168	147	159	155	126	160	184	253	320	286	183	165	130	139	117	126	150	187	256	215	140	95.8	105	148	93.4	125	121	112	91.2	139	89.8	127	85.2	111	200	169	123	112	124	130	194	229	147	139	154	172	138	91.6	84.5	102	99.3	131	181	107	109	106	113	145	141	113	136	171	181	172	158	116	115	100	78.9	75.3	103	104	96.7	99.1	112	89.8	79.6	63.7	56.9	56.3	43	34.7	26.5	16.3	12.3	7.74	7.18	6.24	8.78	8.21	5.51
99.4	141	166	185	141	161	251	315	306	212	154	133	206	239	176	127	130	117	115	104	93.7	94	117	142	175	186	175	160	166	149	144	174	171	150	180	232	219	317	276	236	187	140	128	125	163	193	175	191	227	164	116	127	134	106	122	118	122	82	71	85.4	92.3	115	136	162	150	146	109	88.9	102	153	200	151	169	237	138	119	100	95.8	104	166	179	157	114	120	108	106	138	154	123	139	141	192	170	145	121	110	96.9	90.4	86.5	98.5	93.1	84.4	91.6	99.5	79.6	60.9	48.4	57.4	47.1	41.3	40.5	33.7	28	11.4	8.49	8.76	11	12	9.56	6.82
114	119	127	138	134	262	244	172	252	159	144	174	246	206	235	148	170	134	132	122	107	112	110	123	174	182	172	139	181	169	152	192	143	141	215	182	247	330	230	248	193	140	136	97.5	146	179	192	203	221	177	183	131	120	78.8	88.9	131	111	87.3	86.1	97.1	80.8	78.6	114	137	146	137	98.3	100	94.6	93.6	160	145	166	182	155	99.6	86.4	104	130	160	158	165	147	128	97.4	128	172	177	148	164	153	152	137	142	125	98.8	91.1	76	76.6	110	89.9	85.6	82.8	78	67.9	61.1	51.3	49.6	45	42.2	43.3	26.5	28.2	17.2	9.4	15.3	12.3	13	9.36	4.91
140	127	129	142	147	186	170	148	146	147	157	183	194	274	147	107	116	112	104	97.2	122	176	111	121	127	151	133	157	158	183	175	188	168	148	259	188	208	237	218	196	143	137	145	103	133	133	138	171	179	195	111	124	117	88.2	66.8	85.7	83	88.3	86.2	129	80.8	66.1	69.8	107	114	137	122	132	111	114	144	135	162	185	117	71.6	110	88.4	150	134	176	155	134	106	88.8	149	150	158	122	115	134	128	102	91.9	107	96.4	75.7	67.4	76.5	86.1	95.2	82.4	78.2	78.8	73.4	65.7	57.3	50.9	46.5	40.1	36.6	37.5	26.2	21	23.2	19.1	10	9.96	4.16	1.79
113	114	118	134	129	150	141	121	120	126	147	180	162	176	140	95.8	117	104	103	98.2	78	99.8	95.8	122	117	126	141	183	168	243	192	232	206	207	248	184	176	180	212	149	120	131	163	133	134	152	210	219	173	157	124	109	68.5	122	72.1	75.9	74.7	78.1	72.7	87.2	84.1	85.1	84.8	95	96.3	149	144	172	162	173	149	131	144	144	122	54	61.8	79.9	108	92	107	96.5	99.3	91.2	92.1	105	131	130	109	86.9	114	93.5	93.9	71.7	81.6	74.5	68.2	67.7	63.2	73.6	78.8	78.7	86.2	83.3	66.4	72.2	61.3	64	53.1	41.6	38.6	40.3	38.5	30.7	23.6	18.2	11.9	10.1	6.93	3.11
89.8	96.7	111	134	109	121	138	124	115	125	165	168	105	137	137	111	92.2	109	115	101	86.8	98.7	92.9	97.6	121	132	152	200	153	152	165	255	224	221	201	150	171	149	150	109	109	107	127	128	136	142	226	177	188	139	121	105	79.5	81.8	74.4	54.7	52.4	46.7	66.4	67	67.2	85.8	85	100	91.6	135	137	175	147	221	194	137	131	171	120	69.8	57.8	65	78.1	72.5	90.1	99.5	94.7	112	97.7	116	124	110	132	116	159	111	99.2	87.5	80.3	74.4	88.1	77.6	60.4	78.4	87.5	77.2	71.6	75.6	69.4	74.5	62.6	69.8	46.7	42.3	41.5	42.6	37.1	26.2	19.8	16.2	13.1	9.37	5.19	2.81
66.8	81.6	76.3	127	89.2	102	122	128	135	111	111	121	123	95.6	106	102	119	116	120	99	87	72.4	59.8	85.5	114	131	133	192	132	108	148	206	208	194	143	136	146	147	161	118	112	104	147	151	135	170	199	115	120	123	93.5	92.2	95.8	117	103	74.9	41.9	32.7	68.1	52.2	55.7	67.6	68.7	91.5	99.4	102	103	123	160	171	165	142	137	128	126	105	57.8	56.7	64.5	65.4	85.8	104	128	123	92.3	103	142	137	142	111	178	101	87.7	92.5	103	80.7	89.9	76.4	67.5	76.8	85	76.2	68	72.2	71.2	78.1	66.5	65.2	54.4	51	42.3	40.4	35.2	29.1	21.3	11.3	7.7	6.49	5.36	1.9
63.2	66.2	64.6	37.5	70.5	58.1	57.9	82.1	108	112	67.3	93.6	117	90.9	81	62.4	78.1	92.9	207	102	80.2	80.2	71.5	103	108	114	123	124	108	102	115	138	161	162	143	142	142	140	144	122	175	117	152	106	111	168	163	105	79.9	98	94.5	77.1	101	108	118	100	78.8	66.7	56	54.4	53.5	50.4	46.7	67.5	95.5	94.7	99.7	138	146	174	184	153	149	130	117	120	99.8	79.3	78.9	72.8	121	126	135	132	75.2	97.4	151	186	158	103	130	91.5	89	86.4	93	85.1	84.4	75.1	82.1	77	71.4	71.9	74.4	72.9	69.7	64.9	62.2	56.8	54.8	54.1	43.5	44.2	35.9	33.5	29.2	18.5	12.6	10.5	7.99	6.06
58.8	50.5	69.2	48.1	67	55.7	42.7	55.8	76.5	98.8	96.8	98.8	77.6	85	57.6	50.7	62.7	65.1	94.9	76.9	76.8	75.6	74.8	88.7	97.5	126	113	91.1	90.6	103	110	112	92.2	105	132	171	171	114	120	129	153	131	99.5	112	104	116	144	129	93.4	81.8	56.9	48.7	61.5	66.3	80.3	66.4	64.7	45.1	42.8	57	64.8	56.9	49.2	56.1	71.1	103	90	141	141	115	132	148	130	112	103	78.4	95.8	87	57.5	54.8	90.2	107	83	82.5	69.1	91.6	145	225	174	149	136	87.5	79.3	63	62.7	74.4	76.4	98.9	75.2	75.9	82	78.7	82.1	76.3	64.2	59.7	54.1	47.2	51.5	58.9	44	46.7	41.6	36.7	28.7	23	18.3	14	12.3	5.74
63.9	53.2	83.4	56.5	69.1	49.8	34.9	48.1	49.8	74.8	81.6	111	103	96	72.8	52	73	48.7	46.3	64	69	76.5	81.8	87.9	104	112	120	107	91.4	109	138	129	117	112	150	156	136	101	108	126	148	109	124	106	113	105	70.7	83.3	90.1	79.8	52.7	47.6	42.1	37.9	45.5	47.3	33.4	37.8	31.1	60	73.7	66.1	64.1	65.5	77.9	85.9	91.8	110	106	113	127	129	137	122	128	70.7	98	75.8	69.8	59.3	65.4	77	87.9	81.3	95.8	118	196	163	122	150	128	105	96.6	79.9	64.4	78.6	90.7	65.8	76	83.2	83.5	84.8	78.9	75.9	63.4	53.2	49.8	42.4	46	52	44	44.4	40.6	41	31	20.9	17.9	14.6	8.85	7.78
59.7	62.4	88.1	52.5	66.1	27.5	25.2	58.6	52.1	67.3	71	116	77.6	65.3	64.4	61.9	56.7	51.5	56.1	67.8	61.4	66.3	73.4	92.6	89	118	116	104	104	118	123	131	102	110	79.5	138	127	117	118	137	108	91.6	140	103	125	116	84.5	71	93.4	79.7	64.8	66.9	33.7	21.3	35.7	38.3	35.9	33.7	38.1	49.8	74.7	94.3	84.5	77.6	91.4	89.8	87.4	113	122	125	168	130	130	118	122	90.6	129	100	73.7	80.7	59.4	72.7	91.5	94.5	85.8	157	229	169	107	116	108	103	114	94.3	76.2	78.8	79.2	66.1	69.4	76.9	84.3	77.5	65.5	69.3	65.7	56.9	52.3	37.9	43.4	47.8	46.4	46.6	48.2	43.6	47	31.1	21.8	13.2	10	7.9
76.7	47.4	45.9	28.9	66	62.9	40.3	32.1	25.1	77.8	76.2	62	47.4	33.3	44.9	45.1	39.2	43	51.6	68.7	64.3	71	69.5	102	93	101	107	99.9	89.9	88.8	102	82.8	68.6	100	103	108	177	140	128	155	159	169	125	128	87.3	109	70.4	59.4	73.7	65.6	68.7	53	27.4	43.5	66	59.9	56.6	60.5	54.5	86.5	94.2	99.8	90.9	123	140	88.4	78.4	121	118	110	145	122	123	93.8	113	104	92.6	125	112	113	116	149	109	139	163	123	191	159	118	111	94.2	137	142	148	106	107	113	93	82.1	79.2	86.2	87.8	73.1	73.9	68.8	50.9	44.7	42.5	41.1	49.7	50.4	46	48.2	42.4	46	35.1	25.8	21.3	16.7	19.7
65.8	39.6	37.3	42.5	45.6	57.7	32.8	16.6	22.2	22.9	24.7	50.5	31.9	17.2	14.5	49	39.8	44.4	33.8	55.2	58.4	64.7	61.5	80	83.8	81.2	93.4	84.9	79.3	72	70.5	72	54.5	94.7	94.5	68	179	162	151	186	165	179	126	156	146	61.3	48	83.1	96.9	91.9	81.7	40.6	46.1	42.3	55.9	62	82	75.5	82.6	93.2	70.8	79	70.9	67.8	72.9	74.4	90.9	111	111	101	131	122	116	103	105	160	88.6	114	97.8	97	101	93.7	98.6	150	184	153	161	147	140	102	92.4	125	127	151	122	126	113	90.3	92.5	78.6	86.2	88.4	71.8	68.8	68.2	62.6	54.8	43.2	44.2	45.1	51.1	41.4	40.5	45.3	39.7	38.9	27.8	20.2	23.2	26.4
55.4	31.9	37.3	46.4	42.9	34.3	33.7	44.3	41.2	16.3	28.6	40	34	36.5	38.5	51.7	54.4	54	34.9	51.9	58.9	54.8	55.2	72.8	73.4	81.1	93.7	89	69.3	67	62.7	61.6	82.8	91.1	95.8	98.7	159	139	145	127	119	118	129	125	144	87.5	61.2	64	99.3	99.8	67.3	46	55.2	59.6	61.8	49.5	59.5	92	61.2	65.6	33.9	41.1	52	58.1	86.5	76.6	77.4	112	111	85.7	111	99.6	119	112	107	109	98.9	86.1	92	90.2	92.3	83.7	90.6	129	154	202	254	186	215	160	113	156	150	142	139	133	123	139	147	84.1	68.6	92.3	90.7	73.3	89.6	81.3	60.1	46.8	39.2	39.5	41.6	42.4	39.5	41.9	38.5	32.4	24.7	21	26.1	37.1
70.2	46.4	39.7	47.9	44.6	42.5	32.5	34	23.3	13.8	27.7	27.5	30.1	51.9	58.3	46.6	45.4	48.2	36.7	53.6	55.8	52.7	60.2	79	86.3	81.6	88.2	86.9	74	56.4	53	54.6	67.8	76.1	86.7	90.9	144	116	122	124	78.5	65.7	110	83.9	101	106	77.3	66.2	102	92.7	57.6	39.5	58.9	62.7	71.1	48.8	46	44.6	45.8	49.3	35.3	37.3	60.9	74.7	101	75.4	78.5	92.7	95.3	93.6	98.7	115	120	114	104	102	91.6	67.2	78.8	80.6	87.9	85.5	94.3	111	140	125	133	164	174	142	215	201	175	153	174	168	186	193	203	99.5	85.2	86.7	93.1	83.9	76.3	69.4	55.6	37.8	30.2	38.2	40.4	43.6	34.5	32.3	28.6	24.6	23.7	26.4	29.9	42.6
52.2	55.2	46.5	53.9	66.7	48.9	55.8	37.7	18.5	21.6	37.5	43	46.1	52.7	66.3	64.8	52.8	47.2	65.4	58.9	60.9	62	83.4	94	105	95.3	82.5	81	68.7	66.7	59.5	60.2	67.7	66.8	80.3	71.5	104	102	132	125	64.9	61.9	126	76.6	85.5	89.6	79.9	95.3	83.5	75.5	65.6	52.3	64.8	70.3	65.5	63.9	61.8	50.7	48.7	69.9	72.7	43.3	61.5	161	175	121	116	99.5	87.7	105	152	154	130	126	90.4	97.4	87.2	65.9	79.8	83	66.8	69	99.1	113	126	109	117	152	166	160	140	204	149	151	133	142	156	162	142	101	107	102	103	96.9	84.4	73.9	63.6	40.4	38.3	30.1	40	51.2	41.4	36.3	31.8	39.2	31	32.3	36.4	50.4
80.9	71.7	68.4	57.5	58.2	63.1	63.4	49.4	39.2	54.9	56.8	53.4	46.2	50.8	63	64.9	51.4	45	49	64	82.8	73.4	74.3	92.7	78.1	82.3	75.9	66.5	65.6	85.1	90.6	65.5	59.5	63.5	57	43.1	77.6	83.4	86.5	82	82.3	70.5	75.8	88.1	115	90.3	78.4	64.1	58.5	66.4	58.4	51.2	73.2	61.9	55	72.6	72	67.3	56.9	76.4	74.5	41.4	49.8	97	130	181	166	104	96.3	102	143	134	136	132	75.5	81.3	116	71.8	73.5	67.3	61.2	80.5	94.9	116	127	125	159	186	168	160	111	110	169	141	136	145	165	181	165	108	111	110	104	97.7	89.1	76.7	71.9	47	38.8	32.5	36.1	39.4	32.7	37.9	32.6	39.8	33.8	31.1	34.5	45.8
76.5	91.6	91.8	82.4	65.6	72.8	64.8	58	61.9	73.9	65.9	59.5	51.3	48.3	56.7	60.2	54.4	50.6	47.2	53.4	70.3	65.8	70.7	74.4	68.4	69.7	60	59.9	65.1	82.4	68.5	68.6	67.8	68.2	50.9	39.7	53.5	59	69.2	105	163	138	92.5	88.6	112	62.5	36.3	60.2	46.7	57.2	56.8	51.5	75.1	58.2	50.7	51.6	52.1	50.5	53.6	50.5	39.5	40.9	75	105	130	108	142	91.6	86.2	74	137	111	110	108	86.3	78.1	83.2	83.3	125	91.5	70.9	75.7	83.2	102	110	113	128	195	202	172	105	124	131	141	143	178	160	169	170	121	121	123	118	112	95.9	78.8	69.8	49.1	47.4	32.6	26.3	35.6	34.7	35.5	35.7	38.9	31.9	36.6	42.4	49.6
78.1	93.4	86.3	87.3	86.6	87.7	53.2	54.5	56.8	62.7	65.2	51.3	46.5	49.1	42.7	50.7	52.6	46.5	44.9	50.1	57.4	61	60.6	58.5	55.8	54.8	48.3	48.6	60.6	58.1	62.1	68.7	62.9	62.1	58.9	29.6	32.8	40.1	48.3	117	160	93.2	85.8	85.2	65.3	32.4	26.7	56.3	67.5	70.9	76.3	62.5	53.1	49	53.7	55	42.6	50.7	69.1	59.9	41.6	53.5	59.5	103	114	94.8	111	120	117	92.6	109	103	98.6	113	103	73.8	97.1	107	105	102	83.7	70.8	90.8	108	105	97.4	94	109	134	155	94.6	89.8	94.3	93.7	130	160	126	138	160	135	131	128	128	110	91.2	72	71.3	50.7	45.5	40.2	28.7	36.2	34.2	36.3	36.6	44.3	34.8	33.4	38.6	46.1
55.6	50.2	65.9	78.8	72.3	73.1	62.1	63.3	63.5	75.4	66	69.6	78.2	82.7	69.9	59.1	55	60.8	65.2	56.6	65.2	66.4	69.5	71.1	69.7	54	52.2	51.7	61.5	72	87.6	65	63.9	56.2	59.3	44.5	41.5	40.9	42	55.1	55.5	74.8	64.8	90.1	91.2	55.8	47.5	55.5	77.4	92.5	76.6	66.8	56	44	49.5	53.9	44.9	48.6	53.9	81.8	50.9	122	44.8	57.9	55.5	64.3	70.5	121	112	110	136	140	104	106	96.4	65.5	61.5	91.2	121	116	96.1	79.5	89.1	89.9	75.2	78.1	83.7	87.9	87	86.1	84	86.3	92.8	67.8	79.7	117	103	105	149	162	140	153	138	125	92.6	91.3	75.3	55.1	42.9	43.7	44.6	44.1	38.7	40.2	39	36.4	36.8	35.5	42	47.6
38.1	33.3	38.8	59	61.4	55.5	41.1	57.7	75.5	57.6	63	91	98.9	110	104	93.2	68.9	73.3	75.3	64.7	60.1	60.5	60.2	63.7	66.3	54.8	60	50.4	55.6	59.5	68	69.8	57.3	51.3	48.9	37.7	39.4	38.1	39.3	35.7	33.7	58	54.6	80.7	81.7	106	54.6	42.1	53.7	51.7	61.8	81.7	68.9	47.6	47.1	46.7	42.3	42.5	48.7	37	57.3	87.1	76.8	66.7	56.5	52.8	63.6	80.8	127	132	120	118	90.3	81.8	98.1	66.7	59	60.1	128	95.2	87.8	82.8	69.8	81.3	64	62.3	63.5	82.4	74	86.4	85.7	83.5	66	78.8	61.7	98.1	99.5	103	124	117	111	148	102	104	92.4	81.2	61.8	58.4	39.9	40.6	39.1	39.6	38	39.5	33.4	36.4	35.9	41.9	41.8	46.5
33.2	28.4	32.3	41.2	42.6	41.6	37.3	50	72.6	86.7	68.1	97.2	92.9	96.7	129	95.7	94.8	118	110	76.1	63.2	66.5	69.7	60.7	60.6	53.1	53.6	48.4	43.5	56	62.3	52.4	30.1	35.3	42.1	31.5	33.1	33.6	35.3	29.1	26.1	34.5	45.1	65.7	94.2	79.9	46.4	43.3	42.3	47.8	72	81.3	73.6	46.6	39	40	42.9	53.1	65	41.8	53.5	94.6	114	153	78.8	58.8	89.1	77.3	74.2	96	97.7	92.8	88.9	83.5	76.5	84.3	78.3	69	136	78.3	60.6	73	65.5	58.9	45.3	53.7	56.8	59.5	65.8	79.7	88.6	77.7	65.4	62	53	91.2	92	95.8	86.1	97.1	119	95.1	93.3	105	104	84.4	59.3	54.9	41.1	36.3	27.1	40.1	37	32.5	31.2	31.4	31.7	34.8	34.8	42.7
22	20.3	27.6	31.6	32.9	39.1	32.5	33.2	68.3	144	166	98.8	94.5	112	135	117	94.4	106	96	72.5	59.6	53.4	60.3	56.1	48.8	48.8	46.8	36.6	36.5	34.4	26.9	23.6	25.2	25.1	34.2	28.9	39.6	32.4	31.6	19.9	18.4	25.9	29.6	42.2	52.2	43.2	54.6	41.2	32.9	49.7	87.6	67.4	57.4	52.7	39.8	40	41.7	52.2	56.2	58.2	70.5	65.7	133	123	52.2	57.8	79.9	63.9	59.7	83.2	87.2	70.6	69.8	64.6	59.2	75.2	63.7	52.8	67.5	77.9	73.2	59.5	61.3	51.5	46.8	51.8	53	55.6	56.3	72.6	92.2	101	93.9	92	74	109	102	79.2	72	93	127	100	79.9	95.4	91.1	68.8	52.9	51.7	50.4	31.3	21.2	31.5	32.2	27.1	32.1	40.3	38	32.9	29.3	42.5
13.4	12.2	33.3	70.5	39.9	48	33.3	29.1	37.9	92.7	174	118	114	127	131	133	126	111	105	96.7	73.2	58.9	56.3	50.9	45.5	40.2	40.9	38.2	33.8	34.2	24.7	21.3	31.5	29.6	28.9	24.9	29.5	26	25.2	23.6	19.7	20.8	29.1	36.7	52.9	40.4	38.1	37.1	42	48.5	48.8	64.8	60.9	49.1	45.7	58.1	61.8	94.3	65.2	63.2	61.6	73.1	62.2	74.7	58.6	59.5	57.3	57.7	55.4	60.4	72.4	78.7	77.2	71.6	74.9	56.7	64.5	51.7	47.6	68.8	65.3	73.4	70.6	57.8	55.7	57.9	61.8	56.5	66.7	95.1	86.4	95.3	79.9	90.5	70.2	124	106	79.4	70	105	120	84.2	84.8	94.5	84.6	61.3	47.6	43.7	31	23.6	30.9	28.3	25.1	20.3	23.3	30.8	32.7	36.2	29	27.8
7.42	7.78	16.1	54.2	72	31.6	15	22.4	25.5	44.2	96.6	84.9	103	155	138	145	159	110	92.2	101	89.1	80.4	57.8	53.4	39.8	34.8	35	33.1	29.4	30.4	27.9	20.2	28.1	29.1	26	20.2	23.2	24	24.1	20.6	17.4	17.6	24.3	33.8	32	35.3	32.1	35.2	41.7	45.5	39.9	38.3	43.7	47	54.9	73.7	82.9	85.5	89.5	77.7	53.8	43.9	64.1	67.5	51.5	56.2	52.3	54	50.1	53.7	70.8	68.8	72.6	85.6	81.6	70.1	47.5	57.9	60.5	64.2	60.8	70.1	76.1	66.5	71.7	65.4	62.2	55.7	56.8	57.6	83.3	56.1	70	61.3	40.5	94.3	109	73.8	69.7	79.5	79.2	93.8	113	90.5	81.9	51.5	42.8	40.6	32.5	20	18.9	21.7	30.4	21.2	18.8	22.2	33.6	42.7	31.7	29.1
7.42	12	11.4	13.3	23.4	14.5	12.5	19.5	21.4	42.9	70.1	69.1	82.9	92	103	191	180	118	98.9	84.8	78.1	111	84.8	64.7	43.3	38.4	33.1	32.7	32	33	30.2	22	21.1	20.1	23.3	18.7	25.4	24.2	19	16.5	18.3	22.3	28.7	22.6	20.8	24.7	28.3	34.1	39.5	59.6	42.1	29.5	41.4	55.4	71.4	67.5	80.3	80.4	77.1	68.3	58.8	55.7	71.5	70.6	53.2	54.4	54.3	58.7	58.8	51.6	59.6	59.6	76.4	78.2	89.9	88.9	51.1	60.1	63.4	69.6	73.7	76.8	78.9	67.8	66.7	56	56.2	58.5	66.5	57.1	55.7	41.8	28.6	27.8	26.3	71.5	74.3	67.1	67.7	69.8	78	59.3	57.5	76.1	73.2	44.1	34.2	35.7	37.3	35.3	20.9	23.1	24.5	18.9	14.8	25	25.6	29.7	36.1	28.7
7.52	11.4	8.55	12.1	29.2	14.6	22.8	13.7	15.2	35	99.5	74	50.1	67.4	64.9	65.6	108	109	157	96.1	66	90.1	70.5	64.1	50.3	42.3	33.1	32.4	29	37.2	36.6	32.4	22.5	16.5	13.9	11.6	12.9	15.2	15.1	14.4	16.3	24.5	31.8	20	20.3	22.5	31.3	30.8	31.8	33.9	41.8	38.1	54	56.5	48.5	52.6	56	57.3	52.7	50.8	64.8	58.5	64.1	68.1	62.1	55.8	54.5	68.3	75.2	77.1	62.8	48	47	51	83.7	65.6	48.9	61.3	66.5	71.9	88.3	82.2	72.9	67.8	63	58.6	54.6	57.2	71.8	55.5	52.3	24.9	29.3	38.9	42.9	89.4	63.5	66.6	57.6	59.6	57	49.5	43	63.5	57.1	40.5	30.8	37.8	38.1	18.9	14.6	12.5	15.2	16.5	12.7	16.7	22.9	28.3	31.5	22.7
5.05	12.1	8.06	10.5	9.61	10.7	12	14.4	13.4	16.3	21.7	46.8	37.3	32.8	41.6	47.2	53.4	67.6	108	78.8	62.4	65.6	60.7	57.4	48.7	45.4	37	40.5	36.3	33.9	38.9	29.3	22.1	13.7	14.1	13.9	11.7	10.3	9.93	17.5	21.6	29.5	34.3	37.8	24.6	9.69	15.7	32.1	34.7	32.2	42.3	51.9	56.9	48	40.4	40.4	43	42.4	50.1	62.4	65.5	65.2	51.1	53.3	57.8	57.4	50.2	61.5	69.5	72	62.1	49.6	46.8	49.9	59.9	69.4	57.7	77.1	86.2	74.7	75.2	80.3	85.1	81.4	76.9	62.3	60.7	63.9	69.7	67	67.3	64.3	69.1	73.8	79.1	83.8	74.9	77.1	71.9	74.7	66	60.7	69.6	60.1	47.4	41.8	41.2	48.2	24	13.4	9.73	11.5	10.9	11.4	10.8	14.4	21.5	23	25.9	28.7
7.35	10.4	10.1	14.2	15.1	16.1	9.83	13.3	12.5	13.5	17.3	28.8	18.5	21	23	32.5	38.9	44.6	56.3	59.1	55.9	58.9	68.3	59	44.7	49.2	54.1	47.4	40.3	33.9	34.3	26	20.6	17.4	17.4	13.8	13.7	13.5	9.83	19	22.5	16.5	30.5	35.9	28.8	34	12.9	28.7	39.8	18.3	25.5	37.7	40.9	46.9	37	51.7	66.6	38.1	25.9	27.3	28.1	47.4	67.2	56.8	52.5	51.8	58.2	64.2	50.2	61	57.7	52.9	48.5	50.5	56.8	45.5	62	64.6	94.4	76.2	78.6	84.9	85	83.5	77.7	59	52.7	55.7	58.1	67.4	76.7	83.2	87.9	85.4	80.4	79.5	71.3	73.1	77.7	76.1	67.2	60.5	58.5	53.7	45.1	39.1	42.3	37.4	23.3	15.8	11.8	10.9	9.74	10.4	11.6	12.6	17.1	23.3	28.2	31.9
5.46	8	9.22	11.3	12.7	13.6	11.2	8.02	10.3	10.4	11	14.9	13.4	13.7	16	21.2	26.3	44.5	50.8	50.3	45.5	44.6	62.1	62	45.6	41.6	49.4	53.6	43.2	37.7	31.7	21.8	20.1	14.3	14.6	11	17.8	14.9	14	10.3	12.6	13.1	17.8	25.3	24	27.3	20.4	54.4	53.6	28.1	19.6	14.1	25.7	45.3	52.3	40.1	55.5	30.2	52.1	40.7	31.8	28.2	55.3	64.5	61.8	59.2	61.5	60.2	59.1	54.1	59.2	56.6	54.8	52.4	51.5	48.4	41.3	52.2	84.6	74.6	74.1	80	85.5	89.7	75.2	64	57.2	56.7	60.3	67.2	81.3	81.9	87.6	80.6	89	96.9	83.5	65.9	67.1	71.5	69.4	69.4	65.7	59.3	50.7	44.1	41.5	28.5	19.4	15.5	15	12.6	11.8	10.1	9.85	11.1	17.5	21.5	23.3	27.2
3.86	3.99	6.78	9.57	9.98	9.74	10.4	8.75	7.59	8.71	9.7	10.8	11	14.3	16.7	17.3	21.1	33.8	47.5	40	36.1	39.4	44.3	51.9	44.2	43.6	46.7	51.8	48.5	41.6	33.4	21.4	20.1	19	18.3	13.7	16.3	14.4	11.6	13.1	12.8	15.2	20.5	20.1	15.9	15.1	13.9	32.3	32.7	39.2	37.3	18.8	18.7	38.5	62.8	30.9	25.7	20.7	24.8	19.3	29	43.7	78.3	71.1	61.5	60.1	61.7	70.4	75.4	59.7	57.5	66.7	68.1	63.4	54.7	40.2	41.1	56.6	86.5	70.7	77.8	85.2	91.8	96.2	85.3	71.2	61.8	63.4	62.9	70.9	70.4	59.1	55.4	85.2	111	108	91.3	91	86.6	88	74	82.5	78.4	70.5	64.1	56.2	50.8	30.5	19.1	16.5	13.6	15.6	14.2	11.9	10.4	13.1	13.6	18.6	25.2	24.6
1.01	2	3.11	2.6	3.08	3.96	4.11	4.17	4.53	5.88	6.54	8.33	8.59	9.98	12.9	15.6	17.4	18.6	25.9	25.1	27.4	28.8	33.7	46.4	40.7	43.8	51	50.4	48.1	42.3	36.7	26.6	23.7	18.6	20	19.6	16	17.9	13.4	13.5	15	13.8	18.1	13.4	14.9	14.7	15.4	21.1	27	32.4	30.6	13.6	14.3	27	32.7	32.2	38.4	19	14.3	23.7	20.5	40.5	65	58.7	64.9	62.7	55.1	60.1	63.1	58	59.7	63	61.9	61.3	54.9	43.6	48.3	55.3	66.8	73.2	78.6	81.3	86.2	97.5	92.3	74.6	73	84.5	71.8	71	67.2	69.7	78.2	90.5	98.7	120	108	107	112	102	87.2	82.6	78.7	81.5	75.5	71.6	62.5	40.1	27.8	18.9	20.7	18.4	15.3	13.7	12.7	10.4	16.2	14.6	19.7	22.7
0.808	1.21	1.01	4.04	4.28	2.31	3.09	4.37	4.72	4.84	5.99	7.59	7.61	8.7	10.1	12.5	13.5	14.9	16.9	22.6	23.9	31.1	33.6	42.3	44	43.8	48.9	47.4	45	40.6	36.9	25	18.5	16.9	19	16.2	13	10.7	7.7	11	13.4	12.2	13.5	12.9	13.2	13.2	11.6	9.27	17.8	22.8	19.2	11.7	12.1	14.4	34.9	11.1	8.29	8.72	10	15.5	15.8	17.2	32.4	43.5	56.9	52.7	55.8	62.4	68.5	62.3	50.8	49.9	56.3	57.4	54.9	50.2	54	56.3	66.8	76.7	74.9	82.7	83.9	87	84.7	81.7	75.8	80	69.7	63	78.3	91	101	112	107	121	123	130	131	109	93.7	86.6	82.1	88.8	75.9	72.4	67.4	42.6	31.7	22.2	21.1	20.7	17.4	15.5	14.5	9.71	10.9	14.1	19.9	14.2
1.37	0.629	0.769	2.26	10.5	1.79	1.61	4.18	3.38	4.01	5.72	6.41	6.26	6.76	7.98	10.3	11.4	12.4	13.1	15.4	20.5	26.1	29.8	35.9	38.1	41.2	42.4	45.5	40.2	38.9	30.8	21.6	17.7	12.7	16.6	10.7	8.87	8.89	8.25	12.2	13.8	12	12.5	11.9	13.5	15.2	12.4	7.83	7.45	7.06	6.14	3.36	9.53	18.1	20.2	14.4	7.7	5.36	7.17	11.8	15.7	13.8	18.2	31.4	41.2	44.1	43.6	60.3	56.1	57.2	55.5	50.2	50	52.1	56.4	52.2	64.2	62.2	63.3	63.4	73.1	89.2	76.6	80.5	89.7	89.7	78.3	75.8	64.3	80.3	95.7	101	125	127	118	122	135	139	137	120	108	100	88.6	81.5	77.8	72.9	68.9	48.8	33.8	24	22	28.2	20.2	17.3	15.2	9.86	10.3	12.5	23	17
2.98	2.69	0.841	0.708	0.869	1.05	1.38	2.77	2.65	3.34	4.76	5.71	5.41	6.08	6.47	8.55	9.24	10	10.6	12.4	23.1	25.8	31.3	37.3	36.6	33	36	42.2	38.4	34.8	28.4	18.9	19.3	19.1	17.5	13.2	8.43	8.34	9.93	12.4	18	16.2	14.2	15.4	13.1	13.9	14	12.6	7.72	5.58	5.03	2.31	4.9	11.7	16.3	13.3	16.6	7.4	6.02	11	17.7	17.3	14.6	20.5	31.2	38.7	35.1	39.9	57.6	60.8	58	53.2	48.6	56.4	64.8	54.7	52	63	68.3	77.6	73	67.6	75.7	78.9	79	74.5	72.6	77.9	72.9	81.2	97	124	136	140	124	130	122	133	118	136	123	111	107	98.2	87.4	79.3	70.7	54.7	41.1	30.7	25.7	25.9	19.5	19.9	18.6	17.5	15.3	16.1	19.2	18.9
0.315	0.424	1.92	1.93	0.665	0.991	0.785	0.899	1.37	1.89	2.32	4.36	5.19	6.53	6.34	6.39	5.86	6.34	6.58	5.39	5.76	12.3	11.9	25.8	36.3	28.8	27	39.8	33.8	31.1	25.1	19.6	23.4	22.7	26.6	20.8	16.3	12.3	12.5	17.7	20.6	25.4	18.5	23.2	23.6	22.2	20.3	19.8	13.2	7.13	7.1	4.04	4.01	15.4	16.8	7.59	14.9	13.4	6.42	11.4	17.8	13.4	11.3	20.6	24.8	30.6	33.3	45.3	60.3	56.8	58.6	45.9	48.1	51.1	58.8	68	74.7	71.3	64.1	65.8	75.3	68	82.4	86.7	72.6	62.8	73	84.3	90.9	83.3	98.6	143	136	148	138	126	133	122	116	138	135	139	105	95.7	93.7	80.9	66.4	52.4	44.7	38.3	33	32	26.1	23.2	21.1	18.3	21.6	21.7	21.7	24.9
0.624	1.21	0.971	0.745	1.05	2.31	0.665	0.639	0.651	1.18	1.83	3.22	3.86	4.42	4.72	5.43	4.22	4.28	4.31	3.36	3.54	3.99	7.48	20.8	25.6	22.2	22.4	30.2	32.7	34.9	29.8	27.3	25.4	24	23.6	24.6	17.3	14.7	13.5	16.5	17.8	19.4	20.6	22.1	26	24.3	19.4	15.1	15.6	10.6	6.64	5.22	6.45	12.7	22.3	11.6	8.67	6.95	12.5	13.1	15.1	9.13	8.72	18	21	25.4	34.1	31.9	33.3	43.3	54.7	51.9	52.8	47	57.7	103	91.9	81.8	74.5	83.1	93.7	92.4	96.1	94.9	86.2	74.2	71.7	84.2	94.4	82.7	95	122	121	116	121	122	124	122	121	117	116	112	108	109	98	81	73.7	56	48.5	43.8	46.1	44.6	32.8	28.9	24.8	25	25.9	23.4	25.9	30.6
0.205	1.25	1.86	0.325	0.325	0.413	1.44	0.628	0.433	0.658	1.05	2.37	2.97	3.38	3.49	2.97	2.79	3.24	2.93	2.33	2.26	2.6	5.34	14.2	11.2	14.5	14.5	22.2	29.8	32.8	32.9	33.6	30.2	29.5	27.4	24.4	21.8	19.3	17.1	17.4	18.9	22.5	26	24.4	25.2	24.4	20.1	12.8	11.5	8.07	7.58	6.36	9.12	12.9	9.47	9.48	5.91	6.29	9.02	14.3	9.3	10.2	10.6	15.8	16.8	20.8	26.9	28.1	26.4	37.5	52.8	48.2	42.9	45	51.9	88.1	81.4	74.3	64.3	74.8	87.3	97.9	94.8	102	89.7	83	94.9	89.8	89.1	93.9	109	128	109	95.4	104	105	115	103	97.5	105	117	120	115	111	95	84	71.8	63.3	58.6	52.7	62.6	46.8	37.2	36.7	39.6	44.6	27.3	26.5	31.5	30
0.154	4.59	1.73	0.675	0.325	0.404	0.518	0.535	0.474	0.45	0.79	1.77	2.33	2.66	2.7	2.27	2.66	2.68	2.44	1.72	2.12	2.62	3.48	6.5	7.97	24.6	9.73	15.1	20.1	22	29.9	39.4	44.4	45.1	36.3	28.8	25.4	20.6	21.3	19.3	20.3	21.3	21.9	22.1	21.2	19.8	19.7	11.8	9.52	8.67	15.2	10.7	17.6	18.1	17.1	8.24	9.22	15	9.55	15.1	10.1	11.5	14.8	17.4	19.5	23.5	30.9	28.2	28	37.1	63.2	50.9	47.4	46.4	54.9	60	61.3	49.4	61.2	75.2	91.1	99.8	100	108	103	94	88.8	94.6	91.8	109	108	127	108	96	90.6	100	102	94.3	99.6	113	131	133	133	115	104	86.1	74.2	74.5	65.3	49.9	50.3	50.5	40.6	41.5	45.8	45.7	35	30.1	29.4	32.3
0	0.06	4.59	2.92	0.417	0.524	0.362	0.401	0.344	0.626	0.697	1.05	1.4	1.58	1.65	1.26	1.58	1.5	1.27	2.55	2.05	2.86	3.4	4.62	5.84	7.92	7.78	11.8	13.2	17.4	18.2	30.5	48.8	53.1	45.7	42.7	30.2	30.2	27.5	25.6	26.9	23.9	27.4	27.3	27.4	19.4	18.5	15.6	16.8	14.7	14.9	15.6	20	30.5	29	16.4	11.3	12.5	15.9	13.6	13.5	19.7	20.1	20.5	24.2	25.9	32.8	30.6	40.2	53.2	64.3	76.5	89.4	58.2	59.7	48	55.1	84	66.9	74.7	73.7	104	100	111	109	102	131	111	119	114	121	122	110	106	95	89.8	93.2	93.4	103	115	136	118	124	117	98.8	86.3	86.8	87.2	87.8	62.7	53.4	59.1	51.4	39.2	42.4	50.4	30.9	27	24.5	29.2
0	0	1.38	0.608	1.34	0.212	0.684	0.394	0.385	0.49	0.582	0.688	0.811	0.907	0.888	0.658	0.818	0.924	2.49	2.91	1.88	2.94	3.42	3.77	4.14	5.12	6.49	9.19	11.2	12.8	14.8	20.1	33.9	40.5	45.1	56.1	35.7	31.6	30.1	31.7	29.9	27.9	28.9	32	30.2	27.6	21.1	16.2	18	20.4	22.4	15	20	20.6	25.1	12.8	10.5	11.1	13.6	17.7	15.4	19.4	25.2	21.6	25.4	27.2	32.4	34.8	45.3	41.6	52.9	51.4	64.7	48.7	45.8	52.2	83.1	103	125	84.3	82.4	81.8	90	90.8	99.9	92.8	119	127	102	105	111	126	121	125	117	98	90.2	92	117	130	136	109	135	128	110	109	113	104	95.5	69.3	59.6	62.1	56.3	45.2	46.7	40.2	41.9	40.9	29.6	33.8
0.03	0	0.09	0.285	0.153	0.521	1.07	0.414	0.301	0.244	0.408	0.727	0.521	0.522	0.494	0.475	0.635	0.663	2.51	1.92	1.42	1.64	3	5.25	3.75	4.67	5.91	9.36	10.1	11.4	11.9	14.7	22	22.8	36.9	59.7	56.6	43.6	32.8	31.5	24	23.5	25.8	25.3	24.2	22.5	19.2	14.9	14.9	18.4	18.5	14.2	18.8	16.7	16.6	11.6	11.8	11.6	13	14	18.3	23.7	25.6	26.7	27.6	30.2	36	37.7	46.2	38.3	52.9	33.9	52.8	50.9	49.3	64.3	73.4	126	142	148	109	119	119	126	107	94.4	107	147	99.2	110	89.8	99.8	117	127	99.9	97	95.7	101	110	124	114	106	114	124	121	132	116	98.5	86.7	65	57.7	59.3	73.7	60.9	52.5	47.5	39.5	40.1	31.7	32.8
0.03	0.75	0.21	0.284	0.179	0.382	0.741	1.02	0.249	0.453	0.515	0.488	0.47	0.442	0.4	0.256	0.685	0.754	0.657	1.35	1.28	1.76	2.18	3.02	4.56	5	5.47	9.25	10	10.5	10.6	14.1	20.7	19.1	20.8	30.7	32.6	36.2	25.5	22.4	20.7	20.3	21.4	22.4	20.1	17.5	16.7	13.6	13	12.3	13.9	12.1	14.9	25.5	18.5	15	12.1	11.1	14.8	18.9	20.1	29.4	31.6	31.8	32.6	36	39.2	40.7	46.1	43.8	40.2	23.9	42.8	53.6	78.6	80.4	92.2	112	104	125	134	143	110	111	118	108	117	103	102	109	120	112	151	172	125	103	101	97.5	107	121	105	107	122	119	126	116	115	106	85.7	64.5	51.4	51.2	62.6	61.1	58.2	50.5	44.4	33	35.5	36.4
